2 0.220313 0.132407 0.0552083 0.0592593 0.00109195
1 0.810677 0.329167 0.0182292 0.0916667 0.00113064
9 0.415885 0.0101852 0.0161458 0.0203704 0.00113318
2 0.530729 0.112963 0.0125 0.0425926 0.00116324
2 0.292448 0.106481 0.101562 0.1 0.0012194
0 0.816927 0.234259 0.00885417 0.0388889 0.00124309
7 0.220833 0.0731481 0.05 0.0555556 0.00128366
1 0.0111979 0.366667 0.0223958 0.0462963 0.00132453
2 0.199219 0.243981 0.0213542 0.012037 0.00132807
0 0.707812 0.373148 0.0197917 0.0277778 0.00133296
0 0.717188 0.372222 0.0239583 0.0277778 0.00138078
9 0.278125 0.0467593 0.034375 0.087963 0.00138115
9 0.429688 0.0439815 0.00833333 0.0324074 0.00147044
10 0.195052 0.294907 0.0348958 0.113889 0.00156152
2 0.423958 0.116667 0.291667 0.0851852 0.00162356
2 0.640625 0.151852 0.01875 0.062963 0.00166368
9 0.5 0.602778 0.0145833 0.0407407 0.00166529
9 0.458073 0.0648148 0.00885417 0.0259259 0.00166834
9 0.259115 0.074537 0.0130208 0.0490741 0.00168124
13 0.9625 0.553704 0.0395833 0.0407407 0.00170879
2 0.77474 0.124074 0.0192708 0.0444444 0.00171192
9 0.23724 0.0680556 0.0161458 0.0453704 0.00184489
2 0.34401 0.107407 0.00989583 0.0462963 0.00189188
2 0.657031 0.151389 0.0526042 0.0583333 0.0019346
2 0.490104 0.109259 0.0177083 0.0555556 0.00195312
9 0.757812 0.0731481 0.0114583 0.0388889 0.00198696
2 0.281771 0.087963 0.00833333 0.0296296 0.0021559
0 0.75599 0.0898148 0.0140625 0.0722222 0.00216478
13 0.00364583 0.40463 0.00729167 0.0962963 0.00228998
13 0.970312 0.565741 0.05625 0.0740741 0.00240895
13 0.99349 0.518056 0.0119792 0.169444 0.00248938
2 0.814323 0.0759259 0.0171875 0.0166667 0.00250141
1 0.00520833 0.367593 0.0104167 0.0648148 0.00271306
9 0.266667 0.0976852 0.009375 0.0527778 0.00281989
2 0.592969 0.125463 0.0182292 0.025 0.0028298
2 0.00390625 0.409722 0.0078125 0.087963 0.00298252
12 0.976562 0.495833 0.0416667 0.125 0.00300367
2 0.269531 0.104167 0.0119792 0.0490741 0.0030943
1 0.00416667 0.396296 0.00833333 0.112963 0.00327771
12 0.690104 0.166204 0.0114583 0.037963 0.00336383
9 0.217708 0.104167 0.00833333 0.0398148 0.00398297
2 0.286458 0.116667 0.0145833 0.0666667 0.00428463
2 0.352865 0.113889 0.105729 0.0759259 0.00433199
9 0.573958 0.0314815 0.015625 0.0611111 0.00453953
9 0.213021 0.0560185 0.0333333 0.0564815 0.00486793
13 0.970833 0.518519 0.0572917 0.174074 0.00493333
2 0.442708 0.0865741 0.0145833 0.0268519 0.00644015
2 0.363281 0.0671296 0.0130208 0.0268519 0.0067815
9 0.291667 0.0689815 0.0114583 0.0194444 0.00750259
9 0.502604 0.759259 0.0125 0.0574074 0.00808408
12 0.994792 0.488426 0.009375 0.123148 0.00809216
2 0.340885 0.0912037 0.0130208 0.0324074 0.00813208
2 0.294271 0.119444 0.0229167 0.0611111 0.00850494
9 0.442187 0.087037 0.0125 0.0277778 0.00854359
0 0.286458 0.112963 0.0145833 0.0722222 0.00928987
2 0.238542 0.139815 0.01875 0.0425926 0.0105064
2 0.301042 0.106481 0.0375 0.0759259 0.0120791
2 0.785156 0.0898148 0.0130208 0.0240741 0.0123726
9 0.293229 0.0532407 0.009375 0.0453704 0.0128419
11 0.60599 0.0592593 0.00989583 0.0259259 0.013066
11 0.23724 0.0666667 0.0161458 0.0388889 0.0132627
9 0.220313 0.0523148 0.01875 0.0435185 0.0176464
9 0.207292 0.0689815 0.01875 0.0416667 0.0187313
2 0.635417 0.146759 0.0104167 0.0546296 0.0207465
9 0.21875 0.0893519 0.00729167 0.0138889 0.0293748
9 0.567187 0.0486111 0.00833333 0.025 0.0344407
2 0.442708 0.114352 0.0166667 0.0268519 0.0547534
9 0.222135 0.0601852 0.0119792 0.0351852 0.078121
9 0.269271 0.0361111 0.0208333 0.0666667 0.186376
2 0.321615 0.0861111 0.0380208 0.0333333 0.261512
2 0.508333 0.103704 0.0375 0.062963 0.457667
2 0.627344 0.122222 0.0255208 0.0518519 0.492545
2 0.469792 0.124074 0.0510417 0.0740741 0.682962
2 0.31849 0.121759 0.0515625 0.0712963 0.708606
2 0.367969 0.106481 0.0369792 0.0537037 0.782793
11 0.728906 0.0435185 0.0276042 0.0555556 0.785663
10 0.204167 0.315741 0.015625 0.0703704 0.821876
2 0.729688 0.419907 0.122917 0.171296 0.893166
