2 0.505469 0.159722 0.500521 0.180556 0.00100961
11 0.240104 0.0398148 0.0229167 0.0759259 0.00102915
9 0.275 0.037037 0.0333333 0.0685185 0.00106378
2 0.0046875 0.441667 0.009375 0.140741 0.00108511
13 0.969271 0.569907 0.0552083 0.0694444 0.00114735
9 0.416146 0.0106481 0.0166667 0.0212963 0.00120252
12 0.702604 0.240278 0.021875 0.193519 0.00120531
9 0.50026 0.60463 0.0161458 0.0425926 0.00125064
7 0.220573 0.0717593 0.0515625 0.0546296 0.00134035
0 0.578385 0.883796 0.0494792 0.0694444 0.00137718
2 0.961458 0.556944 0.0385417 0.0416667 0.00138499
2 0.639323 0.128241 0.0505208 0.0638889 0.00147193
0 0.647917 0.889352 0.0552083 0.0675926 0.00152954
1 0.0114583 0.386574 0.0229167 0.0898148 0.00153481
0 0.36224 0.0763889 0.00989583 0.037963 0.00162494
2 0.0158854 0.128241 0.0255208 0.0231481 0.00166682
9 0.578385 0.0333333 0.0151042 0.0611111 0.001692
9 0.547656 0.0597222 0.00989583 0.0231481 0.0017124
0 0.757812 0.127778 0.0135417 0.0388889 0.00178489
2 0.297656 0.107407 0.0890625 0.0925926 0.00183174
1 0.0471354 0.159722 0.0682292 0.0768519 0.00183747
0 0.756771 0.375 0.0197917 0.0314815 0.00186545
2 0.329167 0.105556 0.03125 0.0462963 0.00188445
9 0.258854 0.0685185 0.0114583 0.0425926 0.00191316
0 0.727083 0.372222 0.0354167 0.0314815 0.00191321
9 0.583073 0.0439815 0.0130208 0.0398148 0.00192038
2 0.784375 0.10787 0.0395833 0.0527778 0.00199969
2 0.448177 0.109722 0.0401042 0.0453704 0.00200023
12 0.702865 0.136111 0.0234375 0.0759259 0.00211386
9 0.291927 0.0569444 0.00885417 0.037963 0.00216707
9 0.538802 0.79213 0.0130208 0.0435185 0.00220876
9 0.572135 0.0319444 0.0130208 0.0601852 0.00231594
2 0.788542 0.0837963 0.0177083 0.0231481 0.00237523
9 0.252865 0.087037 0.0130208 0.0314815 0.002464
9 0.266667 0.0990741 0.0104167 0.0537037 0.00254783
12 0.703125 0.164352 0.0239583 0.0398148 0.00263189
9 0.26276 0.0861111 0.0078125 0.0314815 0.00267166
2 0.282292 0.0893519 0.00729167 0.025 0.00267404
2 0.292969 0.0717593 0.0109375 0.0157407 0.00270846
2 0.776302 0.110185 0.0234375 0.0351852 0.00281126
2 0.407292 0.110185 0.278125 0.0722222 0.00281961
2 0.814583 0.075 0.0177083 0.0203704 0.0029189
7 0.79375 0.0638889 0.0354167 0.0574074 0.00295575
2 0.64974 0.149537 0.0390625 0.062037 0.00297106
2 0.771354 0.116204 0.0145833 0.0342593 0.00324967
12 0.69401 0.163889 0.00677083 0.0388889 0.00395477
2 0.569792 0.112037 0.242708 0.0648148 0.0040479
2 0.442708 0.087963 0.0145833 0.0259259 0.0041316
9 0.235417 0.0657407 0.01875 0.0388889 0.00416104
0 0.605729 0.885185 0.0583333 0.0703704 0.00430283
11 0.238021 0.0689815 0.015625 0.0416667 0.00434763
9 0.26849 0.0569444 0.0161458 0.0305556 0.00468958
1 0.00833333 0.410648 0.0166667 0.0916667 0.00513119
7 0.985937 0.521759 0.0270833 0.180556 0.00542358
0 0.553906 0.884259 0.0536458 0.0722222 0.005438
9 0.26901 0.0425926 0.0203125 0.0481481 0.00545007
2 0.414062 0.122685 0.0177083 0.0212963 0.00610693
2 0.299479 0.0875 0.028125 0.0453704 0.00661549
2 0.238542 0.143056 0.01875 0.037963 0.00774333
19 0.442969 0.0884259 0.0140625 0.0268519 0.00785738
0 0.715104 0.372685 0.025 0.0287037 0.00863685
0 0.626562 0.886574 0.0541667 0.0675926 0.0087437
9 0.502604 0.760185 0.0104167 0.0537037 0.0102755
7 0.993229 0.518981 0.0125 0.173148 0.0105134
7 0.970312 0.531482 0.0583333 0.205556 0.0130467
2 0.339583 0.0893519 0.0125 0.0305556 0.0135381
2 0.00494792 0.559259 0.00989583 0.0444444 0.0135389
2 0.786458 0.0912037 0.0166667 0.0212963 0.0141537
2 0.270833 0.112037 0.0125 0.0351852 0.0172019
9 0.992448 0.511574 0.0140625 0.156481 0.0175324
11 0.60651 0.0611111 0.0109375 0.0259259 0.0205263
2 0.635417 0.147222 0.0114583 0.0574074 0.0247966
2 0.593229 0.125926 0.0177083 0.0240741 0.0268662
2 0.294271 0.106481 0.0291667 0.0777778 0.0270402
0 0.757552 0.0810185 0.0119792 0.0564815 0.0338862
9 0.207292 0.0680556 0.021875 0.0435185 0.0347493
0 0.635677 0.148611 0.00989583 0.0509259 0.0404137
9 0.567448 0.0490741 0.00885417 0.0240741 0.0435191
1 0.00390625 0.412963 0.0078125 0.0833333 0.0443404
7 0.297396 0.105556 0.0333333 0.0796296 0.0476472
2 0.46276 0.111574 0.0151042 0.0416667 0.0631187
2 0.322135 0.0884259 0.0369792 0.0342593 0.287609
2 0.627865 0.122685 0.0255208 0.0509259 0.429364
2 0.473177 0.109722 0.0338542 0.0453704 0.463547
2 0.50599 0.105093 0.0432292 0.0638889 0.540469
11 0.729427 0.0425926 0.0265625 0.0537037 0.759854
10 0.204167 0.316204 0.0166667 0.0694444 0.80317
2 0.31875 0.122222 0.05 0.0722222 0.804007
2 0.397917 0.176852 0.065625 0.0833333 0.855349
2 0.594792 0.881944 0.236458 0.232407 0.893973
2 0.730208 0.419444 0.122917 0.172222 0.918593
