2 0.363542 0.0671296 0.0114583 0.0212963 0.00102084
2 0.0716146 0.050463 0.0151042 0.0231481 0.00107926
1 0.802083 0.319907 0.0302083 0.0861111 0.00110681
2 0.649219 0.148611 0.0369792 0.0583333 0.00114129
13 0.961458 0.553241 0.0385417 0.0398148 0.00122056
0 0.817187 0.234722 0.00833333 0.0398148 0.00124622
2 0.297917 0.132407 0.0208333 0.0537037 0.00125718
12 0.694271 0.162963 0.00729167 0.0388889 0.00131746
2 0.604948 0.424537 0.460938 0.175 0.00132106
9 0.415625 0.00972222 0.015625 0.0194444 0.0013406
13 0.98776 0.519907 0.0234375 0.176852 0.00140027
2 0.361719 0.0814815 0.00989583 0.037037 0.00141601
9 0.21901 0.101389 0.00989583 0.0398148 0.00147007
12 0.817187 0.234259 0.00833333 0.0388889 0.00147692
0 0.715885 0.371296 0.0234375 0.0277778 0.00151585
2 0.0671875 0.0583333 0.025 0.0314815 0.00152597
9 0.105208 0.0282407 0.0114583 0.037963 0.00153162
9 0.258073 0.0759259 0.0151042 0.0481481 0.0015458
9 0.29349 0.0564815 0.00989583 0.0407407 0.0015699
12 0.702083 0.129167 0.0229167 0.0675926 0.00165011
9 0.116146 0.0240741 0.015625 0.037037 0.00172621
2 0.263021 0.106944 0.00833333 0.0435185 0.00177896
12 0.995313 0.534722 0.00833333 0.0546296 0.00179733
12 0.978385 0.499537 0.0380208 0.132407 0.00180297
2 0.513542 0.110648 0.354167 0.0731481 0.00223286
0 0.0539063 0.117593 0.00989583 0.0518519 0.00238099
9 0.252865 0.0875 0.0140625 0.0342593 0.0024181
9 0.428646 0.0319444 0.0104167 0.0324074 0.0024399
9 0.266927 0.0962963 0.00989583 0.0481481 0.0026044
9 0.23724 0.0680556 0.0151042 0.0453704 0.00262376
12 0.701823 0.164352 0.0203125 0.037963 0.00269172
2 0.442708 0.087963 0.0135417 0.0277778 0.00298777
2 0.404167 0.111111 0.245833 0.0648148 0.00334512
2 0.307813 0.099537 0.0479167 0.0694444 0.00354536
9 0.292969 0.0708333 0.0109375 0.0157407 0.0036396
9 0.458073 0.0643518 0.00677083 0.0305556 0.00390375
2 0.00833333 0.395833 0.0166667 0.119444 0.00391788
9 0.214583 0.0685185 0.0385417 0.05 0.00426639
0 0.442708 0.0986111 0.0166667 0.0509259 0.00436742
9 0.583594 0.0342593 0.0140625 0.0611111 0.00438208
0 0.757031 0.0833333 0.0140625 0.0685185 0.00474315
2 0.238542 0.139815 0.01875 0.0425926 0.00476255
1 0.811198 0.331481 0.0182292 0.0962963 0.00494178
9 0.263281 0.0875 0.00885417 0.0342593 0.00551913
9 0.571354 0.0314815 0.0135417 0.0592593 0.00611852
9 0.442708 0.0875 0.0135417 0.0268519 0.00691677
2 0.592448 0.127778 0.0171875 0.0222222 0.00705517
2 0.60625 0.0597222 0.0104167 0.025 0.00750722
2 0.785677 0.0893519 0.0151042 0.0231481 0.00931547
12 0.994792 0.500926 0.009375 0.144444 0.00944058
11 0.23724 0.0648148 0.0161458 0.0351852 0.0111182
2 0.00390625 0.398611 0.0078125 0.106481 0.0136456
2 0.635417 0.147685 0.0104167 0.0564815 0.0161109
9 0.207031 0.0675926 0.0182292 0.0407407 0.0194222
0 0.635417 0.149074 0.009375 0.0518519 0.0212196
9 0.219792 0.0898148 0.009375 0.0185185 0.0219147
7 0.317448 0.101852 0.0515625 0.0666667 0.0254661
2 0.271875 0.1125 0.0145833 0.0324074 0.0367639
2 0.48724 0.10787 0.0140625 0.0490741 0.0423253
2 0.292969 0.108796 0.0286458 0.0824074 0.0424173
9 0.26849 0.0347222 0.0213542 0.0657407 0.046661
9 0.502604 0.759259 0.0125 0.0537037 0.0496901
9 0.567448 0.0481481 0.0078125 0.0240741 0.0626838
7 0.296875 0.108333 0.0385417 0.0833333 0.088096
9 0.222396 0.0574074 0.0114583 0.0314815 0.112194
2 0.464844 0.111574 0.0171875 0.0398148 0.145207
2 0.321875 0.0851852 0.0395833 0.0296296 0.179648
2 0.480208 0.109259 0.0208333 0.0444444 0.219804
2 0.627083 0.122685 0.0260417 0.0527778 0.379659
2 0.50625 0.103704 0.0427083 0.062963 0.511494
2 0.31875 0.121296 0.0510417 0.0722222 0.662856
2 0.351562 0.113426 0.0208333 0.0361111 0.709044
10 0.203906 0.316204 0.0161458 0.0712963 0.739343
11 0.729167 0.0435185 0.0270833 0.0574074 0.770529
2 0.520833 0.252315 0.0864583 0.119444 0.875443
2 0.729688 0.42037 0.122917 0.17037 0.913092
