0 0.756771 0.374074 0.0208333 0.0314815 0.00100369
0 0.26276 0.101852 0.00885417 0.0537037 0.00104012
9 0.109896 0.0277778 0.0135417 0.0388889 0.00105421
9 0.458594 0.0652778 0.0078125 0.0324074 0.00106046
32 0.454167 0.315741 0.00833333 0.0148148 0.00106224
0 0.730208 0.371759 0.025 0.0305556 0.00106662
2 0.53125 0.112963 0.0135417 0.0425926 0.00107396
13 0.961198 0.555556 0.0380208 0.0425926 0.00109423
13 0.970312 0.571296 0.0572917 0.0740741 0.00127325
9 0.688542 0.168981 0.0145833 0.0342593 0.00135329
9 0.547917 0.0518519 0.0104167 0.0259259 0.00135804
2 0.442969 0.0888889 0.0140625 0.0296296 0.00140707
2 0.688281 0.169907 0.0161458 0.0342593 0.00142014
0 0.748438 0.131481 0.0166667 0.0574074 0.00142174
7 0.507031 0.10463 0.0411458 0.062963 0.00150239
2 0.296615 0.103241 0.0838542 0.0972222 0.00153981
0 0.755208 0.131019 0.0177083 0.0509259 0.00154535
7 0.990365 0.519444 0.0182292 0.183333 0.00162154
11 0.240365 0.0398148 0.0213542 0.0759259 0.00178814
2 0.58151 0.106481 0.315104 0.0666667 0.00200806
12 0.690104 0.166204 0.0135417 0.0398148 0.00202533
9 0.588542 0.037963 0.0145833 0.0518519 0.00207179
9 0.291667 0.0560185 0.009375 0.0435185 0.00209264
2 0.779427 0.106019 0.0296875 0.0509259 0.00210511
7 0.970573 0.526852 0.0578125 0.196296 0.0022583
2 0.404687 0.107407 0.288542 0.0796296 0.00229637
13 0.971094 0.522222 0.0567708 0.183333 0.00229881
9 0.995052 0.537037 0.00885417 0.0462963 0.00245757
58 0.920313 0.183333 0.159375 0.362963 0.00252165
2 0.65625 0.138889 0.0802083 0.087037 0.00264027
0 0.443229 0.0981481 0.01875 0.05 0.00277952
2 0.363542 0.0694444 0.0125 0.0222222 0.00286422
0 0.552865 0.303704 0.0171875 0.0462963 0.00318533
1 0.00416667 0.381944 0.00833333 0.0509259 0.00322738
1 0.0122396 0.369444 0.0244792 0.0481481 0.00340721
11 0.23724 0.0694444 0.0171875 0.0444444 0.0034393
12 0.994271 0.518519 0.0104167 0.17037 0.00349777
2 0.813281 0.074537 0.0151042 0.0194444 0.00358997
9 0.235677 0.0666667 0.0192708 0.0425926 0.00371803
2 0.99375 0.516667 0.0114583 0.172222 0.00391995
9 0.416406 0.0101852 0.0171875 0.0203704 0.00392822
9 0.3625 0.0703704 0.009375 0.0222222 0.00418362
9 0.502604 0.760185 0.0125 0.0537037 0.00446231
2 0.238802 0.141667 0.0192708 0.0407407 0.00483685
9 0.442969 0.0884259 0.0140625 0.0305556 0.00498083
2 0.539844 0.382407 0.523438 0.203704 0.00523022
5 0.220833 0.0680556 0.0510417 0.0583333 0.00542049
9 0.264583 0.0851852 0.0114583 0.0314815 0.00546094
9 0.56875 0.0324074 0.0114583 0.0574074 0.00607193
0 0.715885 0.372685 0.0223958 0.0268519 0.00608017
46 0.48151 0.490278 0.0119792 0.0287037 0.0061909
9 0.266667 0.099537 0.0114583 0.0546296 0.0062071
0 0.75599 0.0819444 0.0119792 0.0583333 0.00630768
9 0.578906 0.0337963 0.0171875 0.062037 0.00646164
9 0.25651 0.0736111 0.00885417 0.0472222 0.00648307
9 0.252604 0.0865741 0.0125 0.0324074 0.00668611
0 0.56224 0.317593 0.0421875 0.0351852 0.00708007
1 0.00442708 0.409722 0.00885417 0.0861111 0.00725378
7 0.219792 0.0680556 0.0510417 0.0601852 0.00769989
9 0.219792 0.0666667 0.046875 0.0518519 0.00790229
2 0.592969 0.125926 0.0171875 0.0259259 0.00794669
0 0.355469 0.339815 0.0369792 0.0314815 0.00860856
2 0.270833 0.10787 0.0135417 0.0416667 0.0086551
1 0.0138021 0.396759 0.0276042 0.108333 0.0106251
9 0.992448 0.501389 0.0140625 0.141667 0.0125854
9 0.584115 0.0430556 0.0109375 0.0398148 0.0127622
2 0.635156 0.145833 0.0109375 0.0527778 0.0150881
0 0.53099 0.317593 0.0265625 0.0314815 0.0195514
9 0.208073 0.0675926 0.0223958 0.0425926 0.0206613
2 0.60651 0.0611111 0.00989583 0.0240741 0.0214313
0 0.635677 0.147222 0.00989583 0.05 0.0222065
0 0.38125 0.341204 0.03125 0.0305556 0.0266998
2 0.786458 0.0902778 0.0166667 0.0212963 0.0288046
2 0.46276 0.1125 0.0151042 0.0398148 0.0601828
2 0.295312 0.107407 0.03125 0.0814815 0.0695757
9 0.567187 0.0481481 0.00833333 0.0240741 0.0807675
7 0.298438 0.106944 0.0385417 0.0824074 0.0932957
9 0.269271 0.0356481 0.0208333 0.0675926 0.24552
2 0.322135 0.0875 0.0390625 0.0361111 0.300022
2 0.627604 0.121759 0.025 0.0509259 0.441237
2 0.474219 0.109259 0.0359375 0.0462963 0.465183
2 0.50651 0.10463 0.0421875 0.062963 0.503339
10 0.203646 0.315741 0.0166667 0.0703704 0.666728
11 0.729167 0.0425926 0.0270833 0.0555556 0.725839
2 0.31849 0.121759 0.0505208 0.0712963 0.729457
2 0.55026 0.3625 0.124479 0.180556 0.917562
2 0.729948 0.420833 0.122396 0.171296 0.918043
2 0.36901 0.376852 0.115104 0.159259 0.923425
