9 0.415885 0.0106481 0.0161458 0.0212963 0.00103538
12 0.702344 0.159722 0.0223958 0.0453704 0.00105016
2 0.532552 0.101852 0.0161458 0.0388889 0.00118909
11 0.728385 0.00787037 0.0276042 0.0157407 0.00119211
0 0.75625 0.0981481 0.0135417 0.0722222 0.00123124
9 0.555469 0.05 0.0140625 0.0259259 0.00131534
9 0.259896 0.050463 0.0114583 0.0453704 0.00133722
2 0.601823 0.422222 0.634896 0.17963 0.00134256
2 0.639323 0.129167 0.0505208 0.0638889 0.00134364
2 0.0333333 0.0643518 0.0197917 0.0212963 0.00135913
11 0.221094 0.0643518 0.0515625 0.0675926 0.001386
12 0.985417 0.501852 0.028125 0.137037 0.00141784
11 0.240365 0.0314815 0.0213542 0.0592593 0.00150922
12 0.817448 0.236111 0.00885417 0.0388889 0.0015472
9 0.576563 0.0310185 0.0135417 0.0583333 0.00165071
7 0.986198 0.521296 0.0265625 0.192593 0.00166612
0 0.26276 0.106019 0.00989583 0.0509259 0.00168004
2 0.58776 0.124537 0.00989583 0.025 0.00169184
1 0.811458 0.33287 0.01875 0.0916667 0.00186751
7 0.970312 0.531944 0.0583333 0.217593 0.00188177
2 0.777865 0.10787 0.0255208 0.0453704 0.00196542
2 0.771615 0.113889 0.0140625 0.0296296 0.00197942
2 0.488281 0.113426 0.393229 0.0898148 0.00201878
9 0.991406 0.50787 0.0161458 0.152778 0.00214452
9 0.266146 0.0972222 0.0104167 0.0518519 0.0021819
2 0.21875 0.137037 0.0583333 0.0518519 0.00220928
9 0.253385 0.0861111 0.0130208 0.0351852 0.00228339
0 0.757552 0.373611 0.0182292 0.0287037 0.00229515
9 0.757031 0.075463 0.0109375 0.0398148 0.00243478
0 0.716146 0.372685 0.025 0.0268519 0.00243589
9 0.258333 0.0736111 0.0114583 0.0472222 0.00244171
9 0.21901 0.0851852 0.0130208 0.0185185 0.00245039
9 0.26276 0.0847222 0.0078125 0.0324074 0.00250459
9 0.548177 0.0509259 0.0119792 0.0277778 0.00253196
9 0.273177 0.0398148 0.0307292 0.0759259 0.00256386
9 0.208594 0.0671296 0.0255208 0.0453704 0.00279137
0 0.995833 0.32963 0.00729167 0.0518519 0.00311267
2 0.592969 0.125 0.0171875 0.0259259 0.0031191
2 0.238802 0.108333 0.0171875 0.0388889 0.00320801
9 0.114844 0.0240741 0.0192708 0.0425926 0.00321984
12 0.75599 0.0898148 0.0119792 0.0685185 0.00355971
9 0.50026 0.602778 0.0151042 0.0388889 0.00383257
9 0.817448 0.237037 0.00885417 0.037037 0.00392348
9 0.26875 0.0587963 0.0166667 0.0287037 0.00440866
2 0.479948 0.0986111 0.0265625 0.0527778 0.00553324
11 0.2375 0.0685185 0.0166667 0.0425926 0.00561498
9 0.217969 0.0574074 0.0244792 0.0537037 0.00695632
9 0.570052 0.0314815 0.0119792 0.0592593 0.00701272
1 0.0213542 0.391667 0.0427083 0.12037 0.00743699
5 0.219792 0.062963 0.0479167 0.0592593 0.00746656
12 0.99375 0.501389 0.0114583 0.139815 0.00802234
2 0.0257812 0.368056 0.0515625 0.0564815 0.00803157
2 0.271354 0.109722 0.0135417 0.037963 0.00829034
2 0.65 0.149537 0.0385417 0.0564815 0.0085786
9 0.502344 0.760185 0.0119792 0.0518519 0.0102628
2 0.465885 0.0888889 0.0453125 0.0333333 0.0109568
2 0.791146 0.0888889 0.0239583 0.0240741 0.0113401
2 0.00807292 0.371759 0.0161458 0.0564815 0.0115119
9 0.269792 0.0217593 0.01875 0.0342593 0.0153007
2 0.339583 0.0888889 0.0125 0.0314815 0.0161469
2 0.363542 0.0689815 0.0114583 0.0212963 0.0163746
2 0.238542 0.141667 0.01875 0.0425926 0.0164917
2 0.785417 0.0907407 0.0135417 0.0222222 0.0166887
7 0.220313 0.0634259 0.0510417 0.0768519 0.0187177
0 0.402604 0.0587963 0.00833333 0.0324074 0.0196902
11 0.60651 0.0597222 0.00989583 0.025 0.0214802
1 0.009375 0.397685 0.01875 0.110185 0.0216111
0 0.635417 0.148148 0.009375 0.05 0.0226793
2 0.635156 0.14537 0.0109375 0.0518519 0.0297189
1 0.00442708 0.405556 0.00885417 0.0944444 0.0386341
9 0.567448 0.0481481 0.0078125 0.0240741 0.0419286
2 0.441927 0.0842593 0.0161458 0.0296296 0.0518515
2 0.299219 0.106481 0.0390625 0.0814815 0.179465
7 0.298958 0.105556 0.0395833 0.0814815 0.180394
2 0.321615 0.0902778 0.0390625 0.0398148 0.255111
2 0.430208 0.0680556 0.040625 0.0268519 0.405572
2 0.627604 0.121296 0.0260417 0.05 0.406558
2 0.508073 0.105093 0.0380208 0.062037 0.66066
10 0.203906 0.316204 0.0161458 0.0712963 0.664625
2 0.318229 0.121296 0.0510417 0.0722222 0.714655
2 0.465625 0.111574 0.0510417 0.0768519 0.721376
11 0.729167 0.0430556 0.0270833 0.0564815 0.789556
2 0.729948 0.418981 0.122396 0.171296 0.913165
