1 0.0239583 0.389815 0.0479167 0.118519 0.00100387
2 0.28724 0.0763889 0.0171875 0.0287037 0.00104415
9 0.49974 0.600926 0.0151042 0.0425926 0.00106022
1 0.810417 0.330093 0.01875 0.0953704 0.00111871
2 0.277344 0.1125 0.0286458 0.0583333 0.0011217
32 0.459896 0.356019 0.0114583 0.0138889 0.00116194
9 0.21875 0.105093 0.00833333 0.037963 0.00118824
0 0.730729 0.373148 0.0260417 0.0296296 0.001199
1 0.629427 0.34213 0.121354 0.0824074 0.00122482
9 0.261719 0.0486111 0.0140625 0.0435185 0.00122693
7 0.220313 0.0902778 0.0552083 0.119444 0.00138253
2 0.657031 0.137963 0.0776042 0.0833333 0.00139522
0 0.817187 0.235185 0.00833333 0.037037 0.00145339
0 0.507552 0.566204 0.624479 0.617593 0.00145804
1 0.263281 0.383333 0.0880208 0.0925926 0.00154943
7 0.147135 0.0907407 0.0692708 0.0814815 0.0015943
12 0.693229 0.163426 0.00729167 0.0416667 0.00167661
9 0.582552 0.0384259 0.0130208 0.0472222 0.00175302
2 0.59375 0.118056 0.0166667 0.0361111 0.00182068
12 0.701563 0.164815 0.01875 0.0388889 0.00211889
58 0.96849 0.493056 0.0307292 0.087963 0.00213737
0 0.433333 0.25 0.4125 0.377778 0.00215169
9 0.292188 0.0537037 0.00833333 0.0425926 0.0024882
0 0.427865 0.368519 0.485938 0.307407 0.00271944
0 0.0533854 0.106481 0.00989583 0.0407407 0.00278704
0 0.205729 0.317593 0.0177083 0.0685185 0.00282804
2 0.374219 0.111111 0.177604 0.0777778 0.00297813
7 0.507292 0.0990741 0.0427083 0.0722222 0.00301598
9 0.439063 0.202778 0.0125 0.0462963 0.00304607
0 0.102344 0.702315 0.0255208 0.0731481 0.00309267
13 0.992448 0.516667 0.0140625 0.172222 0.00310962
2 0.635417 0.150926 0.0114583 0.0611111 0.00317681
2 0.290885 0.0712963 0.0119792 0.0148148 0.00328376
2 0.440885 0.102778 0.0140625 0.0462963 0.00330192
0 0.23125 0.818056 0.0604167 0.0731481 0.00345276
2 0.535156 0.109722 0.164062 0.0638889 0.0035029
2 0.478125 0.109722 0.0864583 0.0583333 0.00359707
11 0.236719 0.0689815 0.0171875 0.0453704 0.00404193
0 0.266406 0.0976852 0.00989583 0.0546296 0.00410597
9 0.992448 0.509722 0.0140625 0.160185 0.00468517
9 0.573958 0.0305556 0.015625 0.0592593 0.00472471
0 0.20026 0.824537 0.0296875 0.0657407 0.00506007
9 0.263281 0.0898148 0.0078125 0.0407407 0.00514428
0 0.715885 0.372222 0.0234375 0.0259259 0.00523399
32 0.453646 0.313889 0.009375 0.0148148 0.00523624
0 0.248177 0.816667 0.0380208 0.0592593 0.00588985
7 0.970833 0.525 0.0572917 0.196296 0.00603699
9 0.502604 0.759722 0.0135417 0.0564815 0.00605601
7 0.220833 0.0675926 0.0489583 0.0537037 0.00621569
2 0.238281 0.140741 0.0182292 0.0425926 0.00627257
13 0.970833 0.520833 0.0572917 0.180556 0.00642445
2 0.411198 0.110648 0.0807292 0.0601852 0.00681467
7 0.788021 0.0634259 0.025 0.0675926 0.00735793
0 0.291927 0.810648 0.0432292 0.0694444 0.00769859
2 0.788021 0.087037 0.0177083 0.0259259 0.00863206
7 0.527865 0.0944444 0.0223958 0.0740741 0.00872785
2 0.288802 0.112963 0.0182292 0.0685185 0.00905028
2 0.386979 0.801852 0.0291667 0.0925926 0.00916009
2 0.269531 0.109722 0.0130208 0.037963 0.00928001
0 0.336458 0.818981 0.025 0.0583333 0.00984793
9 0.26875 0.0347222 0.021875 0.0638889 0.00990055
9 0.213802 0.0666667 0.0359375 0.0518519 0.0108445
0 0.286458 0.1125 0.015625 0.0694444 0.0127689
1 0.0111979 0.365741 0.0223958 0.0462963 0.0132093
9 0.220573 0.0888889 0.00989583 0.0148148 0.0169612
2 0.60599 0.0601852 0.00989583 0.0259259 0.017425
7 0.296875 0.105556 0.0354167 0.0796296 0.0187297
9 0.566667 0.0472222 0.00833333 0.0240741 0.0189268
2 0.295833 0.103241 0.03125 0.0694444 0.0198229
2 0.441406 0.0884259 0.0140625 0.0287037 0.0202448
1 0.00442708 0.409722 0.00885417 0.0787037 0.0207881
2 0.00416667 0.411574 0.00833333 0.0768519 0.0245589
24 0.588802 0.260648 0.0223958 0.0527778 0.025881
0 0.217187 0.822685 0.0333333 0.0601852 0.0261265
0 0.635156 0.15 0.00885417 0.0537037 0.0266765
0 0.75651 0.0888889 0.0140625 0.0814815 0.0426638
3 0.00963542 0.397222 0.0192708 0.103704 0.0493394
0 0.321094 0.813426 0.0536458 0.0694444 0.0541283
2 0.508854 0.0703704 0.028125 0.0203704 0.0671895
1 0.0109375 0.396759 0.021875 0.106481 0.0904853
2 0.321875 0.0847222 0.0375 0.0324074 0.294298
2 0.466667 0.110648 0.0208333 0.0398148 0.304688
2 0.479427 0.110185 0.0213542 0.0425926 0.396646
10 0.203906 0.315278 0.0161458 0.0675926 0.403148
7 0.275521 0.850926 0.266667 0.292593 0.423557
1 0.585417 0.330093 0.0239583 0.0842593 0.424061
2 0.526302 0.074537 0.0234375 0.0342593 0.429532
2 0.50599 0.101852 0.0421875 0.0666667 0.492184
2 0.626823 0.121296 0.0255208 0.05 0.505334
1 0.236458 0.393519 0.03125 0.0722222 0.580329
2 0.318229 0.121296 0.0510417 0.0703704 0.686399
11 0.728906 0.0425926 0.0276042 0.0537037 0.719819
2 0.420052 0.105556 0.0369792 0.0518519 0.741026
0 0.2375 0.344907 0.0385417 0.121296 0.796433
0 0.586979 0.286111 0.034375 0.142593 0.803671
2 0.275521 0.85 0.267708 0.288889 0.804195
2 0.729688 0.420833 0.122917 0.169444 0.908874
