2 0.639844 0.132407 0.0484375 0.062963 0.00101392
2 0.273958 0.114352 0.0208333 0.0527778 0.001026
2 0.97526 0.519907 0.0484375 0.175 0.00104853
7 0.788021 0.0569444 0.0270833 0.0787037 0.001064
9 0.261979 0.0314815 0.0145833 0.0574074 0.00110455
9 0.29349 0.0550926 0.0078125 0.0324074 0.00111784
2 0.658594 0.139352 0.0786458 0.0787037 0.00120987
13 0.00390625 0.392593 0.0078125 0.12037 0.00121611
2 0.60599 0.0606481 0.00989583 0.025 0.00122064
9 0.489062 0.978704 0.015625 0.0425926 0.00131515
9 0.263021 0.0884259 0.00833333 0.0361111 0.00132268
7 0.145573 0.0912037 0.0651042 0.0787037 0.00134008
2 0.576563 0.126389 0.0489583 0.0361111 0.00137371
2 0.21901 0.0930556 0.0536458 0.0805556 0.00138894
1 0.00442708 0.380556 0.00885417 0.135185 0.00146824
9 0.548177 0.0527778 0.0109375 0.0240741 0.00148323
9 0.582552 0.0351852 0.0161458 0.0611111 0.00153814
2 0.741406 0.133333 0.0307292 0.0222222 0.00157714
9 0.416146 0.00972222 0.015625 0.0194444 0.0016216
2 0.781771 0.167593 0.0572917 0.0685185 0.00169323
0 0.816927 0.236111 0.00885417 0.0388889 0.00175959
2 0.748177 0.131944 0.0286458 0.0138889 0.00184498
13 0.96224 0.55463 0.0401042 0.0407407 0.00187227
2 0.783854 0.106944 0.0395833 0.0546296 0.00187581
12 0.695052 0.162037 0.0119792 0.0407407 0.00197317
0 0.267448 0.0990741 0.0109375 0.0537037 0.00198122
2 0.219792 0.133333 0.05625 0.0555556 0.00211803
2 0.291406 0.0703704 0.0151042 0.0148148 0.00214117
2 0.292969 0.105556 0.0932292 0.0944444 0.00224772
9 0.269792 0.0527778 0.01875 0.037037 0.00231431
2 0.340365 0.106944 0.0109375 0.0472222 0.00250773
0 0.263281 0.105556 0.00885417 0.0462963 0.00258888
13 0.992708 0.518056 0.0135417 0.173148 0.00267303
0 0.75599 0.127315 0.0182292 0.0212963 0.00280408
2 0.0078125 0.0902778 0.015625 0.0453704 0.00285716
9 0.573438 0.0314815 0.015625 0.0592593 0.00294536
58 0.96849 0.495833 0.0296875 0.0935185 0.00299352
9 0.499479 0.601389 0.0145833 0.0398148 0.00320665
2 0.58099 0.111111 0.247396 0.0666667 0.00323785
5 0.220052 0.0810185 0.0526042 0.075 0.00324809
11 0.236719 0.0671296 0.0171875 0.0398148 0.0033252
7 0.970833 0.525 0.0572917 0.2 0.00352278
13 0.970573 0.556481 0.0578125 0.114815 0.00352559
9 0.215365 0.0652778 0.0369792 0.0583333 0.00371255
2 0.35651 0.1125 0.128646 0.0768519 0.00386769
7 0.219792 0.0675926 0.0510417 0.0777778 0.00392581
2 0.776302 0.115741 0.0234375 0.0333333 0.00439657
12 0.99375 0.506944 0.0114583 0.15463 0.00472972
2 0.449479 0.111574 0.0302083 0.0305556 0.00482067
7 0.474219 0.0986111 0.0390625 0.062037 0.00556016
2 0.442187 0.0851852 0.0135417 0.0240741 0.00561547
2 0.648958 0.148611 0.0375 0.0601852 0.00575262
2 0.363542 0.0675926 0.0114583 0.0240741 0.00703486
9 0.207813 0.0680556 0.0197917 0.0453704 0.00751717
2 0.269792 0.110648 0.0114583 0.0361111 0.007765
0 0.756771 0.0796296 0.0135417 0.0574074 0.00785151
2 0.0338542 0.10463 0.05 0.0518519 0.00832102
9 0.219271 0.0537037 0.0197917 0.0444444 0.00849915
9 0.26875 0.0351852 0.0229167 0.0666667 0.00865495
2 0.48151 0.110185 0.0432292 0.0555556 0.0098552
9 0.501823 0.760648 0.0130208 0.0546296 0.0100482
9 0.21901 0.0888889 0.0078125 0.0166667 0.011131
2 0.785417 0.0902778 0.0177083 0.025 0.0113428
9 0.566927 0.0481481 0.00885417 0.0240741 0.0132204
2 0.492448 0.107407 0.0203125 0.05 0.0139003
9 0.442187 0.0861111 0.0135417 0.0240741 0.0157668
2 0.238281 0.139815 0.0182292 0.0425926 0.0304842
7 0.297135 0.107407 0.0359375 0.0814815 0.032695
2 0.592188 0.127315 0.0177083 0.0231481 0.0328579
2 0.634115 0.141204 0.0119792 0.0472222 0.0345744
7 0.48151 0.0782407 0.0296875 0.0342593 0.0453705
2 0.292448 0.112963 0.0265625 0.0685185 0.0481621
2 0.479948 0.0902778 0.0276042 0.0361111 0.0891538
2 0.480469 0.0768519 0.0265625 0.0296296 0.128088
2 0.465365 0.111574 0.0182292 0.037963 0.131369
2 0.478385 0.110185 0.0182292 0.0425926 0.192113
2 0.322135 0.0861111 0.0369792 0.0351852 0.343157
2 0.505469 0.103704 0.0432292 0.062963 0.424824
7 0.505469 0.104167 0.0432292 0.062037 0.428356
2 0.626823 0.121759 0.0255208 0.0490741 0.462219
2 0.370573 0.106481 0.0244792 0.0462963 0.683086
10 0.203906 0.315278 0.0161458 0.0712963 0.714028
2 0.318229 0.121759 0.0510417 0.0694444 0.735625
11 0.728906 0.0430556 0.0276042 0.0564815 0.78005
2 0.397135 0.113426 0.0453125 0.0694444 0.841192
2 0.729688 0.42037 0.122917 0.17037 0.897833
2 0.746094 0.189815 0.127604 0.112963 0.908507
