0 0.816927 0.233796 0.00885417 0.0398148 0.00100921
1 0.810677 0.331481 0.0171875 0.0796296 0.00101255
2 0.636719 0.140741 0.0213542 0.0555556 0.00101915
2 0.771875 0.107407 0.015625 0.0277778 0.00104048
2 0.241406 0.109259 0.0171875 0.037037 0.0010626
9 0.36224 0.0699074 0.00885417 0.0231481 0.00108115
32 0.454167 0.314352 0.00833333 0.0138889 0.00110132
2 0.980729 0.52037 0.0375 0.177778 0.0011019
58 0.967969 0.49537 0.0296875 0.0814815 0.00116906
2 0.605729 0.0601852 0.0114583 0.0240741 0.00118317
2 0.575781 0.421296 0.550521 0.17963 0.00118399
11 0.221354 0.0509259 0.0510417 0.0888889 0.00121328
0 0.75625 0.117593 0.0145833 0.0388889 0.00122639
0 0.263542 0.101389 0.0104167 0.0546296 0.00127768
2 0.795833 0.0851852 0.0333333 0.0314815 0.00134899
13 0.970052 0.513889 0.0567708 0.148148 0.00141187
7 0.145573 0.0833333 0.0609375 0.0703704 0.00143329
9 0.50026 0.601852 0.0151042 0.0407407 0.00148157
7 0.276302 0.062037 0.0411458 0.12037 0.00150265
12 0.702604 0.1375 0.0229167 0.0861111 0.00158677
0 0.148958 0.936111 0.0552083 0.127778 0.00166364
12 0.994531 0.498148 0.00989583 0.140741 0.00171608
11 0.702083 0.119907 0.0208333 0.0453704 0.00172774
2 0.406771 0.111574 0.263542 0.0824074 0.0017422
2 0.444271 0.113426 0.021875 0.025 0.00188929
9 0.415625 0.0087963 0.015625 0.0175926 0.00192432
0 0.113542 0.912037 0.053125 0.168519 0.00198518
2 0.363542 0.0671296 0.0114583 0.0194444 0.00230601
1 0.0119792 0.370833 0.0239583 0.0583333 0.0023104
11 0.236719 0.0694444 0.0182292 0.0481481 0.00246446
9 0.263281 0.0893519 0.00885417 0.037963 0.00248208
2 0.815625 0.0680556 0.015625 0.012037 0.00252904
2 0.570573 0.111111 0.241146 0.0703704 0.00259248
13 0.986198 0.519907 0.0265625 0.180556 0.00274412
2 0.813802 0.075463 0.0192708 0.0175926 0.00278539
11 0.239583 0.0361111 0.021875 0.0703704 0.00279331
0 0.715885 0.371296 0.0223958 0.0277778 0.00308707
9 0.99375 0.503704 0.0114583 0.148148 0.00310375
0 0.267708 0.099537 0.0114583 0.0546296 0.00316189
7 0.992708 0.517593 0.0135417 0.172222 0.00325882
2 0.442708 0.0875 0.0135417 0.0268519 0.00330299
2 0.478906 0.110648 0.0578125 0.062037 0.00337395
9 0.572917 0.0310185 0.0145833 0.0583333 0.00357408
0 0.754948 0.0907407 0.0151042 0.0814815 0.00371518
9 0.458073 0.0638889 0.00677083 0.0314815 0.00383018
2 0.311198 0.0819444 0.0307292 0.0342593 0.00403951
0 0.18099 0.503241 0.0348958 0.0842593 0.00423452
0 0.756771 0.0699074 0.0104167 0.0416667 0.0042516
2 0.780208 0.100463 0.0333333 0.0453704 0.00458235
2 0.53151 0.112037 0.0140625 0.0425926 0.00508134
0 0.28724 0.115278 0.0161458 0.0694444 0.00509009
2 0.270312 0.108796 0.0135417 0.0398148 0.00566078
9 0.208594 0.0685185 0.0223958 0.0462963 0.00575839
0 0.00390625 0.410185 0.0078125 0.0851852 0.00598916
1 0.00442708 0.403241 0.00885417 0.0972222 0.00600146
2 0.592708 0.125463 0.0166667 0.025 0.00673017
7 0.970573 0.526389 0.0578125 0.200926 0.00675618
1 0.0138021 0.399537 0.0276042 0.10463 0.0068416
9 0.29375 0.0578704 0.009375 0.0398148 0.00696018
9 0.219271 0.0537037 0.0208333 0.0425926 0.00747617
9 0.292969 0.0703704 0.0109375 0.0185185 0.00769174
0 0.635156 0.147222 0.00885417 0.0537037 0.01071
2 0.238542 0.140278 0.01875 0.0416667 0.0123334
24 0.169271 0.517593 0.01875 0.0555556 0.0125587
2 0.634896 0.143519 0.0104167 0.0481481 0.0153399
5 0.220313 0.0699074 0.0510417 0.0601852 0.015702
7 0.220573 0.0657407 0.0505208 0.0611111 0.0178472
2 0.789323 0.087963 0.0182292 0.0240741 0.0178983
7 0.297396 0.106481 0.034375 0.0814815 0.0190608
9 0.26875 0.0356481 0.0229167 0.0675926 0.0239747
2 0.292188 0.114352 0.0239583 0.0657407 0.0243352
9 0.502344 0.760185 0.0130208 0.0537037 0.0243842
9 0.442708 0.0875 0.0125 0.0268519 0.0281907
9 0.566927 0.0476852 0.0078125 0.0231481 0.0330384
2 0.489062 0.107407 0.0145833 0.05 0.0422625
24 0.181771 0.511111 0.025 0.0759259 0.115036
2 0.480208 0.109722 0.0197917 0.0435185 0.207506
2 0.467448 0.110185 0.0223958 0.0425926 0.293485
1 0.182552 0.616667 0.0348958 0.142593 0.361314
2 0.322656 0.0856481 0.0359375 0.0342593 0.365203
2 0.627344 0.121759 0.0255208 0.0546296 0.435376
2 0.505729 0.103704 0.0416667 0.062963 0.527001
2 0.31849 0.121296 0.0505208 0.0703704 0.690978
10 0.203906 0.315741 0.0161458 0.0703704 0.709838
0 0.182812 0.558796 0.0427083 0.19537 0.788668
11 0.729167 0.0435185 0.0270833 0.0574074 0.797741
2 0.729688 0.419907 0.121875 0.171296 0.903219
