0 0.147917 0.940278 0.059375 0.117593 0.00100854
9 0.0580729 0.025 0.0161458 0.0481481 0.00104822
0 0.135937 0.571759 0.14375 0.219444 0.00105379
1 0.810677 0.331944 0.0171875 0.0787037 0.0010561
1 0.18125 0.571759 0.0333333 0.121296 0.00105659
13 0.986979 0.518981 0.025 0.176852 0.00106048
0 0.289323 0.390741 0.578646 0.72037 0.00108368
32 0.454167 0.314352 0.00833333 0.0138889 0.00110562
2 0.241406 0.107407 0.0171875 0.037037 0.00112564
2 0.772135 0.108796 0.0151042 0.0268519 0.00113921
9 0.50026 0.601852 0.0151042 0.0407407 0.00116586
2 0.648698 0.148611 0.0369792 0.0601852 0.0011675
11 0.221094 0.0541667 0.0515625 0.0805556 0.00121204
7 0.788281 0.0597222 0.0255208 0.0712963 0.00123389
9 0.3625 0.0703704 0.009375 0.0222222 0.00127911
2 0.572656 0.421759 0.552604 0.178704 0.00128967
2 0.60599 0.0606481 0.0119792 0.025 0.00130188
7 0.277865 0.0435185 0.0401042 0.0851852 0.00131637
2 0.75625 0.118981 0.0145833 0.037963 0.0013295
12 0.702083 0.137963 0.0229167 0.087037 0.00139917
0 0.263542 0.101389 0.0104167 0.0527778 0.00140003
7 0.146094 0.0847222 0.0609375 0.075 0.0015422
2 0.44375 0.10463 0.0197917 0.0388889 0.00155888
11 0.236719 0.0685185 0.0171875 0.0462963 0.00166607
58 0.967708 0.49537 0.0291667 0.0814815 0.00170665
12 0.994792 0.496759 0.009375 0.137963 0.00181748
0 0.149219 0.896296 0.135937 0.203704 0.00186991
2 0.407292 0.111574 0.263542 0.0824074 0.00194213
5 0.788281 0.0606481 0.0265625 0.075 0.00199078
0 0.108073 0.546759 0.216146 0.339815 0.00204055
2 0.53125 0.1125 0.0135417 0.0435185 0.00213762
11 0.239583 0.0361111 0.021875 0.0703704 0.0022338
0 0.282292 0.104167 0.0104167 0.0564815 0.00248975
2 0.570573 0.110648 0.242188 0.0712963 0.0025767
2 0.815625 0.0685185 0.015625 0.0111111 0.00266908
0 0.715885 0.371296 0.0223958 0.0277778 0.00273645
0 0.18099 0.506944 0.0411458 0.0861111 0.00277049
2 0.814062 0.075463 0.01875 0.0175926 0.00285148
2 0.363542 0.0671296 0.0114583 0.0194444 0.00296189
0 0.286719 0.116204 0.0161458 0.0675926 0.00321517
9 0.415625 0.00925926 0.015625 0.0185185 0.00328503
9 0.994531 0.501852 0.00989583 0.142593 0.00333793
9 0.572917 0.0310185 0.0145833 0.0564815 0.00345498
9 0.263281 0.087963 0.00885417 0.0351852 0.00360788
7 0.992969 0.518519 0.0130208 0.172222 0.00374306
2 0.478906 0.110648 0.0557292 0.062037 0.00380808
1 0.0111979 0.365741 0.0223958 0.0462963 0.00397763
2 0.782292 0.0990741 0.0375 0.0462963 0.00397978
0 0.755469 0.087963 0.0151042 0.0796296 0.00413127
2 0.442708 0.0875 0.0135417 0.0268519 0.00416401
9 0.266667 0.0990741 0.0104167 0.0537037 0.00459892
2 0.269792 0.109259 0.0125 0.0388889 0.00466934
9 0.458073 0.0643518 0.00677083 0.0305556 0.0048397
7 0.220573 0.0615741 0.0515625 0.0694444 0.00565636
9 0.209896 0.0680556 0.0260417 0.0472222 0.00623001
0 0.756771 0.0689815 0.0114583 0.0416667 0.00651914
7 0.970312 0.525 0.0583333 0.198148 0.00747088
9 0.218229 0.0560185 0.0229167 0.0453704 0.0083689
2 0.238542 0.140278 0.01875 0.0435185 0.0085538
2 0.592708 0.125463 0.0166667 0.025 0.00910275
9 0.29349 0.0583333 0.00989583 0.0407407 0.00944052
9 0.293229 0.0689815 0.0104167 0.0212963 0.0113484
0 0.00416667 0.409722 0.00833333 0.0861111 0.0117323
0 0.634896 0.147685 0.009375 0.0527778 0.0130487
1 0.00390625 0.421759 0.0078125 0.0657407 0.0137762
2 0.634896 0.143981 0.0104167 0.0490741 0.0150871
2 0.292708 0.114352 0.0239583 0.0657407 0.0162639
24 0.172135 0.517593 0.0265625 0.062963 0.0163709
1 0.00963542 0.398611 0.0192708 0.112037 0.0168452
7 0.298698 0.105556 0.0317708 0.0777778 0.018056
2 0.789583 0.0875 0.01875 0.025 0.0198649
9 0.502344 0.759722 0.0130208 0.0546296 0.0212195
5 0.220573 0.0712963 0.0505208 0.062963 0.026213
9 0.442708 0.087963 0.0125 0.0277778 0.0280358
9 0.566667 0.0472222 0.00833333 0.0222222 0.0329902
2 0.489062 0.10787 0.0145833 0.0490741 0.039811
9 0.26901 0.0361111 0.0223958 0.0685185 0.042838
24 0.182031 0.515278 0.0276042 0.0675926 0.110195
2 0.480208 0.109259 0.0197917 0.0444444 0.216876
2 0.467969 0.110648 0.0244792 0.0416667 0.311763
2 0.322396 0.0856481 0.0364583 0.0342593 0.351645
2 0.627344 0.121759 0.0255208 0.0546296 0.390721
2 0.505469 0.103704 0.0421875 0.062963 0.552407
1 0.181771 0.624074 0.034375 0.140741 0.596173
2 0.31875 0.120833 0.0510417 0.0712963 0.655299
10 0.203906 0.316204 0.0161458 0.0712963 0.656935
0 0.18099 0.562037 0.0432292 0.196296 0.794245
11 0.728906 0.0435185 0.0265625 0.0574074 0.800158
2 0.729688 0.419907 0.122917 0.171296 0.908772
