12 0.701823 0.128704 0.0234375 0.0648148 0.00101259
0 0.32526 0.292593 0.0546875 0.198148 0.00101801
7 0.297917 0.105556 0.0864583 0.0962963 0.00102821
11 0.254948 0.0875 0.0182292 0.0361111 0.00106798
2 0.992708 0.522685 0.0135417 0.182407 0.00110266
12 0.988021 0.51713 0.0229167 0.173148 0.00112631
0 0.758594 0.116667 0.0130208 0.05 0.00112915
2 0.8875 0.1375 0.08125 0.106481 0.00115562
2 0.651302 0.151389 0.0421875 0.0601852 0.00117793
13 0.977083 0.519907 0.0447917 0.178704 0.00121739
12 0.701563 0.163889 0.0229167 0.0351852 0.00125198
7 0.990885 0.51713 0.0171875 0.180556 0.00129838
2 0.654427 0.137963 0.0828125 0.0851852 0.00135172
7 0.970573 0.520833 0.0578125 0.186111 0.0013551
9 0.2625 0.0449074 0.0166667 0.0490741 0.00152781
11 0.220573 0.0671296 0.0515625 0.0583333 0.00162396
1 0.810156 0.328704 0.0203125 0.0851852 0.00166739
9 0.50026 0.603241 0.0151042 0.0398148 0.00170519
9 0.990885 0.514815 0.0171875 0.168519 0.00184008
2 0.481771 0.114815 0.407292 0.0851852 0.00186611
2 0.785937 0.102315 0.0427083 0.0490741 0.00189903
11 0.606771 0.0611111 0.0104167 0.0259259 0.00190308
2 0.0210938 0.147685 0.0421875 0.062037 0.00192355
7 0.789583 0.0625 0.028125 0.0583333 0.00199843
2 0.771875 0.113889 0.0145833 0.0296296 0.00218877
10 0.195573 0.295833 0.0338542 0.115741 0.00230155
2 0.2375 0.10787 0.0177083 0.037963 0.00232806
58 0.968229 0.497222 0.0291667 0.0833333 0.00263218
9 0.582031 0.0384259 0.0130208 0.0509259 0.00277075
0 0.716667 0.370833 0.025 0.0287037 0.00277596
0 0.995833 0.327315 0.00729167 0.0583333 0.0028892
0 0.265104 0.0953704 0.0104167 0.0481481 0.00327048
2 0.816927 0.231944 0.00989583 0.0453704 0.0035551
2 0.0135417 0.397685 0.0270833 0.108333 0.00394115
9 0.263542 0.0884259 0.00833333 0.0361111 0.00413917
2 0.798698 0.0847222 0.0223958 0.0212963 0.00490065
11 0.2375 0.0685185 0.015625 0.0444444 0.00542603
9 0.361979 0.0675926 0.009375 0.0277778 0.00546065
9 0.502865 0.760648 0.0130208 0.0546296 0.00551924
2 0.270573 0.109259 0.0119792 0.0388889 0.00599447
9 0.213021 0.062037 0.0333333 0.0611111 0.00681146
1 0.00885417 0.401852 0.0177083 0.1 0.0075544
12 0.690365 0.16713 0.0119792 0.0361111 0.00761542
2 0.592708 0.125 0.0166667 0.0259259 0.00855205
12 0.994271 0.516667 0.0104167 0.174074 0.00859531
10 0.00442708 0.406481 0.00885417 0.0888889 0.00861189
2 0.0046875 0.406481 0.009375 0.0907407 0.0105281
9 0.573698 0.0310185 0.0140625 0.0601852 0.0119187
2 0.817969 0.0703704 0.0119792 0.012963 0.0149432
5 0.220313 0.0666667 0.05 0.0611111 0.0152128
0 0.635417 0.147685 0.009375 0.0509259 0.0153286
0 0.757552 0.0842593 0.0130208 0.0666667 0.0163645
2 0.531771 0.1125 0.0145833 0.0416667 0.0163807
7 0.220313 0.0657407 0.05 0.0685185 0.0181773
2 0.813281 0.0740741 0.0192708 0.0166667 0.021103
9 0.26901 0.0333333 0.0203125 0.062963 0.0219784
2 0.635156 0.144907 0.0109375 0.0527778 0.022962
2 0.238542 0.142593 0.0177083 0.0388889 0.02331
2 0.442187 0.0898148 0.0125 0.0259259 0.0245147
2 0.792708 0.0888889 0.0229167 0.0222222 0.0270889
2 0.785677 0.0898148 0.0140625 0.0222222 0.0314656
2 0.482031 0.101852 0.0182292 0.0388889 0.0598793
9 0.567448 0.0486111 0.0078125 0.0231481 0.0621518
2 0.298698 0.10787 0.0390625 0.0842593 0.140101
7 0.298177 0.106481 0.0390625 0.0833333 0.213628
2 0.322135 0.0856481 0.0380208 0.0342593 0.244265
2 0.627344 0.121296 0.0255208 0.0537037 0.442603
2 0.31849 0.120833 0.0505208 0.0712963 0.66246
2 0.50599 0.10463 0.0421875 0.062963 0.674978
2 0.46224 0.109259 0.0432292 0.0574074 0.792835
11 0.729167 0.0430556 0.0270833 0.0564815 0.815792
10 0.204167 0.316204 0.0166667 0.0712963 0.819521
2 0.730208 0.419444 0.122917 0.17037 0.908973
