7 0.420052 0.111574 0.282813 0.0916667 0.00106183
9 0.235156 0.0648148 0.0213542 0.0388889 0.00107465
9 0.260938 0.0532407 0.0135417 0.0435185 0.00115536
12 0.702083 0.164815 0.0208333 0.037037 0.00117342
58 0.964583 0.186111 0.0697917 0.361111 0.00118999
0 0.453906 0.372222 0.586979 0.42037 0.00122369
1 0.252344 0.322685 0.0276042 0.0990741 0.0012769
1 0.00442708 0.461111 0.00885417 0.22037 0.00127923
1 0.144531 0.352315 0.0265625 0.0731481 0.00132349
9 0.559896 0.0282407 0.0208333 0.0527778 0.00137792
58 0.917708 0.253241 0.164583 0.49537 0.00142617
9 0.548177 0.0532407 0.0109375 0.025 0.00143776
2 0.570052 0.110185 0.273438 0.0722222 0.00158416
12 0.69375 0.162037 0.00729167 0.0388889 0.0016011
2 0.404427 0.111574 0.267188 0.0805556 0.00161714
9 0.293229 0.0532407 0.009375 0.037963 0.00174934
0 0.263281 0.103241 0.00885417 0.0546296 0.00178386
9 0.576563 0.0324074 0.0135417 0.0592593 0.00179738
7 0.98724 0.521759 0.0244792 0.191667 0.00190569
2 0.46276 0.110648 0.0963542 0.0638889 0.00214222
9 0.253125 0.0847222 0.0125 0.0324074 0.00216586
1 0.0234375 0.386574 0.046875 0.136111 0.00222343
2 0.785937 0.10787 0.0427083 0.0583333 0.00228178
0 0.754687 0.118056 0.0166667 0.0398148 0.00230961
2 0.796354 0.0837963 0.0291667 0.025 0.00246941
7 0.969792 0.528704 0.059375 0.207407 0.00247786
9 0.257292 0.0736111 0.0104167 0.0435185 0.00259889
1 0.00989583 0.348611 0.0197917 0.10463 0.00264425
7 0.303125 0.110648 0.08125 0.087963 0.00271209
9 0.272396 0.0398148 0.028125 0.0777778 0.00279748
12 0.702344 0.138426 0.0234375 0.0824074 0.00281013
0 0.268229 0.101852 0.0114583 0.0555556 0.00296827
9 0.263021 0.0865741 0.00729167 0.0342593 0.00299118
12 0.99375 0.518519 0.0114583 0.172222 0.00301794
11 0.236979 0.0685185 0.0177083 0.0425926 0.00302803
0 0.716406 0.371759 0.0223958 0.0287037 0.00316829
2 0.775781 0.118056 0.0213542 0.0398148 0.00335311
9 0.26901 0.0597222 0.0171875 0.0305556 0.00383296
5 0.220052 0.0671296 0.0515625 0.0564815 0.0040099
2 0.363542 0.0675926 0.0114583 0.0222222 0.00450242
9 0.502604 0.760648 0.0125 0.0509259 0.004921
9 0.36224 0.0680556 0.00989583 0.025 0.00522424
10 0.222135 0.316204 0.0213542 0.0787037 0.00590805
9 0.458333 0.0648148 0.00729167 0.0333333 0.00613921
7 0.219792 0.0657407 0.0520833 0.0592593 0.00691434
9 0.571094 0.0319444 0.0130208 0.0583333 0.0082214
9 0.992188 0.496759 0.0145833 0.132407 0.00907745
2 0.650781 0.148611 0.0421875 0.0583333 0.00931963
9 0.210417 0.0662037 0.028125 0.0472222 0.00943288
2 0.238802 0.139815 0.0192708 0.0425926 0.00991496
2 0.813281 0.075 0.0192708 0.0185185 0.0105903
0 0.442708 0.0967593 0.0166667 0.0490741 0.0110737
9 0.21875 0.0569444 0.021875 0.0472222 0.0116984
2 0.592708 0.125926 0.0177083 0.0240741 0.0120583
10 0.442969 0.0884259 0.0130208 0.0324074 0.0124436
1 0.236198 0.330093 0.0390625 0.102778 0.013247
2 0.271875 0.109259 0.0145833 0.0425926 0.0149602
0 0.758333 0.0814815 0.0125 0.0648148 0.0177921
9 0.269792 0.0222222 0.01875 0.0388889 0.0185005
1 0.0119792 0.365278 0.0239583 0.0509259 0.0202265
11 0.60625 0.0601852 0.0104167 0.0240741 0.0203095
24 0.241146 0.256481 0.021875 0.0444444 0.0234615
0 0.635417 0.146759 0.0104167 0.0509259 0.0244266
2 0.48724 0.10787 0.0140625 0.0490741 0.0249112
2 0.785156 0.0898148 0.0130208 0.0222222 0.0296919
1 0.00416667 0.405556 0.00833333 0.0962963 0.0306722
2 0.635156 0.144444 0.0119792 0.05 0.0616815
1 0.0109375 0.394907 0.021875 0.119444 0.10591
2 0.461979 0.114815 0.0125 0.0333333 0.114358
9 0.567448 0.0481481 0.00885417 0.0240741 0.128914
2 0.299479 0.106481 0.0385417 0.0814815 0.150063
2 0.467187 0.111111 0.021875 0.0407407 0.169739
7 0.298438 0.106944 0.0395833 0.0824074 0.209245
2 0.322135 0.0861111 0.0380208 0.0333333 0.213469
2 0.479167 0.109259 0.0208333 0.0444444 0.275748
2 0.627865 0.122222 0.0255208 0.0518519 0.347407
1 0.246094 0.339815 0.0203125 0.0925926 0.521482
2 0.50625 0.10463 0.0427083 0.062963 0.567879
2 0.31875 0.120833 0.05 0.0712963 0.670507
0 0.244271 0.296296 0.0302083 0.133333 0.772813
11 0.729167 0.0435185 0.0260417 0.0555556 0.813763
10 0.204427 0.316204 0.0171875 0.0712963 0.872151
2 0.729948 0.419444 0.122396 0.17037 0.91766
