24 0.142448 0.633796 0.0348958 0.100926 0.0010437
0 0.23099 0.653704 0.359896 0.405556 0.00107154
0 0.817187 0.233796 0.009375 0.037963 0.00109399
2 0.257552 0.0986111 0.0244792 0.062037 0.00111388
2 0.772396 0.109722 0.0145833 0.0231481 0.00112955
0 0.0890625 0.656944 0.178125 0.376852 0.00116962
12 0.702083 0.122222 0.021875 0.05 0.00117539
2 0.44401 0.111111 0.0213542 0.0351852 0.00119042
9 0.559635 0.0268519 0.0203125 0.0481481 0.00120092
9 0.365104 0.0458333 0.0104167 0.0194444 0.00121877
9 0.576823 0.0319444 0.0140625 0.0601852 0.00125391
2 0.976042 0.518056 0.046875 0.167593 0.00129841
2 0.74974 0.121759 0.0317708 0.0657407 0.0013844
7 0.279948 0.075 0.0338542 0.140741 0.0013974
11 0.23724 0.0685185 0.0171875 0.0425926 0.00141709
0 0.147917 0.917593 0.120833 0.159259 0.00144263
1 0.0299479 0.15463 0.0598958 0.0759259 0.00157495
2 0.221094 0.135648 0.0526042 0.0527778 0.00158436
9 0.439844 0.195833 0.0119792 0.0324074 0.00168334
0 0.716406 0.371759 0.0234375 0.0287037 0.00171545
2 0.243229 0.106944 0.0125 0.0324074 0.0017184
9 0.995052 0.516204 0.00885417 0.0953704 0.00180243
2 0.363542 0.0675926 0.0114583 0.0203704 0.00183544
9 0.29375 0.0569444 0.009375 0.0342593 0.00195751
2 0.959635 0.55463 0.0359375 0.0407407 0.00197572
0 0.757031 0.0731481 0.0109375 0.0425926 0.00201373
1 0.0135417 0.397685 0.0270833 0.108333 0.00205396
12 0.701563 0.165278 0.01875 0.037963 0.00207851
2 0.531771 0.111574 0.0135417 0.0435185 0.00210889
58 0.96901 0.494907 0.0307292 0.0972222 0.00215004
2 0.410417 0.112037 0.280208 0.0814815 0.00215895
1 0.16901 0.66713 0.0255208 0.0935185 0.00221176
2 0.756771 0.118519 0.015625 0.0333333 0.0022229
1 0.00546875 0.380093 0.0109375 0.0712963 0.00233867
1 0.159896 0.717593 0.0260417 0.159259 0.00241321
2 0.561458 0.111111 0.239583 0.0703704 0.00260099
1 0.151823 0.653241 0.0317708 0.102778 0.00266648
2 0.442969 0.0875 0.0140625 0.0268519 0.002789
7 0.99375 0.518056 0.0114583 0.169444 0.00280705
1 0.163281 0.681481 0.0161458 0.0944444 0.00281964
1 0.150781 0.522222 0.0265625 0.0333333 0.00285461
1 0.00364583 0.416667 0.00729167 0.0666667 0.00289069
9 0.458333 0.0662037 0.00729167 0.0268519 0.00293549
2 0.289062 0.087963 0.0208333 0.05 0.00304242
9 0.275521 0.0402778 0.0364583 0.0787037 0.00305351
2 0.469271 0.111111 0.0854167 0.0648148 0.00318084
2 0.655469 0.138426 0.0744792 0.0861111 0.00319584
9 0.569531 0.0310185 0.0151042 0.0583333 0.00346393
1 0.146615 0.539815 0.0328125 0.0685185 0.00359113
1 0.0122396 0.365278 0.0244792 0.0583333 0.0036294
12 0.692448 0.164815 0.0078125 0.0407407 0.00404555
9 0.36224 0.0444444 0.00885417 0.0314815 0.00412372
7 0.974219 0.518056 0.0505208 0.184259 0.0041492
0 0.263281 0.101389 0.00885417 0.0546296 0.00420261
0 0.995573 0.328704 0.0078125 0.0592593 0.00469497
2 0.289844 0.0736111 0.0192708 0.0175926 0.0054533
9 0.208073 0.0689815 0.0203125 0.0435185 0.00553036
9 0.501823 0.760185 0.0130208 0.0518519 0.00587405
12 0.994531 0.505556 0.00989583 0.151852 0.00612307
11 0.60651 0.0597222 0.0109375 0.0231481 0.0065361
1 0.158594 0.70463 0.0171875 0.101852 0.00669588
9 0.36224 0.0689815 0.00885417 0.025 0.00753704
9 0.35625 0.0199074 0.00729167 0.0194444 0.00754533
24 0.152083 0.611111 0.0322917 0.0722222 0.00900602
9 0.221615 0.0532407 0.0161458 0.0416667 0.00926115
7 0.220052 0.0708333 0.0515625 0.0675926 0.0093488
1 0.144531 0.575463 0.0411458 0.0601852 0.0104295
9 0.269271 0.0407407 0.0208333 0.0574074 0.0113285
2 0.785677 0.0898148 0.0140625 0.0203704 0.0116133
5 0.219792 0.0782407 0.0520833 0.0768519 0.0120763
2 0.650521 0.150463 0.040625 0.0583333 0.0122758
2 0.592708 0.125 0.0177083 0.0240741 0.0128689
9 0.442448 0.087037 0.0130208 0.0259259 0.0129755
9 0.219271 0.0902778 0.00729167 0.0138889 0.0146318
2 0.238542 0.14213 0.0177083 0.0398148 0.0166199
24 0.14375 0.585185 0.0354167 0.062963 0.0201821
2 0.271354 0.105093 0.0145833 0.0472222 0.0232868
9 0.566927 0.0476852 0.0078125 0.0231481 0.0236714
9 0.269531 0.0208333 0.0192708 0.0361111 0.0265007
2 0.634635 0.143981 0.0109375 0.0490741 0.0384269
2 0.488021 0.107407 0.0145833 0.05 0.0415729
24 0.141406 0.6125 0.0244792 0.0657407 0.0448656
2 0.00494792 0.55787 0.00989583 0.037963 0.0514566
2 0.46224 0.1125 0.0130208 0.037963 0.102277
7 0.296615 0.108796 0.0369792 0.0824074 0.104423
2 0.297135 0.108333 0.0369792 0.0814815 0.189163
2 0.46901 0.110185 0.0255208 0.0425926 0.193431
2 0.479948 0.109259 0.0223958 0.0444444 0.249361
2 0.322135 0.087037 0.0369792 0.037037 0.320481
1 0.146615 0.73287 0.0276042 0.150926 0.397377
2 0.627083 0.121759 0.0260417 0.0509259 0.55415
2 0.505729 0.104167 0.0427083 0.062037 0.574858
2 0.31849 0.121759 0.0505208 0.0694444 0.716702
10 0.204167 0.315741 0.015625 0.0722222 0.717572
0 0.146094 0.6625 0.0463542 0.225 0.780299
11 0.729167 0.0430556 0.0270833 0.0564815 0.798309
2 0.729948 0.419444 0.122396 0.172222 0.902181
