0 0.26276 0.106481 0.00885417 0.0462963 0.00104442
11 0.702604 0.12037 0.0229167 0.0462963 0.00105025
2 0.446094 0.104167 0.0348958 0.0490741 0.0010624
0 0.285417 0.111574 0.0135417 0.0638889 0.00114127
2 0.416406 0.0199074 0.0171875 0.0287037 0.00116271
9 0.221094 0.104167 0.0130208 0.0398148 0.00116822
12 0.965885 0.499074 0.0244792 0.0796296 0.00119196
2 0.576302 0.127778 0.0505208 0.0314815 0.00120834
2 0.644271 0.123611 0.0572917 0.0564815 0.00121457
2 0.240365 0.10463 0.0151042 0.0333333 0.00125557
9 0.415885 0.012037 0.0161458 0.0240741 0.00128529
2 0.746354 0.161111 0.0239583 0.0203704 0.0013025
1 0.0046875 0.366204 0.009375 0.0657407 0.00130936
2 0.774479 0.11713 0.01875 0.0324074 0.00134555
9 0.29349 0.0564815 0.00989583 0.037037 0.00143045
2 0.28724 0.119444 0.0161458 0.0648148 0.00144003
9 0.363542 0.0666667 0.0114583 0.0203704 0.00144437
7 0.971354 0.525926 0.05625 0.198148 0.00145712
2 0.288802 0.0828704 0.0119792 0.0305556 0.00149311
12 0.689323 0.164352 0.0140625 0.0435185 0.00151117
13 0.00390625 0.395833 0.0078125 0.108333 0.00151989
9 0.109635 0.024537 0.0119792 0.037963 0.00154289
13 0.971354 0.523611 0.05625 0.178704 0.00156808
0 0.545573 0.290278 0.543229 0.480556 0.00164172
9 0.995313 0.531944 0.00833333 0.0435185 0.00168568
11 0.7375 0.0606481 0.015625 0.0305556 0.00170519
2 0.582292 0.423148 0.680208 0.17963 0.00179131
2 0.746354 0.173148 0.028125 0.037037 0.00184336
9 0.594792 0.0435185 0.0104167 0.0333333 0.0019472
2 0.435677 0.105556 0.330729 0.0925926 0.00196709
11 0.2375 0.0680556 0.0166667 0.0435185 0.0020136
9 0.582292 0.037037 0.0114583 0.0555556 0.00204424
2 0.66224 0.151389 0.0682292 0.0694444 0.00208264
9 0.576823 0.0333333 0.0140625 0.062963 0.00217861
32 0.454427 0.313889 0.0078125 0.0148148 0.00222963
2 0.618229 0.115278 0.04375 0.0527778 0.00227013
9 0.552344 0.0347222 0.0203125 0.0509259 0.0023322
2 0.291927 0.0675926 0.00989583 0.0203704 0.00251711
0 0.182812 0.733796 0.142708 0.491667 0.00255798
9 0.36224 0.0467593 0.00989583 0.0342593 0.00275189
9 0.2375 0.0703704 0.0145833 0.0407407 0.00276354
2 0.786979 0.0893519 0.0177083 0.0212963 0.00282978
9 0.261198 0.0416667 0.0130208 0.0574074 0.00298064
7 0.211979 0.062037 0.0291667 0.0537037 0.00328104
12 0.702344 0.138889 0.0244792 0.0851852 0.00349254
0 0.3625 0.0675926 0.009375 0.0296296 0.00367745
9 0.115625 0.0217593 0.0166667 0.037963 0.00380405
12 0.980729 0.496296 0.0229167 0.118519 0.00388751
2 0.26849 0.110648 0.00989583 0.0324074 0.00394573
0 0.733333 0.371296 0.034375 0.0314815 0.00427449
9 0.553906 0.0439815 0.0140625 0.0324074 0.00435306
9 0.548177 0.049537 0.0109375 0.0287037 0.00498365
0 0.756771 0.375926 0.0197917 0.0277778 0.00552477
9 0.252865 0.087037 0.0119792 0.0351852 0.00593156
9 0.257552 0.0763889 0.00885417 0.0453704 0.0059413
0 0.757292 0.087037 0.0125 0.0777778 0.005973
2 0.238281 0.140741 0.0182292 0.0407407 0.00648428
2 0.294271 0.113426 0.021875 0.0564815 0.00665554
0 0.715625 0.370833 0.0239583 0.0268519 0.00695941
12 0.995052 0.493056 0.00885417 0.126852 0.0070148
11 0.240625 0.0314815 0.0208333 0.0592593 0.00772762
2 0.796354 0.0615741 0.0385417 0.0564815 0.00779644
9 0.281771 0.0898148 0.00625 0.0222222 0.00837459
9 0.265885 0.0921296 0.00989583 0.0416667 0.00922218
9 0.560677 0.0314815 0.0265625 0.0592593 0.00939718
9 0.207813 0.0662037 0.0208333 0.0453704 0.00972722
9 0.263021 0.087037 0.00833333 0.0351852 0.0100764
2 0.635156 0.149074 0.0109375 0.0537037 0.0106059
0 0.635156 0.148611 0.00989583 0.0490741 0.0106233
9 0.220573 0.0888889 0.00989583 0.0148148 0.0193981
11 0.60625 0.0597222 0.0104167 0.025 0.0198674
9 0.223177 0.0583333 0.0130208 0.0407407 0.0253641
9 0.500781 0.603704 0.0140625 0.0462963 0.0297435
2 0.592708 0.126389 0.01875 0.0231481 0.0306945
9 0.269792 0.0337963 0.0208333 0.062037 0.0322509
0 0.442708 0.0986111 0.015625 0.0490741 0.0417383
9 0.567448 0.0476852 0.0078125 0.025 0.0816762
2 0.466406 0.109722 0.0223958 0.0435185 0.11795
9 0.502865 0.760648 0.0119792 0.0546296 0.135306
2 0.476302 0.108796 0.0317708 0.0453704 0.313339
2 0.627865 0.122222 0.0244792 0.0518519 0.342712
2 0.322396 0.0865741 0.0385417 0.0361111 0.35254
2 0.318229 0.120833 0.0510417 0.0712963 0.587358
2 0.50599 0.103704 0.0432292 0.062963 0.60257
11 0.729948 0.0439815 0.0265625 0.0601852 0.611921
10 0.204167 0.314815 0.015625 0.0703704 0.791482
2 0.375 0.20463 0.071875 0.0962963 0.892918
2 0.730729 0.419444 0.122917 0.172222 0.911268
