2 0.127344 0.0916667 0.0140625 0.0259259 0.00100418
12 0.995313 0.531018 0.00833333 0.0472222 0.00103692
2 0.568229 0.422222 0.594792 0.17963 0.00104434
0 0.0536458 0.114352 0.0114583 0.0546296 0.00104491
9 0.252604 0.0865741 0.0135417 0.0342593 0.00107371
2 0.263021 0.104167 0.009375 0.0490741 0.00114101
0 0.995833 0.326389 0.00729167 0.0564815 0.00114262
9 0.990885 0.503704 0.0171875 0.142593 0.00114485
12 0.701823 0.164352 0.0203125 0.037963 0.00114493
58 0.961458 0.284722 0.04375 0.14537 0.00119194
7 0.794531 0.0625 0.0369792 0.062037 0.00119526
0 0.817969 0.236111 0.0078125 0.0351852 0.00125424
7 0.236198 0.0712963 0.0182292 0.0518519 0.001306
9 0.261198 0.049537 0.0130208 0.0435185 0.0013082
13 0.9625 0.554167 0.0395833 0.0398148 0.00134706
11 0.222135 0.0652778 0.0484375 0.0546296 0.00142205
12 0.977344 0.499074 0.0442708 0.131481 0.00146264
9 0.416146 0.00972222 0.0166667 0.0194444 0.00153826
2 0.58776 0.125 0.00989583 0.0240741 0.00158085
7 0.221875 0.0800926 0.0479167 0.0731481 0.00172434
2 0.420052 0.113889 0.0130208 0.0296296 0.00176303
0 0.717188 0.372222 0.025 0.0259259 0.00185795
2 0.238802 0.105556 0.0161458 0.0388889 0.00196856
2 0.792969 0.087037 0.0348958 0.0314815 0.00199116
2 0.0260417 0.369444 0.0520833 0.0666667 0.00199317
2 0.267188 0.0990741 0.0104167 0.0537037 0.00206182
2 0.3625 0.0689815 0.009375 0.0231481 0.00214496
2 0.779427 0.099537 0.0307292 0.0435185 0.00215774
9 0.263542 0.0861111 0.00833333 0.0333333 0.00217186
9 0.502604 0.759722 0.0114583 0.0546296 0.00223528
2 0.0263021 0.35 0.0505208 0.0240741 0.00228398
2 0.44375 0.0638889 0.0208333 0.0259259 0.00232958
9 0.210417 0.0657407 0.0270833 0.0481481 0.00260329
13 0.994271 0.518519 0.0104167 0.166667 0.0027765
9 0.292969 0.0541667 0.0078125 0.0416667 0.00289643
9 0.570312 0.0319444 0.0125 0.0583333 0.00301189
58 0.967969 0.497222 0.0296875 0.0851852 0.00302076
2 0.415104 0.1125 0.26875 0.0824074 0.00310659
2 0.291406 0.0717593 0.0109375 0.0157407 0.0031301
2 0.220833 0.133796 0.0541667 0.0583333 0.00332692
12 0.691146 0.164815 0.0104167 0.037037 0.00383381
0 0.757812 0.0888889 0.0135417 0.0740741 0.00396132
9 0.115365 0.0231481 0.0171875 0.0407407 0.00428895
2 0.593229 0.125463 0.0166667 0.0231481 0.0043117
2 0.286458 0.113889 0.015625 0.0703704 0.00437922
13 0.98724 0.517593 0.0244792 0.174074 0.00461576
13 0.970312 0.510648 0.0572917 0.152778 0.00467747
12 0.99401 0.494907 0.0109375 0.126852 0.00568711
2 0.309635 0.0805556 0.0192708 0.0333333 0.00694779
2 0.270312 0.109259 0.0125 0.0388889 0.00696711
1 0.025 0.393519 0.05 0.112963 0.0088034
9 0.219531 0.087963 0.00989583 0.0166667 0.00961484
7 0.214323 0.0625 0.0359375 0.0657407 0.0106176
9 0.269792 0.0476852 0.0208333 0.0435185 0.0119362
0 0.635156 0.148148 0.00989583 0.0537037 0.0124832
11 0.60651 0.0587963 0.00989583 0.0268519 0.0128571
7 0.297135 0.106481 0.0348958 0.0814815 0.0144991
11 0.23776 0.0675926 0.0161458 0.0407407 0.0145634
2 0.635156 0.146296 0.0109375 0.0555556 0.0147368
2 0.238281 0.140278 0.0182292 0.0435185 0.0160539
2 0.296875 0.105093 0.03125 0.075 0.0168811
1 0.00442708 0.402315 0.00885417 0.0935185 0.0191872
9 0.269271 0.0287037 0.0208333 0.0518519 0.0226885
1 0.0104167 0.396296 0.0208333 0.109259 0.0247929
2 0.785417 0.0893519 0.015625 0.0231481 0.0270828
9 0.567708 0.0481481 0.00833333 0.0240741 0.033911
9 0.469792 0.0615741 0.00833333 0.0287037 0.0547197
2 0.322135 0.0865741 0.0380208 0.0361111 0.279431
2 0.627344 0.122685 0.0255208 0.0527778 0.38532
7 0.50651 0.10463 0.0421875 0.0611111 0.41545
2 0.50651 0.104167 0.0421875 0.062037 0.508838
2 0.476823 0.108333 0.0296875 0.0462963 0.535744
2 0.31849 0.121296 0.0515625 0.0703704 0.724131
2 0.44375 0.101389 0.0416667 0.0601852 0.778803
10 0.203906 0.315278 0.0161458 0.0712963 0.78832
11 0.729427 0.0430556 0.0265625 0.0564815 0.78837
2 0.729948 0.419444 0.122396 0.17037 0.901499
