12 0.697396 0.139352 0.015625 0.0916667 0.00104083
2 0.549479 0.424074 0.614583 0.181481 0.00106198
9 0.817187 0.233796 0.00833333 0.0416667 0.00109688
12 0.716667 0.166667 0.0135417 0.0314815 0.00110289
9 0.502083 0.759259 0.0135417 0.0555556 0.0011132
7 0.970312 0.531018 0.0583333 0.210185 0.00112115
2 0.21901 0.135648 0.0578125 0.0527778 0.00113401
1 0.0125 0.362037 0.025 0.0796296 0.00113769
0 0.755469 0.0791667 0.0130208 0.0527778 0.00115218
1 0.221354 0.485648 0.0354167 0.163889 0.00116591
58 0.963021 0.244444 0.0635417 0.233333 0.00118817
12 0.995573 0.531018 0.0078125 0.0324074 0.00122885
9 0.489062 0.97963 0.0166667 0.0407407 0.00127716
9 0.26276 0.0282407 0.0161458 0.0509259 0.00132112
0 0.730208 0.372222 0.0260417 0.0296296 0.00136425
7 0.985677 0.519907 0.0276042 0.187963 0.00137286
12 0.702083 0.122222 0.0229167 0.0537037 0.00138933
9 0.991146 0.506944 0.0166667 0.149074 0.00145142
0 0.00520833 0.473148 0.0104167 0.214815 0.00147362
2 0.0046875 0.556481 0.009375 0.0425926 0.0014824
0 0.757031 0.374074 0.0203125 0.0333333 0.00152404
2 0.447656 0.111574 0.0276042 0.0268519 0.0015575
11 0.60599 0.0592593 0.00989583 0.0277778 0.00159048
7 0.788021 0.0648148 0.0239583 0.0648148 0.00163905
2 0.270573 0.0555556 0.0203125 0.0481481 0.00164191
2 0.255208 0.087037 0.01875 0.037037 0.00165349
2 0.277344 0.111111 0.0276042 0.0611111 0.00166416
2 0.794792 0.087037 0.0291667 0.0259259 0.00175011
2 0.243229 0.10787 0.0145833 0.0342593 0.00187228
2 0.813281 0.0759259 0.0171875 0.0166667 0.00193505
11 0.236979 0.0694444 0.0166667 0.0462963 0.00195553
9 0.458594 0.0652778 0.0078125 0.0287037 0.00201493
1 0.00520833 0.379167 0.0104167 0.119444 0.00202498
2 0.408594 0.109259 0.271354 0.0796296 0.00208702
58 0.96849 0.49537 0.0307292 0.0888889 0.00211703
2 0.779167 0.100926 0.028125 0.0444444 0.00229179
12 0.982813 0.497685 0.03125 0.128704 0.00230088
12 0.755208 0.0921296 0.015625 0.0768519 0.00233099
0 0.36224 0.0671296 0.00989583 0.0268519 0.00236246
9 0.580729 0.0342593 0.0125 0.0574074 0.00249593
1 0.209115 0.465278 0.0421875 0.119444 0.00252365
2 0.557292 0.109259 0.198958 0.062963 0.00261439
0 0.26276 0.0930556 0.00885417 0.0472222 0.002716
12 0.701563 0.166204 0.0197917 0.0361111 0.00310569
0 0.716667 0.372222 0.0239583 0.0277778 0.00323014
9 0.269531 0.0472222 0.0203125 0.0425926 0.00325814
2 0.442708 0.0865741 0.0135417 0.0268519 0.00329904
2 0.528906 0.0759259 0.0161458 0.0240741 0.00366463
1 0.0140625 0.453704 0.028125 0.257407 0.00384489
2 0.478906 0.109722 0.0651042 0.0601852 0.00386278
2 0.290625 0.0865741 0.0270833 0.0546296 0.00407802
24 0.21875 0.380093 0.025 0.0546296 0.0042056
2 0.592448 0.123611 0.0171875 0.0268519 0.00423613
1 0.0046875 0.465741 0.009375 0.227778 0.00527679
9 0.210417 0.0666667 0.0260417 0.05 0.00679912
10 0.442448 0.0865741 0.0130208 0.0268519 0.00807492
2 0.363281 0.0666667 0.0119792 0.0203704 0.00851932
7 0.277865 0.0712963 0.0421875 0.138889 0.00852248
2 0.53125 0.100463 0.0166667 0.0509259 0.00891747
12 0.994531 0.493981 0.00989583 0.126852 0.00940702
2 0.634896 0.140741 0.0104167 0.0462963 0.00986342
9 0.26875 0.0240741 0.021875 0.0388889 0.0102839
9 0.571875 0.0310185 0.0145833 0.0583333 0.0104097
2 0.238281 0.140278 0.0182292 0.0416667 0.0121473
2 0.271094 0.10787 0.0140625 0.0416667 0.0140245
12 0.692187 0.166204 0.00833333 0.037963 0.0145355
7 0.220052 0.0662037 0.0505208 0.0694444 0.0157545
5 0.220313 0.0652778 0.0489583 0.0601852 0.0186223
2 0.785677 0.0884259 0.0130208 0.025 0.0273248
2 0.304167 0.0708333 0.0114583 0.0212963 0.0297462
7 0.294271 0.106944 0.0302083 0.0787037 0.0305448
1 0.00390625 0.412037 0.0078125 0.0777778 0.0325858
2 0.489583 0.107407 0.0145833 0.05 0.0349589
2 0.298177 0.0666667 0.0182292 0.0277778 0.0460559
9 0.567187 0.0476852 0.00833333 0.0231481 0.0567124
1 0.0132813 0.4 0.0265625 0.103704 0.0722441
2 0.292188 0.112963 0.0270833 0.0703704 0.0847009
2 0.530208 0.0861111 0.0177083 0.0259259 0.169295
2 0.480208 0.109259 0.0208333 0.0444444 0.211739
2 0.466406 0.111111 0.0192708 0.0407407 0.264029
2 0.322135 0.0861111 0.0369792 0.037037 0.385289
2 0.627083 0.121759 0.0260417 0.0527778 0.477789
1 0.221094 0.466667 0.0203125 0.116667 0.514474
2 0.505729 0.10463 0.0427083 0.0611111 0.572394
10 0.204167 0.313426 0.015625 0.0694444 0.793293
2 0.317969 0.121759 0.0515625 0.0712963 0.793396
11 0.728906 0.0430556 0.0276042 0.0564815 0.794631
0 0.219792 0.421296 0.034375 0.17037 0.815977
2 0.729688 0.419444 0.122917 0.172222 0.906281
