9 0.290885 0.0268519 0.00989583 0.0333333 0.00100309
12 0.988281 0.517593 0.0223958 0.172222 0.001039
2 0.816927 0.235185 0.00989583 0.0407407 0.00104931
9 0.26276 0.087037 0.0078125 0.0351852 0.00108529
9 0.253646 0.087037 0.0135417 0.037037 0.00109294
9 0.258594 0.0726852 0.0119792 0.0490741 0.0011483
2 0.342448 0.0740741 0.0109375 0.0222222 0.00115053
2 0.597135 0.119444 0.0119792 0.0333333 0.00115411
11 0.240625 0.0333333 0.021875 0.062963 0.00115983
2 0.598177 0.423148 0.641146 0.17963 0.00116354
2 0.536719 0.109259 0.0130208 0.05 0.00117911
14 0.482031 0.491204 0.0140625 0.0305556 0.0012046
12 0.701823 0.163889 0.0223958 0.037037 0.00122056
2 0.0335938 0.0652778 0.0203125 0.0212963 0.00124076
9 0.259896 0.050463 0.0114583 0.0453704 0.0013188
0 0.254687 0.125926 0.0177083 0.0666667 0.00140899
2 0.652344 0.140278 0.0734375 0.0805556 0.00157322
9 0.216927 0.0814815 0.0192708 0.0259259 0.0015739
2 0.58776 0.124537 0.00989583 0.025 0.00158498
2 0.784896 0.105093 0.040625 0.0546296 0.00159096
12 0.692969 0.165278 0.0078125 0.037963 0.00167306
0 0.0046875 0.366204 0.009375 0.0824074 0.00169347
7 0.794271 0.0634259 0.0375 0.062037 0.00171956
0 0.756771 0.374074 0.0197917 0.0296296 0.00172558
7 0.990365 0.51713 0.0182292 0.182407 0.00178154
2 0.479167 0.114352 0.402083 0.087963 0.00186878
1 0.810938 0.33287 0.0197917 0.0935185 0.00187446
2 0.496875 0.0731481 0.0270833 0.0222222 0.00196984
2 0.771615 0.113426 0.0140625 0.0287037 0.00204147
9 0.415885 0.00972222 0.0151042 0.0194444 0.00213083
9 0.548437 0.0513889 0.0114583 0.0287037 0.00219057
2 0.777083 0.108333 0.0239583 0.0407407 0.00219096
0 0.995573 0.329167 0.0078125 0.0490741 0.00219525
7 0.970573 0.525 0.0578125 0.196296 0.00221034
9 0.816667 0.236111 0.009375 0.0388889 0.00227393
9 0.991406 0.509259 0.0161458 0.153704 0.00229794
0 0.716667 0.372685 0.025 0.0268519 0.0023997
2 0.291406 0.0921296 0.0286458 0.0583333 0.00244853
0 0.75625 0.0967593 0.0145833 0.0768519 0.00248775
2 0.222396 0.1375 0.0510417 0.0490741 0.00251487
9 0.209375 0.0671296 0.0270833 0.0453704 0.0029325
2 0.79375 0.0865741 0.0322917 0.0287037 0.00306119
0 0.2625 0.10787 0.009375 0.0472222 0.00338967
2 0.266667 0.0986111 0.0104167 0.0527778 0.00340606
2 0.592969 0.125 0.0171875 0.0259259 0.00345388
2 0.239063 0.107407 0.0166667 0.0388889 0.00353165
11 0.23724 0.0694444 0.0171875 0.0444444 0.00364563
9 0.571875 0.0314815 0.0135417 0.0592593 0.00437583
9 0.270312 0.0550926 0.0197917 0.0361111 0.00491705
12 0.755729 0.0907407 0.0125 0.0685185 0.00578711
9 0.115104 0.0231481 0.01875 0.0425926 0.00607239
9 0.50026 0.602778 0.0151042 0.0388889 0.00651522
1 0.025 0.39537 0.05 0.112963 0.0066881
12 0.993229 0.500926 0.0125 0.138889 0.0069244
2 0.364062 0.0685185 0.0104167 0.0222222 0.00813715
2 0.466667 0.0898148 0.0385417 0.0388889 0.00835976
5 0.219792 0.0634259 0.0479167 0.0583333 0.00895143
2 0.0257812 0.368981 0.0515625 0.0583333 0.00901845
2 0.0114583 0.368519 0.0229167 0.0462963 0.00940393
2 0.0135417 0.390741 0.0270833 0.0981481 0.00951267
2 0.65026 0.149537 0.0390625 0.0583333 0.0103143
2 0.271875 0.108333 0.0145833 0.0407407 0.0118143
2 0.486979 0.108333 0.0114583 0.0574074 0.0126784
2 0.00494792 0.373611 0.00989583 0.062037 0.0143994
2 0.336719 0.0884259 0.0182292 0.0324074 0.0174127
2 0.784896 0.0907407 0.0135417 0.0222222 0.0176262
9 0.270052 0.0365741 0.0213542 0.0675926 0.0177784
0 0.363021 0.0689815 0.009375 0.0231481 0.0186488
1 0.009375 0.397222 0.01875 0.111111 0.0195197
11 0.60651 0.0597222 0.00989583 0.025 0.0202882
7 0.220313 0.0643518 0.0510417 0.0787037 0.0212197
2 0.635417 0.146296 0.0114583 0.0537037 0.0258932
2 0.238281 0.141204 0.0182292 0.0416667 0.0305326
0 0.635677 0.148148 0.00989583 0.0518519 0.0330854
9 0.567708 0.0486111 0.00833333 0.025 0.037333
9 0.502604 0.761111 0.0125 0.0537037 0.0516795
2 0.489062 0.0787037 0.0166667 0.0314815 0.0542238
1 0.00442708 0.404167 0.00885417 0.0972222 0.058756
2 0.440625 0.0833333 0.0104167 0.0240741 0.0807555
0 0.407813 0.0583333 0.00729167 0.0296296 0.180745
2 0.29974 0.106019 0.0380208 0.0805556 0.24547
2 0.321615 0.0902778 0.0390625 0.037963 0.267619
2 0.627865 0.121296 0.0255208 0.05 0.397544
10 0.203906 0.316667 0.0161458 0.0703704 0.530619
2 0.507812 0.10463 0.0395833 0.062963 0.675411
2 0.318229 0.120833 0.0510417 0.0712963 0.749308
2 0.463542 0.106481 0.0510417 0.0740741 0.765151
11 0.729427 0.0430556 0.0265625 0.0546296 0.801853
2 0.729948 0.418981 0.122396 0.171296 0.910413
