2 0.536198 0.110648 0.0119792 0.0472222 0.00105449
12 0.689323 0.164815 0.0140625 0.0388889 0.00107587
12 0.995573 0.529167 0.0078125 0.037963 0.00108808
13 0.976823 0.523611 0.0453125 0.187963 0.00110719
12 0.982813 0.498611 0.0333333 0.134259 0.00111443
9 0.547917 0.0523148 0.0104167 0.025 0.0011508
2 0.361719 0.075 0.00989583 0.0296296 0.00115378
0 0.635417 0.150926 0.0114583 0.0611111 0.0011609
0 0.0539063 0.115741 0.00989583 0.0537037 0.00118
2 0.655729 0.138426 0.0802083 0.0824074 0.00123339
2 0.53151 0.112963 0.0130208 0.0425926 0.0012381
9 0.578906 0.0328704 0.0140625 0.062037 0.00129586
9 0.36224 0.0449074 0.00989583 0.0287037 0.00130352
2 0.0721354 0.049537 0.0151042 0.025 0.00136678
2 0.0520833 0.0537037 0.053125 0.0518519 0.00137058
2 0.0195312 0.140741 0.0380208 0.0592593 0.0013726
9 0.559115 0.0236111 0.0213542 0.0435185 0.00137909
2 0.61901 0.419907 0.434896 0.184259 0.00139161
12 0.702083 0.12963 0.0229167 0.0685185 0.00148732
32 0.454167 0.314352 0.00729167 0.0138889 0.00154272
9 0.219531 0.102315 0.00989583 0.0398148 0.00160022
2 0.65 0.15 0.0385417 0.0574074 0.00161622
9 0.258594 0.0740741 0.0130208 0.0481481 0.00161817
2 0.295833 0.135648 0.015625 0.0472222 0.00163836
0 0.263281 0.107407 0.0078125 0.0425926 0.0016868
9 0.415885 0.0101852 0.0161458 0.0203704 0.00183344
9 0.105469 0.0282407 0.0140625 0.0398148 0.00189647
9 0.253125 0.087037 0.0145833 0.0333333 0.00195386
0 0.716406 0.371759 0.0234375 0.0268519 0.00196845
1 0.782552 0.307407 0.0161458 0.062963 0.00204814
9 0.116406 0.025 0.0171875 0.0388889 0.00207101
2 0.0127604 0.367593 0.0255208 0.0574074 0.00210608
12 0.701823 0.160185 0.0223958 0.0444444 0.00211286
2 0.0138021 0.393981 0.0276042 0.119444 0.00216383
9 0.457812 0.0643518 0.00729167 0.0305556 0.00232886
2 0.363542 0.0671296 0.0114583 0.0212963 0.00234535
9 0.216406 0.0666667 0.0432292 0.0537037 0.00244294
12 0.69401 0.163426 0.00677083 0.037963 0.00259264
0 0.75651 0.0893519 0.0151042 0.0787037 0.00269836
9 0.757292 0.0722222 0.0125 0.0444444 0.00271097
2 0.55599 0.110185 0.289062 0.0685185 0.00276541
2 0.0625 0.062963 0.0322917 0.0351852 0.00284803
2 0.442708 0.087963 0.0135417 0.0277778 0.00285574
7 0.217969 0.0638889 0.0463542 0.0648148 0.00290126
9 0.428906 0.0314815 0.00989583 0.0314815 0.00293758
9 0.266146 0.0930556 0.0104167 0.0435185 0.00295718
12 0.817187 0.234722 0.00833333 0.0416667 0.00303135
2 0.405729 0.1125 0.266667 0.075 0.00305714
0 0.442969 0.0990741 0.0171875 0.0518519 0.00320531
1 0.00546875 0.370833 0.0109375 0.075 0.003333
9 0.29349 0.0560185 0.00989583 0.0435185 0.00348969
9 0.292448 0.0703704 0.0119792 0.0166667 0.0038744
9 0.265104 0.0384259 0.021875 0.0675926 0.003919
1 0.00859375 0.395833 0.0171875 0.119444 0.00392523
2 0.238542 0.140741 0.01875 0.0425926 0.00454427
2 0.339063 0.10787 0.03125 0.0472222 0.00469536
2 0.43776 0.110185 0.149479 0.0592593 0.0049308
9 0.263021 0.0865741 0.00833333 0.0305556 0.0050732
9 0.56875 0.0319444 0.0135417 0.0583333 0.00515269
1 0.802083 0.32037 0.0322917 0.087037 0.00593412
2 0.00416667 0.408333 0.00833333 0.0925926 0.00605078
12 0.994792 0.494907 0.009375 0.132407 0.0060713
2 0.60625 0.0597222 0.0104167 0.025 0.00629673
0 0.00416667 0.399074 0.00833333 0.107407 0.00665166
9 0.442448 0.087037 0.0130208 0.0259259 0.00718895
11 0.23724 0.0675926 0.0161458 0.0407407 0.00833208
2 0.635417 0.148148 0.0104167 0.0518519 0.0092422
9 0.207813 0.0652778 0.0208333 0.0416667 0.0114487
2 0.785417 0.0893519 0.0145833 0.0231481 0.0129215
2 0.592708 0.126852 0.0177083 0.0222222 0.0132972
9 0.220313 0.0888889 0.009375 0.0166667 0.0150087
9 0.26901 0.0236111 0.0203125 0.0416667 0.0215542
2 0.271354 0.112963 0.0145833 0.0314815 0.0270218
1 0.810938 0.331481 0.01875 0.0944444 0.0300302
7 0.320573 0.0944444 0.0453125 0.0518519 0.0341011
2 0.291927 0.109722 0.0265625 0.0805556 0.0375713
9 0.502604 0.759259 0.0125 0.0555556 0.0446538
2 0.461458 0.114352 0.0125 0.0342593 0.0630834
9 0.567448 0.0481481 0.00885417 0.0240741 0.0729844
9 0.222396 0.0574074 0.0125 0.0333333 0.0776983
7 0.297135 0.108333 0.0390625 0.0833333 0.109565
2 0.322396 0.0851852 0.0395833 0.0314815 0.175742
2 0.480208 0.108796 0.0208333 0.0453704 0.193926
2 0.466927 0.110185 0.0213542 0.0425926 0.204406
2 0.50651 0.103704 0.0411458 0.062963 0.500675
2 0.627604 0.122685 0.025 0.0527778 0.519637
2 0.31875 0.121759 0.0510417 0.0712963 0.648745
2 0.351042 0.112963 0.0197917 0.037037 0.716516
10 0.204167 0.316667 0.015625 0.0703704 0.735907
11 0.729427 0.0435185 0.0276042 0.0574074 0.7503
2 0.529427 0.27963 0.0942708 0.127778 0.872929
2 0.729688 0.42037 0.122917 0.17037 0.910835
