9 0.213281 0.0675926 0.0380208 0.0537037 0.00103629
2 0.65599 0.139352 0.0817708 0.0842593 0.00103644
12 0.701823 0.165278 0.0203125 0.037963 0.0011156
0 0.757031 0.129167 0.0109375 0.0398148 0.00112252
9 0.24375 0.0935185 0.00833333 0.0277778 0.00113728
7 0.970573 0.523148 0.0578125 0.192593 0.00114687
12 0.688802 0.167593 0.0140625 0.0351852 0.00116199
2 0.569792 0.420833 0.538542 0.178704 0.00125231
12 0.98724 0.506944 0.0244792 0.149074 0.00127019
9 0.416146 0.0106481 0.0166667 0.0212963 0.00127223
7 0.98776 0.525 0.0234375 0.207407 0.001311
9 0.259375 0.0703704 0.0125 0.0518519 0.00131101
9 0.3625 0.0439815 0.009375 0.0305556 0.00135292
7 0.21276 0.0611111 0.0338542 0.0574074 0.00140591
12 0.69375 0.165278 0.00729167 0.037963 0.0016352
9 0.260938 0.0490741 0.0125 0.0462963 0.00164729
2 0.46224 0.0972222 0.0671875 0.0722222 0.00173194
9 0.253125 0.087963 0.0145833 0.0351852 0.00177265
13 0.961458 0.555556 0.0385417 0.0407407 0.00191298
12 0.702083 0.14537 0.0229167 0.0740741 0.00192244
7 0.993229 0.518056 0.0125 0.173148 0.00197396
2 0.363802 0.0671296 0.0119792 0.0194444 0.001995
2 0.59349 0.125 0.0161458 0.0240741 0.00212959
13 0.98724 0.518981 0.0244792 0.176852 0.00217421
9 0.817187 0.236574 0.00833333 0.0398148 0.00219774
2 0.779948 0.108333 0.0296875 0.0555556 0.00227266
11 0.236719 0.0671296 0.0182292 0.0416667 0.00230925
2 0.291146 0.0708333 0.0135417 0.0138889 0.00273247
9 0.27526 0.0402778 0.0359375 0.0768519 0.00287308
7 0.789062 0.0657407 0.0260417 0.062963 0.00292596
0 0.75651 0.373611 0.0203125 0.0305556 0.00303255
0 0.75625 0.0967593 0.015625 0.0861111 0.00309607
2 0.450521 0.104167 0.034375 0.0435185 0.00321023
5 0.219531 0.0796296 0.0536458 0.0740741 0.00337431
0 0.727083 0.372222 0.0291667 0.0296296 0.00339016
9 0.266667 0.1 0.0114583 0.0555556 0.0034892
2 0.238542 0.140278 0.01875 0.0435185 0.00366372
2 0.522396 0.106944 0.130208 0.0657407 0.00375766
0 0.221354 0.862037 0.078125 0.062963 0.00379292
9 0.26276 0.0902778 0.0078125 0.037963 0.00386277
9 0.50026 0.603241 0.0151042 0.0398148 0.00390717
9 0.547917 0.0592593 0.0104167 0.0222222 0.00400216
2 0.3875 0.105556 0.235417 0.0759259 0.00409483
0 0.263021 0.10463 0.00833333 0.05 0.00425934
9 0.220573 0.0898148 0.00989583 0.0148148 0.00500038
9 0.207292 0.0675926 0.0197917 0.0425926 0.00511694
0 0.240885 0.860648 0.0359375 0.0601852 0.00588729
1 0.809896 0.334722 0.01875 0.0787037 0.00601943
9 0.21901 0.0550926 0.0213542 0.0490741 0.00603866
7 0.219531 0.0689815 0.0536458 0.0824074 0.00619205
2 0.60625 0.0611111 0.0104167 0.0240741 0.006245
2 0.271094 0.110185 0.0140625 0.0388889 0.00631159
9 0.29375 0.0560185 0.009375 0.0361111 0.00647661
9 0.572656 0.0314815 0.0130208 0.0592593 0.00717507
12 0.994531 0.5 0.00989583 0.140741 0.00768188
0 0.185677 0.868519 0.0401042 0.0537037 0.00783794
1 0.0127604 0.367593 0.0255208 0.0444444 0.00815233
2 0.813802 0.075463 0.0182292 0.0175926 0.011044
0 0.00442708 0.40463 0.00885417 0.0907407 0.0133547
0 0.758073 0.0763889 0.0109375 0.0472222 0.0133711
9 0.584896 0.0393519 0.0114583 0.0490741 0.0138859
0 0.635156 0.147685 0.00989583 0.0490741 0.0145482
9 0.502344 0.759722 0.0140625 0.0546296 0.0151788
0 0.26224 0.860185 0.0401042 0.0592593 0.0168324
9 0.269531 0.0310185 0.0213542 0.0564815 0.0175446
0 0.714844 0.372222 0.0244792 0.0259259 0.0176446
1 0.00442708 0.407407 0.00885417 0.087037 0.0191463
1 0.009375 0.397222 0.01875 0.109259 0.0207789
0 0.44375 0.0851852 0.015625 0.0314815 0.0281156
2 0.634896 0.143519 0.0114583 0.0481481 0.0316181
2 0.785677 0.0902778 0.0161458 0.0231481 0.0388127
2 0.298958 0.108333 0.040625 0.0814815 0.0852266
9 0.567187 0.0486111 0.00833333 0.0231481 0.09023
7 0.298438 0.10787 0.0416667 0.0824074 0.108898
2 0.321875 0.0888889 0.0385417 0.0388889 0.34282
10 0.204167 0.316204 0.015625 0.0712963 0.350133
2 0.472135 0.109722 0.0328125 0.0435185 0.388375
2 0.627604 0.122685 0.025 0.0509259 0.431258
2 0.456771 0.0703704 0.0458333 0.0296296 0.45696
2 0.50599 0.104167 0.0421875 0.062037 0.579057
2 0.31849 0.121759 0.0505208 0.0694444 0.735557
11 0.728906 0.0430556 0.0265625 0.0564815 0.801456
2 0.729948 0.419444 0.122396 0.17037 0.900299
2 0.23099 0.886574 0.221354 0.223148 0.914281
