2 0.777865 0.102778 0.0265625 0.0537037 0.00100039
9 0.500521 0.603241 0.015625 0.0416667 0.00101438
2 0.815104 0.0689815 0.015625 0.0138889 0.00101927
0 0.402083 0.253704 0.021875 0.0388889 0.00102412
7 0.790365 0.0648148 0.0296875 0.0611111 0.00104293
2 0.200781 0.244444 0.0182292 0.0148148 0.00105459
9 0.26224 0.0453704 0.0151042 0.0537037 0.00113815
1 0.0786458 0.154167 0.0458333 0.0601852 0.00116021
9 0.259896 0.0740741 0.0125 0.0462963 0.00116039
12 0.716406 0.164352 0.0130208 0.0342593 0.00117941
9 0.571094 0.0324074 0.0140625 0.0592593 0.0012002
2 0.264323 0.108333 0.00989583 0.0425926 0.00126241
2 0.809896 0.0708333 0.0166667 0.0175926 0.00126322
9 0.18776 0.0851852 0.00677083 0.0296296 0.00133997
2 0.775521 0.121296 0.0208333 0.0407407 0.0013659
9 0.263281 0.0875 0.0078125 0.037963 0.00136599
2 0.639063 0.129167 0.0489583 0.062037 0.00142709
9 0.190365 0.0907407 0.00989583 0.0240741 0.00158356
13 0.96224 0.55463 0.0401042 0.0407407 0.00162304
0 0.716146 0.371759 0.0229167 0.0268519 0.00165607
0 0.464844 0.324537 0.719271 0.289815 0.00166898
2 0.295573 0.106019 0.100521 0.087963 0.00170485
9 0.236719 0.0648148 0.0171875 0.0388889 0.00175469
9 0.547917 0.0513889 0.0104167 0.025 0.00175588
12 0.976302 0.496296 0.0432292 0.127778 0.00176848
2 0.573438 0.424537 0.670833 0.184259 0.00196682
58 0.96849 0.492593 0.0296875 0.0925926 0.0020314
1 0.0234375 0.167593 0.0427083 0.0611111 0.00209879
9 0.216667 0.0800926 0.01875 0.0305556 0.0022398
12 0.702083 0.164352 0.0197917 0.037963 0.00231792
7 0.970573 0.525926 0.0578125 0.209259 0.00234821
1 0.0078125 0.358796 0.015625 0.128704 0.00242779
2 0.267188 0.0981481 0.0104167 0.0537037 0.00251414
0 0.357552 0.251852 0.0234375 0.0296296 0.00252125
13 0.99349 0.517593 0.0119792 0.174074 0.00256128
9 0.292969 0.0675926 0.00989583 0.0240741 0.00291698
0 0.1875 0.108796 0.00729167 0.0490741 0.00304206
1 0.0132813 0.369444 0.0265625 0.0462963 0.00322626
7 0.211719 0.0638889 0.0348958 0.0574074 0.00332732
2 0.814323 0.075463 0.0171875 0.0175926 0.00335052
2 0.278906 0.117593 0.0317708 0.0518519 0.00363468
0 0.757552 0.0925926 0.0140625 0.0814815 0.00370168
2 0.648177 0.146759 0.0369792 0.0601852 0.00374255
5 0.213021 0.0625 0.0364583 0.0583333 0.00408953
12 0.692448 0.164352 0.0078125 0.037963 0.00410388
2 0.434635 0.106481 0.261979 0.0685185 0.0042899
11 0.23724 0.0689815 0.0161458 0.0435185 0.00436345
12 0.994531 0.493981 0.00989583 0.132407 0.00472157
2 0.31224 0.0828704 0.0255208 0.0361111 0.00500573
9 0.110417 0.0268519 0.0135417 0.0351852 0.00529071
13 0.970573 0.522685 0.0578125 0.187963 0.00602745
7 0.295833 0.107407 0.0302083 0.0759259 0.0066158
2 0.33099 0.102778 0.0286458 0.0425926 0.00690963
0 0.363281 0.0675926 0.0119792 0.0240741 0.00702265
1 0.00416667 0.408796 0.00833333 0.0824074 0.00722703
11 0.605729 0.0597222 0.009375 0.0212963 0.00800621
0 0.392969 0.251852 0.0244792 0.0314815 0.00854954
2 0.365365 0.10787 0.0838542 0.062037 0.00871447
9 0.206771 0.0680556 0.0197917 0.0435185 0.00881503
9 0.114844 0.0236111 0.0119792 0.0361111 0.00962017
2 0.238542 0.141204 0.01875 0.0398148 0.0101307
2 0.592708 0.126852 0.0166667 0.0222222 0.0116001
0 0.382552 0.250926 0.0296875 0.0314815 0.0118854
0 0.284375 0.107407 0.0104167 0.0555556 0.0128155
9 0.502344 0.758333 0.0130208 0.0592593 0.0131192
1 0.00963542 0.397685 0.0192708 0.108333 0.0133358
9 0.269271 0.0342593 0.0208333 0.0592593 0.0160038
2 0.441667 0.0884259 0.0135417 0.0342593 0.0169109
2 0.785417 0.087963 0.0135417 0.0240741 0.0173546
2 0.635156 0.145833 0.0109375 0.0564815 0.019836
0 0.635417 0.147685 0.009375 0.0509259 0.0201524
2 0.296094 0.106944 0.0296875 0.0694444 0.0213259
2 0.3625 0.0699074 0.0104167 0.0268519 0.024321
1 0.0510417 0.162037 0.0677083 0.0796296 0.0303491
2 0.270052 0.1125 0.0130208 0.0324074 0.0303609
9 0.567448 0.0476852 0.0078125 0.0231481 0.0348276
0 0.441927 0.0893519 0.0130208 0.0268519 0.0446009
2 0.46224 0.101852 0.0442708 0.0648148 0.0472231
2 0.290104 0.119907 0.0208333 0.0564815 0.047389
9 0.222917 0.0587963 0.0114583 0.0361111 0.117923
2 0.322396 0.087037 0.0375 0.0351852 0.320692
2 0.627604 0.121296 0.025 0.0518519 0.394754
7 0.50599 0.104167 0.0432292 0.062037 0.398862
2 0.50599 0.104167 0.0432292 0.062037 0.493896
7 0.463281 0.1 0.0421875 0.0685185 0.498781
2 0.386719 0.0976852 0.0328125 0.0490741 0.745604
2 0.31849 0.122685 0.0505208 0.0694444 0.771586
10 0.203646 0.315741 0.0166667 0.0722222 0.787954
11 0.729427 0.0430556 0.0265625 0.0546296 0.813741
2 0.377865 0.290741 0.106771 0.164815 0.868939
2 0.729427 0.419907 0.122396 0.171296 0.914809
