0 0.188021 0.118056 0.00729167 0.0416667 0.00101221
9 0.415625 0.0106481 0.015625 0.0212963 0.00106234
2 0.288281 0.0842593 0.0213542 0.0444444 0.00109462
0 0.389583 0.255093 0.015625 0.0287037 0.00110847
12 0.701823 0.164352 0.0223958 0.037963 0.00113838
7 0.146615 0.0828704 0.0630208 0.0564815 0.00117177
9 0.361458 0.0680556 0.0114583 0.0212963 0.00122819
9 0.263802 0.0356481 0.0130208 0.0546296 0.0013509
0 0.758073 0.0842593 0.0119792 0.0537037 0.00150513
0 0.570312 0.180556 0.457292 0.222222 0.00151965
0 0.729427 0.371759 0.0255208 0.0305556 0.00152722
0 0.75625 0.10463 0.0135417 0.0611111 0.00154456
2 0.771615 0.118519 0.0140625 0.037037 0.00156622
9 0.548437 0.0481481 0.0114583 0.0277778 0.00161161
9 0.767969 0.0185185 0.0140625 0.0351852 0.00161163
9 0.56276 0.05 0.0192708 0.0277778 0.00169218
2 0.300521 0.105093 0.0833333 0.0916667 0.00171733
0 0.361719 0.0694444 0.00885417 0.0240741 0.00180261
7 0.792448 0.0638889 0.0338542 0.0574074 0.00182639
0 0.457812 0.0652778 0.00729167 0.0324074 0.00188544
0 0.263281 0.101852 0.00885417 0.0574074 0.00198619
9 0.263021 0.0898148 0.00729167 0.0444444 0.00215471
9 0.258333 0.074537 0.0114583 0.0472222 0.00217228
9 0.270052 0.0527778 0.0192708 0.0333333 0.00219529
2 0.782812 0.103704 0.0364583 0.0518519 0.00225193
12 0.69349 0.163426 0.00677083 0.0398148 0.00225741
0 0.756771 0.373611 0.0197917 0.0324074 0.00226377
9 0.235417 0.0662037 0.0197917 0.0398148 0.00227153
0 0.542188 0.302315 0.570833 0.500926 0.00229895
12 0.99401 0.517593 0.0109375 0.168519 0.00237618
2 0.628385 0.4875 0.717188 0.273148 0.00247253
9 0.557813 0.0263889 0.0229167 0.0453704 0.00249717
2 0.363542 0.0685185 0.0125 0.0222222 0.00250371
2 0.567187 0.109722 0.226042 0.0675926 0.00251809
9 0.253646 0.0847222 0.0135417 0.0361111 0.00296535
13 0.0135417 0.394907 0.0270833 0.117593 0.00308682
2 0.813281 0.075463 0.0140625 0.0194444 0.00310272
2 0.403125 0.109722 0.273958 0.0768519 0.00318036
2 0.239844 0.106944 0.0171875 0.0342593 0.00322016
5 0.220833 0.0671296 0.05 0.0564815 0.0035049
11 0.60625 0.0615741 0.0104167 0.025 0.00352175
9 0.585156 0.037037 0.0140625 0.0537037 0.00375293
9 0.577604 0.0328704 0.0145833 0.0583333 0.0038363
9 0.269531 0.0212963 0.0203125 0.037037 0.0039498
7 0.220573 0.0675926 0.0505208 0.0555556 0.00397347
0 0.552865 0.452315 0.0411458 0.0416667 0.0041041
1 0.00416667 0.409722 0.00833333 0.0861111 0.00417164
11 0.2375 0.0694444 0.0166667 0.0444444 0.0045318
0 0.572656 0.453704 0.0473958 0.0425926 0.00461804
11 0.240625 0.0337963 0.021875 0.0657407 0.00469846
13 0.00416667 0.409259 0.00833333 0.087037 0.00479281
9 0.590104 0.0407407 0.0135417 0.0388889 0.00492536
2 0.661198 0.150926 0.0630208 0.0611111 0.00507507
2 0.267448 0.100463 0.0119792 0.0583333 0.00555269
0 0.44349 0.0972222 0.0182292 0.0481481 0.00589289
0 0.600781 0.45787 0.0317708 0.0416667 0.00664605
9 0.220313 0.0662037 0.046875 0.0509259 0.00679821
2 0.592708 0.124074 0.0177083 0.0277778 0.00697076
0 0.715104 0.372222 0.0239583 0.0277778 0.00719878
1 0.0122396 0.369444 0.0244792 0.0574074 0.00761821
0 0.995573 0.327778 0.0078125 0.0518519 0.00824681
9 0.757812 0.075463 0.0104167 0.0435185 0.00956074
9 0.992969 0.503704 0.0130208 0.142593 0.0106006
0 0.540625 0.449537 0.0302083 0.0398148 0.0127131
1 0.00963542 0.396296 0.0192708 0.118519 0.0145673
9 0.56901 0.0314815 0.0130208 0.0592593 0.0149772
10 0.443229 0.0884259 0.0135417 0.0287037 0.0151188
2 0.271875 0.110185 0.0135417 0.0407407 0.0201806
2 0.7875 0.0893519 0.01875 0.0231481 0.0233015
9 0.207292 0.0675926 0.0197917 0.0425926 0.0261822
2 0.635417 0.147222 0.0114583 0.0537037 0.0488175
0 0.635677 0.147685 0.00989583 0.0490741 0.0820137
9 0.567448 0.0490741 0.00885417 0.0240741 0.08995
2 0.297135 0.107407 0.0348958 0.0814815 0.11128
7 0.296615 0.107407 0.0348958 0.0814815 0.12636
2 0.464583 0.110185 0.0177083 0.0444444 0.157503
2 0.321875 0.087963 0.0375 0.0333333 0.279491
2 0.627604 0.122222 0.0260417 0.0518519 0.308032
2 0.475781 0.109259 0.0338542 0.0462963 0.458606
2 0.50651 0.104167 0.0421875 0.0638889 0.509273
2 0.31849 0.121759 0.0505208 0.0712963 0.737255
11 0.729427 0.0425926 0.0265625 0.0555556 0.746253
10 0.203646 0.316667 0.0166667 0.0703704 0.790905
2 0.382812 0.268519 0.0885417 0.118519 0.88981
2 0.730208 0.417593 0.122917 0.17037 0.900881
2 0.56224 0.506019 0.155729 0.230556 0.920767
