9 0.559115 0.0305556 0.0255208 0.0592593 0.00108553
10 0.195573 0.296296 0.0338542 0.112963 0.00109478
2 0.254167 0.087037 0.0177083 0.037037 0.00109529
2 0.972917 0.516667 0.053125 0.168519 0.00110658
2 0.790625 0.104167 0.0520833 0.0638889 0.00110933
9 0.816927 0.234722 0.00885417 0.0398148 0.00113766
2 0.401563 0.109259 0.0270833 0.05 0.00122296
2 0.655469 0.137963 0.0838542 0.0833333 0.00133597
2 0.0625 0.0694444 0.034375 0.0277778 0.00138064
2 0.240104 0.10463 0.015625 0.0333333 0.00139479
13 0.99349 0.518519 0.0119792 0.168519 0.00141153
2 0.813021 0.0759259 0.021875 0.0203704 0.00141976
32 0.460417 0.356481 0.0104167 0.0166667 0.0014563
2 0.306771 0.0986111 0.14375 0.10463 0.00155308
0 0.263021 0.0902778 0.009375 0.0435185 0.00156289
2 0.641667 0.151852 0.021875 0.062963 0.00157396
32 0.454427 0.314352 0.0078125 0.0138889 0.0015903
2 0.814844 0.0708333 0.0171875 0.0138889 0.00169342
9 0.485156 0.037037 0.0109375 0.0444444 0.00170889
1 0.00494792 0.3875 0.00989583 0.117593 0.00174196
9 0.588281 0.0393519 0.0151042 0.0546296 0.00178639
2 0.00520833 0.410185 0.0104167 0.0851852 0.00180854
9 0.27526 0.0398148 0.0369792 0.0759259 0.00188676
2 0.53099 0.0768519 0.0109375 0.0259259 0.00193659
11 0.60625 0.0601852 0.0104167 0.0240741 0.00198033
2 0.445833 0.101389 0.0239583 0.0453704 0.00200529
2 0.271094 0.0527778 0.0213542 0.0407407 0.00201767
12 0.699479 0.163426 0.0229167 0.0416667 0.00220969
13 0.0130208 0.393056 0.0260417 0.121296 0.00221145
11 0.236719 0.0666667 0.0171875 0.0407407 0.00228686
2 0.817448 0.234259 0.00885417 0.0388889 0.00240115
2 0.798437 0.0828704 0.0489583 0.0342593 0.00259427
9 0.76849 0.0481481 0.0213542 0.0944444 0.00263571
9 0.109375 0.0259259 0.0125 0.0388889 0.00286024
2 0.341406 0.108333 0.00885417 0.05 0.00287043
2 0.291406 0.0722222 0.0140625 0.0148148 0.00288665
2 0.775 0.116667 0.0197917 0.0333333 0.00294729
2 0.546875 0.112963 0.344792 0.0796296 0.00319348
13 0.0046875 0.399074 0.009375 0.105556 0.00332821
58 0.968229 0.496296 0.0302083 0.087037 0.00350772
7 0.27526 0.0643518 0.0369792 0.123148 0.0036129
9 0.548437 0.0518519 0.0114583 0.0259259 0.00361674
9 0.994271 0.496759 0.0104167 0.132407 0.00366514
2 0.441667 0.110185 0.148958 0.0740741 0.00376619
13 0.971094 0.518981 0.0567708 0.173148 0.00400217
2 0.266927 0.0990741 0.0109375 0.0555556 0.00424907
9 0.416406 0.0134259 0.0171875 0.0268519 0.0045004
9 0.270052 0.0481481 0.0203125 0.0388889 0.00451906
2 0.442708 0.0865741 0.0145833 0.0268519 0.00498049
2 0.531771 0.108333 0.015625 0.0481481 0.0055063
9 0.757031 0.0722222 0.0109375 0.0407407 0.00613635
2 0.269792 0.108796 0.0125 0.0398148 0.00624667
2 0.341927 0.0759259 0.0171875 0.0518519 0.00630752
0 0.284375 0.0925926 0.0104167 0.0407407 0.00642851
2 0.28776 0.1125 0.0182292 0.0768519 0.00691242
13 0.961458 0.555093 0.0385417 0.0435185 0.00801495
9 0.485156 0.0217593 0.0109375 0.0324074 0.00853919
2 0.786719 0.0884259 0.0161458 0.025 0.00856508
2 0.238021 0.140741 0.0177083 0.0425926 0.00896801
0 0.995313 0.328704 0.00833333 0.0537037 0.00906226
9 0.502344 0.759722 0.0130208 0.0546296 0.0114137
9 0.207813 0.0675926 0.0229167 0.0462963 0.0116891
9 0.572135 0.0310185 0.0130208 0.0601852 0.0119532
9 0.582552 0.0347222 0.0151042 0.0638889 0.0125567
9 0.26849 0.0212963 0.0203125 0.0351852 0.012678
12 0.691667 0.165278 0.0114583 0.037963 0.0129461
2 0.334375 0.101389 0.0677083 0.0842593 0.013735
2 0.592188 0.127315 0.0177083 0.0212963 0.0149565
9 0.442969 0.0875 0.0140625 0.0268519 0.0169667
2 0.403125 0.121296 0.015625 0.0388889 0.0183113
0 0.635156 0.149074 0.00989583 0.0537037 0.0184132
0 0.757812 0.121296 0.0135417 0.0314815 0.0187881
2 0.634896 0.147685 0.0125 0.0564815 0.0189566
2 0.489062 0.107407 0.015625 0.05 0.0216556
2 0.372656 0.0925926 0.0484375 0.0851852 0.025049
5 0.220313 0.0666667 0.0489583 0.0592593 0.0256387
2 0.297396 0.106944 0.034375 0.0805556 0.0301442
7 0.214583 0.0648148 0.0385417 0.0574074 0.0335049
2 0.328125 0.0726852 0.03125 0.0305556 0.0403259
2 0.532292 0.0842593 0.015625 0.0259259 0.0706768
2 0.3625 0.075 0.04375 0.0518519 0.0747021
9 0.567187 0.0481481 0.00833333 0.0240741 0.0871079
2 0.46276 0.111111 0.0140625 0.0425926 0.105676
2 0.329427 0.0597222 0.0223958 0.025 0.117836
2 0.472396 0.109259 0.0322917 0.0444444 0.269363
2 0.344531 0.0615741 0.0213542 0.0287037 0.27557
2 0.321094 0.0888889 0.0390625 0.0388889 0.310229
7 0.505208 0.10463 0.0427083 0.062963 0.320988
2 0.627344 0.121296 0.0255208 0.05 0.387258
2 0.364583 0.062963 0.0333333 0.0296296 0.39784
2 0.504948 0.104167 0.0432292 0.062037 0.51494
2 0.388542 0.103704 0.0416667 0.0555556 0.672304
2 0.31849 0.121759 0.0505208 0.0712963 0.688662
10 0.203906 0.315741 0.0161458 0.0722222 0.795983
11 0.729167 0.0435185 0.0270833 0.0574074 0.807899
2 0.383594 0.154167 0.0557292 0.0824074 0.841921
2 0.729948 0.418519 0.122396 0.17037 0.905344
2 0.746094 0.190741 0.127604 0.111111 0.91005
