2 0.6375 0.146759 0.01875 0.0601852 0.00108929
2 0.604688 0.423611 0.696875 0.186111 0.001092
2 0.657292 0.150926 0.0572917 0.062963 0.00115009
0 0.458594 0.0666667 0.0109375 0.0277778 0.00115398
1 0.00494792 0.350926 0.00989583 0.0981481 0.00129063
0 0.635938 0.166667 0.015625 0.109259 0.00137682
2 0.345313 0.103241 0.0114583 0.0453704 0.00139454
2 0.300781 0.127315 0.0255208 0.062037 0.00141473
12 0.9875 0.51713 0.0239583 0.175 0.00148169
9 0.236719 0.0671296 0.0171875 0.0398148 0.00148663
2 0.478906 0.113889 0.401563 0.0833333 0.00150707
32 0.459896 0.355093 0.0104167 0.0138889 0.0015333
0 0.995833 0.320833 0.00729167 0.0564815 0.00153336
58 0.96875 0.493519 0.03125 0.0944444 0.001554
7 0.970833 0.525463 0.0572917 0.210185 0.00156742
1 0.00885417 0.397685 0.0177083 0.112037 0.00162014
9 0.499479 0.601852 0.0135417 0.0407407 0.00163595
2 0.238542 0.139352 0.01875 0.0435185 0.00168761
0 0.754687 0.0902778 0.0125 0.075 0.00171752
12 0.701823 0.1625 0.0192708 0.0416667 0.00183442
9 0.547917 0.0527778 0.0104167 0.0240741 0.00190152
13 0.99375 0.518056 0.0114583 0.173148 0.00193489
2 0.00364583 0.409259 0.00729167 0.0851852 0.0020651
7 0.236198 0.0648148 0.0171875 0.037037 0.00207376
1 0.0122396 0.365741 0.0244792 0.05 0.00207409
9 0.440625 0.210648 0.0114583 0.062037 0.00218855
2 0.255208 0.0865741 0.021875 0.0361111 0.00221326
12 0.976562 0.497685 0.0458333 0.130556 0.00221953
9 0.572917 0.0305556 0.0145833 0.0592593 0.00231044
2 0.789583 0.0884259 0.0166667 0.0194444 0.00233211
9 0.246354 0.0865741 0.00729167 0.0324074 0.00234196
2 0.291406 0.104167 0.0796875 0.0898148 0.00242496
2 0.301562 0.0828704 0.0208333 0.0361111 0.00281583
9 0.2875 0.0513889 0.0145833 0.0898148 0.00293768
2 0.291667 0.0722222 0.0145833 0.0166667 0.00301023
2 0.38125 0.112963 0.18125 0.0814815 0.00302843
2 0.784375 0.0912037 0.0114583 0.0175926 0.00308412
13 0.952604 0.418981 0.0947917 0.14537 0.00319201
0 0.716146 0.371296 0.025 0.0259259 0.00328591
13 0.970573 0.537037 0.0578125 0.161111 0.00339658
13 0.96224 0.551389 0.0390625 0.0416667 0.0036716
9 0.263021 0.0462963 0.0177083 0.0481481 0.00410114
13 0.986198 0.518056 0.0265625 0.182407 0.00413636
12 0.99401 0.51713 0.0109375 0.175 0.00419421
9 0.993229 0.495833 0.0125 0.132407 0.00489494
0 0.265885 0.0972222 0.00989583 0.0518519 0.00493012
9 0.291406 0.0509259 0.00885417 0.0425926 0.00501678
12 0.702083 0.138426 0.021875 0.087963 0.00561889
2 0.440365 0.108796 0.0140625 0.0453704 0.00571071
1 0.00390625 0.395833 0.0078125 0.112037 0.00571195
12 0.691667 0.1625 0.009375 0.0416667 0.00588825
2 0.60625 0.0592593 0.009375 0.0277778 0.00679458
9 0.502604 0.757407 0.0135417 0.0574074 0.0070008
2 0.592448 0.125 0.0171875 0.0240741 0.00713034
9 0.218229 0.103241 0.00833333 0.037963 0.00768127
9 0.263281 0.0893519 0.00885417 0.037963 0.00816616
2 0.363021 0.0662037 0.0135417 0.0268519 0.00865264
2 0.270052 0.108796 0.0130208 0.037963 0.00953731
32 0.454167 0.313889 0.00833333 0.0148148 0.0111343
2 0.334635 0.0884259 0.0223958 0.0342593 0.014248
5 0.21224 0.062037 0.0338542 0.0555556 0.0145985
7 0.219271 0.0643518 0.0510417 0.0601852 0.0165018
2 0.443229 0.0884259 0.0166667 0.0287037 0.0168657
2 0.507292 0.103704 0.0395833 0.0648148 0.0184948
9 0.219271 0.0902778 0.00833333 0.012037 0.0200929
9 0.566927 0.0472222 0.0078125 0.0240741 0.0207621
2 0.292708 0.109259 0.0270833 0.0814815 0.0531604
9 0.26901 0.0356481 0.0223958 0.0675926 0.0617173
7 0.29401 0.107407 0.0286458 0.0851852 0.0716526
0 0.634896 0.146759 0.009375 0.0546296 0.0853148
2 0.321875 0.087037 0.0385417 0.0351852 0.237865
2 0.627344 0.121296 0.0255208 0.05 0.363945
7 0.507292 0.103241 0.0395833 0.0638889 0.511408
2 0.465365 0.115741 0.0494792 0.0685185 0.715255
2 0.317969 0.121296 0.0515625 0.0703704 0.727484
11 0.728906 0.0416667 0.0276042 0.0518519 0.780202
2 0.370313 0.10463 0.0375 0.0537037 0.780632
10 0.203906 0.314815 0.0161458 0.0685185 0.791613
2 0.729688 0.419907 0.122917 0.171296 0.905778
