0 0.263281 0.1 0.00885417 0.0555556 0.00103973
12 0.98724 0.518981 0.0244792 0.176852 0.00107311
0 0.730208 0.372222 0.0270833 0.0296296 0.00108508
2 0.536198 0.110185 0.0119792 0.0462963 0.00114335
9 0.50026 0.601389 0.0151042 0.0416667 0.00115236
2 0.641927 0.415278 0.383854 0.189815 0.00118129
9 0.995313 0.526852 0.00833333 0.0407407 0.00120253
2 0.468229 0.0217593 0.0229167 0.0194444 0.00122646
0 0.3625 0.0731481 0.0104167 0.0333333 0.00127091
2 0.353125 0.110185 0.0239583 0.0407407 0.00127711
5 0.221094 0.0773148 0.0505208 0.0638889 0.001278
58 0.967969 0.494444 0.0286458 0.0925926 0.00129468
13 0.96224 0.553704 0.0401042 0.0407407 0.00134799
9 0.458333 0.0657407 0.00833333 0.0259259 0.00149482
0 0.75625 0.374537 0.021875 0.0305556 0.00154562
1 0.00520833 0.3875 0.0104167 0.134259 0.00158631
10 0.196094 0.294444 0.0317708 0.114815 0.00160749
2 0.53099 0.112963 0.0119792 0.0407407 0.00183826
2 0.413281 0.11713 0.0140625 0.0305556 0.00185328
2 0.238542 0.140278 0.01875 0.0416667 0.00188625
9 0.252604 0.0865741 0.0135417 0.0361111 0.00189548
9 0.29375 0.0560185 0.009375 0.037963 0.00189987
13 0.970052 0.56713 0.0578125 0.0768519 0.00206548
9 0.258854 0.0777778 0.0125 0.0481481 0.00211075
13 0.994271 0.519907 0.0104167 0.171296 0.00211884
9 0.265885 0.0976852 0.0109375 0.0546296 0.00223348
32 0.454167 0.315278 0.00833333 0.0194444 0.00241666
0 0.75651 0.0912037 0.0140625 0.0824074 0.00265096
7 0.970573 0.525463 0.0578125 0.199074 0.00270632
2 0.361458 0.0648148 0.0114583 0.0203704 0.00338262
2 0.423438 0.116667 0.0177083 0.037037 0.00344986
2 0.405208 0.110648 0.2125 0.0601852 0.00352402
2 0.557552 0.110185 0.284896 0.0648148 0.00357322
0 0.716146 0.371759 0.0229167 0.0268519 0.00374189
2 0.442187 0.087037 0.0135417 0.0259259 0.0039403
9 0.502604 0.759722 0.0125 0.0546296 0.00407222
9 0.219271 0.0527778 0.021875 0.0425926 0.00409236
0 0.283594 0.0925926 0.00989583 0.037037 0.00424781
11 0.236979 0.0657407 0.0166667 0.037037 0.00439549
13 0.986458 0.519444 0.0260417 0.17963 0.00446791
9 0.26276 0.0898148 0.0078125 0.0407407 0.00452622
9 0.208073 0.0680556 0.0203125 0.0416667 0.00456609
2 0.425781 0.106944 0.0348958 0.0472222 0.00500229
9 0.994271 0.49537 0.0104167 0.131481 0.00543705
2 0.00442708 0.462037 0.00885417 0.237037 0.00565638
2 0.269531 0.111111 0.0109375 0.0351852 0.00581094
9 0.570833 0.0314815 0.0135417 0.0592593 0.00643695
0 0.285937 0.117593 0.0145833 0.0648148 0.00654612
9 0.21849 0.103704 0.00885417 0.0388889 0.00736547
2 0.292448 0.0722222 0.0119792 0.0148148 0.00816296
11 0.60625 0.0592593 0.009375 0.0240741 0.00872262
2 0.476562 0.109722 0.0645833 0.0509259 0.00964619
9 0.222135 0.0606481 0.0119792 0.0361111 0.0120359
2 0.28724 0.11713 0.0171875 0.0546296 0.0138113
2 0.785937 0.0893519 0.015625 0.0231481 0.0151708
9 0.269271 0.0356481 0.021875 0.0657407 0.0177997
9 0.21875 0.0893519 0.00833333 0.0138889 0.0192034
9 0.442448 0.0847222 0.0119792 0.0212963 0.0203578
2 0.00911458 0.398148 0.0182292 0.111111 0.0300888
0 0.635156 0.148611 0.00885417 0.0509259 0.0336571
2 0.31849 0.0972222 0.0484375 0.0592593 0.0368028
2 0.294531 0.105093 0.0265625 0.0583333 0.0427757
2 0.00494792 0.55787 0.00989583 0.0398148 0.0470065
7 0.298177 0.099537 0.0348958 0.0657407 0.0474314
2 0.488542 0.10787 0.0135417 0.0490741 0.0562652
9 0.567187 0.0476852 0.00833333 0.0231481 0.0694635
2 0.00416667 0.406019 0.00833333 0.0935185 0.0832523
2 0.322396 0.087963 0.0385417 0.0333333 0.192357
2 0.464583 0.112037 0.0166667 0.0388889 0.20426
2 0.434896 0.116204 0.0135417 0.0305556 0.213417
2 0.479427 0.109722 0.0182292 0.0435185 0.218685
2 0.627344 0.120833 0.0255208 0.0490741 0.271517
2 0.50651 0.103704 0.0421875 0.062963 0.533145
2 0.318229 0.120833 0.0520833 0.0694444 0.687356
11 0.729167 0.0425926 0.0270833 0.0555556 0.776597
2 0.392448 0.126852 0.0546875 0.0925926 0.802389
10 0.204427 0.315741 0.0161458 0.0703704 0.809211
2 0.53125 0.248148 0.0916667 0.137037 0.820329
2 0.729427 0.419444 0.122396 0.17037 0.894496
