2 0.753385 0.155556 0.0130208 0.0222222 0.00106243
2 0.277604 0.114815 0.028125 0.0611111 0.00109076
0 0.263542 0.103704 0.00833333 0.0481481 0.00125625
2 0.269792 0.0560185 0.01875 0.037963 0.00125966
11 0.236458 0.0685185 0.0177083 0.0462963 0.00128003
12 0.701042 0.163426 0.0208333 0.0361111 0.00135553
9 0.817187 0.233333 0.00833333 0.0388889 0.00136203
9 0.220573 0.087963 0.0109375 0.012963 0.00140692
13 0.0140625 0.397685 0.028125 0.106481 0.00148148
12 0.690365 0.163889 0.0109375 0.0388889 0.00150159
9 0.566406 0.0310185 0.0151042 0.0564815 0.00152563
2 0.661198 0.145833 0.0692708 0.0731481 0.0015749
58 0.967708 0.491667 0.03125 0.0907407 0.00160393
13 0.961979 0.552778 0.0395833 0.0462963 0.00167031
2 0.404687 0.0921296 0.0354167 0.0435185 0.00171151
2 0.238281 0.1375 0.0192708 0.0453704 0.00172945
2 0.53125 0.103241 0.015625 0.0416667 0.00173766
0 0.716146 0.370833 0.025 0.0287037 0.00200333
13 0.970052 0.509259 0.0567708 0.161111 0.00201805
9 0.244792 0.0828704 0.00625 0.0231481 0.00203623
9 0.275 0.0393519 0.0375 0.0768519 0.00214976
1 0.0140625 0.39537 0.028125 0.111111 0.00223358
2 0.28724 0.075463 0.0182292 0.0287037 0.00227893
2 0.646094 0.391667 0.326562 0.22963 0.0022833
2 0.410937 0.108333 0.272917 0.0740741 0.00229261
1 0.00364583 0.4125 0.00729167 0.0768519 0.00271288
9 0.548698 0.0523148 0.0119792 0.0231481 0.00278889
2 0.539323 0.106944 0.344271 0.0657407 0.00291762
7 0.991927 0.51713 0.0151042 0.173148 0.00308779
0 0.36276 0.0708333 0.00885417 0.0287037 0.00324666
2 0.453906 0.107407 0.139062 0.0611111 0.00325643
7 0.219531 0.0606481 0.0484375 0.062037 0.00338251
9 0.207031 0.0652778 0.0203125 0.0398148 0.00383334
0 0.281771 0.0856481 0.00729167 0.0268519 0.00428587
32 0.453385 0.313426 0.00885417 0.0157407 0.00438742
5 0.220573 0.0638889 0.0484375 0.0537037 0.00465613
9 0.288802 0.0421296 0.0109375 0.0509259 0.00466138
9 0.994271 0.506944 0.0104167 0.156481 0.00478917
9 0.269271 0.0472222 0.01875 0.037037 0.00497676
2 0.784115 0.087037 0.0140625 0.0185185 0.0068353
9 0.291406 0.0518519 0.00885417 0.0462963 0.0069719
7 0.970573 0.524074 0.0578125 0.194444 0.00760977
0 0.286458 0.117593 0.015625 0.0648148 0.00851435
2 0.269792 0.107407 0.0125 0.0388889 0.00874931
9 0.566667 0.0462963 0.009375 0.0240741 0.0108435
0 0.442187 0.0828704 0.0125 0.0212963 0.010891
2 0.291667 0.0712963 0.0104167 0.0166667 0.012116
0 0.634635 0.146296 0.00989583 0.0518519 0.0121274
9 0.26849 0.0268519 0.0213542 0.05 0.0145537
7 0.297396 0.107407 0.034375 0.0833333 0.0149968
2 0.441406 0.087963 0.0130208 0.0296296 0.0155185
2 0.311719 0.0805556 0.0192708 0.0314815 0.0163972
2 0.286458 0.118981 0.015625 0.062037 0.0167666
2 0.427604 0.105093 0.0135417 0.0472222 0.0221184
2 0.293229 0.106481 0.028125 0.0759259 0.0233525
9 0.5 0.600463 0.0145833 0.037963 0.0255733
2 0.634115 0.142593 0.0109375 0.0481481 0.0287256
9 0.501823 0.758796 0.0130208 0.0546296 0.074622
0 0.429167 0.109722 0.009375 0.037963 0.0782811
2 0.463542 0.108796 0.0145833 0.0435185 0.170104
2 0.446094 0.115278 0.0265625 0.0287037 0.172503
2 0.322396 0.0837963 0.0375 0.0342593 0.225534
2 0.47474 0.10787 0.0317708 0.0453704 0.29492
2 0.627083 0.119444 0.025 0.0518519 0.402721
7 0.505729 0.101852 0.0427083 0.062963 0.448138
2 0.505469 0.101852 0.0432292 0.062963 0.464561
2 0.401042 0.110185 0.0510417 0.0796296 0.629007
2 0.542969 0.325926 0.113021 0.17037 0.671655
10 0.203906 0.313426 0.0151042 0.0694444 0.740626
2 0.317969 0.119444 0.0515625 0.0685185 0.762455
11 0.728646 0.0398148 0.0270833 0.0537037 0.780274
2 0.729427 0.417593 0.123438 0.17037 0.909992
