58 0.969271 0.490741 0.03125 0.0981481 0.00102546
58 0.917969 0.183796 0.164062 0.363889 0.00103688
2 0.594792 0.422685 0.483333 0.173148 0.00105732
9 0.103906 0.0300926 0.0130208 0.0398148 0.0010598
2 0.268229 0.0939815 0.0104167 0.0472222 0.00107275
0 0.75599 0.113889 0.0151042 0.0388889 0.00109331
0 0.208854 0.94213 0.0208333 0.112037 0.00109981
7 0.146875 0.0912037 0.0677083 0.075 0.00113735
12 0.975521 0.496759 0.0427083 0.125 0.00115362
9 0.415625 0.0101852 0.015625 0.0203704 0.00118464
0 0.709115 0.373148 0.0203125 0.0277778 0.00124449
13 0.986719 0.519444 0.0255208 0.175926 0.00131163
2 0.301562 0.132407 0.0229167 0.0537037 0.00132499
12 0.692969 0.163889 0.00677083 0.0388889 0.00134971
9 0.581771 0.0361111 0.0135417 0.0574074 0.00136521
2 0.536458 0.110648 0.295833 0.0768519 0.00137565
9 0.26276 0.0856481 0.0078125 0.0342593 0.00141498
2 0.0627604 0.0592593 0.0348958 0.0314815 0.00149124
2 0.363281 0.0680556 0.0119792 0.0231481 0.00150062
12 0.702344 0.164815 0.0203125 0.037037 0.0015096
2 0.638542 0.149074 0.015625 0.0555556 0.0015202
2 0.536719 0.111111 0.00989583 0.0444444 0.00154394
2 0.775 0.12037 0.0208333 0.0425926 0.00154449
2 0.782552 0.106944 0.0369792 0.0638889 0.0015801
2 0.648177 0.149074 0.0359375 0.0555556 0.00176114
0 0.717448 0.371759 0.0223958 0.0268519 0.00178664
11 0.221094 0.0648148 0.0505208 0.0481481 0.00217772
9 0.994531 0.490741 0.00989583 0.12037 0.00223112
2 0.238021 0.139352 0.01875 0.0435185 0.00226256
9 0.29349 0.0569444 0.00989583 0.0416667 0.002396
9 0.428385 0.0310185 0.00989583 0.0305556 0.00246309
1 0.00494792 0.372222 0.00989583 0.122222 0.00256418
2 0.404427 0.110648 0.238021 0.0638889 0.00273209
9 0.269531 0.050463 0.0192708 0.0324074 0.00291423
2 0.532031 0.112037 0.0140625 0.0425926 0.00301336
2 0.276823 0.117593 0.0265625 0.05 0.00320824
0 0.285156 0.107407 0.0130208 0.0759259 0.00351732
12 0.994792 0.49213 0.009375 0.125 0.00366253
9 0.570052 0.0319444 0.0140625 0.0583333 0.00409126
9 0.292448 0.0675926 0.0109375 0.0222222 0.00461831
2 0.00807292 0.394444 0.0161458 0.125926 0.00488068
5 0.220833 0.0643518 0.05 0.0546296 0.00506075
9 0.207813 0.0680556 0.0229167 0.0435185 0.00530624
2 0.442448 0.0865741 0.0130208 0.025 0.00538005
2 0.446094 0.116667 0.0234375 0.0240741 0.00542401
0 0.75651 0.0856481 0.0140625 0.075 0.0061211
7 0.219792 0.0643518 0.05 0.0601852 0.00625181
9 0.21849 0.0527778 0.0213542 0.0444444 0.00672576
2 0.60625 0.0601852 0.0104167 0.0240741 0.00721829
9 0.458073 0.0657407 0.0078125 0.0277778 0.00759217
2 0.785677 0.0893519 0.0161458 0.0231481 0.00788736
11 0.236979 0.0666667 0.0166667 0.0407407 0.00805452
9 0.26875 0.0217593 0.0208333 0.037963 0.0098134
9 0.442187 0.0865741 0.0125 0.025 0.0113285
9 0.220052 0.0893519 0.00885417 0.0138889 0.0121565
2 0.592188 0.127315 0.0166667 0.0212963 0.0123766
2 0.271354 0.1125 0.0145833 0.0324074 0.0133909
2 0.489062 0.107407 0.0135417 0.05 0.0149102
2 0.290104 0.122685 0.01875 0.0546296 0.015486
2 0.00416667 0.404167 0.00833333 0.108333 0.0173702
7 0.295312 0.10787 0.0322917 0.0842593 0.0207968
9 0.502344 0.760185 0.0119792 0.0537037 0.0227124
2 0.460677 0.112963 0.0109375 0.0351852 0.0407164
0 0.635417 0.149537 0.009375 0.0527778 0.0493603
9 0.567187 0.0481481 0.00833333 0.0240741 0.0548941
2 0.466667 0.109722 0.0197917 0.0435185 0.159039
2 0.50625 0.104167 0.0427083 0.0638889 0.212478
2 0.480208 0.108796 0.021875 0.0453704 0.234614
2 0.322396 0.0851852 0.0385417 0.0333333 0.236733
2 0.627604 0.122685 0.0260417 0.0527778 0.263861
7 0.50625 0.104167 0.0427083 0.0638889 0.455666
2 0.355729 0.113889 0.028125 0.0351852 0.698286
2 0.31849 0.122222 0.0515625 0.0703704 0.719465
10 0.203646 0.315278 0.0166667 0.0712963 0.723338
11 0.729167 0.0430556 0.0270833 0.0564815 0.766752
2 0.507292 0.215278 0.078125 0.10463 0.874617
2 0.729427 0.419907 0.122396 0.171296 0.890531
