2 0.239323 0.100463 0.0171875 0.0472222 0.00104713
2 0.553646 0.421759 0.55 0.178704 0.00105677
9 0.990625 0.513889 0.0177083 0.162963 0.00107213
12 0.980208 0.500463 0.0364583 0.134259 0.00107562
7 0.78724 0.0648148 0.0223958 0.0611111 0.00114656
0 0.817448 0.234259 0.00885417 0.0407407 0.00119583
2 0.799219 0.0847222 0.0411458 0.0324074 0.00121425
1 0.846354 0.318981 0.0916667 0.0972222 0.00127226
9 0.441927 0.225463 0.0078125 0.0175926 0.0012781
13 0.970573 0.525 0.0578125 0.187037 0.00133199
9 0.757031 0.0888889 0.0151042 0.0685185 0.00140313
13 0.986458 0.52037 0.0260417 0.175926 0.00140751
9 0.995313 0.523148 0.00833333 0.0648148 0.00149776
12 0.701823 0.165278 0.0234375 0.0361111 0.00152832
2 0.21901 0.131019 0.0578125 0.062037 0.00155289
2 0.297135 0.106944 0.0848958 0.0935185 0.0016151
58 0.96849 0.497222 0.0296875 0.0888889 0.00164349
2 0.85 0.317593 0.0989583 0.114815 0.00164445
2 0.527604 0.0759259 0.015625 0.0240741 0.00165606
10 0.176563 0.27963 0.0135417 0.0425926 0.00166344
2 0.363802 0.0675926 0.0109375 0.0203704 0.00168071
12 0.716146 0.165278 0.0125 0.0324074 0.00179507
2 0.771615 0.109722 0.0140625 0.0268519 0.00187381
2 0.778906 0.100463 0.0286458 0.0453704 0.00192427
7 0.981771 0.523148 0.0354167 0.192593 0.00192481
11 0.239844 0.0333333 0.0213542 0.0648148 0.00205318
10 0.19349 0.294444 0.0359375 0.116667 0.00208363
1 0.802083 0.321759 0.025 0.0824074 0.00221388
1 0.0109375 0.369907 0.021875 0.0527778 0.00223295
2 0.756771 0.115278 0.015625 0.0361111 0.0022917
2 0.39974 0.110648 0.250521 0.075 0.00245578
9 0.458073 0.0648148 0.00677083 0.0296296 0.00274972
0 0.715104 0.372685 0.0239583 0.0268519 0.00275024
13 0.961719 0.555556 0.0401042 0.0462963 0.00278248
11 0.255208 0.0861111 0.0177083 0.0407407 0.00284153
2 0.592708 0.124074 0.0177083 0.0277778 0.00293381
2 0.54375 0.109722 0.160417 0.0601852 0.00295349
0 0.266667 0.0976852 0.0104167 0.0564815 0.00298347
9 0.263021 0.0893519 0.00833333 0.0416667 0.0030978
0 0.895312 0.2625 0.009375 0.0268519 0.00321965
13 0.0135417 0.394907 0.0270833 0.113889 0.00325343
2 0.64974 0.149074 0.0380208 0.0592593 0.00329779
11 0.60651 0.0601852 0.00989583 0.0240741 0.00379755
9 0.275 0.0412037 0.034375 0.0787037 0.00401021
2 0.814323 0.0763889 0.0182292 0.0194444 0.00418045
2 0.442708 0.0875 0.0135417 0.0268519 0.00483515
7 0.220052 0.0685185 0.0505208 0.062963 0.00597022
9 0.572917 0.0314815 0.0145833 0.0592593 0.00600031
9 0.36224 0.0699074 0.00885417 0.0212963 0.00663979
12 0.994271 0.500463 0.0104167 0.141667 0.0067195
2 0.285417 0.117593 0.0135417 0.062963 0.0069831
2 0.270052 0.110185 0.0119792 0.037037 0.00747926
2 0.532031 0.111574 0.0151042 0.0453704 0.00785064
12 0.693229 0.163889 0.00729167 0.0388889 0.00872887
1 0.00911458 0.39537 0.0182292 0.114815 0.0101056
9 0.502083 0.758796 0.0135417 0.0564815 0.0102422
11 0.23724 0.0694444 0.0161458 0.0444444 0.0105108
2 0.0046875 0.556944 0.009375 0.0416667 0.0105679
2 0.238542 0.141204 0.01875 0.0398148 0.0154002
9 0.213281 0.0615741 0.0328125 0.0583333 0.015515
2 0.634896 0.143056 0.0114583 0.0527778 0.0156591
2 0.53099 0.0856481 0.0171875 0.025 0.0187572
9 0.442448 0.0875 0.0130208 0.0268519 0.0194292
1 0.809896 0.332407 0.0197917 0.0814815 0.0216034
2 0.786198 0.0884259 0.0151042 0.025 0.0229633
9 0.567187 0.0486111 0.00833333 0.025 0.0430456
9 0.26875 0.0305556 0.0208333 0.0555556 0.0437221
2 0.486979 0.10787 0.015625 0.0490741 0.0574308
2 0.3 0.10463 0.0322917 0.0759259 0.134385
2 0.466667 0.109722 0.0208333 0.0435185 0.251474
2 0.321615 0.087037 0.0380208 0.0333333 0.25438
2 0.477604 0.108796 0.0291667 0.0453704 0.26486
7 0.50599 0.10463 0.0421875 0.062963 0.373312
2 0.50599 0.104167 0.0421875 0.062037 0.486597
2 0.627604 0.122685 0.0260417 0.0509259 0.641111
2 0.31849 0.121759 0.0515625 0.0694444 0.75391
10 0.203906 0.316204 0.0161458 0.0712963 0.807052
11 0.728906 0.0435185 0.0276042 0.0574074 0.80813
2 0.729427 0.419907 0.122396 0.171296 0.885432
