2 0.464063 0.509259 0.783333 0.32037 0.00102702
9 0.282552 0.0699074 0.0255208 0.132407 0.00104131
2 0.974219 0.498148 0.0401042 0.127778 0.00107559
9 0.26276 0.0444444 0.0161458 0.0518519 0.0012216
12 0.965104 0.496296 0.021875 0.0814815 0.00130396
0 0.560417 0.479167 0.0291667 0.0361111 0.00136717
2 0.534896 0.108796 0.0135417 0.0490741 0.0014083
2 0.270573 0.0550926 0.0192708 0.0416667 0.00144684
2 0.279167 0.0814815 0.0208333 0.037037 0.0014512
2 0.65651 0.133796 0.0796875 0.0768519 0.00150559
0 0.590885 0.476389 0.0526042 0.0435185 0.0016908
9 0.415365 0.00972222 0.0171875 0.0194444 0.00170297
0 0.605469 0.472685 0.0380208 0.0342593 0.00171162
2 0.461719 0.110648 0.208854 0.0712963 0.0017187
13 0.98776 0.518981 0.0234375 0.171296 0.0017531
32 0.454167 0.312963 0.00833333 0.0166667 0.00179086
2 0.505729 0.111574 0.441667 0.0805556 0.00179101
12 0.992969 0.517593 0.0130208 0.17037 0.00184653
2 0.813542 0.0699074 0.0177083 0.0194444 0.00185669
2 0.238281 0.140741 0.0192708 0.0407407 0.00189179
2 0.275521 0.111111 0.0239583 0.062963 0.00210511
0 0.569792 0.469907 0.0416667 0.037963 0.00210961
0 0.616406 0.476389 0.0421875 0.0527778 0.00222547
13 0.971094 0.524074 0.0567708 0.188889 0.00223784
9 0.290885 0.050463 0.00885417 0.0453704 0.00259517
11 0.236979 0.0662037 0.0166667 0.0398148 0.00261797
0 0.557031 0.460648 0.0234375 0.0231481 0.00266955
9 0.263802 0.0930556 0.00885417 0.0490741 0.00275986
0 0.264062 0.101852 0.00833333 0.0518519 0.00279578
9 0.547917 0.0509259 0.0104167 0.0222222 0.00280891
7 0.970312 0.528704 0.0583333 0.203704 0.00298021
9 0.571615 0.0314815 0.0140625 0.0592593 0.00301747
11 0.240104 0.0347222 0.0208333 0.0675926 0.00332881
9 0.2125 0.0657407 0.0364583 0.0555556 0.00337299
2 0.377865 0.111574 0.191146 0.0842593 0.00341532
12 0.702604 0.137963 0.021875 0.087037 0.00395513
2 0.746354 0.506481 0.504167 0.298148 0.00399462
2 0.59349 0.124537 0.0161458 0.0268519 0.00416976
2 0.295573 0.108333 0.0734375 0.0925926 0.00435647
0 0.714063 0.372222 0.0239583 0.0259259 0.00453936
2 0.60599 0.0601852 0.00989583 0.0259259 0.00469581
9 0.979427 0.497685 0.0390625 0.128704 0.00471971
2 0.405469 0.104167 0.0317708 0.0564815 0.00473522
1 0.00885417 0.372222 0.0177083 0.0555556 0.00521153
2 0.788281 0.0680556 0.0234375 0.0583333 0.00531767
5 0.788802 0.0587963 0.0255208 0.0731481 0.00678928
1 0.0132813 0.399537 0.0265625 0.10463 0.0068867
2 0.363281 0.0675926 0.0119792 0.0240741 0.00785504
5 0.2125 0.0625 0.0354167 0.0564815 0.00848069
9 0.502344 0.758333 0.0140625 0.0574074 0.0089909
9 0.995052 0.490741 0.00885417 0.122222 0.0091719
0 0.75599 0.0916667 0.0151042 0.0833333 0.00974267
0 0.36276 0.0680556 0.00989583 0.025 0.0101779
9 0.21849 0.103704 0.00885417 0.0388889 0.0102008
9 0.990625 0.502778 0.0177083 0.137037 0.0117105
7 0.788281 0.062037 0.0244792 0.0666667 0.0121782
2 0.00859375 0.401852 0.0171875 0.0981481 0.0140787
1 0.00546875 0.402315 0.0109375 0.0990741 0.0143741
9 0.26875 0.0333333 0.021875 0.062963 0.0167155
7 0.213021 0.062037 0.0375 0.0592593 0.0174312
2 0.270833 0.10787 0.0135417 0.0398148 0.0268629
0 0.634635 0.143519 0.0109375 0.05 0.0293982
9 0.219271 0.0902778 0.00833333 0.012037 0.0299877
2 0.00442708 0.409722 0.00885417 0.0824074 0.0309347
9 0.567187 0.0476852 0.00833333 0.025 0.0566847
7 0.294271 0.108333 0.0302083 0.0814815 0.0590472
7 0.432031 0.102315 0.0296875 0.0564815 0.07132
2 0.461458 0.111111 0.0125 0.0388889 0.10945
0 0.442187 0.0912037 0.0114583 0.037963 0.129217
2 0.292188 0.111574 0.0270833 0.0787037 0.153191
7 0.504948 0.103704 0.0442708 0.062963 0.173332
2 0.322135 0.0851852 0.0380208 0.0351852 0.291546
2 0.43151 0.108333 0.0276042 0.0462963 0.466692
2 0.627083 0.121759 0.0260417 0.0527778 0.469936
2 0.472135 0.108333 0.0317708 0.0444444 0.480206
2 0.504948 0.102778 0.0442708 0.062963 0.505326
7 0.399219 0.0986111 0.0442708 0.0731481 0.550158
11 0.729167 0.0416667 0.0270833 0.0537037 0.761643
10 0.204167 0.314815 0.015625 0.0685185 0.76175
2 0.318229 0.12037 0.0510417 0.0703704 0.765602
2 0.582031 0.534259 0.154687 0.238889 0.865273
2 0.729688 0.418981 0.122917 0.171296 0.912706
