58 0.915625 0.259259 0.16875 0.516667 0.00103996
12 0.701563 0.164815 0.0177083 0.037037 0.00106249
2 0.00442708 0.367593 0.00885417 0.0611111 0.00111407
12 0.702083 0.135185 0.021875 0.0777778 0.00111917
58 0.972917 0.488889 0.0416667 0.107407 0.00112728
2 0.221094 0.1 0.0453125 0.0462963 0.00112851
2 0.263802 0.105093 0.00989583 0.0472222 0.00117906
2 0.00390625 0.398148 0.0078125 0.105556 0.00119959
9 0.547917 0.0518519 0.0104167 0.0240741 0.00127831
2 0.774479 0.116667 0.0197917 0.0333333 0.00130995
2 0.813542 0.0759259 0.015625 0.0185185 0.00131793
2 0.541146 0.108333 0.426042 0.0851852 0.00134518
9 0.23724 0.075463 0.0182292 0.0546296 0.00134824
9 0.577344 0.0337963 0.0161458 0.0657407 0.00137967
0 0.00416667 0.396759 0.00833333 0.110185 0.0013963
9 0.584115 0.0398148 0.0140625 0.0518519 0.00140059
0 0.756771 0.374074 0.0197917 0.0314815 0.00145013
2 0.661458 0.150926 0.0677083 0.0703704 0.00151174
2 0.274219 0.114352 0.0223958 0.0527778 0.00187522
2 0.220052 0.135648 0.0567708 0.0527778 0.00196766
9 0.559896 0.0263889 0.0229167 0.0509259 0.00197718
9 0.219271 0.102778 0.009375 0.0407407 0.00205584
7 0.291146 0.099537 0.06875 0.0990741 0.00218636
0 0.73151 0.372222 0.0286458 0.0296296 0.0022369
2 0.43099 0.10787 0.195312 0.075 0.00231214
11 0.101042 0.126852 0.01875 0.0407407 0.00246426
12 0.967188 0.497685 0.0270833 0.0787037 0.00249031
2 0.786979 0.0847222 0.0197917 0.025 0.00252304
9 0.416406 0.0166667 0.0171875 0.0333333 0.00256881
9 0.497396 0.768981 0.0229167 0.0768519 0.00269061
2 0.445833 0.110185 0.025 0.0277778 0.00289299
9 0.277083 0.0726852 0.0354167 0.141667 0.00299668
9 0.253906 0.0856481 0.0140625 0.037963 0.00323718
2 0.614844 0.0861111 0.0401042 0.0888889 0.00343584
2 0.370573 0.10787 0.0880208 0.0787037 0.00346256
0 0.754687 0.0898148 0.015625 0.0814815 0.00357372
2 0.779427 0.104167 0.0296875 0.0490741 0.00359853
9 0.291667 0.0680556 0.0114583 0.0194444 0.00366707
5 0.219531 0.0782407 0.0526042 0.0712963 0.00375379
11 0.23724 0.0694444 0.0171875 0.0444444 0.00387685
5 0.214323 0.0597222 0.0348958 0.0583333 0.00393829
7 0.970833 0.522685 0.0572917 0.189815 0.00402195
9 0.259896 0.0736111 0.0125 0.0527778 0.00435145
9 0.267188 0.0958333 0.0114583 0.0509259 0.00444013
2 0.591927 0.121759 0.0171875 0.0324074 0.00451441
9 0.292969 0.0560185 0.00885417 0.037963 0.00558904
2 0.605469 0.0587963 0.00989583 0.0287037 0.00577612
7 0.219792 0.0689815 0.0520833 0.0694444 0.00650253
2 0.634115 0.146759 0.0109375 0.0527778 0.0065399
0 0.709115 0.374074 0.0182292 0.0240741 0.00703139
0 0.716667 0.371296 0.021875 0.0259259 0.00792117
12 0.994531 0.490278 0.00989583 0.119444 0.00829653
0 0.633594 0.139815 0.0130208 0.0518519 0.00833131
9 0.207292 0.0671296 0.0197917 0.037963 0.00858949
9 0.264062 0.0837963 0.0125 0.0398148 0.00884022
9 0.221354 0.0523148 0.0177083 0.0398148 0.00994607
2 0.338542 0.0875 0.015625 0.0305556 0.0100559
2 0.784635 0.0907407 0.0140625 0.0203704 0.0103537
12 0.97474 0.493519 0.0421875 0.116667 0.010741
9 0.566927 0.0314815 0.0130208 0.0574074 0.0118245
9 0.110937 0.0259259 0.0125 0.037037 0.0124082
2 0.238542 0.139352 0.01875 0.0435185 0.0124423
9 0.219792 0.0884259 0.009375 0.0157407 0.0151018
2 0.442448 0.0865741 0.0140625 0.0268519 0.017803
7 0.390104 0.0578704 0.05625 0.0398148 0.0188399
9 0.442448 0.087037 0.0130208 0.0259259 0.0188421
2 0.270833 0.112037 0.0135417 0.0333333 0.0241494
2 0.461198 0.112963 0.0119792 0.0351852 0.0316282
7 0.295573 0.108796 0.0359375 0.0805556 0.0426536
9 0.567187 0.0476852 0.009375 0.0231481 0.0445232
2 0.486979 0.107407 0.0177083 0.05 0.0560845
9 0.502865 0.759259 0.0109375 0.0555556 0.0580971
2 0.292708 0.110185 0.028125 0.0796296 0.0991575
9 0.500521 0.602778 0.015625 0.0388889 0.111908
2 0.365104 0.0675926 0.0145833 0.0222222 0.221874
9 0.269271 0.0347222 0.021875 0.0657407 0.251545
2 0.321875 0.0856481 0.0385417 0.0342593 0.286169
2 0.627344 0.123611 0.0255208 0.0527778 0.348695
7 0.50599 0.103704 0.0442708 0.062963 0.359867
2 0.473437 0.108333 0.0333333 0.0444444 0.420154
2 0.395833 0.0597222 0.0447917 0.0324074 0.467713
2 0.50599 0.103704 0.0442708 0.062963 0.468972
2 0.392188 0.102315 0.04375 0.0583333 0.645201
2 0.31849 0.120833 0.0515625 0.0712963 0.656007
10 0.203906 0.314352 0.0161458 0.0675926 0.75813
11 0.729427 0.0421296 0.0276042 0.0527778 0.794584
2 0.729948 0.418981 0.122396 0.173148 0.915469
