2 0.995052 0.381481 0.00885417 0.155556 0.00100173
9 0.548177 0.050463 0.0109375 0.0231481 0.00101206
0 0.171354 0.108796 0.009375 0.037963 0.00102152
2 0.976302 0.520833 0.0463542 0.175 0.00104636
2 0.635156 0.141204 0.0244792 0.0546296 0.00106041
0 0.990365 0.914815 0.0182292 0.155556 0.00109887
0 0.982552 0.6625 0.0338542 0.493519 0.00114177
9 0.55 0.025463 0.015625 0.0416667 0.00117738
9 0.56224 0.0490741 0.0192708 0.0240741 0.00117763
9 0.484635 0.0208333 0.00989583 0.025 0.00118537
2 0.00572917 0.0925926 0.0114583 0.0481481 0.00118579
0 0.266667 0.206019 0.0208333 0.0342593 0.00120877
2 0.295312 0.106481 0.084375 0.0962963 0.00121231
2 0.363542 0.0675926 0.0114583 0.0203704 0.00123582
0 0.717708 0.370833 0.025 0.0287037 0.00124784
12 0.995313 0.526852 0.00833333 0.0407407 0.00126159
9 0.991146 0.516204 0.0166667 0.171296 0.0012701
12 0.976042 0.500926 0.0447917 0.133333 0.00127538
0 0.0536458 0.108796 0.0125 0.0509259 0.00130451
9 0.566146 0.0569444 0.0114583 0.0416667 0.00131618
2 0.561719 0.422222 0.641146 0.183333 0.00136302
9 0.44401 0.223611 0.0119792 0.0564815 0.00137712
12 0.701823 0.164815 0.0192708 0.0388889 0.00141342
58 0.96875 0.494907 0.03125 0.0898148 0.00146088
9 0.36224 0.0694444 0.00885417 0.0240741 0.00147694
0 0.259635 0.20787 0.0171875 0.0305556 0.00147944
0 0.475781 0.413889 0.546354 0.553704 0.00151508
12 0.692969 0.163426 0.0078125 0.0398148 0.00153508
0 0.75599 0.0898148 0.0151042 0.0814815 0.0015511
2 0.64401 0.152315 0.0276042 0.0638889 0.00156182
9 0.263542 0.0921296 0.00833333 0.0453704 0.00158433
2 0.816927 0.232407 0.00989583 0.0444444 0.0015988
0 0.990104 0.870833 0.01875 0.062037 0.00160643
2 0.657292 0.128241 0.0760417 0.0564815 0.00160732
0 0.153906 0.112037 0.0109375 0.0296296 0.00162538
9 0.457552 0.0652778 0.0078125 0.0287037 0.00167914
0 0.486198 0.236574 0.532812 0.312037 0.00168915
7 0.790365 0.0638889 0.0286458 0.0666667 0.00172791
2 0.536719 0.111111 0.00989583 0.0462963 0.00173885
7 0.970573 0.524074 0.0578125 0.198148 0.00175644
1 0.0114583 0.35787 0.0229167 0.087963 0.00182695
2 0.5375 0.110185 0.328125 0.0740741 0.00202739
2 0.419792 0.108796 0.305208 0.0805556 0.00203094
7 0.98724 0.520833 0.0244792 0.193519 0.00220208
13 0.985937 0.521759 0.0270833 0.180556 0.00224565
1 0.24375 0.302315 0.046875 0.0972222 0.00229049
9 0.429688 0.0407407 0.00833333 0.0240741 0.00230607
7 0.0942708 0.110648 0.178125 0.117593 0.00232748
11 0.236979 0.0689815 0.0177083 0.0453704 0.00235689
9 0.291927 0.0537037 0.00885417 0.0407407 0.00240367
9 0.577865 0.0333333 0.0151042 0.0611111 0.00261557
2 0.532031 0.112037 0.0140625 0.0425926 0.00262498
13 0.970573 0.525463 0.0578125 0.180556 0.00304601
2 0.238281 0.14213 0.0192708 0.037963 0.00322862
0 0.995833 0.328241 0.00729167 0.0564815 0.00324136
2 0.659375 0.150926 0.0604167 0.062963 0.00333412
9 0.582552 0.0384259 0.0109375 0.0490741 0.00354155
2 0.442448 0.0865741 0.0130208 0.0268519 0.00365045
1 0.009375 0.391667 0.01875 0.124074 0.00396607
1 0.00520833 0.363889 0.0104167 0.0740741 0.00417685
1 0.00416667 0.397685 0.00833333 0.106481 0.0044272
0 0.263802 0.101852 0.0078125 0.0537037 0.00468705
9 0.220833 0.0851852 0.0135417 0.0203704 0.00495673
9 0.502344 0.759259 0.0140625 0.0555556 0.00506347
9 0.559896 0.025 0.01875 0.0481481 0.00540932
9 0.216146 0.0578704 0.0270833 0.0527778 0.00558385
1 0.270312 0.294907 0.0333333 0.0898148 0.0057381
5 0.215104 0.0638889 0.0375 0.0611111 0.00620907
2 0.592708 0.125463 0.0177083 0.025 0.00651135
2 0.445573 0.115741 0.0234375 0.0222222 0.00716332
2 0.789062 0.0875 0.01875 0.025 0.00814214
0 0.267448 0.100463 0.0109375 0.0564815 0.00826777
9 0.209115 0.0671296 0.0234375 0.0490741 0.00882564
12 0.994792 0.496296 0.009375 0.140741 0.00935894
2 0.270052 0.108796 0.0119792 0.0416667 0.0095697
11 0.60599 0.0587963 0.00989583 0.0268519 0.00972314
0 0.757812 0.0708333 0.0104167 0.0435185 0.010038
7 0.145833 0.0925926 0.0697917 0.0833333 0.0119035
9 0.439844 0.205556 0.0140625 0.0462963 0.0137202
2 0.28776 0.111111 0.0182292 0.0777778 0.0146451
9 0.565885 0.0310185 0.0130208 0.0583333 0.0151958
0 0.634896 0.148148 0.009375 0.0518519 0.0182338
9 0.442187 0.0865741 0.0125 0.025 0.0187958
7 0.220313 0.0671296 0.0510417 0.062037 0.0201465
2 0.469792 0.108333 0.03125 0.0462963 0.0292977
2 0.634635 0.145833 0.0109375 0.0527778 0.0294249
2 0.488281 0.107407 0.0140625 0.05 0.0307939
9 0.269271 0.0361111 0.021875 0.0685185 0.0323732
7 0.296354 0.105093 0.034375 0.0805556 0.0635167
2 0.297396 0.10463 0.0333333 0.0759259 0.0704555
9 0.566927 0.0476852 0.00885417 0.0231481 0.0720288
2 0.464063 0.1125 0.015625 0.037963 0.138588
2 0.480208 0.109259 0.01875 0.0444444 0.295791
2 0.322135 0.0861111 0.0369792 0.0351852 0.315045
2 0.627344 0.122222 0.0255208 0.0518519 0.435527
10 0.203906 0.316204 0.0161458 0.0712963 0.573321
2 0.505729 0.103704 0.0427083 0.062963 0.600195
1 0.258594 0.306944 0.0213542 0.0861111 0.622837
2 0.318229 0.121759 0.0510417 0.0712963 0.706634
0 0.258333 0.269444 0.0260417 0.118519 0.733098
11 0.728906 0.0435185 0.0276042 0.0574074 0.800689
2 0.729427 0.419444 0.122396 0.172222 0.906107
