2 0.992188 0.519907 0.0145833 0.182407 0.00100256
9 0.50026 0.602778 0.0151042 0.0388889 0.00100981
0 0.465885 0.64213 0.852604 0.339815 0.00103447
13 0.970312 0.568981 0.05625 0.0731481 0.00103609
2 0.807813 0.0726852 0.0145833 0.0194444 0.00105054
9 0.566667 0.0634259 0.0104167 0.0564815 0.00111047
0 0.482031 0.489815 0.0151042 0.0314815 0.00112828
9 0.588802 0.0393519 0.0151042 0.037963 0.00113137
9 0.816667 0.233796 0.009375 0.0416667 0.00114025
1 0.00859375 0.400926 0.0171875 0.107407 0.00115759
2 0.655729 0.138889 0.08125 0.0833333 0.00127875
9 0.252865 0.0856481 0.0140625 0.0361111 0.00128888
12 0.702083 0.133796 0.0229167 0.075 0.00135377
9 0.275781 0.0393519 0.0380208 0.0768519 0.00142737
1 0.811198 0.331481 0.0182292 0.087037 0.00147618
12 0.701823 0.162963 0.0223958 0.037037 0.00151118
13 0.973177 0.519907 0.0526042 0.176852 0.00155205
0 0.757292 0.118519 0.0135417 0.05 0.0015543
7 0.970833 0.520833 0.0572917 0.186111 0.00161475
2 0.771875 0.11713 0.0145833 0.0398148 0.00163327
2 0.779167 0.111574 0.028125 0.0509259 0.00163923
9 0.29375 0.0555556 0.009375 0.037037 0.00166257
1 0.0510417 0.152778 0.0625 0.0703704 0.00172836
2 0.53151 0.110648 0.0151042 0.0453704 0.00179733
9 0.584375 0.0365741 0.0135417 0.0490741 0.00182748
2 0.4125 0.108333 0.273958 0.0833333 0.00190264
2 0.00885417 0.397685 0.0177083 0.113889 0.00191857
9 0.263021 0.0898148 0.00729167 0.0444444 0.00197311
2 0.239063 0.106944 0.0177083 0.037963 0.0020176
9 0.578906 0.0319444 0.0140625 0.0564815 0.00208224
0 0.44375 0.0981481 0.01875 0.0481481 0.00215327
0 0.995833 0.328704 0.00729167 0.0555556 0.00227133
2 0.336719 0.100926 0.0171875 0.0425926 0.00227407
1 0.00494792 0.370833 0.00989583 0.0657407 0.00229385
2 0.794531 0.0837963 0.0338542 0.0268519 0.00235097
0 0.73125 0.373148 0.0260417 0.0296296 0.00236959
12 0.689844 0.167593 0.0119792 0.0351852 0.00240144
2 0.442969 0.0865741 0.0140625 0.025 0.00241792
2 0.0135417 0.366204 0.0270833 0.0453704 0.00251478
9 0.415625 0.00972222 0.0166667 0.0194444 0.00262093
2 0.570052 0.108796 0.229687 0.0657407 0.00272505
7 0.991146 0.516667 0.0166667 0.17963 0.00272896
2 0.0205729 0.144907 0.0411458 0.0657407 0.00322358
11 0.236979 0.0675926 0.0177083 0.0425926 0.0034147
0 0.757552 0.374074 0.0182292 0.0296296 0.00343891
2 0.477083 0.108796 0.0635417 0.062037 0.00364316
0 0.00364583 0.402778 0.00729167 0.0981481 0.00368853
7 0.789583 0.0652778 0.028125 0.062037 0.00374285
12 0.693229 0.164815 0.00729167 0.0388889 0.00374527
0 0.266667 0.0990741 0.0114583 0.0592593 0.00432278
2 0.269531 0.0509259 0.0192708 0.0351852 0.00458331
2 0.00390625 0.408796 0.0078125 0.087963 0.00486124
2 0.592448 0.125926 0.0182292 0.0240741 0.00488331
2 0.813802 0.0763889 0.0171875 0.0175926 0.00547343
2 0.270052 0.110185 0.0130208 0.0388889 0.00724349
5 0.220833 0.0675926 0.05 0.062963 0.00806296
9 0.571354 0.0310185 0.0125 0.0583333 0.0090557
0 0.284896 0.60787 0.0416667 0.0472222 0.00935669
2 0.238802 0.142593 0.0192708 0.037037 0.00958506
9 0.269531 0.0203704 0.0203125 0.037037 0.0099217
2 0.60599 0.0601852 0.00989583 0.0240741 0.0108274
9 0.208073 0.0652778 0.0234375 0.0490741 0.0120736
2 0.359115 0.0675926 0.0203125 0.0259259 0.0123113
7 0.220573 0.0583333 0.0515625 0.0888889 0.0134362
2 0.329167 0.0796296 0.034375 0.0518519 0.0135008
9 0.502604 0.758796 0.0135417 0.0583333 0.0135298
12 0.99349 0.509722 0.0119792 0.158333 0.013888
0 0.71276 0.372685 0.0203125 0.0268519 0.0141314
10 0.442969 0.0875 0.0130208 0.0268519 0.0149666
2 0.490365 0.107407 0.0171875 0.05 0.0156235
0 0.635417 0.147222 0.009375 0.05 0.018894
2 0.635417 0.14537 0.0104167 0.0555556 0.0197014
0 0.33776 0.600926 0.0369792 0.05 0.0232979
0 0.75625 0.0912037 0.0135417 0.0787037 0.0321227
2 0.785937 0.0898148 0.0166667 0.0222222 0.0506452
2 0.328646 0.062037 0.0260417 0.0259259 0.0527682
7 0.33776 0.0643518 0.0411458 0.0342593 0.0591485
9 0.567187 0.0481481 0.00833333 0.0240741 0.0603051
2 0.298958 0.107407 0.0395833 0.0833333 0.0815095
7 0.298698 0.106944 0.0421875 0.0842593 0.110709
2 0.46224 0.112037 0.0130208 0.0388889 0.122517
2 0.364323 0.0671296 0.0109375 0.0194444 0.129244
2 0.527865 0.0759259 0.0161458 0.0314815 0.14809
2 0.338802 0.0634259 0.0390625 0.0305556 0.181751
2 0.320833 0.0902778 0.0385417 0.0361111 0.220796
2 0.472917 0.109259 0.0333333 0.0444444 0.295612
2 0.627604 0.121759 0.025 0.0509259 0.408231
2 0.505729 0.10463 0.0427083 0.0611111 0.611148
2 0.31849 0.119444 0.0505208 0.0740741 0.678745
10 0.204167 0.316667 0.015625 0.0703704 0.79696
11 0.729167 0.0435185 0.0270833 0.0574074 0.798198
2 0.729688 0.420833 0.122917 0.171296 0.914991
2 0.314323 0.663889 0.165104 0.251852 0.926288
