9 0.245052 0.0912037 0.00885417 0.0305556 0.00102092
2 0.801562 0.0824074 0.0395833 0.0314815 0.00104638
2 0.778906 0.102778 0.0307292 0.0462963 0.0010537
2 0.53099 0.1125 0.0130208 0.0416667 0.00109364
9 0.415104 0.0087963 0.0145833 0.0175926 0.00110214
2 0.567969 0.419444 0.516146 0.17963 0.00114778
2 0.647656 0.147222 0.0359375 0.0592593 0.00117014
9 0.275 0.05 0.0385417 0.0962963 0.00118173
32 0.460417 0.356019 0.0104167 0.0157407 0.0011858
2 0.466406 0.0226852 0.0203125 0.0175926 0.00120105
1 0.0046875 0.381019 0.009375 0.128704 0.00126866
12 0.701563 0.164815 0.0197917 0.037037 0.00131149
9 0.458073 0.0652778 0.0078125 0.0287037 0.00131903
9 0.107813 0.0287037 0.0114583 0.0351852 0.00134124
0 0.729427 0.370833 0.0453125 0.0324074 0.00135547
11 0.221354 0.0625 0.05 0.0527778 0.00135737
2 0.415104 0.109722 0.308333 0.0805556 0.00142478
2 0.60625 0.0592593 0.0104167 0.0240741 0.00144402
12 0.701563 0.145833 0.0229167 0.0731481 0.00153026
9 0.755729 0.0731481 0.0114583 0.037037 0.00155939
12 0.692448 0.163889 0.0078125 0.0388889 0.00157214
11 0.239583 0.0361111 0.021875 0.0703704 0.00157361
11 0.702083 0.119444 0.0208333 0.0462963 0.00157678
9 0.439323 0.203704 0.0130208 0.0444444 0.00158449
2 0.363542 0.0666667 0.0114583 0.0203704 0.00160188
2 0.264062 0.101852 0.009375 0.0537037 0.00162031
0 0.754687 0.0898148 0.0135417 0.0703704 0.00171723
0 0.634635 0.151389 0.0119792 0.062037 0.00178079
58 0.96875 0.49537 0.03125 0.0888889 0.00183881
9 0.263021 0.0888889 0.00833333 0.0388889 0.00202846
9 0.992969 0.502315 0.0130208 0.14537 0.00202869
2 0.285417 0.075 0.0197917 0.0277778 0.00211519
2 0.592969 0.125 0.0161458 0.0259259 0.00215939
2 0.21849 0.136574 0.0588542 0.0527778 0.00232504
2 0.478385 0.108796 0.0703125 0.062037 0.00237969
2 0.657812 0.133333 0.084375 0.0777778 0.00238842
13 0.991927 0.517593 0.0151042 0.172222 0.00246075
13 0.961979 0.553704 0.0395833 0.0388889 0.00246094
9 0.292448 0.0546296 0.00885417 0.0425926 0.00258649
2 0.586198 0.10787 0.273438 0.0694444 0.00259575
9 0.440625 0.226389 0.0114583 0.0324074 0.00272243
9 0.584115 0.0388889 0.0119792 0.0481481 0.00279062
2 0.442448 0.0851852 0.0130208 0.0259259 0.0031979
0 0.282292 0.0856481 0.00729167 0.0268519 0.00320559
0 0.75651 0.374537 0.0203125 0.0305556 0.00335384
13 0.975781 0.521296 0.0473958 0.177778 0.00346131
9 0.21875 0.0777778 0.0166667 0.0407407 0.00355502
9 0.573698 0.0310185 0.0151042 0.0583333 0.00360809
9 0.361979 0.0680556 0.00833333 0.025 0.00364706
12 0.994531 0.496296 0.00989583 0.140741 0.00390318
7 0.970833 0.526389 0.0572917 0.200926 0.0039242
0 0.715365 0.372222 0.0265625 0.0259259 0.00470544
11 0.236979 0.0657407 0.0166667 0.037037 0.00500727
2 0.814062 0.0759259 0.0177083 0.0203704 0.00502628
32 0.454167 0.313889 0.00833333 0.0148148 0.0051523
9 0.269271 0.0532407 0.01875 0.037963 0.00565323
2 0.446875 0.116204 0.0260417 0.0231481 0.00594204
2 0.286979 0.115741 0.0145833 0.0592593 0.00663867
7 0.219792 0.062963 0.05 0.0722222 0.00667164
5 0.7875 0.049537 0.0270833 0.0935185 0.00673327
9 0.214323 0.0592593 0.0296875 0.0555556 0.00705504
9 0.502083 0.760185 0.0125 0.0537037 0.00710929
2 0.291146 0.0712963 0.0114583 0.0148148 0.0083287
2 0.269792 0.109259 0.0135417 0.0388889 0.00913457
2 0.238542 0.140278 0.01875 0.0416667 0.0103728
0 0.286198 0.115278 0.0151042 0.0657407 0.0112892
2 0.785417 0.087963 0.015625 0.0240741 0.011725
2 0.634375 0.141667 0.0114583 0.0518519 0.0153311
2 0.301302 0.103241 0.0380208 0.0712963 0.0162587
9 0.441927 0.0861111 0.0130208 0.0259259 0.0198413
9 0.567187 0.0481481 0.00833333 0.0240741 0.0199844
5 0.220833 0.0657407 0.0489583 0.062963 0.0203235
9 0.26849 0.0310185 0.0213542 0.0583333 0.023723
2 0.489323 0.107407 0.0140625 0.05 0.0469492
2 0.460677 0.113426 0.0109375 0.0342593 0.0935426
2 0.466406 0.111111 0.0161458 0.0388889 0.145139
2 0.479427 0.109259 0.0203125 0.0444444 0.311803
7 0.50599 0.103704 0.0421875 0.062963 0.341575
2 0.321875 0.0861111 0.0375 0.0351852 0.34375
2 0.50599 0.103704 0.0421875 0.062963 0.483943
2 0.626823 0.121759 0.0255208 0.0509259 0.619206
2 0.317448 0.120833 0.0515625 0.0712963 0.727711
10 0.203646 0.315278 0.015625 0.0712963 0.781387
11 0.728906 0.0435185 0.0276042 0.0555556 0.798768
2 0.729427 0.419444 0.122396 0.17037 0.907746
