9 0.577083 0.0324074 0.0135417 0.0592593 0.00103707
1 0.154167 0.733796 0.040625 0.143519 0.00105102
0 0.757812 0.125463 0.0114583 0.037963 0.0011114
9 0.439844 0.196296 0.0119792 0.0314815 0.0011617
1 0.15 0.528704 0.025 0.0481481 0.00117853
1 0.113021 0.744444 0.0947917 0.159259 0.00122689
2 0.75 0.118056 0.0302083 0.0712963 0.00129242
0 0.817448 0.234722 0.00885417 0.0361111 0.00130059
11 0.240104 0.0347222 0.021875 0.0675926 0.00130601
2 0.976302 0.516204 0.0463542 0.163889 0.00136053
2 0.239583 0.10787 0.0177083 0.0342593 0.00143867
0 0.716146 0.371759 0.0229167 0.0287037 0.00144258
2 0.771875 0.110648 0.0145833 0.025 0.00148312
0 0.242448 0.668519 0.430729 0.433333 0.00152519
2 0.229167 0.140278 0.0364583 0.0435185 0.00154081
2 0.75651 0.116204 0.0161458 0.0435185 0.00159134
26 0.122656 0.687963 0.0119792 0.0407407 0.00160128
2 0.288802 0.0888889 0.0213542 0.0537037 0.00163784
2 0.778125 0.101852 0.0302083 0.0555556 0.00167363
2 0.959375 0.554167 0.0354167 0.0398148 0.00171608
58 0.96901 0.495833 0.0307292 0.0972222 0.00175803
12 0.701563 0.165278 0.01875 0.037963 0.00196235
2 0.994531 0.518519 0.00989583 0.17037 0.00201078
2 0.41276 0.112037 0.283854 0.0833333 0.00206811
9 0.26276 0.0407407 0.0171875 0.0611111 0.00207353
1 0.0135417 0.397685 0.0270833 0.108333 0.00211767
2 0.794271 0.0851852 0.03125 0.0259259 0.00222307
9 0.570573 0.0310185 0.0151042 0.0583333 0.00227607
9 0.263021 0.0916667 0.00833333 0.0425926 0.00232261
2 0.561458 0.110648 0.258333 0.0712963 0.00236633
7 0.791146 0.0662037 0.0302083 0.0638889 0.0023785
2 0.53151 0.111574 0.0140625 0.0435185 0.00241267
2 0.457031 0.111111 0.115104 0.0666667 0.00249213
2 0.363542 0.0675926 0.0114583 0.0203704 0.00249784
7 0.99401 0.518056 0.0109375 0.169444 0.00250239
2 0.442969 0.0875 0.0140625 0.0268519 0.00264453
11 0.236979 0.0689815 0.0177083 0.0453704 0.00283476
2 0.654948 0.137037 0.0776042 0.087037 0.00297846
1 0.0106771 0.366204 0.0213542 0.0583333 0.00310934
9 0.36224 0.0449074 0.00885417 0.0324074 0.00311965
7 0.982813 0.517593 0.0333333 0.183333 0.0031559
9 0.29375 0.0574074 0.009375 0.0351852 0.0036806
1 0.00442708 0.398611 0.00885417 0.102778 0.00371044
0 0.263021 0.103241 0.009375 0.0509259 0.003801
9 0.217708 0.0574074 0.025 0.05 0.00395385
0 0.995313 0.330093 0.00833333 0.0564815 0.00404812
9 0.458333 0.0662037 0.00729167 0.0268519 0.00410796
0 0.756771 0.0731481 0.0114583 0.0444444 0.00446012
12 0.692448 0.165278 0.0078125 0.0398148 0.00480263
2 0.291146 0.0712963 0.0145833 0.0148148 0.00604832
9 0.36224 0.0694444 0.00885417 0.0240741 0.00632132
11 0.60625 0.0601852 0.0104167 0.0240741 0.00643373
9 0.208594 0.0689815 0.0213542 0.0453704 0.00660262
12 0.994271 0.50787 0.0104167 0.15463 0.0066773
24 0.140885 0.619444 0.0473958 0.116667 0.0067151
9 0.501823 0.760648 0.0130208 0.0527778 0.00692604
2 0.592708 0.125 0.0177083 0.0240741 0.00806886
9 0.35651 0.0189815 0.0078125 0.0194444 0.0102307
2 0.650521 0.152315 0.0385417 0.062037 0.0104063
7 0.219531 0.0722222 0.0526042 0.0740741 0.010643
9 0.269792 0.0444444 0.0208333 0.0592593 0.0114582
9 0.442448 0.087037 0.0130208 0.0259259 0.0124671
2 0.238542 0.14213 0.0177083 0.0398148 0.0146711
2 0.785677 0.0893519 0.0140625 0.0212963 0.0163163
2 0.271615 0.108333 0.0140625 0.0425926 0.0183322
9 0.567448 0.0476852 0.0078125 0.0231481 0.0201296
5 0.220313 0.0759259 0.0520833 0.0777778 0.0204781
2 0.634896 0.14213 0.0104167 0.0453704 0.0245542
2 0.488021 0.107407 0.0145833 0.05 0.0341485
9 0.269531 0.0240741 0.0203125 0.0425926 0.0357
24 0.138542 0.5875 0.0270833 0.0546296 0.0373384
2 0.00494792 0.55787 0.00989583 0.037963 0.0530778
24 0.140885 0.625463 0.0296875 0.062037 0.0676147
2 0.46224 0.112037 0.0130208 0.0388889 0.101389
7 0.297917 0.10787 0.0395833 0.0805556 0.112137
24 0.138542 0.605093 0.0197917 0.0398148 0.126185
2 0.297656 0.108333 0.0369792 0.0814815 0.152262
2 0.470313 0.109722 0.028125 0.0435185 0.222359
2 0.480208 0.109259 0.021875 0.0444444 0.224691
2 0.322135 0.087037 0.0369792 0.037037 0.294607
2 0.627083 0.121759 0.0260417 0.0509259 0.518157
1 0.140365 0.742593 0.0401042 0.157407 0.533122
2 0.505729 0.104167 0.0427083 0.062037 0.558637
10 0.203906 0.315741 0.0161458 0.0722222 0.711432
2 0.318229 0.121759 0.0510417 0.0694444 0.731818
0 0.140625 0.678704 0.0489583 0.244444 0.812904
11 0.729167 0.0430556 0.0270833 0.0564815 0.816612
2 0.729688 0.419907 0.122917 0.171296 0.900207
