0 0.26875 0.108796 0.0135417 0.0638889 0.00100398
2 0.255469 0.0851852 0.0192708 0.0388889 0.00102264
58 0.921615 0.183796 0.156771 0.360185 0.00103264
2 0.970573 0.520833 0.0578125 0.182407 0.00104096
7 0.990885 0.517593 0.0171875 0.17963 0.00104125
2 0.809375 0.0842593 0.01875 0.0240741 0.00106657
9 0.21901 0.102315 0.00989583 0.0398148 0.00107086
13 0.00494792 0.380556 0.00989583 0.0611111 0.00110683
9 0.589063 0.0412037 0.0145833 0.0398148 0.00117387
9 0.108854 0.0296296 0.0114583 0.0388889 0.00118618
7 0.235417 0.0717593 0.021875 0.0527778 0.00122451
0 0.513802 0.25463 0.0171875 0.0277778 0.00127012
2 0.655469 0.139815 0.0817708 0.0851852 0.00130775
9 0.547917 0.0597222 0.0104167 0.025 0.00134707
2 0.6375 0.409259 0.479167 0.205556 0.00134767
32 0.454688 0.315278 0.00729167 0.0138889 0.00134838
12 0.689062 0.168056 0.0135417 0.0342593 0.00136157
58 0.968229 0.497222 0.0291667 0.0833333 0.00139126
11 0.240104 0.0356481 0.021875 0.0694444 0.00139418
9 0.500521 0.60463 0.015625 0.0425926 0.001434
9 0.257552 0.0800926 0.0161458 0.0527778 0.00145936
0 0.534115 0.250463 0.519271 0.382407 0.00154043
2 0.592708 0.125926 0.0177083 0.0259259 0.0018869
9 0.429427 0.0407407 0.00885417 0.0222222 0.00194568
9 0.263802 0.0388889 0.0192708 0.062963 0.00195834
12 0.693229 0.165741 0.00729167 0.037037 0.00199826
2 0.238281 0.143056 0.0182292 0.037963 0.00201452
2 0.523958 0.108796 0.347917 0.075 0.00201588
1 0.809896 0.331481 0.0208333 0.087037 0.00210394
11 0.236458 0.0699074 0.01875 0.0472222 0.00214767
2 0.778385 0.1125 0.0255208 0.0435185 0.00217882
13 0.96224 0.556019 0.0401042 0.0453704 0.00220741
9 0.276042 0.037963 0.0364583 0.0740741 0.00221534
32 0.460677 0.356944 0.0109375 0.0138889 0.00229292
12 0.995313 0.531482 0.00833333 0.0537037 0.00243124
0 0.715625 0.369907 0.0229167 0.0287037 0.00246638
0 0.256771 0.111111 0.0208333 0.101852 0.00252599
1 0.0140625 0.366667 0.028125 0.0611111 0.00257147
9 0.577604 0.0337963 0.0135417 0.062037 0.00257906
13 0.0143229 0.373611 0.0286458 0.0657407 0.00260175
9 0.415365 0.00925926 0.0151042 0.0185185 0.00263935
13 0.00390625 0.411111 0.0078125 0.087037 0.00268322
7 0.278385 0.0625 0.0338542 0.112037 0.00295038
2 0.404948 0.10787 0.269271 0.0898148 0.00306534
9 0.584115 0.0365741 0.0140625 0.0583333 0.00308394
0 0.757292 0.0925926 0.0135417 0.0777778 0.00340233
2 0.336719 0.0805556 0.0182292 0.0462963 0.00426358
11 0.60599 0.0601852 0.00989583 0.0240741 0.00433324
9 0.269271 0.0486111 0.0197917 0.0490741 0.00466656
2 0.297917 0.0708333 0.0427083 0.0546296 0.00515468
0 0.995573 0.325926 0.0078125 0.0537037 0.00532532
0 0.163281 0.74537 0.175521 0.485185 0.00595899
9 0.99349 0.500463 0.0119792 0.136111 0.00621558
9 0.211719 0.0652778 0.0328125 0.0527778 0.00634911
9 0.502865 0.761574 0.0119792 0.0527778 0.00674797
0 0.442708 0.0962963 0.0166667 0.05 0.00726483
2 0.270052 0.106019 0.0119792 0.0472222 0.00736906
12 0.99401 0.500463 0.0109375 0.137963 0.00767056
2 0.814062 0.075 0.0177083 0.0185185 0.00771904
2 0.28125 0.0972222 0.0125 0.05 0.00814826
0 0.263021 0.1 0.009375 0.0592593 0.0108424
9 0.572396 0.0314815 0.0145833 0.0592593 0.0135466
2 0.488542 0.10787 0.0135417 0.0509259 0.0144731
9 0.26901 0.0226852 0.0203125 0.037963 0.0189708
2 0.635156 0.144444 0.0109375 0.0518519 0.0218663
2 0.334375 0.0648148 0.0166667 0.0222222 0.0244495
10 0.442448 0.087037 0.0130208 0.0314815 0.02753
0 0.635417 0.147222 0.009375 0.05 0.0311685
5 0.220313 0.0675926 0.0510417 0.0592593 0.0372324
2 0.785937 0.0888889 0.015625 0.0222222 0.0414577
7 0.220052 0.0648148 0.0515625 0.062963 0.0500822
2 0.29349 0.108796 0.0276042 0.0787037 0.0750113
2 0.4625 0.112963 0.0125 0.037037 0.0777134
9 0.567448 0.0486111 0.0078125 0.025 0.0999814
2 0.31849 0.0851852 0.0401042 0.0444444 0.136445
7 0.307031 0.105093 0.0546875 0.0861111 0.144804
2 0.478906 0.110648 0.0182292 0.0435185 0.171209
2 0.3125 0.0731481 0.0354167 0.0277778 0.188828
2 0.470313 0.111111 0.0270833 0.0425926 0.226071
2 0.307292 0.0615741 0.0322917 0.0324074 0.232034
2 0.627604 0.122222 0.025 0.0518519 0.375556
2 0.348958 0.0606481 0.0375 0.0305556 0.501412
10 0.204167 0.316204 0.0166667 0.0712963 0.665701
2 0.505729 0.10463 0.04375 0.062963 0.673954
2 0.318229 0.12037 0.0510417 0.0722222 0.686073
11 0.729167 0.0435185 0.0270833 0.0555556 0.790967
2 0.51276 0.268981 0.0828125 0.112037 0.889917
2 0.729688 0.42037 0.122917 0.17037 0.916381
