7 0.296354 0.108796 0.0927083 0.0953704 0.00100339
1 0.0286458 0.180556 0.05625 0.0666667 0.00100342
7 0.279948 0.0731481 0.0338542 0.140741 0.0010392
12 0.995313 0.530556 0.00833333 0.0333333 0.00108716
7 0.21875 0.0851852 0.0541667 0.116667 0.00109801
0 0.00520833 0.550463 0.0104167 0.0564815 0.00116218
2 0.305469 0.127778 0.0328125 0.0611111 0.00117364
2 0.814583 0.0759259 0.0177083 0.0203704 0.00118578
0 0.171354 0.109722 0.00833333 0.0361111 0.00121411
12 0.977083 0.500926 0.04375 0.138889 0.00122551
0 0.227083 0.304167 0.0260417 0.0916667 0.00124784
7 0.146875 0.0898148 0.0677083 0.0796296 0.00127118
2 0.54974 0.424074 0.654688 0.183333 0.00128606
2 0.00546875 0.4625 0.0109375 0.249074 0.00138673
13 0.966667 0.538426 0.05 0.0824074 0.0014182
9 0.484375 0.0240741 0.009375 0.0314815 0.00142931
12 0.691667 0.163426 0.009375 0.0416667 0.00146791
0 0.465104 0.252778 0.565625 0.357407 0.00152746
13 0.96224 0.553241 0.0401042 0.0398148 0.0015774
2 0.779167 0.1 0.0291667 0.0388889 0.00158016
7 0.789583 0.062963 0.028125 0.0666667 0.00158109
2 0.421094 0.111111 0.301562 0.0796296 0.00161649
7 0.988802 0.518519 0.0213542 0.190741 0.00164106
2 0.817187 0.231019 0.009375 0.0453704 0.00168095
7 0.971094 0.522222 0.0567708 0.192593 0.00170568
2 0.554948 0.110648 0.288021 0.0731481 0.00181182
0 0.053125 0.110185 0.0114583 0.0518519 0.00182349
58 0.968229 0.496296 0.0302083 0.0907407 0.00184515
9 0.577865 0.0333333 0.0161458 0.062963 0.00185511
9 0.292188 0.0532407 0.00833333 0.0398148 0.00188788
0 0.45625 0.410648 0.609375 0.506481 0.00190692
2 0.44974 0.110648 0.144271 0.0657407 0.00195393
1 0.0666667 0.154167 0.0385417 0.0546296 0.00196655
0 0.71849 0.370833 0.0234375 0.0287037 0.00199816
9 0.275781 0.0393519 0.0359375 0.0768519 0.00207879
9 0.502344 0.759722 0.0130208 0.0546296 0.00208946
32 0.454167 0.314352 0.00833333 0.0138889 0.00209731
9 0.36224 0.0476852 0.00989583 0.0361111 0.00213266
13 0.994271 0.519444 0.0104167 0.17037 0.00225681
2 0.00494792 0.55787 0.00989583 0.0416667 0.00233898
9 0.582552 0.0375 0.0119792 0.0527778 0.00235484
9 0.49974 0.601852 0.0140625 0.0407407 0.00259047
13 0.970573 0.53287 0.0578125 0.160185 0.00278745
1 0.151042 0.346296 0.0395833 0.0925926 0.00279619
13 0.986458 0.518981 0.0260417 0.178704 0.0028203
9 0.269271 0.0509259 0.0208333 0.037037 0.00282278
2 0.661198 0.149537 0.0619792 0.0638889 0.00290347
2 0.592969 0.124074 0.0182292 0.0259259 0.0031021
9 0.99375 0.507407 0.0114583 0.153704 0.0031586
11 0.236979 0.0699074 0.0166667 0.0453704 0.00327439
0 0.75625 0.0842593 0.0125 0.0685185 0.00339232
2 0.444271 0.114352 0.0208333 0.0212963 0.00352271
10 0.22526 0.30787 0.0223958 0.0824074 0.00355489
9 0.567448 0.0314815 0.0130208 0.0574074 0.00384357
11 0.60599 0.0592593 0.00989583 0.0259259 0.00385693
9 0.415104 0.0087963 0.0145833 0.0175926 0.00403837
9 0.440365 0.224074 0.0130208 0.0314815 0.00426969
9 0.360417 0.0657407 0.009375 0.0203704 0.00442018
0 0.263021 0.0925926 0.00729167 0.0462963 0.00462561
9 0.439844 0.199074 0.0140625 0.037037 0.00507571
12 0.99401 0.500463 0.0109375 0.143519 0.00612181
2 0.238281 0.139815 0.0182292 0.0425926 0.00613439
5 0.2125 0.0606481 0.0354167 0.062037 0.00665944
9 0.26901 0.0199074 0.0213542 0.0361111 0.0067337
1 0.00911458 0.393056 0.0182292 0.119444 0.00698717
1 0.00703125 0.365278 0.0140625 0.0694444 0.00699487
1 0.0432292 0.15787 0.084375 0.0916667 0.00713957
2 0.269531 0.106944 0.0119792 0.0435185 0.00771561
1 0.0046875 0.398148 0.009375 0.103704 0.00788455
0 0.266406 0.0990741 0.00989583 0.0555556 0.0085779
7 0.211979 0.062037 0.0364583 0.0611111 0.0103636
9 0.21901 0.0523148 0.0213542 0.0435185 0.0104651
2 0.286719 0.1125 0.0161458 0.075 0.0114538
2 0.785677 0.0893519 0.0151042 0.0231481 0.0120807
9 0.208073 0.0685185 0.0223958 0.0444444 0.0140612
1 0.230469 0.311574 0.0317708 0.087963 0.0229583
9 0.567187 0.0476852 0.00833333 0.0231481 0.0245961
2 0.635156 0.146759 0.0109375 0.0546296 0.030399
0 0.635417 0.148148 0.009375 0.0518519 0.0339462
2 0.48724 0.107407 0.0140625 0.05 0.0491221
9 0.441927 0.0861111 0.0119792 0.0259259 0.0642763
7 0.295573 0.104167 0.0328125 0.0787037 0.0809333
2 0.297656 0.102778 0.0317708 0.0722222 0.0851571
2 0.464844 0.111574 0.0161458 0.0398148 0.192027
2 0.479948 0.109722 0.0203125 0.0453704 0.313428
2 0.322396 0.0856481 0.0364583 0.0342593 0.316763
2 0.627083 0.122222 0.0260417 0.0518519 0.437996
1 0.25 0.325 0.0208333 0.0907407 0.529013
2 0.505729 0.103704 0.0427083 0.062963 0.570171
2 0.31875 0.121759 0.0510417 0.0694444 0.677027
0 0.248437 0.287963 0.0270833 0.133333 0.789053
11 0.728646 0.0430556 0.0270833 0.0564815 0.820482
10 0.204167 0.315278 0.0166667 0.0694444 0.840123
2 0.729427 0.418981 0.122396 0.173148 0.905409
