0 0.18776 0.113426 0.0078125 0.0416667 0.00103279
2 0.97474 0.514815 0.0494792 0.162963 0.0010595
9 0.76875 0.0486111 0.021875 0.0953704 0.00107045
7 0.277865 0.0671296 0.0348958 0.125 0.00107191
12 0.976823 0.501852 0.0453125 0.138889 0.0010872
0 0.15 0.51713 0.01875 0.0416667 0.00108882
2 0.814583 0.074537 0.01875 0.0175926 0.00109901
7 0.154427 0.087963 0.0776042 0.0833333 0.00114361
12 0.995052 0.513426 0.00885417 0.0731481 0.0011562
2 0.655208 0.135648 0.0833333 0.0824074 0.00126878
1 0.0125 0.37037 0.025 0.0555556 0.00135858
9 0.817187 0.236111 0.00833333 0.0388889 0.00137389
58 0.967188 0.512037 0.05 0.127778 0.00146245
9 0.50026 0.602778 0.0151042 0.0388889 0.00147638
9 0.559896 0.0291667 0.0229167 0.0564815 0.00151185
11 0.236719 0.0680556 0.0171875 0.0435185 0.00153207
2 0.817708 0.236111 0.00833333 0.0388889 0.00164109
9 0.589063 0.0393519 0.0145833 0.0472222 0.0016654
2 0.238542 0.105556 0.01875 0.037037 0.00169341
12 0.994271 0.519907 0.0104167 0.169444 0.0016964
9 0.29401 0.0523148 0.00885417 0.0398148 0.00172853
2 0.640885 0.151852 0.0203125 0.062963 0.00175659
12 0.700521 0.162963 0.0208333 0.0407407 0.00179438
13 0.971094 0.52037 0.0567708 0.177778 0.00209949
9 0.275 0.0398148 0.0364583 0.0759259 0.00220513
32 0.454167 0.314815 0.00833333 0.012963 0.00232441
0 0.263281 0.103241 0.00885417 0.0527778 0.00238364
13 0.986458 0.518519 0.0260417 0.174074 0.00258028
1 0.0046875 0.399074 0.009375 0.0925926 0.00273598
0 0.756771 0.0777778 0.0125 0.0481481 0.00283362
13 0.96276 0.555556 0.0411458 0.0462963 0.00309393
11 0.60599 0.0601852 0.00989583 0.0240741 0.00321592
2 0.296615 0.101852 0.0838542 0.0907407 0.00330213
9 0.757292 0.0736111 0.0104167 0.0416667 0.00348376
2 0.77526 0.114815 0.0203125 0.0314815 0.00365137
58 0.96849 0.495833 0.0307292 0.0898148 0.00401001
13 0.0135417 0.396759 0.0270833 0.113889 0.00411642
9 0.99375 0.494907 0.0114583 0.126852 0.00421459
9 0.548698 0.0513889 0.0119792 0.0268519 0.00426371
0 0.995573 0.327778 0.0078125 0.0574074 0.00436332
2 0.405208 0.105556 0.245833 0.0814815 0.00438403
12 0.692708 0.163426 0.0104167 0.0398148 0.00451498
13 0.0046875 0.405093 0.009375 0.0935185 0.00453859
1 0.00963542 0.398148 0.0192708 0.112963 0.00466474
2 0.561198 0.106019 0.217187 0.0731481 0.00489604
9 0.416406 0.012037 0.0171875 0.0240741 0.00492606
2 0.453906 0.0939815 0.0442708 0.075 0.00555494
0 0.285417 0.107407 0.0135417 0.0703704 0.00627773
9 0.270573 0.0486111 0.0192708 0.0398148 0.00858272
9 0.582552 0.0347222 0.0140625 0.062037 0.00883951
2 0.363281 0.0671296 0.0130208 0.0268519 0.0101823
0 0.758073 0.121759 0.0130208 0.0305556 0.0105391
9 0.109635 0.025463 0.0119792 0.0361111 0.0106124
9 0.26901 0.025 0.0213542 0.0444444 0.0107338
2 0.786198 0.0893519 0.0161458 0.0231481 0.0107938
2 0.238281 0.140741 0.0182292 0.0425926 0.0109336
9 0.567448 0.0314815 0.0130208 0.0592593 0.0109652
9 0.502604 0.760185 0.0125 0.0537037 0.0133051
2 0.271094 0.109259 0.0140625 0.0388889 0.0133549
2 0.592188 0.127315 0.0177083 0.0212963 0.0151131
2 0.634896 0.149074 0.0114583 0.0574074 0.0224066
2 0.485938 0.105556 0.0177083 0.0537037 0.0249118
2 0.465625 0.1125 0.021875 0.0361111 0.0271438
0 0.635677 0.148611 0.00989583 0.0546296 0.0295285
5 0.220052 0.0666667 0.0505208 0.0592593 0.0340683
7 0.220052 0.0657407 0.0505208 0.0592593 0.0368747
2 0.293229 0.108796 0.028125 0.0787037 0.0675522
2 0.442969 0.0800926 0.0151042 0.0453704 0.0810894
7 0.476823 0.0662037 0.0380208 0.0361111 0.115796
9 0.567187 0.0486111 0.00833333 0.025 0.117951
2 0.472656 0.108333 0.0328125 0.0481481 0.285455
2 0.476302 0.0652778 0.0369792 0.0342593 0.314574
2 0.627344 0.12037 0.0255208 0.05 0.360875
2 0.432813 0.0680556 0.0177083 0.0231481 0.401177
2 0.322135 0.0861111 0.0380208 0.037037 0.426668
2 0.452604 0.0731481 0.0364583 0.037037 0.473645
2 0.505208 0.104167 0.04375 0.062037 0.535241
2 0.31849 0.121759 0.0505208 0.0712963 0.73285
10 0.204167 0.315278 0.015625 0.0712963 0.792146
2 0.389323 0.105093 0.0432292 0.0583333 0.793263
11 0.729167 0.0435185 0.0270833 0.0574074 0.806311
2 0.382812 0.17037 0.0614583 0.0833333 0.83715
2 0.729688 0.419444 0.122917 0.17037 0.910135
2 0.746094 0.190741 0.127604 0.111111 0.911643
