7 0.29401 0.106944 0.0828125 0.0972222 0.00102935
1 0.0294271 0.160648 0.0588542 0.0861111 0.00105234
2 0.572135 0.421296 0.536979 0.181481 0.00112029
1 0.21875 0.531482 0.0541667 0.140741 0.0011463
0 0.442708 0.0990741 0.0177083 0.0518519 0.00116587
1 0.850781 0.31713 0.0963542 0.110185 0.00126727
0 0.75625 0.374074 0.021875 0.0333333 0.00128317
2 0.817187 0.233333 0.009375 0.0407407 0.00132309
7 0.788281 0.0648148 0.0255208 0.062963 0.00132996
2 0.655729 0.1375 0.0802083 0.0824074 0.0013534
1 0.0117188 0.366667 0.0234375 0.0574074 0.00136654
12 0.701302 0.164815 0.0203125 0.0388889 0.00137475
1 0.00494792 0.376852 0.00989583 0.118519 0.00138319
2 0.814062 0.0768519 0.0177083 0.0166667 0.00140498
2 0.363542 0.0671296 0.0114583 0.0194444 0.00145167
0 0.716146 0.371759 0.0229167 0.0287037 0.00163877
11 0.240104 0.0365741 0.021875 0.0712963 0.00166279
0 0.756771 0.119444 0.0135417 0.037037 0.00180927
24 0.207031 0.416204 0.0213542 0.0435185 0.00183921
2 0.64974 0.149074 0.0380208 0.0592593 0.00186207
13 0.986198 0.520833 0.0265625 0.178704 0.00193446
9 0.263542 0.0888889 0.009375 0.037037 0.00211634
2 0.409115 0.112037 0.267188 0.0814815 0.00213926
12 0.702083 0.142593 0.0229167 0.0814815 0.00214554
7 0.276823 0.0680556 0.0390625 0.132407 0.00219882
7 0.993229 0.518981 0.0125 0.171296 0.0022431
13 0.970573 0.526389 0.0578125 0.184259 0.00227004
0 0.263542 0.102315 0.00833333 0.0527778 0.00236423
0 0.215885 0.943981 0.0213542 0.108333 0.00254847
11 0.605729 0.0601852 0.0104167 0.0240741 0.00255085
58 0.967969 0.496296 0.0296875 0.0833333 0.00256707
9 0.994271 0.509259 0.0104167 0.155556 0.00262375
9 0.583073 0.0384259 0.0140625 0.0490741 0.00269844
9 0.415625 0.0087963 0.015625 0.0175926 0.00279108
2 0.782292 0.102778 0.0375 0.05 0.00290215
12 0.69349 0.164352 0.00677083 0.037963 0.00305202
2 0.291667 0.0712963 0.0135417 0.0148148 0.00307759
2 0.56901 0.111111 0.242188 0.0703704 0.00316874
9 0.36224 0.0689815 0.00885417 0.0231481 0.00319764
12 0.994271 0.500463 0.0104167 0.139815 0.00331077
1 0.00911458 0.394907 0.0182292 0.121296 0.00342157
2 0.442708 0.087963 0.0135417 0.0277778 0.00344677
1 0.810677 0.33287 0.0182292 0.0842593 0.00369447
9 0.458333 0.0652778 0.00729167 0.0305556 0.00370665
2 0.532031 0.111574 0.0140625 0.0435185 0.00374416
9 0.29375 0.0569444 0.009375 0.037963 0.00387471
2 0.850781 0.318056 0.0973958 0.115741 0.00412635
2 0.477344 0.111111 0.0619792 0.062963 0.00437932
11 0.236979 0.0699074 0.0177083 0.0472222 0.00445089
9 0.572656 0.0310185 0.0140625 0.0583333 0.00617847
0 0.267448 0.1 0.0119792 0.0555556 0.00626095
2 0.238542 0.140741 0.01875 0.0425926 0.00639134
7 0.970833 0.527315 0.0572917 0.199074 0.00691406
9 0.502344 0.759722 0.0119792 0.0527778 0.00767064
24 0.20625 0.440741 0.0375 0.087037 0.00825568
1 0.00390625 0.413889 0.0078125 0.0796296 0.00847867
2 0.270573 0.109259 0.0130208 0.0407407 0.00933201
2 0.2875 0.113426 0.0177083 0.0731481 0.0109584
2 0.785937 0.0888889 0.0135417 0.0222222 0.0118395
2 0.592448 0.126389 0.0171875 0.0231481 0.0126942
7 0.220573 0.0666667 0.0505208 0.062963 0.0151788
0 0.635417 0.147685 0.009375 0.0527778 0.0168409
0 0.758073 0.0694444 0.0109375 0.0444444 0.0176299
24 0.198698 0.446296 0.0265625 0.0555556 0.0184332
9 0.442448 0.0875 0.0130208 0.0268519 0.0191631
5 0.220052 0.0662037 0.0484375 0.0583333 0.0192349
2 0.635156 0.14537 0.0109375 0.0518519 0.0193062
9 0.26901 0.037037 0.0234375 0.0703704 0.0248582
9 0.567187 0.0476852 0.00833333 0.0231481 0.0360272
2 0.489062 0.106944 0.015625 0.0509259 0.0446634
7 0.296875 0.107407 0.0364583 0.0814815 0.0626218
2 0.298438 0.107407 0.0354167 0.0796296 0.0666413
24 0.209635 0.444907 0.0223958 0.0490741 0.0927038
2 0.46276 0.112037 0.0140625 0.0388889 0.15898
2 0.470052 0.109722 0.0286458 0.0435185 0.27221
2 0.322656 0.0861111 0.0369792 0.0351852 0.351059
2 0.627083 0.122222 0.0260417 0.0537037 0.52147
2 0.505729 0.104167 0.0427083 0.062037 0.620353
1 0.204427 0.544444 0.0223958 0.125926 0.622365
2 0.318229 0.120833 0.0510417 0.0731481 0.666081
11 0.728906 0.0430556 0.0265625 0.0564815 0.802274
10 0.204167 0.315741 0.015625 0.0703704 0.8132
0 0.20651 0.490278 0.0390625 0.191667 0.845974
2 0.729688 0.419907 0.122917 0.171296 0.903301
