2 0.641146 0.150463 0.0229167 0.0657407 0.00103749
9 0.415365 0.0106481 0.0161458 0.0212963 0.00127923
2 0.216406 0.103241 0.0473958 0.037963 0.00128552
9 0.578646 0.0333333 0.0177083 0.0592593 0.00132849
2 0.20026 0.106944 0.0234375 0.0398148 0.00133061
0 0.186979 0.112037 0.00729167 0.0407407 0.00136578
11 0.236979 0.0671296 0.0166667 0.0416667 0.00147419
2 0.414062 0.109722 0.294792 0.0842593 0.00148387
2 0.263542 0.0907407 0.00833333 0.0481481 0.00149208
2 0.21901 0.122685 0.0546875 0.075 0.00162911
13 0.994271 0.519444 0.0104167 0.174074 0.00165434
9 0.292448 0.0532407 0.0078125 0.0398148 0.0017638
0 0.75625 0.374074 0.0208333 0.0351852 0.00176638
1 0.0320312 0.167593 0.0557292 0.0555556 0.00179407
12 0.701042 0.163889 0.0208333 0.0388889 0.0018038
2 0.451823 0.110648 0.133854 0.0694444 0.00185446
9 0.108594 0.0268519 0.0119792 0.0351852 0.00187749
58 0.968229 0.492593 0.0302083 0.0888889 0.00187971
11 0.240625 0.0412037 0.0239583 0.0805556 0.00196659
2 0.657812 0.135185 0.08125 0.0796296 0.00202609
9 0.548177 0.0523148 0.0109375 0.0231481 0.00207068
2 0.55625 0.110648 0.290625 0.075 0.00212576
0 0.75599 0.0694444 0.0119792 0.0388889 0.00220269
9 0.582812 0.0393519 0.0114583 0.0453704 0.00223846
0 0.232031 0.889815 0.0203125 0.0925926 0.00224352
58 0.921094 0.185648 0.157813 0.358333 0.00224365
2 0.25625 0.0865741 0.021875 0.0398148 0.00232803
13 0.971615 0.520833 0.0557292 0.184259 0.00234444
0 0.729427 0.372222 0.0286458 0.0296296 0.00252987
0 0.754687 0.0884259 0.015625 0.0768519 0.00256696
7 0.78724 0.062037 0.0255208 0.0592593 0.00266466
9 0.458594 0.0643518 0.0078125 0.0287037 0.00268592
0 0.707812 0.372685 0.021875 0.0305556 0.00280132
7 0.99401 0.518056 0.0109375 0.175 0.00284602
0 0.283073 0.0828704 0.0078125 0.0287037 0.00286433
7 0.275 0.0606481 0.0375 0.119444 0.00320533
2 0.236719 0.0638889 0.0161458 0.0351852 0.00334404
0 0.716667 0.371759 0.028125 0.0287037 0.00381333
2 0.2375 0.137963 0.01875 0.0462963 0.00395259
12 0.692969 0.161574 0.0078125 0.0416667 0.00401078
9 0.994531 0.498611 0.00989583 0.141667 0.00441195
2 0.26875 0.05 0.01875 0.0351852 0.00465248
12 0.701823 0.137963 0.0223958 0.087037 0.00486407
7 0.970573 0.525926 0.0578125 0.203704 0.00505928
2 0.530729 0.111574 0.0145833 0.0435185 0.00537549
2 0.779688 0.0976852 0.0302083 0.0342593 0.00545548
2 0.605729 0.0587963 0.0104167 0.0268519 0.00560509
9 0.569531 0.0305556 0.0109375 0.0574074 0.00600512
9 0.269271 0.0194444 0.021875 0.0351852 0.00627559
0 0.65 0.902315 0.0614583 0.0416667 0.00709853
7 0.223958 0.0564815 0.0583333 0.103704 0.00772064
9 0.49974 0.601389 0.0140625 0.0398148 0.00986784
2 0.442187 0.0851852 0.0125 0.0240741 0.0103936
2 0.291927 0.106481 0.0213542 0.062963 0.0105247
2 0.270312 0.108796 0.0135417 0.037963 0.0105714
2 0.447396 0.115741 0.028125 0.0222222 0.01059
5 0.220313 0.062963 0.0479167 0.0592593 0.0109454
0 0.571094 0.905556 0.0536458 0.037037 0.0112898
9 0.219531 0.0898148 0.00885417 0.0148148 0.0116608
9 0.441927 0.0856481 0.0130208 0.025 0.012385
2 0.289062 0.0819444 0.0145833 0.0305556 0.0130445
1 0.00833333 0.399074 0.0166667 0.105556 0.0155713
7 0.211979 0.0611111 0.0322917 0.0574074 0.0165544
9 0.566667 0.0462963 0.00833333 0.0240741 0.0174433
2 0.784115 0.0893519 0.0161458 0.0194444 0.0181483
9 0.502083 0.759722 0.0125 0.0546296 0.0201051
2 0.00755208 0.407407 0.0151042 0.0888889 0.0225324
2 0.634635 0.146296 0.0109375 0.0574074 0.0256982
2 0.591927 0.126852 0.0171875 0.0240741 0.0291044
2 0.290104 0.0717593 0.0125 0.0157407 0.0428159
2 0.463021 0.110185 0.0135417 0.0407407 0.129194
2 0.472135 0.108796 0.0296875 0.0435185 0.322255
7 0.505469 0.102778 0.0432292 0.062963 0.367134
2 0.321615 0.0856481 0.0369792 0.0361111 0.405958
2 0.504948 0.102315 0.0432292 0.0638889 0.468041
2 0.626823 0.120833 0.0255208 0.0527778 0.490406
10 0.203646 0.314352 0.015625 0.0712963 0.696726
2 0.317708 0.120833 0.0510417 0.0694444 0.762586
11 0.728646 0.0412037 0.0270833 0.0527778 0.781227
2 0.613542 0.913426 0.282292 0.167593 0.902959
2 0.729427 0.419907 0.123438 0.171296 0.908197
