0 0.748958 0.0976852 0.0333333 0.0990741 0.00100676
9 0.288021 0.0787037 0.009375 0.0222222 0.00105046
12 0.99401 0.519907 0.0109375 0.167593 0.00110941
12 0.970833 0.494907 0.0354167 0.113889 0.00128585
2 0.416667 0.0208333 0.0177083 0.0287037 0.00129064
11 0.745833 0.0634259 0.0614583 0.123148 0.0013268
0 0.538021 0.290741 0.535417 0.477778 0.00133752
9 0.415885 0.0115741 0.0161458 0.0231481 0.00136391
10 0.774219 0.123611 0.0192708 0.0472222 0.00145995
9 0.284635 0.0703704 0.0161458 0.0388889 0.00147262
0 0.263021 0.100463 0.00833333 0.0546296 0.00153149
2 0.446875 0.104167 0.0427083 0.0509259 0.00165382
11 0.240104 0.0324074 0.021875 0.0611111 0.00167422
9 0.3625 0.0444444 0.009375 0.0296296 0.00169223
2 0.445052 0.110185 0.241146 0.0814815 0.0017585
13 0.970833 0.523611 0.0572917 0.178704 0.00176862
2 0.773958 0.120833 0.01875 0.0435185 0.00179659
2 0.352083 0.10463 0.133333 0.0944444 0.00185374
2 0.267708 0.106019 0.009375 0.0435185 0.00187817
2 0.60026 0.421759 0.697396 0.180556 0.00194169
2 0.238021 0.140741 0.01875 0.0425926 0.00200952
2 0.467969 0.0217593 0.0213542 0.0194444 0.00205783
9 0.576563 0.0347222 0.0166667 0.0675926 0.00213053
1 0.00390625 0.393981 0.0078125 0.112037 0.00225041
2 0.788542 0.0819444 0.01875 0.0212963 0.00228628
9 0.585156 0.0384259 0.0140625 0.0583333 0.0024024
9 0.23724 0.0689815 0.0140625 0.0416667 0.00244136
12 0.702083 0.162963 0.01875 0.0407407 0.0024544
9 0.208073 0.0662037 0.0213542 0.0416667 0.00256581
7 0.213802 0.0606481 0.0338542 0.0546296 0.00277177
9 0.965885 0.502315 0.0244792 0.0768519 0.00292862
0 0.757552 0.374537 0.0182292 0.0287037 0.00294939
0 0.757292 0.120833 0.0114583 0.0416667 0.00302639
9 0.592448 0.0453704 0.00989583 0.0425926 0.00311827
0 0.731771 0.371759 0.0302083 0.0287037 0.00337331
32 0.454167 0.312963 0.00833333 0.0166667 0.00345792
7 0.971354 0.526852 0.05625 0.196296 0.00363176
9 0.110677 0.0231481 0.0130208 0.0388889 0.00412004
9 0.292969 0.0555556 0.00989583 0.0407407 0.0041219
9 0.254687 0.0875 0.0125 0.0361111 0.00432457
2 0.592188 0.126389 0.01875 0.0231481 0.00466612
0 0.36224 0.0689815 0.00885417 0.0287037 0.00473479
9 0.258333 0.0773148 0.0104167 0.0527778 0.00485921
12 0.702083 0.139815 0.0229167 0.087037 0.00528967
9 0.548177 0.0513889 0.0109375 0.025 0.00571274
9 0.291927 0.0666667 0.00989583 0.0222222 0.00595601
9 0.994531 0.497685 0.00989583 0.128704 0.00632522
9 0.117708 0.0217593 0.0208333 0.037963 0.00633692
9 0.263021 0.0902778 0.00833333 0.0398148 0.00696298
0 0.715885 0.371296 0.0223958 0.0259259 0.00792075
9 0.984375 0.494907 0.01875 0.119444 0.0080997
9 0.266406 0.0953704 0.00989583 0.0462963 0.0081124
9 0.442969 0.0888889 0.0140625 0.0277778 0.00864898
0 0.442969 0.0986111 0.0182292 0.0490741 0.00868354
11 0.60625 0.0597222 0.0104167 0.025 0.00920948
2 0.785937 0.0884259 0.0166667 0.0212963 0.0107309
2 0.291146 0.115741 0.0135417 0.0425926 0.0108871
9 0.973698 0.497222 0.0359375 0.122222 0.0124461
9 0.28151 0.087963 0.00572917 0.0240741 0.0126722
9 0.560677 0.0314815 0.0265625 0.0592593 0.013691
9 0.219531 0.104167 0.0109375 0.0416667 0.0143177
0 0.757552 0.0921296 0.0140625 0.0898148 0.0213669
9 0.223438 0.0537037 0.0135417 0.0388889 0.0219275
9 0.565885 0.0388889 0.0109375 0.0444444 0.0228217
9 0.219531 0.0893519 0.00885417 0.0157407 0.0297619
0 0.634635 0.149074 0.00989583 0.0518519 0.0339418
9 0.500781 0.602315 0.0140625 0.0416667 0.0584341
9 0.502865 0.760185 0.0119792 0.0555556 0.0901141
2 0.4625 0.110185 0.0135417 0.0407407 0.0980287
9 0.567187 0.0476852 0.00833333 0.025 0.10426
9 0.26901 0.0356481 0.0223958 0.0657407 0.109516
2 0.479948 0.109259 0.0234375 0.0444444 0.305102
2 0.322135 0.0856481 0.0390625 0.0342593 0.344734
2 0.627604 0.121759 0.025 0.0527778 0.42235
2 0.505729 0.103704 0.04375 0.062963 0.518784
11 0.729688 0.0425926 0.0270833 0.0574074 0.626716
2 0.318229 0.121759 0.0520833 0.0712963 0.706504
10 0.203906 0.315278 0.0161458 0.0694444 0.837859
2 0.388802 0.167593 0.0609375 0.0833333 0.866372
2 0.730208 0.419444 0.121875 0.174074 0.905756
