2 0.19974 0.244444 0.0203125 0.012963 0.00100177
2 0.240104 0.114352 0.01875 0.0435185 0.00101003
2 0.782031 0.867593 0.430729 0.238889 0.00106337
2 0.661979 0.146296 0.0697917 0.0796296 0.00107933
12 0.994792 0.525926 0.009375 0.157407 0.00111748
0 0.0763021 0.822685 0.135937 0.239815 0.00111978
0 0.757292 0.374537 0.0208333 0.0324074 0.00120147
1 0.0557292 0.862037 0.111458 0.185185 0.00122611
7 0.992969 0.525 0.0130208 0.161111 0.00128163
12 0.701823 0.164815 0.0203125 0.0388889 0.00131975
1 0.100521 0.851389 0.03125 0.160185 0.00133795
2 0.536719 0.112037 0.00989583 0.0444444 0.00134727
12 0.688802 0.167593 0.0140625 0.0351852 0.00136518
2 0.444531 0.111111 0.0223958 0.0277778 0.0013732
9 0.995573 0.530093 0.0078125 0.0361111 0.00141104
0 0.716927 0.371296 0.0265625 0.0277778 0.0014134
9 0.440885 0.211574 0.0130208 0.0583333 0.00142499
2 0.817448 0.234259 0.00885417 0.037037 0.00144682
2 0.00625 0.0935185 0.0125 0.0481481 0.00148235
1 0.00494792 0.35787 0.00989583 0.0657407 0.00148568
2 0.986198 0.599537 0.0265625 0.0472222 0.00149998
2 0.531771 0.112037 0.0145833 0.0444444 0.00151588
7 0.788281 0.062963 0.0255208 0.0648148 0.00156951
9 0.817187 0.236111 0.00833333 0.0351852 0.00163257
9 0.577865 0.0324074 0.0151042 0.0592593 0.00165884
2 0.288021 0.0810185 0.0208333 0.0361111 0.00177874
2 0.96224 0.555093 0.0401042 0.0435185 0.0019236
2 0.402865 0.108796 0.267188 0.0805556 0.00205617
12 0.692708 0.164815 0.00729167 0.0388889 0.00218707
2 0.442448 0.0865741 0.0140625 0.0268519 0.00239009
9 0.293229 0.0569444 0.009375 0.0342593 0.00247382
0 0.214062 0.78287 0.421875 0.330556 0.00252622
1 0.0953125 0.803704 0.0333333 0.0537037 0.00260323
2 0.638542 0.126852 0.0479167 0.0648148 0.00263883
9 0.429427 0.0435185 0.00885417 0.0259259 0.00265743
0 0.263281 0.10463 0.00885417 0.05 0.00274619
2 0.564583 0.108796 0.205208 0.0675926 0.00286014
9 0.36224 0.0680556 0.00989583 0.025 0.00289785
12 0.702344 0.138426 0.0234375 0.087963 0.00302738
9 0.489062 0.980093 0.0166667 0.0398148 0.00327542
7 0.970573 0.523611 0.0578125 0.189815 0.0033126
2 0.60599 0.0597222 0.00989583 0.0231481 0.00377293
2 0.592448 0.125463 0.0182292 0.025 0.00396389
2 0.363542 0.0675926 0.0114583 0.0203704 0.00417535
0 0.75599 0.0875 0.0140625 0.0675926 0.00419925
11 0.236979 0.0689815 0.0166667 0.0453704 0.00423477
9 0.56901 0.0314815 0.0119792 0.0574074 0.00426657
0 0.0924479 0.718518 0.0505208 0.114815 0.00432472
7 0.986979 0.524074 0.025 0.194444 0.00432868
9 0.216146 0.0578704 0.028125 0.0527778 0.00445737
2 0.00390625 0.421296 0.0078125 0.062963 0.00470427
7 0.505729 0.0990741 0.04375 0.0722222 0.00485067
1 0.00390625 0.418056 0.0078125 0.0694444 0.00515959
2 0.21901 0.139815 0.0578125 0.0462963 0.00527172
1 0.811458 0.332407 0.0166667 0.0925926 0.005381
1 0.00755208 0.387037 0.0151042 0.103704 0.00554117
9 0.994792 0.494444 0.009375 0.12963 0.0055439
9 0.269531 0.0208333 0.0213542 0.0361111 0.00693574
2 0.647656 0.145833 0.0359375 0.0601852 0.00722888
2 0.270312 0.049537 0.01875 0.037963 0.00728937
2 0.813542 0.074537 0.01875 0.0194444 0.00745421
9 0.207552 0.0685185 0.0203125 0.0425926 0.00765643
1 0.0716146 0.831019 0.0182292 0.115741 0.00837724
0 0.521354 0.0689815 0.0125 0.0212963 0.00885083
1 0.0132813 0.364352 0.0265625 0.0527778 0.00945578
0 0.669531 0.833796 0.0651042 0.0583333 0.00951
2 0.271615 0.106944 0.0151042 0.0453704 0.0121785
5 0.220833 0.0662037 0.0489583 0.0564815 0.0129603
7 0.220313 0.0689815 0.0510417 0.0657407 0.0130207
7 0.276302 0.0689815 0.0390625 0.134259 0.013908
9 0.220052 0.0888889 0.00885417 0.0148148 0.0150392
2 0.00494792 0.557407 0.00989583 0.0388889 0.0178938
9 0.442448 0.0875 0.0130208 0.0268519 0.0181148
2 0.634896 0.144907 0.0104167 0.0509259 0.0189901
0 0.710677 0.82963 0.0453125 0.0537037 0.0214288
2 0.786198 0.0884259 0.0161458 0.0231481 0.0265359
2 0.490625 0.0833333 0.0145833 0.0296296 0.0332279
2 0.4875 0.108796 0.0135417 0.0472222 0.0435689
24 0.0911458 0.733333 0.0385417 0.0833333 0.0460688
2 0.238021 0.141204 0.01875 0.0398148 0.0484298
9 0.566927 0.0476852 0.0078125 0.0231481 0.051118
0 0.648177 0.833333 0.0421875 0.0537037 0.0582504
9 0.502083 0.760185 0.0125 0.0555556 0.0652313
2 0.298177 0.106944 0.0380208 0.0805556 0.0902141
7 0.297656 0.106481 0.0390625 0.0814815 0.0913605
2 0.46276 0.110648 0.0140625 0.0416667 0.115184
2 0.480208 0.109722 0.01875 0.0435185 0.147997
2 0.322135 0.0865741 0.0380208 0.0361111 0.228392
2 0.470833 0.109722 0.0291667 0.0435185 0.300946
2 0.627344 0.121759 0.0255208 0.0527778 0.404989
2 0.50625 0.102778 0.0416667 0.0666667 0.549698
1 0.0882813 0.863889 0.0421875 0.177778 0.601293
10 0.204167 0.315741 0.015625 0.0722222 0.666991
2 0.31849 0.121759 0.0515625 0.0712963 0.698089
11 0.728906 0.0430556 0.0265625 0.0564815 0.784593
0 0.0924479 0.789815 0.0526042 0.261111 0.84264
2 0.729688 0.419907 0.122917 0.169444 0.899654
2 0.678385 0.873148 0.189063 0.244444 0.911281
