0 0.729427 0.371759 0.0307292 0.0305556 0.00104524
2 0.817187 0.233333 0.009375 0.0425926 0.0010575
2 0.0255208 0.362037 0.0510417 0.0462963 0.00106107
2 0.647656 0.148148 0.0359375 0.0611111 0.00110585
2 0.683854 0.411574 0.436458 0.197222 0.00115062
1 0.0242187 0.394444 0.0484375 0.116667 0.00115119
9 0.254427 0.0861111 0.0140625 0.0351852 0.00116863
2 0.0046875 0.557407 0.009375 0.0425926 0.00119374
2 0.234375 0.105556 0.0197917 0.0407407 0.00119463
7 0.613281 0.0861111 0.0421875 0.0759259 0.00122242
2 0.754167 0.159259 0.0114583 0.0203704 0.00124476
32 0.454427 0.315741 0.00677083 0.012963 0.00133575
2 0.655469 0.139352 0.0817708 0.0898148 0.0013386
9 0.259375 0.0694444 0.0114583 0.0425926 0.00134124
13 0.025 0.37037 0.05 0.062963 0.00141487
9 0.817187 0.233333 0.009375 0.0407407 0.00144347
7 0.970312 0.525463 0.0583333 0.19537 0.00144416
2 0.771615 0.115741 0.0140625 0.0351852 0.00148174
2 0.23724 0.125 0.0192708 0.0685185 0.00149628
0 0.570573 0.223148 0.00885417 0.0351852 0.00152924
2 0.364062 0.0694444 0.0114583 0.0222222 0.0015728
2 0.610417 0.0699074 0.0291667 0.0453704 0.00157349
9 0.589323 0.0430556 0.0130208 0.0416667 0.00167097
12 0.995313 0.534722 0.00833333 0.0416667 0.00168298
0 0.26276 0.103241 0.00885417 0.0546296 0.00171156
13 0.961979 0.555556 0.0416667 0.0444444 0.00172787
9 0.5 0.60463 0.0145833 0.0407407 0.00180309
2 0.546875 0.202778 0.0427083 0.0462963 0.00183291
9 0.28724 0.0430556 0.0109375 0.0416667 0.00198369
2 0.5625 0.108796 0.255208 0.0731481 0.00208752
0 0.757292 0.374074 0.01875 0.0296296 0.002104
9 0.577344 0.0328704 0.0161458 0.062037 0.00229299
0 0.995833 0.325 0.00729167 0.0555556 0.00232437
2 0.00494792 0.0888889 0.00989583 0.037037 0.00236279
9 0.584115 0.0398148 0.0140625 0.0462963 0.00237871
7 0.988542 0.525463 0.021875 0.19537 0.00242221
2 0.404948 0.110185 0.267188 0.0777778 0.00245999
2 0.0132813 0.39537 0.0265625 0.114815 0.00252212
9 0.498958 0.756481 0.0291667 0.062963 0.00262172
11 0.220573 0.0675926 0.0526042 0.0555556 0.00267082
2 0.801042 0.0828704 0.0385417 0.0287037 0.00270058
2 0.267708 0.0986111 0.0125 0.0564815 0.00285256
2 0.616927 0.112037 0.0463542 0.0555556 0.00288435
2 0.442969 0.0884259 0.0140625 0.0287037 0.00312879
9 0.2625 0.0842593 0.00729167 0.0314815 0.0031324
2 0.592708 0.125 0.0177083 0.0259259 0.0034896
2 0.778906 0.106481 0.0276042 0.0407407 0.00350143
9 0.269531 0.0564815 0.0182292 0.0333333 0.00405472
12 0.99375 0.496759 0.0114583 0.130556 0.00407799
11 0.236458 0.0699074 0.01875 0.0472222 0.00409705
2 0.457292 0.108796 0.105208 0.0601852 0.00456335
0 0.715625 0.372222 0.025 0.0277778 0.00462086
0 0.443229 0.0972222 0.0166667 0.0481481 0.00495964
9 0.570052 0.0314815 0.0130208 0.0592593 0.00497418
9 0.26901 0.0388889 0.0213542 0.0592593 0.00530745
0 0.00416667 0.410648 0.00833333 0.0842593 0.00541515
9 0.269531 0.0217593 0.0192708 0.0305556 0.00549333
13 0.0145833 0.393981 0.0291667 0.106481 0.00561381
12 0.692448 0.165741 0.00885417 0.0388889 0.00571703
9 0.992708 0.501389 0.0135417 0.137963 0.00588688
2 0.00416667 0.412037 0.00833333 0.0796296 0.00618104
11 0.606771 0.0606481 0.0104167 0.025 0.0070419
10 0.443229 0.0884259 0.0135417 0.0287037 0.00711124
1 0.009375 0.397222 0.01875 0.112963 0.00715582
0 0.75651 0.0856481 0.0119792 0.0694444 0.00799009
2 0.339063 0.0888889 0.0125 0.0296296 0.00856442
2 0.813802 0.075 0.0171875 0.0185185 0.00901019
9 0.36224 0.0703704 0.00885417 0.0222222 0.00945153
0 0.635417 0.146296 0.0104167 0.0518519 0.00954655
9 0.207292 0.0685185 0.0229167 0.0444444 0.00959576
2 0.271615 0.109722 0.0140625 0.0398148 0.0100653
2 0.238542 0.143519 0.0177083 0.0388889 0.0121513
2 0.634896 0.144907 0.0114583 0.0527778 0.0154393
5 0.220573 0.0685185 0.0515625 0.0555556 0.0190527
7 0.220052 0.0675926 0.0515625 0.0574074 0.0190916
1 0.0125 0.36713 0.025 0.0527778 0.0216825
9 0.503125 0.760185 0.0135417 0.0537037 0.0296152
9 0.297135 0.0481481 0.00885417 0.0314815 0.0359869
2 0.785937 0.0902778 0.015625 0.0231481 0.0665591
9 0.567708 0.0481481 0.00833333 0.0240741 0.073423
2 0.303385 0.108333 0.0463542 0.0814815 0.0816164
7 0.3 0.106944 0.0416667 0.0805556 0.125923
2 0.465104 0.113889 0.01875 0.037037 0.157321
2 0.321094 0.0898148 0.0390625 0.0314815 0.184446
2 0.480208 0.109722 0.0229167 0.0453704 0.292605
2 0.627604 0.121296 0.025 0.05 0.379541
2 0.50651 0.104167 0.0421875 0.062037 0.499465
2 0.31901 0.12037 0.0494792 0.0722222 0.631806
10 0.203906 0.315741 0.0161458 0.0722222 0.771938
11 0.729427 0.0435185 0.0265625 0.0555556 0.787426
2 0.529167 0.2375 0.0916667 0.132407 0.887131
2 0.23724 0.941667 0.207813 0.114815 0.889463
2 0.729688 0.419907 0.122917 0.171296 0.916495
