9 0.264062 0.0453704 0.0197917 0.0537037 0.00107995
0 0.00390625 0.389815 0.0078125 0.0666667 0.00113128
0 0.730729 0.372685 0.0302083 0.0305556 0.00113661
0 0.555729 0.217593 0.0239583 0.0259259 0.00116505
2 0.786198 0.112037 0.0432292 0.0666667 0.00129236
2 0.675781 0.417593 0.452604 0.190741 0.00132207
9 0.263021 0.087037 0.00833333 0.037037 0.00138645
9 0.577604 0.0333333 0.015625 0.0611111 0.00139201
9 0.583333 0.0398148 0.0135417 0.0462963 0.00147546
7 0.295833 0.10463 0.0833333 0.0907407 0.00154927
2 0.238021 0.114352 0.0197917 0.0509259 0.0015916
2 0.65599 0.140278 0.0796875 0.0842593 0.00159862
9 0.258333 0.0717593 0.0125 0.0435185 0.00163814
9 0.458333 0.0648148 0.00729167 0.0314815 0.00164821
0 0.756771 0.374537 0.0197917 0.0305556 0.00166052
9 0.567187 0.062037 0.0104167 0.0518519 0.00191179
2 0.771354 0.114815 0.0135417 0.0314815 0.00213403
1 0.0140625 0.394907 0.028125 0.115741 0.00217209
0 0.263281 0.103704 0.00885417 0.0537037 0.0022062
9 0.994792 0.528704 0.009375 0.0518519 0.00221317
2 0.9625 0.555556 0.040625 0.0444444 0.00222697
7 0.219531 0.0967593 0.0536458 0.115741 0.00224801
11 0.236458 0.0694444 0.01875 0.0481481 0.00229224
2 0.79349 0.0861111 0.0328125 0.0277778 0.0023185
2 0.743229 0.176389 0.0197917 0.0268519 0.00237247
7 0.988021 0.523611 0.0229167 0.191667 0.00237853
11 0.220313 0.0680556 0.053125 0.0564815 0.00243385
2 0.402604 0.108796 0.270833 0.075 0.00243741
0 0.273958 0.82963 0.08125 0.0759259 0.00260727
9 0.489323 0.980556 0.0161458 0.0388889 0.00267771
12 0.692969 0.165278 0.0078125 0.0398148 0.00271666
0 0.995833 0.325926 0.00729167 0.0555556 0.00282512
13 0.0143229 0.380093 0.0286458 0.0805556 0.00295392
2 0.56901 0.108333 0.235938 0.0666667 0.00295982
12 0.99401 0.518056 0.0109375 0.169444 0.00315746
7 0.970573 0.524537 0.0578125 0.191667 0.0032298
2 0.777604 0.111574 0.025 0.0435185 0.00362759
0 0.247656 0.830556 0.0546875 0.0703704 0.00376544
9 0.570833 0.0310185 0.0135417 0.0583333 0.00390965
1 0.00416667 0.4125 0.00833333 0.0787037 0.00410967
1 0.0513021 0.158333 0.0671875 0.0759259 0.00411033
2 0.648698 0.147222 0.0369792 0.0611111 0.00421112
2 0.443229 0.0893519 0.0145833 0.0324074 0.00428618
7 0.219792 0.0597222 0.053125 0.0768519 0.00450438
9 0.269792 0.0550926 0.0197917 0.0361111 0.00452003
0 0.75651 0.0902778 0.0130208 0.075 0.00467075
0 0.291927 0.830556 0.0380208 0.0703704 0.00492113
2 0.8125 0.0759259 0.0166667 0.0166667 0.00493947
9 0.508073 0.75787 0.0255208 0.0638889 0.00504179
9 0.361979 0.0685185 0.009375 0.0240741 0.00635366
0 0.715104 0.373611 0.025 0.0268519 0.00645659
11 0.606771 0.0611111 0.0104167 0.0240741 0.00694162
0 0.442969 0.0953704 0.0171875 0.0462963 0.00705504
2 0.238542 0.140278 0.01875 0.0435185 0.00711759
9 0.500521 0.603704 0.0145833 0.037037 0.00822218
19 0.443229 0.0888889 0.0145833 0.0314815 0.00861982
2 0.339063 0.0884259 0.0135417 0.0324074 0.00863837
9 0.498177 0.757407 0.0265625 0.0592593 0.00901982
9 0.208333 0.0685185 0.025 0.0462963 0.00938754
9 0.992448 0.499537 0.0140625 0.136111 0.0118573
2 0.591667 0.127778 0.01875 0.0222222 0.0123593
1 0.0135417 0.365741 0.0270833 0.0518519 0.0146028
9 0.269271 0.0347222 0.021875 0.0675926 0.0151465
2 0.635417 0.143981 0.0114583 0.0527778 0.0223793
2 0.786198 0.0898148 0.0151042 0.0240741 0.0268137
2 0.272135 0.110185 0.0151042 0.0407407 0.0283973
5 0.220052 0.0680556 0.0515625 0.0583333 0.0394766
0 0.320052 0.829167 0.0442708 0.0712963 0.0525409
9 0.567708 0.0481481 0.00833333 0.0240741 0.0689077
9 0.502604 0.760185 0.0114583 0.0518519 0.107634
2 0.46276 0.111574 0.0151042 0.0416667 0.145228
2 0.29974 0.106481 0.0401042 0.0796296 0.147021
7 0.298958 0.106019 0.040625 0.0787037 0.187975
2 0.321615 0.0888889 0.0380208 0.037037 0.22902
2 0.477604 0.109259 0.0302083 0.0462963 0.352595
2 0.627865 0.121296 0.0255208 0.05 0.436941
2 0.50625 0.10463 0.0427083 0.0611111 0.597619
2 0.31875 0.121296 0.05 0.0703704 0.687911
11 0.729688 0.0425926 0.0270833 0.0555556 0.782451
10 0.203906 0.316204 0.0161458 0.0712963 0.795399
2 0.534375 0.250926 0.0958333 0.137037 0.899771
2 0.729688 0.419907 0.122917 0.171296 0.912641
2 0.282292 0.871759 0.205208 0.252778 0.926897
