12 0.9875 0.518056 0.0239583 0.173148 0.00106768
2 0.279687 0.108333 0.0322917 0.0648148 0.00107317
1 0.0622396 0.495833 0.0192708 0.0898148 0.0010903
13 0.971875 0.519444 0.0552083 0.172222 0.00109754
1 0.0145833 0.453241 0.0291667 0.221296 0.00112298
9 0.415365 0.0087963 0.0161458 0.0175926 0.00113065
58 0.96875 0.491667 0.03125 0.0907407 0.00113129
13 0.970052 0.568519 0.0557292 0.0722222 0.00116488
2 0.775781 0.106944 0.0234375 0.0324074 0.0011778
2 0.238281 0.1375 0.0192708 0.0435185 0.00118147
0 0.247917 0.458796 0.467708 0.234259 0.00118709
9 0.581771 0.0388889 0.0125 0.05 0.00121151
7 0.786979 0.0634259 0.0229167 0.0564815 0.00123761
9 0.444792 0.243981 0.00729167 0.0175926 0.00123803
12 0.701823 0.137037 0.0213542 0.0851852 0.00126747
9 0.186979 0.0740741 0.009375 0.0481481 0.00129612
1 0.207813 0.523611 0.0677083 0.100926 0.00130993
1 0.0195312 0.175463 0.0380208 0.0638889 0.00135981
2 0.0158854 0.464352 0.0317708 0.206481 0.00144452
12 0.994531 0.518981 0.00989583 0.169444 0.00150087
9 0.990104 0.518519 0.01875 0.174074 0.00151102
0 0.391927 0.378704 0.0619792 0.0648148 0.00151487
0 0.3625 0.3875 0.0291667 0.0490741 0.00153719
9 0.547917 0.0523148 0.0104167 0.0231481 0.00155671
2 0.44349 0.110185 0.358854 0.0944444 0.00160455
1 0.0393229 0.42963 0.0244792 0.0574074 0.00161558
0 0.186719 0.116204 0.0078125 0.0416667 0.00167136
1 0.00442708 0.462037 0.00885417 0.17037 0.00171663
2 0.479948 0.438889 0.624479 0.231481 0.00172183
0 0.303125 0.315741 0.5875 0.57037 0.00188941
2 0.264583 0.0986111 0.0104167 0.0583333 0.00192464
1 0.142188 0.51713 0.238542 0.121296 0.00194737
0 0.421094 0.651389 0.788021 0.65463 0.00202707
7 0.291667 0.101852 0.0708333 0.0981481 0.00203406
9 0.291667 0.0537037 0.00833333 0.0388889 0.00207809
9 0.995313 0.527315 0.00833333 0.0416667 0.00210871
1 0.01875 0.534722 0.0375 0.0935185 0.00216226
7 0.988542 0.517593 0.021875 0.17963 0.0022347
2 0.255729 0.0861111 0.021875 0.0407407 0.00227835
9 0.502083 0.759259 0.0135417 0.0555556 0.00228095
9 0.440104 0.208333 0.0125 0.0555556 0.00230098
0 0.222396 0.419444 0.0458333 0.0944444 0.0023064
7 0.970312 0.519444 0.0583333 0.181481 0.00233474
1 0.00520833 0.556944 0.0104167 0.0435185 0.00244827
2 0.814583 0.075 0.0177083 0.0203704 0.00277569
9 0.361979 0.0685185 0.00833333 0.0259259 0.00280024
7 0.215365 0.0856481 0.0557292 0.110185 0.00285551
0 0.264062 0.0925926 0.0104167 0.0537037 0.00304233
0 0.142969 0.417593 0.283854 0.225926 0.00304405
9 0.567708 0.0310185 0.015625 0.0564815 0.00320697
2 0.284896 0.0796296 0.0197917 0.0333333 0.00400369
9 0.269531 0.0476852 0.0192708 0.037963 0.0041687
7 0.236458 0.0666667 0.0166667 0.0407407 0.0042787
2 0.453906 0.0953704 0.0286458 0.062963 0.00434151
32 0.453646 0.312963 0.009375 0.012963 0.00440633
0 0.75651 0.0884259 0.0140625 0.0768519 0.00480145
1 0.0424479 0.497222 0.0265625 0.087037 0.00490503
2 0.439583 0.0967593 0.046875 0.0657407 0.00512362
1 0.236458 0.514815 0.0208333 0.087037 0.00642252
0 0.716667 0.371296 0.0260417 0.0277778 0.00652253
1 0.034375 0.514815 0.0135417 0.0666667 0.00654964
2 0.198437 0.24213 0.0229167 0.0157407 0.0066949
0 0.411719 0.384722 0.0307292 0.0453704 0.00759553
1 0.0794271 0.489815 0.0130208 0.05 0.00882754
1 0.0242187 0.372222 0.0484375 0.0666667 0.0090562
9 0.994531 0.49537 0.00989583 0.12963 0.00918274
5 0.2125 0.0625 0.0333333 0.0564815 0.0100013
9 0.211979 0.0648148 0.0354167 0.0574074 0.0102433
2 0.289844 0.0712963 0.0130208 0.0148148 0.0103654
2 0.421094 0.0884259 0.00989583 0.0268519 0.0117149
7 0.275781 0.0657407 0.0338542 0.12037 0.0119997
1 0.0328125 0.52037 0.0541667 0.111111 0.0125979
2 0.785156 0.0888889 0.0140625 0.0203704 0.0135449
7 0.21224 0.0625 0.0348958 0.0583333 0.0137633
7 0.28776 0.105093 0.0192708 0.0787037 0.0140557
9 0.26849 0.0194444 0.0213542 0.0333333 0.0149061
9 0.21849 0.10463 0.00989583 0.0388889 0.0150718
2 0.60599 0.0601852 0.00989583 0.0277778 0.0180061
2 0.270573 0.108796 0.0140625 0.037963 0.0200958
1 0.0109375 0.362963 0.021875 0.0777778 0.0264976
9 0.566406 0.0467593 0.00885417 0.0231481 0.0303249
9 0.219271 0.0902778 0.00833333 0.012037 0.0308217
0 0.634375 0.14537 0.0114583 0.0537037 0.0668947
2 0.290625 0.1125 0.0239583 0.0731481 0.0694036
0 0.37526 0.388426 0.0276042 0.0453704 0.0885545
1 0.00416667 0.417593 0.00833333 0.0666667 0.0915008
24 0.22474 0.4 0.0223958 0.0388889 0.093843
0 0.436458 0.382407 0.0375 0.0462963 0.107618
1 0.00598958 0.399537 0.0119792 0.100926 0.186709
1 0.0125 0.394444 0.025 0.107407 0.191589
1 0.0552083 0.519444 0.0375 0.111111 0.19159
2 0.627344 0.12037 0.0255208 0.0518519 0.341373
1 0.0494792 0.536111 0.0166667 0.0759259 0.352735
2 0.321875 0.0842593 0.0375 0.0351852 0.377945
2 0.476042 0.107407 0.0291667 0.0462963 0.39753
0 0.226302 0.47037 0.0328125 0.162963 0.43577
7 0.505469 0.103241 0.0432292 0.062037 0.443609
0 0.238021 0.418519 0.0489583 0.112963 0.4652
2 0.505208 0.102315 0.04375 0.0638889 0.475354
7 0.442708 0.0958333 0.0479167 0.0694444 0.49961
1 0.22474 0.526852 0.0317708 0.0944444 0.607721
11 0.729167 0.0412037 0.0270833 0.0527778 0.793976
2 0.317969 0.12037 0.0515625 0.0685185 0.797805
10 0.203906 0.314352 0.0161458 0.0694444 0.85486
0 0.05 0.472222 0.0447917 0.153704 0.860258
2 0.409896 0.455556 0.163542 0.25 0.867963
2 0.729688 0.418056 0.122917 0.171296 0.914326
