2 0.573958 0.126852 0.0541667 0.0351852 0.00102983
0 0.361979 0.0569444 0.0135417 0.0361111 0.00106267
12 0.686198 0.17037 0.0182292 0.0388889 0.00106445
0 0.757292 0.374537 0.0208333 0.0324074 0.00108055
0 0.233073 0.816204 0.326562 0.249074 0.00109911
2 0.754687 0.158796 0.0125 0.0175926 0.00110672
2 0.534115 0.111111 0.0171875 0.0481481 0.0011099
2 0.771094 0.110185 0.0130208 0.0222222 0.00112109
2 0.779688 0.102778 0.0322917 0.0537037 0.00112347
2 0.21849 0.135185 0.0578125 0.0537037 0.0011351
9 0.415104 0.00972222 0.0145833 0.0194444 0.00113573
13 0.961198 0.556481 0.0380208 0.0462963 0.00115115
1 0.102865 0.753704 0.0244792 0.0981481 0.00116091
9 0.50026 0.602778 0.0151042 0.037037 0.00124698
32 0.454427 0.315741 0.0078125 0.0148148 0.00128055
13 0.970833 0.519444 0.0572917 0.177778 0.00129202
58 0.968229 0.49537 0.0302083 0.087037 0.0013418
2 0.297396 0.106481 0.078125 0.0888889 0.00134338
2 0.798698 0.0833333 0.0390625 0.0296296 0.0013585
12 0.702083 0.128704 0.0229167 0.0648148 0.00137294
2 0.568229 0.422685 0.554167 0.182407 0.00138582
0 0.729948 0.371759 0.0244792 0.0287037 0.0013968
2 0.243229 0.106944 0.0145833 0.0342593 0.001403
2 0.445833 0.102778 0.0229167 0.0481481 0.00140452
2 0.0309896 0.105556 0.0536458 0.0555556 0.00149318
0 0.102865 0.660648 0.205729 0.434259 0.00149421
9 0.429688 0.0393519 0.00833333 0.0212963 0.00152797
2 0.994531 0.518519 0.00989583 0.172222 0.00152809
11 0.756771 0.0731481 0.0125 0.0388889 0.00159174
2 0.00416667 0.476852 0.00833333 0.181481 0.00160309
2 0.639323 0.130093 0.0473958 0.0657407 0.0016098
0 0.124219 0.731019 0.159896 0.225 0.00164991
0 0.75599 0.0898148 0.0151042 0.0722222 0.00187485
9 0.264583 0.0300926 0.0135417 0.0453704 0.00189976
0 0.184635 0.743056 0.256771 0.30463 0.00194365
7 0.99375 0.51713 0.0114583 0.171296 0.00204935
2 0.816927 0.233333 0.00989583 0.0462963 0.00213233
2 0.269531 0.0587963 0.0192708 0.0324074 0.00221754
9 0.221094 0.0865741 0.0109375 0.0194444 0.00234815
2 0.404948 0.110648 0.260938 0.075 0.00236629
2 0.442708 0.0865741 0.0135417 0.0268519 0.0024039
9 0.269792 0.0518519 0.0197917 0.0351852 0.00241591
0 0.26276 0.107407 0.00885417 0.0444444 0.00246747
2 0.830208 0.236111 0.0375 0.0518519 0.00272066
9 0.489062 0.980093 0.015625 0.0398148 0.00276917
11 0.221354 0.0666667 0.0489583 0.0574074 0.00279362
1 0.101562 0.793519 0.0333333 0.155556 0.00284279
9 0.572135 0.0310185 0.0140625 0.0583333 0.00295234
0 0.995573 0.331481 0.0078125 0.05 0.00299534
12 0.701563 0.164815 0.0239583 0.037037 0.00304107
0 0.716146 0.371296 0.0239583 0.0277778 0.00315914
7 0.788281 0.0648148 0.0244792 0.062963 0.00324628
2 0.647656 0.145833 0.0359375 0.0601852 0.00337345
2 0.564844 0.109722 0.216146 0.0638889 0.00349843
7 0.970573 0.524074 0.0578125 0.196296 0.00362194
2 0.814062 0.075 0.0177083 0.0203704 0.00377997
9 0.994531 0.499074 0.00989583 0.137037 0.00380909
9 0.26901 0.0203704 0.0203125 0.0296296 0.00409963
9 0.220313 0.0523148 0.01875 0.0416667 0.00476366
9 0.207813 0.0708333 0.0177083 0.037963 0.00477371
12 0.361458 0.0615741 0.0114583 0.0305556 0.00488248
12 0.994531 0.5 0.00989583 0.140741 0.00604885
9 0.361979 0.0615741 0.0114583 0.037963 0.00626124
10 0.442448 0.0865741 0.0130208 0.0268519 0.00670263
5 0.220833 0.0666667 0.0489583 0.0592593 0.00776582
11 0.236979 0.0689815 0.0166667 0.0453704 0.00841196
1 0.00364583 0.420833 0.00729167 0.062037 0.0100637
11 0.60599 0.0606481 0.0109375 0.0231481 0.0105109
2 0.238281 0.141204 0.0182292 0.0398148 0.0125554
2 0.00364583 0.422685 0.00729167 0.0583333 0.0127903
7 0.220313 0.0657407 0.05 0.062963 0.0140657
2 0.271615 0.10787 0.0151042 0.0416667 0.0141912
2 0.592448 0.125 0.0171875 0.0259259 0.0158734
2 0.634635 0.139815 0.0119792 0.05 0.0161744
24 0.117448 0.663889 0.0463542 0.12037 0.0165971
12 0.692187 0.165278 0.00833333 0.037963 0.0173065
1 0.00963542 0.393519 0.0192708 0.116667 0.0191138
1 0.0111979 0.364352 0.0223958 0.0527778 0.0199817
2 0.785937 0.0888889 0.0145833 0.0222222 0.0226319
9 0.502083 0.760185 0.0125 0.0537037 0.0238651
2 0.0046875 0.555556 0.009375 0.0425926 0.0295012
9 0.567187 0.0481481 0.00833333 0.0240741 0.0405547
24 0.11849 0.637037 0.0380208 0.062963 0.0449018
2 0.48776 0.106944 0.0140625 0.0509259 0.0506421
2 0.29401 0.106944 0.0296875 0.0805556 0.136989
2 0.46276 0.110648 0.0140625 0.0416667 0.139269
2 0.471615 0.109259 0.0307292 0.0444444 0.309667
24 0.116406 0.670833 0.0296875 0.075 0.340102
2 0.322396 0.0875 0.0375 0.037963 0.345492
2 0.627344 0.121759 0.0255208 0.0509259 0.505752
2 0.505729 0.104167 0.0427083 0.062037 0.672476
1 0.115885 0.796296 0.0411458 0.166667 0.719655
2 0.318229 0.122222 0.0510417 0.0703704 0.751752
10 0.204167 0.315741 0.015625 0.0722222 0.758498
11 0.729167 0.0430556 0.0270833 0.0564815 0.812722
0 0.116146 0.721759 0.05 0.239815 0.829927
2 0.729688 0.419907 0.122917 0.171296 0.901416
