2 0.303906 0.130093 0.0286458 0.0564815 0.0010318
2 0.26276 0.101852 0.0109375 0.0555556 0.00112844
11 0.230729 0.0569444 0.0322917 0.075 0.00113191
9 0.440365 0.221759 0.00989583 0.0194444 0.00114091
13 0.970573 0.524074 0.0578125 0.177778 0.00115925
12 0.994531 0.519907 0.00989583 0.163889 0.00116305
0 0.676823 0.753241 0.605729 0.39537 0.00124465
9 0.261719 0.0486111 0.0140625 0.0453704 0.00128771
9 0.548177 0.05 0.0109375 0.0240741 0.00132721
2 0.363802 0.0666667 0.0119792 0.0203704 0.00132906
2 0.639323 0.128704 0.0473958 0.0592593 0.0013995
0 0.995833 0.323611 0.00729167 0.0601852 0.00145782
9 0.995573 0.525926 0.0078125 0.0351852 0.00151243
9 0.580729 0.0342593 0.0125 0.0592593 0.00152751
9 0.26224 0.087037 0.00885417 0.037037 0.00161753
9 0.273958 0.0384259 0.0333333 0.075 0.00173379
2 0.40599 0.10787 0.290104 0.0824074 0.00180348
0 0.716146 0.371759 0.0260417 0.0268519 0.00189062
7 0.973177 0.523611 0.0526042 0.193519 0.00203429
2 0.304427 0.0819444 0.0265625 0.0342593 0.00226331
12 0.693229 0.164352 0.00729167 0.0398148 0.00228253
9 0.259375 0.075 0.0135417 0.0518519 0.00233848
2 0.571354 0.109259 0.240625 0.0703704 0.00235894
9 0.238021 0.0726852 0.0177083 0.0509259 0.00241747
2 0.77526 0.118056 0.0203125 0.0361111 0.00249662
9 0.252604 0.0847222 0.0135417 0.0361111 0.002593
2 0.00859375 0.39537 0.0171875 0.114815 0.00269143
9 0.50026 0.602778 0.0151042 0.0388889 0.00274925
2 0.647917 0.144444 0.0354167 0.0648148 0.00283765
11 0.240104 0.0347222 0.021875 0.0657407 0.00307633
2 0.779427 0.102778 0.0296875 0.0462963 0.00319137
0 0.646875 0.718518 0.0354167 0.0555556 0.00324504
1 0.00520833 0.391667 0.0104167 0.116667 0.00341956
11 0.60599 0.0592593 0.00989583 0.0259259 0.0034642
2 0.278385 0.115278 0.0296875 0.0583333 0.00369994
1 0.810938 0.328241 0.01875 0.087963 0.00377964
2 0.479427 0.108333 0.0536458 0.0611111 0.0039186
2 0.446875 0.113426 0.0260417 0.0268519 0.00448834
9 0.215104 0.0578704 0.0302083 0.0546296 0.00454861
2 0.442708 0.0865741 0.0135417 0.025 0.00454863
9 0.208073 0.0675926 0.0213542 0.0444444 0.00463355
9 0.43776 0.200926 0.00885417 0.0407407 0.00485047
0 0.629687 0.72037 0.0677083 0.062963 0.00503371
9 0.502344 0.756481 0.0119792 0.0592593 0.00509942
9 0.572917 0.0314815 0.0145833 0.0592593 0.00601588
9 0.269271 0.0462963 0.0208333 0.0444444 0.0061418
0 0.756771 0.0833333 0.0135417 0.0703704 0.00617203
0 0.578646 0.715741 0.0479167 0.0518519 0.00618224
7 0.220052 0.062963 0.0505208 0.0685185 0.00620893
9 0.994792 0.489815 0.009375 0.12037 0.00625165
2 0.238281 0.140741 0.0182292 0.0425926 0.00736992
2 0.635156 0.14537 0.00989583 0.0592593 0.0074616
5 0.221094 0.0657407 0.0494792 0.0592593 0.00845219
9 0.442448 0.0865741 0.0130208 0.025 0.0101011
2 0.592708 0.125926 0.0177083 0.0222222 0.011061
9 0.220573 0.0888889 0.00989583 0.0148148 0.0111697
2 0.272135 0.109259 0.0151042 0.0388889 0.0129228
9 0.269271 0.0236111 0.0208333 0.0416667 0.012949
11 0.236979 0.0694444 0.0166667 0.0444444 0.01359
2 0.00416667 0.413426 0.00833333 0.0768519 0.0182118
2 0.785677 0.0898148 0.0161458 0.0240741 0.0202463
2 0.291146 0.114815 0.0239583 0.0666667 0.0333082
9 0.567448 0.0481481 0.0078125 0.0240741 0.0532545
2 0.295833 0.0976852 0.0229167 0.0546296 0.104576
2 0.463281 0.110185 0.0151042 0.0425926 0.116809
2 0.323177 0.0865741 0.0369792 0.0342593 0.248337
2 0.476302 0.108796 0.0296875 0.0453704 0.313177
2 0.627604 0.122685 0.025 0.0527778 0.457726
2 0.505729 0.10463 0.04375 0.062963 0.505136
2 0.31849 0.120833 0.0515625 0.0712963 0.754102
11 0.729427 0.0435185 0.0265625 0.0555556 0.760503
10 0.203906 0.316204 0.0161458 0.0694444 0.77581
2 0.729948 0.418981 0.122396 0.173148 0.896648
2 0.609375 0.771759 0.189583 0.271296 0.91334
