2 0.976302 0.508796 0.0463542 0.149074 0.00105512
2 0.53151 0.111574 0.0140625 0.0435185 0.00108698
11 0.240104 0.0375 0.021875 0.0712963 0.00114447
9 0.439844 0.197222 0.0119792 0.0333333 0.00116031
2 0.222135 0.131944 0.0515625 0.0601852 0.00116785
2 0.75625 0.116667 0.0166667 0.0388889 0.00118586
0 0.0981771 0.636111 0.196354 0.318519 0.00119331
9 0.817448 0.234722 0.00885417 0.037963 0.00120856
2 0.776563 0.110648 0.0229167 0.0324074 0.00121935
9 0.258854 0.0759259 0.015625 0.0481481 0.00122778
0 0.755469 0.0907407 0.0151042 0.0759259 0.00123158
2 0.44375 0.101389 0.0197917 0.0472222 0.00123183
9 0.566667 0.0560185 0.0114583 0.0416667 0.00131803
9 0.36224 0.0481481 0.00989583 0.0388889 0.00134329
2 0.813281 0.0768519 0.0171875 0.0185185 0.00139496
0 0.80651 0.736574 0.106771 0.336111 0.00141815
9 0.559896 0.0287037 0.0208333 0.05 0.00145852
2 0.244271 0.105556 0.0104167 0.0333333 0.00147282
2 0.771615 0.109722 0.0140625 0.0231481 0.0015526
1 0.995052 0.331019 0.00885417 0.0527778 0.00159509
1 0.147135 0.591667 0.0244792 0.103704 0.00163839
0 0.995313 0.329167 0.00833333 0.0564815 0.00171582
2 0.288802 0.0824074 0.0213542 0.0388889 0.00182947
7 0.988542 0.51713 0.021875 0.182407 0.00185949
7 0.970573 0.519444 0.0578125 0.185185 0.00187017
2 0.414062 0.110648 0.284375 0.0805556 0.00195887
2 0.297135 0.106019 0.0765625 0.0935185 0.00201979
9 0.35625 0.0189815 0.00729167 0.0194444 0.00202283
1 0.180208 0.655556 0.0145833 0.087037 0.00203078
0 0.716667 0.371759 0.0229167 0.0287037 0.00203721
2 0.00625 0.0925926 0.0125 0.0444444 0.00206808
9 0.263802 0.0939815 0.0109375 0.0490741 0.00216552
11 0.220573 0.0671296 0.0515625 0.062037 0.00216791
2 0.655729 0.138426 0.078125 0.0861111 0.00220297
2 0.565365 0.110185 0.249479 0.0703704 0.00230624
9 0.576823 0.0324074 0.0130208 0.0611111 0.00267656
0 0.158073 0.560185 0.0421875 0.0925926 0.00293327
9 0.29349 0.0560185 0.00989583 0.0361111 0.00293495
12 0.701823 0.153704 0.0213542 0.0574074 0.00300936
2 0.470833 0.109722 0.0802083 0.0638889 0.00301633
2 0.442448 0.087037 0.0130208 0.0259259 0.00341544
9 0.501823 0.760185 0.0130208 0.0518519 0.00354196
12 0.69349 0.163426 0.00677083 0.0398148 0.0035694
9 0.3625 0.0689815 0.009375 0.0231481 0.00407955
2 0.363542 0.0675926 0.0114583 0.0203704 0.00415325
11 0.23724 0.0694444 0.0171875 0.0462963 0.00436933
9 0.994531 0.5 0.00989583 0.137037 0.00509507
1 0.00416667 0.406019 0.00833333 0.0861111 0.00523669
0 0.263021 0.103704 0.00833333 0.05 0.00575635
0 0.147396 0.923148 0.11875 0.151852 0.0063579
12 0.994531 0.500926 0.00989583 0.140741 0.00663216
2 0.65026 0.150463 0.0401042 0.0583333 0.00722484
11 0.60625 0.0606481 0.0104167 0.0231481 0.00755813
9 0.56901 0.0310185 0.0140625 0.0583333 0.0084445
9 0.209896 0.0680556 0.0260417 0.0472222 0.00928894
2 0.00494792 0.557407 0.00989583 0.0388889 0.00970408
2 0.785156 0.0898148 0.0140625 0.0203704 0.00982795
1 0.0130208 0.398148 0.0260417 0.101852 0.0111393
2 0.238542 0.140741 0.0177083 0.0407407 0.016341
2 0.271094 0.10787 0.0140625 0.0416667 0.016804
9 0.442448 0.087037 0.0130208 0.0259259 0.0171906
2 0.592448 0.124537 0.0171875 0.025 0.0204712
7 0.220052 0.0685185 0.0515625 0.0685185 0.0214027
5 0.220313 0.0712963 0.0510417 0.0703704 0.0264964
2 0.635156 0.145833 0.0109375 0.0527778 0.0277304
2 0.490365 0.106944 0.0171875 0.0509259 0.0356741
9 0.567187 0.0481481 0.00833333 0.0240741 0.0669309
9 0.26875 0.0342593 0.0208333 0.0648148 0.112108
2 0.4625 0.1125 0.0135417 0.037963 0.142072
2 0.297917 0.107407 0.0375 0.0814815 0.142941
7 0.297396 0.106944 0.0385417 0.0805556 0.151782
24 0.158333 0.56713 0.034375 0.0712963 0.163034
2 0.480469 0.109259 0.0213542 0.0444444 0.243981
2 0.469271 0.109722 0.0260417 0.0435185 0.259555
2 0.322135 0.0856481 0.0369792 0.0342593 0.269464
1 0.160677 0.684722 0.0453125 0.162037 0.456129
2 0.627083 0.121759 0.0260417 0.0509259 0.505127
2 0.505469 0.104167 0.0432292 0.062037 0.60978
2 0.31849 0.120833 0.0505208 0.0712963 0.683827
10 0.203906 0.315278 0.0161458 0.0731481 0.741478
11 0.729167 0.0430556 0.0270833 0.0564815 0.791535
0 0.158333 0.622222 0.0447917 0.22037 0.813404
2 0.729948 0.419907 0.122396 0.171296 0.896207
