2 0.452083 0.0828704 0.0270833 0.037963 0.0010341
2 0.0559896 0.11713 0.0953125 0.0953704 0.00104163
12 0.700521 0.164352 0.0229167 0.037963 0.00104924
9 0.263802 0.0449074 0.0182292 0.0546296 0.00112144
0 0.73099 0.372685 0.0265625 0.0287037 0.00118889
9 0.18724 0.0800926 0.0078125 0.0287037 0.00123586
2 0.642448 0.414352 0.428646 0.191667 0.00124791
2 0.0307292 0.105556 0.04375 0.05 0.00130121
0 0.0536458 0.108333 0.0114583 0.0518519 0.00134175
2 0.0330729 0.139352 0.0630208 0.117593 0.00135203
0 0.717969 0.372685 0.0265625 0.0268519 0.00136163
2 0.770573 0.111111 0.0161458 0.0314815 0.00151417
0 0.708854 0.372685 0.01875 0.0287037 0.00154471
0 0.263542 0.0912037 0.009375 0.0472222 0.00155457
9 0.238802 0.0717593 0.0140625 0.0472222 0.00155539
0 0.084375 0.133796 0.0197917 0.102778 0.00168936
7 0.990104 0.515741 0.01875 0.17963 0.00170092
7 0.319531 0.103241 0.0755208 0.0990741 0.00188897
7 0.970312 0.528241 0.0583333 0.206481 0.00189516
0 0.361979 0.0685185 0.00833333 0.0259259 0.00198241
2 0.40625 0.102778 0.228125 0.0796296 0.00207887
58 0.967969 0.49537 0.0317708 0.0888889 0.00209288
0 0.756771 0.374074 0.0208333 0.0333333 0.00212701
9 0.56875 0.0314815 0.0125 0.0574074 0.00234224
7 0.0591146 0.134722 0.106771 0.128704 0.00237552
2 0.00598958 0.0898148 0.0119792 0.0407407 0.00251267
2 0.779167 0.100926 0.0333333 0.0518519 0.00271124
13 0.961979 0.553704 0.0395833 0.0407407 0.00282295
2 0.238542 0.137963 0.01875 0.0444444 0.00282534
11 0.236979 0.0699074 0.0166667 0.0453704 0.00293265
2 0.564844 0.106944 0.244271 0.075 0.00304033
5 0.213021 0.0606481 0.0333333 0.0583333 0.00314599
12 0.990625 0.51713 0.0177083 0.175 0.00320205
2 0.0132813 0.385648 0.0265625 0.134259 0.00357862
7 0.78776 0.0643518 0.0234375 0.0601852 0.0036762
2 0.446615 0.11713 0.0255208 0.0212963 0.00391784
2 0.479948 0.10463 0.0755208 0.0648148 0.0043254
9 0.276302 0.0398148 0.0380208 0.0777778 0.00432922
2 0.291146 0.0699074 0.0104167 0.0157407 0.00476278
0 0.284635 0.0907407 0.0119792 0.0407407 0.00492697
9 0.992448 0.5125 0.0140625 0.167593 0.00494627
9 0.502344 0.760648 0.0130208 0.0601852 0.00501719
13 0.0046875 0.390278 0.009375 0.117593 0.00507311
7 0.215104 0.0611111 0.040625 0.062963 0.00575172
12 0.690365 0.164352 0.0109375 0.037963 0.00651846
13 0.970573 0.528241 0.0578125 0.160185 0.00678763
2 0.270052 0.110185 0.0130208 0.037037 0.0070583
13 0.00989583 0.387963 0.0197917 0.122222 0.00738807
9 0.208594 0.0675926 0.0234375 0.0425926 0.00767315
13 0.98724 0.517593 0.0244792 0.177778 0.007773
7 0.277865 0.0717593 0.0369792 0.139815 0.00794038
2 0.785677 0.087963 0.0151042 0.0240741 0.00873707
2 0.286458 0.114815 0.015625 0.0703704 0.00890787
9 0.292448 0.0541667 0.0078125 0.0398148 0.0099491
13 0.0140625 0.368056 0.028125 0.0564815 0.0100486
1 0.00963542 0.388889 0.0192708 0.125926 0.0107492
9 0.26901 0.0513889 0.0203125 0.0361111 0.0107501
2 0.00390625 0.413889 0.0078125 0.0740741 0.0111082
9 0.21849 0.0527778 0.0213542 0.0407407 0.011152
9 0.49974 0.602315 0.0151042 0.0416667 0.0111668
0 0.755729 0.0884259 0.0135417 0.0787037 0.0119773
2 0.29375 0.106019 0.0302083 0.0731481 0.0130059
9 0.220052 0.0898148 0.00885417 0.012963 0.0183523
9 0.269271 0.0180556 0.0208333 0.0324074 0.0242149
9 0.566667 0.0476852 0.00833333 0.0231481 0.0297211
0 0.442448 0.0865741 0.0130208 0.0268519 0.0320579
0 0.634635 0.146296 0.0109375 0.0518519 0.0349738
2 0.484896 0.106481 0.01875 0.0518519 0.0401781
2 0.60625 0.0597222 0.0104167 0.0268519 0.0474401
2 0.46224 0.110185 0.0140625 0.0407407 0.0532077
2 0.442708 0.0685185 0.034375 0.0314815 0.299467
2 0.321615 0.0837963 0.0369792 0.0342593 0.30068
2 0.41901 0.0685185 0.0192708 0.0222222 0.318318
2 0.626823 0.119907 0.0255208 0.0509259 0.331311
2 0.472917 0.108796 0.0333333 0.0435185 0.466479
2 0.505729 0.103241 0.0427083 0.062037 0.588937
10 0.204167 0.314815 0.015625 0.0703704 0.661152
2 0.318229 0.121296 0.0510417 0.0703704 0.680334
11 0.728906 0.0421296 0.0276042 0.0527778 0.788598
2 0.729167 0.418981 0.122917 0.171296 0.908375
7 0.490104 0.228704 0.0989583 0.142593 0.914384
