0 0.257031 0.110185 0.0171875 0.0851852 0.00101939
2 0.28776 0.0902778 0.0442708 0.0694444 0.0010206
0 0.690365 0.163889 0.0109375 0.0425926 0.00103559
12 0.701563 0.122685 0.021875 0.0472222 0.00106182
2 0.332552 0.109259 0.0255208 0.0462963 0.001143
9 0.263281 0.0865741 0.00989583 0.037963 0.00115141
2 0.592969 0.125926 0.0171875 0.0240741 0.00116212
2 0.277865 0.114815 0.0296875 0.0555556 0.00122534
0 0.254948 0.131019 0.0130208 0.0546296 0.00131696
9 0.548177 0.0513889 0.0109375 0.025 0.0013845
2 0.00546875 0.0912037 0.0109375 0.0472222 0.00142213
11 0.236979 0.0685185 0.0177083 0.0444444 0.00143884
9 0.56276 0.0314815 0.0223958 0.0574074 0.00145106
62 0.59375 0.436574 0.0479167 0.0601852 0.00149739
2 0.209115 0.0694444 0.0380208 0.05 0.00152553
2 0.75599 0.115741 0.0140625 0.0296296 0.00156152
0 0.238021 0.136574 0.0166667 0.0435185 0.00156401
2 0.552604 0.106944 0.2375 0.0694444 0.00157071
9 0.292188 0.0513889 0.00833333 0.0361111 0.00158302
9 0.260938 0.0342593 0.0135417 0.0611111 0.00159232
9 0.285417 0.0453704 0.015625 0.0574074 0.00164779
2 0.441927 0.0819444 0.0151042 0.0268519 0.00165898
12 0.701042 0.158796 0.0229167 0.0490741 0.00166117
0 0.756771 0.374537 0.0197917 0.0305556 0.00167928
1 0.0934896 0.158333 0.0807292 0.0796296 0.00168229
0 0.196094 0.736574 0.153646 0.476852 0.00180535
2 0.655208 0.137963 0.08125 0.0833333 0.00192213
2 0.29349 0.131944 0.0130208 0.0527778 0.00198916
33 0.595052 0.434259 0.0515625 0.0648148 0.00206142
9 0.994271 0.511574 0.0104167 0.162037 0.00212517
2 0.774479 0.1125 0.0197917 0.0342593 0.00212974
9 0.275781 0.037963 0.0369792 0.0703704 0.00234969
2 0.295833 0.101852 0.084375 0.0907407 0.00235194
0 0.261979 0.106481 0.009375 0.0481481 0.00252554
12 0.983073 0.498611 0.0192708 0.126852 0.00270512
2 0.161458 0.0444444 0.0333333 0.0222222 0.0028808
2 0.53099 0.112037 0.0130208 0.0425926 0.00302918
2 0.363542 0.108796 0.15625 0.0768519 0.00351961
2 0.45 0.115741 0.0302083 0.0259259 0.00357285
2 0.415365 0.10787 0.0734375 0.0564815 0.00395752
9 0.272917 0.049537 0.0229167 0.0416667 0.00397273
5 0.207813 0.0703704 0.0260417 0.0425926 0.00409243
11 0.606771 0.0592593 0.009375 0.0259259 0.00414887
0 0.708854 0.373148 0.01875 0.0259259 0.00417231
12 0.995052 0.497685 0.00885417 0.136111 0.00421933
0 0.634375 0.144444 0.0114583 0.0574074 0.00429284
0 0.718229 0.371759 0.0229167 0.0268519 0.00513486
2 0.270312 0.108796 0.0125 0.0416667 0.00561154
2 0.784375 0.103241 0.0385417 0.0564815 0.00686837
9 0.113542 0.024537 0.0166667 0.0416667 0.00737836
2 0.305208 0.0824074 0.03125 0.0351852 0.00837472
2 0.81276 0.075463 0.0213542 0.0175926 0.00897539
9 0.502083 0.758796 0.0125 0.0583333 0.00983877
2 0.238542 0.140741 0.0177083 0.0407407 0.0100668
9 0.220833 0.0523148 0.0177083 0.0416667 0.0119685
2 0.288021 0.123611 0.0177083 0.0546296 0.0135112
12 0.692969 0.163426 0.0078125 0.0416667 0.0135971
10 0.441927 0.087037 0.0130208 0.0259259 0.0193316
2 0.153385 0.0481481 0.0234375 0.0222222 0.0205573
2 0.363802 0.0675926 0.0109375 0.0203704 0.0211326
2 0.791406 0.087963 0.0234375 0.0259259 0.0211972
9 0.266406 0.0444444 0.0161458 0.0462963 0.0229633
9 0.566667 0.0481481 0.00833333 0.0222222 0.0269877
2 0.460938 0.114352 0.0114583 0.0342593 0.0275151
7 0.219531 0.0662037 0.0505208 0.0601852 0.0341042
5 0.219792 0.0675926 0.0520833 0.0592593 0.0388169
2 0.298958 0.1 0.0322917 0.0666667 0.0933818
2 0.291667 0.118981 0.0145833 0.0324074 0.128769
2 0.386719 0.0638889 0.0130208 0.0222222 0.190662
2 0.320312 0.0856481 0.040625 0.0361111 0.220488
2 0.474219 0.108333 0.0359375 0.0462963 0.428921
2 0.627344 0.121759 0.0255208 0.0527778 0.447246
2 0.505729 0.103704 0.0427083 0.062963 0.457494
7 0.505729 0.103241 0.0427083 0.0638889 0.458735
2 0.410156 0.0615741 0.0380208 0.0361111 0.657404
2 0.317969 0.121759 0.0505208 0.0694444 0.675442
10 0.204167 0.315741 0.015625 0.0722222 0.719696
11 0.729167 0.0421296 0.0270833 0.0546296 0.793109
2 0.408073 0.113426 0.0307292 0.0361111 0.811485
2 0.729688 0.42037 0.122917 0.172222 0.900179
7 0.588281 0.473611 0.158854 0.282407 0.929258
