9 0.261979 0.0486111 0.015625 0.0453704 0.00100004
32 0.460677 0.356944 0.0109375 0.0157407 0.00102151
2 0.471875 0.103241 0.0364583 0.0583333 0.00104103
7 0.147656 0.0893519 0.0630208 0.0694444 0.00104153
13 0.975521 0.52037 0.0479167 0.174074 0.00106812
1 0.00520833 0.387037 0.0104167 0.118519 0.00107171
2 0.592708 0.423148 0.545833 0.177778 0.00108579
2 0.648438 0.148611 0.0364583 0.0583333 0.00109604
2 0.995052 0.331944 0.00885417 0.0583333 0.00112958
2 0.427344 0.115741 0.322396 0.101852 0.00130646
2 0.230208 0.138889 0.034375 0.0462963 0.00131259
9 0.274479 0.0388889 0.034375 0.0759259 0.00131863
2 0.772135 0.114815 0.0140625 0.0296296 0.00137048
12 0.702344 0.163889 0.0234375 0.0351852 0.00142308
2 0.548958 0.116204 0.267708 0.0916667 0.00149803
13 0.961198 0.554167 0.0380208 0.0416667 0.00150556
9 0.258073 0.0759259 0.0130208 0.0518519 0.00164758
2 0.238281 0.1125 0.0182292 0.0435185 0.00167671
9 0.547917 0.0518519 0.0104167 0.0240741 0.00176263
12 0.692969 0.165741 0.0078125 0.037037 0.00178965
12 0.688802 0.169444 0.0140625 0.0314815 0.00180153
7 0.274479 0.0375 0.03125 0.0712963 0.00185166
9 0.253906 0.0875 0.0161458 0.0342593 0.00189214
9 0.270052 0.0546296 0.0192708 0.0388889 0.00191724
32 0.454688 0.315278 0.00729167 0.0157407 0.00195136
11 0.23724 0.0685185 0.0161458 0.0425926 0.00201015
2 0.994271 0.518519 0.0104167 0.166667 0.00204069
2 0.817187 0.23287 0.009375 0.0435185 0.00209816
9 0.415104 0.0106481 0.0145833 0.0212963 0.00230091
13 0.00390625 0.40787 0.0078125 0.087963 0.00230282
2 0.443229 0.0875 0.0145833 0.0287037 0.00248951
58 0.96849 0.497685 0.0296875 0.0842593 0.0025272
2 0.536458 0.111111 0.009375 0.0462963 0.00260648
0 0.716146 0.370833 0.025 0.0287037 0.00268045
0 0.757552 0.087037 0.0119792 0.0685185 0.00276364
9 0.5 0.602778 0.0145833 0.0388889 0.00279104
2 0.816667 0.0699074 0.0125 0.012037 0.00281985
2 0.00390625 0.409259 0.0078125 0.0851852 0.00301193
2 0.445573 0.115741 0.0244792 0.0185185 0.00323418
1 0.809896 0.329167 0.0197917 0.0842593 0.00335736
0 0.758073 0.0717593 0.00989583 0.037963 0.00356132
2 0.53099 0.1125 0.0130208 0.0435185 0.00379824
0 0.263021 0.103704 0.009375 0.0518519 0.00384939
12 0.99401 0.5 0.0109375 0.137037 0.00388403
11 0.60651 0.0606481 0.00989583 0.025 0.00440225
2 0.813281 0.075 0.0171875 0.0148148 0.0047273
9 0.265885 0.0967593 0.00989583 0.0472222 0.00506627
0 0.995833 0.331019 0.00729167 0.0546296 0.0051183
2 0.592969 0.126389 0.0161458 0.0231481 0.00550775
2 0.269792 0.0486111 0.0197917 0.037963 0.00584486
9 0.263542 0.0888889 0.00833333 0.0351852 0.00673578
9 0.44349 0.0875 0.0140625 0.0287037 0.00728144
9 0.269271 0.0231481 0.0208333 0.0407407 0.00927708
9 0.3625 0.0699074 0.00833333 0.0231481 0.0102674
2 0.270312 0.108796 0.0114583 0.0416667 0.010389
9 0.209375 0.0671296 0.0239583 0.0472222 0.0104642
2 0.492708 0.111111 0.0229167 0.0425926 0.0147097
5 0.220833 0.0717593 0.05 0.0694444 0.0161612
2 0.635156 0.144907 0.0109375 0.0509259 0.0163477
7 0.220833 0.0685185 0.05 0.0685185 0.016656
9 0.573698 0.0310185 0.0140625 0.0601852 0.017426
0 0.635417 0.147685 0.009375 0.0509259 0.0193202
2 0.786198 0.0893519 0.0151042 0.0231481 0.0215782
9 0.502865 0.760185 0.0119792 0.0518519 0.0367659
2 0.238542 0.142593 0.0177083 0.037037 0.0538997
2 0.305469 0.0773148 0.0265625 0.025 0.0554069
9 0.567187 0.0486111 0.00729167 0.0231481 0.0945784
2 0.48099 0.102778 0.0223958 0.0333333 0.130656
7 0.292708 0.113426 0.0291667 0.075 0.183573
2 0.467448 0.111574 0.0234375 0.0398148 0.184327
2 0.627604 0.121759 0.025 0.0527778 0.232919
2 0.29349 0.113426 0.0286458 0.0768519 0.250223
2 0.322656 0.0865741 0.0369792 0.037963 0.271563
2 0.303646 0.0606481 0.025 0.0324074 0.450622
2 0.50625 0.10463 0.0427083 0.0648148 0.604354
2 0.318229 0.122685 0.05 0.0694444 0.670743
10 0.203906 0.316667 0.0171875 0.0722222 0.776232
11 0.728906 0.0425926 0.0276042 0.0555556 0.800789
2 0.482292 0.159259 0.0541667 0.0759259 0.865879
2 0.729948 0.419444 0.122396 0.172222 0.906696
