11 0.222656 0.0643518 0.0463542 0.0472222 0.00100351
32 0.454167 0.314815 0.00833333 0.0148148 0.00105613
13 0.961458 0.554167 0.0385417 0.0398148 0.00105918
13 0.971875 0.519907 0.0552083 0.175 0.00110459
9 0.547917 0.0518519 0.0104167 0.0240741 0.00112497
12 0.995573 0.531944 0.0078125 0.0398148 0.00113058
7 0.146875 0.0902778 0.0625 0.0712963 0.00113161
1 0.0127604 0.356944 0.0255208 0.0898148 0.00115102
2 0.536458 0.111111 0.0125 0.0462963 0.001163
9 0.579427 0.0333333 0.0130208 0.0592593 0.00122299
12 0.695052 0.162963 0.0078125 0.037037 0.00124509
2 0.645052 0.151852 0.0276042 0.0611111 0.00126506
12 0.702083 0.12963 0.0229167 0.0648148 0.00128754
9 0.107552 0.0287037 0.0140625 0.0388889 0.00134932
9 0.26224 0.0444444 0.0161458 0.0555556 0.00141532
9 0.253125 0.0875 0.015625 0.0342593 0.00146829
7 0.220313 0.0930556 0.0541667 0.126852 0.00150338
9 0.115885 0.025 0.0171875 0.0388889 0.00155803
0 0.816927 0.234259 0.00885417 0.0407407 0.00162005
2 0.77526 0.122685 0.0192708 0.0435185 0.0016679
12 0.702344 0.162037 0.0223958 0.0388889 0.00173541
9 0.469531 0.412963 0.0109375 0.0277778 0.00179288
9 0.429167 0.0319444 0.009375 0.0305556 0.00182733
1 0.801042 0.31713 0.0291667 0.0824074 0.0018394
12 0.817187 0.233796 0.009375 0.0398148 0.0019525
2 0.53151 0.112037 0.0140625 0.0425926 0.00195674
9 0.271615 0.0421296 0.0286458 0.0805556 0.0020238
2 0.290365 0.13287 0.0171875 0.0527778 0.00202423
0 0.534115 0.283796 0.0296875 0.0416667 0.00215052
0 0.715625 0.371759 0.0229167 0.0268519 0.00220092
12 0.976042 0.498611 0.0427083 0.128704 0.00220871
2 0.564844 0.108333 0.282813 0.0666667 0.00227829
2 0.646875 0.398148 0.320833 0.222222 0.00240304
9 0.270052 0.0509259 0.0203125 0.0462963 0.00240376
2 0.0127604 0.392593 0.0255208 0.118519 0.00259245
2 0.300521 0.111111 0.0791667 0.0888889 0.00268154
9 0.263021 0.0875 0.00833333 0.0342593 0.00287252
0 0.263021 0.108796 0.00833333 0.0398148 0.00289131
2 0.267448 0.0990741 0.0119792 0.0555556 0.0029084
2 0.225521 0.138889 0.0447917 0.0462963 0.00296454
9 0.458073 0.0662037 0.0078125 0.0287037 0.00297231
2 0.404687 0.112037 0.265625 0.0740741 0.00297829
7 0.218229 0.0643518 0.0458333 0.0657407 0.00311724
0 0.565365 0.285648 0.0203125 0.0268519 0.00319414
9 0.215365 0.0652778 0.0401042 0.0564815 0.00336638
0 0.442708 0.0986111 0.0166667 0.0490741 0.00340368
0 0.75651 0.0842593 0.0140625 0.062963 0.00351993
1 0.00572917 0.36713 0.0114583 0.0675926 0.00362218
5 0.213802 0.0615741 0.0338542 0.0583333 0.00372261
13 0.0127604 0.367593 0.0255208 0.0555556 0.00407854
9 0.757292 0.074537 0.0125 0.0453704 0.00410179
9 0.292188 0.0699074 0.0114583 0.0157407 0.00416282
2 0.442708 0.0875 0.0135417 0.0268519 0.00427193
9 0.569271 0.0319444 0.0125 0.0583333 0.00437128
9 0.293229 0.0564815 0.0104167 0.0425926 0.00438271
2 0.459635 0.110185 0.0953125 0.0574074 0.00629641
13 0.0138021 0.390741 0.0276042 0.118519 0.00677521
12 0.994792 0.496759 0.009375 0.134259 0.00719785
1 0.00885417 0.393056 0.0177083 0.115741 0.00863905
2 0.635417 0.146759 0.0104167 0.0527778 0.00947864
9 0.208333 0.0662037 0.0208333 0.0453704 0.0102893
9 0.220573 0.087963 0.00989583 0.0166667 0.010344
9 0.269271 0.025 0.0208333 0.0444444 0.0109305
13 0.0046875 0.393981 0.009375 0.113889 0.0114128
11 0.23724 0.0666667 0.0161458 0.037037 0.0116744
0 0.635417 0.149074 0.009375 0.05 0.0118129
2 0.00416667 0.405556 0.00833333 0.0925926 0.0120698
9 0.442708 0.087037 0.0135417 0.0259259 0.0129412
2 0.60599 0.0597222 0.0109375 0.025 0.0133592
2 0.238542 0.140741 0.01875 0.0425926 0.0152326
1 0.811198 0.333796 0.0182292 0.0935185 0.018531
9 0.221875 0.0541667 0.015625 0.0398148 0.0189722
2 0.785937 0.0888889 0.015625 0.0240741 0.0250205
9 0.502604 0.759722 0.0125 0.0546296 0.0259347
2 0.29401 0.109259 0.0307292 0.0851852 0.0440526
2 0.271875 0.1125 0.015625 0.0342593 0.0454987
9 0.567187 0.0481481 0.00833333 0.0240741 0.0696846
2 0.46224 0.111574 0.0130208 0.0398148 0.12162
7 0.297917 0.108333 0.040625 0.0851852 0.140671
2 0.321615 0.0851852 0.0390625 0.0314815 0.199009
2 0.469792 0.109722 0.0270833 0.0435185 0.247467
2 0.480208 0.109259 0.021875 0.0444444 0.251456
7 0.50651 0.104167 0.0421875 0.0638889 0.349528
2 0.627344 0.122222 0.0255208 0.0518519 0.458639
2 0.50651 0.104167 0.0411458 0.0638889 0.488002
2 0.35026 0.1125 0.0203125 0.037963 0.654069
2 0.31901 0.121759 0.0505208 0.0712963 0.705259
11 0.729427 0.0435185 0.0265625 0.0574074 0.749196
2 0.54349 0.321296 0.104687 0.142593 0.765651
10 0.203906 0.316204 0.0161458 0.0712963 0.806022
2 0.729688 0.42037 0.121875 0.172222 0.904026
