2 0.284896 0.074537 0.0208333 0.0342593 0.00104288
2 0.995052 0.333333 0.00885417 0.0592593 0.00105835
2 0.0710938 0.0486111 0.0130208 0.0212963 0.00106149
9 0.995313 0.532407 0.00833333 0.0333333 0.00106852
0 0.153646 0.1125 0.0104167 0.0268519 0.00108933
10 0.19375 0.29537 0.0354167 0.114815 0.0011013
14 0.201042 0.243981 0.0166667 0.0138889 0.00112478
2 0.797396 0.0847222 0.0385417 0.0305556 0.0011368
9 0.0960938 0.0388889 0.00989583 0.0351852 0.00116636
0 0.75651 0.075 0.0109375 0.0425926 0.00124046
2 0.235417 0.102778 0.0177083 0.0407407 0.00124925
2 0.263802 0.100926 0.0109375 0.0555556 0.00126074
1 0.734896 0.318519 0.0458333 0.0240741 0.00126839
2 0.224479 0.135185 0.046875 0.0518519 0.00127622
7 0.435417 0.0611111 0.04375 0.037037 0.00127831
13 0.970312 0.541204 0.0583333 0.158333 0.00129882
2 0.536719 0.112037 0.00989583 0.0444444 0.00131628
12 0.717448 0.166667 0.0161458 0.0296296 0.00131678
7 0.145313 0.0884259 0.0666667 0.0768519 0.0013539
2 0.0466146 0.0662037 0.0588542 0.0342593 0.00137189
9 0.440625 0.222685 0.0104167 0.0194444 0.00138379
0 0.731771 0.373148 0.025 0.0277778 0.00138558
1 0.810677 0.329167 0.0182292 0.0842593 0.00139563
0 0.832552 0.209259 0.0380208 0.087037 0.00140858
9 0.261979 0.0217593 0.0145833 0.0361111 0.00142445
2 0.419271 0.100926 0.190625 0.0685185 0.0014626
0 0.754948 0.0930556 0.0130208 0.0768519 0.00148502
2 0.219531 0.099537 0.0515625 0.0490741 0.00153509
2 0.0424479 0.0601852 0.0369792 0.0296296 0.00156258
0 0.263021 0.0935185 0.00833333 0.05 0.00159134
9 0.29349 0.0574074 0.00885417 0.0407407 0.0016655
9 0.0583333 0.0212963 0.015625 0.0407407 0.00168078
7 0.970052 0.528241 0.0588542 0.212037 0.00169528
2 0.270833 0.0837963 0.0197917 0.0768519 0.00182611
2 0.542708 0.111574 0.309375 0.0768519 0.0018655
2 0.00625 0.0916667 0.0125 0.0444444 0.00187434
2 0.531771 0.1125 0.0135417 0.0416667 0.00188134
2 0.0434896 0.0976852 0.0703125 0.0805556 0.00203627
7 0.988281 0.518519 0.0223958 0.188889 0.00207315
2 0.814062 0.0782407 0.015625 0.0194444 0.00232021
2 0.0335938 0.0657407 0.0203125 0.0222222 0.00238124
58 0.96849 0.495833 0.0307292 0.087963 0.00262227
7 0.0921875 0.0800926 0.175 0.128704 0.00265305
2 0.424479 0.0597222 0.0260417 0.0361111 0.0026908
13 0.985937 0.518981 0.0270833 0.178704 0.00269262
2 0.0632813 0.111111 0.0296875 0.0481481 0.00290701
1 0.0106771 0.366667 0.0213542 0.0444444 0.00302746
0 0.716146 0.373148 0.0229167 0.0259259 0.00302919
2 0.240885 0.104167 0.0151042 0.0324074 0.00310277
9 0.269531 0.0481481 0.0203125 0.0407407 0.00318702
9 0.49974 0.602315 0.0140625 0.0398148 0.00325472
1 0.00546875 0.460185 0.0109375 0.235185 0.0034617
9 0.99375 0.5 0.0114583 0.137037 0.00352662
0 0.283594 0.0944444 0.00989583 0.0462963 0.00374337
9 0.115885 0.0236111 0.0151042 0.0416667 0.00390254
11 0.60625 0.0592593 0.0104167 0.0259259 0.00440546
12 0.99375 0.5 0.0114583 0.138889 0.00446633
9 0.10651 0.0305556 0.00989583 0.037037 0.00483413
2 0.288021 0.10787 0.015625 0.0694444 0.00513659
7 0.275781 0.0694444 0.0390625 0.135185 0.00563603
2 0.365625 0.0986111 0.0572917 0.0564815 0.0056529
2 0.291406 0.0722222 0.0109375 0.0166667 0.00584525
2 0.592708 0.126389 0.0177083 0.0231481 0.00634185
9 0.210938 0.0648148 0.028125 0.05 0.00653001
0 0.995573 0.330556 0.0078125 0.0518519 0.00658759
0 0.286198 0.116667 0.0151042 0.0666667 0.00668235
9 0.573177 0.0310185 0.0140625 0.0601852 0.00712831
11 0.23724 0.0675926 0.0161458 0.0425926 0.00875123
9 0.502344 0.759722 0.0140625 0.0564815 0.00897953
2 0.238542 0.140278 0.01875 0.0416667 0.00935834
2 0.307552 0.0810185 0.0234375 0.0324074 0.00945403
0 0.635156 0.147685 0.00989583 0.0509259 0.0105505
9 0.26849 0.0199074 0.0203125 0.0305556 0.0108481
7 0.788542 0.0662037 0.025 0.0675926 0.0113309
0 0.817708 0.233333 0.00833333 0.037037 0.0116758
0 0.846615 0.183333 0.0078125 0.037037 0.01228
7 0.220313 0.0652778 0.05 0.0861111 0.0124741
2 0.788281 0.087963 0.0203125 0.0277778 0.0126531
2 0.00494792 0.402778 0.00989583 0.0981481 0.013474
1 0.00494792 0.405556 0.00989583 0.0888889 0.0136593
2 0.376042 0.0833333 0.0375 0.0518519 0.0146317
5 0.220573 0.0689815 0.0494792 0.0731481 0.017246
2 0.271354 0.109259 0.0145833 0.0388889 0.017405
7 0.298177 0.10463 0.0380208 0.0777778 0.0188072
2 0.336979 0.0861111 0.01875 0.0296296 0.0218895
2 0.634896 0.14537 0.0114583 0.05 0.0227262
2 0.300521 0.102778 0.0364583 0.0722222 0.0230428
1 0.009375 0.39537 0.01875 0.112963 0.0288971
2 0.48776 0.106944 0.0140625 0.0509259 0.0347283
0 0.44349 0.0898148 0.0140625 0.0314815 0.0365518
9 0.567448 0.0481481 0.0078125 0.0240741 0.049933
2 0.46224 0.113426 0.0140625 0.0361111 0.0584616
2 0.480469 0.109722 0.0192708 0.0435185 0.156593
2 0.469531 0.109722 0.0276042 0.0435185 0.217985
2 0.321875 0.0856481 0.0385417 0.0324074 0.358648
2 0.421615 0.0666667 0.0203125 0.0203704 0.371182
7 0.375 0.0833333 0.034375 0.05 0.406729
2 0.50599 0.103704 0.0421875 0.062963 0.415594
2 0.442187 0.0648148 0.0291667 0.0314815 0.451853
7 0.50599 0.103704 0.0421875 0.062963 0.456231
2 0.627604 0.122222 0.025 0.0518519 0.530927
1 0.740885 0.260648 0.0192708 0.0472222 0.576511
0 0.742188 0.227315 0.025 0.0972222 0.728607
2 0.31849 0.121759 0.0515625 0.0694444 0.765192
10 0.203906 0.315741 0.0161458 0.0722222 0.789079
11 0.728906 0.0425926 0.0276042 0.0574074 0.816297
2 0.729948 0.418981 0.122396 0.173148 0.897135
