9 0.991146 0.511111 0.0166667 0.162963 0.00104426
58 0.96849 0.495833 0.0317708 0.087963 0.00107764
2 0.58776 0.123611 0.0109375 0.0287037 0.00107978
2 0.995052 0.330093 0.00885417 0.0638889 0.00110587
2 0.785417 0.103241 0.040625 0.0509259 0.00110922
2 0.219271 0.134259 0.0583333 0.0574074 0.00114174
7 0.320312 0.0541667 0.0489583 0.0564815 0.00114935
9 0.561458 0.0509259 0.01875 0.0222222 0.00120041
9 0.258073 0.0777778 0.0140625 0.05 0.00122404
0 0.36875 0.5625 0.0166667 0.0416667 0.0012546
0 0.535677 0.10787 0.0119792 0.0546296 0.00126633
2 0.563542 0.110185 0.183333 0.0777778 0.00129382
9 0.253125 0.0865741 0.0145833 0.0361111 0.00136736
32 0.460677 0.356481 0.0109375 0.0166667 0.00140983
2 0.99375 0.518981 0.0114583 0.167593 0.0014735
2 0.55 0.424537 0.583333 0.180556 0.00151083
2 0.296875 0.100926 0.084375 0.0944444 0.00151913
2 0.771615 0.112037 0.0140625 0.0296296 0.00152528
13 0.973958 0.52037 0.0510417 0.175926 0.00153625
14 0.481771 0.490278 0.0135417 0.0287037 0.00156094
9 0.547917 0.0587963 0.0104167 0.0231481 0.00157252
2 0.363542 0.0675926 0.0114583 0.0203704 0.00157997
7 0.990365 0.517593 0.0182292 0.185185 0.00160021
0 0.443229 0.0986111 0.01875 0.0490741 0.00175219
7 0.790104 0.0657407 0.0291667 0.062963 0.00187222
0 0.451042 0.456944 0.838542 0.75463 0.00188006
1 0.0138021 0.368519 0.0276042 0.0518519 0.00192545
2 0.530208 0.105556 0.0166667 0.0518519 0.00206048
0 0.739844 0.370833 0.0255208 0.0324074 0.00208455
9 0.263281 0.0893519 0.0078125 0.0398148 0.00230842
9 0.27526 0.037963 0.0369792 0.0740741 0.0023979
9 0.268229 0.0583333 0.0177083 0.0314815 0.00246473
12 0.689583 0.166204 0.0125 0.0361111 0.00253876
9 0.566406 0.0574074 0.00989583 0.0425926 0.00261527
2 0.405729 0.10787 0.265625 0.0787037 0.00262552
2 0.442708 0.087037 0.0145833 0.0277778 0.00273545
2 0.807813 0.0722222 0.015625 0.0166667 0.00274886
2 0.592969 0.125 0.0161458 0.0259259 0.0027767
2 0.516667 0.106944 0.0885417 0.0583333 0.00280727
0 0.361719 0.0694444 0.00885417 0.0240741 0.00281488
0 0.73125 0.372685 0.0239583 0.0287037 0.00289345
12 0.701823 0.159259 0.0234375 0.0444444 0.00290304
9 0.577865 0.0337963 0.0182292 0.0601852 0.00300076
0 0.263281 0.106481 0.00885417 0.0462963 0.00302367
2 0.0135417 0.398611 0.0270833 0.112037 0.00308018
9 0.291667 0.0263889 0.0104167 0.0305556 0.00313905
11 0.236979 0.0666667 0.0177083 0.0407407 0.00329061
13 0.961979 0.555093 0.0395833 0.0416667 0.00346473
2 0.24349 0.108333 0.0151042 0.0351852 0.00397173
12 0.693229 0.164815 0.00729167 0.037037 0.0043841
0 0.75651 0.374074 0.0203125 0.0296296 0.0043996
2 0.482812 0.107407 0.0604167 0.0574074 0.00441037
2 0.797656 0.0828704 0.0338542 0.0268519 0.00473362
0 0.995573 0.327778 0.0078125 0.0574074 0.00505406
12 0.994531 0.497685 0.00989583 0.134259 0.00572737
32 0.453646 0.315741 0.00833333 0.012963 0.00595022
2 0.60625 0.0601852 0.009375 0.0240741 0.00603858
2 0.297917 0.0689815 0.015625 0.0194444 0.00635956
9 0.584896 0.0407407 0.0125 0.0444444 0.00677351
0 0.34974 0.561111 0.0421875 0.0555556 0.00715783
9 0.26901 0.0435185 0.0213542 0.0481481 0.00744418
9 0.215365 0.0587963 0.0286458 0.0509259 0.00885704
9 0.572135 0.0310185 0.0130208 0.0583333 0.00952703
58 0.442708 0.0875 0.0145833 0.0268519 0.0107833
1 0.0145833 0.396296 0.0291667 0.111111 0.0111571
9 0.207813 0.0675926 0.021875 0.0444444 0.0120561
0 0.757292 0.0921296 0.0135417 0.0805556 0.0122069
2 0.238802 0.141667 0.0192708 0.0407407 0.0126487
2 0.00494792 0.556019 0.00989583 0.0435185 0.0133743
5 0.221094 0.0685185 0.0505208 0.0574074 0.0136388
9 0.502604 0.760185 0.0135417 0.0574074 0.0139034
7 0.220573 0.0657407 0.0505208 0.0666667 0.0148944
0 0.71224 0.372685 0.0192708 0.025 0.0158983
2 0.634896 0.146296 0.0114583 0.0555556 0.0184054
1 0.00416667 0.408333 0.00833333 0.0851852 0.0184243
9 0.269271 0.0208333 0.0208333 0.037963 0.0194642
2 0.814062 0.0763889 0.01875 0.0157407 0.0203153
2 0.271354 0.109259 0.0145833 0.0407407 0.0230114
0 0.294792 0.571759 0.0458333 0.0453704 0.0235982
2 0.328906 0.0791667 0.0369792 0.0435185 0.0275507
0 0.635156 0.147222 0.00989583 0.05 0.028085
2 0.505208 0.0675926 0.025 0.0222222 0.0377293
2 0.524479 0.0722222 0.0177083 0.0203704 0.0531071
2 0.786198 0.0898148 0.0151042 0.0222222 0.0611075
2 0.488542 0.109259 0.0125 0.0462963 0.0728912
2 0.342708 0.0689815 0.0114583 0.0231481 0.0909953
9 0.567187 0.0476852 0.00833333 0.0231481 0.104572
2 0.325 0.0652778 0.0333333 0.0324074 0.148602
2 0.527344 0.0810185 0.0182292 0.0268519 0.164626
2 0.307552 0.0601852 0.0203125 0.0277778 0.178143
2 0.321875 0.0893519 0.0385417 0.0324074 0.180249
2 0.292708 0.112963 0.0270833 0.0722222 0.185604
2 0.465625 0.1125 0.0197917 0.0398148 0.186202
2 0.479427 0.109722 0.0182292 0.0435185 0.230677
7 0.50625 0.101852 0.0427083 0.0666667 0.329951
2 0.627604 0.122222 0.025 0.05 0.349639
2 0.50651 0.101852 0.0421875 0.0666667 0.391079
2 0.318229 0.119907 0.0510417 0.0731481 0.712364
11 0.728906 0.0430556 0.0265625 0.0564815 0.786635
10 0.204167 0.315741 0.015625 0.0703704 0.82418
2 0.729688 0.419907 0.122917 0.171296 0.917565
2 0.322656 0.625 0.157813 0.238889 0.926564
