58 0.969271 0.494444 0.03125 0.0925926 0.00102007
2 0.976302 0.516204 0.0463542 0.162037 0.00103074
9 0.253125 0.0893519 0.0145833 0.0342593 0.00105365
1 0.810677 0.32963 0.0182292 0.0833333 0.00109601
1 0.0117188 0.369907 0.0234375 0.0564815 0.00111745
7 0.292448 0.106019 0.0796875 0.0953704 0.00114622
11 0.227604 0.0625 0.0375 0.0638889 0.00117728
9 0.415104 0.00833333 0.0135417 0.0166667 0.00123579
13 0.0130208 0.397222 0.0260417 0.116667 0.00129917
10 0.20026 0.296296 0.0234375 0.112963 0.00129994
12 0.995573 0.52963 0.0078125 0.037037 0.00141056
7 0.280469 0.0759259 0.0338542 0.144444 0.00141421
2 0.657292 0.138426 0.0791667 0.0842593 0.00144447
0 0.736979 0.371759 0.028125 0.0305556 0.00158082
2 0.303646 0.127315 0.028125 0.0638889 0.00158569
11 0.60651 0.0601852 0.00989583 0.0240741 0.00159101
9 0.2625 0.0439815 0.015625 0.0564815 0.00162788
2 0.779427 0.100463 0.0307292 0.0490741 0.0017192
2 0.442708 0.0865741 0.0135417 0.0268519 0.00179215
7 0.970833 0.524537 0.0572917 0.19537 0.00183159
12 0.976302 0.499074 0.0442708 0.127778 0.00195873
2 0.219271 0.0842593 0.0541667 0.0796296 0.00202481
12 0.702083 0.128704 0.0229167 0.0666667 0.00215743
7 0.988542 0.522222 0.021875 0.192593 0.00222056
2 0.408333 0.112037 0.271875 0.0796296 0.00225326
10 0.00442708 0.461574 0.00885417 0.223148 0.00242306
0 0.756771 0.075 0.0104167 0.0425926 0.00245513
9 0.440104 0.214815 0.0135417 0.0555556 0.0025299
0 0.72526 0.373148 0.0338542 0.0277778 0.0026005
2 0.240104 0.106019 0.015625 0.0342593 0.0026128
9 0.50026 0.602778 0.0151042 0.0407407 0.00263179
7 0.78776 0.0657407 0.0255208 0.062963 0.00267987
12 0.701563 0.1625 0.021875 0.0398148 0.00280011
0 0.75651 0.374537 0.0203125 0.0305556 0.00291849
2 0.567448 0.110185 0.231771 0.0666667 0.00318525
2 0.449219 0.115278 0.0307292 0.0231481 0.00321962
32 0.454427 0.315278 0.0078125 0.0138889 0.0032725
0 0.265885 0.0972222 0.0109375 0.0518519 0.0033099
12 0.692708 0.162963 0.00729167 0.0407407 0.00353735
11 0.239844 0.0342593 0.0213542 0.0648148 0.00379841
9 0.270052 0.0407407 0.0223958 0.0666667 0.00387236
9 0.585156 0.0402778 0.0130208 0.0453704 0.00395677
9 0.221094 0.0893519 0.0109375 0.0157407 0.00404323
1 0.00807292 0.4 0.0161458 0.112963 0.00426813
9 0.263021 0.0884259 0.00833333 0.0361111 0.00429333
2 0.477604 0.110648 0.0625 0.0601852 0.00435998
9 0.573438 0.0314815 0.0145833 0.0592593 0.00469663
2 0.21875 0.136111 0.0583333 0.0537037 0.00484606
5 0.220833 0.0662037 0.0489583 0.0601852 0.00486795
0 0.755469 0.0907407 0.0140625 0.0722222 0.00490019
2 0.363542 0.0671296 0.0114583 0.0212963 0.00492749
2 0.754167 0.154167 0.0125 0.0194444 0.00493943
9 0.210417 0.0666667 0.025 0.0462963 0.00498303
2 0.00416667 0.405093 0.00833333 0.100926 0.00539673
9 0.3625 0.0685185 0.009375 0.0240741 0.00589614
9 0.442187 0.0865741 0.0125 0.0268519 0.00666278
9 0.502344 0.760185 0.0130208 0.0555556 0.0078433
7 0.220052 0.0717593 0.0515625 0.075 0.00862966
9 0.269271 0.0212963 0.0208333 0.037037 0.010206
1 0.00390625 0.40463 0.0078125 0.0981481 0.0103361
11 0.2375 0.0666667 0.015625 0.0388889 0.0110728
12 0.994792 0.493981 0.009375 0.128704 0.0111467
0 0.714583 0.374074 0.0260417 0.0240741 0.0114881
2 0.271094 0.109722 0.0140625 0.037963 0.0133214
2 0.592188 0.126852 0.0177083 0.0222222 0.0162281
2 0.238542 0.141667 0.01875 0.0388889 0.0211281
0 0.635156 0.147222 0.00989583 0.05 0.0214651
2 0.635156 0.14537 0.0109375 0.0555556 0.0267347
2 0.814323 0.0768519 0.0182292 0.0185185 0.0357939
9 0.567448 0.0481481 0.0078125 0.0240741 0.0410472
2 0.785937 0.0888889 0.0145833 0.0240741 0.0578108
7 0.296875 0.10787 0.0375 0.0805556 0.108509
2 0.29401 0.108333 0.0296875 0.0796296 0.11297
2 0.465625 0.111574 0.01875 0.0398148 0.242832
2 0.322135 0.0875 0.0380208 0.0361111 0.337142
2 0.480208 0.109722 0.021875 0.0435185 0.350787
2 0.50651 0.104167 0.0421875 0.062037 0.529503
2 0.627344 0.121759 0.0255208 0.0490741 0.538384
2 0.31849 0.120833 0.0505208 0.0731481 0.718832
10 0.204167 0.315741 0.015625 0.0722222 0.772819
11 0.728906 0.0430556 0.0276042 0.0564815 0.789142
2 0.729688 0.418981 0.122917 0.171296 0.909349
