2 0.0549479 0.0685185 0.0484375 0.0296296 0.00100111
58 0.96276 0.258333 0.0734375 0.209259 0.00109156
12 0.692969 0.163426 0.00989583 0.0416667 0.001139
9 0.565885 0.0425926 0.0109375 0.0388889 0.00114361
13 0.971615 0.529167 0.0557292 0.191667 0.00116754
9 0.563021 0.0310185 0.01875 0.0583333 0.00121458
9 0.270833 0.0351852 0.0291667 0.0685185 0.00121624
2 0.5875 0.126852 0.0104167 0.0240741 0.00125059
9 0.59375 0.0425926 0.0104167 0.037037 0.0012829
9 0.415625 0.00925926 0.015625 0.0185185 0.00132761
9 0.252604 0.0861111 0.0135417 0.037037 0.00139559
7 0.99375 0.518519 0.0114583 0.168519 0.00139662
7 0.970312 0.530556 0.0583333 0.203704 0.00154104
2 0.463021 0.1125 0.015625 0.0435185 0.00156034
2 0.789844 0.106481 0.0494792 0.0518519 0.00157427
2 0.801823 0.0759259 0.0401042 0.037037 0.00158921
9 0.483073 0.0435185 0.00677083 0.0259259 0.0016429
7 0.353906 0.104167 0.150521 0.102778 0.00168354
11 0.22526 0.0652778 0.0432292 0.0546296 0.00174402
2 0.403125 0.109259 0.267708 0.0888889 0.00178403
2 0.775521 0.111111 0.0197917 0.0277778 0.001792
58 0.917188 0.252778 0.165625 0.5 0.00182099
2 0.58125 0.109259 0.273958 0.0685185 0.00193594
9 0.501042 0.602778 0.015625 0.0407407 0.00195955
1 0.00390625 0.405093 0.0078125 0.0935185 0.00203536
2 0.443229 0.087037 0.0145833 0.0259259 0.00210696
12 0.982031 0.505093 0.0348958 0.139815 0.00242956
7 0.217187 0.0597222 0.059375 0.0898148 0.0025443
9 0.217448 0.05 0.0244792 0.0407407 0.0025624
9 0.257292 0.0740741 0.0104167 0.0425926 0.0027315
2 0.641927 0.123148 0.0536458 0.0574074 0.00274167
2 0.363542 0.0689815 0.0114583 0.0212963 0.00276412
9 0.767969 0.0194444 0.0151042 0.037037 0.00283331
0 0.734375 0.369907 0.0364583 0.0324074 0.00284799
2 0.266406 0.1 0.0119792 0.0574074 0.00293104
2 0.634375 0.140741 0.0125 0.0537037 0.00327033
11 0.236198 0.0680556 0.0203125 0.0435185 0.0032777
32 0.454688 0.315741 0.00729167 0.0148148 0.00328118
2 0.592448 0.130556 0.0182292 0.0203704 0.00334472
2 0.654948 0.140278 0.0817708 0.0898148 0.00355289
9 0.208333 0.0666667 0.0229167 0.0425926 0.0038356
0 0.263021 0.105093 0.009375 0.0490741 0.00405134
2 0.789323 0.0824074 0.0171875 0.0222222 0.00416291
9 0.26276 0.0898148 0.00885417 0.0407407 0.00416702
0 0.635677 0.147685 0.00989583 0.0509259 0.00435819
11 0.241927 0.0347222 0.0234375 0.0657407 0.00439667
0 0.758594 0.074537 0.00989583 0.0453704 0.00450671
0 0.756771 0.375926 0.01875 0.0277778 0.00455386
9 0.26875 0.0490741 0.01875 0.0388889 0.0046799
2 0.476302 0.108333 0.0651042 0.0611111 0.00520183
9 0.26875 0.0226852 0.0208333 0.0398148 0.00569435
12 0.994531 0.506944 0.00989583 0.14537 0.00590199
9 0.994271 0.516667 0.0104167 0.164815 0.00603445
2 0.811719 0.074537 0.0223958 0.0194444 0.00782645
9 0.567708 0.0481481 0.00833333 0.0240741 0.00952138
0 0.757812 0.0925926 0.0135417 0.0796296 0.00968126
0 0.713542 0.371759 0.021875 0.0268519 0.00982468
1 0.809896 0.338889 0.021875 0.0925926 0.00999883
2 0.78724 0.0898148 0.0182292 0.0203704 0.0102843
11 0.60651 0.0611111 0.00989583 0.0240741 0.0105724
9 0.26276 0.0337963 0.00989583 0.0564815 0.0109577
9 0.36276 0.0694444 0.00989583 0.0222222 0.0121562
9 0.44349 0.0875 0.0130208 0.0268519 0.0122727
2 0.272135 0.109722 0.0140625 0.0398148 0.014528
12 0.703125 0.138426 0.0239583 0.0805556 0.0149721
5 0.218229 0.0791667 0.05625 0.075 0.0252955
2 0.315104 0.0523148 0.040625 0.0305556 0.0410502
9 0.503385 0.761111 0.0119792 0.0537037 0.0481921
2 0.293229 0.111574 0.0270833 0.0768519 0.0516473
2 0.308333 0.0476852 0.025 0.0194444 0.0579571
7 0.317969 0.0731481 0.0442708 0.0462963 0.0675279
7 0.310677 0.0962963 0.0630208 0.103704 0.151588
2 0.319531 0.0828704 0.0390625 0.0398148 0.154222
2 0.628385 0.121759 0.0244792 0.0527778 0.311895
2 0.473958 0.110185 0.034375 0.0444444 0.538318
2 0.50625 0.10463 0.0427083 0.062963 0.597421
11 0.729688 0.0430556 0.0270833 0.0564815 0.741102
2 0.319271 0.121296 0.0489583 0.0703704 0.762465
10 0.204167 0.316204 0.0166667 0.0712963 0.818659
2 0.729948 0.419444 0.122396 0.172222 0.914252
