0 0.75651 0.374074 0.0192708 0.0314815 0.00100356
0 0.73099 0.372685 0.0265625 0.0268519 0.00100405
7 0.970312 0.530556 0.0583333 0.212963 0.00101373
2 0.55 0.422685 0.604167 0.180556 0.00107406
58 0.96901 0.491204 0.0317708 0.0990741 0.00107864
9 0.548177 0.0527778 0.0109375 0.0222222 0.00110666
7 0.989844 0.51713 0.0192708 0.182407 0.00115431
7 0.78724 0.0652778 0.0234375 0.0583333 0.00120041
12 0.697656 0.150926 0.0130208 0.0611111 0.00122711
12 0.977083 0.498611 0.04375 0.132407 0.0017026
2 0.0604167 0.0648148 0.0416667 0.0296296 0.00184815
9 0.991146 0.508333 0.0166667 0.155556 0.00187444
7 0.276042 0.0467593 0.0333333 0.0527778 0.00188034
2 0.77474 0.111574 0.0203125 0.0305556 0.00197548
2 0.413281 0.109722 0.264062 0.0861111 0.00204446
2 0.270833 0.0694444 0.0197917 0.0685185 0.0020782
13 0.969792 0.56713 0.05625 0.075 0.00219032
2 0.592188 0.119444 0.0177083 0.0351852 0.00228477
0 0.757031 0.0726852 0.0109375 0.0453704 0.00247267
9 0.292708 0.05 0.00833333 0.0407407 0.00254
1 0.009375 0.397685 0.01875 0.110185 0.00263312
0 0.715885 0.370833 0.0244792 0.0268519 0.00268196
2 0.00416667 0.410185 0.00833333 0.0796296 0.00277404
13 0.961719 0.552315 0.0390625 0.0398148 0.00300787
9 0.570052 0.0305556 0.0151042 0.0592593 0.00326047
7 0.236719 0.0680556 0.0171875 0.0435185 0.0033497
13 0.99375 0.518519 0.0114583 0.17037 0.00357911
2 0.255208 0.0851852 0.021875 0.037037 0.00366132
7 0.276823 0.0726852 0.0380208 0.139815 0.00376354
1 0.0117188 0.365741 0.0234375 0.0518519 0.00382218
0 0.263542 0.0925926 0.00833333 0.0481481 0.00396041
13 0.973958 0.518056 0.0510417 0.178704 0.0041527
1 0.00416667 0.40463 0.00833333 0.0888889 0.00417227
2 0.298177 0.102778 0.0942708 0.0888889 0.00417978
9 0.217969 0.102778 0.0078125 0.0388889 0.00429196
32 0.453646 0.3125 0.00833333 0.0157407 0.0043487
9 0.502604 0.75787 0.0135417 0.0564815 0.00459231
12 0.702083 0.138426 0.0208333 0.0861111 0.00468134
0 0.75625 0.0907407 0.0135417 0.0796296 0.00553445
9 0.49974 0.601389 0.0151042 0.0416667 0.00560007
12 0.99375 0.497685 0.0114583 0.136111 0.00645541
9 0.269792 0.0490741 0.01875 0.037037 0.00674644
9 0.269271 0.0277778 0.0208333 0.05 0.00702596
2 0.442969 0.107407 0.0151042 0.0555556 0.00721125
2 0.784375 0.0888889 0.0114583 0.0185185 0.00758224
7 0.372135 0.0578704 0.0390625 0.0398148 0.00826191
2 0.353385 0.10787 0.0859375 0.0787037 0.00856805
2 0.291667 0.0777778 0.0208333 0.0259259 0.010135
2 0.270052 0.104167 0.0130208 0.0453704 0.0117149
2 0.60599 0.0597222 0.00989583 0.0287037 0.0147202
9 0.219531 0.0898148 0.0078125 0.012963 0.0171066
5 0.220052 0.0652778 0.0505208 0.0546296 0.0189091
9 0.567187 0.0472222 0.00833333 0.0240741 0.0215371
7 0.219531 0.0643518 0.0515625 0.0601852 0.0227924
0 0.634896 0.147222 0.009375 0.0518519 0.0262153
2 0.334896 0.0740741 0.0177083 0.0351852 0.0263402
2 0.442969 0.0847222 0.0151042 0.0212963 0.026466
2 0.339844 0.0564815 0.0234375 0.0351852 0.048303
2 0.480729 0.0925926 0.0145833 0.0296296 0.0566898
2 0.371354 0.0699074 0.040625 0.037963 0.0631593
7 0.33776 0.0550926 0.0223958 0.0361111 0.0646852
2 0.363021 0.0921296 0.0447917 0.0675926 0.0816879
2 0.357292 0.0736111 0.0322917 0.037963 0.0906847
7 0.351042 0.0523148 0.0489583 0.0453704 0.119421
2 0.294792 0.105556 0.0291667 0.0759259 0.124808
2 0.383333 0.0657407 0.0166667 0.0259259 0.219785
2 0.320052 0.0856481 0.0369792 0.0361111 0.392563
2 0.505729 0.103241 0.0427083 0.0638889 0.422788
7 0.505729 0.103241 0.0427083 0.0638889 0.434495
2 0.627344 0.120833 0.0255208 0.0509259 0.453939
2 0.460677 0.106481 0.0473958 0.0611111 0.586891
2 0.377344 0.103241 0.0401042 0.0583333 0.776375
2 0.317708 0.12037 0.0510417 0.0703704 0.779429
11 0.728906 0.0412037 0.0276042 0.0527778 0.819053
10 0.204167 0.313889 0.0166667 0.0703704 0.826794
2 0.729688 0.418981 0.122917 0.173148 0.906058
