9 0.566406 0.0592593 0.0109375 0.0462963 0.00101913
2 0.590365 0.421296 0.684896 0.185185 0.00112106
9 0.502344 0.759722 0.0130208 0.0546296 0.00116538
2 0.239323 0.105556 0.0192708 0.037037 0.00120387
1 0.204427 0.427315 0.0265625 0.10463 0.00123397
9 0.292969 0.0550926 0.00885417 0.037963 0.00128519
2 0.794531 0.0856481 0.0317708 0.0268519 0.00130959
12 0.701823 0.165278 0.0213542 0.037963 0.00137338
11 0.236719 0.0699074 0.0182292 0.0472222 0.00139772
58 0.920573 0.185185 0.158854 0.366667 0.00140067
0 0.757031 0.374074 0.0203125 0.0333333 0.00150648
7 0.224479 0.0550926 0.0625 0.108333 0.00160343
12 0.98724 0.520833 0.0244792 0.178704 0.00160347
2 0.654948 0.1375 0.0817708 0.0861111 0.0016456
2 0.970833 0.521759 0.0572917 0.180556 0.00166173
2 0.988281 0.5375 0.0223958 0.167593 0.00167191
2 0.593229 0.123148 0.0177083 0.0296296 0.00170669
2 0.270573 0.0597222 0.0203125 0.0453704 0.00206634
9 0.995052 0.533333 0.00885417 0.0518519 0.00211038
2 0.292188 0.1 0.0822917 0.0907407 0.00216322
9 0.5 0.603241 0.0145833 0.0398148 0.00241927
9 0.991146 0.515278 0.0166667 0.167593 0.00244351
0 0.715625 0.372222 0.0239583 0.0277778 0.00250049
2 0.994271 0.519907 0.0104167 0.173148 0.00263846
12 0.692187 0.164815 0.00833333 0.0407407 0.0029516
0 0.995833 0.32963 0.00729167 0.0555556 0.00317202
7 0.986719 0.524537 0.0255208 0.191667 0.00327694
2 0.813542 0.0759259 0.0177083 0.0166667 0.00358907
1 0.0046875 0.460185 0.009375 0.235185 0.00362678
7 0.277344 0.0643518 0.0359375 0.123148 0.00368479
2 0.778906 0.0990741 0.0276042 0.0444444 0.0038245
2 0.255208 0.087037 0.0197917 0.0388889 0.00385695
7 0.99349 0.518519 0.0119792 0.174074 0.00414555
1 0.0125 0.367593 0.025 0.0481481 0.0042358
2 0.4 0.10463 0.248958 0.0814815 0.00439302
9 0.582552 0.0402778 0.0119792 0.0472222 0.00440232
2 0.238802 0.14213 0.0192708 0.0398148 0.00464626
2 0.55625 0.106481 0.185417 0.0648148 0.00520035
0 0.26276 0.0921296 0.00885417 0.0472222 0.00527868
2 0.288021 0.0814815 0.0229167 0.0388889 0.00590311
11 0.60599 0.0601852 0.00989583 0.0240741 0.00603665
2 0.450521 0.0662037 0.0260417 0.0324074 0.006532
7 0.970573 0.526389 0.0578125 0.200926 0.00759364
0 0.442969 0.0972222 0.0182292 0.05 0.0077548
2 0.270312 0.106481 0.0135417 0.0462963 0.00910328
0 0.75599 0.0912037 0.0151042 0.0787037 0.00924302
9 0.26901 0.0319444 0.0223958 0.0583333 0.0117819
12 0.994271 0.499074 0.0104167 0.137037 0.0131158
0 0.227604 0.334259 0.0270833 0.0592593 0.0143695
9 0.573698 0.0305556 0.0151042 0.0592593 0.0148648
2 0.635156 0.145833 0.0109375 0.0564815 0.0162022
0 0.635417 0.147222 0.009375 0.0537037 0.016489
5 0.220833 0.0675926 0.05 0.0592593 0.0201287
2 0.486198 0.106481 0.0182292 0.0518519 0.0220644
1 0.00989583 0.396296 0.0197917 0.112963 0.0230056
2 0.484115 0.10463 0.0442708 0.0555556 0.0233829
10 0.211979 0.318519 0.021875 0.0685185 0.0235604
1 0.00390625 0.409722 0.0078125 0.0842593 0.026716
7 0.220313 0.0671296 0.05 0.0601852 0.0304564
2 0.390885 0.0657407 0.0151042 0.0259259 0.0319039
10 0.442969 0.0884259 0.0130208 0.0342593 0.0450805
2 0.785417 0.0875 0.0135417 0.025 0.0478191
9 0.567187 0.0476852 0.00833333 0.0231481 0.0536954
2 0.299219 0.105093 0.0380208 0.0768519 0.195871
2 0.472135 0.108333 0.0317708 0.0462963 0.330876
10 0.225521 0.373148 0.0333333 0.146296 0.363208
2 0.322396 0.087037 0.0375 0.037037 0.455442
2 0.627344 0.121759 0.0255208 0.0509259 0.491011
2 0.482812 0.0699074 0.028125 0.0305556 0.50212
1 0.222656 0.425 0.0265625 0.112963 0.531305
2 0.365885 0.0625 0.0526042 0.0342593 0.57888
2 0.505729 0.10463 0.0427083 0.062963 0.678382
0 0.226042 0.374074 0.0333333 0.148148 0.680555
2 0.419531 0.062963 0.0432292 0.0351852 0.706997
2 0.31849 0.121759 0.0505208 0.0712963 0.753844
10 0.204427 0.315278 0.0161458 0.0675926 0.754944
11 0.728906 0.0425926 0.0276042 0.0555556 0.820973
2 0.729688 0.419444 0.122917 0.172222 0.911875
