0 0.578906 0.405093 0.0182292 0.0287037 0.00100374
11 0.221094 0.0546296 0.0515625 0.0814815 0.00102156
2 0.794792 0.0837963 0.0364583 0.0268519 0.00102232
12 0.688802 0.169444 0.0140625 0.0314815 0.00102586
2 0.446875 0.10463 0.0270833 0.0407407 0.00108201
7 0.280469 0.0708333 0.0328125 0.130556 0.00108873
9 0.415625 0.00972222 0.015625 0.0194444 0.00109682
2 0.289583 0.0847222 0.028125 0.0453704 0.00112448
1 0.0554687 0.142593 0.0536458 0.0555556 0.0011396
0 0.757552 0.375 0.0203125 0.0333333 0.00114829
2 0.770833 0.1125 0.0135417 0.0305556 0.00118089
9 0.581771 0.0337963 0.0125 0.0564815 0.00124335
13 0.970833 0.521759 0.0572917 0.182407 0.00126368
0 0.0252604 0.787037 0.0505208 0.425926 0.00127245
10 0.197135 0.295833 0.0307292 0.113889 0.00127994
2 0.994531 0.518981 0.00989583 0.171296 0.00130345
24 0.0377604 0.938889 0.0171875 0.112963 0.00130746
12 0.692448 0.165278 0.00885417 0.0398148 0.00135537
9 0.439063 0.195833 0.0114583 0.0305556 0.00138537
0 0.730729 0.371759 0.028125 0.0287037 0.0013882
7 0.99375 0.517593 0.0114583 0.17037 0.00140781
13 0.961458 0.556019 0.0395833 0.0416667 0.00142232
32 0.454427 0.315741 0.0078125 0.0148148 0.00148246
1 0.0359375 0.941204 0.0208333 0.113889 0.00154008
2 0.0205729 0.149074 0.0411458 0.0759259 0.0015602
26 0.0361979 0.941204 0.0203125 0.112037 0.00157142
2 0.464844 0.0231481 0.0171875 0.0166667 0.00165083
2 0.803646 0.0712963 0.0104167 0.0203704 0.00168199
9 0.263281 0.0416667 0.0182292 0.0555556 0.00170406
11 0.253646 0.0884259 0.0166667 0.0361111 0.00177582
9 0.270573 0.0564815 0.0192708 0.037037 0.00177832
9 0.293229 0.0518519 0.00833333 0.0351852 0.00199308
9 0.429427 0.0518519 0.00885417 0.0333333 0.00201455
9 0.2625 0.0921296 0.00833333 0.0453704 0.00221769
7 0.980729 0.522685 0.0375 0.193519 0.00232979
0 0.457812 0.0638889 0.00729167 0.0314815 0.00265513
32 0.460677 0.356944 0.0109375 0.0175926 0.002685
7 0.791146 0.0652778 0.0302083 0.0583333 0.00271639
2 0.408854 0.10787 0.258333 0.0916667 0.00274101
9 0.291667 0.0277778 0.009375 0.0333333 0.002779
0 0.715885 0.370833 0.0244792 0.0287037 0.00278872
2 0.561979 0.109259 0.26875 0.0740741 0.00285665
1 0.0140625 0.39537 0.028125 0.118519 0.00296302
9 0.276823 0.0375 0.0380208 0.0712963 0.003027
9 0.502344 0.760185 0.0119792 0.0537037 0.00305409
2 0.778125 0.106944 0.0270833 0.037963 0.00324718
2 0.817187 0.233333 0.009375 0.0444444 0.00359338
2 0.297656 0.105556 0.0723958 0.0907407 0.00368792
2 0.466927 0.108796 0.0859375 0.0657407 0.0037159
1 0.0388021 0.15463 0.0765625 0.0851852 0.0040994
2 0.442708 0.0856481 0.0135417 0.025 0.00414606
0 0.26276 0.100463 0.00885417 0.0564815 0.00443465
0 0.592188 0.405093 0.021875 0.0287037 0.00458983
9 0.99401 0.507407 0.0109375 0.151852 0.00568346
9 0.213021 0.0615741 0.034375 0.0583333 0.00654833
0 0.758333 0.0726852 0.0114583 0.0435185 0.00802241
9 0.572656 0.0305556 0.0140625 0.0592593 0.00848271
2 0.814844 0.075 0.0161458 0.0185185 0.00916039
2 0.60625 0.0606481 0.009375 0.025 0.00942248
2 0.238281 0.139815 0.0182292 0.0444444 0.00956333
5 0.219792 0.0648148 0.0479167 0.0592593 0.0100983
11 0.23724 0.0680556 0.0161458 0.0416667 0.0105017
7 0.220052 0.0671296 0.0505208 0.0657407 0.0112167
2 0.271094 0.106481 0.0130208 0.0462963 0.011922
0 0.757292 0.0921296 0.0145833 0.0805556 0.0120456
10 0.442448 0.0875 0.0140625 0.0268519 0.0124688
2 0.650781 0.433796 0.300521 0.184259 0.0125071
0 0.995573 0.329167 0.0078125 0.0490741 0.0133161
1 0.00442708 0.397685 0.00885417 0.112037 0.0146946
0 0.635417 0.148148 0.009375 0.05 0.0192427
2 0.3625 0.0662037 0.009375 0.0268519 0.0206193
9 0.26901 0.0222222 0.0192708 0.037037 0.0254109
2 0.48776 0.10787 0.0130208 0.0490741 0.0281135
2 0.785156 0.0902778 0.0151042 0.0231481 0.036796
9 0.567187 0.0481481 0.00833333 0.0222222 0.0382845
3 0.0226563 0.906018 0.0453125 0.186111 0.0488625
2 0.634896 0.143056 0.0104167 0.0472222 0.0508606
1 0.0174479 0.961574 0.0348958 0.075 0.0907878
2 0.461979 0.113426 0.0125 0.0361111 0.118977
24 0.0216146 0.868519 0.0432292 0.109259 0.121886
7 0.297656 0.106944 0.0380208 0.0805556 0.130733
2 0.295312 0.106481 0.0322917 0.0796296 0.168488
0 0.0223958 0.905556 0.0447917 0.185185 0.244827
2 0.471094 0.109259 0.0307292 0.0444444 0.249909
2 0.322917 0.087963 0.0375 0.0388889 0.319909
2 0.627344 0.121759 0.0255208 0.0509259 0.362234
2 0.50625 0.104167 0.0427083 0.0638889 0.538238
2 0.38776 0.062037 0.0348958 0.0296296 0.62121
2 0.31849 0.122222 0.0505208 0.0703704 0.709851
10 0.204167 0.316204 0.015625 0.0712963 0.725878
11 0.729167 0.0435185 0.0270833 0.0555556 0.784741
2 0.729427 0.419907 0.122396 0.169444 0.901757
2 0.565104 0.446759 0.119792 0.165741 0.922577
