9 0.590104 0.0398148 0.0125 0.0462963 0.00102986
0 0.732031 0.371759 0.0317708 0.0305556 0.0010531
32 0.454167 0.315278 0.00833333 0.0157407 0.00109563
9 0.415625 0.012963 0.0166667 0.0259259 0.00112074
2 0.817187 0.230093 0.009375 0.0435185 0.00113452
2 0.506771 0.110648 0.305208 0.0916667 0.00117558
2 0.655729 0.140741 0.0791667 0.0833333 0.00117746
9 0.21875 0.105093 0.009375 0.037963 0.00127395
12 0.967448 0.499074 0.0276042 0.0851852 0.00129093
9 0.577865 0.0328704 0.0151042 0.0638889 0.00131196
12 0.701563 0.163889 0.0197917 0.0388889 0.00132515
0 0.254167 0.131944 0.0135417 0.0546296 0.00144211
7 0.417448 0.062963 0.0276042 0.0425926 0.00144699
9 0.548177 0.049537 0.0109375 0.0305556 0.00149016
9 0.253125 0.0856481 0.0135417 0.0361111 0.00153409
9 0.263281 0.0847222 0.00989583 0.0361111 0.0015871
0 0.26276 0.108333 0.00885417 0.0481481 0.00163311
5 0.233333 0.0726852 0.0260417 0.0546296 0.00166938
9 0.236979 0.0699074 0.0177083 0.0472222 0.00172464
9 0.583073 0.037963 0.0140625 0.0537037 0.00178153
12 0.702083 0.143056 0.0229167 0.0805556 0.0018671
2 0.652604 0.152778 0.0447917 0.0611111 0.00214775
2 0.808594 0.0699074 0.0151042 0.0194444 0.00216837
2 0.780469 0.104167 0.0317708 0.0527778 0.00218586
9 0.116146 0.0231481 0.0145833 0.0388889 0.00219015
2 0.2 0.246296 0.0229167 0.0148148 0.00225988
12 0.69349 0.163889 0.0078125 0.0388889 0.00229739
7 0.789583 0.0638889 0.028125 0.0592593 0.00231149
0 0.282292 0.0888889 0.00833333 0.0240741 0.00232399
12 0.977083 0.49537 0.0447917 0.127778 0.00234666
0 0.267448 0.0986111 0.00989583 0.0527778 0.00242084
9 0.25625 0.0768519 0.0104167 0.0462963 0.00252662
2 0.528125 0.106019 0.166667 0.0712963 0.00276683
0 0.757292 0.0925926 0.0135417 0.0814815 0.00313169
0 0.717448 0.371759 0.0244792 0.0268519 0.00313423
13 0.99401 0.518056 0.0109375 0.171296 0.00323154
13 0.974479 0.519444 0.05 0.181481 0.00324605
9 0.566406 0.0314815 0.0140625 0.0592593 0.00328886
0 0.708333 0.372222 0.0197917 0.0277778 0.00356195
11 0.60599 0.0597222 0.00989583 0.025 0.00363115
9 0.503125 0.760185 0.0104167 0.0555556 0.00363767
9 0.995052 0.489815 0.00885417 0.127778 0.00369549
1 0.809635 0.330093 0.0213542 0.0898148 0.00382784
7 0.480729 0.0643518 0.0322917 0.0453704 0.00388701
0 0.357031 0.581019 0.0526042 0.0657407 0.00390587
12 0.994792 0.491204 0.009375 0.126852 0.00405239
9 0.292448 0.0689815 0.0109375 0.0175926 0.00410011
2 0.380208 0.10463 0.186458 0.0833333 0.00433425
2 0.579167 0.128241 0.0447917 0.0305556 0.0044857
7 0.434115 0.0648148 0.0338542 0.0425926 0.00473561
9 0.292708 0.0537037 0.0104167 0.0444444 0.00474496
0 0.333333 0.597222 0.0375 0.0537037 0.00527195
0 0.471615 0.0601852 0.0140625 0.0333333 0.00539666
9 0.5 0.602778 0.0166667 0.0425926 0.00556998
2 0.238542 0.139815 0.0197917 0.0425926 0.00589651
2 0.307552 0.0833333 0.0255208 0.037037 0.00644029
9 0.206771 0.0680556 0.0239583 0.0453704 0.00665516
2 0.365365 0.0643518 0.0203125 0.0268519 0.00732901
7 0.799219 0.976852 0.278646 0.0462963 0.00788515
2 0.270573 0.109722 0.0130208 0.0361111 0.00820642
2 0.286979 0.120833 0.0145833 0.0583333 0.0107879
2 0.591927 0.127778 0.0192708 0.0222222 0.0108774
0 0.376563 0.589352 0.0322917 0.0416667 0.0126523
1 0.0125 0.366667 0.025 0.0574074 0.0127333
1 0.00390625 0.409722 0.0078125 0.0787037 0.0131304
1 0.0140625 0.394907 0.028125 0.106481 0.0148929
7 0.220573 0.0680556 0.0515625 0.0583333 0.0158846
2 0.814583 0.075 0.0177083 0.0166667 0.016283
0 0.635417 0.149074 0.009375 0.05 0.0179058
5 0.2125 0.0657407 0.0354167 0.0555556 0.0208321
0 0.3625 0.589352 0.0291667 0.0435185 0.0241246
2 0.795573 0.978241 0.279687 0.0416667 0.0256727
2 0.786198 0.0884259 0.0151042 0.0231481 0.0269141
2 0.470573 0.075463 0.0276042 0.0268519 0.0288974
2 0.291406 0.124537 0.0171875 0.0398148 0.0368019
2 0.471094 0.0643518 0.0151042 0.0342593 0.0449834
9 0.567187 0.0486111 0.00833333 0.0231481 0.0511308
0 0.409375 0.590741 0.0375 0.0481481 0.0629894
2 0.44401 0.087037 0.0109375 0.0314815 0.0644039
9 0.269271 0.0356481 0.021875 0.0675926 0.0663028
7 0.29974 0.103704 0.0359375 0.0740741 0.076802
0 0.345833 0.591667 0.0364583 0.0481481 0.0873557
2 0.45599 0.0680556 0.0171875 0.0287037 0.146724
2 0.48099 0.0675926 0.0286458 0.0351852 0.185546
2 0.415365 0.0699074 0.0234375 0.0324074 0.240414
2 0.322135 0.0865741 0.0380208 0.0361111 0.269393
2 0.3875 0.062037 0.0270833 0.0277778 0.2883
2 0.434115 0.0657407 0.0328125 0.037037 0.293653
2 0.627604 0.121759 0.0260417 0.0509259 0.327218
7 0.50625 0.104167 0.04375 0.0638889 0.380536
2 0.472396 0.109259 0.0333333 0.0462963 0.423314
2 0.50599 0.104167 0.0432292 0.0638889 0.46092
2 0.318229 0.122222 0.0520833 0.0685185 0.572862
10 0.203646 0.316667 0.0166667 0.0703704 0.60415
2 0.428646 0.106481 0.0354167 0.05 0.740312
11 0.729427 0.0421296 0.0276042 0.0564815 0.823114
2 0.374219 0.657407 0.183854 0.312963 0.853252
2 0.729688 0.418981 0.122917 0.173148 0.909505
