12 0.98724 0.493981 0.0244792 0.134259 0.00101391
9 0.566406 0.0597222 0.0109375 0.0472222 0.00109618
0 0.717969 0.371759 0.0244792 0.0287037 0.0010963
9 0.3625 0.0453704 0.009375 0.0333333 0.00110682
9 0.415625 0.0087963 0.015625 0.0175926 0.00110686
12 0.97526 0.498611 0.0421875 0.128704 0.00113895
0 0.989323 0.781944 0.0203125 0.24537 0.0011753
12 0.702083 0.165278 0.0197917 0.0361111 0.00120018
2 0.572917 0.420833 0.604167 0.184259 0.00120769
9 0.444271 0.225926 0.0114583 0.0537037 0.0012359
2 0.817187 0.231944 0.009375 0.0435185 0.0012391
2 0.0046875 0.557407 0.009375 0.0407407 0.00128051
9 0.458073 0.0652778 0.0078125 0.0287037 0.00129809
9 0.547917 0.0592593 0.0104167 0.0259259 0.00131105
9 0.289323 0.0263889 0.0130208 0.0435185 0.0013179
0 0.507552 0.258333 0.527604 0.383333 0.00134535
9 0.115625 0.0240741 0.015625 0.0407407 0.00135897
1 0.0138021 0.389815 0.0276042 0.124074 0.0013651
2 0.295833 0.104167 0.0802083 0.0953704 0.00137027
2 0.00390625 0.422222 0.0078125 0.0555556 0.00141886
1 0.241146 0.308333 0.04375 0.0925926 0.00142906
0 0.990625 0.914815 0.0177083 0.155556 0.00146876
12 0.692969 0.163426 0.0078125 0.0398148 0.00157659
9 0.361979 0.0694444 0.00833333 0.0240741 0.00158984
1 0.271354 0.290741 0.0447917 0.101852 0.00164307
2 0.655469 0.134259 0.0796875 0.0814815 0.00176862
58 0.96849 0.494444 0.0307292 0.087037 0.00177637
7 0.236719 0.0680556 0.0171875 0.0435185 0.00177856
7 0.0942708 0.105093 0.176042 0.108333 0.00177914
2 0.416146 0.108796 0.3 0.0805556 0.0018537
7 0.790104 0.0648148 0.028125 0.0666667 0.00191436
2 0.544531 0.110185 0.317187 0.0759259 0.00195578
0 0.995573 0.325926 0.0078125 0.062963 0.0019755
0 0.75599 0.0777778 0.0119792 0.0555556 0.00211958
9 0.582031 0.0356481 0.0130208 0.0564815 0.00215694
9 0.576823 0.0328704 0.0151042 0.062037 0.00220753
9 0.994531 0.513889 0.00989583 0.161111 0.00229581
0 0.171354 0.108796 0.009375 0.0361111 0.00231065
9 0.429427 0.0416667 0.0078125 0.0240741 0.00255284
0 0.983854 0.660648 0.03125 0.487963 0.00255298
9 0.108333 0.025463 0.0114583 0.0361111 0.0027319
0 0.990104 0.869907 0.01875 0.0601852 0.00274701
7 0.993229 0.518981 0.0125 0.173148 0.00281953
13 0.970312 0.522222 0.0572917 0.175926 0.00286258
9 0.559115 0.0259259 0.0213542 0.05 0.00307427
9 0.291927 0.0527778 0.00885417 0.0425926 0.00311792
1 0.0114583 0.364815 0.0229167 0.0666667 0.00330757
1 0.00416667 0.397222 0.00833333 0.105556 0.00344537
2 0.238021 0.14213 0.01875 0.037963 0.00349011
0 0.153646 0.111574 0.0104167 0.0287037 0.00387866
0 0.263542 0.102315 0.00729167 0.0527778 0.00388483
2 0.531771 0.1125 0.0145833 0.0416667 0.00451072
2 0.60599 0.0592593 0.00989583 0.0259259 0.0045193
2 0.442448 0.0865741 0.0130208 0.0268519 0.00458215
1 0.00494792 0.3625 0.00989583 0.0731481 0.00491721
9 0.757552 0.0712963 0.00989583 0.0425926 0.00512719
2 0.445052 0.115741 0.0223958 0.0222222 0.00557222
7 0.970312 0.526389 0.0583333 0.20463 0.00576856
2 0.592188 0.125 0.0177083 0.0240741 0.00579633
1 0.257292 0.27963 0.0260417 0.109259 0.00876155
12 0.995052 0.496296 0.00885417 0.142593 0.00888633
9 0.56849 0.0310185 0.0130208 0.0583333 0.00921724
0 0.26849 0.100463 0.0119792 0.0564815 0.00956307
2 0.786198 0.0875 0.0151042 0.025 0.0110494
9 0.440104 0.206944 0.0135417 0.0490741 0.0113589
7 0.146354 0.0921296 0.06875 0.0824074 0.0114569
5 0.220573 0.0648148 0.0494792 0.0611111 0.0116662
9 0.209375 0.0680556 0.025 0.0472222 0.0121226
2 0.270573 0.109259 0.0130208 0.0407407 0.0133203
9 0.502344 0.759259 0.0140625 0.0574074 0.0140695
0 0.634896 0.148148 0.009375 0.0518519 0.015442
9 0.442187 0.0865741 0.0125 0.025 0.0166742
2 0.288021 0.110185 0.0197917 0.0796296 0.0198018
2 0.469531 0.108333 0.0307292 0.0462963 0.0229429
7 0.220313 0.0671296 0.0510417 0.062037 0.0260879
2 0.634635 0.145833 0.0109375 0.0527778 0.0272605
2 0.488281 0.107407 0.0130208 0.05 0.0408805
9 0.269271 0.0361111 0.021875 0.0685185 0.042718
9 0.567187 0.0476852 0.00833333 0.0231481 0.0472599
2 0.297656 0.104167 0.0348958 0.0768519 0.108952
2 0.464063 0.1125 0.015625 0.037963 0.134834
2 0.479948 0.109259 0.0182292 0.0444444 0.283196
2 0.322396 0.0861111 0.0375 0.0351852 0.296207
2 0.627344 0.122222 0.0255208 0.0518519 0.420952
1 0.254687 0.311574 0.0197917 0.0861111 0.532993
2 0.505469 0.103241 0.0421875 0.0638889 0.607157
2 0.318229 0.121759 0.0510417 0.0712963 0.703336
10 0.203906 0.315741 0.0161458 0.0722222 0.709637
0 0.255208 0.276852 0.0260417 0.116667 0.758961
11 0.728906 0.0435185 0.0276042 0.0574074 0.810116
2 0.729167 0.419444 0.122917 0.172222 0.90626
