9 0.415104 0.00925926 0.0145833 0.0185185 0.00104693
0 0.757031 0.376389 0.0192708 0.0287037 0.00105945
2 0.54974 0.425 0.610937 0.187037 0.00107515
7 0.68724 0.138889 0.0536458 0.0888889 0.0010997
58 0.915625 0.255093 0.16875 0.499074 0.00116674
13 0.0119792 0.36713 0.0239583 0.0546296 0.00117301
2 0.200781 0.243981 0.0182292 0.0138889 0.0011749
2 0.576042 0.125463 0.046875 0.0342593 0.00119122
2 0.583333 0.110185 0.310417 0.0722222 0.0011953
9 0.23724 0.0736111 0.0182292 0.0546296 0.00127751
9 0.76901 0.0472222 0.0213542 0.0925926 0.00143015
0 0.00442708 0.381481 0.00885417 0.140741 0.00148296
0 0.516667 0.287963 0.582292 0.47963 0.00152325
2 0.288802 0.0981481 0.0838542 0.0981481 0.00161289
0 0.73125 0.372222 0.0291667 0.0296296 0.00161643
9 0.429167 0.0384259 0.00833333 0.0268519 0.00164527
11 0.702604 0.119907 0.0208333 0.0490741 0.00164862
2 0.638542 0.146296 0.015625 0.0518519 0.0016645
2 0.30026 0.131481 0.0234375 0.0555556 0.00176578
2 0.667448 0.149537 0.0755208 0.0657407 0.00181425
9 0.548437 0.0518519 0.0114583 0.0259259 0.00181998
2 0.274479 0.113889 0.0229167 0.0574074 0.00190508
9 0.553906 0.05 0.0161458 0.0277778 0.00192177
12 0.995573 0.52963 0.0078125 0.0388889 0.00192541
9 0.990104 0.498611 0.01875 0.128704 0.00197964
9 0.276563 0.0476852 0.0354167 0.0916667 0.00203483
9 0.454427 0.314815 0.0078125 0.012963 0.00208203
2 0.782292 0.100463 0.034375 0.0398148 0.00229518
2 0.363281 0.0671296 0.0119792 0.0194444 0.00245464
2 0.0632813 0.0708333 0.0286458 0.0268519 0.00247853
0 0.694792 0.164815 0.00729167 0.0388889 0.00248699
9 0.253385 0.0861111 0.0140625 0.0351852 0.00258922
0 0.280469 0.0898148 0.00885417 0.0296296 0.00289786
2 0.410156 0.110648 0.249479 0.0694444 0.00298127
13 0.0135417 0.39213 0.0270833 0.117593 0.00311042
9 0.269792 0.099537 0.0135417 0.0509259 0.00311789
9 0.266927 0.0574074 0.0171875 0.0833333 0.00322976
2 0.342448 0.107407 0.0109375 0.0425926 0.00358637
12 0.973698 0.497685 0.0390625 0.125 0.00377453
2 0.784896 0.0902778 0.025 0.0268519 0.00406583
7 0.702865 0.12037 0.0213542 0.05 0.00413471
12 0.985156 0.49537 0.0171875 0.12037 0.00417399
1 0.00442708 0.388889 0.00885417 0.118519 0.00447973
0 0.709115 0.374074 0.0192708 0.0240741 0.00472061
9 0.257812 0.0740741 0.0104167 0.0444444 0.0050167
2 0.358333 0.111111 0.101042 0.0666667 0.0051935
2 0.445312 0.105556 0.0239583 0.037037 0.00525888
9 0.292188 0.0555556 0.0104167 0.0462963 0.00541733
2 0.479167 0.109722 0.0614583 0.0583333 0.00551787
2 0.648698 0.149074 0.0369792 0.0555556 0.00554687
7 0.213021 0.0652778 0.0364583 0.0564815 0.00619991
0 0.715885 0.371296 0.0223958 0.0259259 0.00630569
11 0.236979 0.0680556 0.0166667 0.0416667 0.00652398
0 0.757552 0.0828704 0.0140625 0.062037 0.00695982
9 0.500521 0.602778 0.015625 0.0407407 0.00780599
2 0.442969 0.0865741 0.0140625 0.0268519 0.0080615
5 0.213542 0.062037 0.0354167 0.0574074 0.00842432
2 0.271354 0.109722 0.0135417 0.037963 0.00886158
2 0.775 0.112037 0.01875 0.0166667 0.0088647
9 0.565885 0.0319444 0.0161458 0.0601852 0.00931006
2 0.238542 0.141204 0.01875 0.0416667 0.00933757
10 0.00364583 0.40463 0.00729167 0.0888889 0.010287
13 0.00390625 0.395833 0.0078125 0.108333 0.010421
12 0.995052 0.491204 0.00885417 0.123148 0.0121403
9 0.291667 0.0708333 0.0104167 0.0175926 0.0121406
9 0.114063 0.0240741 0.0125 0.0388889 0.0157269
2 0.531771 0.111111 0.015625 0.0444444 0.0163211
9 0.220052 0.0884259 0.00989583 0.0157407 0.0174389
9 0.221354 0.0550926 0.0177083 0.0416667 0.0198578
9 0.206771 0.0689815 0.0208333 0.0435185 0.021925
2 0.591927 0.126389 0.0171875 0.0231481 0.0256169
0 0.635677 0.149074 0.00989583 0.05 0.0265759
2 0.289062 0.119444 0.0208333 0.0611111 0.0336537
2 0.3 0.108333 0.0395833 0.0796296 0.0374635
9 0.442708 0.0865741 0.0135417 0.0268519 0.0426103
11 0.60599 0.0597222 0.00989583 0.025 0.0547381
2 0.529688 0.0736111 0.0145833 0.0287037 0.121013
9 0.502865 0.760185 0.0119792 0.0555556 0.130297
2 0.463021 0.111111 0.0145833 0.0407407 0.133099
9 0.567187 0.0490741 0.009375 0.0259259 0.144365
2 0.627344 0.119907 0.0255208 0.0472222 0.187528
2 0.321875 0.0856481 0.0385417 0.0342593 0.31168
2 0.480208 0.109259 0.025 0.0444444 0.349817
9 0.269531 0.0342593 0.0213542 0.0666667 0.375889
7 0.50625 0.102778 0.0427083 0.0648148 0.424215
2 0.50625 0.103241 0.0416667 0.0638889 0.46704
2 0.317969 0.122222 0.0515625 0.0703704 0.633434
11 0.729427 0.0430556 0.0276042 0.0564815 0.760865
10 0.203906 0.315741 0.0161458 0.0703704 0.813724
2 0.37474 0.112037 0.0348958 0.0388889 0.83219
7 0.755208 0.195833 0.096875 0.150926 0.875982
2 0.729948 0.419444 0.121354 0.174074 0.907405
