9 0.76849 0.0180556 0.0161458 0.0324074 0.00103665
9 0.261719 0.050463 0.0151042 0.0398148 0.00104066
9 0.213021 0.0592593 0.0354167 0.0592593 0.0010445
9 0.236719 0.0666667 0.0161458 0.0444444 0.00107263
2 0.26849 0.0958333 0.0109375 0.0490741 0.00109008
58 0.995313 0.325 0.00833333 0.0648148 0.0010901
13 0.994531 0.521759 0.00989583 0.162037 0.00111398
2 0.775521 0.119907 0.0208333 0.0398148 0.00115918
13 0.961979 0.553241 0.0395833 0.0398148 0.00121365
9 0.559635 0.0291667 0.0203125 0.0472222 0.00123599
2 0.531771 0.1125 0.0125 0.0416667 0.00125202
2 0.363542 0.0671296 0.0114583 0.0194444 0.0012573
2 0.605208 0.425 0.508333 0.172222 0.00130914
2 0.298958 0.110648 0.0885417 0.087963 0.00131465
0 0.717708 0.372222 0.0239583 0.0277778 0.00133444
0 0.816927 0.234259 0.00885417 0.0407407 0.00134267
12 0.688802 0.166667 0.0140625 0.037037 0.00141344
2 0.294271 0.13287 0.015625 0.0527778 0.00142354
9 0.271354 0.0439815 0.0291667 0.0842593 0.00144937
2 0.64974 0.15 0.0380208 0.0574074 0.00147975
32 0.453906 0.313889 0.0078125 0.0148148 0.00148648
12 0.817187 0.233796 0.009375 0.0398148 0.00158983
12 0.975521 0.497685 0.0395833 0.126852 0.00159649
2 0.782552 0.105093 0.0369792 0.0601852 0.00162199
9 0.103906 0.0291667 0.0151042 0.0398148 0.00165954
2 0.361979 0.0819444 0.0114583 0.0361111 0.00170285
9 0.50026 0.602315 0.0151042 0.0398148 0.00202504
9 0.428385 0.0314815 0.00989583 0.0314815 0.00202958
12 0.716146 0.164815 0.0125 0.0314815 0.00213902
2 0.276302 0.115741 0.0244792 0.0518519 0.00225096
13 0.970573 0.5375 0.0578125 0.156481 0.00237319
2 0.536458 0.110185 0.285417 0.0703704 0.00237585
2 0.444531 0.101852 0.0203125 0.05 0.00255686
12 0.702865 0.164815 0.0203125 0.037037 0.00265477
13 0.98724 0.52037 0.0244792 0.175926 0.00275745
12 0.692708 0.164815 0.00729167 0.0388889 0.00277962
0 0.757031 0.0708333 0.0119792 0.0416667 0.0028656
9 0.116146 0.0240741 0.015625 0.0388889 0.002891
0 0.75651 0.0884259 0.0140625 0.0768519 0.00292146
9 0.26276 0.0856481 0.0078125 0.0324074 0.00317598
9 0.269271 0.0509259 0.0197917 0.0333333 0.00320587
9 0.292448 0.0708333 0.0109375 0.0175926 0.00367102
2 0.442969 0.087963 0.0140625 0.0277778 0.00381346
9 0.570833 0.0314815 0.0145833 0.0592593 0.00404428
2 0.42526 0.110185 0.183854 0.0611111 0.00468996
2 0.238281 0.140278 0.0182292 0.0416667 0.00476066
12 0.995052 0.495833 0.00885417 0.132407 0.00491093
2 0.00833333 0.395833 0.0166667 0.121296 0.00524422
2 0.60599 0.0597222 0.00989583 0.025 0.00579344
1 0.811198 0.334259 0.0171875 0.0888889 0.00668463
2 0.345833 0.106944 0.0208333 0.0472222 0.00682336
9 0.442708 0.087963 0.0135417 0.0277778 0.00686337
9 0.458073 0.0662037 0.00677083 0.0287037 0.00754484
11 0.236979 0.0657407 0.0166667 0.037037 0.00897258
2 0.788021 0.0875 0.01875 0.0268519 0.0120163
9 0.207031 0.0671296 0.0192708 0.0435185 0.0124643
9 0.26875 0.0222222 0.0208333 0.0388889 0.0135706
2 0.00416667 0.401389 0.00833333 0.10463 0.0142142
9 0.220052 0.0898148 0.00885417 0.0166667 0.0164639
2 0.272135 0.112037 0.0151042 0.0333333 0.0174442
2 0.592448 0.126852 0.0171875 0.0203704 0.017558
2 0.635156 0.146759 0.0109375 0.0546296 0.0179621
0 0.635417 0.149074 0.009375 0.05 0.0220987
2 0.290625 0.1125 0.0229167 0.0712963 0.0368339
2 0.48724 0.107407 0.0151042 0.05 0.0369427
7 0.295833 0.108333 0.034375 0.0833333 0.0415582
9 0.502604 0.759259 0.0125 0.0537037 0.0417817
9 0.567187 0.0481481 0.00833333 0.0240741 0.0485802
2 0.4625 0.111574 0.0135417 0.0398148 0.108037
9 0.222135 0.0578704 0.0109375 0.0324074 0.12009
2 0.322396 0.0837963 0.0385417 0.0305556 0.182313
2 0.473698 0.108333 0.0348958 0.0462963 0.212876
2 0.627344 0.122222 0.0255208 0.0537037 0.319988
2 0.50651 0.104167 0.0421875 0.062037 0.551455
2 0.31875 0.122685 0.0510417 0.0694444 0.671383
2 0.352604 0.113426 0.021875 0.0361111 0.681275
10 0.203906 0.315741 0.0161458 0.0722222 0.722457
11 0.729167 0.0435185 0.0270833 0.0555556 0.775729
2 0.511719 0.225926 0.0796875 0.109259 0.85095
2 0.729688 0.419907 0.122917 0.171296 0.90166
