12 0.995313 0.538426 0.00833333 0.0675926 0.00103009
9 0.278125 0.0712963 0.0385417 0.135185 0.00104651
2 0.638542 0.148611 0.015625 0.0564815 0.00105117
7 0.220573 0.0930556 0.0536458 0.117593 0.00107617
0 0.43724 0.427778 0.776563 0.838889 0.00109411
0 0.673958 0.711111 0.113542 0.437037 0.00110337
9 0.577604 0.0324074 0.0145833 0.062963 0.00110576
9 0.108594 0.0291667 0.0151042 0.0398148 0.00112891
12 0.967188 0.500463 0.0270833 0.0805556 0.00126241
9 0.438021 0.202315 0.00833333 0.0305556 0.00127807
2 0.567969 0.428704 0.679688 0.188889 0.00131193
2 0.779948 0.101852 0.0307292 0.05 0.00132562
0 0.253906 0.131481 0.0130208 0.0537037 0.00134307
9 0.548177 0.0509259 0.0109375 0.0277778 0.0013627
9 0.582812 0.0393519 0.0135417 0.0490741 0.00138974
7 0.292708 0.1 0.0927083 0.105556 0.00143893
2 0.575521 0.126852 0.0520833 0.0314815 0.00149432
12 0.701563 0.164815 0.01875 0.0388889 0.00151667
9 0.415625 0.012963 0.015625 0.0259259 0.00157082
12 0.701823 0.145833 0.0223958 0.075 0.0016396
0 0.282813 0.0916667 0.009375 0.0425926 0.00168308
0 0.26276 0.103241 0.00885417 0.0546296 0.00176434
2 0.649219 0.15 0.0380208 0.0592593 0.00197512
2 0.0078125 0.3125 0.015625 0.0342593 0.0019837
9 0.239063 0.0444444 0.021875 0.087037 0.00199957
12 0.693229 0.164352 0.00729167 0.037963 0.00216633
0 0.717969 0.371296 0.0244792 0.0277778 0.00218615
2 0.801042 0.0819444 0.0416667 0.0324074 0.00229498
7 0.790885 0.0652778 0.0307292 0.0601852 0.00230173
9 0.566406 0.0319444 0.0151042 0.0583333 0.00234112
0 0.329167 0.586574 0.0302083 0.0509259 0.00234214
11 0.239844 0.0347222 0.0213542 0.0657407 0.0023496
9 0.21849 0.105093 0.00885417 0.037963 0.00241676
12 0.976823 0.496759 0.0453125 0.130556 0.002491
9 0.292448 0.0537037 0.0109375 0.0444444 0.0025808
9 0.267708 0.0972222 0.0104167 0.0518519 0.00269285
2 0.514063 0.105556 0.117708 0.0722222 0.00291769
9 0.115365 0.0240741 0.0151042 0.0388889 0.00294562
0 0.708073 0.372222 0.0192708 0.0277778 0.00320573
32 0.453906 0.314352 0.00885417 0.0138889 0.00324748
0 0.757292 0.0916667 0.0135417 0.0796296 0.00328648
2 0.291667 0.0708333 0.0114583 0.0157407 0.00337878
7 0.221094 0.0532407 0.0536458 0.0898148 0.00339508
13 0.99401 0.518519 0.0109375 0.17037 0.00343963
9 0.252604 0.0856481 0.0135417 0.0361111 0.0034425
9 0.23724 0.0699074 0.0171875 0.0453704 0.00365423
13 0.972135 0.519444 0.0546875 0.17963 0.00374827
12 0.994792 0.498148 0.009375 0.138889 0.00409731
11 0.605729 0.0597222 0.0104167 0.025 0.00430493
9 0.500521 0.603241 0.015625 0.0398148 0.00440209
1 0.809375 0.32963 0.021875 0.0888889 0.00458916
9 0.263281 0.0856481 0.00989583 0.0342593 0.00485968
2 0.380208 0.10463 0.195833 0.0851852 0.00488607
9 0.25651 0.0768519 0.0109375 0.0462963 0.00502764
2 0.816927 0.230093 0.00989583 0.0435185 0.00516777
7 0.47474 0.0634259 0.0380208 0.0416667 0.00538308
2 0.238281 0.14213 0.0192708 0.0398148 0.00571165
0 0.375781 0.581019 0.0453125 0.0509259 0.00625632
9 0.503125 0.758796 0.0114583 0.0564815 0.00674317
3 0.00911458 0.39537 0.0182292 0.112963 0.00693833
2 0.309896 0.0833333 0.025 0.037037 0.00697362
2 0.00390625 0.412963 0.0078125 0.0740741 0.00848353
2 0.270573 0.109259 0.0130208 0.037037 0.00871667
9 0.207292 0.0680556 0.0239583 0.0453704 0.00979946
1 0.0140625 0.366204 0.028125 0.0527778 0.0101262
1 0.00390625 0.411111 0.0078125 0.0777778 0.0108391
2 0.591927 0.126389 0.0192708 0.0231481 0.0123061
1 0.0101562 0.394907 0.0203125 0.113889 0.0125449
2 0.814062 0.074537 0.01875 0.0194444 0.0127792
7 0.213281 0.0666667 0.0369792 0.0537037 0.0131977
2 0.466667 0.0583333 0.021875 0.0314815 0.0135197
0 0.635417 0.149537 0.009375 0.0527778 0.0138075
2 0.286719 0.120833 0.0151042 0.0583333 0.01558
2 0.294271 0.108333 0.0260417 0.0685185 0.0172828
5 0.220313 0.0712963 0.0510417 0.0574074 0.0215187
2 0.786458 0.0884259 0.0145833 0.0231481 0.0239075
0 0.379687 0.577315 0.0260417 0.0398148 0.0283799
0 0.40651 0.574074 0.0463542 0.0537037 0.0330358
2 0.291146 0.124537 0.0177083 0.0416667 0.0360132
9 0.567187 0.0486111 0.00833333 0.0231481 0.0452961
2 0.444792 0.0856481 0.0104167 0.0324074 0.0597605
7 0.298698 0.105093 0.0369792 0.0768519 0.0752369
2 0.364583 0.0671296 0.0135417 0.0212963 0.113249
0 0.346615 0.582407 0.0307292 0.0481481 0.136764
9 0.26901 0.0351852 0.0223958 0.0666667 0.144665
2 0.451042 0.0648148 0.015625 0.0296296 0.176976
2 0.627604 0.121296 0.0260417 0.05 0.250626
2 0.479427 0.0662037 0.0276042 0.0342593 0.257959
2 0.321875 0.0865741 0.0375 0.0361111 0.277238
2 0.3875 0.0606481 0.0333333 0.0268519 0.292367
2 0.410937 0.0731481 0.01875 0.0259259 0.346196
2 0.432031 0.0643518 0.0338542 0.0342593 0.394689
7 0.50625 0.104167 0.0427083 0.0638889 0.419591
2 0.50599 0.104167 0.0432292 0.062037 0.434672
2 0.472396 0.109722 0.0333333 0.0453704 0.542395
2 0.317969 0.121759 0.0515625 0.0694444 0.6263
10 0.203646 0.316667 0.0166667 0.0703704 0.694369
2 0.429688 0.106481 0.0354167 0.05 0.771082
11 0.729427 0.0421296 0.0276042 0.0564815 0.804687
2 0.376302 0.643519 0.180729 0.305556 0.890732
2 0.729688 0.419444 0.122917 0.172222 0.908427
