9 0.76901 0.0458333 0.0223958 0.0916667 0.00104412
58 0.968229 0.498611 0.03125 0.0953704 0.00108367
9 0.244531 0.0865741 0.0078125 0.0398148 0.00108774
9 0.190365 0.0875 0.00989583 0.0194444 0.00110692
2 0.448958 0.111111 0.0385417 0.0388889 0.00112844
2 0.254167 0.0865741 0.01875 0.0398148 0.00113904
2 0.285677 0.0777778 0.0192708 0.0314815 0.00116196
0 0.757031 0.374537 0.0203125 0.0324074 0.00131569
9 0.415104 0.012963 0.015625 0.0259259 0.00134809
9 0.21849 0.102315 0.00885417 0.037963 0.00136239
9 0.263542 0.0277778 0.01875 0.0518519 0.00136759
0 0.186979 0.103704 0.00729167 0.0537037 0.00138765
9 0.547917 0.0518519 0.0104167 0.0240741 0.00142878
12 0.701823 0.164815 0.0203125 0.0388889 0.0014837
2 0.535937 0.112963 0.0104167 0.0425926 0.00151531
32 0.453906 0.313426 0.00885417 0.0138889 0.00151679
2 0.263542 0.0981481 0.0104167 0.0592593 0.00154196
2 0.294271 0.102778 0.0822917 0.1 0.00155714
2 0.270312 0.0606481 0.01875 0.0398148 0.00156282
9 0.275521 0.0398148 0.0385417 0.0777778 0.00171761
9 0.75599 0.087037 0.0130208 0.0685185 0.00178754
9 0.579167 0.0328704 0.0145833 0.0601852 0.00184281
2 0.654427 0.138426 0.0776042 0.0787037 0.00184282
7 0.970312 0.530093 0.0583333 0.210185 0.00187209
0 0.817187 0.233796 0.00833333 0.0361111 0.00197124
2 0.355208 0.105093 0.130208 0.0842593 0.001988
1 0.0125 0.395833 0.025 0.112037 0.00205034
9 0.99349 0.492593 0.0119792 0.124074 0.00213355
11 0.239844 0.0351852 0.0203125 0.0666667 0.00232254
2 0.772656 0.107407 0.0171875 0.0259259 0.00232317
9 0.1875 0.0847222 0.00729167 0.0268519 0.00232491
9 0.292448 0.0550926 0.0078125 0.037963 0.00239123
2 0.53099 0.112963 0.0140625 0.0425926 0.00252408
2 0.568229 0.109259 0.223958 0.0685185 0.00259531
2 0.467708 0.0194444 0.0197917 0.0203704 0.00265447
0 0.263021 0.0925926 0.00833333 0.05 0.00296774
0 0.715104 0.372222 0.021875 0.0259259 0.00301669
7 0.275781 0.0671296 0.0390625 0.130556 0.00301843
12 0.692448 0.164352 0.0078125 0.037963 0.00323162
2 0.592708 0.123611 0.0166667 0.0268519 0.00330423
2 0.779167 0.100926 0.0302083 0.0425926 0.00415503
12 0.994271 0.493981 0.0104167 0.130556 0.00430351
2 0.814062 0.0768519 0.0177083 0.0185185 0.00442488
9 0.213021 0.0643518 0.0364583 0.0583333 0.00461269
2 0.00416667 0.408333 0.00833333 0.087037 0.00484083
2 0.447917 0.116667 0.028125 0.0222222 0.00487263
10 0.197656 0.309722 0.0307292 0.087963 0.00495642
13 0.970573 0.522685 0.0578125 0.186111 0.0050706
9 0.270052 0.0490741 0.0182292 0.0351852 0.00548584
13 0.961719 0.554167 0.0401042 0.0453704 0.0056488
11 0.23724 0.0675926 0.0161458 0.0407407 0.00568779
9 0.501823 0.759722 0.0130208 0.0546296 0.00579847
1 0.00546875 0.393056 0.0109375 0.110185 0.00622159
9 0.573438 0.0310185 0.015625 0.0601852 0.00731024
2 0.64974 0.15 0.0401042 0.0555556 0.00742512
13 0.986198 0.518056 0.0265625 0.178704 0.00793338
2 0.271094 0.106481 0.0140625 0.0444444 0.00932555
2 0.442187 0.0847222 0.0145833 0.0231481 0.00957375
2 0.60625 0.0597222 0.0104167 0.025 0.0107927
5 0.21901 0.062963 0.0442708 0.0611111 0.0110775
2 0.285677 0.116667 0.0140625 0.0666667 0.0127255
7 0.213281 0.062037 0.0348958 0.062963 0.0127281
2 0.238281 0.140741 0.0182292 0.0407407 0.0133371
2 0.785937 0.0893519 0.015625 0.025 0.0141229
9 0.26849 0.0194444 0.0213542 0.0351852 0.0147973
10 0.441927 0.0861111 0.0130208 0.0240741 0.0173011
2 0.634115 0.143981 0.0130208 0.0509259 0.0204929
9 0.21901 0.0893519 0.00885417 0.0138889 0.0233787
7 0.297656 0.105093 0.0369792 0.0805556 0.0294467
7 0.400521 0.0643518 0.04375 0.0435185 0.0332148
9 0.567187 0.0476852 0.00833333 0.025 0.0399846
2 0.298177 0.103704 0.0348958 0.0740741 0.0465719
2 0.488281 0.107407 0.0140625 0.05 0.0509818
2 0.363542 0.0666667 0.0114583 0.0222222 0.0575408
2 0.470313 0.108333 0.0322917 0.0462963 0.0610861
2 0.0046875 0.557407 0.009375 0.0388889 0.0680155
2 0.464844 0.110648 0.0161458 0.0398148 0.143966
2 0.480208 0.109259 0.0197917 0.0444444 0.27389
2 0.321615 0.0856481 0.0380208 0.0342593 0.314547
7 0.50599 0.103241 0.0421875 0.0638889 0.354401
2 0.410677 0.0666667 0.0213542 0.0425926 0.404749
2 0.391667 0.0666667 0.0260417 0.0388889 0.406063
2 0.50599 0.103241 0.0421875 0.0638889 0.497068
2 0.627083 0.122685 0.0260417 0.0509259 0.589951
2 0.317708 0.121296 0.0520833 0.0703704 0.725708
11 0.728906 0.0425926 0.0276042 0.0555556 0.768457
10 0.203906 0.315278 0.0171875 0.0712963 0.778714
2 0.729688 0.419444 0.122917 0.17037 0.901077
