2 0.683854 0.411574 0.0291667 0.132407 0.00102535
2 0.24349 0.107407 0.0109375 0.037037 0.00102884
32 0.459896 0.356944 0.009375 0.0157407 0.00105304
9 0.469792 0.414352 0.0104167 0.0305556 0.00107005
9 0.221094 0.087037 0.0109375 0.0166667 0.00124071
11 0.220573 0.0666667 0.0526042 0.0611111 0.00124283
9 0.548698 0.0486111 0.0130208 0.0268519 0.0012678
2 0.296615 0.105556 0.0911458 0.0944444 0.00128968
2 0.582292 0.109259 0.303125 0.0740741 0.00133857
2 0.414323 0.109722 0.305729 0.0861111 0.00135519
10 0.774479 0.125463 0.01875 0.0453704 0.00144809
9 0.107031 0.025463 0.0109375 0.0361111 0.00147315
0 0.286458 0.836111 0.0604167 0.0685185 0.00157248
1 0.811198 0.331944 0.0192708 0.0935185 0.00158745
2 0.746094 0.15787 0.0244792 0.0175926 0.00159004
12 0.701563 0.1625 0.0208333 0.0416667 0.00159298
2 0.807813 0.0717593 0.0125 0.0175926 0.00160094
2 0.654427 0.1375 0.0807292 0.0861111 0.00172943
2 0.267448 0.0990741 0.0119792 0.0555556 0.00177519
9 0.207292 0.0694444 0.0229167 0.0425926 0.00184535
2 0.775 0.124537 0.01875 0.0435185 0.0019377
11 0.236198 0.0703704 0.0192708 0.0481481 0.00195145
13 0.970833 0.526852 0.0572917 0.188889 0.00196638
12 0.974219 0.5 0.0442708 0.127778 0.00198209
2 0.471615 0.108333 0.0901042 0.062963 0.00205528
2 0.592188 0.126852 0.0177083 0.0240741 0.00206023
0 0.732292 0.370833 0.034375 0.0305556 0.00211062
7 0.970833 0.530093 0.0572917 0.200926 0.00225936
32 0.454427 0.314815 0.0078125 0.0111111 0.00232962
0 0.267188 0.809722 0.0229167 0.0268519 0.00243809
0 0.758594 0.375 0.0171875 0.0296296 0.0024516
9 0.564583 0.0314815 0.01875 0.0592593 0.00253531
2 0.363542 0.0675926 0.0114583 0.0203704 0.00278665
1 0.0132813 0.364352 0.0265625 0.0472222 0.00312783
0 0.75651 0.0935185 0.0140625 0.0814815 0.00343646
9 0.97526 0.497685 0.0411458 0.125 0.00373395
2 0.634896 0.143056 0.0114583 0.0509259 0.00390916
2 0.442448 0.0888889 0.0140625 0.0277778 0.00403382
9 0.36224 0.0694444 0.00885417 0.0222222 0.00414095
0 0.283594 0.0976852 0.00885417 0.037963 0.00423677
9 0.292969 0.0662037 0.00989583 0.0231481 0.00432502
0 0.635417 0.148611 0.0104167 0.0509259 0.00433289
12 0.702604 0.138426 0.0239583 0.0861111 0.00474874
2 0.813542 0.075 0.0166667 0.0166667 0.0048944
0 0.442708 0.100926 0.0177083 0.0481481 0.00491248
9 0.995313 0.490278 0.00833333 0.121296 0.00513771
0 0.285417 0.112037 0.0125 0.0648148 0.00548931
2 0.270833 0.109722 0.0135417 0.0398148 0.00552156
11 0.60599 0.0606481 0.00989583 0.0231481 0.00751023
10 0.442708 0.0884259 0.0135417 0.0268519 0.00758591
2 0.288802 0.111574 0.0171875 0.0657407 0.00829001
9 0.222917 0.0555556 0.0145833 0.0462963 0.0083385
3 0.00859375 0.396296 0.0171875 0.111111 0.00843694
0 0.710156 0.372685 0.0203125 0.0268519 0.0102992
1 0.00364583 0.406944 0.00729167 0.0861111 0.0119719
2 0.00390625 0.405093 0.0078125 0.0935185 0.0122006
0 0.00390625 0.397685 0.0078125 0.106481 0.0123273
0 0.263021 0.833796 0.034375 0.0638889 0.012958
1 0.00911458 0.394907 0.0182292 0.113889 0.0139266
7 0.220052 0.0666667 0.0515625 0.0592593 0.0149006
5 0.220313 0.0680556 0.0510417 0.0564815 0.0158806
0 0.239583 0.834259 0.0520833 0.0666667 0.0175451
2 0.299219 0.105093 0.0369792 0.0768519 0.0187044
9 0.567448 0.0481481 0.00885417 0.0240741 0.021412
9 0.269271 0.0342593 0.021875 0.0648148 0.0354553
2 0.464323 0.111574 0.0182292 0.0398148 0.0355654
2 0.785677 0.0898148 0.0161458 0.0222222 0.0485262
9 0.500781 0.603704 0.0151042 0.0407407 0.065583
9 0.502604 0.760648 0.0125 0.0546296 0.142411
2 0.627865 0.120833 0.0244792 0.0509259 0.293438
0 0.307031 0.83287 0.0421875 0.0638889 0.345707
2 0.322396 0.0861111 0.0385417 0.037037 0.355204
2 0.473958 0.110185 0.034375 0.0444444 0.432197
2 0.50599 0.10463 0.0432292 0.062963 0.561827
11 0.729948 0.0435185 0.0265625 0.0574074 0.717223
10 0.203906 0.316667 0.0161458 0.0703704 0.726713
2 0.318229 0.121759 0.0510417 0.0675926 0.750018
2 0.729688 0.419444 0.121875 0.17037 0.904092
2 0.273438 0.875 0.210417 0.246296 0.921588
