0 0.0940104 0.140278 0.00989583 0.0398148 0.00102605
58 0.96875 0.493519 0.03125 0.101852 0.00103301
2 0.238542 0.136574 0.01875 0.0453704 0.00104976
2 0.599219 0.422685 0.693229 0.184259 0.00106267
7 0.217969 0.0851852 0.0567708 0.116667 0.00107999
0 0.730729 0.371759 0.028125 0.0287037 0.00109207
58 0.952083 0.193056 0.0947917 0.332407 0.00110612
7 0.453125 0.10463 0.0416667 0.0592593 0.00111355
2 0.0705729 0.0555556 0.0234375 0.0388889 0.00128055
0 0.757031 0.0712963 0.0109375 0.0444444 0.0014876
2 0.353125 0.1 0.028125 0.0611111 0.00158576
9 0.571875 0.0300926 0.015625 0.0583333 0.00163012
7 0.277865 0.0717593 0.0390625 0.139815 0.00165594
2 0.97474 0.498148 0.0421875 0.12037 0.00165753
2 0.25625 0.0865741 0.0208333 0.037963 0.00167134
0 0.0533854 0.109259 0.0109375 0.0555556 0.0017068
12 0.690625 0.162037 0.0104167 0.0407407 0.00172372
12 0.701563 0.160648 0.01875 0.0453704 0.00174078
2 0.276302 0.1125 0.0255208 0.0601852 0.00174778
2 0.592188 0.125 0.0166667 0.0259259 0.00181618
2 0.0046875 0.556944 0.009375 0.0435185 0.00185111
2 0.779948 0.103241 0.0307292 0.0490741 0.00190942
2 0.285417 0.0805556 0.021875 0.0333333 0.00196121
0 0.755729 0.0893519 0.0135417 0.0787037 0.00218242
7 0.386198 0.0972222 0.0442708 0.0666667 0.00226594
2 0.425781 0.109259 0.290104 0.0777778 0.00233629
0 0.263542 0.0902778 0.00833333 0.0435185 0.00259961
2 0.00442708 0.407407 0.00885417 0.087037 0.00261643
13 0.952604 0.419907 0.0947917 0.143519 0.00275202
13 0.99375 0.517593 0.0114583 0.172222 0.00279613
2 0.292708 0.105556 0.078125 0.0925926 0.00300215
7 0.236979 0.0699074 0.0166667 0.0453704 0.00325276
0 0.497396 0.0717593 0.0166667 0.0231481 0.00329244
9 0.5 0.601389 0.0145833 0.0398148 0.00334116
12 0.976562 0.496759 0.0447917 0.125 0.00352596
12 0.702083 0.138426 0.0208333 0.087963 0.00360618
13 0.970573 0.541667 0.0578125 0.140741 0.00363505
2 0.531771 0.109259 0.0145833 0.0462963 0.00399549
9 0.992708 0.490278 0.0135417 0.115741 0.00419773
2 0.359115 0.108796 0.122396 0.075 0.00448839
1 0.0114583 0.365741 0.0229167 0.05 0.00463052
0 0.715365 0.370833 0.0234375 0.0268519 0.00468192
2 0.0622396 0.0657407 0.0380208 0.0277778 0.00488586
1 0.00520833 0.399537 0.0104167 0.0972222 0.00512177
1 0.0130208 0.395833 0.0260417 0.106481 0.00570212
2 0.267448 0.0972222 0.0119792 0.0555556 0.00607545
9 0.502344 0.758333 0.0130208 0.0555556 0.00722414
2 0.788802 0.087037 0.0161458 0.0203704 0.00736751
12 0.993229 0.489352 0.0125 0.115741 0.00780199
9 0.566927 0.0467593 0.00885417 0.0231481 0.00935407
9 0.292448 0.05 0.00885417 0.0425926 0.0102977
7 0.213021 0.062037 0.0364583 0.0611111 0.0133586
2 0.270573 0.109259 0.0140625 0.037037 0.0142426
5 0.21901 0.0652778 0.0494792 0.0657407 0.0153438
0 0.634896 0.148148 0.009375 0.05 0.0196722
9 0.26875 0.0356481 0.021875 0.0675926 0.0208556
2 0.605729 0.0597222 0.0114583 0.0268519 0.021134
7 0.522917 0.0675926 0.028125 0.0518519 0.0295172
2 0.363802 0.0740741 0.0140625 0.0425926 0.104975
2 0.294531 0.104167 0.0286458 0.075 0.124209
2 0.523438 0.0717593 0.0270833 0.0453704 0.200235
2 0.48125 0.10787 0.01875 0.0453704 0.221975
2 0.322135 0.0861111 0.0380208 0.037037 0.330869
2 0.627344 0.121296 0.0255208 0.0518519 0.432019
2 0.505208 0.103241 0.0427083 0.0638889 0.537165
2 0.452865 0.103704 0.0421875 0.0555556 0.548674
2 0.38724 0.1 0.0411458 0.0611111 0.63825
10 0.203906 0.314815 0.0161458 0.0703704 0.75716
11 0.729167 0.0416667 0.0270833 0.0537037 0.793541
2 0.318229 0.12037 0.0510417 0.0703704 0.795992
2 0.729688 0.418981 0.122917 0.173148 0.91248
