2 0.00572917 0.0916667 0.0114583 0.0481481 0.00101983
0 0.446094 0.361111 0.529688 0.396296 0.00105732
2 0.815885 0.0689815 0.0151042 0.012037 0.00108106
2 0.536979 0.421759 0.673958 0.184259 0.0010921
0 0.709115 0.372222 0.0182292 0.0314815 0.00112325
1 0.177083 0.280093 0.015625 0.0416667 0.00112326
2 0.340885 0.0740741 0.0171875 0.0222222 0.0011517
1 0.0117188 0.363426 0.0234375 0.0787037 0.00120242
7 0.282031 0.0935185 0.0869792 0.107407 0.00120435
13 0.961719 0.55463 0.0401042 0.0444444 0.00124515
12 0.692708 0.163889 0.00833333 0.0388889 0.00124716
0 0.107813 0.676389 0.0177083 0.025 0.0012499
11 0.236979 0.0689815 0.0177083 0.0453704 0.00128196
13 0.969792 0.56713 0.0572917 0.075 0.00130904
2 0.413542 0.107407 0.272917 0.087037 0.00136639
2 0.813802 0.0759259 0.0192708 0.0185185 0.00151114
0 0.718229 0.371296 0.0229167 0.0296296 0.001538
9 0.50026 0.602315 0.0140625 0.0398148 0.00155634
2 0.65625 0.136574 0.0760417 0.0805556 0.00157757
9 0.27474 0.0402778 0.0369792 0.0787037 0.0017043
2 0.254948 0.0851852 0.0203125 0.0407407 0.00170433
2 0.44401 0.107407 0.0203125 0.0351852 0.00193381
2 0.784635 0.103241 0.0411458 0.0564815 0.00206113
32 0.454167 0.314815 0.00833333 0.0148148 0.00209803
58 0.968229 0.495833 0.0291667 0.0787037 0.00210055
9 0.291927 0.0513889 0.0078125 0.0398148 0.00210515
2 0.269792 0.0861111 0.0197917 0.0759259 0.00228878
11 0.60599 0.0597222 0.0109375 0.025 0.00236494
2 0.593229 0.124537 0.0166667 0.025 0.00279613
2 0.777083 0.106481 0.025 0.0388889 0.00286979
9 0.439844 0.211111 0.0119792 0.0481481 0.00294073
2 0.565365 0.108796 0.195312 0.0657407 0.00304749
2 0.269271 0.0481481 0.0197917 0.0388889 0.00305848
2 0.653385 0.149074 0.0484375 0.0592593 0.00309813
1 0.222917 0.348611 0.0489583 0.132407 0.00310135
9 0.571875 0.0310185 0.0135417 0.0583333 0.00320627
7 0.992969 0.517593 0.0130208 0.174074 0.00340581
2 0.483333 0.10787 0.0583333 0.062037 0.0036251
0 0.995573 0.325 0.0078125 0.0611111 0.00373922
9 0.992188 0.517593 0.0145833 0.174074 0.00398995
2 0.530208 0.110185 0.015625 0.0481481 0.00400746
7 0.277083 0.0736111 0.0354167 0.141667 0.00405066
7 0.971094 0.521296 0.0567708 0.190741 0.00430957
2 0.290104 0.0888889 0.0239583 0.05 0.00453537
0 0.634896 0.146296 0.009375 0.0537037 0.00524993
2 0.509896 0.0699074 0.0270833 0.0194444 0.00555816
2 0.442448 0.0865741 0.0130208 0.0268519 0.00601533
0 0.26224 0.0912037 0.0078125 0.0472222 0.00629003
12 0.993229 0.509722 0.0125 0.160185 0.00634892
0 0.75625 0.0842593 0.0135417 0.062963 0.00647666
9 0.458594 0.0657407 0.0078125 0.0296296 0.00730552
9 0.26875 0.0231481 0.021875 0.0425926 0.00799592
1 0.00416667 0.40787 0.00833333 0.087963 0.00860047
2 0.30026 0.0842593 0.0338542 0.0388889 0.00952232
2 0.790365 0.0875 0.0203125 0.0231481 0.0100796
2 0.270052 0.10787 0.0130208 0.0416667 0.0102231
1 0.0101562 0.398611 0.0203125 0.108333 0.0167049
2 0.634635 0.141667 0.0109375 0.0444444 0.0175338
9 0.567187 0.0476852 0.00833333 0.0231481 0.0203971
7 0.219792 0.062037 0.0510417 0.0703704 0.0225181
2 0.364844 0.0592593 0.0213542 0.0351852 0.0251069
5 0.220052 0.0643518 0.0494792 0.062037 0.0262889
2 0.494531 0.10787 0.0234375 0.0490741 0.0305475
24 0.2375 0.30463 0.0208333 0.0481481 0.0309674
9 0.502344 0.760185 0.0130208 0.0537037 0.0344427
1 0.225781 0.368519 0.0213542 0.0925926 0.0397762
10 0.442187 0.0865741 0.0125 0.0268519 0.0429198
2 0.461979 0.1125 0.0135417 0.0361111 0.0657264
2 0.297656 0.10463 0.0348958 0.0759259 0.0942844
2 0.479688 0.109722 0.01875 0.0435185 0.168133
7 0.378646 0.062963 0.0479167 0.0351852 0.212609
2 0.321875 0.0861111 0.0375 0.0333333 0.231808
2 0.46901 0.110185 0.0255208 0.0425926 0.272559
2 0.378906 0.062963 0.0473958 0.0351852 0.277263
2 0.626562 0.121296 0.0260417 0.0537037 0.437344
2 0.525521 0.0740741 0.0197917 0.0314815 0.468013
1 0.234896 0.389352 0.0229167 0.119444 0.490059
2 0.504948 0.102778 0.0421875 0.0648148 0.62897
2 0.318229 0.12037 0.0520833 0.0722222 0.732148
10 0.203906 0.314352 0.0151042 0.0694444 0.771187
0 0.234375 0.349074 0.0333333 0.151852 0.78756
11 0.728906 0.0425926 0.0276042 0.0555556 0.83388
2 0.729688 0.419444 0.122917 0.172222 0.905948
