2 0.277083 0.116204 0.0291667 0.0564815 0.00108363
2 0.281771 0.0962963 0.105208 0.0962963 0.00110315
9 0.548177 0.0518519 0.0109375 0.0259259 0.00113905
13 0.0130208 0.366204 0.0260417 0.0435185 0.00115026
7 0.224479 0.0564815 0.0625 0.111111 0.00117881
74 0.0661458 0.109259 0.028125 0.0444444 0.0012072
9 0.29375 0.0490741 0.009375 0.0425926 0.00121385
2 0.640885 0.128704 0.0526042 0.0648148 0.00126778
0 0.757292 0.0907407 0.0125 0.0777778 0.00131793
2 0.566667 0.424074 0.582292 0.181481 0.0013339
2 0.660937 0.144907 0.06875 0.0824074 0.00138979
0 0.640365 0.149074 0.0203125 0.0555556 0.00154294
2 0.54974 0.105556 0.295312 0.0685185 0.0015738
9 0.566406 0.0310185 0.0203125 0.0583333 0.0016169
1 0.810938 0.331944 0.0197917 0.0916667 0.00162059
1 0.00885417 0.39537 0.0177083 0.116667 0.00168714
0 0.25625 0.121296 0.0166667 0.0759259 0.00174459
7 0.148438 0.0842593 0.065625 0.0611111 0.00178806
0 0.263281 0.106019 0.00885417 0.0509259 0.0018189
9 0.256771 0.0782407 0.0114583 0.0490741 0.00197633
9 0.995573 0.525 0.0078125 0.0462963 0.00201492
13 0.0143229 0.393981 0.0286458 0.113889 0.00208091
12 0.701823 0.139352 0.0234375 0.0861111 0.00223948
9 0.3625 0.0481481 0.0104167 0.037037 0.00224064
0 0.729167 0.370833 0.0385417 0.0324074 0.00245435
2 0.363281 0.0666667 0.0119792 0.0203704 0.00263777
12 0.976823 0.499537 0.0432292 0.130556 0.00265549
2 0.419792 0.106019 0.308333 0.0805556 0.00271101
0 0.757292 0.375463 0.01875 0.0287037 0.00277751
9 0.967188 0.5 0.0270833 0.0759259 0.00319828
9 0.988542 0.502315 0.021875 0.139815 0.00324791
9 0.43776 0.20463 0.00989583 0.0259259 0.00325458
2 0.617708 0.114352 0.0447917 0.0509259 0.00327393
2 0.44974 0.106481 0.148438 0.062963 0.00350793
2 0.785417 0.0902778 0.0145833 0.0194444 0.0036986
2 0.592448 0.128241 0.0182292 0.025 0.00424872
9 0.260417 0.0314815 0.0125 0.0555556 0.00424994
2 0.286458 0.0976852 0.0135417 0.0435185 0.00427695
2 0.529427 0.100926 0.0182292 0.0611111 0.00436861
1 0.00364583 0.402778 0.00729167 0.0962963 0.0047715
2 0.266146 0.0972222 0.0104167 0.0518519 0.00495972
2 0.26875 0.110185 0.0104167 0.0388889 0.00600041
9 0.500521 0.60463 0.015625 0.0425926 0.00603633
2 0.285937 0.119907 0.0145833 0.0601852 0.00635032
11 0.60651 0.0606481 0.00885417 0.0231481 0.00665136
32 0.454167 0.314352 0.00833333 0.0138889 0.00685585
2 0.442708 0.087963 0.0135417 0.0277778 0.00689944
9 0.995313 0.489352 0.00833333 0.119444 0.00763614
9 0.361979 0.0675926 0.009375 0.0259259 0.00795154
0 0.71276 0.371759 0.0213542 0.025 0.00845844
0 0.442448 0.0972222 0.0161458 0.0462963 0.0113256
19 0.442708 0.087963 0.0135417 0.0277778 0.0113494
9 0.973958 0.493981 0.0395833 0.115741 0.0116522
9 0.567187 0.0481481 0.00833333 0.0240741 0.0150872
2 0.291406 0.109259 0.0213542 0.0555556 0.017044
0 0.635156 0.149074 0.0109375 0.05 0.0204793
2 0.46224 0.114352 0.0140625 0.0342593 0.0294512
2 0.506771 0.0763889 0.0364583 0.0435185 0.0324866
2 0.48724 0.109259 0.0151042 0.0462963 0.0334038
9 0.502344 0.760648 0.0119792 0.0527778 0.0425993
2 0.490625 0.0694444 0.015625 0.037037 0.0588588
9 0.269792 0.0351852 0.021875 0.0648148 0.0644759
2 0.505208 0.0657407 0.0229167 0.0277778 0.0877293
5 0.219792 0.0671296 0.0520833 0.0564815 0.110709
2 0.627865 0.122222 0.0244792 0.0518519 0.138681
2 0.526823 0.0837963 0.0161458 0.0305556 0.208216
2 0.295573 0.0944444 0.0192708 0.0425926 0.219724
2 0.474219 0.110185 0.0317708 0.0444444 0.355096
2 0.323177 0.0865741 0.0380208 0.0361111 0.389067
2 0.50625 0.103704 0.0427083 0.062963 0.667189
10 0.203906 0.316204 0.0161458 0.0694444 0.686285
2 0.318229 0.121759 0.0510417 0.0675926 0.760375
11 0.729688 0.0430556 0.0270833 0.0564815 0.78766
2 0.535156 0.216667 0.0713542 0.101852 0.894573
2 0.729948 0.418981 0.122396 0.173148 0.911186
