2 0.773698 0.119907 0.0171875 0.037963 0.00100375
11 0.240625 0.0314815 0.021875 0.0592593 0.0010071
2 0.228385 0.137963 0.0411458 0.0481481 0.00107547
2 0.405469 0.135185 0.00885417 0.0277778 0.0010954
2 0.50026 0.17037 0.441146 0.188889 0.00110522
0 0.257031 0.103241 0.0213542 0.0972222 0.00110677
7 0.222396 0.0634259 0.0552083 0.115741 0.0011197
12 0.977344 0.501389 0.0442708 0.143519 0.00112873
2 0.577344 0.423611 0.617188 0.175 0.00134121
2 0.528385 0.168981 0.0265625 0.0601852 0.00142549
58 0.96849 0.493056 0.0307292 0.0898148 0.00152474
7 0.986458 0.518519 0.0260417 0.185185 0.00152665
12 0.691927 0.163889 0.00885417 0.0388889 0.00173372
32 0.453906 0.314352 0.00885417 0.0138889 0.00176923
2 0.78724 0.0828704 0.0140625 0.0231481 0.00178168
2 0.99401 0.518981 0.0109375 0.171296 0.00197445
7 0.275521 0.0708333 0.0395833 0.137963 0.00198017
0 0.26276 0.103704 0.00989583 0.0555556 0.00200727
9 0.29349 0.0541667 0.00885417 0.0361111 0.00204835
12 0.702344 0.1375 0.0234375 0.0861111 0.00209736
2 0.29349 0.0763889 0.0140625 0.025 0.00218529
0 0.757292 0.0921296 0.0135417 0.0787037 0.00233044
7 0.213802 0.062963 0.0348958 0.0555556 0.00254687
13 0.970052 0.522685 0.0588542 0.180556 0.00285742
2 0.490625 0.115278 0.39375 0.0824074 0.00287715
7 0.99349 0.518056 0.0119792 0.171296 0.00289781
9 0.263281 0.0875 0.0078125 0.0398148 0.00325608
2 0.785417 0.0898148 0.0135417 0.0222222 0.00330058
2 0.442708 0.0888889 0.0135417 0.0314815 0.00331209
0 0.715885 0.371759 0.0234375 0.0268519 0.00333336
0 0.266406 0.0962963 0.00885417 0.05 0.00338375
11 0.236979 0.0680556 0.0166667 0.0435185 0.0040026
12 0.99401 0.498611 0.0109375 0.147222 0.00413839
0 0.284635 0.100463 0.0109375 0.0490741 0.00431638
9 0.269792 0.0458333 0.0208333 0.0435185 0.00435985
2 0.00833333 0.372222 0.0166667 0.0481481 0.00449828
9 0.992188 0.503241 0.0145833 0.149074 0.00456755
2 0.00416667 0.408796 0.00833333 0.0861111 0.00529923
9 0.214844 0.0606481 0.0307292 0.0509259 0.00561186
13 0.0119792 0.368981 0.0239583 0.0472222 0.0059501
7 0.970573 0.523148 0.0578125 0.198148 0.00620397
9 0.269271 0.0194444 0.0208333 0.0351852 0.00704442
2 0.326823 0.0981481 0.0463542 0.0481481 0.00722304
0 0.442708 0.0967593 0.0166667 0.0490741 0.00737286
9 0.207813 0.0675926 0.0197917 0.0444444 0.00812191
2 0.270052 0.109722 0.0119792 0.037963 0.00812569
1 0.0109375 0.368056 0.021875 0.0509259 0.00818509
11 0.60625 0.0606481 0.009375 0.025 0.00930275
2 0.28776 0.114815 0.0140625 0.0574074 0.00948661
2 0.592188 0.126852 0.0177083 0.0222222 0.00984126
13 0.00416667 0.40463 0.00833333 0.0925926 0.00985276
2 0.347396 0.114815 0.0166667 0.0574074 0.0101443
13 0.0130208 0.396759 0.0260417 0.108333 0.0102629
7 0.296094 0.103704 0.0296875 0.0777778 0.011026
9 0.221094 0.0875 0.00989583 0.0157407 0.0119295
9 0.3625 0.0685185 0.009375 0.0277778 0.0134264
10 0.443229 0.087963 0.0125 0.0314815 0.0136069
1 0.0101562 0.397222 0.0203125 0.111111 0.0141724
2 0.298177 0.100926 0.0276042 0.0703704 0.0151924
2 0.238542 0.140741 0.0197917 0.0407407 0.0155147
2 0.635156 0.147222 0.0109375 0.0537037 0.018987
9 0.222917 0.0625 0.0125 0.0435185 0.023321
9 0.567187 0.0486111 0.00833333 0.0231481 0.0242693
2 0.461458 0.1125 0.0125 0.037963 0.0259103
0 0.635417 0.148611 0.009375 0.0490741 0.0278602
9 0.503125 0.758333 0.0145833 0.0574074 0.0563764
2 0.322135 0.0856481 0.0369792 0.0361111 0.256228
2 0.627344 0.121759 0.0255208 0.0527778 0.280547
2 0.473177 0.109259 0.0338542 0.0444444 0.488582
2 0.50625 0.103704 0.04375 0.062963 0.616878
2 0.31875 0.121759 0.0541667 0.0694444 0.644124
10 0.204167 0.316204 0.015625 0.0694444 0.680403
11 0.729688 0.0430556 0.0270833 0.0564815 0.751973
2 0.378125 0.156019 0.0635417 0.102778 0.825934
2 0.50599 0.184259 0.0713542 0.107407 0.837785
2 0.729948 0.419907 0.122396 0.171296 0.900142
