2 0.777344 0.10787 0.0255208 0.0527778 0.00103779
9 0.415365 0.0115741 0.0151042 0.0231481 0.00105545
0 0.541927 0.27963 0.556771 0.457407 0.00107807
9 0.21875 0.0662037 0.046875 0.0527778 0.00109769
0 0.757031 0.118056 0.0130208 0.0361111 0.00111817
2 0.535677 0.112037 0.0151042 0.0444444 0.00113971
2 0.745573 0.158333 0.0234375 0.0166667 0.0012379
1 0.00598958 0.367593 0.0119792 0.0574074 0.00129096
2 0.297135 0.103241 0.0901042 0.0972222 0.00131383
2 0.286719 0.0759259 0.0171875 0.037037 0.00131714
9 0.576042 0.0328704 0.015625 0.0638889 0.001377
2 0.416146 0.0277778 0.0166667 0.0203704 0.00139292
2 0.661979 0.152315 0.0666667 0.0657407 0.00145753
2 0.578646 0.421759 0.708333 0.182407 0.00146844
0 0.361979 0.0666667 0.009375 0.0314815 0.00158712
9 0.259375 0.0768519 0.0114583 0.0537037 0.00167411
2 0.363281 0.0657407 0.0119792 0.0203704 0.00168057
9 0.236458 0.0648148 0.0166667 0.0388889 0.0017308
0 0.263281 0.101389 0.0078125 0.0527778 0.00178333
12 0.964844 0.499074 0.0223958 0.0759259 0.00189206
9 0.114844 0.0222222 0.0151042 0.037037 0.00208387
12 0.701823 0.138889 0.0234375 0.087037 0.00223451
2 0.23776 0.140741 0.0192708 0.0425926 0.00226718
2 0.433073 0.10787 0.338021 0.0935185 0.0022815
1 0.00442708 0.397222 0.00885417 0.101852 0.00228623
9 0.453906 0.313426 0.00885417 0.0175926 0.00235593
0 0.757292 0.0828704 0.0114583 0.0694444 0.00236763
9 0.254948 0.0884259 0.0130208 0.0361111 0.00249499
2 0.788802 0.0875 0.0182292 0.0231481 0.00258002
13 0.970573 0.522222 0.0578125 0.177778 0.00264876
5 0.221615 0.0773148 0.0536458 0.0712963 0.00272709
0 0.729427 0.373611 0.0338542 0.0268519 0.00287736
9 0.994531 0.494444 0.00989583 0.125926 0.00297234
9 0.26224 0.0430556 0.0151042 0.0546296 0.00306413
7 0.970833 0.524537 0.0572917 0.19537 0.00317713
9 0.109896 0.0240741 0.0114583 0.0351852 0.00322161
2 0.774479 0.121759 0.01875 0.0416667 0.00335237
11 0.738802 0.0648148 0.0151042 0.0259259 0.00346558
12 0.984375 0.494444 0.021875 0.118519 0.00353038
7 0.21875 0.062037 0.046875 0.0611111 0.00392149
0 0.757812 0.375926 0.0177083 0.0277778 0.00411077
2 0.634896 0.151852 0.0125 0.0592593 0.00434438
9 0.547917 0.049537 0.0114583 0.0268519 0.00439615
9 0.266406 0.0972222 0.0109375 0.0518519 0.00446883
9 0.29401 0.0555556 0.00885417 0.0351852 0.00468713
9 0.281771 0.0875 0.00625 0.025 0.00474286
2 0.291927 0.0689815 0.0109375 0.0175926 0.00532221
9 0.263021 0.0930556 0.00833333 0.0453704 0.00599991
9 0.220833 0.103241 0.0135417 0.0398148 0.00631355
9 0.207292 0.0662037 0.0197917 0.0435185 0.00633995
2 0.784115 0.0907407 0.0130208 0.0203704 0.00645666
12 0.995052 0.489815 0.00885417 0.122222 0.00650206
9 0.36224 0.0449074 0.00989583 0.0324074 0.00657801
0 0.715625 0.371296 0.0229167 0.0259259 0.00698415
12 0.972396 0.497222 0.0375 0.12037 0.00773969
2 0.442708 0.0865741 0.0135417 0.0268519 0.008428
2 0.26849 0.109722 0.0109375 0.0342593 0.00898775
0 0.442448 0.0981481 0.0171875 0.05 0.00920726
11 0.60599 0.0601852 0.00989583 0.0259259 0.00996576
9 0.565365 0.0361111 0.0119792 0.05 0.0109277
9 0.559115 0.0305556 0.0328125 0.0592593 0.0112024
9 0.222656 0.0606481 0.0130208 0.0398148 0.0141687
9 0.220573 0.0898148 0.00989583 0.0148148 0.0184819
9 0.442969 0.0861111 0.0130208 0.0259259 0.0193586
7 0.297396 0.107407 0.0354167 0.087037 0.0193877
0 0.634896 0.15 0.0104167 0.05 0.0195484
2 0.297396 0.106019 0.0333333 0.0787037 0.0218395
2 0.592188 0.127315 0.01875 0.0231481 0.0286141
9 0.269271 0.0365741 0.021875 0.0657407 0.0415515
9 0.566927 0.0472222 0.0078125 0.0240741 0.0438388
9 0.500521 0.602315 0.015625 0.0416667 0.0637059
9 0.502865 0.760185 0.0119792 0.0537037 0.107372
2 0.465885 0.109722 0.0203125 0.0416667 0.137633
7 0.50599 0.103241 0.0432292 0.0638889 0.325075
2 0.476042 0.108796 0.03125 0.0453704 0.35246
2 0.321875 0.0875 0.0385417 0.0361111 0.368215
2 0.627604 0.123148 0.025 0.0518519 0.387571
11 0.729427 0.0425926 0.0265625 0.0574074 0.492335
2 0.50599 0.103241 0.0432292 0.0638889 0.517743
2 0.317708 0.120833 0.0520833 0.0712963 0.761039
10 0.203906 0.314815 0.0161458 0.0703704 0.836198
2 0.366667 0.228704 0.0791667 0.103704 0.864595
2 0.730208 0.418519 0.121875 0.174074 0.913815
