12 0.691146 0.162963 0.0104167 0.0388889 0.00100724
32 0.459896 0.356944 0.0125 0.0138889 0.00109024
9 0.276823 0.0430556 0.0348958 0.0601852 0.00109418
2 0.425 0.115741 0.272917 0.0962963 0.001113
11 0.226042 0.0643518 0.0395833 0.0490741 0.00111473
0 0.73099 0.371759 0.0276042 0.0287037 0.00114256
2 0.291146 0.108796 0.0947917 0.0935185 0.00116566
10 0.194271 0.294907 0.034375 0.112037 0.0012601
7 0.786979 0.0634259 0.0239583 0.0601852 0.00131136
7 0.277083 0.0731481 0.0364583 0.137037 0.00134553
2 0.0122396 0.352778 0.0244792 0.203704 0.0014348
2 0.0210938 0.152315 0.0411458 0.0731481 0.00149055
0 0.756771 0.373611 0.0229167 0.0342593 0.00156456
2 0.288542 0.0921296 0.0229167 0.0564815 0.00159416
2 0.557031 0.116667 0.201562 0.0851852 0.00172978
9 0.585156 0.0361111 0.0151042 0.0555556 0.00175984
12 0.99349 0.518056 0.0119792 0.175 0.00179229
9 0.269531 0.049537 0.0192708 0.0361111 0.00181685
2 0.771615 0.109722 0.0151042 0.0305556 0.00187901
9 0.548177 0.0523148 0.0109375 0.0231481 0.00190659
9 0.217708 0.0680556 0.0479167 0.0509259 0.00193195
12 0.21875 0.102778 0.009375 0.037037 0.00201203
9 0.269271 0.0194444 0.021875 0.0351852 0.00201409
10 0.00442708 0.463889 0.00885417 0.218519 0.00209438
0 0.26276 0.0907407 0.00885417 0.0425926 0.00224591
2 0.445312 0.124537 0.025 0.0342593 0.00230848
11 0.239844 0.0333333 0.0223958 0.062963 0.00233472
2 0.465885 0.12037 0.0328125 0.0333333 0.00235631
9 0.49974 0.600926 0.0151042 0.0425926 0.00237294
2 0.457292 0.112963 0.01875 0.0351852 0.00260591
12 0.702083 0.146759 0.0197917 0.0731481 0.00263285
2 0.475 0.0958333 0.0333333 0.0194444 0.00281047
7 0.970312 0.530556 0.0583333 0.212963 0.00281662
58 0.968229 0.494907 0.0302083 0.0861111 0.00296235
13 0.970312 0.531018 0.0583333 0.193519 0.00317424
2 0.53151 0.112037 0.0140625 0.0425926 0.00321921
13 0.986198 0.52037 0.0265625 0.183333 0.00330942
0 0.716406 0.372222 0.0255208 0.0259259 0.00340711
2 0.592448 0.122685 0.0182292 0.0287037 0.00344665
32 0.453906 0.313426 0.00885417 0.0138889 0.0036422
0 0.709375 0.374537 0.01875 0.025 0.00373243
2 0.238281 0.138426 0.0192708 0.0453704 0.00375451
2 0.779688 0.102778 0.03125 0.0481481 0.0037631
2 0.00416667 0.424074 0.00833333 0.0537037 0.00388509
5 0.220052 0.0634259 0.0494792 0.0564815 0.00396667
2 0.265625 0.0962963 0.0104167 0.0537037 0.00404734
9 0.572656 0.0305556 0.0130208 0.0592593 0.00435277
9 0.992188 0.496759 0.0145833 0.134259 0.00488964
2 0.255469 0.0865741 0.0213542 0.0361111 0.00493063
2 0.26901 0.107407 0.0109375 0.0407407 0.00512024
2 0.486198 0.0962963 0.0223958 0.0222222 0.00512119
11 0.23724 0.0666667 0.0161458 0.0388889 0.00526086
7 0.21875 0.062963 0.05 0.062963 0.00555343
2 0.49974 0.115278 0.0380208 0.037963 0.00574722
2 0.442708 0.0865741 0.0145833 0.025 0.00601732
2 0.00572917 0.369907 0.0114583 0.165741 0.00792792
9 0.207031 0.0699074 0.0182292 0.037963 0.00826262
9 0.220313 0.050463 0.01875 0.037963 0.00936362
2 0.60625 0.0597222 0.0104167 0.0268519 0.0104058
2 0.785937 0.0884259 0.0166667 0.0231481 0.0145175
9 0.219792 0.0893519 0.009375 0.0138889 0.0151881
0 0.634635 0.147685 0.00989583 0.0509259 0.0189331
0 0.75599 0.0842593 0.0130208 0.0740741 0.0223453
9 0.442708 0.0861111 0.0135417 0.0259259 0.0265955
9 0.502344 0.758796 0.0140625 0.0564815 0.0316724
2 0.517708 0.118056 0.0177083 0.0342593 0.0339949
9 0.566927 0.0472222 0.0078125 0.0240741 0.0355746
2 0.291927 0.110185 0.0255208 0.0777778 0.0511227
2 0.634375 0.143981 0.0114583 0.0490741 0.0530953
2 0.44375 0.116204 0.0208333 0.0175926 0.147267
2 0.321875 0.0837963 0.0364583 0.0324074 0.299527
2 0.479167 0.143056 0.0635417 0.102778 0.304462
2 0.627083 0.119907 0.0260417 0.0509259 0.411834
2 0.508854 0.102778 0.0364583 0.062963 0.515319
7 0.479167 0.143056 0.0635417 0.102778 0.684673
11 0.728906 0.0416667 0.0276042 0.0518519 0.752592
2 0.318229 0.120833 0.0510417 0.0694444 0.754296
10 0.203646 0.314352 0.015625 0.0694444 0.813025
2 0.0434896 0.306019 0.0869792 0.184259 0.865626
2 0.729427 0.419907 0.123438 0.169444 0.906879
