1 0.811458 0.332407 0.0166667 0.0925926 0.00100791
2 0.244271 0.112037 0.015625 0.0351852 0.00106254
0 0.730729 0.371296 0.0291667 0.0296296 0.00107189
1 0.13125 0.575 0.0239583 0.0296296 0.00107753
2 0.530729 0.111574 0.0125 0.0435185 0.00107915
9 0.577083 0.0319444 0.0145833 0.0601852 0.00108543
0 0.117708 0.831481 0.192708 0.266667 0.00111811
2 0.961719 0.555093 0.0390625 0.0435185 0.00111838
9 0.264583 0.0305556 0.0208333 0.0574074 0.00113692
9 0.558854 0.0277778 0.0229167 0.05 0.00117535
24 0.0666667 0.76713 0.0333333 0.100926 0.00118777
2 0.44375 0.101389 0.0208333 0.0453704 0.00125837
2 0.639063 0.131019 0.0489583 0.0675926 0.00133325
2 0.657552 0.138426 0.0640625 0.0601852 0.00134473
9 0.440885 0.210648 0.0161458 0.0601852 0.00137871
12 0.701823 0.141667 0.0223958 0.0833333 0.00139312
0 0.263021 0.0902778 0.00833333 0.0435185 0.0014323
9 0.429688 0.0444444 0.00833333 0.0203704 0.00143602
1 0.00520833 0.362037 0.0104167 0.0537037 0.00146907
0 0.995313 0.327778 0.00833333 0.0555556 0.00155845
9 0.817187 0.235648 0.00833333 0.0361111 0.00158348
0 0.263542 0.106944 0.009375 0.0472222 0.00159384
9 0.995573 0.530556 0.0078125 0.0314815 0.00161842
0 0.204427 0.764352 0.401563 0.408333 0.00166644
0 0.0760417 0.74537 0.05 0.109259 0.00166788
9 0.548177 0.0537037 0.0109375 0.0259259 0.00168625
32 0.460156 0.356481 0.00989583 0.012963 0.00172003
2 0.291927 0.0768519 0.0213542 0.0259259 0.00172773
2 0.198698 0.244907 0.0223958 0.012037 0.00175711
1 0.0575521 0.82963 0.0151042 0.0722222 0.00177035
2 0.817448 0.234722 0.00885417 0.037963 0.00182343
12 0.692708 0.164815 0.00833333 0.0388889 0.0018635
2 0.00625 0.0930556 0.0125 0.0490741 0.00188567
0 0.757552 0.131481 0.0130208 0.0425926 0.00194076
2 0.398958 0.107407 0.25625 0.0814815 0.00196428
2 0.986198 0.598611 0.0265625 0.0472222 0.00200589
9 0.416146 0.0106481 0.0166667 0.0212963 0.00203488
0 0.715625 0.371296 0.0239583 0.0277778 0.00213692
24 0.0950521 0.781018 0.0161458 0.037963 0.0021537
1 0.0132813 0.365278 0.0265625 0.0472222 0.00231081
7 0.298698 0.105093 0.0755208 0.0972222 0.00239907
1 0.0861979 0.868056 0.0276042 0.128704 0.00255528
9 0.277344 0.0416667 0.0380208 0.0814815 0.00262804
1 0.00442708 0.39537 0.00885417 0.118519 0.00267957
2 0.540885 0.107407 0.163021 0.0685185 0.00290705
7 0.991406 0.520833 0.0161458 0.167593 0.00330594
0 0.755469 0.0902778 0.0151042 0.0712963 0.00354355
2 0.363542 0.0675926 0.0114583 0.0203704 0.00364575
2 0.442708 0.087037 0.0145833 0.0277778 0.00369326
11 0.236719 0.0685185 0.0171875 0.0444444 0.00371546
9 0.36224 0.0699074 0.00885417 0.0231481 0.00375344
9 0.214062 0.0675926 0.0364583 0.05 0.00378286
2 0.60599 0.0597222 0.00989583 0.0231481 0.00386535
0 0.698958 0.683333 0.0375 0.05 0.0040478
2 0.814062 0.074537 0.0177083 0.0175926 0.00408361
7 0.220052 0.0689815 0.0515625 0.0638889 0.0046656
9 0.29349 0.0574074 0.00885417 0.0351852 0.00468128
7 0.788542 0.0643518 0.0260417 0.0694444 0.00485247
2 0.00364583 0.421296 0.00729167 0.062963 0.00487023
0 0.639323 0.686574 0.0338542 0.0546296 0.00494298
2 0.21901 0.139352 0.0578125 0.0472222 0.0052531
9 0.567969 0.0310185 0.0119792 0.0583333 0.00527566
0 0.104167 0.680093 0.0208333 0.0305556 0.00532214
5 0.221094 0.0666667 0.0484375 0.0537037 0.0053575
7 0.276563 0.0648148 0.0385417 0.125926 0.00568621
2 0.647396 0.146296 0.0354167 0.0592593 0.00577754
2 0.592448 0.126389 0.0171875 0.025 0.00579891
9 0.220573 0.0541667 0.0192708 0.0435185 0.0066496
9 0.269792 0.049537 0.0197917 0.0398148 0.00746865
9 0.207552 0.0689815 0.0192708 0.0416667 0.00870324
2 0.0046875 0.557407 0.009375 0.0388889 0.00916805
9 0.994792 0.498611 0.009375 0.141667 0.0101742
2 0.786458 0.087963 0.015625 0.0240741 0.0108254
0 0.102604 0.699074 0.025 0.0685185 0.0109857
24 0.0770833 0.748611 0.05 0.106481 0.0112001
7 0.970312 0.523611 0.0583333 0.191667 0.0122956
2 0.272396 0.108796 0.015625 0.0416667 0.0125623
9 0.220052 0.0898148 0.00885417 0.0148148 0.0161268
24 0.0791667 0.721296 0.025 0.0537037 0.0162024
0 0.634896 0.148611 0.009375 0.0527778 0.0167648
9 0.269531 0.0194444 0.0203125 0.0333333 0.0185199
9 0.442448 0.0884259 0.0140625 0.0268519 0.0307997
2 0.634896 0.146759 0.0104167 0.0546296 0.031352
2 0.479167 0.106944 0.0385417 0.0546296 0.0323813
2 0.238281 0.141204 0.0182292 0.0398148 0.0334135
9 0.502344 0.759722 0.0130208 0.0546296 0.0351611
2 0.48724 0.106944 0.0140625 0.0509259 0.0388836
24 0.0763021 0.735648 0.0213542 0.0453704 0.0544108
2 0.29349 0.10787 0.0296875 0.0824074 0.0589374
9 0.566927 0.0476852 0.0078125 0.0231481 0.0614629
7 0.296615 0.107407 0.0369792 0.0814815 0.0707938
2 0.480208 0.110185 0.01875 0.0444444 0.168084
2 0.466146 0.112037 0.0197917 0.0388889 0.171102
2 0.321875 0.0856481 0.0385417 0.0342593 0.19473
2 0.627083 0.121296 0.0260417 0.0518519 0.333242
2 0.474479 0.0699074 0.0291667 0.0268519 0.418094
2 0.50625 0.103704 0.0416667 0.062963 0.558973
10 0.203906 0.315741 0.0151042 0.0722222 0.565068
1 0.0742188 0.909259 0.0401042 0.161111 0.570535
2 0.318229 0.121296 0.0520833 0.0703704 0.669516
11 0.728906 0.0430556 0.0276042 0.0564815 0.780668
0 0.0765625 0.815741 0.0552083 0.255556 0.826978
2 0.729688 0.419907 0.122917 0.171296 0.899189
2 0.663021 0.733796 0.166667 0.237963 0.918646
