12 0.976823 0.498148 0.0453125 0.133333 0.00101187
1 0.195833 0.344444 0.0291667 0.0203704 0.0010338
9 0.502083 0.759259 0.0125 0.0574074 0.00104834
0 0.272656 0.681944 0.0182292 0.0675926 0.00108537
0 0.307292 0.673611 0.059375 0.075 0.00112659
2 0.265625 0.102778 0.0114583 0.0518519 0.00112785
0 0.528125 0.209259 0.357292 0.283333 0.00116005
9 0.579427 0.0324074 0.0151042 0.0592593 0.00116124
5 0.236719 0.0680556 0.0182292 0.0472222 0.00120688
0 0.730208 0.372685 0.028125 0.0305556 0.00122748
2 0.21849 0.131481 0.0598958 0.062963 0.00127131
13 0.970312 0.576852 0.0583333 0.0888889 0.00139413
2 0.778906 0.102315 0.0296875 0.0416667 0.0014011
3 0.0132813 0.442593 0.0265625 0.207407 0.00153324
0 0.314323 0.597685 0.594271 0.55463 0.00156385
0 0.36224 0.0694444 0.00885417 0.0240741 0.00167016
12 0.701823 0.164815 0.0192708 0.0388889 0.00182674
7 0.220313 0.0925926 0.0552083 0.124074 0.00189679
0 0.157552 0.335185 0.0223958 0.0555556 0.00190081
2 0.534115 0.112037 0.319271 0.0796296 0.00192989
0 0.816927 0.234259 0.00885417 0.0388889 0.00209415
2 0.670573 0.416667 0.272396 0.196296 0.00216189
0 0.407813 0.240741 0.507292 0.385185 0.00222157
0 0.889063 0.253241 0.015625 0.0398148 0.00229533
3 0.0278646 0.391667 0.0557292 0.107407 0.00229838
9 0.263542 0.0875 0.00833333 0.037963 0.00252927
2 0.460417 0.10787 0.0885417 0.062037 0.0025606
13 0.961979 0.556019 0.0395833 0.0453704 0.00256368
7 0.275781 0.0578704 0.0390625 0.112037 0.00257285
32 0.453906 0.314352 0.00885417 0.0157407 0.00263105
2 0.376563 0.107407 0.177083 0.0796296 0.00279679
0 0.313281 0.434259 0.560938 0.233333 0.00300481
11 0.23724 0.0685185 0.0171875 0.0444444 0.00305857
7 0.438281 0.0796296 0.0546875 0.062963 0.00309499
58 0.920573 0.181481 0.157813 0.359259 0.0033835
3 0.117708 0.400926 0.120833 0.112963 0.00342244
58 0.96849 0.494907 0.0307292 0.0861111 0.00360008
0 0.329167 0.670833 0.0479167 0.0694444 0.00366186
1 0.183594 0.349074 0.0276042 0.0277778 0.00385868
26 0.559375 0.293056 0.025 0.0564815 0.00414804
0 0.716406 0.372685 0.0234375 0.0268519 0.00437159
7 0.970573 0.526389 0.0578125 0.199074 0.00449793
9 0.291927 0.0550926 0.00989583 0.0453704 0.00455883
0 0.435937 0.656482 0.01875 0.0481481 0.00466886
13 0.992708 0.517593 0.0135417 0.174074 0.00467798
9 0.213542 0.0601852 0.0322917 0.0555556 0.00470432
24 0.560156 0.273148 0.0296875 0.0740741 0.00476282
0 0.709375 0.375 0.01875 0.0259259 0.00496399
2 0.592188 0.125463 0.0177083 0.025 0.00500889
0 0.26875 0.099537 0.0125 0.0564815 0.00508582
9 0.291146 0.0699074 0.0114583 0.0194444 0.00517756
0 0.355469 0.673148 0.0432292 0.0666667 0.00526046
2 0.363802 0.0666667 0.0109375 0.0185185 0.00572107
9 0.573698 0.0310185 0.0161458 0.0601852 0.00588124
2 0.450521 0.102315 0.0458333 0.0546296 0.00592059
0 0.757292 0.0722222 0.0104167 0.0425926 0.00592264
9 0.992188 0.49537 0.0145833 0.131481 0.00681009
0 0.286979 0.115278 0.0166667 0.0675926 0.00689917
0 0.290365 0.67963 0.0338542 0.062963 0.00707962
13 0.971615 0.522685 0.0557292 0.186111 0.00711582
2 0.785677 0.0888889 0.0171875 0.0259259 0.00787359
1 0.0109375 0.360185 0.021875 0.0703704 0.00898606
5 0.220573 0.0652778 0.0505208 0.0583333 0.00918331
7 0.218229 0.0643518 0.0479167 0.062037 0.00987833
2 0.2875 0.116667 0.015625 0.062963 0.0101826
2 0.238281 0.141204 0.0182292 0.0416667 0.0106394
24 0.144792 0.350926 0.0177083 0.05 0.0115652
0 0.75651 0.0898148 0.0130208 0.0777778 0.0133618
2 0.60625 0.0597222 0.0104167 0.0268519 0.016854
2 0.271354 0.110185 0.015625 0.0388889 0.0192385
2 0.297396 0.106019 0.0354167 0.075 0.0221382
9 0.26875 0.0356481 0.021875 0.0675926 0.0292798
7 0.3 0.105556 0.0375 0.0759259 0.0353839
9 0.567187 0.0481481 0.00833333 0.0240741 0.0405147
0 0.635417 0.149074 0.009375 0.0537037 0.0516417
3 0.153906 0.390278 0.0338542 0.0990741 0.0537122
3 0.00494792 0.408333 0.00989583 0.0851852 0.0626113
0 0.383333 0.682407 0.04375 0.0537037 0.0937793
2 0.46224 0.110185 0.0140625 0.0425926 0.138251
3 0.0101562 0.398611 0.0203125 0.102778 0.148164
1 0.0109375 0.394444 0.021875 0.109259 0.153186
2 0.50625 0.103241 0.0416667 0.0638889 0.187884
7 0.444271 0.0643518 0.046875 0.0398148 0.192226
2 0.469792 0.109722 0.0270833 0.0435185 0.206658
3 0.151042 0.418981 0.0302083 0.0824074 0.239683
2 0.480469 0.109259 0.0223958 0.0444444 0.241165
1 0.152083 0.407407 0.0333333 0.103704 0.241933
2 0.44375 0.0648148 0.046875 0.037037 0.273954
2 0.321615 0.0861111 0.0380208 0.0351852 0.279238
0 0.442448 0.0865741 0.0119792 0.0416667 0.286525
2 0.627083 0.122685 0.025 0.0527778 0.400311
1 0.557031 0.357407 0.0255208 0.0851852 0.447337
7 0.50625 0.103704 0.0427083 0.0648148 0.454577
0 0.15651 0.376852 0.0390625 0.125926 0.643937
2 0.423438 0.105556 0.0364583 0.0518519 0.661088
2 0.318229 0.121759 0.0510417 0.0694444 0.701113
10 0.204167 0.315278 0.015625 0.0694444 0.726504
7 0.340885 0.771296 0.230729 0.374074 0.752582
11 0.728646 0.0421296 0.0270833 0.0527778 0.752723
0 0.559375 0.305093 0.0364583 0.150926 0.793832
2 0.729688 0.42037 0.122917 0.17037 0.912751
