9 0.578125 0.0314815 0.0145833 0.0555556 0.00101271
9 0.291927 0.0541667 0.00885417 0.0398148 0.00106163
2 0.404687 0.111574 0.2375 0.0953704 0.00107086
0 0.18099 0.285185 0.0203125 0.0314815 0.00107839
0 0.442187 0.0805556 0.0166667 0.0333333 0.00117856
9 0.502083 0.758796 0.0125 0.0546296 0.00126936
0 0.438021 0.100463 0.015625 0.0453704 0.00131334
2 0.655469 0.135648 0.0807292 0.0824074 0.00134827
0 0.143229 0.279167 0.0177083 0.0398148 0.00144168
0 0.154427 0.111111 0.0119792 0.0222222 0.00146366
12 0.701302 0.164815 0.0192708 0.0388889 0.00146543
2 0.551823 0.114815 0.196354 0.0833333 0.0014778
2 0.440885 0.111111 0.0130208 0.0685185 0.00157937
58 0.967188 0.507407 0.0427083 0.12037 0.0016099
0 0.11875 0.272222 0.0458333 0.0611111 0.00162557
9 0.275521 0.0421296 0.0385417 0.0805556 0.00172811
2 0.778906 0.10463 0.0296875 0.0518519 0.00183864
7 0.989323 0.51713 0.0203125 0.186111 0.0019883
0 0.716406 0.372685 0.0234375 0.0268519 0.00206123
0 0.190625 0.281481 0.0260417 0.0388889 0.0020818
12 0.701563 0.141667 0.021875 0.0851852 0.00218214
9 0.263021 0.0925926 0.00729167 0.0462963 0.00223561
9 0.571354 0.0314815 0.0135417 0.0574074 0.00223704
12 0.692448 0.163426 0.0078125 0.0398148 0.00228961
7 0.788021 0.0643518 0.0239583 0.0601852 0.00249777
11 0.236979 0.0685185 0.0166667 0.0444444 0.0025218
7 0.970052 0.526852 0.0588542 0.207407 0.00271003
2 0.290625 0.0726852 0.015625 0.0157407 0.00278131
9 0.217969 0.103704 0.0078125 0.0388889 0.00294683
0 0.129427 0.278241 0.0223958 0.0453704 0.00303041
9 0.99401 0.51713 0.0109375 0.175 0.00358463
2 0.00416667 0.465741 0.00833333 0.214815 0.00367284
0 0.266927 0.099537 0.0109375 0.0583333 0.00398636
0 0.263281 0.102778 0.00885417 0.0537037 0.00409514
2 0.48724 0.105556 0.0109375 0.0592593 0.00413594
5 0.220573 0.0638889 0.0494792 0.0555556 0.00420653
7 0.276042 0.0708333 0.0385417 0.136111 0.00423131
13 0.970573 0.523611 0.0578125 0.182407 0.00424119
9 0.270052 0.0486111 0.0192708 0.0416667 0.00444908
13 0.992708 0.518056 0.0135417 0.175 0.00463529
12 0.991927 0.503704 0.0151042 0.15 0.00482724
2 0.238542 0.140278 0.01875 0.0435185 0.00594393
58 0.967188 0.495833 0.0260417 0.0805556 0.00655188
9 0.26901 0.0203704 0.0213542 0.037037 0.00712812
1 0.0132813 0.39537 0.0265625 0.112963 0.00713513
11 0.60599 0.0587963 0.00989583 0.0268519 0.0071977
7 0.219792 0.0666667 0.0510417 0.0666667 0.00736966
9 0.213021 0.0643518 0.0333333 0.0509259 0.00740319
2 0.270833 0.109259 0.0135417 0.0407407 0.00756124
2 0.00807292 0.400926 0.0161458 0.101852 0.00905704
0 0.244271 0.289815 0.0114583 0.0185185 0.010555
2 0.461458 0.0847222 0.0427083 0.0305556 0.0125224
2 0.785156 0.0893519 0.0140625 0.0231481 0.0132536
2 0.635156 0.14537 0.0109375 0.0555556 0.0185906
9 0.21901 0.0893519 0.00677083 0.0138889 0.0218877
7 0.507031 0.10463 0.0401042 0.062963 0.02339
9 0.567187 0.0476852 0.00833333 0.0231481 0.0257647
0 0.755729 0.0893519 0.0145833 0.0787037 0.0318225
1 0.00416667 0.399537 0.00833333 0.10463 0.0399142
7 0.296615 0.106019 0.0328125 0.0787037 0.0475442
2 0.298177 0.105556 0.0338542 0.0777778 0.0680296
2 0.438542 0.0851852 0.0114583 0.0240741 0.0871514
2 0.00390625 0.408333 0.0078125 0.0851852 0.174963
2 0.321615 0.0847222 0.0380208 0.0342593 0.313717
2 0.507031 0.104167 0.0401042 0.062037 0.461765
7 0.160417 0.3375 0.259375 0.206481 0.487154
2 0.627344 0.122222 0.0255208 0.0537037 0.532635
2 0.160156 0.3375 0.258854 0.206481 0.576526
7 0.463281 0.1125 0.0546875 0.087963 0.678692
2 0.31875 0.121296 0.05 0.0703704 0.745763
11 0.728906 0.0425926 0.0265625 0.0537037 0.800511
2 0.729688 0.419907 0.122917 0.171296 0.900899
