9 0.415885 0.0106481 0.0151042 0.0212963 0.00105854
9 0.547396 0.0597222 0.0104167 0.0268519 0.00107126
2 0.8 0.0726852 0.0395833 0.0398148 0.00108564
2 0.775 0.118056 0.01875 0.0361111 0.00108736
9 0.593229 0.0425926 0.0114583 0.0388889 0.00108762
13 0.973437 0.527315 0.0520833 0.187963 0.00110289
9 0.253646 0.0847222 0.0135417 0.0398148 0.00111563
7 0.970052 0.531018 0.0588542 0.20463 0.00111755
0 0.444792 0.102778 0.0208333 0.0481481 0.00119496
10 0.774479 0.123611 0.0177083 0.0453704 0.00123835
2 0.745833 0.174074 0.0270833 0.037037 0.001244
2 0.647396 0.148148 0.0364583 0.0592593 0.00134628
2 0.46276 0.112963 0.0151042 0.0425926 0.0013587
9 0.563281 0.0314815 0.0223958 0.0592593 0.00140715
58 0.915885 0.251389 0.168229 0.497222 0.00140742
9 0.260938 0.0425926 0.0135417 0.0518519 0.00156724
5 0.205729 0.0671296 0.0333333 0.0472222 0.00161343
2 0.0557292 0.0685185 0.0520833 0.0277778 0.00164015
9 0.26276 0.0884259 0.00885417 0.0398148 0.00174541
2 0.783333 0.103241 0.0364583 0.0490741 0.00184269
2 0.55599 0.110185 0.325521 0.0740741 0.00186402
9 0.5 0.602315 0.0145833 0.0398148 0.00187843
11 0.241406 0.0365741 0.0234375 0.0694444 0.0019129
2 0.426042 0.106019 0.289583 0.0935185 0.00198431
2 0.297396 0.1 0.0864583 0.0925926 0.0019916
12 0.98151 0.503241 0.0359375 0.136111 0.00207673
9 0.483333 0.0430556 0.00729167 0.0268519 0.00219342
2 0.442969 0.0875 0.0140625 0.0268519 0.00221308
9 0.268229 0.0555556 0.015625 0.0351852 0.00239444
9 0.3625 0.0694444 0.009375 0.0240741 0.00252587
11 0.223438 0.0671296 0.046875 0.0546296 0.00270936
9 0.25625 0.075 0.009375 0.0425926 0.00277088
2 0.266927 0.099537 0.0119792 0.0583333 0.00278259
2 0.433333 0.109259 0.170833 0.0703704 0.00296964
2 0.654948 0.140278 0.0807292 0.087963 0.00301554
0 0.757812 0.0740741 0.0104167 0.0444444 0.00323738
0 0.263021 0.106944 0.009375 0.0453704 0.0034362
2 0.641146 0.124074 0.0520833 0.0574074 0.00349094
0 0.735417 0.37037 0.0333333 0.0314815 0.00395913
32 0.454427 0.315278 0.00677083 0.0138889 0.0039949
9 0.994271 0.518519 0.0104167 0.168519 0.00445552
12 0.994531 0.508796 0.00989583 0.149074 0.00447822
11 0.60651 0.0615741 0.00989583 0.0231481 0.00458148
0 0.75651 0.375463 0.0192708 0.0287037 0.00466604
9 0.21875 0.0513889 0.021875 0.0435185 0.00520988
11 0.236458 0.0689815 0.01875 0.0453704 0.00572102
2 0.634896 0.147222 0.0114583 0.0518519 0.00580314
9 0.207813 0.0675926 0.0208333 0.0407407 0.00649621
2 0.363802 0.0680556 0.0119792 0.0212963 0.00670688
0 0.757031 0.0916667 0.0130208 0.0777778 0.00717221
9 0.26849 0.0351852 0.0203125 0.062963 0.00766549
12 0.702865 0.139352 0.0234375 0.0861111 0.00847961
2 0.592188 0.12963 0.01875 0.0203704 0.00871563
0 0.635417 0.148148 0.0104167 0.05 0.0115119
0 0.7125 0.371759 0.0197917 0.0268519 0.0119738
9 0.44375 0.0875 0.0125 0.025 0.0129883
2 0.272135 0.110648 0.0140625 0.0398148 0.0141651
9 0.567708 0.0481481 0.009375 0.0240741 0.019509
7 0.219531 0.0685185 0.0536458 0.0592593 0.0209968
2 0.81224 0.075 0.0203125 0.0185185 0.0221254
2 0.790625 0.0875 0.0177083 0.0175926 0.0249105
5 0.219792 0.0675926 0.0520833 0.0555556 0.029194
2 0.298438 0.0615741 0.0166667 0.0342593 0.0530988
7 0.29401 0.110648 0.0265625 0.0787037 0.054449
7 0.322135 0.062963 0.0473958 0.05 0.0673465
9 0.503125 0.761111 0.0114583 0.0537037 0.0841817
2 0.322135 0.0939815 0.0401042 0.0287037 0.125822
2 0.29401 0.1125 0.0276042 0.0768519 0.164992
2 0.323438 0.0597222 0.0458333 0.0435185 0.25106
2 0.628125 0.121759 0.0239583 0.0527778 0.399195
2 0.47474 0.109722 0.0348958 0.0453704 0.451067
2 0.50651 0.10463 0.0432292 0.062963 0.57765
11 0.729948 0.0435185 0.0265625 0.0555556 0.751912
2 0.319271 0.121296 0.0489583 0.0703704 0.789498
10 0.204167 0.316204 0.0166667 0.0712963 0.804417
2 0.729948 0.418981 0.122396 0.171296 0.912183
