9 0.50026 0.602778 0.0140625 0.0425926 0.00100041
9 0.56224 0.0509259 0.0192708 0.0240741 0.00100103
9 0.360156 0.0666667 0.00885417 0.0185185 0.00100229
7 0.0934896 0.105556 0.177604 0.107407 0.00100916
0 0.717448 0.370833 0.0234375 0.0287037 0.00104137
1 0.26849 0.298611 0.0567708 0.0972222 0.00106855
11 0.702344 0.12037 0.0213542 0.0462963 0.00107543
9 0.107552 0.0259259 0.0130208 0.037037 0.00109033
7 0.293229 0.104167 0.0895833 0.0972222 0.00111528
10 0.226042 0.305556 0.0270833 0.0851852 0.00111784
9 0.265365 0.0324074 0.0213542 0.062963 0.00112155
2 0.975781 0.496759 0.0432292 0.125 0.00112386
9 0.260938 0.05 0.0135417 0.0407407 0.00112789
2 0.991406 0.523611 0.0161458 0.178704 0.00113519
2 0.817187 0.231944 0.009375 0.0453704 0.00121679
12 0.701823 0.164815 0.0192708 0.0388889 0.00122011
2 0.561719 0.419907 0.617188 0.184259 0.00124338
0 0.754948 0.0925926 0.0151042 0.0796296 0.00128322
12 0.702083 0.139815 0.0229167 0.0851852 0.00128624
9 0.548177 0.0513889 0.0109375 0.0231481 0.00128886
9 0.990885 0.518519 0.0171875 0.17037 0.00137714
2 0.53099 0.112963 0.0130208 0.0425926 0.00139175
0 0.361979 0.0694444 0.00833333 0.0240741 0.00144823
0 0.469271 0.238426 0.55625 0.330556 0.00150443
7 0.236719 0.0699074 0.0171875 0.0472222 0.00151682
0 0.463281 0.430093 0.570312 0.60463 0.00152471
0 0.171094 0.108796 0.00885417 0.037963 0.00156405
12 0.975781 0.498611 0.0432292 0.128704 0.0015816
1 0.258073 0.300926 0.0255208 0.0777778 0.00158944
9 0.582031 0.0347222 0.0140625 0.0583333 0.00166762
1 0.0125 0.366667 0.025 0.0685185 0.00170228
2 0.660417 0.149074 0.0625 0.062963 0.00174462
7 0.278125 0.074537 0.0364583 0.143519 0.00174918
58 0.96849 0.493981 0.0307292 0.0898148 0.00178558
2 0.434375 0.109259 0.186458 0.0685185 0.00182394
2 0.363802 0.0671296 0.0119792 0.0194444 0.00183638
9 0.291406 0.0537037 0.00885417 0.0388889 0.00188231
2 0.539323 0.110185 0.325521 0.0777778 0.0018865
7 0.788542 0.0643518 0.025 0.062037 0.00189674
2 0.442708 0.0861111 0.0135417 0.0259259 0.00195535
9 0.458333 0.0657407 0.00729167 0.0277778 0.00203972
9 0.576823 0.0324074 0.0151042 0.062963 0.00205533
1 0.0442708 0.161111 0.0885417 0.0981481 0.00210745
9 0.566146 0.0564815 0.0114583 0.0407407 0.00211632
13 0.961719 0.552778 0.0390625 0.0388889 0.00213464
2 0.813802 0.0763889 0.0182292 0.0194444 0.00214624
9 0.442187 0.230093 0.009375 0.025 0.00217428
9 0.485156 0.0236111 0.00989583 0.0305556 0.00222307
11 0.60599 0.0597222 0.00989583 0.025 0.00243865
10 0.220833 0.31713 0.0145833 0.0694444 0.00245297
2 0.238281 0.141204 0.0182292 0.037963 0.00266143
1 0.227604 0.303704 0.0260417 0.0796296 0.00310178
13 0.970052 0.564815 0.0567708 0.0740741 0.00315813
0 0.995573 0.331019 0.0078125 0.0509259 0.0031813
9 0.558854 0.024537 0.021875 0.0472222 0.00341312
9 0.276302 0.0412037 0.0359375 0.0805556 0.00347203
7 0.970312 0.524537 0.0583333 0.19537 0.00393416
0 0.153906 0.112037 0.0119792 0.0296296 0.00393453
9 0.26276 0.0898148 0.0078125 0.0407407 0.00402012
7 0.993229 0.518981 0.0125 0.171296 0.00405392
1 0.00520833 0.364352 0.0104167 0.0731481 0.00414482
9 0.502344 0.759259 0.0140625 0.0574074 0.00437691
9 0.439844 0.197685 0.0130208 0.0324074 0.00472053
13 0.975 0.521296 0.0489583 0.17963 0.00477992
9 0.217448 0.0555556 0.0244792 0.05 0.00561577
7 0.147396 0.0907407 0.0677083 0.0796296 0.00592106
2 0.447396 0.116667 0.0270833 0.0222222 0.00617792
9 0.26901 0.050463 0.0203125 0.037963 0.00701377
0 0.266146 0.0990741 0.0104167 0.0555556 0.00740223
0 0.757031 0.0712963 0.0109375 0.0425926 0.00744661
12 0.995052 0.497685 0.00885417 0.139815 0.0089879
2 0.270833 0.108796 0.0135417 0.0398148 0.00918154
9 0.442187 0.0865741 0.0125 0.025 0.00998305
9 0.568229 0.0310185 0.0135417 0.0583333 0.0108261
2 0.592188 0.125 0.0177083 0.0259259 0.0114578
9 0.207813 0.0685185 0.021875 0.0462963 0.0116229
2 0.0046875 0.557407 0.009375 0.0425926 0.013234
9 0.269531 0.0217593 0.0203125 0.0398148 0.0182254
0 0.634896 0.148148 0.009375 0.0518519 0.0195791
2 0.470313 0.108333 0.03125 0.0462963 0.0198404
2 0.789844 0.0875 0.0213542 0.025 0.0218171
7 0.220052 0.0666667 0.0505208 0.0666667 0.0236584
2 0.49375 0.106944 0.0229167 0.0509259 0.0360817
2 0.634635 0.144444 0.0109375 0.0518519 0.0363211
9 0.567187 0.0481481 0.00833333 0.0240741 0.0617736
2 0.294271 0.106944 0.0302083 0.0824074 0.0765573
7 0.295573 0.106019 0.0338542 0.0824074 0.138114
2 0.464063 0.1125 0.015625 0.037963 0.1614
2 0.480208 0.109259 0.0197917 0.0444444 0.292146
2 0.322396 0.0861111 0.0375 0.0351852 0.302991
2 0.627344 0.121759 0.0255208 0.0509259 0.406284
1 0.251563 0.318056 0.0208333 0.0805556 0.544221
2 0.505208 0.103241 0.0427083 0.0638889 0.585634
10 0.204167 0.315741 0.0166667 0.0722222 0.636728
2 0.31875 0.121759 0.0510417 0.0712963 0.673141
0 0.252604 0.279167 0.025 0.117593 0.747137
11 0.729167 0.0435185 0.0270833 0.0555556 0.813703
2 0.729427 0.418519 0.122396 0.172222 0.904137
