9 0.565885 0.0578704 0.0119792 0.0416667 0.00102411
2 0.589323 0.422685 0.609896 0.178704 0.00104914
9 0.261198 0.0532407 0.0130208 0.037963 0.00108949
0 0.817448 0.236111 0.0078125 0.0333333 0.001105
0 0.567969 0.906482 0.0203125 0.103704 0.00115219
13 0.961979 0.555556 0.0395833 0.0425926 0.00124729
1 0.0221354 0.151389 0.0442708 0.075 0.0012919
9 0.429688 0.0430556 0.00833333 0.0157407 0.00129614
2 0.280208 0.0722222 0.0270833 0.0462963 0.00131819
2 0.805729 0.0726852 0.0166667 0.0194444 0.0013301
9 0.995313 0.531018 0.00833333 0.0472222 0.00133467
9 0.589063 0.0425926 0.0145833 0.037037 0.0013618
2 0.244792 0.105556 0.009375 0.0333333 0.00140101
58 0.919792 0.18287 0.160417 0.363889 0.00145316
2 0.99375 0.521296 0.0114583 0.161111 0.00146918
7 0.274479 0.0393519 0.034375 0.0768519 0.00149574
9 0.5625 0.05 0.0177083 0.0240741 0.00152342
12 0.69375 0.163889 0.00729167 0.0388889 0.00159265
7 0.970312 0.524074 0.0583333 0.192593 0.00168812
2 0.815625 0.0861111 0.0135417 0.0296296 0.00170563
2 0.816667 0.0703704 0.0125 0.0148148 0.00172352
12 0.702344 0.165278 0.0213542 0.037963 0.00173609
9 0.579948 0.0328704 0.0140625 0.0527778 0.00175144
7 0.98776 0.521759 0.0234375 0.189815 0.00179567
2 0.290885 0.1 0.0880208 0.0944444 0.00184288
2 0.416146 0.0282407 0.0166667 0.0175926 0.0019042
9 0.569271 0.0314815 0.0125 0.0574074 0.00193363
9 0.115365 0.024537 0.0161458 0.0435185 0.00203336
2 0.442969 0.087963 0.0151042 0.0277778 0.00205597
9 0.584115 0.0412037 0.0130208 0.0435185 0.00207718
32 0.460156 0.358333 0.0109375 0.0148148 0.00213098
2 0.419531 0.109259 0.175521 0.0611111 0.0023725
9 0.415365 0.0106481 0.0151042 0.0212963 0.00240012
0 0.26276 0.105556 0.00885417 0.05 0.0024934
9 0.26849 0.0384259 0.0203125 0.0601852 0.00261255
1 0.00963542 0.158333 0.0192708 0.0444444 0.00267802
14 0.482292 0.491204 0.0135417 0.0287037 0.00271127
9 0.266667 0.1 0.0104167 0.0555556 0.00277809
7 0.303385 0.0782407 0.0526042 0.115741 0.00288114
2 0.773958 0.113426 0.0177083 0.0324074 0.00292103
1 0.0046875 0.465741 0.009375 0.212963 0.00292707
9 0.23776 0.0680556 0.0161458 0.0416667 0.00297956
2 0.561719 0.110648 0.203646 0.062037 0.00309326
9 0.258594 0.0708333 0.0109375 0.0472222 0.00324521
2 0.445052 0.110185 0.0213542 0.0351852 0.00337797
2 0.59349 0.125 0.0161458 0.0259259 0.00351429
2 0.363021 0.0666667 0.0125 0.0259259 0.00363895
9 0.2625 0.0875 0.00729167 0.0324074 0.00368321
0 0.715885 0.372685 0.0244792 0.0268519 0.00378181
9 0.108594 0.0296296 0.0119792 0.0388889 0.00420867
9 0.993229 0.49537 0.0125 0.124074 0.00438941
2 0.359115 0.109722 0.0786458 0.0638889 0.00455073
1 0.0130208 0.366667 0.0260417 0.0481481 0.00491435
2 0.282292 0.0939815 0.009375 0.0324074 0.0052557
2 0.797135 0.0856481 0.0296875 0.025 0.00539841
2 0.780208 0.101852 0.0302083 0.0425926 0.00542655
2 0.339063 0.0875 0.0125 0.0287037 0.00543868
9 0.269531 0.0203704 0.0203125 0.0351852 0.00623604
12 0.99375 0.496759 0.0114583 0.128704 0.00638796
0 0.995833 0.326852 0.00729167 0.0574074 0.00764466
9 0.252865 0.087963 0.0119792 0.0333333 0.00776867
9 0.36224 0.0666667 0.0109375 0.0296296 0.00785626
9 0.26849 0.0555556 0.0161458 0.0333333 0.00792547
1 0.0231771 0.180093 0.0463542 0.0805556 0.00828807
58 0.442969 0.0875 0.0140625 0.0268519 0.00877318
2 0.270573 0.110185 0.0119792 0.0388889 0.00985076
2 0.238802 0.140278 0.0192708 0.0435185 0.010183
9 0.50026 0.60463 0.0151042 0.0425926 0.0110648
2 0.60625 0.0606481 0.009375 0.025 0.0118655
2 0.813802 0.0759259 0.0171875 0.0166667 0.0128614
2 0.269792 0.0523148 0.01875 0.0342593 0.0151736
9 0.211458 0.0652778 0.0302083 0.0509259 0.017038
2 0.330729 0.0842593 0.025 0.0277778 0.0177195
9 0.502083 0.760648 0.0125 0.0527778 0.0182346
9 0.176563 0.510185 0.0375 0.0407407 0.0208571
5 0.215625 0.062963 0.0395833 0.0574074 0.0223711
7 0.298177 0.106481 0.0328125 0.0777778 0.0245118
7 0.220313 0.0638889 0.05 0.062963 0.0264977
2 0.634896 0.146296 0.0114583 0.0518519 0.0278005
0 0.635156 0.148148 0.00989583 0.05 0.0289474
1 0.0132813 0.394907 0.0265625 0.119444 0.0310145
2 0.294531 0.062963 0.00989583 0.0333333 0.0321237
9 0.567187 0.0486111 0.00833333 0.0231481 0.0392662
1 0.00442708 0.409722 0.00885417 0.0916667 0.0491625
0 0.757292 0.0935185 0.015625 0.0777778 0.0564545
2 0.319531 0.0925926 0.0453125 0.0333333 0.0636516
2 0.786719 0.0907407 0.0161458 0.0222222 0.0666478
2 0.29401 0.108796 0.0286458 0.0731481 0.0673646
7 0.31276 0.062037 0.0369792 0.05 0.0708242
2 0.46224 0.111574 0.0140625 0.0416667 0.164935
2 0.313802 0.0560185 0.0338542 0.0398148 0.301751
7 0.507031 0.105093 0.0411458 0.062037 0.337652
2 0.474479 0.109722 0.0354167 0.0453704 0.377587
2 0.507031 0.104167 0.0411458 0.0638889 0.465722
2 0.627604 0.123148 0.0260417 0.0518519 0.475949
2 0.31901 0.119907 0.0505208 0.0731481 0.680535
10 0.203906 0.316204 0.0161458 0.0712963 0.769199
11 0.728906 0.0425926 0.0265625 0.0555556 0.778482
2 0.386719 0.112037 0.0348958 0.0425926 0.800732
2 0.729948 0.419444 0.122396 0.172222 0.920733
