0 0.18776 0.113426 0.0078125 0.0398148 0.00103008
7 0.236458 0.0731481 0.0197917 0.0537037 0.00103376
2 0.780208 0.16713 0.059375 0.0638889 0.00104496
2 0.445312 0.0708333 0.0197917 0.0435185 0.00104606
58 0.967708 0.510648 0.0520833 0.128704 0.00114443
2 0.817448 0.233796 0.00885417 0.037963 0.00114444
2 0.21849 0.133796 0.0578125 0.0583333 0.00114939
0 0.392708 0.164352 0.0260417 0.0324074 0.00115413
9 0.995313 0.526389 0.00833333 0.0416667 0.00118115
9 0.484375 0.0199074 0.0114583 0.0324074 0.00119604
2 0.655208 0.138426 0.084375 0.0842593 0.00119662
2 0.243229 0.107407 0.0125 0.0351852 0.00121303
2 0.78776 0.103241 0.0463542 0.0583333 0.00124999
9 0.29401 0.0541667 0.00989583 0.0342593 0.00125257
7 0.970052 0.529167 0.0588542 0.206481 0.00128695
12 0.699479 0.163426 0.021875 0.0416667 0.00130463
2 0.530208 0.102778 0.0145833 0.0574074 0.00141727
9 0.559635 0.0310185 0.0244792 0.0601852 0.00148659
13 0.994271 0.52037 0.0104167 0.17037 0.00154134
12 0.976562 0.495833 0.0458333 0.126852 0.00154214
2 0.975521 0.496759 0.0479167 0.126852 0.00154702
9 0.552344 0.0490741 0.0151042 0.0277778 0.00173797
2 0.796354 0.0856481 0.0489583 0.0361111 0.00176491
2 0.254948 0.0861111 0.0203125 0.037037 0.00177209
9 0.416406 0.0185185 0.0182292 0.037037 0.00181115
2 0.369531 0.108333 0.174479 0.0944444 0.00183653
2 0.651042 0.152315 0.0427083 0.0638889 0.00184334
2 0.289062 0.0824074 0.0229167 0.0388889 0.001881
9 0.276563 0.0476852 0.0333333 0.0490741 0.00191061
9 0.589063 0.0402778 0.0135417 0.0453704 0.00191948
2 0.605469 0.0601852 0.0109375 0.0259259 0.00197152
13 0.970052 0.567593 0.0578125 0.0777778 0.00201044
0 0.445312 0.100463 0.0239583 0.0490741 0.00205754
2 0.236719 0.0680556 0.0171875 0.0435185 0.00207381
7 0.269792 0.0319444 0.0239583 0.0583333 0.00215499
2 0.455469 0.0648148 0.00989583 0.0314815 0.00219364
2 0.775781 0.115278 0.0223958 0.0324074 0.0022158
7 0.416927 0.0189815 0.0192708 0.037963 0.00230677
13 0.96224 0.554167 0.0411458 0.0416667 0.00234148
13 0.00416667 0.401389 0.00833333 0.100926 0.00246099
7 0.298698 0.103241 0.0828125 0.0972222 0.00259693
2 0.517448 0.112963 0.419271 0.0796296 0.0026268
58 0.96875 0.496296 0.03125 0.0888889 0.00282675
2 0.533854 0.0819444 0.0125 0.0231481 0.00287556
2 0.814583 0.075 0.01875 0.0185185 0.00301056
0 0.26276 0.102315 0.00989583 0.0546296 0.00303444
0 0.3625 0.0717593 0.0104167 0.0305556 0.00307958
32 0.454167 0.313889 0.00833333 0.012963 0.00312119
2 0.815365 0.0685185 0.0161458 0.012963 0.00323614
2 0.507552 0.0814815 0.0411458 0.0425926 0.00329054
9 0.548437 0.0513889 0.0114583 0.025 0.00379215
13 0.972135 0.519907 0.0546875 0.175 0.00386232
9 0.50026 0.603241 0.0151042 0.037963 0.00401765
9 0.994531 0.489815 0.00989583 0.124074 0.00401937
0 0.995573 0.326852 0.0078125 0.0574074 0.00412177
12 0.99375 0.491667 0.0114583 0.122222 0.0042128
7 0.276563 0.0694444 0.0385417 0.131481 0.00461739
2 0.441927 0.0800926 0.0140625 0.0268519 0.00544462
2 0.395052 0.0814815 0.0369792 0.0240741 0.00617099
12 0.691927 0.165278 0.0109375 0.0398148 0.00646097
2 0.270312 0.0481481 0.01875 0.037037 0.00739036
9 0.502344 0.759259 0.0119792 0.0537037 0.00764886
9 0.26875 0.0236111 0.021875 0.0435185 0.00817266
9 0.583594 0.0356481 0.0151042 0.0583333 0.00835485
0 0.635156 0.147222 0.00989583 0.0555556 0.0102532
9 0.56849 0.0314815 0.0119792 0.0592593 0.011084
2 0.523958 0.0796296 0.021875 0.0351852 0.0111258
0 0.757812 0.122222 0.0135417 0.0296296 0.0121706
2 0.786719 0.087963 0.0171875 0.0259259 0.0137382
2 0.271615 0.108796 0.0140625 0.0398148 0.0147608
2 0.634375 0.141667 0.0125 0.05 0.0157098
0 0.757552 0.0740741 0.0119792 0.0425926 0.015933
2 0.238021 0.140278 0.0177083 0.0435185 0.0174335
2 0.363542 0.0671296 0.0135417 0.025 0.0194453
2 0.592188 0.126852 0.0177083 0.0222222 0.0200581
10 0.442187 0.087037 0.0125 0.0277778 0.0223828
2 0.46224 0.112037 0.0140625 0.0388889 0.0242218
5 0.220313 0.0662037 0.0510417 0.0601852 0.0309427
2 0.4875 0.107407 0.0145833 0.05 0.0313188
7 0.220052 0.0652778 0.0505208 0.062037 0.0584797
2 0.528385 0.0847222 0.0130208 0.025 0.0696737
7 0.404167 0.0592593 0.0552083 0.037037 0.0723348
9 0.567187 0.0481481 0.00833333 0.0240741 0.0948807
7 0.296354 0.106944 0.034375 0.0824074 0.0960088
2 0.297135 0.106944 0.0338542 0.0805556 0.131036
2 0.3875 0.0615741 0.0229167 0.0268519 0.197737
2 0.322135 0.0847222 0.0380208 0.0342593 0.234585
2 0.472917 0.108796 0.0333333 0.0453704 0.288038
2 0.411458 0.062037 0.0395833 0.0333333 0.365692
2 0.627083 0.121759 0.0260417 0.0509259 0.399987
2 0.505729 0.103241 0.0427083 0.0638889 0.58236
2 0.31875 0.12037 0.0510417 0.0722222 0.645726
10 0.203906 0.315278 0.0151042 0.0712963 0.681228
2 0.389844 0.106944 0.0453125 0.0638889 0.804684
11 0.729167 0.0435185 0.0270833 0.0574074 0.811354
2 0.382552 0.181944 0.0640625 0.0898148 0.89406
2 0.729688 0.418981 0.122917 0.173148 0.901896
2 0.745573 0.190741 0.127604 0.111111 0.907993
