2 0.623698 0.421296 0.507812 0.183333 0.00102123
1 0.0140625 0.367593 0.028125 0.0481481 0.00105639
9 0.107552 0.0268519 0.0119792 0.0314815 0.00111813
2 0.53125 0.1125 0.0135417 0.0416667 0.00112515
2 0.771354 0.113426 0.0135417 0.0305556 0.00116692
12 0.702083 0.131019 0.0229167 0.0694444 0.00120672
2 0.831771 0.240278 0.0375 0.0509259 0.00126092
9 0.290104 0.0268519 0.0114583 0.0333333 0.00126632
2 0.227083 0.106019 0.0322917 0.0398148 0.00132826
9 0.259115 0.074537 0.0130208 0.0527778 0.00132896
12 0.98776 0.52037 0.0234375 0.177778 0.00137787
13 0.970312 0.53287 0.0583333 0.165741 0.00138265
12 0.701563 0.163889 0.0229167 0.037037 0.00139873
9 0.260938 0.049537 0.0125 0.0435185 0.00144792
2 0.0195312 0.143519 0.0390625 0.0648148 0.00148988
2 0.288021 0.0773148 0.0197917 0.0305556 0.00151642
9 0.817448 0.235648 0.00885417 0.0398148 0.00151966
0 0.75651 0.0939815 0.0151042 0.0805556 0.00163727
9 0.415625 0.0106481 0.0166667 0.0212963 0.00164971
9 0.220833 0.0875 0.0125 0.0194444 0.00173923
9 0.547917 0.0583333 0.0104167 0.0240741 0.0017545
11 0.236979 0.0680556 0.0166667 0.0435185 0.00178047
9 0.253385 0.0875 0.0151042 0.0361111 0.00206681
0 0.728646 0.372685 0.028125 0.0287037 0.00214088
2 0.778906 0.110185 0.0286458 0.0537037 0.00226061
1 0.0148437 0.396296 0.0296875 0.109259 0.00228538
9 0.361979 0.0694444 0.00833333 0.0240741 0.0023282
13 0.986719 0.518981 0.0255208 0.180556 0.00237773
0 0.756771 0.374074 0.0197917 0.0296296 0.0024111
7 0.970312 0.52963 0.0583333 0.212963 0.00262849
0 0.995573 0.330093 0.0078125 0.0546296 0.00271322
9 0.275521 0.0393519 0.0364583 0.0768519 0.00271364
0 0.263021 0.104167 0.00833333 0.0490741 0.00290151
9 0.50026 0.602778 0.0151042 0.0388889 0.00303318
7 0.789323 0.0648148 0.0265625 0.062963 0.00314442
9 0.580469 0.0310185 0.0151042 0.0509259 0.00316885
2 0.552865 0.109259 0.230729 0.0703704 0.00318973
12 0.691927 0.166667 0.00989583 0.037037 0.00340824
9 0.585417 0.037963 0.0145833 0.0481481 0.00356079
9 0.267188 0.099537 0.0125 0.0564815 0.00361294
2 0.592708 0.124537 0.0177083 0.025 0.00374211
2 0.386719 0.107407 0.231771 0.0777778 0.00378347
7 0.989062 0.517593 0.0208333 0.185185 0.00384788
1 0.810156 0.333796 0.0192708 0.0824074 0.00385149
2 0.00390625 0.410648 0.0078125 0.0805556 0.0040443
9 0.293229 0.0546296 0.009375 0.0407407 0.00436479
9 0.263021 0.0898148 0.00729167 0.0388889 0.00465541
2 0.291927 0.0712963 0.0119792 0.0148148 0.00504596
2 0.60599 0.0601852 0.00989583 0.0240741 0.00547704
9 0.502083 0.759722 0.0135417 0.0546296 0.00627774
0 0.274479 0.830556 0.0427083 0.0555556 0.00629818
9 0.216667 0.0569444 0.0260417 0.0490741 0.00676535
1 0.00390625 0.40787 0.0078125 0.0842593 0.00689044
0 0.211198 0.836111 0.0598958 0.0611111 0.00721582
2 0.814844 0.075 0.0171875 0.0166667 0.00723927
0 0.244792 0.832407 0.046875 0.0592593 0.00724745
12 0.99401 0.506019 0.0109375 0.152778 0.00739338
9 0.269271 0.049537 0.0197917 0.0398148 0.00761377
9 0.572396 0.0310185 0.0135417 0.0601852 0.00780567
2 0.238542 0.14213 0.01875 0.0398148 0.00840968
2 0.270833 0.110185 0.0145833 0.0388889 0.00916889
0 0.757812 0.075 0.0114583 0.0462963 0.00932798
9 0.207813 0.0671296 0.0208333 0.0453704 0.00963145
0 0.635156 0.146296 0.00989583 0.0518519 0.0101383
2 0.456771 0.0939815 0.04375 0.0509259 0.0103889
7 0.219792 0.0699074 0.053125 0.075 0.010458
0 0.714063 0.372222 0.021875 0.0259259 0.013381
0 0.196875 0.84213 0.0364583 0.0527778 0.0140253
5 0.220313 0.0666667 0.0510417 0.0574074 0.0142491
9 0.26901 0.0226852 0.0203125 0.0398148 0.015844
2 0.635156 0.141204 0.0109375 0.0472222 0.0192565
2 0.786198 0.0898148 0.0161458 0.0222222 0.021673
0 0.442708 0.0884259 0.0125 0.0361111 0.0348659
2 0.463021 0.113889 0.015625 0.0351852 0.0410451
2 0.484635 0.106481 0.0192708 0.0518519 0.0602138
9 0.566927 0.0486111 0.0078125 0.025 0.0701724
7 0.298177 0.10787 0.0411458 0.0824074 0.0902749
2 0.298698 0.10787 0.0390625 0.0805556 0.0946804
2 0.473437 0.108333 0.034375 0.0462963 0.330398
2 0.321875 0.0875 0.0375 0.0361111 0.354747
2 0.627344 0.122685 0.0255208 0.0509259 0.384983
2 0.44401 0.0685185 0.0401042 0.0314815 0.414763
10 0.203906 0.316204 0.0151042 0.0712963 0.459957
2 0.505729 0.104167 0.04375 0.062037 0.581956
2 0.318229 0.121296 0.05 0.0703704 0.706684
11 0.728906 0.0430556 0.0265625 0.0564815 0.780334
2 0.729948 0.418519 0.122396 0.172222 0.902502
2 0.243229 0.872222 0.214583 0.25 0.92046
