2 0.335417 0.0768519 0.0229167 0.0259259 0.00100995
9 0.457292 0.0652778 0.00729167 0.0324074 0.00101808
2 0.263802 0.100926 0.00989583 0.0555556 0.0010573
11 0.221094 0.05 0.0515625 0.0833333 0.00108645
2 0.484635 0.103704 0.125521 0.0703704 0.00111189
2 0.592708 0.124074 0.0166667 0.0259259 0.00112037
2 0.778385 0.103241 0.0286458 0.0453704 0.00112326
9 0.242969 0.0884259 0.00989583 0.0361111 0.00114316
2 0.21875 0.13287 0.059375 0.0583333 0.00114578
58 0.917188 0.184722 0.165625 0.365741 0.00120562
9 0.440885 0.225926 0.0161458 0.0888889 0.00123003
12 0.701823 0.12037 0.0213542 0.0481481 0.00123131
0 0.757031 0.0731481 0.0109375 0.037037 0.00125949
9 0.414583 0.00740741 0.0135417 0.0148148 0.00127346
9 0.114323 0.0240741 0.0140625 0.0388889 0.00131161
5 0.766146 0.0509259 0.0708333 0.1 0.00132682
2 0.53099 0.1125 0.0130208 0.0416667 0.00134462
2 0.00625 0.0884259 0.0125 0.0472222 0.00139427
7 0.220052 0.0893519 0.0526042 0.125 0.00143784
11 0.239844 0.0337963 0.0213542 0.0657407 0.00159921
12 0.701302 0.156481 0.0234375 0.0518519 0.00160067
2 0.361458 0.102315 0.151042 0.0935185 0.00179446
0 0.755729 0.0921296 0.0135417 0.075 0.00179797
9 0.994271 0.51713 0.0104167 0.173148 0.00183695
0 0.266927 0.0972222 0.0109375 0.0518519 0.0018693
2 0.55599 0.107407 0.197396 0.087037 0.00191409
32 0.454167 0.314352 0.00833333 0.012037 0.00210081
2 0.644531 0.151389 0.0296875 0.062037 0.00211669
2 0.410937 0.0986111 0.05 0.0694444 0.00215948
2 0.283594 0.075463 0.0234375 0.0287037 0.00218833
0 0.728906 0.372685 0.0296875 0.0268519 0.00225351
2 0.466406 0.0222222 0.0203125 0.0166667 0.00238257
0 0.757031 0.375463 0.0203125 0.0305556 0.00245783
12 0.690885 0.164352 0.0109375 0.0398148 0.00246813
9 0.291406 0.0259259 0.00885417 0.0314815 0.00248378
58 0.96849 0.496296 0.0317708 0.0888889 0.00254856
2 0.658073 0.134722 0.0817708 0.0805556 0.00266952
9 0.26276 0.0875 0.0078125 0.0361111 0.00273961
7 0.970573 0.525 0.0578125 0.198148 0.00276792
2 0.60599 0.0592593 0.0109375 0.0240741 0.00280527
9 0.108073 0.0277778 0.0119792 0.0351852 0.00281283
5 0.786979 0.049537 0.0291667 0.0972222 0.00294762
2 0.441667 0.0810185 0.0135417 0.025 0.00314584
9 0.292708 0.0541667 0.00833333 0.0435185 0.00324277
0 0.282292 0.0856481 0.00729167 0.0268519 0.00326551
13 0.992448 0.51713 0.0140625 0.171296 0.00336524
14 0.50026 0.600926 0.0151042 0.0407407 0.00340768
0 0.36224 0.0675926 0.00885417 0.0259259 0.00378981
2 0.814062 0.0768519 0.0166667 0.0203704 0.00379903
2 0.445573 0.11713 0.0234375 0.0212963 0.00385539
9 0.275521 0.0388889 0.0375 0.0759259 0.0042697
9 0.573438 0.0310185 0.0145833 0.0583333 0.0043415
9 0.584115 0.0393519 0.0119792 0.0453704 0.0044954
13 0.961979 0.555093 0.0395833 0.0435185 0.00455005
12 0.994792 0.495833 0.009375 0.139815 0.00491234
13 0.970573 0.519444 0.0578125 0.174074 0.00499307
2 0.28724 0.118981 0.0140625 0.0564815 0.00499727
0 0.715365 0.372222 0.0255208 0.0259259 0.00508945
2 0.289323 0.0884259 0.0171875 0.0435185 0.0057457
2 0.270052 0.109722 0.0140625 0.037963 0.00618572
2 0.363802 0.0657407 0.0109375 0.0203704 0.00668752
7 0.788021 0.0611111 0.0260417 0.0740741 0.00670787
2 0.238542 0.140278 0.01875 0.0416667 0.0072003
2 0.291146 0.0712963 0.0114583 0.0148148 0.0074627
9 0.269531 0.0435185 0.0203125 0.0592593 0.0076432
11 0.236979 0.0666667 0.0166667 0.0407407 0.00796814
0 0.286458 0.113889 0.015625 0.0703704 0.00805781
0 0.801302 0.752315 0.119271 0.460185 0.00922874
9 0.502083 0.760648 0.0125 0.0546296 0.00924891
2 0.301042 0.104167 0.0375 0.0731481 0.0118231
2 0.785937 0.0884259 0.0166667 0.025 0.0166624
7 0.217187 0.0648148 0.04375 0.0611111 0.0169962
7 0.408854 0.0574074 0.0427083 0.0351852 0.0177266
9 0.26875 0.0208333 0.0208333 0.0361111 0.0243876
2 0.634375 0.14537 0.0114583 0.0518519 0.0268324
5 0.220313 0.0666667 0.05 0.0648148 0.0268661
9 0.567187 0.0481481 0.00833333 0.0240741 0.0284656
10 0.441927 0.087037 0.0130208 0.0277778 0.0357217
2 0.461979 0.114815 0.0114583 0.0333333 0.0730262
2 0.466667 0.112037 0.0197917 0.0388889 0.135871
2 0.478906 0.110185 0.0182292 0.0425926 0.188485
2 0.395833 0.0638889 0.0166667 0.0222222 0.226123
2 0.50599 0.103704 0.0421875 0.062963 0.232669
2 0.321875 0.0861111 0.0375 0.0351852 0.341209
2 0.413802 0.0601852 0.0328125 0.0314815 0.43648
7 0.505729 0.103704 0.0427083 0.062963 0.45296
2 0.626823 0.121759 0.0255208 0.0509259 0.563027
2 0.317708 0.120833 0.0510417 0.0712963 0.681207
10 0.203906 0.315278 0.0161458 0.0712963 0.765316
11 0.728906 0.0430556 0.0265625 0.0564815 0.80944
2 0.729427 0.419444 0.122396 0.17037 0.908749
