2 0.659375 0.149074 0.0614583 0.0611111 0.00102591
2 0.205208 0.106944 0.03125 0.037963 0.0010421
13 0.968229 0.543519 0.053125 0.0759259 0.00108027
13 0.00546875 0.468056 0.0109375 0.228704 0.00110728
0 0.755729 0.0731481 0.0104167 0.0425926 0.00112727
9 0.547917 0.0527778 0.0104167 0.0240741 0.00114275
2 0.0705729 0.049537 0.0130208 0.0212963 0.00117477
7 0.978646 0.525 0.0416667 0.207407 0.00117648
0 0.26276 0.0921296 0.0078125 0.0472222 0.00118821
0 0.754427 0.0916667 0.0119792 0.0759259 0.00119534
10 0.19375 0.294444 0.0354167 0.114815 0.00122258
2 0.284896 0.0759259 0.0197917 0.0314815 0.00122743
9 0.995313 0.530556 0.00833333 0.0481481 0.00127286
9 0.292448 0.0560185 0.00885417 0.0416667 0.00134045
7 0.236198 0.0703704 0.0182292 0.05 0.00137583
2 0.219531 0.124074 0.0567708 0.0703704 0.00143018
2 0.413281 0.102315 0.233854 0.0731481 0.00145742
7 0.0927083 0.0972222 0.175 0.101852 0.00146083
2 0.813021 0.0773148 0.0145833 0.0194444 0.00150783
0 0.73151 0.373611 0.0244792 0.0268519 0.00152743
2 0.0630208 0.111574 0.0302083 0.0527778 0.00154476
9 0.49974 0.601389 0.0140625 0.0398148 0.00158647
1 0.780208 0.275463 0.025 0.102778 0.00160374
2 0.0463542 0.0648148 0.05625 0.0296296 0.00162799
1 0.0304688 0.160185 0.0598958 0.0814815 0.00163384
0 0.0533854 0.109259 0.0119792 0.05 0.00180187
9 0.0578125 0.0212963 0.015625 0.0407407 0.00180486
2 0.21875 0.103241 0.0510417 0.0453704 0.00184503
2 0.270573 0.0611111 0.0182292 0.0333333 0.00185124
7 0.988802 0.517593 0.0213542 0.183333 0.00189981
9 0.105469 0.0305556 0.0109375 0.0388889 0.00191811
0 0.442448 0.0976852 0.0171875 0.0490741 0.0019364
2 0.00651042 0.0916667 0.0130208 0.0444444 0.00196227
2 0.0450521 0.102315 0.0661458 0.075 0.00196912
13 0.992708 0.518056 0.0135417 0.169444 0.00212451
0 0.995573 0.329167 0.0078125 0.0546296 0.00227831
1 0.0111979 0.367593 0.0223958 0.0425926 0.00232807
5 0.2125 0.0615741 0.0322917 0.0564815 0.00232812
9 0.579427 0.0314815 0.0161458 0.0574074 0.0023608
9 0.115885 0.0236111 0.0151042 0.0416667 0.00237761
0 0.84349 0.206944 0.0151042 0.087963 0.00245343
2 0.579167 0.109722 0.253125 0.0712963 0.00246183
9 0.457552 0.0634259 0.00677083 0.0324074 0.00247904
2 0.0322917 0.0675926 0.0229167 0.0203704 0.00255768
2 0.479427 0.106481 0.0526042 0.0574074 0.00266409
0 0.283333 0.0893519 0.009375 0.0361111 0.00270799
0 0.832292 0.20787 0.0375 0.087963 0.0027409
2 0.503906 0.103241 0.0411458 0.0601852 0.00282382
2 0.352604 0.0972222 0.071875 0.062963 0.00288057
58 0.96849 0.494907 0.0307292 0.087963 0.00290249
2 0.442708 0.0865741 0.0135417 0.0268519 0.00298198
5 0.219792 0.0768519 0.0520833 0.0666667 0.00302539
7 0.788021 0.0648148 0.0239583 0.0648148 0.00305128
13 0.984375 0.518981 0.0302083 0.176852 0.0031918
1 0.00572917 0.465741 0.0114583 0.227778 0.00323069
12 0.994531 0.501389 0.00989583 0.149074 0.00326562
9 0.269792 0.049537 0.0197917 0.0361111 0.00356208
7 0.223698 0.0606481 0.0588542 0.110185 0.0035776
9 0.219792 0.0856481 0.0114583 0.0212963 0.00373954
9 0.219792 0.0634259 0.0416667 0.0527778 0.00374881
2 0.60599 0.0592593 0.0109375 0.0259259 0.00392606
7 0.275521 0.0685185 0.0385417 0.133333 0.00398477
2 0.238542 0.138889 0.01875 0.0425926 0.00401873
0 0.716146 0.372685 0.021875 0.025 0.00403864
9 0.99401 0.500463 0.0109375 0.139815 0.0041833
7 0.217708 0.0625 0.0458333 0.062037 0.00462226
2 0.28724 0.114352 0.0140625 0.0583333 0.0053345
2 0.291146 0.0717593 0.0114583 0.0157407 0.00570341
9 0.502344 0.759722 0.0140625 0.0546296 0.00706405
0 0.285937 0.110185 0.0145833 0.062963 0.00729885
9 0.26849 0.0208333 0.0203125 0.0305556 0.00739855
2 0.00494792 0.406481 0.00989583 0.0944444 0.00764135
0 0.846615 0.185648 0.0078125 0.0453704 0.00803642
9 0.572917 0.0310185 0.0135417 0.0601852 0.00806144
2 0.592708 0.126389 0.0177083 0.0231481 0.00838528
9 0.207813 0.0675926 0.0208333 0.0407407 0.00869391
11 0.236979 0.0671296 0.0166667 0.0398148 0.00886095
1 0.0046875 0.405556 0.009375 0.0907407 0.00899023
0 0.817708 0.233333 0.00833333 0.0351852 0.00917462
2 0.326302 0.0986111 0.0526042 0.0712963 0.0100397
2 0.296354 0.108333 0.0229167 0.0611111 0.0109772
2 0.785677 0.0888889 0.0151042 0.0240741 0.0110782
9 0.442448 0.0875 0.0130208 0.0268519 0.0123268
2 0.304688 0.102778 0.04375 0.0703704 0.0126729
1 0.0106771 0.394444 0.0213542 0.109259 0.016226
2 0.271094 0.110648 0.0151042 0.0361111 0.0164158
0 0.634896 0.148148 0.009375 0.0518519 0.0171475
2 0.341667 0.0791667 0.0145833 0.037963 0.0185924
2 0.488021 0.10787 0.0135417 0.0490741 0.0309261
2 0.634635 0.147222 0.0119792 0.0555556 0.0320672
1 0.777344 0.247222 0.0213542 0.05 0.0498856
9 0.567187 0.0481481 0.00833333 0.0240741 0.0562356
2 0.329167 0.0763889 0.0291667 0.0287037 0.0819127
2 0.334115 0.0583333 0.0171875 0.0259259 0.126287
2 0.480208 0.110185 0.01875 0.0444444 0.185729
2 0.466667 0.110185 0.0208333 0.0425926 0.262335
2 0.355469 0.0569444 0.0276042 0.0361111 0.340769
2 0.321354 0.0851852 0.0364583 0.0333333 0.393653
7 0.50599 0.103704 0.0421875 0.062963 0.461876
2 0.627344 0.122222 0.0255208 0.0518519 0.520218
2 0.317969 0.121759 0.0515625 0.0694444 0.685418
2 0.369792 0.0773148 0.03125 0.0453704 0.735329
10 0.203906 0.315278 0.0161458 0.0712963 0.749062
0 0.778646 0.206944 0.025 0.087963 0.80944
11 0.728906 0.0430556 0.0276042 0.0564815 0.80959
2 0.729688 0.418981 0.122917 0.173148 0.897481
