9 0.253906 0.0875 0.0151042 0.0361111 0.00102244
9 0.220833 0.102315 0.0125 0.0435185 0.00103643
7 0.279687 0.0768519 0.040625 0.148148 0.00103875
2 0.300781 0.131019 0.0265625 0.0546296 0.001053
9 0.360938 0.0652778 0.0104167 0.0194444 0.0010605
12 0.702083 0.163889 0.01875 0.0388889 0.00108988
12 0.995313 0.528704 0.00833333 0.0481481 0.00111234
0 0.36224 0.074537 0.00885417 0.0342593 0.0011993
9 0.469531 0.411574 0.00989583 0.0305556 0.00126388
13 0.970833 0.520833 0.0572917 0.184259 0.00130675
0 0.611719 0.828704 0.0734375 0.316667 0.00139746
2 0.81224 0.0736111 0.0151042 0.0212963 0.00144523
7 0.971094 0.522685 0.0567708 0.202778 0.00146778
7 0.222135 0.0611111 0.0567708 0.109259 0.00149323
2 0.789062 0.0810185 0.0166667 0.0194444 0.00156133
7 0.292969 0.101852 0.0776042 0.103704 0.00164499
13 0.00390625 0.403704 0.0078125 0.0907407 0.00169009
1 0.0106771 0.362963 0.0213542 0.0518519 0.00171001
9 0.23724 0.0699074 0.0151042 0.0416667 0.00183701
1 0.00442708 0.393981 0.00885417 0.112037 0.00188948
11 0.236979 0.0675926 0.0166667 0.0425926 0.00196098
2 0.420573 0.1125 0.243229 0.0787037 0.00197523
2 0.661198 0.150463 0.0640625 0.0657407 0.00204974
0 0.263281 0.100463 0.00885417 0.0564815 0.00206093
12 0.966667 0.497685 0.0260417 0.0768519 0.00216349
2 0.638802 0.144907 0.0192708 0.0509259 0.00221356
2 0.774479 0.122685 0.01875 0.0435185 0.0022469
2 0.27474 0.116204 0.0244792 0.062037 0.00224986
2 0.791667 0.0884259 0.0197917 0.0175926 0.00245884
9 0.547917 0.050463 0.0104167 0.025 0.00250121
9 0.216406 0.0662037 0.0421875 0.0527778 0.0025418
0 0.757552 0.375 0.0171875 0.0296296 0.00312611
9 0.261719 0.0402778 0.0140625 0.062037 0.00326212
2 0.238281 0.140741 0.0182292 0.0407407 0.0034356
7 0.21276 0.0638889 0.0359375 0.0555556 0.00352309
11 0.239844 0.0388889 0.0223958 0.0759259 0.00352698
9 0.29349 0.0541667 0.00885417 0.037963 0.00372171
0 0.729688 0.371759 0.0302083 0.0287037 0.00376777
0 0.75599 0.0912037 0.0130208 0.0824074 0.0037917
32 0.454427 0.313889 0.0078125 0.0166667 0.00399398
2 0.592708 0.126389 0.01875 0.025 0.00439032
9 0.263542 0.0888889 0.009375 0.0388889 0.0055396
9 0.207552 0.0666667 0.0203125 0.0425926 0.0059703
9 0.557813 0.0263889 0.0260417 0.0527778 0.00625884
12 0.994792 0.489352 0.009375 0.128704 0.0077962
0 0.715885 0.370833 0.0223958 0.0268519 0.00815754
2 0.783594 0.0907407 0.0130208 0.0185185 0.00914154
12 0.973177 0.494444 0.0390625 0.12037 0.00936244
2 0.270052 0.108796 0.0130208 0.037963 0.0102923
2 0.442187 0.087037 0.015625 0.0259259 0.0125914
9 0.442448 0.087037 0.0140625 0.0259259 0.0149769
9 0.221094 0.087963 0.0109375 0.0166667 0.015314
0 0.634635 0.144907 0.0109375 0.0509259 0.0173209
9 0.566146 0.0337963 0.0114583 0.0546296 0.0180195
11 0.60599 0.0597222 0.00989583 0.025 0.0183432
9 0.500521 0.602778 0.0145833 0.0407407 0.0242319
2 0.488542 0.106944 0.0145833 0.0509259 0.026177
0 0.17474 0.734259 0.186979 0.487037 0.0280366
9 0.222917 0.0597222 0.0125 0.0398148 0.0288294
9 0.269531 0.0361111 0.0234375 0.0685185 0.0452005
9 0.567187 0.0476852 0.009375 0.025 0.0483174
2 0.446615 0.116204 0.0265625 0.025 0.0640713
9 0.503125 0.759259 0.0114583 0.0574074 0.0832879
7 0.296354 0.107407 0.034375 0.0851852 0.094024
2 0.29401 0.10787 0.0307292 0.0842593 0.112791
2 0.461979 0.111111 0.0125 0.0407407 0.117782
2 0.627604 0.12037 0.025 0.0481481 0.27711
2 0.478385 0.108796 0.0244792 0.0453704 0.32104
2 0.322656 0.0851852 0.0380208 0.0351852 0.324639
7 0.50599 0.103241 0.0432292 0.0638889 0.340566
2 0.505729 0.103704 0.0427083 0.062963 0.506555
2 0.31849 0.121759 0.0515625 0.0694444 0.71431
11 0.729167 0.0435185 0.0270833 0.0555556 0.747002
10 0.203906 0.314815 0.0161458 0.0685185 0.810231
2 0.397396 0.125 0.0510417 0.0685185 0.858716
2 0.730208 0.418519 0.121875 0.174074 0.910573
