0 0.26276 0.225 0.465104 0.390741 0.00102478
0 0.415885 0.181481 0.407813 0.261111 0.00107715
0 0.75651 0.374074 0.0213542 0.0351852 0.0010784
0 0.254427 0.498611 0.469271 0.221296 0.00111052
13 0.970052 0.571296 0.0588542 0.0851852 0.00114537
12 0.693229 0.163426 0.00625 0.037963 0.00115403
0 0.0559896 0.0268519 0.0213542 0.0518519 0.00117266
1 0.468229 0.411111 0.0135417 0.0333333 0.00125237
9 0.580469 0.037037 0.0140625 0.0537037 0.00129935
9 0.18724 0.0828704 0.0078125 0.0305556 0.00131646
0 0.451823 0.643981 0.803646 0.647222 0.00131658
0 0.395312 0.477778 0.0291667 0.0388889 0.00131786
7 0.236719 0.0689815 0.0171875 0.0435185 0.00133669
1 0.0447917 0.461111 0.0895833 0.0981481 0.00138234
0 0.186979 0.108796 0.00729167 0.0490741 0.00138856
24 0.0794271 0.396296 0.0276042 0.062963 0.00142564
58 0.967708 0.511111 0.0520833 0.137037 0.00143864
7 0.268229 0.0685185 0.01875 0.0796296 0.00154651
7 0.24401 0.062037 0.101562 0.116667 0.00156057
1 0.0135417 0.430093 0.0270833 0.171296 0.00160871
9 0.547917 0.0523148 0.0104167 0.0231481 0.00170233
0 0.263281 0.0912037 0.00885417 0.0509259 0.0017176
24 0.0669271 0.394907 0.0244792 0.0453704 0.00172766
0 0.361719 0.0689815 0.00885417 0.025 0.00172822
1 0.03125 0.360185 0.0614583 0.0444444 0.00175294
2 0.255469 0.0865741 0.0213542 0.037963 0.00177236
1 0.0528646 0.354167 0.0276042 0.0175926 0.00182586
9 0.192708 0.0856481 0.00729167 0.0194444 0.00192161
1 0.0614583 0.471759 0.0177083 0.0490741 0.0019393
0 0.730208 0.372222 0.0270833 0.0296296 0.00198958
2 0.513802 0.111111 0.321354 0.0759259 0.00200881
9 0.218229 0.106481 0.00833333 0.0444444 0.00203171
3 0.464583 0.385185 0.0229167 0.0833333 0.00206178
2 0.609115 0.427315 0.473437 0.175 0.00208086
1 0.0760417 0.509722 0.0364583 0.147222 0.00227731
0 0.405729 0.398611 0.764583 0.669444 0.00228297
2 0.59401 0.116667 0.0151042 0.037037 0.00231441
2 0.78724 0.0824074 0.0171875 0.0259259 0.00235122
11 0.236979 0.0680556 0.0166667 0.0435185 0.00254321
2 0.28776 0.0726852 0.0192708 0.0361111 0.00261662
1 0.00494792 0.452315 0.00989583 0.191667 0.00300288
9 0.415365 0.00925926 0.0151042 0.0185185 0.00301916
58 0.919271 0.181944 0.160417 0.360185 0.0030334
0 0.49974 0.259259 0.530729 0.414815 0.00318066
2 0.4375 0.530556 0.820833 0.353704 0.00326155
58 0.96875 0.492593 0.0322917 0.0907407 0.00336616
13 0.986458 0.518981 0.0260417 0.175 0.00344042
2 0.399479 0.106019 0.140625 0.0712963 0.00349883
2 0.238281 0.139815 0.0192708 0.0425926 0.00350523
7 0.317969 0.105556 0.0536458 0.0888889 0.00358644
1 0.0223958 0.396759 0.0447917 0.108333 0.00367557
7 0.78776 0.062963 0.0244792 0.0611111 0.00372807
7 0.992708 0.518056 0.0135417 0.173148 0.00389504
13 0.970573 0.522222 0.0578125 0.177778 0.00391344
0 0.708854 0.374074 0.0208333 0.0277778 0.00395473
9 0.269271 0.050463 0.01875 0.0361111 0.00395681
7 0.970052 0.528241 0.0588542 0.202778 0.00416192
3 0.446875 0.38287 0.053125 0.0805556 0.00428547
9 0.502083 0.758796 0.0125 0.0564815 0.0045135
1 0.0765625 0.450463 0.0333333 0.121296 0.00463699
9 0.573438 0.0305556 0.0145833 0.0592593 0.00468483
0 0.378906 0.478241 0.0192708 0.0305556 0.0051851
13 0.9625 0.553704 0.0416667 0.0444444 0.00531281
0 0.716927 0.372222 0.0255208 0.0277778 0.00537219
5 0.21224 0.0611111 0.0328125 0.0611111 0.00608876
2 0.286458 0.117593 0.0145833 0.062963 0.00627575
2 0.29375 0.118519 0.01875 0.0592593 0.00646753
2 0.784115 0.087963 0.0130208 0.0222222 0.00657568
3 0.438281 0.368981 0.0192708 0.0712963 0.00686553
12 0.991667 0.517593 0.015625 0.172222 0.00728394
32 0.454427 0.314352 0.00885417 0.0157407 0.00744228
7 0.211979 0.062037 0.034375 0.062963 0.00779709
1 0.426042 0.372222 0.0385417 0.0777778 0.0080996
0 0.757812 0.0694444 0.0104167 0.0407407 0.00828051
9 0.26901 0.0236111 0.0223958 0.0435185 0.00880727
0 0.432552 0.474537 0.0380208 0.0490741 0.00948802
2 0.269792 0.109259 0.0125 0.037037 0.00950959
24 0.429688 0.341667 0.03125 0.0722222 0.00969637
0 0.373177 0.480093 0.0307292 0.0453704 0.00977352
2 0.60599 0.0587963 0.00989583 0.0268519 0.010325
9 0.21224 0.0615741 0.0328125 0.0601852 0.0107903
9 0.992708 0.511111 0.0135417 0.159259 0.0114441
0 0.283333 0.087963 0.00833333 0.0333333 0.0114527
2 0.452865 0.105093 0.0109375 0.0435185 0.0116762
1 0.0114583 0.352315 0.0229167 0.0564815 0.011931
3 0.431771 0.391204 0.03125 0.0435185 0.0146254
7 0.276563 0.0652778 0.0427083 0.130556 0.0148436
0 0.284896 0.111111 0.0135417 0.0759259 0.0177342
0 0.756771 0.0898148 0.0135417 0.0814815 0.0207726
9 0.566927 0.0472222 0.0078125 0.0240741 0.0245913
2 0.635156 0.146296 0.0109375 0.0592593 0.0249065
24 0.41849 0.339815 0.0244792 0.0666667 0.0261729
9 0.29375 0.0625 0.009375 0.0287037 0.0318456
0 0.446875 0.47963 0.046875 0.0407407 0.0356005
1 0.425781 0.391667 0.0244792 0.0425926 0.0412323
9 0.21901 0.0902778 0.0078125 0.0138889 0.0440705
3 0.425781 0.366204 0.0359375 0.0916667 0.0456547
1 0.00911458 0.397685 0.0182292 0.10463 0.181578
2 0.480208 0.109722 0.0197917 0.0435185 0.253281
2 0.467708 0.109722 0.0208333 0.0435185 0.321748
7 0.432813 0.100463 0.0427083 0.062037 0.395056
2 0.321875 0.0856481 0.0364583 0.0361111 0.405371
2 0.433073 0.100463 0.0421875 0.062037 0.435068
2 0.50599 0.103241 0.0411458 0.0638889 0.443524
7 0.50625 0.103241 0.0416667 0.0638889 0.443929
2 0.627083 0.121759 0.0260417 0.0527778 0.464528
1 0.0755208 0.483796 0.0197917 0.0712963 0.509655
2 0.414323 0.552315 0.185937 0.289815 0.728406
2 0.317969 0.121296 0.0505208 0.0703704 0.767679
11 0.728646 0.0416667 0.0270833 0.0518519 0.774671
10 0.204167 0.314815 0.015625 0.0703704 0.834709
0 0.0742188 0.420833 0.0401042 0.141667 0.845265
0 0.427344 0.343981 0.0421875 0.134259 0.856804
2 0.729427 0.419444 0.123438 0.17037 0.90784
