0 0.75625 0.374537 0.0208333 0.0342593 0.00100026
12 0.690885 0.1625 0.00989583 0.0398148 0.00109081
13 0.9625 0.553704 0.040625 0.0388889 0.00110153
7 0.145573 0.0912037 0.0661458 0.0805556 0.00111405
2 0.428646 0.154167 0.307292 0.162037 0.00113652
9 0.275781 0.0444444 0.0369792 0.0851852 0.00114097
9 0.261198 0.0476852 0.0140625 0.0472222 0.00116733
2 0.413021 0.120833 0.0114583 0.0231481 0.00120421
9 0.508333 0.757407 0.0270833 0.062963 0.00125983
13 0.0135417 0.394907 0.0270833 0.113889 0.00129745
9 0.977344 0.501852 0.0442708 0.140741 0.00134833
32 0.460417 0.356481 0.0114583 0.0148148 0.00137471
2 0.448438 0.111111 0.0447917 0.0388889 0.00137557
32 0.454167 0.314352 0.00833333 0.0157407 0.00143648
2 0.500781 0.114815 0.305729 0.0851852 0.00153088
12 0.701823 0.163426 0.0192708 0.0416667 0.00177209
9 0.292188 0.0541667 0.00833333 0.0398148 0.00181044
7 0.969792 0.528704 0.059375 0.207407 0.00182634
11 0.236979 0.0675926 0.0166667 0.0425926 0.00187464
13 0.9875 0.518056 0.0239583 0.175 0.00196666
0 0.266406 0.0986111 0.0109375 0.0564815 0.00200908
13 0.00442708 0.401389 0.00885417 0.0972222 0.00231274
2 0.29349 0.0759259 0.0171875 0.0240741 0.00241966
2 0.410156 0.114352 0.242188 0.0731481 0.00247832
0 0.263021 0.103241 0.00833333 0.0490741 0.00249882
12 0.99349 0.516667 0.0119792 0.172222 0.00251783
9 0.2625 0.0912037 0.00833333 0.0453704 0.00252497
2 0.44349 0.115741 0.0203125 0.0185185 0.00262976
12 0.702604 0.138889 0.0229167 0.087037 0.00287757
9 0.3625 0.0699074 0.009375 0.0268519 0.00291116
13 0.970312 0.536574 0.0583333 0.149074 0.00311696
13 0.0122396 0.37037 0.0244792 0.0555556 0.00321161
2 0.00390625 0.422222 0.0078125 0.0555556 0.00328863
2 0.26901 0.109722 0.0109375 0.037963 0.003607
1 0.0111979 0.368056 0.0223958 0.0546296 0.00383733
11 0.60599 0.0592593 0.00989583 0.0259259 0.00393024
2 0.442708 0.0875 0.0145833 0.0287037 0.0039402
58 0.96849 0.494907 0.0307292 0.0898148 0.00432264
0 0.715885 0.371296 0.0234375 0.0277778 0.00437869
0 0.286979 0.113889 0.015625 0.0740741 0.00483127
9 0.2125 0.0657407 0.0260417 0.0518519 0.00545951
9 0.26901 0.0486111 0.0203125 0.0416667 0.00558924
2 0.238542 0.139352 0.01875 0.0416667 0.00583139
0 0.755469 0.0925926 0.0151042 0.0814815 0.00708147
9 0.26901 0.0175926 0.0203125 0.0314815 0.0094915
2 0.788542 0.0861111 0.0166667 0.0240741 0.00955975
9 0.991406 0.512037 0.0161458 0.162963 0.00959156
2 0.592448 0.126389 0.0182292 0.0231481 0.0108808
19 0.442969 0.087037 0.0130208 0.0277778 0.0125174
9 0.20625 0.0675926 0.015625 0.0407407 0.012609
9 0.566927 0.0472222 0.0078125 0.0240741 0.0195089
9 0.21875 0.103704 0.009375 0.0388889 0.0210777
2 0.489583 0.107407 0.0145833 0.05 0.0221353
2 0.29349 0.1125 0.0286458 0.0712963 0.0223311
2 0.348958 0.121759 0.0166667 0.0398148 0.0244779
9 0.502604 0.759259 0.0125 0.0555556 0.0349807
9 0.219271 0.0898148 0.009375 0.0166667 0.0424268
7 0.296615 0.105093 0.0307292 0.0805556 0.0486307
0 0.634635 0.146759 0.0109375 0.0564815 0.0638541
9 0.222135 0.0583333 0.0119792 0.0351852 0.0696575
2 0.46276 0.110648 0.0140625 0.0416667 0.0969725
2 0.321875 0.0861111 0.0375 0.037037 0.2504
2 0.627344 0.121759 0.0255208 0.0509259 0.261444
2 0.472135 0.109722 0.0307292 0.0435185 0.274173
2 0.50651 0.103704 0.0432292 0.062963 0.427388
7 0.50651 0.103704 0.0432292 0.0648148 0.434141
10 0.204427 0.315278 0.0161458 0.0694444 0.655666
2 0.317969 0.121759 0.0515625 0.0694444 0.671953
11 0.729688 0.0430556 0.0270833 0.0546296 0.740145
2 0.380208 0.149537 0.0614583 0.100926 0.834682
2 0.510938 0.193519 0.0770833 0.112963 0.884727
2 0.729948 0.419907 0.122396 0.171296 0.907192
