2 0.264844 0.100926 0.00989583 0.0555556 0.00100328
7 0.278646 0.075463 0.0354167 0.141667 0.00101444
2 0.771875 0.103704 0.0302083 0.0666667 0.00104151
2 0.257292 0.0967593 0.0270833 0.0675926 0.00105391
2 0.276302 0.109259 0.0265625 0.062963 0.00106029
2 0.270052 0.0712963 0.0182292 0.05 0.00106178
10 0.220313 0.315278 0.015625 0.0546296 0.00106361
13 0.970833 0.518519 0.0572917 0.172222 0.0010687
9 0.347917 0.0226852 0.0135417 0.0361111 0.0010973
2 0.295312 0.105556 0.0875 0.0925926 0.00110616
9 0.548177 0.0592593 0.0109375 0.0259259 0.00111428
2 0.254427 0.0865741 0.0182292 0.0361111 0.00112795
12 0.702604 0.164352 0.0197917 0.037963 0.00113236
12 0.692708 0.164352 0.00833333 0.0398148 0.00113415
2 0.544271 0.42037 0.603125 0.17963 0.00116116
0 0.433854 0.378241 0.564583 0.487963 0.00123646
12 0.985677 0.501389 0.0276042 0.139815 0.00123926
0 0.263281 0.0935185 0.00885417 0.0481481 0.00126291
9 0.236979 0.0694444 0.0177083 0.0444444 0.0013434
2 0.654948 0.137037 0.0776042 0.0833333 0.00136479
0 0.995833 0.324074 0.00729167 0.0648148 0.00138342
1 0.177083 0.279167 0.015625 0.0398148 0.00149439
5 0.235938 0.0689815 0.01875 0.0472222 0.00154414
2 0.772656 0.1125 0.0161458 0.0287037 0.00159324
2 0.777083 0.1125 0.025 0.0416667 0.00160203
1 0.144792 0.349537 0.028125 0.0805556 0.00160727
2 0.417969 0.111574 0.302604 0.0824074 0.00165014
12 0.995313 0.528704 0.00833333 0.0388889 0.00168814
9 0.5 0.602778 0.0145833 0.0388889 0.0017283
9 0.3625 0.0481481 0.0104167 0.0388889 0.00174283
13 0.961458 0.555556 0.0385417 0.0444444 0.00185378
2 0.757292 0.116667 0.015625 0.0388889 0.00189655
9 0.273958 0.0472222 0.034375 0.0925926 0.00196926
0 0.442708 0.0884259 0.0135417 0.0305556 0.00203668
2 0.238021 0.142593 0.01875 0.037037 0.00211053
2 0.464583 0.110648 0.111458 0.0657407 0.00213761
2 0.784896 0.105093 0.040625 0.0564815 0.00214689
0 0.716667 0.371296 0.0229167 0.0277778 0.00218391
58 0.96849 0.496296 0.0296875 0.0833333 0.00219267
2 0.567187 0.110185 0.246875 0.0703704 0.00235627
2 0.288021 0.0810185 0.0197917 0.0416667 0.00252474
2 0.593229 0.124537 0.0166667 0.025 0.00294651
2 0.363542 0.0680556 0.0114583 0.0212963 0.00311239
1 0.227083 0.348611 0.0270833 0.10463 0.00342471
9 0.269531 0.0490741 0.0192708 0.0388889 0.00342834
11 0.60599 0.0597222 0.00989583 0.0231481 0.00349884
32 0.454167 0.315741 0.00833333 0.0148148 0.00356153
2 0.813802 0.075463 0.0182292 0.0157407 0.00381398
9 0.458333 0.0657407 0.00729167 0.0296296 0.0039472
2 0.444792 0.112037 0.021875 0.0314815 0.0039589
2 0.651042 0.149537 0.0427083 0.0601852 0.00435176
0 0.757292 0.0902778 0.0145833 0.075 0.00451816
9 0.572135 0.0319444 0.0130208 0.0601852 0.00476372
0 0.757812 0.0731481 0.0114583 0.0407407 0.00539062
9 0.208594 0.0671296 0.0255208 0.0509259 0.00606847
1 0.00677083 0.375 0.0135417 0.0592593 0.00696448
9 0.502344 0.759259 0.0119792 0.0555556 0.00724519
9 0.439583 0.209259 0.0125 0.0537037 0.00778599
9 0.3625 0.0685185 0.009375 0.0240741 0.00829382
9 0.293229 0.0699074 0.0104167 0.0175926 0.00867539
12 0.994271 0.49537 0.0104167 0.12963 0.008827
9 0.442448 0.0875 0.0130208 0.0287037 0.0090435
2 0.785156 0.0884259 0.0130208 0.0231481 0.00988113
24 0.238281 0.274074 0.0223958 0.0425926 0.0111554
9 0.29349 0.0550926 0.00885417 0.0435185 0.0113064
2 0.791927 0.0884259 0.0223958 0.0231481 0.0114223
9 0.269271 0.025 0.0208333 0.0444444 0.0116508
0 0.286198 0.111574 0.0161458 0.0768519 0.0121776
0 0.635156 0.147222 0.00989583 0.0518519 0.0122584
2 0.270312 0.109259 0.0135417 0.0407407 0.0136589
1 0.00989583 0.396296 0.0197917 0.116667 0.0186892
5 0.213542 0.0657407 0.0354167 0.0611111 0.0199556
7 0.21276 0.0638889 0.0348958 0.062963 0.0201965
2 0.634896 0.143056 0.0114583 0.0472222 0.0323044
2 0.299479 0.106481 0.0395833 0.0796296 0.0356823
2 0.490365 0.106944 0.0161458 0.0509259 0.03576
7 0.297917 0.106481 0.040625 0.0833333 0.036859
9 0.567448 0.0486111 0.0078125 0.025 0.0463602
2 0.465365 0.112037 0.0182292 0.0388889 0.15181
2 0.479688 0.109259 0.0197917 0.0444444 0.22991
2 0.322135 0.0856481 0.0369792 0.0342593 0.386745
2 0.627344 0.120833 0.0255208 0.0527778 0.452237
1 0.236198 0.362963 0.0213542 0.105556 0.537689
2 0.50599 0.103704 0.0432292 0.062963 0.661792
2 0.31849 0.121759 0.0515625 0.0694444 0.749952
0 0.236719 0.324074 0.0317708 0.142593 0.804902
10 0.204427 0.315278 0.0161458 0.0712963 0.823945
11 0.729167 0.0430556 0.0270833 0.0546296 0.823984
2 0.729427 0.418981 0.122396 0.171296 0.904729
