9 0.567448 0.0569444 0.0119792 0.0435185 0.00106264
0 0.263021 0.102315 0.0104167 0.0546296 0.00107361
9 0.548177 0.0523148 0.0109375 0.025 0.00110261
10 0.774219 0.122685 0.0182292 0.0453704 0.00119562
2 0.227604 0.103241 0.0270833 0.037963 0.00119856
2 0.778906 0.108333 0.0286458 0.0574074 0.0012019
9 0.488802 0.980093 0.0151042 0.037963 0.00122604
12 0.702604 0.130556 0.021875 0.0666667 0.00130091
7 0.970833 0.521759 0.0572917 0.191667 0.0013549
2 0.21849 0.126852 0.0578125 0.0666667 0.00138302
13 0.994271 0.517593 0.0104167 0.172222 0.00142437
2 0.361198 0.0634259 0.0130208 0.0231481 0.00153466
2 0.614062 0.0782407 0.0364583 0.0694444 0.00163928
9 0.110156 0.0268519 0.0109375 0.0351852 0.00164009
2 0.797135 0.075463 0.0348958 0.0342593 0.0016483
2 0.810677 0.074537 0.0192708 0.0194444 0.00172364
2 0.105208 0.126389 0.0270833 0.0435185 0.00176566
9 0.238802 0.0740741 0.0161458 0.0518519 0.00179603
12 0.989844 0.505556 0.0192708 0.148148 0.00184317
0 0.758073 0.375 0.0171875 0.0296296 0.00185304
0 0.775521 0.659722 0.0635417 0.152778 0.00189449
2 0.592188 0.122685 0.01875 0.0324074 0.00200159
2 0.528385 0.106944 0.405729 0.0824074 0.00204691
2 0.447656 0.114815 0.0286458 0.0240741 0.00210366
9 0.576563 0.0333333 0.0135417 0.0648148 0.00214089
2 0.80651 0.0689815 0.0140625 0.0175926 0.00224464
2 0.773958 0.12037 0.01875 0.0407407 0.00230338
2 0.33776 0.0990741 0.115104 0.0944444 0.00244195
11 0.240104 0.0375 0.021875 0.0731481 0.00246116
12 0.963542 0.498148 0.01875 0.0740741 0.00258237
13 0.970573 0.518981 0.0578125 0.176852 0.00268198
0 0.730469 0.372222 0.0286458 0.0296296 0.00269933
5 0.215885 0.0578704 0.0369792 0.0583333 0.00270048
0 0.3625 0.0685185 0.009375 0.0296296 0.0027331
9 0.258854 0.075463 0.0125 0.0546296 0.00309191
5 0.219531 0.075463 0.0526042 0.0657407 0.00316645
0 0.755208 0.0902778 0.015625 0.0824074 0.00320357
2 0.00364583 0.409259 0.00729167 0.0833333 0.00323767
7 0.276042 0.0592593 0.0395833 0.111111 0.00328308
9 0.254167 0.0861111 0.0145833 0.037037 0.00329516
2 0.00598958 0.120833 0.0119792 0.10463 0.00339382
2 0.421615 0.105556 0.197396 0.0740741 0.00346607
1 0.00442708 0.391204 0.00885417 0.115741 0.00368541
2 0.325781 0.0898148 0.0411458 0.037037 0.00375385
2 0.790885 0.0819444 0.0203125 0.0212963 0.00388541
9 0.559375 0.0287037 0.0239583 0.0555556 0.00426929
7 0.219531 0.0638889 0.0515625 0.062963 0.00507306
2 0.27474 0.116667 0.0223958 0.0537037 0.00560048
19 0.442448 0.0856481 0.0140625 0.025 0.00564488
2 0.325 0.0712963 0.0489583 0.0351852 0.00644868
2 0.785937 0.087963 0.0166667 0.0203704 0.00670528
2 0.00625 0.0907407 0.0125 0.0444444 0.00701413
2 0.605729 0.0587963 0.0104167 0.0268519 0.00717264
2 0.238542 0.141204 0.01875 0.0398148 0.00813531
9 0.220573 0.0884259 0.00989583 0.0138889 0.00815532
0 0.717188 0.370833 0.021875 0.0268519 0.00896519
0 0.709375 0.373611 0.01875 0.025 0.00979716
2 0.295833 0.0606481 0.0125 0.0324074 0.011075
12 0.973177 0.495833 0.0380208 0.119444 0.0114257
2 0.416927 0.0189815 0.0182292 0.0361111 0.0117038
9 0.20625 0.0675926 0.0166667 0.0333333 0.0127164
12 0.994792 0.490741 0.009375 0.124074 0.0148122
2 0.442708 0.0842593 0.015625 0.0240741 0.0150834
9 0.263021 0.087037 0.009375 0.0351852 0.0152378
0 0.634115 0.14537 0.0130208 0.0537037 0.0165227
2 0.270833 0.112037 0.0135417 0.0333333 0.0186599
11 0.236979 0.0671296 0.0166667 0.0416667 0.0197891
9 0.566146 0.037037 0.0104167 0.0481481 0.0272553
9 0.567187 0.0472222 0.009375 0.0240741 0.0408034
2 0.46276 0.109722 0.0151042 0.0416667 0.0433846
9 0.26875 0.0347222 0.0229167 0.0657407 0.0606129
9 0.222656 0.0560185 0.0119792 0.0361111 0.11884
9 0.500521 0.602778 0.015625 0.0407407 0.148798
9 0.502344 0.759259 0.0130208 0.0555556 0.195003
2 0.292708 0.113426 0.0270833 0.075 0.198957
2 0.627604 0.122222 0.025 0.0518519 0.413758
7 0.50599 0.103704 0.0432292 0.062963 0.421034
2 0.505729 0.103704 0.04375 0.062963 0.447102
2 0.473437 0.108333 0.034375 0.0444444 0.523607
2 0.327604 0.0518519 0.0510417 0.0407407 0.542025
2 0.31849 0.119444 0.0515625 0.0740741 0.717904
2 0.394531 0.104167 0.0453125 0.0601852 0.77791
11 0.729167 0.0425926 0.0270833 0.0555556 0.787283
10 0.203906 0.314352 0.0161458 0.0694444 0.826815
2 0.730208 0.418056 0.121875 0.175 0.913083
