2 0.289583 0.102315 0.0958333 0.10463 0.0010107
9 0.258854 0.0763889 0.0125 0.0435185 0.00104402
2 0.53125 0.111111 0.0145833 0.0444444 0.00104944
9 0.49974 0.601852 0.0151042 0.0407407 0.00110048
0 0.740365 0.370833 0.0244792 0.0342593 0.00110762
1 0.995313 0.331944 0.00833333 0.0472222 0.00111287
9 0.360677 0.0652778 0.00989583 0.0212963 0.00116939
7 0.145573 0.0884259 0.0651042 0.075 0.0012057
2 0.0317708 0.0680556 0.0208333 0.0194444 0.00121534
9 0.547396 0.0518519 0.0104167 0.0240741 0.00123067
13 0.966146 0.562037 0.0489583 0.0574074 0.00124663
2 0.263542 0.104167 0.0104167 0.0509259 0.00129826
9 0.977865 0.499537 0.0432292 0.136111 0.00137076
2 0.573958 0.124537 0.0520833 0.0342593 0.00147626
9 0.263542 0.0884259 0.009375 0.037963 0.00148053
9 0.21901 0.101852 0.0109375 0.037037 0.00155737
2 0.363542 0.0666667 0.0114583 0.0203704 0.001563
2 0.772135 0.115741 0.0161458 0.0333333 0.00166382
13 0.0138021 0.393981 0.0276042 0.112037 0.00166692
1 0.0130208 0.366667 0.0260417 0.05 0.00167555
9 0.23724 0.0680556 0.0151042 0.0435185 0.00171405
9 0.263542 0.0444444 0.0177083 0.0537037 0.00176915
12 0.69349 0.164352 0.00677083 0.0398148 0.00181483
0 0.521875 0.0662037 0.0104167 0.025 0.00185548
0 0.75625 0.374074 0.0208333 0.0333333 0.00188619
9 0.444792 0.235185 0.0104167 0.0351852 0.00191799
0 0.361719 0.0685185 0.00885417 0.0259259 0.00203562
7 0.219792 0.0907407 0.05625 0.131481 0.0020791
9 0.109896 0.0263889 0.015625 0.037963 0.00220568
0 0.75625 0.087963 0.0135417 0.0814815 0.00221733
1 0.0140625 0.392593 0.028125 0.109259 0.00222933
0 0.715104 0.371759 0.0229167 0.0268519 0.00223084
2 0.21849 0.132407 0.0598958 0.0592593 0.00225518
11 0.60599 0.0587963 0.00989583 0.0268519 0.00233679
58 0.96849 0.492593 0.0296875 0.0944444 0.00244855
9 0.291406 0.0527778 0.00989583 0.0462963 0.00261403
2 0.517708 0.112963 0.317708 0.0759259 0.0026413
2 0.290885 0.0712963 0.0119792 0.0148148 0.00274325
32 0.453646 0.314352 0.009375 0.0138889 0.00299205
13 0.992969 0.516204 0.0130208 0.171296 0.00299765
11 0.236979 0.0662037 0.015625 0.0398148 0.00310342
2 0.463542 0.110648 0.107292 0.0638889 0.00329462
2 0.370052 0.109259 0.171354 0.0796296 0.00364491
9 0.571875 0.0310185 0.0135417 0.0583333 0.00370298
0 0.283854 0.0902778 0.009375 0.037963 0.00379051
2 0.811719 0.075463 0.0151042 0.0175926 0.00388562
9 0.115104 0.0226852 0.0125 0.0361111 0.0041974
5 0.213542 0.0615741 0.034375 0.0601852 0.00428588
13 0.00390625 0.403704 0.0078125 0.0907407 0.0043147
9 0.176563 0.509259 0.0385417 0.0425926 0.00441803
7 0.970833 0.523611 0.0572917 0.19537 0.00442653
9 0.216406 0.0597222 0.0276042 0.0564815 0.00513635
1 0.00416667 0.397222 0.00833333 0.103704 0.0051781
2 0.00416667 0.406019 0.00833333 0.087963 0.00559243
13 0.970833 0.519444 0.0572917 0.17963 0.00611332
9 0.207292 0.0694444 0.0197917 0.0407407 0.00619449
0 0.757031 0.0662037 0.0109375 0.0398148 0.00620122
0 0.527604 0.0680556 0.0104167 0.025 0.00653763
9 0.275 0.0393519 0.0333333 0.075 0.00669598
2 0.78125 0.101852 0.034375 0.0537037 0.00747022
0 0.286198 0.113889 0.0151042 0.0722222 0.00763355
9 0.992188 0.5125 0.0145833 0.167593 0.00768737
7 0.215104 0.0634259 0.0395833 0.0675926 0.00797788
2 0.591667 0.125 0.0177083 0.0259259 0.00805116
9 0.502344 0.759259 0.0130208 0.0555556 0.00931172
2 0.270312 0.109259 0.0135417 0.0388889 0.00994198
2 0.340625 0.0884259 0.0114583 0.0305556 0.0107044
9 0.269271 0.0509259 0.0197917 0.037037 0.0129035
2 0.44349 0.109722 0.0151042 0.0305556 0.0164308
9 0.21849 0.0902778 0.00885417 0.0175926 0.0170123
7 0.297917 0.10463 0.0375 0.0796296 0.017058
0 0.634896 0.149537 0.009375 0.0527778 0.0212956
2 0.297917 0.102778 0.034375 0.0722222 0.0250061
2 0.634635 0.148611 0.0109375 0.0583333 0.0284231
9 0.26901 0.0217593 0.0203125 0.0398148 0.028871
2 0.491927 0.106944 0.0192708 0.0509259 0.0347623
0 0.441406 0.087963 0.0109375 0.0296296 0.0378048
9 0.567187 0.0476852 0.00833333 0.0231481 0.0427526
2 0.78724 0.087963 0.0192708 0.0259259 0.0453199
2 0.238542 0.140278 0.01875 0.0435185 0.0509613
2 0.460938 0.112963 0.0114583 0.0351852 0.0940586
2 0.423958 0.0685185 0.0177083 0.0185185 0.123192
2 0.467969 0.109722 0.0223958 0.0416667 0.189485
2 0.479167 0.109722 0.0197917 0.0435185 0.206032
2 0.440625 0.0671296 0.0322917 0.0287037 0.258778
2 0.321615 0.0875 0.0380208 0.037963 0.26995
2 0.626823 0.122685 0.0255208 0.0527778 0.367177
7 0.50625 0.103241 0.0427083 0.0638889 0.370741
2 0.50599 0.103704 0.0421875 0.062963 0.468966
10 0.203906 0.314352 0.0161458 0.0694444 0.705035
2 0.421615 0.106481 0.0359375 0.0481481 0.756196
2 0.317969 0.121296 0.0515625 0.0703704 0.759352
11 0.728906 0.0430556 0.0265625 0.0546296 0.785936
2 0.729948 0.419444 0.122396 0.17037 0.910606
