11 0.240104 0.0337963 0.0208333 0.0638889 0.00104207
2 0.617969 0.422222 0.597396 0.17963 0.00104301
9 0.560677 0.0518519 0.0203125 0.0259259 0.00108869
2 0.21849 0.135185 0.0609375 0.0555556 0.00109104
9 0.502344 0.760648 0.0130208 0.0527778 0.00110817
12 0.702083 0.161111 0.0208333 0.0444444 0.00118684
12 0.690365 0.16713 0.0109375 0.0342593 0.00122261
2 0.990365 0.516667 0.0182292 0.172222 0.00123984
2 0.263281 0.108796 0.00885417 0.0416667 0.00124082
9 0.292188 0.0532407 0.00833333 0.0435185 0.00126247
0 0.740885 0.371296 0.0244792 0.0314815 0.00126306
2 0.817187 0.0675926 0.0125 0.012963 0.00127979
0 0.52526 0.272222 0.513021 0.414815 0.00130617
0 0.730469 0.372222 0.0234375 0.0296296 0.00137695
2 0.242448 0.109259 0.0151042 0.0351852 0.00141966
9 0.578906 0.0328704 0.0182292 0.0601852 0.00143551
58 0.96849 0.493519 0.0317708 0.0944444 0.00148682
2 0.528385 0.155093 0.0161458 0.0509259 0.00151294
9 0.113802 0.0259259 0.0140625 0.0388889 0.00166203
0 0.515104 0.157407 0.0260417 0.0537037 0.00175483
9 0.416146 0.0106481 0.0166667 0.0212963 0.0017622
9 0.252865 0.087037 0.0130208 0.0314815 0.00189876
9 0.259115 0.0662037 0.0109375 0.0398148 0.00192489
2 0.772917 0.114815 0.0166667 0.0296296 0.00196123
2 0.647917 0.148611 0.0364583 0.0583333 0.00200331
12 0.694531 0.15 0.0078125 0.0648148 0.00200932
7 0.970312 0.515741 0.0583333 0.175926 0.00201776
9 0.50026 0.606019 0.0161458 0.0472222 0.00204961
9 0.584896 0.0449074 0.0135417 0.0361111 0.00205685
9 0.273958 0.0402778 0.034375 0.0768519 0.00209508
9 0.260156 0.05 0.0109375 0.0462963 0.00211314
32 0.459896 0.358333 0.0104167 0.0148148 0.00215541
7 0.989844 0.518056 0.0192708 0.182407 0.00217113
7 0.148958 0.0888889 0.0677083 0.0777778 0.00238062
9 0.109115 0.0300926 0.0119792 0.0361111 0.00240773
0 0.336198 0.0527778 0.0119792 0.0425926 0.00247366
9 0.267188 0.100463 0.0114583 0.0546296 0.00250178
2 0.552865 0.113426 0.196354 0.075 0.00250734
2 0.530469 0.108796 0.0130208 0.0398148 0.00256223
1 0.0440104 0.146759 0.0796875 0.0638889 0.00259479
2 0.535677 0.116204 0.00885417 0.0342593 0.00283245
7 0.220573 0.0685185 0.0505208 0.0555556 0.00284564
32 0.454688 0.316204 0.00729167 0.0157407 0.00284785
2 0.514844 0.149537 0.0421875 0.0583333 0.00285975
2 0.0606771 0.0703704 0.0369792 0.0259259 0.00301314
0 0.75651 0.373611 0.0203125 0.0305556 0.00317
9 0.26276 0.0865741 0.0078125 0.0324074 0.00322653
2 0.405729 0.109722 0.267708 0.075 0.0033725
2 0.311458 0.0986111 0.0572917 0.0675926 0.00351093
9 0.570573 0.0314815 0.0119792 0.0592593 0.00367189
2 0.442448 0.0884259 0.0140625 0.0287037 0.00383095
2 0.961198 0.556019 0.0390625 0.0435185 0.00393848
12 0.994271 0.508333 0.0104167 0.153704 0.00407507
2 0.592448 0.125463 0.0171875 0.025 0.00418441
11 0.236979 0.0675926 0.0177083 0.0407407 0.00434341
2 0.0419271 0.146759 0.0838542 0.0675926 0.00437324
2 0.780469 0.102315 0.0307292 0.0472222 0.00446093
2 0.467708 0.108333 0.0458333 0.05 0.00450147
0 0.995833 0.327778 0.00729167 0.0518519 0.00502814
2 0.44375 0.110648 0.021875 0.0361111 0.00511251
9 0.99401 0.502778 0.0109375 0.142593 0.00518314
2 0.79401 0.0851852 0.0307292 0.0277778 0.00521846
12 0.702604 0.136574 0.0229167 0.0861111 0.00555316
11 0.60651 0.0606481 0.00989583 0.025 0.00559999
2 0.338542 0.0865741 0.0145833 0.0287037 0.00589328
2 0.81276 0.0763889 0.0182292 0.0157407 0.0063903
0 0.715625 0.372685 0.0239583 0.0268519 0.00746373
2 0.510156 0.106944 0.0848958 0.0546296 0.00758107
9 0.270573 0.0490741 0.0182292 0.0407407 0.007792
0 0.757031 0.0939815 0.0151042 0.0824074 0.00854121
2 0.334375 0.0666667 0.015625 0.0425926 0.00882267
9 0.3625 0.0708333 0.009375 0.0231481 0.00906452
9 0.266406 0.0375 0.0171875 0.062037 0.00907429
9 0.442969 0.0884259 0.0130208 0.0287037 0.00909053
9 0.221615 0.087963 0.0109375 0.0148148 0.00959436
2 0.238802 0.139815 0.0203125 0.0462963 0.00960684
2 0.508073 0.130093 0.0432292 0.0453704 0.0112957
2 0.488281 0.118519 0.0432292 0.0462963 0.0146618
9 0.214583 0.0611111 0.0291667 0.0518519 0.0163423
2 0.271875 0.111574 0.0135417 0.0361111 0.0171546
2 0.294271 0.109259 0.0291667 0.0833333 0.0279218
9 0.207813 0.0666667 0.01875 0.0425926 0.0337974
0 0.635417 0.147222 0.0104167 0.05 0.0365568
9 0.336458 0.0472222 0.009375 0.0314815 0.0549723
2 0.786458 0.0898148 0.0166667 0.0240741 0.0595772
2 0.635417 0.14537 0.0114583 0.05 0.0663546
9 0.567448 0.0486111 0.00885417 0.0231481 0.0693399
2 0.463021 0.115278 0.0135417 0.0361111 0.0807082
7 0.302344 0.108333 0.0442708 0.0814815 0.0852487
2 0.321875 0.0875 0.0385417 0.0342593 0.224362
2 0.479427 0.110648 0.0234375 0.0435185 0.235447
2 0.627344 0.122685 0.0255208 0.0509259 0.363333
2 0.507812 0.0986111 0.040625 0.0490741 0.524295
2 0.31875 0.121296 0.05 0.0722222 0.68298
11 0.729167 0.0435185 0.0270833 0.0555556 0.768003
10 0.204167 0.316204 0.0166667 0.0712963 0.80725
2 0.500781 0.170833 0.0713542 0.106481 0.875277
2 0.729688 0.419907 0.122917 0.171296 0.914414
