2 0.44349 0.0986111 0.0192708 0.0490741 0.00100256
2 0.639844 0.131944 0.0515625 0.0694444 0.00100914
9 0.261719 0.0458333 0.0151042 0.0546296 0.00102084
2 0.782812 0.105556 0.0354167 0.0518519 0.00103738
2 0.00494792 0.0884259 0.00989583 0.0342593 0.00107211
0 0.389583 0.226852 0.692708 0.32963 0.00128074
13 0.961719 0.555556 0.0369792 0.0388889 0.00128145
2 0.661198 0.146296 0.0682292 0.0814815 0.00128897
0 0.727344 0.371759 0.0286458 0.0324074 0.00129746
0 0.519271 0.251389 0.0197917 0.0342593 0.00143794
9 0.758333 0.0736111 0.0104167 0.0435185 0.00145047
2 0.236198 0.106481 0.0171875 0.0388889 0.00146041
9 0.0583333 0.0226852 0.015625 0.0416667 0.00149002
0 0.757552 0.0782407 0.0119792 0.0527778 0.00156295
7 0.299219 0.106019 0.0838542 0.0953704 0.00164975
2 0.00442708 0.422222 0.00885417 0.114815 0.00166786
13 0.99375 0.516667 0.0114583 0.168519 0.00172197
9 0.995052 0.528241 0.00885417 0.0453704 0.00175738
58 0.920052 0.181481 0.159896 0.362963 0.00187796
2 0.543229 0.110185 0.363542 0.0740741 0.00197539
9 0.767448 0.0171296 0.0130208 0.0324074 0.00200814
9 0.817448 0.235185 0.0078125 0.0407407 0.00206603
0 0.430469 0.392593 0.822396 0.67963 0.00210016
0 0.995833 0.327315 0.00729167 0.0583333 0.00210577
2 0.242188 0.108333 0.0135417 0.0351852 0.00217311
32 0.454427 0.315741 0.0078125 0.0148148 0.00224779
9 0.26276 0.0856481 0.0078125 0.0324074 0.00224873
41 0.50026 0.602778 0.0151042 0.037037 0.00229656
0 0.75651 0.374074 0.0203125 0.0314815 0.00234166
2 0.817448 0.234722 0.00885417 0.0416667 0.00246156
2 0.26849 0.1 0.0119792 0.0555556 0.00249161
9 0.235156 0.0648148 0.0192708 0.0388889 0.00260458
13 0.971615 0.521296 0.0557292 0.17963 0.00268782
2 0.777083 0.110185 0.0229167 0.0296296 0.00273978
2 0.648698 0.149074 0.0369792 0.0574074 0.00278742
9 0.458333 0.0652778 0.00729167 0.0305556 0.00284666
0 0.329427 0.536111 0.0505208 0.0481481 0.00309481
2 0.442969 0.0888889 0.0140625 0.0296296 0.00310262
11 0.239583 0.0324074 0.021875 0.0611111 0.00339228
9 0.110156 0.0305556 0.0140625 0.0407407 0.0035115
9 0.415625 0.0101852 0.0166667 0.0203704 0.00351323
2 0.813542 0.075 0.0166667 0.0185185 0.00352771
2 0.421875 0.109722 0.196875 0.0675926 0.00361785
9 0.253646 0.0851852 0.0125 0.0351852 0.0037065
9 0.213281 0.0625 0.0348958 0.0527778 0.00405887
9 0.258333 0.074537 0.0104167 0.0453704 0.00409357
0 0.372135 0.535648 0.0442708 0.0509259 0.00461243
32 0.460156 0.356944 0.00885417 0.0138889 0.00463438
0 0.353646 0.536574 0.0333333 0.0509259 0.00465181
9 0.29349 0.0578704 0.0109375 0.0398148 0.00480161
7 0.219792 0.0689815 0.0510417 0.0583333 0.00485134
2 0.592448 0.126389 0.0182292 0.025 0.00491719
2 0.60651 0.0611111 0.00989583 0.0240741 0.00531986
9 0.992708 0.493981 0.0135417 0.121296 0.00555962
0 0.542969 0.250926 0.0223958 0.0314815 0.00595351
11 0.23776 0.0694444 0.0161458 0.0444444 0.00603276
0 0.565625 0.256019 0.0229167 0.0305556 0.00609771
9 0.114844 0.0259259 0.0119792 0.0425926 0.00617149
2 0.238802 0.14213 0.0192708 0.0398148 0.00665549
0 0.715365 0.372685 0.0223958 0.0268519 0.00722544
12 0.992969 0.496296 0.0130208 0.127778 0.00723996
9 0.569531 0.0324074 0.0119792 0.0574074 0.0074329
0 0.55625 0.252778 0.0270833 0.0314815 0.00940706
7 0.147917 0.0912037 0.0645833 0.0805556 0.0095745
19 0.443229 0.0884259 0.0135417 0.0287037 0.00958825
2 0.339583 0.0893519 0.0125 0.0305556 0.010625
9 0.29349 0.0699074 0.0109375 0.0194444 0.0130163
1 0.0106771 0.374537 0.0213542 0.0657407 0.015627
2 0.785937 0.0893519 0.0145833 0.0231481 0.016127
0 0.530469 0.251852 0.0223958 0.0296296 0.0163547
9 0.269531 0.0365741 0.0213542 0.0638889 0.0173815
2 0.271615 0.1125 0.0140625 0.0361111 0.0232678
9 0.583854 0.0407407 0.0125 0.0537037 0.0257848
9 0.207813 0.0675926 0.0197917 0.0407407 0.0275499
1 0.0138021 0.399074 0.0276042 0.111111 0.027602
0 0.635677 0.148611 0.00989583 0.0490741 0.029362
2 0.635417 0.146759 0.0114583 0.0527778 0.0297672
1 0.00390625 0.410185 0.0078125 0.0888889 0.0367321
2 0.295052 0.107407 0.0307292 0.0814815 0.0627885
2 0.461979 0.112963 0.0135417 0.0388889 0.0966025
7 0.29974 0.107407 0.0380208 0.0814815 0.107316
9 0.567448 0.0486111 0.00885417 0.025 0.124776
2 0.321875 0.0884259 0.0375 0.0361111 0.268423
2 0.479948 0.110185 0.0234375 0.0444444 0.319361
7 0.50651 0.105093 0.0421875 0.062037 0.359057
2 0.627865 0.122685 0.0255208 0.0509259 0.406042
2 0.50651 0.105093 0.0421875 0.062037 0.433342
11 0.729167 0.0430556 0.0270833 0.0546296 0.675435
2 0.31875 0.121296 0.05 0.0722222 0.690079
10 0.204167 0.316204 0.0166667 0.0712963 0.843567
2 0.544792 0.291667 0.10625 0.157407 0.888643
2 0.729948 0.419907 0.122396 0.171296 0.913155
2 0.35 0.587963 0.152083 0.218519 0.933319
