2 0.577865 0.421296 0.540104 0.17963 0.00104589
2 0.984375 0.52037 0.0302083 0.177778 0.001107
2 0.223177 0.138889 0.0494792 0.0462963 0.00112233
24 0.199479 0.510185 0.0166667 0.0703704 0.00113161
0 0.150521 0.897222 0.132292 0.201852 0.00113551
11 0.221094 0.0587963 0.0515625 0.0731481 0.00117063
2 0.648958 0.148611 0.0375 0.0601852 0.00119928
7 0.145833 0.0898148 0.0625 0.0777778 0.0012472
58 0.967969 0.49537 0.0296875 0.0814815 0.00129931
12 0.702344 0.138426 0.0223958 0.0861111 0.00141032
0 0.263802 0.100926 0.00989583 0.0555556 0.00145746
11 0.702344 0.119907 0.0213542 0.0453704 0.001465
1 0.178906 0.583333 0.0265625 0.111111 0.00148683
0 0.816667 0.233796 0.009375 0.0398148 0.0015124
2 0.60599 0.0601852 0.0109375 0.0240741 0.00154401
9 0.50026 0.601852 0.0151042 0.0407407 0.00154937
0 0.110937 0.533796 0.221875 0.406481 0.0016326
13 0.969792 0.514352 0.05625 0.150926 0.00164732
0 0.151562 0.946759 0.0479167 0.106481 0.00166366
2 0.405208 0.111574 0.260417 0.0842593 0.00166855
11 0.239844 0.0365741 0.0223958 0.0712963 0.00170187
7 0.276302 0.0601852 0.0401042 0.118519 0.00184291
12 0.994531 0.499074 0.00989583 0.142593 0.00209335
7 0.788542 0.0587963 0.0260417 0.0768519 0.00219096
11 0.236979 0.0689815 0.0177083 0.0472222 0.00235147
2 0.572396 0.110648 0.229167 0.0694444 0.00240453
32 0.454167 0.313889 0.00833333 0.0148148 0.00252474
1 0.201042 0.521296 0.0145833 0.0944444 0.00255246
0 0.75651 0.116667 0.0130208 0.0407407 0.0026047
9 0.415625 0.00925926 0.015625 0.0185185 0.00264669
2 0.363542 0.0671296 0.0114583 0.0194444 0.00268827
2 0.445052 0.116204 0.0234375 0.0212963 0.00272674
2 0.778906 0.101389 0.0307292 0.0416667 0.00279373
9 0.267708 0.0990741 0.0114583 0.0555556 0.00292495
2 0.53125 0.112037 0.0135417 0.0425926 0.0030804
1 0.196875 0.585648 0.0239583 0.112037 0.00308199
9 0.263281 0.0893519 0.00885417 0.0398148 0.00310104
13 0.985677 0.52037 0.0276042 0.181481 0.0031088
0 0.716146 0.370833 0.021875 0.0268519 0.00316169
9 0.458073 0.0638889 0.00677083 0.0314815 0.00352156
7 0.992708 0.518056 0.0135417 0.173148 0.00364799
1 0.0114583 0.368519 0.0229167 0.0518519 0.00368385
1 0.202604 0.550463 0.0114583 0.0527778 0.00387499
2 0.442969 0.087037 0.0140625 0.0259259 0.00390724
2 0.482031 0.110185 0.0526042 0.0611111 0.00396945
9 0.572917 0.0310185 0.0145833 0.0583333 0.00414524
9 0.99375 0.503241 0.0114583 0.14537 0.00428709
0 0.28724 0.112963 0.0171875 0.0740741 0.00519281
9 0.219531 0.087963 0.00989583 0.0185185 0.00522096
9 0.209375 0.0671296 0.021875 0.0472222 0.00524791
0 0.756771 0.0699074 0.0104167 0.0416667 0.00526752
2 0.269792 0.10787 0.0125 0.0398148 0.00556757
2 0.592708 0.125 0.0166667 0.0259259 0.00641493
0 0.755208 0.0907407 0.0145833 0.0833333 0.00673805
9 0.29375 0.0583333 0.009375 0.0388889 0.00717001
7 0.970573 0.526389 0.0578125 0.200926 0.00738106
9 0.292708 0.0703704 0.0104167 0.0185185 0.00792394
9 0.219792 0.0527778 0.0197917 0.0425926 0.00910259
1 0.00364583 0.41713 0.00729167 0.0731481 0.00917146
24 0.173698 0.507407 0.0151042 0.0740741 0.0097082
0 0.00390625 0.410648 0.0078125 0.0842593 0.00972486
2 0.789323 0.087963 0.0182292 0.0240741 0.0100199
1 0.00963542 0.403704 0.0192708 0.101852 0.0119292
2 0.238281 0.140278 0.0182292 0.0416667 0.0130982
7 0.29401 0.106944 0.0276042 0.0824074 0.0148765
7 0.220313 0.0657407 0.0510417 0.062963 0.0148811
0 0.634896 0.148148 0.009375 0.0518519 0.0177866
5 0.220313 0.0712963 0.0510417 0.0648148 0.0181419
2 0.634896 0.145833 0.0104167 0.0527778 0.0230357
9 0.26901 0.0356481 0.0223958 0.0675926 0.0242879
2 0.292188 0.111111 0.025 0.0722222 0.0257804
9 0.502344 0.759722 0.0130208 0.0546296 0.0301251
9 0.442708 0.087037 0.0125 0.0259259 0.0344715
9 0.566667 0.0476852 0.00833333 0.0231481 0.0366296
24 0.18724 0.479167 0.0348958 0.0564815 0.0464811
2 0.489062 0.107407 0.0145833 0.05 0.0482311
24 0.189844 0.493519 0.0223958 0.0555556 0.169074
2 0.479948 0.109259 0.0203125 0.0444444 0.222061
2 0.467187 0.110648 0.021875 0.0416667 0.268897
2 0.322396 0.0851852 0.0364583 0.0333333 0.307853
7 0.50599 0.103704 0.0421875 0.062963 0.371871
2 0.627083 0.121759 0.025 0.0546296 0.404085
1 0.186979 0.604167 0.0364583 0.14537 0.430849
2 0.505729 0.103704 0.0416667 0.062963 0.481207
10 0.203906 0.315278 0.0161458 0.0712963 0.676689
2 0.318229 0.12037 0.0510417 0.0703704 0.700289
11 0.728906 0.0430556 0.0265625 0.0564815 0.801017
0 0.186979 0.543519 0.0416667 0.188889 0.838114
2 0.729688 0.419907 0.122917 0.171296 0.896572
