2 0.814323 0.0699074 0.0161458 0.012037 0.00102494
0 0.257812 0.13287 0.015625 0.0564815 0.00102593
9 0.264583 0.062963 0.0135417 0.0777778 0.00104712
0 0.757812 0.375463 0.01875 0.0305556 0.00107293
2 0.784375 0.102315 0.040625 0.0601852 0.00108044
32 0.454427 0.315278 0.0078125 0.0157407 0.00111503
2 0.77474 0.12037 0.0192708 0.0388889 0.00119728
9 0.560156 0.050463 0.0223958 0.0268519 0.00131213
7 0.971094 0.528241 0.0567708 0.199074 0.00162142
1 0.0973958 0.156944 0.0666667 0.0712963 0.00167149
2 0.536198 0.10787 0.199479 0.0675926 0.00173234
9 0.504687 0.283333 0.0114583 0.0666667 0.00180521
9 0.415885 0.0115741 0.0161458 0.0231481 0.00189196
9 0.259375 0.0699074 0.0114583 0.0398148 0.00190861
2 0.0132813 0.391204 0.0265625 0.126852 0.001913
9 0.25599 0.0888889 0.0109375 0.0333333 0.00197284
2 0.656771 0.141204 0.078125 0.0805556 0.00204658
0 0.708854 0.374537 0.01875 0.025 0.00219185
13 0.970833 0.527315 0.0572917 0.187963 0.00223821
0 0.56276 0.310648 0.0401042 0.0472222 0.00224118
0 0.26276 0.116204 0.00885417 0.0398148 0.00228667
2 0.21875 0.137963 0.0604167 0.0481481 0.00240856
7 0.788802 0.0634259 0.0255208 0.0601852 0.0024467
11 0.23724 0.0671296 0.0161458 0.0398148 0.00245848
1 0.0671875 0.15787 0.127083 0.0916667 0.00268194
9 0.558073 0.0277778 0.0255208 0.0518519 0.0027394
0 0.238021 0.137963 0.0166667 0.0425926 0.00275376
9 0.292708 0.0657407 0.0114583 0.0259259 0.0027801
0 0.717708 0.372222 0.021875 0.0259259 0.00295073
0 0.253125 0.130556 0.0125 0.05 0.0032559
7 0.289323 0.100926 0.0171875 0.0666667 0.00334523
0 0.285677 0.119444 0.0130208 0.062963 0.00379888
2 0.288281 0.118519 0.0151042 0.0648148 0.00389183
9 0.547917 0.0523148 0.0104167 0.025 0.00407153
9 0.502344 0.759259 0.0119792 0.0555556 0.00408944
2 0.363281 0.0662037 0.0119792 0.0194444 0.00409961
2 0.36875 0.110648 0.117708 0.062037 0.00425788
12 0.995052 0.490741 0.00885417 0.124074 0.0043663
0 0.281771 0.0865741 0.00625 0.0268519 0.00439587
2 0.271094 0.110648 0.0140625 0.0361111 0.00470546
9 0.207813 0.0703704 0.0260417 0.0444444 0.0047241
9 0.995573 0.488426 0.0078125 0.121296 0.00503788
2 0.653125 0.152315 0.0458333 0.062037 0.00531525
12 0.973698 0.499074 0.0411458 0.124074 0.0053787
9 0.973698 0.499537 0.0401042 0.125 0.00547325
9 0.521094 0.30787 0.00885417 0.0509259 0.00557514
1 0.0127604 0.371296 0.0255208 0.0685185 0.00561115
11 0.60599 0.0587963 0.00989583 0.025 0.00564265
2 0.811979 0.0759259 0.0197917 0.0185185 0.00591542
2 0.422396 0.110185 0.075 0.05 0.00605041
7 0.219792 0.0685185 0.0520833 0.062963 0.00630436
2 0.576042 0.127315 0.0510417 0.0342593 0.00643295
2 0.635156 0.149074 0.00989583 0.05 0.00754429
9 0.10625 0.0287037 0.0125 0.0351852 0.00755324
2 0.296615 0.112963 0.0307292 0.0685185 0.00809884
12 0.691146 0.165278 0.0104167 0.0398148 0.00838148
2 0.442187 0.0865741 0.0125 0.0268519 0.00894291
7 0.298438 0.108333 0.0375 0.0796296 0.00979224
2 0.53151 0.112037 0.0140625 0.0425926 0.00984771
9 0.221615 0.0527778 0.0171875 0.0388889 0.00998212
9 0.571615 0.0319444 0.0151042 0.0601852 0.0101578
2 0.00416667 0.409259 0.00833333 0.0814815 0.0106639
0 0.75651 0.0907407 0.0151042 0.0777778 0.011672
0 0.634635 0.14537 0.0109375 0.0518519 0.0124064
1 0.00390625 0.409722 0.0078125 0.0787037 0.0137014
9 0.113802 0.024537 0.0151042 0.0398148 0.0144092
2 0.238542 0.140278 0.01875 0.0416667 0.0192356
5 0.219792 0.0689815 0.0520833 0.0601852 0.0193515
1 0.00703125 0.389352 0.0140625 0.119444 0.0236715
2 0.791667 0.0861111 0.021875 0.0277778 0.0250123
2 0.448698 0.114352 0.0286458 0.0268519 0.0365187
9 0.442708 0.0865741 0.0125 0.025 0.041121
2 0.592188 0.127315 0.01875 0.025 0.0440802
9 0.269271 0.0347222 0.021875 0.0657407 0.0519475
2 0.460938 0.113889 0.0114583 0.0333333 0.0842153
9 0.566667 0.0486111 0.00833333 0.025 0.113296
2 0.505729 0.103241 0.0427083 0.0638889 0.201668
2 0.322135 0.0851852 0.0369792 0.0351852 0.299501
2 0.627344 0.122222 0.0255208 0.05 0.367599
2 0.473698 0.108796 0.0338542 0.0453704 0.385674
10 0.203906 0.316204 0.0161458 0.0712963 0.437461
7 0.505729 0.103704 0.0427083 0.0648148 0.50233
2 0.317708 0.122222 0.0520833 0.0685185 0.654446
2 0.41901 0.118056 0.0484375 0.0268519 0.663828
2 0.39349 0.106481 0.0286458 0.0444444 0.717543
11 0.728906 0.0421296 0.0276042 0.0546296 0.78484
7 0.56276 0.343056 0.128646 0.225 0.878579
2 0.729948 0.418519 0.122396 0.174074 0.909645
