32 0.460156 0.356481 0.0119792 0.0148148 0.00104409
2 0.3875 0.119907 0.0239583 0.0268519 0.00104473
9 0.260938 0.0458333 0.0135417 0.0472222 0.00107539
1 0.009375 0.398148 0.01875 0.107407 0.00109362
2 0.432552 0.118981 0.0463542 0.0268519 0.00123021
0 0.75625 0.374074 0.0208333 0.0333333 0.0012789
32 0.454167 0.314352 0.00833333 0.0157407 0.0012819
2 0.298698 0.110185 0.0963542 0.0925926 0.0013632
12 0.690104 0.1625 0.0114583 0.0416667 0.00148059
5 0.221875 0.0726852 0.0489583 0.0564815 0.00148065
12 0.701823 0.1625 0.0192708 0.0435185 0.00150622
2 0.352865 0.126852 0.0130208 0.0314815 0.00156129
2 0.478906 0.174074 0.00885417 0.0166667 0.00178271
0 0.3625 0.0703704 0.009375 0.0259259 0.00185301
12 0.98776 0.516204 0.0234375 0.175 0.00218086
9 0.266406 0.0986111 0.0109375 0.0564815 0.00221455
13 0.0127604 0.395833 0.0255208 0.108333 0.00221779
2 0.416927 0.116667 0.278646 0.0851852 0.00229479
13 0.964063 0.55463 0.0458333 0.0481481 0.00229787
7 0.970052 0.519907 0.0588542 0.191667 0.00239716
9 0.292708 0.0523148 0.009375 0.0416667 0.00241285
2 0.402083 0.115741 0.0197917 0.0351852 0.00242491
2 0.605729 0.0597222 0.009375 0.0268519 0.00244017
13 0.00390625 0.413889 0.0078125 0.0722222 0.00247787
9 0.263021 0.0916667 0.00729167 0.0444444 0.00250963
11 0.236719 0.0675926 0.0171875 0.0425926 0.00265536
2 0.291667 0.0712963 0.0125 0.0148148 0.0029001
1 0.0111979 0.369907 0.0223958 0.0601852 0.00304181
12 0.702344 0.138889 0.0223958 0.087037 0.00305093
13 0.98724 0.516667 0.0244792 0.175926 0.00307312
0 0.755729 0.0944444 0.0135417 0.0722222 0.00320369
58 0.96849 0.49537 0.0307292 0.0907407 0.00349046
0 0.263021 0.106019 0.00833333 0.0453704 0.00353263
7 0.221094 0.0652778 0.0473958 0.0527778 0.00354543
0 0.26875 0.110648 0.0104167 0.0361111 0.00370547
2 0.4125 0.12037 0.0114583 0.0240741 0.0038229
13 0.969792 0.559259 0.0583333 0.0981481 0.00448605
9 0.269271 0.0467593 0.0197917 0.0416667 0.00465128
2 0.442708 0.087037 0.0145833 0.0259259 0.00600059
2 0.788802 0.0875 0.0171875 0.0212963 0.00615446
9 0.991146 0.512963 0.0166667 0.166667 0.00636854
9 0.26901 0.0189815 0.0203125 0.0324074 0.00666811
9 0.207552 0.0662037 0.0203125 0.0453704 0.00721986
0 0.715365 0.370833 0.0234375 0.0268519 0.00746762
9 0.21849 0.103241 0.00885417 0.037963 0.00808794
0 0.286719 0.114815 0.0161458 0.0722222 0.00865764
2 0.592188 0.125463 0.01875 0.025 0.00907338
9 0.215885 0.0564815 0.0255208 0.0481481 0.00912572
2 0.349219 0.119444 0.0182292 0.0462963 0.00932706
9 0.220573 0.0634259 0.0151042 0.0453704 0.0099176
9 0.566927 0.0472222 0.0078125 0.0240741 0.0107041
2 0.238542 0.139352 0.0177083 0.0416667 0.0124488
9 0.502344 0.759259 0.0119792 0.0555556 0.0173596
7 0.295052 0.106944 0.0296875 0.0842593 0.0247605
2 0.291146 0.116204 0.0229167 0.0694444 0.0271443
9 0.219271 0.0893519 0.009375 0.012037 0.0272099
9 0.442708 0.0865741 0.0125 0.025 0.0280705
2 0.444531 0.118519 0.0223958 0.0203704 0.0492049
2 0.460156 0.113889 0.0130208 0.0333333 0.049317
0 0.633854 0.147685 0.0114583 0.0564815 0.0755136
2 0.321875 0.0856481 0.0364583 0.0361111 0.252284
2 0.627083 0.120833 0.0260417 0.0490741 0.259673
2 0.478646 0.109259 0.0239583 0.0444444 0.278303
2 0.50599 0.103241 0.0432292 0.0638889 0.385308
7 0.50625 0.103241 0.0427083 0.0638889 0.454388
2 0.317708 0.121296 0.0520833 0.0685185 0.716353
11 0.729167 0.0425926 0.0270833 0.0537037 0.728775
10 0.203906 0.314815 0.0161458 0.0703704 0.74046
2 0.38099 0.146759 0.0609375 0.0990741 0.848455
2 0.514323 0.195833 0.0786458 0.115741 0.850723
2 0.729948 0.419444 0.122396 0.172222 0.908427
