9 0.415625 0.00972222 0.015625 0.0194444 0.00106192
12 0.982292 0.499537 0.03125 0.132407 0.00109206
13 0.961719 0.552778 0.0380208 0.0388889 0.00111215
9 0.547917 0.0518519 0.0104167 0.0240741 0.00112571
0 0.716927 0.372222 0.0234375 0.0277778 0.00112595
9 0.104948 0.0282407 0.0119792 0.037963 0.00113064
12 0.702083 0.164815 0.0197917 0.0388889 0.00115036
0 0.817187 0.234259 0.00833333 0.0388889 0.00118379
2 0.299219 0.134259 0.0203125 0.05 0.00118601
58 0.995573 0.324537 0.0078125 0.062037 0.00119968
2 0.0721354 0.05 0.0151042 0.0240741 0.00120596
2 0.597396 0.425 0.467708 0.172222 0.00125087
13 0.9875 0.519907 0.0239583 0.176852 0.00129389
9 0.116667 0.024537 0.0166667 0.037963 0.00134249
2 0.648698 0.148611 0.0359375 0.0583333 0.00136614
2 0.361719 0.0833333 0.0119792 0.0351852 0.00138363
9 0.258854 0.075 0.0145833 0.0462963 0.00138799
2 0.0583333 0.0597222 0.0427083 0.0342593 0.00145181
2 0.531771 0.112963 0.0135417 0.0425926 0.0014523
2 0.263281 0.10787 0.00885417 0.0416667 0.00156107
32 0.453906 0.315278 0.0078125 0.0157407 0.00159409
9 0.29349 0.0569444 0.00989583 0.0416667 0.00165301
12 0.817448 0.233796 0.00885417 0.0398148 0.00186976
9 0.252604 0.087963 0.0135417 0.0333333 0.00187312
9 0.428646 0.0319444 0.0104167 0.0324074 0.00187834
2 0.267969 0.0976852 0.0109375 0.0509259 0.0019326
2 0.299219 0.108796 0.0807292 0.0898148 0.00199261
2 0.522135 0.110648 0.335938 0.075 0.00199788
9 0.21901 0.101852 0.00989583 0.0388889 0.00213842
9 0.236979 0.0675926 0.015625 0.0444444 0.00247516
2 0.442708 0.087963 0.0135417 0.0277778 0.00254646
9 0.271354 0.0412037 0.028125 0.0787037 0.00268349
2 0.408333 0.111574 0.241667 0.0657407 0.00283487
9 0.457812 0.0648148 0.00729167 0.0296296 0.0028933
1 0.811458 0.331019 0.0177083 0.0953704 0.00305556
9 0.263281 0.0875 0.00885417 0.0342593 0.00326453
0 0.0539063 0.117593 0.00989583 0.05 0.00346823
9 0.583073 0.0347222 0.0140625 0.0601852 0.00348657
9 0.292448 0.0712963 0.0109375 0.0166667 0.00370597
2 0.592969 0.127315 0.0171875 0.0212963 0.00498845
0 0.75651 0.0907407 0.0151042 0.0814815 0.00512582
9 0.571354 0.0314815 0.0135417 0.0592593 0.00545173
2 0.00833333 0.395833 0.0166667 0.117593 0.00573126
9 0.214583 0.0675926 0.0385417 0.05 0.00589631
12 0.994792 0.5 0.009375 0.142593 0.00654567
2 0.238281 0.139815 0.0182292 0.0425926 0.00672151
0 0.442448 0.0986111 0.0161458 0.0509259 0.00792162
9 0.442448 0.0875 0.0130208 0.0268519 0.00917759
2 0.60625 0.0597222 0.0104167 0.025 0.00944983
2 0.786198 0.0888889 0.0161458 0.0240741 0.0111492
11 0.23724 0.0652778 0.0161458 0.0361111 0.0114672
9 0.206771 0.0680556 0.01875 0.0416667 0.018032
2 0.00416667 0.406019 0.00833333 0.0953704 0.0189498
2 0.635417 0.147685 0.0104167 0.0564815 0.0211216
9 0.26875 0.025 0.0208333 0.0444444 0.0229673
9 0.219531 0.0898148 0.00989583 0.0166667 0.0237313
0 0.635417 0.149074 0.009375 0.0518519 0.0255601
2 0.48724 0.10787 0.0140625 0.0490741 0.0260004
9 0.502604 0.758796 0.0125 0.0546296 0.0274637
2 0.291667 0.109259 0.0260417 0.0796296 0.0281528
2 0.271875 0.1125 0.0145833 0.0324074 0.0286925
7 0.317708 0.100926 0.0510417 0.0666667 0.0305728
2 0.461458 0.113889 0.0125 0.0351852 0.0496014
9 0.567448 0.0481481 0.0078125 0.0240741 0.0601112
7 0.296875 0.10787 0.0385417 0.0842593 0.0720238
9 0.222135 0.0574074 0.0119792 0.0314815 0.0950674
2 0.322135 0.0856481 0.0401042 0.0305556 0.141942
2 0.467187 0.110185 0.021875 0.0425926 0.192336
2 0.479948 0.109259 0.0203125 0.0444444 0.201194
2 0.627604 0.122685 0.0260417 0.0527778 0.386457
2 0.50651 0.104167 0.0421875 0.0638889 0.5298
2 0.31875 0.121296 0.0510417 0.0722222 0.663945
10 0.203906 0.316204 0.0161458 0.0712963 0.71846
2 0.353125 0.113426 0.0239583 0.037963 0.718687
11 0.729167 0.0430556 0.0270833 0.0564815 0.782061
2 0.516667 0.240741 0.0854167 0.112963 0.885558
2 0.729688 0.419907 0.122917 0.171296 0.910612
