2 0.64349 0.124537 0.0567708 0.0564815 0.00103109
9 0.973177 0.523148 0.0526042 0.188889 0.00106762
9 0.416146 0.0138889 0.015625 0.0277778 0.00117041
2 0.746615 0.172685 0.0286458 0.0361111 0.00117113
9 0.280469 0.0712963 0.0203125 0.0407407 0.00118882
9 0.3625 0.0472222 0.0104167 0.0351852 0.00119089
2 0.28724 0.118519 0.0161458 0.0648148 0.00121832
2 0.271094 0.127315 0.0244792 0.0398148 0.00122314
2 0.746354 0.158333 0.0239583 0.0166667 0.00124952
11 0.2375 0.0680556 0.0166667 0.0435185 0.00126088
12 0.994531 0.519444 0.00989583 0.164815 0.00126826
9 0.236458 0.0643518 0.0177083 0.037963 0.0012803
0 0.545833 0.2875 0.535417 0.469444 0.00136951
2 0.445052 0.10463 0.0307292 0.0481481 0.0014545
9 0.965885 0.498611 0.0234375 0.0787037 0.00147401
13 0.971354 0.524537 0.05625 0.182407 0.00147941
2 0.416927 0.0212963 0.0171875 0.0296296 0.00148665
2 0.66276 0.15 0.0682292 0.0722222 0.00150751
1 0.809635 0.331481 0.0213542 0.0981481 0.00157465
2 0.240365 0.105093 0.0161458 0.0342593 0.00159228
9 0.214844 0.0662037 0.0369792 0.0527778 0.00162815
11 0.240365 0.0337963 0.0213542 0.0638889 0.00167232
12 0.973437 0.493519 0.0395833 0.114815 0.00175259
2 0.576823 0.127778 0.0494792 0.0314815 0.00179658
2 0.442708 0.105093 0.319792 0.0935185 0.00180159
2 0.290625 0.087963 0.015625 0.0407407 0.00186616
13 0.0143229 0.396296 0.0286458 0.111111 0.00189877
9 0.29375 0.0569444 0.0104167 0.037963 0.00192892
7 0.971615 0.526852 0.0557292 0.198148 0.00195524
9 0.595052 0.0444444 0.00989583 0.0351852 0.00206788
13 0.0132813 0.368519 0.0265625 0.0462963 0.00219354
11 0.738802 0.0648148 0.0161458 0.0240741 0.00224582
9 0.988802 0.506944 0.0213542 0.149074 0.00225122
32 0.454427 0.313889 0.0078125 0.0148148 0.00229039
12 0.702344 0.138889 0.0244792 0.0851852 0.00234466
2 0.582552 0.423148 0.666146 0.17963 0.0024475
2 0.363542 0.0671296 0.0114583 0.0212963 0.00250571
13 0.00390625 0.395833 0.0078125 0.108333 0.00258534
9 0.551042 0.0356481 0.0177083 0.0472222 0.00277867
9 0.582031 0.0365741 0.0109375 0.0564815 0.00286694
9 0.577083 0.0333333 0.0145833 0.062963 0.00302268
2 0.44349 0.107407 0.171354 0.0703704 0.00323422
2 0.617969 0.116204 0.0442708 0.0509259 0.00344154
0 0.3625 0.0680556 0.009375 0.0268519 0.00357498
2 0.786979 0.0888889 0.0177083 0.0203704 0.00361277
9 0.292188 0.0680556 0.009375 0.0212963 0.00372154
2 0.77474 0.119444 0.0182292 0.0351852 0.00410364
9 0.758854 0.075 0.009375 0.0481481 0.00411048
9 0.978385 0.496759 0.0276042 0.121296 0.00425019
0 0.757552 0.0875 0.0119792 0.0731481 0.00437474
2 0.26875 0.110648 0.0104167 0.0324074 0.00440523
9 0.252604 0.087037 0.0125 0.0351852 0.00444043
0 0.709635 0.372685 0.0192708 0.0268519 0.00468203
9 0.114063 0.0226852 0.0145833 0.037963 0.00475035
0 0.733594 0.371296 0.0328125 0.0314815 0.00482956
2 0.442708 0.0893519 0.0135417 0.0305556 0.00502137
2 0.796354 0.0611111 0.0385417 0.0574074 0.00519463
2 0.295573 0.110185 0.0276042 0.0666667 0.00553807
2 0.634896 0.141667 0.0114583 0.0537037 0.00567361
9 0.555208 0.0430556 0.0145833 0.0342593 0.00567961
0 0.635417 0.147222 0.0104167 0.0518519 0.00589452
9 0.548177 0.0486111 0.0109375 0.0287037 0.00596122
0 0.756771 0.375926 0.0197917 0.0277778 0.00598245
7 0.217448 0.0625 0.0421875 0.0657407 0.00611179
9 0.257812 0.075463 0.009375 0.0472222 0.00611484
9 0.26276 0.0388889 0.0161458 0.062963 0.00664032
0 0.716927 0.370833 0.0234375 0.0268519 0.00667203
9 0.281771 0.0888889 0.00625 0.0240741 0.00676762
9 0.207813 0.0657407 0.0197917 0.0444444 0.00714721
7 0.298958 0.10787 0.03125 0.0768519 0.00724138
9 0.994792 0.494907 0.009375 0.125 0.00725799
9 0.265885 0.0921296 0.00989583 0.0416667 0.00845628
2 0.238281 0.140741 0.0182292 0.0407407 0.00935193
9 0.263281 0.087037 0.00885417 0.0333333 0.0106279
9 0.561719 0.0319444 0.0234375 0.0583333 0.0115904
9 0.220833 0.087963 0.009375 0.012963 0.0139222
10 0.442969 0.0888889 0.0130208 0.0296296 0.0188557
9 0.500781 0.604167 0.0140625 0.0453704 0.0208001
11 0.60651 0.0597222 0.00989583 0.025 0.0214199
9 0.223177 0.0578704 0.0130208 0.0416667 0.0222305
0 0.442969 0.0990741 0.0171875 0.05 0.0268655
2 0.592969 0.126389 0.0182292 0.0231481 0.0281838
2 0.463021 0.113889 0.015625 0.0351852 0.0340352
9 0.567448 0.0476852 0.0078125 0.025 0.0982719
9 0.269531 0.0356481 0.0213542 0.0657407 0.131174
9 0.502865 0.760648 0.0119792 0.0546296 0.142283
2 0.323177 0.0865741 0.0380208 0.0361111 0.284889
2 0.627865 0.122685 0.0244792 0.0509259 0.318154
2 0.475 0.109259 0.0354167 0.0462963 0.36754
2 0.505729 0.104167 0.04375 0.062037 0.533158
2 0.31849 0.120833 0.0515625 0.0712963 0.553325
11 0.729948 0.0439815 0.0265625 0.0601852 0.609587
10 0.204167 0.315278 0.015625 0.0712963 0.773301
2 0.378906 0.19537 0.0703125 0.0944444 0.860914
2 0.730469 0.419444 0.122396 0.172222 0.912758
