2 0.363802 0.0685185 0.0109375 0.0185185 0.00101727
0 0.75651 0.374537 0.0213542 0.0324074 0.00103451
2 0.754948 0.156481 0.00989583 0.0185185 0.001044
9 0.5625 0.0509259 0.0208333 0.0259259 0.00105323
12 0.69349 0.163426 0.00677083 0.0416667 0.00105369
9 0.990885 0.515278 0.0171875 0.169444 0.00105771
7 0.989583 0.518056 0.0197917 0.182407 0.00106699
12 0.702344 0.165278 0.0203125 0.037963 0.00111581
9 0.264323 0.0314815 0.0192708 0.0592593 0.00112787
7 0.789323 0.0625 0.0286458 0.0564815 0.00114417
2 0.292188 0.104167 0.090625 0.0916667 0.00118548
12 0.982292 0.503241 0.034375 0.141667 0.00119982
9 0.240104 0.0800926 0.0135417 0.0453704 0.00120453
9 0.582812 0.0449074 0.0114583 0.0342593 0.00121367
2 0.565104 0.113889 0.171875 0.0740741 0.00122049
9 0.36276 0.0708333 0.00885417 0.0212963 0.00123568
0 0.73125 0.372685 0.0270833 0.0305556 0.00129998
9 0.50026 0.603704 0.0151042 0.0407407 0.00133342
58 0.96849 0.496296 0.0286458 0.0851852 0.00137251
9 0.260677 0.0486111 0.0130208 0.0453704 0.00138815
12 0.995573 0.532407 0.0078125 0.0407407 0.0014
2 0.58099 0.123611 0.0411458 0.037963 0.00141302
1 0.0994792 0.152315 0.0510417 0.0601852 0.00147435
0 0.85599 0.0833333 0.0140625 0.0222222 0.00147562
7 0.221354 0.0578704 0.0520833 0.0824074 0.00148108
9 0.458333 0.0657407 0.00833333 0.0314815 0.0015179
13 0.961719 0.555556 0.0390625 0.0407407 0.00157964
9 0.272917 0.0402778 0.03125 0.0768519 0.00168502
9 0.257552 0.0759259 0.0109375 0.0444444 0.00186686
9 0.236458 0.0634259 0.0166667 0.0361111 0.0019218
2 0.217969 0.135648 0.0598958 0.0527778 0.00204216
9 0.570573 0.0324074 0.0140625 0.0574074 0.00218793
2 0.649219 0.149537 0.0390625 0.0564815 0.0022314
9 0.114063 0.025 0.0145833 0.0425926 0.00223284
2 0.75651 0.116667 0.0151042 0.0333333 0.0023434
2 0.0109375 0.37037 0.021875 0.0574074 0.00239807
9 0.415104 0.0106481 0.0145833 0.0212963 0.00241725
9 0.252865 0.087037 0.0130208 0.0351852 0.00258631
11 0.23776 0.0680556 0.0161458 0.0398148 0.00263595
1 0.809896 0.33287 0.0208333 0.0861111 0.00273288
2 0.817708 0.0712963 0.0114583 0.0148148 0.00291468
11 0.239844 0.0324074 0.0213542 0.0592593 0.00306613
9 0.266406 0.0976852 0.00989583 0.0546296 0.00322523
9 0.294271 0.0555556 0.009375 0.037037 0.00322765
2 0.40651 0.112963 0.203646 0.0574074 0.00344295
2 0.772396 0.109722 0.0135417 0.0194444 0.00346108
2 0.285937 0.118519 0.0135417 0.0611111 0.00346427
2 0.0619792 0.0675926 0.03125 0.0222222 0.00349472
0 0.715104 0.374074 0.025 0.0259259 0.00401005
2 0.443229 0.087037 0.015625 0.0277778 0.00406198
13 0.0122396 0.396296 0.0244792 0.116667 0.00425967
0 0.817708 0.235185 0.00729167 0.0388889 0.0045142
2 0.817187 0.0842593 0.0125 0.0314815 0.00470411
1 0.00729167 0.373148 0.0145833 0.0666667 0.00473822
9 0.269531 0.0490741 0.0203125 0.0407407 0.00512464
1 0.00911458 0.4 0.0182292 0.112963 0.00694576
2 0.80026 0.0847222 0.0401042 0.0305556 0.00727031
2 0.270573 0.111111 0.0130208 0.037037 0.0072713
2 0.592969 0.124537 0.0171875 0.0268519 0.0078977
9 0.2625 0.0861111 0.00729167 0.0333333 0.00789885
9 0.442969 0.0875 0.0130208 0.0268519 0.00885078
2 0.78125 0.099537 0.03125 0.0398148 0.00977004
5 0.220833 0.0657407 0.05 0.0611111 0.0106191
12 0.99349 0.503241 0.0119792 0.143519 0.0107807
9 0.269271 0.0222222 0.0208333 0.0388889 0.0120347
2 0.814323 0.0763889 0.0182292 0.0175926 0.0122573
0 0.53125 0.110648 0.0166667 0.0509259 0.0136543
9 0.211198 0.0657407 0.0276042 0.0462963 0.0138674
2 0.448438 0.113889 0.0229167 0.0259259 0.0139524
2 0.0046875 0.558333 0.009375 0.0407407 0.0161795
11 0.60651 0.0606481 0.00989583 0.025 0.0162122
13 0.00494792 0.408333 0.00989583 0.0925926 0.0182572
2 0.238281 0.14213 0.0182292 0.037963 0.0195996
9 0.502344 0.761111 0.0130208 0.0537037 0.0217154
2 0.53125 0.111574 0.015625 0.0472222 0.0270749
2 0.529167 0.0773148 0.0177083 0.0287037 0.0394851
2 0.788542 0.0893519 0.0177083 0.0231481 0.0498839
0 0.635417 0.147685 0.0104167 0.0490741 0.0537147
9 0.567708 0.0490741 0.009375 0.0240741 0.0543672
11 0.528906 0.0763889 0.0171875 0.0287037 0.0562445
2 0.305208 0.106944 0.0447917 0.0787037 0.0658929
2 0.635156 0.146296 0.0119792 0.0518519 0.0736376
7 0.30026 0.105093 0.0348958 0.0768519 0.0937676
2 0.4625 0.114815 0.0145833 0.0351852 0.0993902
2 0.321615 0.0851852 0.0369792 0.0314815 0.26445
7 0.50599 0.105556 0.0411458 0.0611111 0.372907
2 0.627344 0.121759 0.0265625 0.0509259 0.394128
2 0.50625 0.105556 0.040625 0.0611111 0.460464
2 0.47474 0.110648 0.0348958 0.0435185 0.472943
10 0.203906 0.316667 0.0171875 0.0703704 0.685157
2 0.31875 0.122222 0.0510417 0.0703704 0.728998
11 0.728906 0.0430556 0.0276042 0.0564815 0.811661
2 0.416146 0.117593 0.0489583 0.0333333 0.820957
2 0.729688 0.419444 0.122917 0.172222 0.896704
