2 0.363542 0.0685185 0.0114583 0.0222222 0.00101038
58 0.96901 0.494444 0.0307292 0.087037 0.00103039
0 0.716146 0.362963 0.028125 0.037037 0.0011015
2 0.5375 0.111574 0.0104167 0.0453704 0.00112002
39 0.241667 0.890741 0.0208333 0.0851852 0.00115555
9 0.54974 0.025463 0.0151042 0.0453704 0.00117322
2 0.286719 0.0773148 0.0203125 0.0324074 0.00119345
9 0.50026 0.605556 0.0151042 0.0444444 0.00119982
9 0.261719 0.0458333 0.0151042 0.0472222 0.00121903
2 0.235417 0.102778 0.0166667 0.0425926 0.00125288
2 0.754167 0.15463 0.0114583 0.0203704 0.00129355
0 0.23724 0.128241 0.0161458 0.0453704 0.00129716
9 0.566667 0.0597222 0.0104167 0.0472222 0.00133024
9 0.995313 0.528241 0.00833333 0.0416667 0.00136229
2 0.778125 0.122222 0.0260417 0.0462963 0.00151473
13 0.970833 0.519444 0.0572917 0.17037 0.00153761
2 0.296875 0.106481 0.0770833 0.0907407 0.00156433
9 0.548177 0.0532407 0.0109375 0.025 0.00156587
9 0.578125 0.0314815 0.015625 0.0555556 0.00161401
2 0.994531 0.518981 0.00989583 0.169444 0.00161752
0 0.757031 0.0921296 0.0140625 0.0824074 0.00169952
2 0.335677 0.0810185 0.0203125 0.0342593 0.00170517
2 0.640365 0.132407 0.0526042 0.0722222 0.00172589
9 0.817187 0.235185 0.00833333 0.0388889 0.00173383
7 0.99401 0.518056 0.0109375 0.167593 0.0017611
13 0.961198 0.555556 0.0380208 0.0425926 0.00178635
0 0.758333 0.0717593 0.0104167 0.0416667 0.00187589
9 0.272917 0.0388889 0.0322917 0.0759259 0.00191875
9 0.584375 0.0375 0.015625 0.0472222 0.00193354
2 0.75625 0.119444 0.0135417 0.0351852 0.00198503
11 0.220052 0.0671296 0.0515625 0.0546296 0.00222334
2 0.807031 0.0851852 0.0130208 0.0203704 0.00223332
12 0.692708 0.164815 0.00833333 0.0388889 0.00224724
9 0.429688 0.0421296 0.00833333 0.0194444 0.00234082
2 0.398438 0.110648 0.252083 0.075 0.00234539
9 0.557292 0.0263889 0.021875 0.0509259 0.00243749
2 0.572396 0.109722 0.235417 0.0657407 0.0025195
0 0.757031 0.375 0.0192708 0.0296296 0.00252306
7 0.981771 0.518519 0.0354167 0.185185 0.00257425
2 0.442448 0.0875 0.0140625 0.0287037 0.00297929
2 0.773958 0.111111 0.0166667 0.0259259 0.00312665
2 0.592969 0.125463 0.0171875 0.025 0.00321406
0 0.729167 0.373148 0.0260417 0.0277778 0.00324447
2 0.244271 0.107407 0.0125 0.0351852 0.00337908
9 0.269271 0.05 0.0197917 0.0351852 0.0033941
0 0.823958 0.761111 0.0729167 0.366667 0.00377046
0 0.995833 0.328704 0.00729167 0.05 0.00408817
13 0.0138021 0.365741 0.0276042 0.0481481 0.00413101
2 0.780729 0.102778 0.0302083 0.0444444 0.00470221
0 0.263021 0.106944 0.00833333 0.0453704 0.0047254
9 0.415104 0.00972222 0.0145833 0.0194444 0.00472624
11 0.236979 0.0685185 0.0166667 0.0444444 0.00483862
9 0.99375 0.497222 0.0114583 0.131481 0.00543612
9 0.213281 0.062963 0.0338542 0.0555556 0.0054726
9 0.568229 0.0310185 0.0125 0.0583333 0.0067741
9 0.502083 0.759722 0.0125 0.0527778 0.00728172
2 0.60599 0.0611111 0.00989583 0.0240741 0.00766275
2 0.238542 0.141204 0.01875 0.0416667 0.00790302
9 0.36224 0.0689815 0.00885417 0.0231481 0.00838121
1 0.810417 0.330556 0.0197917 0.0851852 0.00932463
2 0.479427 0.109722 0.0463542 0.0546296 0.00942185
13 0.00442708 0.401389 0.00885417 0.100926 0.0112112
0 0.714063 0.372685 0.021875 0.025 0.0115493
2 0.648698 0.15 0.0380208 0.0574074 0.0124794
2 0.271094 0.109259 0.0130208 0.0407407 0.0135421
9 0.26901 0.025463 0.0213542 0.0472222 0.0138322
10 0.442448 0.0875 0.0130208 0.0287037 0.014262
2 0.813802 0.0763889 0.0171875 0.0157407 0.0158914
5 0.220313 0.0717593 0.05 0.0638889 0.0185477
7 0.220313 0.0685185 0.05 0.0611111 0.0188244
1 0.0132813 0.396296 0.0265625 0.112963 0.0217205
2 0.635156 0.146759 0.0109375 0.0546296 0.0270888
2 0.446354 0.116667 0.0270833 0.0203704 0.0282245
2 0.785937 0.0893519 0.015625 0.0231481 0.0329298
2 0.48724 0.10787 0.0140625 0.0490741 0.0379831
13 0.0140625 0.396759 0.028125 0.112037 0.0422009
9 0.567187 0.0481481 0.00833333 0.0240741 0.0557671
2 0.29974 0.106481 0.0390625 0.0777778 0.124976
2 0.480208 0.109722 0.0197917 0.0435185 0.290137
2 0.466667 0.110648 0.0208333 0.0416667 0.293315
2 0.627604 0.121296 0.025 0.05 0.321706
2 0.322135 0.0884259 0.0380208 0.0361111 0.342983
2 0.50625 0.10463 0.0427083 0.0611111 0.562667
2 0.31875 0.121296 0.0510417 0.0722222 0.721704
10 0.203906 0.316204 0.0161458 0.0712963 0.764825
11 0.728646 0.0435185 0.0270833 0.0574074 0.80844
2 0.729688 0.419907 0.122917 0.171296 0.911518
