9 0.220573 0.10463 0.0119792 0.0407407 0.00102903
13 0.983333 0.527778 0.0322917 0.192593 0.00109838
32 0.483073 0.491204 0.0140625 0.0268519 0.00112863
9 0.56276 0.050463 0.0192708 0.0268519 0.00114315
7 0.221354 0.0685185 0.0489583 0.0592593 0.00137457
7 0.978125 0.527315 0.0427083 0.206481 0.00139977
2 0.28724 0.0694444 0.0192708 0.0388889 0.00143037
2 0.567708 0.426389 0.675 0.187963 0.00149713
12 0.694792 0.165741 0.00833333 0.037037 0.00152615
2 0.5625 0.110648 0.311458 0.0731481 0.00153058
2 0.801042 0.0833333 0.0385417 0.0277778 0.0015656
12 0.966146 0.502315 0.0239583 0.0694444 0.00160958
9 0.253646 0.087963 0.0125 0.0314815 0.0016595
2 0.363281 0.0842593 0.0130208 0.0277778 0.00169135
12 0.973698 0.490278 0.0411458 0.106481 0.00170828
2 0.775 0.111574 0.0208333 0.0287037 0.00194184
2 0.0575521 0.0305556 0.0234375 0.0407407 0.00203718
2 0.59401 0.125926 0.0140625 0.0259259 0.00205826
9 0.257812 0.0685185 0.009375 0.0351852 0.00206429
9 0.355469 0.0222222 0.0078125 0.0222222 0.0020727
0 0.757031 0.375463 0.0192708 0.0287037 0.00208471
9 0.989844 0.499537 0.0192708 0.130556 0.00215458
2 0.442969 0.10463 0.0276042 0.0481481 0.00216
2 0.780208 0.10463 0.03125 0.0481481 0.00219136
1 0.009375 0.3875 0.01875 0.130556 0.00234237
9 0.263021 0.0847222 0.00833333 0.0287037 0.00248176
12 0.701823 0.164352 0.0203125 0.037963 0.00248439
9 0.558333 0.0259259 0.0239583 0.0481481 0.00255359
9 0.995573 0.522685 0.0078125 0.0638889 0.00256505
0 0.730208 0.371296 0.0375 0.0314815 0.00257058
11 0.240625 0.0342593 0.0197917 0.062963 0.00282788
2 0.346354 0.108796 0.0125 0.0453704 0.00288957
0 0.756771 0.0875 0.0125 0.0712963 0.00296931
1 0.0130208 0.365741 0.0260417 0.0574074 0.00312585
9 0.442969 0.236111 0.0119792 0.0333333 0.00330726
5 0.21224 0.062963 0.0296875 0.0537037 0.00346889
2 0.648698 0.15 0.0380208 0.0574074 0.00350081
2 0.405469 0.111111 0.251563 0.0740741 0.00362385
2 0.29974 0.106944 0.0796875 0.0935185 0.0036385
2 0.341667 0.0907407 0.009375 0.0222222 0.00375617
2 0.273177 0.122222 0.0203125 0.0388889 0.00393399
2 0.271354 0.110185 0.0135417 0.0351852 0.00402362
13 0.0138021 0.392593 0.0276042 0.118519 0.00437842
2 0.467448 0.110185 0.0828125 0.0611111 0.00452491
9 0.416667 0.012963 0.0166667 0.0259259 0.00459675
2 0.785156 0.0898148 0.0119792 0.0185185 0.00463561
9 0.266927 0.0944444 0.00989583 0.0425926 0.00474577
2 0.813281 0.0768519 0.0203125 0.0166667 0.00514553
9 0.109375 0.0277778 0.0145833 0.037037 0.00519588
12 0.985156 0.49537 0.0192708 0.118519 0.00561428
9 0.207552 0.0671296 0.0203125 0.0435185 0.00582202
2 0.790365 0.087037 0.0161458 0.0203704 0.00583348
2 0.363281 0.0680556 0.0119792 0.0212963 0.00662575
2 0.238281 0.140741 0.0192708 0.0407407 0.00675582
0 0.716146 0.370833 0.025 0.0287037 0.00679935
11 0.23776 0.0680556 0.0161458 0.0416667 0.00690847
2 0.341146 0.111111 0.108333 0.0740741 0.00812157
12 0.702865 0.138426 0.0234375 0.087963 0.00932933
0 0.442708 0.0986111 0.0166667 0.0472222 0.00988837
12 0.995052 0.491204 0.00885417 0.121296 0.0113484
9 0.115625 0.024537 0.0135417 0.0398148 0.0114737
9 0.567969 0.0314815 0.0130208 0.0574074 0.0126013
1 0.00442708 0.389352 0.00885417 0.119444 0.0140415
9 0.50026 0.601389 0.0151042 0.0416667 0.0141846
9 0.220313 0.0884259 0.0104167 0.0157407 0.0142754
9 0.222917 0.0578704 0.0125 0.037963 0.0192393
2 0.442708 0.0888889 0.0145833 0.0277778 0.0194183
2 0.635417 0.147222 0.0114583 0.0518519 0.0273475
9 0.44349 0.0888889 0.0130208 0.0277778 0.0276255
2 0.298698 0.0564815 0.0140625 0.0333333 0.0302151
7 0.294792 0.10787 0.0291667 0.0805556 0.0366409
9 0.269531 0.0356481 0.0213542 0.0675926 0.0466556
0 0.635677 0.148611 0.00989583 0.0472222 0.0507039
11 0.605729 0.0597222 0.0104167 0.025 0.0544871
2 0.463281 0.112963 0.0161458 0.037037 0.0619785
9 0.567448 0.0481481 0.00885417 0.0240741 0.0762813
2 0.29375 0.110648 0.0260417 0.075 0.11082
9 0.502865 0.760185 0.0119792 0.0555556 0.158722
2 0.322396 0.0851852 0.0385417 0.0351852 0.164709
2 0.316667 0.0634259 0.0322917 0.0361111 0.203895
2 0.627865 0.121296 0.0255208 0.05 0.243749
2 0.50651 0.104167 0.0421875 0.0638889 0.414617
2 0.47526 0.109259 0.0359375 0.0462963 0.427049
7 0.50651 0.104167 0.0421875 0.0638889 0.47203
2 0.31875 0.121296 0.05 0.0722222 0.660212
11 0.729948 0.0439815 0.0265625 0.0564815 0.773563
2 0.375 0.109259 0.034375 0.0462963 0.792512
10 0.204167 0.316204 0.0166667 0.0694444 0.79811
2 0.729948 0.419444 0.123438 0.172222 0.915352
