9 0.0575521 0.0217593 0.0161458 0.0416667 0.00100585
32 0.453906 0.314352 0.00885417 0.0138889 0.00103782
2 0.71901 0.200926 0.0161458 0.0240741 0.00107521
11 0.240625 0.0421296 0.0229167 0.0805556 0.00108216
2 0.0713542 0.0490741 0.0135417 0.0222222 0.00109637
7 0.28099 0.074537 0.0328125 0.136111 0.00111277
10 0.195573 0.29537 0.0328125 0.114815 0.00126935
9 0.107552 0.0291667 0.0109375 0.0361111 0.00127389
0 0.731771 0.372685 0.025 0.0268519 0.00129282
9 0.548177 0.0523148 0.0109375 0.0231481 0.00131869
9 0.292969 0.0550926 0.0078125 0.0435185 0.00133357
7 0.288021 0.0967593 0.0989583 0.0916667 0.00136856
7 0.22526 0.0597222 0.0630208 0.117593 0.00137234
1 0.0132813 0.393056 0.0265625 0.121296 0.00140259
0 0.2625 0.0921296 0.00833333 0.0472222 0.00140672
2 0.655729 0.150463 0.0520833 0.0583333 0.00142202
13 0.970052 0.568519 0.0578125 0.0796296 0.00145872
2 0.779427 0.101852 0.0338542 0.0537037 0.00147373
2 0.241146 0.103704 0.015625 0.0351852 0.00148525
0 0.053125 0.106481 0.0125 0.0444444 0.00149177
2 0.0101562 0.075 0.0203125 0.0537037 0.00150666
11 0.220833 0.0643518 0.0510417 0.0583333 0.00157356
7 0.0976562 0.0722222 0.191146 0.140741 0.00158691
0 0.846094 0.188889 0.0078125 0.0444444 0.0016868
1 0.733333 0.279167 0.034375 0.0842593 0.00168974
2 0.269531 0.0509259 0.0203125 0.0351852 0.00174436
2 0.0268229 0.100463 0.0515625 0.062037 0.00182553
13 0.961979 0.555093 0.0395833 0.0435185 0.00185047
2 0.536458 0.112037 0.009375 0.0444444 0.0018524
2 0.285937 0.0768519 0.0208333 0.0314815 0.00199447
1 0.810677 0.32963 0.0182292 0.0814815 0.00209327
13 0.99375 0.519444 0.0114583 0.172222 0.00224591
2 0.547656 0.109722 0.280729 0.075 0.00227378
2 0.271354 0.0861111 0.01875 0.0777778 0.0022766
58 0.96875 0.496296 0.03125 0.0925926 0.00232069
2 0.0625 0.110185 0.03125 0.0518519 0.00248596
2 0.408333 0.101852 0.19375 0.0685185 0.00258775
2 0.00651042 0.0902778 0.0130208 0.0435185 0.00259822
2 0.0552083 0.0773148 0.0458333 0.0435185 0.00262003
7 0.970312 0.527778 0.0583333 0.207407 0.00271224
0 0.755208 0.0902778 0.0125 0.0731481 0.00274343
2 0.532031 0.1125 0.0140625 0.0416667 0.00275287
0 0.715885 0.372222 0.0223958 0.0259259 0.00286448
2 0.470833 0.106019 0.0625 0.0601852 0.00294688
1 0.0296875 0.15463 0.059375 0.087037 0.00295871
2 0.0325521 0.0671296 0.0203125 0.0212963 0.00306823
2 0.00416667 0.40787 0.00833333 0.0898148 0.00314799
0 0.995573 0.32963 0.0078125 0.05 0.00315695
0 0.75651 0.0736111 0.00989583 0.0416667 0.0031904
7 0.98724 0.519907 0.0244792 0.187963 0.00331699
9 0.502083 0.760185 0.0135417 0.0537037 0.00352352
9 0.210938 0.0662037 0.0270833 0.0490741 0.00363824
12 0.994531 0.506481 0.00989583 0.157407 0.00402497
2 0.238802 0.139352 0.0192708 0.0435185 0.00452464
13 0.985417 0.518519 0.028125 0.175926 0.00457871
9 0.26901 0.0194444 0.0203125 0.0333333 0.00470944
7 0.788542 0.0652778 0.025 0.0657407 0.00490277
9 0.579427 0.0324074 0.0161458 0.0592593 0.00495701
9 0.992708 0.503241 0.0135417 0.14537 0.00531024
2 0.291146 0.0722222 0.0114583 0.0148148 0.00591049
1 0.00416667 0.393519 0.00833333 0.118519 0.00607952
2 0.0434896 0.0939815 0.0703125 0.0861111 0.00635483
2 0.357031 0.100926 0.0744792 0.0592593 0.00711211
2 0.605729 0.0592593 0.0104167 0.0259259 0.00768916
0 0.286719 0.113426 0.0161458 0.0731481 0.00810394
2 0.304948 0.0837963 0.0328125 0.037963 0.00838266
0 0.634896 0.148148 0.009375 0.0518519 0.0088335
9 0.572917 0.0310185 0.0135417 0.0601852 0.00918616
11 0.236979 0.0680556 0.0166667 0.0435185 0.0105173
2 0.592969 0.124537 0.0171875 0.025 0.0106556
2 0.634635 0.14537 0.0109375 0.0481481 0.0143508
2 0.271094 0.109259 0.0151042 0.0388889 0.0159885
2 0.789323 0.0884259 0.0203125 0.0268519 0.0171204
0 0.817708 0.234722 0.00833333 0.0361111 0.0184616
7 0.21849 0.0652778 0.0473958 0.0675926 0.0197426
2 0.339583 0.087963 0.0135417 0.0296296 0.0202522
5 0.220573 0.0717593 0.0505208 0.0768519 0.0228122
2 0.490104 0.106944 0.0145833 0.0509259 0.0261103
0 0.442708 0.0837963 0.0135417 0.037963 0.0752665
9 0.566927 0.0481481 0.0078125 0.0240741 0.0770853
0 0.461979 0.1125 0.0114583 0.0361111 0.0770941
2 0.300521 0.103241 0.0385417 0.0712963 0.0783185
2 0.442969 0.0662037 0.0161458 0.0305556 0.109399
2 0.465625 0.112037 0.01875 0.0388889 0.111085
2 0.480469 0.110648 0.0161458 0.0416667 0.137739
2 0.321615 0.0861111 0.0380208 0.0333333 0.339282
7 0.50599 0.103704 0.0421875 0.062963 0.434326
2 0.431771 0.0685185 0.01875 0.0203704 0.435468
2 0.505729 0.103704 0.0416667 0.062963 0.444965
2 0.451042 0.0657407 0.028125 0.0333333 0.453017
2 0.627083 0.122222 0.0260417 0.0518519 0.501807
2 0.376042 0.0847222 0.0354167 0.0509259 0.585086
1 0.73724 0.262037 0.0203125 0.05 0.606903
0 0.73776 0.227315 0.0244792 0.0898148 0.722956
2 0.31849 0.121296 0.0505208 0.0703704 0.78078
10 0.203906 0.315278 0.0161458 0.0712963 0.791383
11 0.728906 0.0430556 0.0276042 0.0564815 0.817147
2 0.729948 0.418981 0.122396 0.173148 0.900149
