0 0.540365 0.359722 0.0276042 0.0509259 0.00100733
9 0.271354 0.0365741 0.0270833 0.0694444 0.00108767
2 0.77474 0.118981 0.0182292 0.0361111 0.00111861
2 0.801823 0.0787037 0.0380208 0.0314815 0.00112836
2 0.296094 0.10463 0.0942708 0.0907407 0.00113712
9 0.561719 0.0305556 0.0223958 0.0574074 0.00115865
2 0.00572917 0.0916667 0.0114583 0.0425926 0.00116388
2 0.463542 0.113426 0.0166667 0.0416667 0.0011734
9 0.441146 0.240278 0.01875 0.0268519 0.00119293
9 0.260417 0.0398148 0.0125 0.0555556 0.00119943
13 0.980208 0.522222 0.0385417 0.17963 0.0012109
0 0.115625 0.108333 0.009375 0.0351852 0.00122194
2 0.99401 0.518519 0.0109375 0.168519 0.00123414
2 0.577604 0.12963 0.0489583 0.0296296 0.00125476
5 0.213021 0.0634259 0.0385417 0.0527778 0.00128211
9 0.565365 0.0412037 0.0109375 0.037963 0.00131093
9 0.440365 0.216667 0.0213542 0.0777778 0.00141212
2 0.5625 0.106944 0.372917 0.075 0.00146541
9 0.990104 0.50787 0.01875 0.150926 0.00146992
9 0.995573 0.535185 0.0078125 0.0444444 0.00150999
2 0.641667 0.122685 0.053125 0.0564815 0.0015325
11 0.252865 0.087037 0.0130208 0.0388889 0.00158849
0 0.00442708 0.361574 0.00885417 0.0824074 0.001776
0 0.549219 0.338426 0.0255208 0.0435185 0.00200127
2 0.788802 0.0824074 0.0161458 0.0240741 0.00201358
9 0.256771 0.0796296 0.0114583 0.05 0.00203346
0 0.263021 0.105556 0.009375 0.05 0.00208658
0 0.758854 0.0731481 0.0104167 0.0462963 0.00216046
9 0.438281 0.196296 0.0140625 0.0333333 0.00222212
12 0.98776 0.499074 0.0234375 0.12963 0.00234004
2 0.503125 0.0671296 0.015625 0.0212963 0.00234304
2 0.265885 0.0958333 0.0109375 0.0527778 0.00241923
9 0.469792 0.412037 0.0104167 0.0259259 0.00258614
11 0.236719 0.0675926 0.0182292 0.0425926 0.00267451
2 0.635156 0.146759 0.0109375 0.0472222 0.00282474
2 0.429167 0.108796 0.1875 0.0694444 0.00286337
0 0.757292 0.375 0.01875 0.0296296 0.00291149
2 0.53099 0.110185 0.0140625 0.0425926 0.00292598
0 0.758073 0.0925926 0.0140625 0.0833333 0.00293602
2 0.654948 0.138889 0.0817708 0.087037 0.00308032
9 0.26276 0.0893519 0.00885417 0.0416667 0.003106
9 0.994792 0.498148 0.009375 0.131481 0.00323743
2 0.792188 0.0884259 0.01875 0.0194444 0.00342815
32 0.454688 0.315278 0.00729167 0.0138889 0.00348731
11 0.240365 0.0328704 0.0223958 0.062037 0.00354994
9 0.270052 0.0467593 0.0192708 0.0398148 0.00362024
2 0.0111979 0.365278 0.0223958 0.0509259 0.00367844
9 0.220833 0.0893519 0.0104167 0.012037 0.0036955
9 0.265104 0.037037 0.0135417 0.0574074 0.00388057
9 0.21901 0.0560185 0.0213542 0.0435185 0.00398584
2 0.652083 0.406944 0.310417 0.197222 0.00398771
0 0.580469 0.333796 0.0234375 0.0212963 0.00407967
2 0.282031 0.109722 0.0119792 0.0527778 0.00412011
0 0.557552 0.331481 0.0203125 0.0259259 0.00418164
2 0.269792 0.10787 0.0114583 0.0416667 0.00483114
2 0.81276 0.075 0.0213542 0.0185185 0.00491656
0 0.733073 0.371296 0.0307292 0.0314815 0.00512629
0 0.569271 0.334259 0.0270833 0.0240741 0.00516835
2 0.784896 0.0907407 0.0125 0.0185185 0.00527074
12 0.994792 0.497685 0.009375 0.132407 0.00540289
2 0.297656 0.0837963 0.0276042 0.037963 0.00602332
2 0.442708 0.087963 0.0135417 0.0259259 0.00608808
0 0.635156 0.149074 0.00989583 0.0462963 0.0066603
9 0.36224 0.0689815 0.00885417 0.025 0.00755833
9 0.567708 0.0481481 0.00833333 0.0240741 0.00836178
7 0.219271 0.0708333 0.0541667 0.062037 0.00962604
1 0.00442708 0.369907 0.00885417 0.0731481 0.010116
58 0.442969 0.0875 0.0130208 0.025 0.010776
5 0.219271 0.0787037 0.0541667 0.0722222 0.0119296
2 0.239063 0.141204 0.0197917 0.0398148 0.0128081
9 0.207292 0.0685185 0.0197917 0.0388889 0.0128707
9 0.50026 0.604167 0.0151042 0.0416667 0.0140349
1 0.810417 0.338426 0.021875 0.0916667 0.0150979
0 0.442708 0.0990741 0.0145833 0.0481481 0.0164854
0 0.71276 0.371759 0.0192708 0.0268519 0.0184252
1 0.00885417 0.393981 0.0177083 0.113889 0.018677
11 0.60651 0.0606481 0.00989583 0.0231481 0.0283762
7 0.297917 0.105556 0.0354167 0.0814815 0.0406586
9 0.502865 0.760185 0.0119792 0.0555556 0.0416645
2 0.298438 0.103704 0.0333333 0.0740741 0.0446424
1 0.00442708 0.406019 0.00885417 0.087963 0.0515044
2 0.592448 0.130093 0.0182292 0.0212963 0.0679226
2 0.528385 0.0717593 0.0161458 0.0268519 0.177296
2 0.628125 0.121759 0.025 0.0509259 0.25791
2 0.322917 0.087037 0.0385417 0.0351852 0.406523
2 0.473437 0.110185 0.0333333 0.0444444 0.478211
2 0.50599 0.10463 0.0432292 0.062963 0.579434
11 0.729948 0.0430556 0.0265625 0.0564815 0.695425
2 0.31901 0.121759 0.0505208 0.0694444 0.772474
10 0.204167 0.316204 0.0166667 0.0712963 0.828235
2 0.5625 0.375 0.109375 0.153704 0.908982
2 0.730469 0.418981 0.122396 0.173148 0.914272
