2 0.653906 0.133333 0.0796875 0.087037 0.0010261
13 0.961979 0.552778 0.040625 0.0425926 0.00102996
7 0.155729 0.0689815 0.0916667 0.119444 0.00105687
1 0.00677083 0.361574 0.0135417 0.117593 0.00106049
7 0.305729 0.0513889 0.0364583 0.0509259 0.00106833
2 0.634115 0.408796 0.431771 0.217593 0.00108505
11 0.239323 0.037963 0.0255208 0.0740741 0.00109046
0 0.707031 0.371759 0.0234375 0.0324074 0.00110557
2 0.44375 0.0981481 0.021875 0.0481481 0.00127995
1 0.00520833 0.393981 0.0104167 0.110185 0.00135599
9 0.559115 0.0305556 0.0276042 0.0555556 0.00135657
2 0.0135417 0.396296 0.0270833 0.109259 0.00148654
1 0.0518229 0.164815 0.0588542 0.0666667 0.00151491
0 0.490885 0.221296 0.0182292 0.0222222 0.0015881
2 0.615625 0.0907407 0.0489583 0.0851852 0.00160637
7 0.267448 0.0884259 0.0192708 0.0731481 0.00161402
9 0.458073 0.0648148 0.0078125 0.0277778 0.00164145
0 0.483854 0.223148 0.0229167 0.0203704 0.00167915
13 0.970312 0.566667 0.0583333 0.0796296 0.0017649
9 0.816406 0.232407 0.0078125 0.037037 0.00178308
2 0.257812 0.0925926 0.0197917 0.0537037 0.00183778
13 0.0135417 0.394444 0.0270833 0.112963 0.00190227
2 0.00416667 0.408796 0.00833333 0.0824074 0.00193909
2 0.801823 0.0768519 0.0401042 0.0333333 0.00195229
12 0.700781 0.163889 0.0213542 0.037037 0.00196364
13 0.986979 0.518981 0.025 0.176852 0.00202684
2 0.496354 0.106019 0.415625 0.0787037 0.00208615
1 0.0117188 0.387963 0.0234375 0.116667 0.00209599
7 0.992188 0.517593 0.0145833 0.172222 0.00221301
9 0.582812 0.0314815 0.0135417 0.0555556 0.0022313
9 0.48776 0.978241 0.0192708 0.0435185 0.00224069
2 0.341406 0.0893519 0.00989583 0.0231481 0.00237377
2 0.605469 0.0592593 0.00989583 0.0277778 0.00242211
12 0.69401 0.163889 0.0078125 0.037037 0.00244877
9 0.547917 0.0513889 0.0104167 0.0231481 0.00250516
0 0.816927 0.232407 0.0078125 0.037037 0.00254173
9 0.359896 0.0652778 0.00833333 0.0175926 0.00325246
9 0.507552 0.75787 0.0286458 0.0583333 0.00329854
58 0.967708 0.495833 0.03125 0.0842593 0.00343136
2 0.286458 0.0731481 0.015625 0.0333333 0.00354398
2 0.53125 0.105556 0.0166667 0.0462963 0.00358511
7 0.21276 0.0601852 0.0317708 0.0518519 0.00369625
7 0.276042 0.0560185 0.0385417 0.0990741 0.00378372
9 0.21901 0.0888889 0.00989583 0.0148148 0.00386183
2 0.23776 0.137037 0.0192708 0.0444444 0.00396551
2 0.777865 0.099537 0.0286458 0.0435185 0.0047135
7 0.970312 0.524074 0.0583333 0.198148 0.004884
2 0.441927 0.0828704 0.0140625 0.0231481 0.0049899
9 0.992188 0.503241 0.0145833 0.147222 0.00522139
7 0.26849 0.0347222 0.0213542 0.0583333 0.00551254
9 0.26849 0.0351852 0.0223958 0.0611111 0.00559811
9 0.208073 0.062963 0.0213542 0.0462963 0.00599779
12 0.992448 0.497685 0.0140625 0.137963 0.00614097
2 0.811198 0.0726852 0.0223958 0.0268519 0.00694996
0 0.634375 0.146296 0.009375 0.0537037 0.00786782
9 0.564583 0.0444444 0.0104167 0.0314815 0.00792683
9 0.46849 0.408796 0.00989583 0.0231481 0.00814927
9 0.499479 0.600926 0.0145833 0.0388889 0.00945924
9 0.441667 0.0833333 0.0145833 0.0240741 0.0120033
0 0.755729 0.0916667 0.015625 0.0814815 0.0120289
0 0.282292 0.0842593 0.00729167 0.0277778 0.0123845
2 0.591667 0.127315 0.0177083 0.0212963 0.0135286
7 0.219531 0.0578704 0.0526042 0.0824074 0.014089
0 0.285417 0.108333 0.0135417 0.0759259 0.0159976
2 0.634375 0.143056 0.0104167 0.0490741 0.0163925
2 0.783333 0.087963 0.015625 0.0203704 0.0206647
2 0.294531 0.103704 0.0286458 0.0722222 0.022003
2 0.269271 0.0976852 0.015625 0.0564815 0.0247546
2 0.26875 0.0453704 0.0197917 0.0407407 0.0355143
2 0.294792 0.0592593 0.0104167 0.0314815 0.0372607
2 0.311979 0.0694444 0.028125 0.0148148 0.0689342
2 0.301042 0.0569444 0.021875 0.0342593 0.0696018
2 0.46224 0.110185 0.0140625 0.0388889 0.0770719
2 0.309115 0.0601852 0.0276042 0.0296296 0.122691
2 0.320573 0.0875 0.0390625 0.0287037 0.212939
9 0.501823 0.758333 0.0140625 0.0537037 0.283657
2 0.626562 0.119444 0.025 0.0537037 0.40256
2 0.473177 0.106481 0.0348958 0.0481481 0.425545
10 0.203125 0.314352 0.015625 0.0694444 0.649834
2 0.505208 0.102315 0.0427083 0.062037 0.65655
11 0.728385 0.0402778 0.0265625 0.0546296 0.683327
2 0.317448 0.118519 0.0515625 0.0703704 0.753175
7 0.498437 0.276852 0.115625 0.166667 0.892951
2 0.728906 0.417593 0.123438 0.17037 0.910889
