2 0.238281 0.140741 0.0192708 0.0425926 0.00103666
7 0.985937 0.526389 0.0270833 0.19537 0.00104792
2 0.525521 0.119444 0.0239583 0.0444444 0.00105744
7 0.144792 0.0893519 0.0666667 0.0805556 0.00107708
9 0.18724 0.0810185 0.00677083 0.0231481 0.00115332
2 0.292188 0.106481 0.0875 0.0944444 0.00116494
2 0.269792 0.0541667 0.01875 0.0361111 0.00123095
12 0.702083 0.231019 0.0208333 0.202778 0.00128965
58 0.920573 0.183333 0.158854 0.361111 0.00135449
2 0.255208 0.0865741 0.0197917 0.0361111 0.00136384
7 0.275521 0.0731481 0.0385417 0.142593 0.00141635
1 0.0114583 0.386111 0.0229167 0.133333 0.00165629
2 0.778125 0.103241 0.0291667 0.0472222 0.00168107
2 0.56224 0.11713 0.232812 0.0842593 0.00169697
9 0.291146 0.0509259 0.00833333 0.0407407 0.00174909
9 0.547917 0.0532407 0.0104167 0.0231481 0.0017727
0 0.73099 0.372685 0.0286458 0.0287037 0.0017955
2 0.275521 0.113426 0.025 0.0527778 0.00185233
2 0.327083 0.109722 0.0354167 0.0509259 0.00187478
2 0.593229 0.121759 0.0177083 0.0305556 0.00190297
9 0.275521 0.0384259 0.0385417 0.075 0.00191897
0 0.75625 0.373611 0.021875 0.0342593 0.00203391
11 0.220573 0.0657407 0.0515625 0.0555556 0.00204915
9 0.263802 0.0907407 0.0078125 0.0425926 0.00207622
2 0.285156 0.0768519 0.0182292 0.0277778 0.00208835
12 0.692969 0.162963 0.00677083 0.0407407 0.00238839
7 0.236979 0.0675926 0.0166667 0.0462963 0.00243036
7 0.470573 0.127778 0.0369792 0.0444444 0.00243455
12 0.994792 0.498611 0.009375 0.143519 0.0025469
9 0.573698 0.0300926 0.0151042 0.0583333 0.00255419
13 0.96276 0.553704 0.0411458 0.0462963 0.00337233
7 0.786458 0.0634259 0.021875 0.0601852 0.00350391
2 0.813802 0.074537 0.0182292 0.0194444 0.00360051
9 0.217708 0.10463 0.00833333 0.0407407 0.00366562
2 0.266406 0.0986111 0.0109375 0.0564815 0.00367528
9 0.269792 0.05 0.01875 0.0351852 0.00367677
32 0.460156 0.356481 0.0109375 0.0148148 0.00375019
9 0.990365 0.517593 0.0182292 0.177778 0.00383735
58 0.968229 0.494444 0.0302083 0.0851852 0.00384674
2 0.291406 0.0703704 0.0109375 0.012963 0.00398265
13 0.993229 0.519444 0.0125 0.177778 0.00412787
12 0.701823 0.156944 0.0192708 0.0527778 0.00440317
9 0.49974 0.602315 0.0140625 0.0416667 0.00491958
2 0.53151 0.112037 0.0140625 0.0444444 0.00506867
13 0.0145833 0.36713 0.0291667 0.0509259 0.00510349
0 0.716146 0.372222 0.025 0.0259259 0.00531459
32 0.454427 0.314815 0.0078125 0.0148148 0.00531594
2 0.483333 0.109722 0.0395833 0.062037 0.00533084
2 0.442448 0.0856481 0.0140625 0.0231481 0.00535626
2 0.00390625 0.413889 0.0078125 0.0740741 0.00538177
9 0.21276 0.062963 0.0359375 0.0574074 0.0054414
13 0.0143229 0.394907 0.0286458 0.112037 0.00561606
9 0.26901 0.0300926 0.0223958 0.0564815 0.00567394
7 0.970573 0.529167 0.0578125 0.208333 0.00604613
13 0.00416667 0.402778 0.00833333 0.0944444 0.00673388
11 0.23724 0.0689815 0.0161458 0.0435185 0.0087308
13 0.985417 0.522685 0.028125 0.187963 0.00896295
2 0.60625 0.0597222 0.009375 0.0268519 0.00899572
2 0.269792 0.110185 0.0125 0.037037 0.00963733
13 0.970573 0.532407 0.0578125 0.194444 0.0108124
0 0.286458 0.116204 0.015625 0.0675926 0.011813
0 0.75651 0.087037 0.0130208 0.0759259 0.0143947
9 0.442187 0.0861111 0.0135417 0.0240741 0.0146633
9 0.566927 0.0476852 0.0078125 0.0231481 0.0149919
9 0.219792 0.0884259 0.009375 0.0101852 0.0160617
7 0.292969 0.107407 0.0286458 0.0833333 0.0178613
5 0.21276 0.0615741 0.0338542 0.0564815 0.0203878
2 0.634115 0.140278 0.0119792 0.0453704 0.0222134
7 0.213021 0.0615741 0.0354167 0.0583333 0.0234828
2 0.785417 0.0875 0.015625 0.0212963 0.0249392
9 0.502083 0.759722 0.0125 0.0527778 0.0304957
2 0.289062 0.11713 0.0197917 0.0638889 0.0382322
2 0.446354 0.128241 0.025 0.037963 0.0926742
2 0.480208 0.0986111 0.0229167 0.0231481 0.105885
2 0.472135 0.10787 0.0296875 0.0361111 0.106429
2 0.321615 0.0842593 0.0369792 0.0333333 0.280533
2 0.627083 0.121296 0.0260417 0.0518519 0.395064
2 0.507812 0.106944 0.0385417 0.0712963 0.494867
10 0.204167 0.314815 0.0166667 0.0703704 0.723364
2 0.317969 0.121759 0.0505208 0.0694444 0.730243
11 0.728646 0.0421296 0.0270833 0.0527778 0.789121
7 0.485677 0.166667 0.0692708 0.114815 0.810135
2 0.729427 0.42037 0.123438 0.17037 0.906917
