2 0.785677 0.0819444 0.0151042 0.0231481 0.00100302
2 0.0117188 0.4 0.0234375 0.107407 0.00101924
12 0.9875 0.518056 0.0239583 0.175 0.00102571
9 0.3625 0.0444444 0.009375 0.0314815 0.00103827
0 0.729167 0.370833 0.0302083 0.0305556 0.00104842
9 0.261979 0.0472222 0.0145833 0.0425926 0.0010661
2 0.238021 0.139352 0.0208333 0.0416667 0.00106864
0 0.186979 0.116667 0.00625 0.0388889 0.00114105
7 0.267448 0.0958333 0.0161458 0.0583333 0.00124868
2 0.65651 0.135648 0.0776042 0.0824074 0.00128439
9 0.360156 0.0652778 0.00885417 0.0194444 0.00133382
2 0.254948 0.0865741 0.0192708 0.0361111 0.00135964
9 0.585677 0.0435185 0.0140625 0.037037 0.00138685
9 0.566146 0.0300926 0.0166667 0.0564815 0.00141267
9 0.548177 0.0523148 0.0109375 0.0231481 0.00147508
2 0.776042 0.106481 0.0229167 0.0296296 0.00147629
2 0.425521 0.108796 0.313542 0.0824074 0.0015959
2 0.629948 0.388889 0.364062 0.238889 0.00171272
1 0.0348958 0.174074 0.0489583 0.0518519 0.00180629
9 0.236979 0.0680556 0.0177083 0.0435185 0.0018085
12 0.692708 0.162963 0.00833333 0.0407407 0.0018229
2 0.814583 0.0736111 0.0177083 0.0212963 0.00195888
2 0.265104 0.099537 0.0114583 0.0546296 0.00212693
13 0.961458 0.551852 0.0395833 0.0388889 0.00218582
13 0.992708 0.51713 0.0135417 0.171296 0.00229822
58 0.968229 0.493981 0.0302083 0.0916667 0.00261574
2 0.568229 0.107407 0.245833 0.0648148 0.0026267
2 0.461198 0.10787 0.154687 0.0638889 0.00266965
0 0.283594 0.0916667 0.00989583 0.0444444 0.00288991
0 0.715365 0.371296 0.0265625 0.0277778 0.00291483
2 0.446615 0.113889 0.0265625 0.0259259 0.00293289
7 0.275 0.0689815 0.0395833 0.136111 0.00294197
2 0.605469 0.0587963 0.00989583 0.0287037 0.00294714
7 0.970052 0.529167 0.0588542 0.206481 0.00332173
7 0.144531 0.087963 0.0661458 0.0833333 0.00339159
2 0.282813 0.0777778 0.0229167 0.0296296 0.00346977
13 0.973698 0.519444 0.0515625 0.177778 0.00354021
13 0.970312 0.569444 0.0583333 0.0833333 0.00410367
1 0.00442708 0.408796 0.00885417 0.0842593 0.00443511
9 0.99375 0.503704 0.0114583 0.146296 0.00468268
1 0.0117188 0.368056 0.0234375 0.0509259 0.00486363
1 0.00989583 0.398611 0.0197917 0.110185 0.00512474
2 0.00442708 0.410185 0.00885417 0.0814815 0.00522097
0 0.75625 0.0907407 0.0145833 0.0796296 0.00546174
9 0.292448 0.05 0.0078125 0.0425926 0.00661786
2 0.442187 0.0856481 0.0145833 0.0231481 0.00665929
9 0.499479 0.601389 0.015625 0.0416667 0.00719202
2 0.290885 0.0708333 0.0119792 0.0138889 0.00725007
0 0.286458 0.1125 0.015625 0.0731481 0.00725479
2 0.784115 0.0898148 0.0140625 0.0185185 0.00773537
9 0.442187 0.0865741 0.0145833 0.0231481 0.0109846
9 0.502344 0.759259 0.0130208 0.0537037 0.0113926
2 0.292969 0.106481 0.0223958 0.0666667 0.0123934
7 0.220052 0.0625 0.0515625 0.0564815 0.0125132
9 0.26875 0.0347222 0.0229167 0.0657407 0.013833
9 0.566406 0.0462963 0.00885417 0.0240741 0.0149904
5 0.219271 0.0634259 0.0489583 0.0546296 0.0169992
2 0.270312 0.0981481 0.015625 0.0574074 0.0174935
0 0.633854 0.143981 0.0125 0.0509259 0.030631
2 0.461198 0.111574 0.0119792 0.037963 0.0634707
2 0.479948 0.108333 0.0213542 0.0444444 0.267559
2 0.467448 0.109259 0.0213542 0.0425926 0.273001
2 0.321094 0.0842593 0.0380208 0.0333333 0.408257
2 0.626823 0.119444 0.0265625 0.0518519 0.429156
2 0.505729 0.101852 0.04375 0.062963 0.580375
10 0.203906 0.314815 0.0161458 0.0703704 0.656508
2 0.317969 0.12037 0.0515625 0.0685185 0.766879
11 0.728906 0.0402778 0.0265625 0.0527778 0.788068
7 0.515885 0.312963 0.125521 0.17963 0.88139
2 0.729427 0.417593 0.123438 0.172222 0.906369
