13 0.984375 0.523148 0.0302083 0.17963 0.00105173
2 0.197396 0.119444 0.0197917 0.0314815 0.00105315
2 0.288802 0.087037 0.0286458 0.0518519 0.00105466
0 0.75625 0.374074 0.0208333 0.0333333 0.00107544
2 0.538281 0.113889 0.0109375 0.0407407 0.001087
9 0.547396 0.0615741 0.0104167 0.025 0.00109262
13 0.961458 0.555556 0.0395833 0.0388889 0.00113983
9 0.415625 0.0101852 0.015625 0.0203704 0.00120619
9 0.26276 0.0884259 0.0078125 0.0361111 0.00125942
12 0.702083 0.164352 0.021875 0.0361111 0.00132026
2 0.443229 0.0912037 0.015625 0.0324074 0.0013294
7 0.990625 0.518981 0.0177083 0.178704 0.0013303
9 0.29349 0.0560185 0.00885417 0.037963 0.00134595
2 0.336719 0.108796 0.0171875 0.0472222 0.00135277
2 0.760417 0.130093 0.0104167 0.0361111 0.00135428
2 0.23776 0.107407 0.0171875 0.0388889 0.00151091
2 0.817448 0.237037 0.00885417 0.037037 0.00151635
9 0.502344 0.760648 0.0130208 0.0564815 0.00152064
0 0.728125 0.372222 0.0322917 0.0314815 0.00154336
9 0.263021 0.0388889 0.0104167 0.0444444 0.00156669
2 0.747917 0.155093 0.0166667 0.0175926 0.00157935
2 0.363542 0.0694444 0.0114583 0.0240741 0.00159559
32 0.454427 0.316204 0.0078125 0.0157407 0.00173908
12 0.694271 0.164352 0.00729167 0.0361111 0.00179553
58 0.920573 0.183333 0.158854 0.362963 0.00180121
0 0.75625 0.133796 0.0135417 0.0416667 0.00189062
9 0.257552 0.0736111 0.00989583 0.0453704 0.00190655
2 0.744271 0.174537 0.0208333 0.0287037 0.00208347
9 0.569792 0.0319444 0.0135417 0.0583333 0.00210978
9 0.252865 0.087037 0.0130208 0.0333333 0.00211384
2 0.263542 0.108333 0.00833333 0.0444444 0.00212548
9 0.220573 0.0888889 0.0109375 0.0166667 0.00216172
2 0.554688 0.113426 0.3 0.0712963 0.00222453
9 0.563021 0.0513889 0.01875 0.025 0.00228801
2 0.407292 0.113426 0.270833 0.075 0.00229802
12 0.99375 0.519444 0.0114583 0.168519 0.00234683
11 0.2375 0.0699074 0.0166667 0.0453704 0.00237663
2 0.0114583 0.368056 0.0229167 0.0490741 0.0024169
2 0.753646 0.156019 0.0104167 0.0175926 0.00248771
9 0.269792 0.024537 0.0197917 0.0305556 0.00260925
11 0.233333 0.0462963 0.0395833 0.0907407 0.00277696
9 0.270052 0.0513889 0.0192708 0.037963 0.00288551
5 0.214323 0.0634259 0.0338542 0.0527778 0.00288605
2 0.266146 0.1 0.0114583 0.0537037 0.00327379
2 0.469531 0.112963 0.0817708 0.062963 0.00363543
2 0.407292 0.125926 0.0364583 0.0444444 0.00375356
9 0.214323 0.0606481 0.0328125 0.0490741 0.00408059
2 0.00494792 0.558333 0.00989583 0.0425926 0.00420588
2 0.771875 0.113426 0.0145833 0.025 0.00429923
2 0.778906 0.105556 0.0276042 0.037037 0.00503994
13 0.0111979 0.396759 0.0223958 0.112037 0.00531141
2 0.282292 0.0935185 0.00729167 0.0296296 0.00607538
2 0.284115 0.105093 0.0119792 0.0657407 0.00614891
0 0.714844 0.372222 0.0234375 0.0277778 0.00625766
2 0.579687 0.127315 0.04375 0.0305556 0.00696567
9 0.36276 0.0694444 0.00989583 0.0240741 0.00699956
0 0.757552 0.0791667 0.0119792 0.0527778 0.0078979
7 0.219531 0.0726852 0.0536458 0.0694444 0.00821863
1 0.00963542 0.394907 0.0192708 0.110185 0.00830913
13 0.00442708 0.402315 0.00885417 0.100926 0.00841235
9 0.442969 0.087963 0.0140625 0.0259259 0.00896708
2 0.238542 0.143056 0.0177083 0.037963 0.0092766
5 0.219271 0.0800926 0.053125 0.0787037 0.00945209
9 0.992969 0.500463 0.0130208 0.132407 0.00986682
2 0.813802 0.075 0.0203125 0.0203704 0.0106657
11 0.240365 0.0328704 0.0213542 0.062037 0.0122246
2 0.009375 0.404167 0.01875 0.0972222 0.0153117
2 0.444792 0.11713 0.021875 0.025 0.0159296
2 0.270573 0.1125 0.0119792 0.0361111 0.0198573
9 0.207813 0.0680556 0.0177083 0.0398148 0.0258278
2 0.786458 0.0902778 0.0166667 0.0212963 0.0309295
2 0.635417 0.147685 0.0114583 0.0546296 0.0355943
2 0.00416667 0.409722 0.00833333 0.087963 0.0373955
11 0.60651 0.0611111 0.00989583 0.0240741 0.0471808
0 0.635417 0.148148 0.0104167 0.05 0.0619756
2 0.593229 0.127778 0.0166667 0.0222222 0.071336
9 0.567708 0.0490741 0.009375 0.0240741 0.0967818
2 0.300521 0.105093 0.0375 0.0768519 0.148324
2 0.465104 0.1125 0.0177083 0.0398148 0.225616
2 0.322135 0.0888889 0.0369792 0.0333333 0.282317
2 0.479948 0.110648 0.0213542 0.0435185 0.317445
2 0.628125 0.121296 0.025 0.05 0.34573
7 0.50625 0.105556 0.0427083 0.062963 0.369415
2 0.50625 0.105093 0.0427083 0.0638889 0.444367
10 0.204167 0.315741 0.0166667 0.0722222 0.753998
2 0.31901 0.122222 0.0505208 0.0722222 0.758466
11 0.729427 0.0425926 0.0265625 0.0537037 0.763146
2 0.401302 0.134722 0.0515625 0.0731481 0.834301
2 0.730208 0.419444 0.122917 0.172222 0.918937
