2 0.236719 0.0777778 0.0192708 0.062963 0.00101365
7 0.228125 0.103241 0.0364583 0.0842593 0.00102857
0 0.756771 0.374074 0.0208333 0.0333333 0.0010721
2 0.530729 0.111574 0.0125 0.0435185 0.00108962
7 0.208073 0.0671296 0.0234375 0.0453704 0.00109417
32 0.454167 0.315741 0.00833333 0.0148148 0.00110953
9 0.845833 0.177315 0.00625 0.0268519 0.00113825
9 0.276042 0.0388889 0.0375 0.0759259 0.00118945
2 0.536719 0.109722 0.0109375 0.0490741 0.00123064
9 0.5 0.603241 0.0145833 0.0398148 0.0012586
2 0.654427 0.137037 0.0807292 0.087037 0.00134385
9 0.252865 0.0875 0.0140625 0.0361111 0.00134416
2 0.640885 0.152315 0.0192708 0.062037 0.00135425
9 0.561979 0.050463 0.0197917 0.025 0.00138224
7 0.970573 0.506481 0.0567708 0.159259 0.00138531
12 0.695052 0.161111 0.00885417 0.0425926 0.00140538
2 0.783854 0.102778 0.0385417 0.0555556 0.0014436
9 0.559375 0.0287037 0.0208333 0.0481481 0.00144537
2 0.588021 0.421759 0.6 0.180556 0.00146705
1 0.00625 0.359722 0.0125 0.0805556 0.00148851
2 0.0244792 0.354167 0.0479167 0.0287037 0.00168895
7 0.270312 0.0328704 0.025 0.0601852 0.00169359
9 0.995313 0.531018 0.00833333 0.0398148 0.00194114
9 0.176563 0.510648 0.0375 0.0416667 0.00200232
2 0.79401 0.0847222 0.0307292 0.0305556 0.00206028
9 0.415885 0.0125 0.0161458 0.025 0.00222467
0 0.263021 0.103241 0.009375 0.0527778 0.00225375
12 0.702344 0.136111 0.0234375 0.0814815 0.00236862
2 0.00546875 0.0935185 0.0109375 0.0444444 0.00238127
9 0.43776 0.200926 0.00885417 0.037037 0.00243711
12 0.98724 0.518056 0.0244792 0.173148 0.00260216
9 0.990625 0.505093 0.0177083 0.14537 0.00264722
9 0.588281 0.0393519 0.0151042 0.0453704 0.00269987
7 0.986979 0.524537 0.025 0.19537 0.00274151
2 0.96224 0.553704 0.0390625 0.0407407 0.00278447
12 0.702083 0.164352 0.0208333 0.037963 0.00288529
7 0.278906 0.074537 0.0338542 0.137963 0.00309518
0 0.714323 0.371296 0.0255208 0.0296296 0.00312299
2 0.454688 0.0972222 0.0395833 0.0555556 0.00317291
11 0.236979 0.0689815 0.0177083 0.0435185 0.00330791
2 0.034375 0.0675926 0.021875 0.0240741 0.00365217
2 0.527344 0.105093 0.136979 0.0675926 0.0040553
2 0.238802 0.140741 0.0192708 0.0425926 0.00437341
2 0.363802 0.0685185 0.0119792 0.0222222 0.00438324
2 0.238802 0.107407 0.0171875 0.0407407 0.00438369
2 0.0539063 0.0675926 0.0505208 0.0314815 0.00442386
2 0.269271 0.0597222 0.01875 0.0305556 0.00478082
2 0.395312 0.106019 0.235417 0.0935185 0.00496617
9 0.270052 0.0199074 0.0203125 0.0342593 0.0060114
7 0.790104 0.0662037 0.0291667 0.0638889 0.00638805
9 0.582812 0.037037 0.0135417 0.0518519 0.00670855
5 0.220313 0.0671296 0.05 0.0564815 0.00681516
2 0.00520833 0.374074 0.0104167 0.0592593 0.00748121
12 0.994271 0.497685 0.0104167 0.134259 0.008734
9 0.502344 0.758796 0.0130208 0.0546296 0.00887505
0 0.755729 0.0912037 0.0145833 0.0731481 0.00984126
9 0.574219 0.0310185 0.0151042 0.0601852 0.0105186
11 0.60599 0.0601852 0.00989583 0.0240741 0.0118478
2 0.0145833 0.368981 0.0291667 0.0564815 0.0134251
2 0.635417 0.146296 0.0104167 0.05 0.015815
0 0.635677 0.148611 0.00989583 0.0509259 0.0166708
13 0.00625 0.397222 0.0125 0.107407 0.0173109
1 0.0122396 0.394444 0.0244792 0.114815 0.0174067
2 0.271615 0.105093 0.0151042 0.0490741 0.0186544
2 0.786458 0.0893519 0.015625 0.0231481 0.0205185
2 0.592448 0.127778 0.0171875 0.0222222 0.0238703
13 0.0138021 0.394907 0.0276042 0.113889 0.0242043
2 0.489844 0.106481 0.0192708 0.0537037 0.0285188
0 0.44349 0.087037 0.0130208 0.0333333 0.0293871
7 0.220573 0.0671296 0.0505208 0.0712963 0.0504192
9 0.567187 0.0481481 0.00833333 0.0240741 0.0686007
2 0.321875 0.0888889 0.0395833 0.037037 0.205571
2 0.471875 0.110185 0.0322917 0.0444444 0.223079
2 0.299479 0.106019 0.0395833 0.0805556 0.313446
2 0.459375 0.0731481 0.0447917 0.0407407 0.453024
2 0.627344 0.121759 0.0255208 0.0509259 0.473043
2 0.505729 0.104167 0.0427083 0.062037 0.598566
2 0.419792 0.0675926 0.040625 0.0259259 0.64932
2 0.31849 0.12037 0.0505208 0.0722222 0.721176
10 0.204167 0.31713 0.0166667 0.0712963 0.742007
11 0.729688 0.0425926 0.0270833 0.0555556 0.784714
2 0.729688 0.419444 0.122917 0.172222 0.91991
