1 0.0119792 0.36713 0.0239583 0.0601852 0.00100428
13 0.0138021 0.39213 0.0276042 0.117593 0.00105546
2 0.27474 0.1125 0.0244792 0.0583333 0.00112911
9 0.489323 0.980093 0.0140625 0.037963 0.00114158
2 0.99401 0.518981 0.0109375 0.167593 0.00114254
9 0.469792 0.412963 0.0104167 0.0277778 0.00118279
2 0.784115 0.0902778 0.0119792 0.0175926 0.00118439
0 0.255208 0.133333 0.0145833 0.0518519 0.0011852
9 0.231771 0.0625 0.0270833 0.0361111 0.0011895
2 0.463802 0.112963 0.0171875 0.0444444 0.00120049
0 0.529948 0.288426 0.571354 0.510185 0.00121025
13 0.971094 0.525 0.0567708 0.185185 0.0012359
10 0.773958 0.123611 0.01875 0.0435185 0.00123659
2 0.0322917 0.153241 0.0645833 0.0842593 0.00127865
0 0.576042 0.402778 0.0354167 0.0296296 0.00128122
2 0.57474 0.106019 0.293229 0.0805556 0.00132597
0 0.604948 0.396296 0.0203125 0.0222222 0.00132749
9 0.294271 0.0518519 0.009375 0.037037 0.00132847
0 0.385417 0.531482 0.08125 0.285185 0.00137886
2 0.661458 0.151852 0.0666667 0.0703704 0.00147032
2 0.00390625 0.372685 0.0078125 0.0712963 0.00148055
0 0.755729 0.100926 0.0135417 0.0703704 0.00152854
9 0.26849 0.0606481 0.0171875 0.0305556 0.00164391
9 0.260417 0.0393519 0.0125 0.0564815 0.00169778
7 0.971094 0.527778 0.0567708 0.198148 0.00170088
9 0.995573 0.531944 0.0078125 0.0361111 0.00179986
2 0.299479 0.106019 0.08125 0.0916667 0.00199423
0 0.596354 0.400926 0.0208333 0.0203704 0.00204757
12 0.988021 0.498148 0.0229167 0.125926 0.00214392
0 0.2625 0.10787 0.009375 0.0472222 0.00235335
11 0.240104 0.0347222 0.0229167 0.0657407 0.00238556
1 0.00390625 0.393981 0.0078125 0.112037 0.00242717
11 0.235417 0.0675926 0.0208333 0.0425926 0.00251967
0 0.757031 0.375 0.0203125 0.0296296 0.00264862
2 0.773958 0.120833 0.0177083 0.037963 0.00268033
9 0.989844 0.502315 0.0192708 0.134259 0.00272123
13 0.00416667 0.395833 0.00833333 0.108333 0.00290981
2 0.632292 0.140741 0.0166667 0.0537037 0.00294548
9 0.36224 0.0689815 0.00989583 0.0231481 0.0032325
9 0.25651 0.0791667 0.00989583 0.0453704 0.0032479
2 0.388802 0.107407 0.242188 0.087037 0.00339516
9 0.438542 0.196296 0.0125 0.0333333 0.00351997
2 0.267969 0.0967593 0.0119792 0.0546296 0.00356877
0 0.732031 0.37037 0.0380208 0.0314815 0.00361518
9 0.253385 0.087037 0.0119792 0.0388889 0.00379157
0 0.635156 0.148148 0.0109375 0.05 0.00406803
12 0.995052 0.493519 0.00885417 0.124074 0.00425423
0 0.560938 0.382407 0.021875 0.0259259 0.00426737
9 0.2625 0.087963 0.00833333 0.0388889 0.0044321
2 0.363542 0.0680556 0.0125 0.0212963 0.004974
0 0.563281 0.39537 0.0255208 0.0314815 0.00556557
9 0.995313 0.492593 0.00833333 0.127778 0.00597716
9 0.567448 0.0476852 0.00885417 0.0231481 0.00669051
7 0.217708 0.0689815 0.05625 0.062037 0.00673082
5 0.217708 0.0666667 0.05625 0.0574074 0.00678637
9 0.220833 0.0898148 0.0104167 0.012963 0.00689313
9 0.500521 0.603241 0.015625 0.0416667 0.00691311
9 0.269792 0.0328704 0.021875 0.0601852 0.00777098
2 0.303125 0.0819444 0.0302083 0.0342593 0.00848452
2 0.239063 0.14213 0.01875 0.0398148 0.0107106
0 0.713542 0.371296 0.021875 0.0259259 0.0116498
32 0.454167 0.314352 0.00729167 0.012037 0.0118856
9 0.206771 0.0685185 0.015625 0.0388889 0.0119703
2 0.646354 0.430556 0.3125 0.185185 0.0129626
2 0.286979 0.111111 0.0177083 0.0703704 0.0129689
11 0.60625 0.0597222 0.009375 0.0231481 0.0130414
2 0.461719 0.0884259 0.0484375 0.0657407 0.0161102
1 0.810156 0.338426 0.0213542 0.0916667 0.0164445
2 0.272917 0.110185 0.0166667 0.037037 0.0226392
2 0.592448 0.129167 0.0171875 0.0194444 0.0235411
9 0.502865 0.760185 0.0119792 0.0537037 0.0351701
9 0.222656 0.0615741 0.0109375 0.0398148 0.0397581
0 0.44375 0.0976852 0.015625 0.0527778 0.0481453
2 0.298177 0.108796 0.0369792 0.0824074 0.0912143
7 0.297656 0.10787 0.0380208 0.0842593 0.109121
7 0.458073 0.0662037 0.0432292 0.037963 0.11843
2 0.458073 0.0671296 0.0432292 0.037963 0.12189
2 0.628125 0.121759 0.025 0.0509259 0.124697
2 0.448438 0.0643518 0.021875 0.0342593 0.174149
2 0.322917 0.0856481 0.0385417 0.0361111 0.371111
2 0.430729 0.0689815 0.0166667 0.025 0.434667
2 0.473177 0.108796 0.0338542 0.0472222 0.507462
2 0.50625 0.104167 0.0427083 0.0638889 0.577998
2 0.31901 0.122222 0.0505208 0.0703704 0.691098
11 0.729948 0.0425926 0.0265625 0.0574074 0.743498
10 0.203906 0.316667 0.0161458 0.0703704 0.811031
2 0.730469 0.418981 0.122396 0.173148 0.914541
2 0.577604 0.439352 0.120833 0.173148 0.919067
