7 0.78724 0.0597222 0.0244792 0.062037 0.00100036
7 0.147135 0.0921296 0.0661458 0.0824074 0.00102697
0 0.44974 0.34537 0.776563 0.192593 0.00106967
2 0.363281 0.0662037 0.0119792 0.0194444 0.00107645
9 0.447135 0.2625 0.0109375 0.0546296 0.00110037
0 0.361719 0.0689815 0.00885417 0.0268519 0.00111334
0 0.536719 0.265741 0.571354 0.455556 0.00114701
7 0.213281 0.0638889 0.0369792 0.0555556 0.00122261
2 0.444792 0.100463 0.021875 0.0509259 0.00129646
9 0.438802 0.191667 0.0130208 0.037037 0.00133344
2 0.00885417 0.403241 0.0177083 0.108333 0.00134527
2 0.0104167 0.129167 0.0208333 0.0342593 0.00135934
0 0.763802 0.661111 0.0661458 0.164815 0.00141424
0 0.388802 0.294444 0.0203125 0.0351852 0.00144708
9 0.284896 0.0643518 0.01875 0.119444 0.00149391
2 0.572917 0.106944 0.334375 0.0787037 0.00153495
32 0.460417 0.355556 0.009375 0.0148148 0.00153598
9 0.260417 0.0717593 0.0125 0.0564815 0.00189455
2 0.589063 0.424074 0.717708 0.185185 0.00193508
12 0.701563 0.163426 0.01875 0.0398148 0.00223358
2 0.592188 0.126389 0.0177083 0.025 0.00224018
9 0.00494792 0.0175926 0.00989583 0.0351852 0.00225594
9 0.253906 0.087963 0.0140625 0.0388889 0.00233613
2 0.816927 0.229167 0.00989583 0.0472222 0.00244365
0 0.263542 0.101389 0.00833333 0.0527778 0.00247271
1 0.0114583 0.368981 0.0229167 0.0583333 0.00248918
5 0.214583 0.0611111 0.0354167 0.0537037 0.00250902
0 0.756771 0.0722222 0.0114583 0.05 0.00256335
9 0.360417 0.0652778 0.009375 0.0194444 0.00271141
2 0.295833 0.106019 0.0760417 0.0916667 0.00272716
11 0.23724 0.0680556 0.0161458 0.0435185 0.0027754
2 0.605729 0.0606481 0.009375 0.025 0.00278747
0 0.757292 0.374074 0.01875 0.0314815 0.00292746
9 0.36224 0.0449074 0.00885417 0.0305556 0.00303699
2 0.416406 0.108333 0.318229 0.0851852 0.0030649
9 0.23724 0.0708333 0.0140625 0.0416667 0.00307914
9 0.548177 0.049537 0.0109375 0.025 0.00313763
1 0.0132813 0.395833 0.0265625 0.115741 0.00322021
11 0.240625 0.0337963 0.021875 0.0657407 0.00324397
0 0.188542 0.729167 0.177083 0.493519 0.00329859
9 0.240365 0.0384259 0.0213542 0.0768519 0.0033468
2 0.441406 0.107407 0.166146 0.0685185 0.00351707
9 0.220052 0.101852 0.0109375 0.037037 0.00358
0 0.730208 0.371759 0.03125 0.0287037 0.003721
9 0.261979 0.0407407 0.0145833 0.0592593 0.00383456
7 0.971354 0.528241 0.05625 0.199074 0.00390386
0 0.755729 0.0902778 0.0145833 0.0861111 0.00401951
12 0.69401 0.162963 0.00677083 0.0388889 0.00448323
2 0.269271 0.109259 0.0104167 0.037037 0.00473523
12 0.702083 0.139815 0.0208333 0.087037 0.00500334
9 0.263021 0.0930556 0.009375 0.0472222 0.00520708
9 0.454427 0.313889 0.0078125 0.0166667 0.00536172
9 0.502083 0.759722 0.0125 0.0583333 0.00566152
9 0.207031 0.0648148 0.0171875 0.037037 0.00581079
9 0.5 0.601389 0.0145833 0.0398148 0.00589011
0 0.282292 0.0888889 0.00729167 0.0296296 0.00692664
19 0.442448 0.0856481 0.0140625 0.025 0.00736876
9 0.291927 0.0685185 0.00989583 0.0185185 0.00844712
9 0.994271 0.518056 0.0104167 0.169444 0.00853154
9 0.266406 0.0972222 0.0109375 0.0537037 0.00880419
1 0.00442708 0.392593 0.00885417 0.12037 0.00953253
9 0.292448 0.0546296 0.00885417 0.0425926 0.010045
9 0.966146 0.502778 0.0239583 0.0740741 0.0102593
2 0.00364583 0.412037 0.00729167 0.0814815 0.0105594
2 0.442448 0.0861111 0.0140625 0.0259259 0.0117916
2 0.785937 0.087963 0.015625 0.0185185 0.0141117
0 0.714063 0.370833 0.021875 0.025 0.0143615
9 0.565365 0.0328704 0.0109375 0.0546296 0.014654
9 0.558594 0.0300926 0.0286458 0.0583333 0.0149968
9 0.220573 0.0902778 0.00989583 0.0157407 0.0150027
0 0.379948 0.294907 0.0234375 0.0324074 0.0203673
0 0.354688 0.293056 0.021875 0.0342593 0.0229277
2 0.461719 0.111111 0.0130208 0.037037 0.0251401
9 0.973437 0.499537 0.0385417 0.123148 0.028861
0 0.634115 0.146759 0.0130208 0.0546296 0.0297339
7 0.298177 0.107407 0.0348958 0.0796296 0.0320263
2 0.292188 0.111574 0.0270833 0.0787037 0.0404095
9 0.567187 0.0472222 0.00833333 0.0240741 0.0450847
9 0.26901 0.0356481 0.0234375 0.0675926 0.0478631
0 0.369792 0.294907 0.0177083 0.0305556 0.0529433
9 0.222135 0.0574074 0.0109375 0.0333333 0.0691368
2 0.627344 0.122685 0.0255208 0.0546296 0.302241
2 0.322396 0.0861111 0.0385417 0.037037 0.310751
2 0.473437 0.108333 0.0333333 0.0444444 0.407467
2 0.505469 0.103241 0.0432292 0.0638889 0.542816
2 0.317708 0.121296 0.0510417 0.0703704 0.737986
11 0.729427 0.0425926 0.0276042 0.0555556 0.750518
10 0.203906 0.315741 0.0161458 0.0703704 0.809373
2 0.729948 0.419907 0.122396 0.169444 0.909388
2 0.360417 0.333333 0.107292 0.146296 0.916299
