1 0.2125 0.318056 0.0302083 0.0842593 0.00103128
0 0.433333 0.366204 0.569792 0.423148 0.00104943
13 0.952344 0.42037 0.0942708 0.146296 0.00109292
2 0.269792 0.0726852 0.0197917 0.0472222 0.00110937
9 0.261979 0.025463 0.0145833 0.0472222 0.00111512
58 0.96875 0.493981 0.03125 0.0898148 0.00114064
9 0.440365 0.221759 0.0130208 0.0416667 0.00118217
2 0.561458 0.422222 0.648958 0.181481 0.00120748
12 0.701823 0.164815 0.0192708 0.037037 0.0013574
2 0.290365 0.0731481 0.0151042 0.0166667 0.0014084
13 0.961979 0.555093 0.0395833 0.0453704 0.00148236
2 0.410417 0.111111 0.2875 0.0796296 0.00154813
1 0.248177 0.323611 0.0203125 0.0768519 0.00156995
9 0.501823 0.760185 0.0130208 0.0518519 0.00161495
9 0.548177 0.0527778 0.0109375 0.0240741 0.00164156
2 0.657552 0.138426 0.0744792 0.0805556 0.00175804
2 0.785156 0.10463 0.0421875 0.0574074 0.00177371
2 0.75599 0.117593 0.0161458 0.0351852 0.00184002
9 0.36224 0.0476852 0.00989583 0.037963 0.00197071
9 0.579687 0.0324074 0.015625 0.0611111 0.00199463
2 0.775781 0.111574 0.0223958 0.037963 0.00212282
2 0.569531 0.110185 0.249479 0.0703704 0.00212515
2 0.471354 0.110185 0.0875 0.062963 0.00216954
9 0.274219 0.0421296 0.0338542 0.0824074 0.00229883
13 0.970833 0.523148 0.0572917 0.187037 0.00230081
0 0.263281 0.0935185 0.0078125 0.0481481 0.00231553
1 0.14375 0.343519 0.0270833 0.0592593 0.00255515
9 0.292969 0.0541667 0.0078125 0.0398148 0.00259994
0 0.0809896 0.159259 0.0119792 0.0333333 0.00268235
2 0.442708 0.106481 0.0177083 0.037037 0.00305761
0 0.716927 0.371296 0.0223958 0.0277778 0.00314104
9 0.26901 0.0462963 0.0203125 0.0425926 0.00315456
12 0.994531 0.515741 0.00989583 0.168519 0.00325654
2 0.442448 0.087963 0.0130208 0.0296296 0.00354389
2 0.651302 0.148148 0.0421875 0.0592593 0.00371718
1 0.00520833 0.403241 0.0104167 0.0990741 0.00387574
7 0.970833 0.526852 0.0572917 0.2 0.00395471
11 0.236979 0.0694444 0.0177083 0.0444444 0.00401307
2 0.305469 0.0824074 0.0244792 0.0351852 0.00403449
2 0.813021 0.0759259 0.01875 0.0166667 0.00411263
9 0.994271 0.500926 0.0104167 0.142593 0.00430007
2 0.238021 0.140741 0.01875 0.0407407 0.00455117
2 0.60599 0.0597222 0.0109375 0.025 0.0045842
9 0.361979 0.0685185 0.00833333 0.0259259 0.00471557
12 0.691667 0.164815 0.009375 0.0388889 0.00518261
2 0.592708 0.125 0.0166667 0.0240741 0.00731754
9 0.213802 0.062037 0.0307292 0.0611111 0.00761659
2 0.791406 0.087037 0.0213542 0.0222222 0.00774957
9 0.458333 0.0662037 0.00729167 0.0287037 0.00845361
2 0.784896 0.0875 0.0135417 0.0231481 0.00882855
0 0.28724 0.110648 0.0182292 0.0787037 0.00972919
0 0.757812 0.0726852 0.0114583 0.0435185 0.0100012
5 0.219531 0.0652778 0.0473958 0.0601852 0.0100689
2 0.270833 0.106481 0.0135417 0.0462963 0.01101
7 0.220052 0.0657407 0.0505208 0.062963 0.0117377
9 0.572917 0.0314815 0.0145833 0.0592593 0.0139984
9 0.269271 0.0222222 0.0197917 0.0407407 0.0154309
2 0.634635 0.140278 0.0109375 0.0472222 0.0235093
1 0.0109375 0.37037 0.021875 0.0703704 0.0243204
9 0.442187 0.087037 0.0125 0.0277778 0.0280276
2 0.491146 0.107407 0.0177083 0.05 0.0377945
2 0.296615 0.10463 0.0338542 0.0759259 0.0423909
24 0.238802 0.263426 0.0265625 0.0546296 0.0446769
9 0.567187 0.0481481 0.00833333 0.0240741 0.0851766
2 0.465885 0.111574 0.0203125 0.0398148 0.213797
2 0.479427 0.109722 0.0203125 0.0435185 0.271564
2 0.322135 0.0856481 0.0369792 0.0342593 0.287926
2 0.627344 0.121759 0.0255208 0.0546296 0.408604
1 0.236979 0.344444 0.0229167 0.1 0.558301
2 0.505729 0.103704 0.0427083 0.062963 0.590992
2 0.317969 0.121296 0.0515625 0.0703704 0.747739
0 0.238542 0.299537 0.0302083 0.130556 0.760413
11 0.728906 0.0430556 0.0276042 0.0564815 0.812246
10 0.204688 0.315741 0.0166667 0.0703704 0.821677
2 0.729427 0.419444 0.122396 0.172222 0.906494
