2 0.98724 0.534722 0.0244792 0.173148 0.00105659
9 0.29349 0.0569444 0.00989583 0.0416667 0.00120796
9 0.252604 0.0865741 0.0135417 0.0342593 0.00125094
9 0.257552 0.075463 0.0109375 0.0490741 0.00125565
2 0.976562 0.500463 0.0458333 0.134259 0.00128371
2 0.646875 0.143981 0.0354167 0.062037 0.00130846
2 0.469271 0.0203704 0.021875 0.0203704 0.00139488
9 0.995573 0.524537 0.0078125 0.037963 0.00146671
2 0.414062 0.113889 0.015625 0.0407407 0.00146869
0 0.254427 0.128704 0.0140625 0.0574074 0.00147618
2 0.647396 0.409722 0.363542 0.202778 0.00151325
12 0.701823 0.163889 0.0203125 0.0388889 0.00173594
9 0.50026 0.603704 0.0151042 0.0425926 0.00177506
9 0.572917 0.0310185 0.0145833 0.0601852 0.00178063
9 0.757812 0.0726852 0.0104167 0.0472222 0.00184664
0 0.716406 0.371759 0.0234375 0.0268519 0.00186879
1 0.0046875 0.366204 0.009375 0.0657407 0.00187899
9 0.469792 0.40787 0.009375 0.0305556 0.00194138
12 0.977083 0.496759 0.0447917 0.126852 0.0021155
0 0.268229 0.109722 0.009375 0.037963 0.00211553
2 0.411198 0.108796 0.250521 0.0675926 0.00212948
0 0.757031 0.087037 0.0130208 0.0740741 0.00215448
9 0.263281 0.0865741 0.00885417 0.0324074 0.00215705
7 0.979948 0.525926 0.0390625 0.203704 0.00217168
13 0.970052 0.527778 0.0588542 0.190741 0.00220948
7 0.322656 0.10787 0.0682292 0.0842593 0.0023019
2 0.442969 0.109722 0.0223958 0.0324074 0.00237664
9 0.207813 0.0680556 0.021875 0.0435185 0.00240399
2 0.363021 0.0662037 0.0125 0.0212963 0.00246792
1 0.809635 0.327315 0.0213542 0.0972222 0.00248888
13 0.993229 0.519444 0.0125 0.172222 0.00256741
32 0.453646 0.314815 0.00833333 0.012963 0.00262277
9 0.990625 0.505556 0.0177083 0.15 0.00273818
2 0.00416667 0.411111 0.00833333 0.0907407 0.00281362
9 0.36224 0.0513889 0.0119792 0.0435185 0.00300107
1 0.00390625 0.400463 0.0078125 0.106481 0.00316014
2 0.566667 0.110185 0.259375 0.0666667 0.00323698
9 0.565365 0.0439815 0.00989583 0.0342593 0.00329435
12 0.702604 0.140741 0.0229167 0.0833333 0.00339751
9 0.215104 0.0555556 0.0302083 0.05 0.00353537
9 0.361458 0.0652778 0.0114583 0.0231481 0.00364442
2 0.289062 0.11713 0.0177083 0.0638889 0.00413021
9 0.266406 0.0981481 0.00989583 0.0518519 0.00414096
9 0.282292 0.0888889 0.00729167 0.0222222 0.00431331
0 0.263281 0.108796 0.0078125 0.0453704 0.00438397
2 0.59349 0.125926 0.0171875 0.0222222 0.0043897
2 0.616406 0.121759 0.0473958 0.0546296 0.00442598
2 0.422135 0.106019 0.0192708 0.0472222 0.00443863
13 0.985937 0.522685 0.0270833 0.184259 0.00447447
0 0.284896 0.113889 0.0125 0.0703704 0.00458522
9 0.220833 0.0875 0.0104167 0.0157407 0.00489795
5 0.220573 0.062963 0.0494792 0.062963 0.00534647
2 0.785156 0.0907407 0.0161458 0.0222222 0.00578365
2 0.442187 0.087963 0.0135417 0.0277778 0.00613527
2 0.30599 0.0819444 0.0223958 0.0342593 0.0061834
0 0.36224 0.0666667 0.0109375 0.0314815 0.00751039
7 0.219531 0.062037 0.0484375 0.0685185 0.00819434
11 0.236979 0.0689815 0.0166667 0.0435185 0.00843523
2 0.480208 0.109259 0.059375 0.0537037 0.008608
9 0.994531 0.489815 0.00989583 0.118519 0.00898413
9 0.442448 0.0865741 0.0119792 0.025 0.00970836
7 0.297135 0.0986111 0.0276042 0.0657407 0.0116932
11 0.60599 0.0601852 0.00989583 0.0240741 0.0149339
2 0.29401 0.101852 0.0276042 0.0685185 0.0160752
9 0.567448 0.0481481 0.0078125 0.0240741 0.0174482
2 0.293229 0.0726852 0.0114583 0.0175926 0.0178005
9 0.502604 0.760185 0.0125 0.0537037 0.0298436
0 0.635156 0.142593 0.0109375 0.05 0.0402193
9 0.269271 0.0365741 0.021875 0.0694444 0.0458441
0 0.627083 0.129167 0.0239583 0.0416667 0.0603747
2 0.486719 0.108796 0.0161458 0.0472222 0.0715296
2 0.429688 0.114815 0.0125 0.0314815 0.1628
2 0.627604 0.118981 0.025 0.0453704 0.17885
2 0.479948 0.110185 0.0203125 0.0425926 0.225015
2 0.322396 0.0865741 0.0385417 0.0342593 0.226571
2 0.467708 0.110648 0.021875 0.0416667 0.345187
7 0.50651 0.10463 0.0432292 0.062963 0.417107
2 0.50625 0.104167 0.0427083 0.062037 0.467373
2 0.534635 0.269444 0.0973958 0.148148 0.550166
7 0.534896 0.269444 0.096875 0.148148 0.615779
2 0.317708 0.121296 0.0520833 0.0703704 0.662456
2 0.395833 0.12037 0.0541667 0.0888889 0.675691
10 0.203906 0.315741 0.0161458 0.0722222 0.718923
11 0.729688 0.0430556 0.0270833 0.0564815 0.784334
2 0.729948 0.418981 0.122396 0.171296 0.889447
