7 0.277865 0.0699074 0.0369792 0.134259 0.0010097
0 0.0533854 0.114352 0.0109375 0.0564815 0.00101832
2 0.577083 0.421296 0.595833 0.17963 0.00103336
9 0.252865 0.087963 0.0130208 0.0351852 0.00105801
12 0.995313 0.531018 0.00833333 0.037963 0.00105848
9 0.416146 0.00925926 0.015625 0.0185185 0.00111397
9 0.360417 0.0648148 0.009375 0.0222222 0.0011632
13 0.970573 0.517593 0.0578125 0.183333 0.00119174
9 0.23724 0.0703704 0.0161458 0.0462963 0.00123264
2 0.59349 0.124537 0.0161458 0.0268519 0.00123971
7 0.445833 0.0787037 0.0395833 0.0425926 0.00126066
9 0.292188 0.0532407 0.00833333 0.0416667 0.00132187
2 0.64974 0.149074 0.0390625 0.0592593 0.00140527
2 0.26276 0.103704 0.00989583 0.0518519 0.00141549
9 0.276042 0.0402778 0.0375 0.0787037 0.00141733
12 0.692187 0.164815 0.00833333 0.0388889 0.00152482
12 0.702344 0.164352 0.0182292 0.037963 0.00153556
2 0.793229 0.0875 0.0333333 0.0305556 0.00156217
13 0.994531 0.518519 0.00989583 0.166667 0.00156279
2 0.285677 0.0773148 0.0213542 0.0305556 0.00178642
0 0.361979 0.0685185 0.00833333 0.0259259 0.00179098
0 0.718229 0.372222 0.025 0.0259259 0.00180227
2 0.267188 0.0574074 0.0145833 0.0296296 0.00188779
2 0.776563 0.114815 0.0239583 0.0388889 0.00203627
13 0.986458 0.518056 0.0260417 0.173148 0.00214433
9 0.263542 0.087037 0.00833333 0.037037 0.00218206
9 0.115365 0.0226852 0.0182292 0.0416667 0.00221035
0 0.266406 0.0972222 0.00989583 0.0537037 0.002353
2 0.779427 0.100463 0.0296875 0.0472222 0.00239457
11 0.230469 0.0652778 0.0317708 0.0490741 0.00245076
13 0.961458 0.554167 0.0385417 0.0416667 0.00251058
2 0.0260417 0.367593 0.0520833 0.0611111 0.00265234
9 0.269531 0.0523148 0.0192708 0.0342593 0.00281407
9 0.567708 0.0328704 0.0114583 0.0564815 0.0028389
2 0.432031 0.1125 0.308854 0.087963 0.00286762
9 0.502604 0.759259 0.0114583 0.0555556 0.00289439
9 0.208333 0.0685185 0.0229167 0.0407407 0.00298293
2 0.220833 0.134259 0.0541667 0.0574074 0.00349389
2 0.239323 0.106481 0.0161458 0.0388889 0.00366761
2 0.0265625 0.35 0.05 0.0222222 0.00378657
58 0.967708 0.497685 0.0291667 0.0842593 0.00389617
1 0.0252604 0.393981 0.0505208 0.113889 0.00417366
0 0.756771 0.0865741 0.0135417 0.0712963 0.00460629
7 0.213021 0.0606481 0.0354167 0.0638889 0.00487177
12 0.99375 0.493056 0.0114583 0.123148 0.00635486
2 0.270833 0.108796 0.0135417 0.0398148 0.00649692
0 0.285677 0.115278 0.0140625 0.0675926 0.00658134
2 0.291667 0.0717593 0.0125 0.0157407 0.00681769
9 0.21901 0.087963 0.00885417 0.0166667 0.00729229
9 0.458594 0.0541667 0.00885417 0.025 0.00852456
9 0.269531 0.0189815 0.0203125 0.0342593 0.0086368
1 0.0078125 0.372222 0.015625 0.0592593 0.0107245
9 0.214844 0.0606481 0.0286458 0.0527778 0.0119751
1 0.0046875 0.400463 0.009375 0.100926 0.0128984
1 0.00963542 0.396296 0.0192708 0.111111 0.0131141
9 0.222135 0.0537037 0.0151042 0.0444444 0.0150381
2 0.307552 0.0796296 0.0182292 0.0314815 0.0171737
11 0.60625 0.0587963 0.009375 0.0268519 0.0176131
2 0.785937 0.0888889 0.0145833 0.0240741 0.0221219
0 0.635156 0.148148 0.00989583 0.0537037 0.022881
2 0.335677 0.0884259 0.0192708 0.0324074 0.0229687
2 0.238281 0.140741 0.0182292 0.0425926 0.0266509
2 0.634896 0.144444 0.0114583 0.0537037 0.030653
2 0.442448 0.0814815 0.0307292 0.0333333 0.0347623
2 0.296875 0.103704 0.03125 0.0722222 0.0349794
11 0.2375 0.0671296 0.015625 0.0398148 0.035375
9 0.567448 0.0481481 0.0078125 0.0240741 0.0440159
2 0.322135 0.0856481 0.0369792 0.0361111 0.323344
2 0.627344 0.122685 0.0255208 0.0527778 0.358862
7 0.50651 0.104167 0.0421875 0.062037 0.440789
2 0.50651 0.103241 0.0421875 0.0638889 0.468441
2 0.479167 0.108333 0.0260417 0.0462963 0.511194
2 0.447396 0.100926 0.04375 0.0611111 0.724836
2 0.31849 0.121296 0.0515625 0.0703704 0.748635
11 0.729167 0.0430556 0.0260417 0.0564815 0.795383
10 0.203906 0.315278 0.0161458 0.0694444 0.795425
2 0.730208 0.418981 0.121875 0.171296 0.902584
