9 0.547917 0.0532407 0.0104167 0.0231481 0.00100586
9 0.430469 0.0300926 0.0109375 0.025 0.0010413
0 0.845833 0.19537 0.00729167 0.05 0.00109044
2 0.00390625 0.408333 0.0078125 0.087037 0.00120488
9 0.49974 0.601389 0.0140625 0.0398148 0.00121702
7 0.970573 0.529167 0.0578125 0.213889 0.00123142
2 0.276042 0.113426 0.0260417 0.0601852 0.00130808
2 0.53099 0.112963 0.0140625 0.0425926 0.00131306
2 0.592448 0.426389 0.685938 0.186111 0.00131805
10 0.196875 0.311574 0.03125 0.0824074 0.00137172
1 0.00911458 0.398611 0.0182292 0.110185 0.00138873
13 0.00390625 0.403241 0.0078125 0.0953704 0.00141108
9 0.239323 0.0731481 0.0140625 0.0518519 0.00147188
7 0.235938 0.0671296 0.01875 0.0490741 0.00147554
12 0.702344 0.125463 0.0213542 0.0564815 0.0015043
9 0.429688 0.0421296 0.00833333 0.0342593 0.00151643
12 0.988542 0.498611 0.021875 0.134259 0.00153588
9 0.415365 0.0101852 0.0161458 0.0203704 0.00156628
2 0.291146 0.107407 0.101042 0.0925926 0.00162074
2 0.641667 0.151389 0.021875 0.062037 0.00185892
13 0.992969 0.517593 0.0130208 0.172222 0.0019001
13 0.952604 0.423148 0.0947917 0.142593 0.00204012
7 0.220833 0.062037 0.0510417 0.0777778 0.002068
2 0.286198 0.0773148 0.0161458 0.0287037 0.0020768
2 0.548177 0.114352 0.231771 0.0768519 0.00208
7 0.788542 0.0513889 0.0270833 0.0898148 0.00212306
2 0.413281 0.114352 0.272396 0.0805556 0.00212722
2 0.46224 0.128704 0.0192708 0.0407407 0.00249159
2 0.654427 0.152315 0.0484375 0.0564815 0.00250203
9 0.583073 0.0347222 0.0161458 0.0638889 0.00260738
0 0.816667 0.2375 0.009375 0.0324074 0.0027735
9 0.994531 0.5125 0.00989583 0.167593 0.00277451
9 0.502344 0.758333 0.0130208 0.0574074 0.00282767
13 0.970573 0.522222 0.0567708 0.181481 0.00289915
9 0.261198 0.0513889 0.0130208 0.0398148 0.00303012
32 0.454167 0.313889 0.00833333 0.0148148 0.00305175
12 0.701823 0.165741 0.0182292 0.0388889 0.00315959
9 0.219531 0.0662037 0.0463542 0.0527778 0.00321216
9 0.457552 0.0652778 0.0078125 0.0268519 0.00322082
9 0.266406 0.0967593 0.00989583 0.0527778 0.0035365
12 0.692448 0.162963 0.0078125 0.0425926 0.00363358
9 0.292708 0.0509259 0.00833333 0.0425926 0.00377947
0 0.75651 0.0875 0.0140625 0.0712963 0.00400316
0 0.716667 0.371759 0.0239583 0.0268519 0.0040788
5 0.213542 0.0606481 0.0333333 0.0583333 0.00417067
9 0.263021 0.087963 0.00833333 0.0351852 0.00455151
1 0.0046875 0.378704 0.009375 0.0574074 0.00469084
12 0.994271 0.49537 0.0104167 0.133333 0.00560246
2 0.291146 0.0712963 0.0125 0.0148148 0.00567297
2 0.238021 0.140741 0.0177083 0.0407407 0.00581334
2 0.363281 0.0666667 0.0130208 0.0259259 0.00586273
11 0.605469 0.0587963 0.00989583 0.0287037 0.00647413
2 0.784635 0.0898148 0.0140625 0.0203704 0.00661703
9 0.208594 0.0666667 0.0223958 0.0444444 0.00676113
2 0.442448 0.087037 0.0140625 0.0240741 0.00686846
9 0.573958 0.0310185 0.015625 0.0601852 0.0073018
11 0.236979 0.0680556 0.0166667 0.0416667 0.0074362
2 0.445573 0.116667 0.0244792 0.0203704 0.00821974
2 0.343229 0.113889 0.090625 0.0722222 0.00842951
2 0.492969 0.106019 0.0296875 0.0546296 0.0087211
2 0.271354 0.110185 0.0145833 0.037037 0.00940893
2 0.592969 0.127315 0.0171875 0.0231481 0.0102714
1 0.0119792 0.364352 0.0239583 0.0638889 0.0106849
2 0.346094 0.0953704 0.0109375 0.0296296 0.0115844
2 0.46224 0.112963 0.0151042 0.0407407 0.013596
9 0.21901 0.0625 0.0203125 0.0453704 0.0150404
9 0.217708 0.103241 0.00833333 0.0398148 0.0165491
0 0.463281 0.1125 0.0161458 0.037963 0.0189775
9 0.26901 0.0328704 0.0213542 0.062037 0.0255844
0 0.635417 0.149074 0.009375 0.05 0.0267894
9 0.566927 0.0472222 0.0078125 0.0240741 0.0319117
2 0.635156 0.147685 0.0109375 0.0546296 0.035169
7 0.294271 0.107407 0.0302083 0.0851852 0.040022
2 0.291667 0.110648 0.025 0.0768519 0.0430355
9 0.442448 0.0865741 0.0130208 0.025 0.0439806
9 0.21849 0.0907407 0.0078125 0.0148148 0.047223
2 0.46849 0.105093 0.0223958 0.0342593 0.0657135
2 0.480729 0.0990741 0.021875 0.0259259 0.154268
2 0.321615 0.0847222 0.0380208 0.0324074 0.249027
2 0.627604 0.120833 0.025 0.0509259 0.344761
2 0.508594 0.103241 0.0369792 0.062037 0.5503
2 0.318229 0.121759 0.05 0.0694444 0.711297
2 0.481771 0.153241 0.0583333 0.0805556 0.769104
11 0.728906 0.0421296 0.0276042 0.0546296 0.778582
10 0.203906 0.315278 0.0161458 0.0712963 0.784252
2 0.361719 0.106944 0.0348958 0.0490741 0.791577
2 0.729688 0.418981 0.122917 0.171296 0.894527
