2 0.775521 0.1125 0.0229167 0.0416667 0.00104051
2 0.570573 0.423148 0.642187 0.181481 0.00111151
58 0.952083 0.193056 0.0947917 0.328704 0.00113701
9 0.263542 0.0435185 0.01875 0.0555556 0.00122525
2 0.464063 0.107407 0.0322917 0.0537037 0.00128161
0 0.0945313 0.134259 0.00885417 0.0259259 0.00136345
9 0.547917 0.0527778 0.0104167 0.0240741 0.00137253
13 0.961198 0.550463 0.0369792 0.037963 0.00142082
2 0.782031 0.103241 0.0369792 0.0546296 0.00142326
12 0.701563 0.163426 0.01875 0.0398148 0.00142432
7 0.21875 0.0828704 0.0552083 0.112037 0.00149152
2 0.00390625 0.410185 0.0078125 0.0814815 0.00150899
58 0.96875 0.493981 0.03125 0.100926 0.00152638
0 0.73125 0.372685 0.025 0.0287037 0.00167562
7 0.78776 0.062963 0.0244792 0.0611111 0.00172399
2 0.25651 0.0865741 0.0213542 0.037963 0.00174206
9 0.991146 0.49537 0.0166667 0.125926 0.00186442
13 0.994271 0.519444 0.0104167 0.166667 0.00186785
13 0.970312 0.564815 0.0572917 0.0888889 0.00187178
7 0.35625 0.0939815 0.0291667 0.0731481 0.0019208
7 0.286719 0.101852 0.0651042 0.0944444 0.00194427
2 0.0046875 0.55787 0.009375 0.0435185 0.00201162
2 0.474219 0.113889 0.435937 0.0833333 0.00201879
5 0.236719 0.0685185 0.0161458 0.0444444 0.00202072
2 0.276042 0.1125 0.025 0.0583333 0.00203222
0 0.757292 0.0712963 0.0104167 0.0425926 0.00203331
13 0.952604 0.419907 0.0947917 0.143519 0.00206636
2 0.283073 0.0768519 0.0265625 0.0296296 0.00207856
1 0.00833333 0.366204 0.0166667 0.0509259 0.00210457
2 0.333333 0.107407 0.0229167 0.0481481 0.00233942
2 0.536719 0.109722 0.00885417 0.0472222 0.00247651
13 0.986458 0.518056 0.0260417 0.176852 0.00256733
9 0.570312 0.0310185 0.015625 0.0583333 0.00260471
0 0.75625 0.0898148 0.0125 0.0796296 0.00271041
2 0.0726563 0.0527778 0.0192708 0.037037 0.00277774
12 0.975781 0.497685 0.0442708 0.125 0.00279744
2 0.368229 0.108796 0.128125 0.075 0.00293779
12 0.702083 0.138889 0.021875 0.087037 0.003102
9 0.277083 0.0435185 0.0364583 0.0666667 0.00312419
9 0.50026 0.601852 0.0151042 0.0407407 0.00366805
2 0.53151 0.111111 0.0140625 0.0444444 0.00400278
1 0.00416667 0.396759 0.00833333 0.108333 0.00426689
7 0.272396 0.0393519 0.0302083 0.0787037 0.00435178
2 0.0700521 0.0634259 0.0234375 0.0324074 0.00469471
2 0.784635 0.0893519 0.0119792 0.0212963 0.00471596
0 0.265365 0.0962963 0.0109375 0.0537037 0.00495999
0 0.715625 0.370833 0.0239583 0.0268519 0.00496846
7 0.23099 0.0675926 0.0276042 0.0537037 0.00503779
9 0.263542 0.0898148 0.00833333 0.0425926 0.00506523
7 0.276302 0.0680556 0.0401042 0.132407 0.00640354
9 0.502604 0.758333 0.0135417 0.0555556 0.00651469
12 0.99401 0.488889 0.0109375 0.114815 0.00788823
2 0.789844 0.0875 0.0171875 0.0212963 0.00917426
9 0.293229 0.0523148 0.009375 0.0453704 0.00989525
2 0.290625 0.0722222 0.0145833 0.0148148 0.0110713
9 0.269792 0.0490741 0.0197917 0.0388889 0.0113629
2 0.270052 0.109259 0.0130208 0.037037 0.0138996
2 0.363802 0.0759259 0.0130208 0.0425926 0.0141346
9 0.26875 0.0319444 0.021875 0.0601852 0.0141843
5 0.219271 0.0611111 0.0447917 0.0611111 0.0147522
7 0.213802 0.0615741 0.0369792 0.062037 0.0156001
7 0.363021 0.0893519 0.0125 0.062037 0.0165132
2 0.60599 0.0597222 0.0109375 0.0268519 0.0168592
9 0.567187 0.0476852 0.00833333 0.0231481 0.0243529
0 0.634896 0.143519 0.0104167 0.05 0.0260102
2 0.490625 0.105556 0.0270833 0.0537037 0.0644509
2 0.295833 0.10463 0.0302083 0.0759259 0.1295
2 0.322396 0.0861111 0.0375 0.037037 0.31528
2 0.389323 0.099537 0.0421875 0.0638889 0.351369
2 0.627083 0.121296 0.025 0.0518519 0.392983
7 0.505729 0.102315 0.0427083 0.0657407 0.422715
2 0.50599 0.101852 0.0421875 0.0666667 0.427594
2 0.481771 0.108796 0.0197917 0.0472222 0.451143
7 0.389323 0.1 0.0421875 0.0648148 0.459671
2 0.451302 0.10463 0.0411458 0.0537037 0.684214
2 0.318229 0.120833 0.0510417 0.0712963 0.769514
10 0.203906 0.314815 0.0161458 0.0685185 0.802364
11 0.729167 0.0416667 0.0270833 0.0537037 0.809317
2 0.729688 0.419907 0.122917 0.171296 0.909371
