2 0.578646 0.421296 0.55 0.17963 0.00102846
12 0.702083 0.160648 0.0197917 0.0472222 0.0010375
2 0.241406 0.108333 0.0171875 0.0351852 0.00103766
0 0.75625 0.375 0.021875 0.0333333 0.00107889
0 0.151562 0.945833 0.0479167 0.108333 0.00114267
2 0.976562 0.511111 0.046875 0.159259 0.00120148
2 0.648958 0.148611 0.0375 0.0601852 0.00120899
24 0.166146 0.516204 0.01875 0.0546296 0.00123449
11 0.221094 0.0587963 0.0515625 0.0731481 0.00123537
58 0.967969 0.49537 0.0296875 0.0814815 0.00126327
2 0.222656 0.138426 0.0505208 0.0472222 0.0012802
0 0.263542 0.100926 0.009375 0.0555556 0.00130853
11 0.702083 0.119907 0.0208333 0.0453704 0.00131084
9 0.50026 0.601852 0.0151042 0.0407407 0.00137397
0 0.816667 0.233796 0.009375 0.0398148 0.0013863
7 0.788281 0.062037 0.0255208 0.0703704 0.00151302
1 0.174479 0.589352 0.0197917 0.112037 0.00152194
2 0.60599 0.0601852 0.0109375 0.0240741 0.00154522
12 0.702344 0.138426 0.0223958 0.0861111 0.00159791
2 0.40599 0.111574 0.264062 0.0842593 0.00161566
7 0.276302 0.0597222 0.0401042 0.117593 0.00175494
0 0.00885417 0.409259 0.0177083 0.0962963 0.00176234
11 0.239583 0.0361111 0.021875 0.0703704 0.00181177
0 0.113281 0.912037 0.0515625 0.168519 0.00187902
1 0.2 0.597685 0.0166667 0.113889 0.00204932
12 0.994531 0.499537 0.00989583 0.143519 0.00214402
13 0.970312 0.519444 0.0572917 0.168519 0.00221242
32 0.454167 0.313889 0.00833333 0.0148148 0.00228595
2 0.363542 0.0671296 0.0114583 0.0194444 0.00238748
2 0.570833 0.110648 0.229167 0.0694444 0.00243458
13 0.986719 0.521296 0.0255208 0.177778 0.00246822
0 0.75651 0.116667 0.0130208 0.0407407 0.00247067
2 0.445052 0.116204 0.0234375 0.0212963 0.00247706
11 0.236979 0.0689815 0.0177083 0.0472222 0.00272765
9 0.415625 0.00925926 0.015625 0.0185185 0.00274994
9 0.267708 0.0990741 0.0114583 0.0555556 0.00279356
0 0.715885 0.370833 0.0223958 0.0268519 0.00298642
2 0.779167 0.101389 0.03125 0.0435185 0.00303548
9 0.263281 0.0898148 0.00885417 0.0407407 0.00306075
2 0.53125 0.112037 0.0135417 0.0425926 0.00321354
9 0.458073 0.0638889 0.00677083 0.0314815 0.00342238
2 0.48125 0.110185 0.053125 0.0611111 0.00368208
7 0.992708 0.518056 0.0135417 0.173148 0.00395468
9 0.572917 0.0310185 0.0145833 0.0583333 0.00408892
2 0.442969 0.0865741 0.0140625 0.025 0.00423984
9 0.99375 0.503241 0.0114583 0.14537 0.00455391
1 0.0104167 0.39213 0.0208333 0.112037 0.00472979
9 0.209375 0.0671296 0.021875 0.0472222 0.00483529
0 0.2875 0.113426 0.0177083 0.0731481 0.00485823
0 0.756771 0.0699074 0.0104167 0.0416667 0.00500495
1 0.00442708 0.405093 0.00885417 0.0935185 0.00511243
2 0.270052 0.108333 0.0130208 0.0407407 0.00597716
9 0.219271 0.0888889 0.009375 0.0166667 0.00629417
2 0.592708 0.125 0.0166667 0.0259259 0.00630751
0 0.755208 0.0902778 0.0145833 0.0824074 0.00638885
24 0.177604 0.50463 0.025 0.0777778 0.00682831
0 0.00390625 0.410185 0.0078125 0.0851852 0.00702118
9 0.29375 0.0583333 0.009375 0.0388889 0.00713264
9 0.292708 0.0703704 0.0104167 0.0185185 0.00792553
9 0.219531 0.0527778 0.0203125 0.0425926 0.00811977
7 0.970573 0.526852 0.0578125 0.201852 0.00822373
2 0.789323 0.0875 0.0182292 0.0231481 0.0107322
2 0.238281 0.140278 0.0182292 0.0416667 0.0136688
7 0.220313 0.0657407 0.0510417 0.062963 0.0138822
7 0.294531 0.106944 0.0276042 0.0824074 0.0146823
5 0.220052 0.0722222 0.0515625 0.0666667 0.0168482
0 0.634896 0.148611 0.009375 0.0527778 0.0179072
2 0.634896 0.146296 0.0104167 0.0537037 0.0233809
9 0.26901 0.0356481 0.0223958 0.0675926 0.0241552
2 0.292188 0.111111 0.025 0.0722222 0.0252799
9 0.502344 0.760185 0.0130208 0.0537037 0.0263301
9 0.442708 0.087037 0.0125 0.0259259 0.0343861
9 0.566667 0.0476852 0.00833333 0.0231481 0.0359371
2 0.488802 0.107407 0.0151042 0.05 0.0489994
24 0.188542 0.499537 0.0260417 0.0712963 0.148387
2 0.479948 0.109259 0.0203125 0.0444444 0.230597
2 0.467187 0.110185 0.021875 0.0407407 0.271145
2 0.322396 0.0851852 0.0364583 0.0333333 0.308422
7 0.50599 0.103704 0.0421875 0.062963 0.365473
2 0.627083 0.121759 0.025 0.0546296 0.406085
1 0.183594 0.610185 0.0307292 0.137037 0.41618
2 0.505729 0.103704 0.0416667 0.062963 0.48649
10 0.203906 0.315278 0.0161458 0.0712963 0.679245
2 0.31849 0.12037 0.0505208 0.0703704 0.697657
11 0.728906 0.0430556 0.0265625 0.0564815 0.799655
0 0.185417 0.553704 0.0416667 0.203704 0.82715
2 0.729688 0.419907 0.122917 0.171296 0.896232
