2 0.526823 0.108333 0.0338542 0.0518519 0.0010021
12 0.699219 0.163426 0.0234375 0.0435185 0.00100997
7 0.223698 0.0546296 0.0619792 0.109259 0.00104767
13 0.0119792 0.394444 0.0239583 0.118519 0.00104989
2 0.274219 0.110648 0.0213542 0.0601852 0.00105836
2 0.975781 0.505093 0.0473958 0.141667 0.00107326
0 0.715625 0.371296 0.021875 0.0277778 0.00107377
0 0.892969 0.2625 0.0140625 0.0268519 0.00107395
2 0.244271 0.10463 0.0104167 0.0314815 0.00107788
13 0.970833 0.518056 0.0572917 0.176852 0.00110082
2 0.57474 0.127315 0.0505208 0.0342593 0.00111068
2 0.254948 0.0875 0.0192708 0.0398148 0.00111328
9 0.484896 0.0189815 0.0114583 0.025 0.00114094
12 0.995313 0.526389 0.00833333 0.0398148 0.00117848
2 0.00442708 0.411111 0.00885417 0.0814815 0.00122254
9 0.50026 0.604167 0.0151042 0.0398148 0.00124381
9 0.484635 0.0481481 0.00989583 0.0296296 0.00124426
13 0.986458 0.519444 0.0260417 0.172222 0.00127774
7 0.970833 0.519907 0.0572917 0.189815 0.00130062
58 0.995052 0.315278 0.00885417 0.0787037 0.00130374
0 0.74974 0.128704 0.0234375 0.0203704 0.00130431
9 0.589844 0.0449074 0.0130208 0.0416667 0.00132093
2 0.78099 0.16713 0.0588542 0.0638889 0.00139368
2 0.994792 0.331019 0.009375 0.0601852 0.00141199
9 0.817448 0.235648 0.00885417 0.037963 0.00143832
2 0.641406 0.151852 0.0223958 0.062963 0.00145476
2 0.35625 0.103704 0.034375 0.0611111 0.00152504
12 0.976562 0.500926 0.0458333 0.135185 0.00152562
2 0.654427 0.138889 0.0828125 0.0833333 0.00152959
2 0.778906 0.114352 0.0286458 0.0361111 0.00162274
32 0.454167 0.313426 0.00833333 0.0138889 0.00171506
32 0.460417 0.356944 0.0104167 0.0157407 0.001779
2 0.303125 0.124537 0.028125 0.0675926 0.00180864
2 0.403125 0.130556 0.0239583 0.0574074 0.0018789
9 0.108854 0.0268519 0.0125 0.0388889 0.00193904
9 0.548437 0.0513889 0.0114583 0.025 0.00194533
1 0.0046875 0.3875 0.009375 0.115741 0.00204346
5 0.236719 0.0671296 0.0171875 0.0435185 0.002163
0 0.263021 0.102778 0.00833333 0.0537037 0.0021889
13 0.00442708 0.401852 0.00885417 0.1 0.00222472
9 0.76901 0.0458333 0.0203125 0.0898148 0.00223094
9 0.361458 0.0666667 0.0114583 0.0222222 0.00225777
9 0.27526 0.0421296 0.0338542 0.0768519 0.00231094
58 0.96849 0.497222 0.0307292 0.0907407 0.00240087
2 0.377865 0.110648 0.190104 0.0916667 0.00246198
9 0.415625 0.012963 0.0166667 0.0259259 0.00248016
2 0.461719 0.112963 0.125521 0.0722222 0.00248277
7 0.277344 0.074537 0.0348958 0.141667 0.00248308
2 0.797135 0.0842593 0.0526042 0.0351852 0.00259388
2 0.559115 0.113889 0.352604 0.0777778 0.00275462
2 0.363542 0.0671296 0.0125 0.0231481 0.0030944
11 0.236979 0.0666667 0.0166667 0.0388889 0.00328949
9 0.99349 0.490741 0.0119792 0.12037 0.00343597
9 0.576823 0.0347222 0.0182292 0.0657407 0.00357194
2 0.295312 0.10463 0.075 0.0962963 0.00363675
13 0.961198 0.556019 0.0390625 0.0435185 0.00384701
2 0.365885 0.108333 0.0130208 0.05 0.00388333
0 0.756771 0.075463 0.0125 0.0453704 0.00417638
2 0.79401 0.101852 0.0588542 0.0666667 0.00476964
11 0.60599 0.0597222 0.00989583 0.025 0.0048441
2 0.238021 0.139815 0.01875 0.0444444 0.00495809
9 0.583073 0.0375 0.0119792 0.0564815 0.00556141
12 0.691667 0.165278 0.0114583 0.0398148 0.00562836
0 0.3625 0.074537 0.009375 0.0305556 0.00595293
12 0.99375 0.492593 0.0114583 0.125926 0.00631868
2 0.445052 0.101852 0.0234375 0.0481481 0.00646779
9 0.211198 0.062963 0.0307292 0.0574074 0.00749051
9 0.757031 0.0717593 0.0109375 0.037963 0.00783301
0 0.995313 0.328241 0.00833333 0.0509259 0.00792507
2 0.786719 0.087963 0.0171875 0.0259259 0.00860199
9 0.569271 0.0314815 0.0125 0.0592593 0.0090031
0 0.757552 0.122222 0.0151042 0.0296296 0.0128302
2 0.271615 0.109259 0.0140625 0.0388889 0.0158758
0 0.36875 0.10787 0.0114583 0.0509259 0.0160161
0 0.635156 0.149074 0.00989583 0.0518519 0.0162188
9 0.502344 0.759722 0.0130208 0.0546296 0.016921
9 0.26901 0.0310185 0.0203125 0.0527778 0.0181018
5 0.21276 0.0615741 0.0338542 0.062037 0.0220365
2 0.634635 0.148611 0.0119792 0.0564815 0.0238456
7 0.21276 0.0625 0.0348958 0.062037 0.0290455
2 0.488281 0.106481 0.0140625 0.0518519 0.0297245
7 0.43724 0.0662037 0.0411458 0.0287037 0.0353688
0 0.442969 0.087037 0.0140625 0.0277778 0.0358757
2 0.592188 0.126389 0.0166667 0.0212963 0.0368726
2 0.411979 0.0685185 0.0177083 0.0166667 0.0603286
2 0.4625 0.109259 0.0135417 0.0444444 0.0802492
7 0.295573 0.10787 0.0348958 0.0824074 0.0807004
9 0.567187 0.0481481 0.00833333 0.0240741 0.116116
2 0.29401 0.108333 0.0307292 0.0814815 0.118106
2 0.384635 0.100463 0.0380208 0.0435185 0.182612
2 0.434896 0.0657407 0.0416667 0.0259259 0.199491
2 0.472396 0.108796 0.03125 0.0453704 0.271087
2 0.322135 0.0856481 0.0369792 0.0361111 0.299161
7 0.505469 0.103704 0.0432292 0.062963 0.392825
2 0.627344 0.122222 0.0255208 0.0518519 0.428007
2 0.505469 0.103704 0.0432292 0.062963 0.461415
2 0.318229 0.12037 0.0510417 0.0722222 0.647926
2 0.389062 0.133333 0.0520833 0.087037 0.704567
10 0.204167 0.314815 0.015625 0.0722222 0.755935
11 0.728906 0.0435185 0.0276042 0.0574074 0.792873
2 0.729688 0.418981 0.122917 0.169444 0.90673
2 0.746094 0.190741 0.127604 0.111111 0.911655
