2 0.5875 0.424537 0.64375 0.180556 0.00100396
2 0.480469 0.113426 0.435937 0.0953704 0.00103811
13 0.952604 0.419444 0.0947917 0.142593 0.00104302
2 0.0648438 0.0648148 0.0317708 0.0277778 0.00108998
2 0.535937 0.109722 0.0114583 0.0472222 0.00114979
0 0.730469 0.372685 0.0276042 0.0268519 0.00124086
7 0.38151 0.0662037 0.0463542 0.062037 0.00124707
58 0.96849 0.492593 0.0307292 0.0962963 0.00136392
2 0.25599 0.0856481 0.0213542 0.0361111 0.00141631
7 0.7875 0.0634259 0.0239583 0.0601852 0.00148315
12 0.691667 0.161574 0.009375 0.0416667 0.00152683
9 0.547917 0.0532407 0.0104167 0.0231481 0.00153516
7 0.292708 0.101852 0.09375 0.0962963 0.00170146
2 0.275521 0.113426 0.0239583 0.0564815 0.00179039
7 0.219531 0.087963 0.0546875 0.114815 0.00179641
58 0.952604 0.199074 0.09375 0.311111 0.00181814
2 0.441927 0.0699074 0.0182292 0.0324074 0.00218872
13 0.961719 0.552778 0.0380208 0.0407407 0.00222846
2 0.592188 0.122222 0.0177083 0.0296296 0.00225201
2 0.477604 0.108333 0.0166667 0.0537037 0.00227259
12 0.976042 0.497222 0.0447917 0.127778 0.00229326
13 0.99349 0.518519 0.0119792 0.17037 0.00244129
13 0.970052 0.566667 0.0567708 0.0796296 0.00245381
1 0.00911458 0.4 0.0182292 0.105556 0.00267818
9 0.291406 0.0518519 0.00885417 0.0444444 0.0028528
2 0.786719 0.0828704 0.0140625 0.0231481 0.00289207
7 0.236719 0.0689815 0.0171875 0.0453704 0.00292192
2 0.366146 0.108333 0.146875 0.0851852 0.00307231
9 0.276563 0.0430556 0.034375 0.062037 0.00321102
12 0.702083 0.153704 0.0197917 0.0592593 0.00331796
13 0.983333 0.518981 0.0322917 0.178704 0.00357576
9 0.5 0.601852 0.015625 0.0407407 0.00366079
2 0.00416667 0.410185 0.00833333 0.0796296 0.00366156
2 0.00494792 0.557407 0.00989583 0.0425926 0.00371285
2 0.338802 0.104167 0.0151042 0.0453704 0.00381805
9 0.99375 0.490741 0.0114583 0.118519 0.00392534
1 0.00416667 0.378241 0.00833333 0.0416667 0.0041282
9 0.263542 0.0888889 0.00833333 0.0407407 0.00437473
9 0.573698 0.0310185 0.0151042 0.0601852 0.00441528
0 0.715885 0.371296 0.0244792 0.0259259 0.00455499
1 0.0135417 0.370833 0.0270833 0.0509259 0.00469481
1 0.00416667 0.405093 0.00833333 0.0898148 0.00533356
7 0.275781 0.0643518 0.0380208 0.125 0.00599089
0 0.75625 0.0907407 0.0135417 0.0814815 0.00631322
12 0.99401 0.490741 0.0109375 0.12037 0.00655319
9 0.565365 0.0444444 0.00989583 0.0351852 0.00700365
2 0.784896 0.0898148 0.0135417 0.0222222 0.00709621
0 0.265885 0.0972222 0.00989583 0.0555556 0.00807166
9 0.502604 0.75787 0.0135417 0.0583333 0.00916749
9 0.21875 0.103241 0.00833333 0.037963 0.0103872
9 0.269792 0.049537 0.01875 0.037963 0.0113892
2 0.60625 0.0601852 0.0104167 0.0277778 0.0120426
9 0.26901 0.0319444 0.0213542 0.0601852 0.013436
2 0.270573 0.110648 0.0140625 0.0361111 0.0157707
5 0.220313 0.0662037 0.05 0.0546296 0.0160463
9 0.219792 0.0902778 0.00833333 0.0138889 0.021716
7 0.21875 0.0643518 0.0479167 0.0583333 0.0245772
2 0.364583 0.0856481 0.0104167 0.0453704 0.0260017
9 0.567448 0.0481481 0.0078125 0.0240741 0.0275333
7 0.389583 0.0583333 0.0208333 0.0407407 0.0399267
0 0.364323 0.075 0.0119792 0.037037 0.0407877
0 0.635417 0.148148 0.009375 0.05 0.0417436
2 0.429167 0.0648148 0.0229167 0.0333333 0.0517398
2 0.296094 0.10463 0.0286458 0.0759259 0.115206
7 0.460938 0.10463 0.0479167 0.0611111 0.131447
2 0.321875 0.0861111 0.0375 0.037037 0.333613
7 0.410156 0.0587963 0.0598958 0.0453704 0.384658
2 0.627344 0.120833 0.0255208 0.0509259 0.390374
7 0.504948 0.103704 0.0442708 0.062963 0.407611
2 0.460677 0.104167 0.0473958 0.0601852 0.452661
2 0.504948 0.103704 0.0442708 0.062963 0.457897
2 0.381771 0.102315 0.0395833 0.0583333 0.730317
2 0.318229 0.121296 0.0510417 0.0703704 0.769168
10 0.203906 0.314815 0.0161458 0.0685185 0.772369
11 0.729427 0.0421296 0.0276042 0.0527778 0.808008
2 0.729688 0.419444 0.122917 0.172222 0.908675
