2 0.646094 0.146296 0.0348958 0.0574074 0.00101297
2 0.468229 0.0175926 0.0229167 0.0203704 0.00109584
12 0.69375 0.161574 0.00729167 0.0416667 0.00110456
10 0.195573 0.294444 0.0338542 0.112963 0.00115777
2 0.240625 0.106481 0.01875 0.037037 0.00124707
9 0.110156 0.025 0.0109375 0.0351852 0.00125687
9 0.989583 0.508796 0.0197917 0.152778 0.00129565
2 0.225781 0.123611 0.0442708 0.075 0.00131266
9 0.438542 0.200463 0.0145833 0.0490741 0.00132614
0 0.731771 0.37037 0.0458333 0.0351852 0.00138106
2 0.805729 0.0699074 0.0135417 0.0175926 0.00142072
7 0.970833 0.525463 0.0572917 0.197222 0.00148066
12 0.701823 0.163426 0.0182292 0.0398148 0.00150692
2 0.615625 0.0726852 0.0322917 0.0564815 0.00151907
2 0.774479 0.118056 0.01875 0.0342593 0.0015191
2 0.226823 0.104167 0.0276042 0.0416667 0.00152386
1 0.00520833 0.366667 0.0104167 0.0611111 0.00152494
2 0.548698 0.423611 0.632812 0.186111 0.00152643
11 0.240365 0.037963 0.0213542 0.0740741 0.00161598
12 0.966146 0.499537 0.025 0.075 0.00162025
2 0.363542 0.0671296 0.0114583 0.0231481 0.00162664
2 0.59349 0.125463 0.0171875 0.0268519 0.00162866
0 0.207031 0.73287 0.122396 0.465741 0.00164194
2 0.746094 0.155093 0.0203125 0.0175926 0.00178294
9 0.260156 0.0675926 0.0130208 0.0611111 0.00189308
9 0.547917 0.05 0.0104167 0.0240741 0.00210575
2 0.21224 0.104167 0.0453125 0.0435185 0.00212632
9 0.220052 0.103704 0.0119792 0.0407407 0.00218906
12 0.702344 0.1375 0.0223958 0.0805556 0.00219348
12 0.986458 0.494444 0.0239583 0.122222 0.00221152
9 0.253125 0.0865741 0.0135417 0.0361111 0.0022238
13 0.970833 0.520833 0.0572917 0.176852 0.00224248
2 0.783333 0.0912037 0.0125 0.0157407 0.00237585
0 0.263281 0.104167 0.00885417 0.0490741 0.00256859
2 0.291406 0.0986111 0.0859375 0.0953704 0.00259742
2 0.334896 0.0944444 0.0208333 0.0277778 0.00267864
0 0.3625 0.0703704 0.009375 0.0259259 0.00276717
2 0.545833 0.109259 0.325 0.0759259 0.00280126
9 0.454688 0.314815 0.00833333 0.0166667 0.00325966
9 0.557552 0.0240741 0.0265625 0.0481481 0.00327659
2 0.448177 0.109722 0.0286458 0.0342593 0.00371301
0 0.757812 0.374537 0.0166667 0.0287037 0.00394535
9 0.994271 0.497222 0.0104167 0.131481 0.00404149
2 0.42474 0.106944 0.289062 0.087963 0.00407798
5 0.219531 0.0791667 0.0526042 0.0768519 0.00410605
9 0.261979 0.0388889 0.0145833 0.062963 0.00453265
12 0.973437 0.498148 0.0395833 0.124074 0.00486638
2 0.00598958 0.0930556 0.0119792 0.0472222 0.00500775
2 0.460156 0.108796 0.110937 0.0675926 0.00548218
9 0.263542 0.0888889 0.009375 0.037037 0.00575188
2 0.267188 0.0986111 0.0125 0.0546296 0.00586024
5 0.214062 0.0601852 0.0354167 0.0592593 0.00671226
11 0.23724 0.0689815 0.0171875 0.0453704 0.00676876
12 0.994531 0.493981 0.00989583 0.128704 0.00772211
0 0.709375 0.372222 0.0208333 0.0259259 0.00783896
9 0.221094 0.0888889 0.0119792 0.0148148 0.00849627
2 0.634896 0.148148 0.0104167 0.0518519 0.00925004
19 0.442969 0.0865741 0.0140625 0.0231481 0.00948262
9 0.207292 0.0675926 0.0197917 0.0407407 0.00970425
2 0.238542 0.140278 0.01875 0.0435185 0.00992235
0 0.717188 0.371296 0.0260417 0.0259259 0.0103894
7 0.21901 0.0652778 0.0505208 0.0694444 0.0104288
0 0.634896 0.143981 0.0114583 0.0509259 0.0136047
0 0.755729 0.0925926 0.015625 0.0851852 0.0142082
9 0.565625 0.0388889 0.0104167 0.0444444 0.016285
9 0.221875 0.050463 0.0166667 0.0398148 0.0176819
2 0.60599 0.0592593 0.00989583 0.0259259 0.0184822
2 0.442708 0.0856481 0.0145833 0.0231481 0.0189697
9 0.500521 0.603241 0.015625 0.0416667 0.0355119
2 0.461198 0.111111 0.0119792 0.037037 0.0355556
2 0.271875 0.111111 0.015625 0.037037 0.040522
9 0.567448 0.0476852 0.00885417 0.025 0.0455064
9 0.26901 0.0351852 0.0223958 0.0666667 0.0690336
9 0.502604 0.760185 0.0114583 0.0555556 0.0770218
7 0.316927 0.0578704 0.0484375 0.0509259 0.0891794
2 0.320052 0.0916667 0.0453125 0.0314815 0.0994432
2 0.292188 0.114352 0.0270833 0.075 0.332772
2 0.627604 0.121296 0.025 0.0537037 0.383182
2 0.317448 0.0541667 0.0453125 0.0416667 0.459104
2 0.473437 0.108796 0.0333333 0.0435185 0.496725
2 0.505729 0.103241 0.04375 0.062037 0.56684
2 0.31875 0.120833 0.05 0.0712963 0.762915
2 0.394792 0.10463 0.0458333 0.0592593 0.76326
11 0.729427 0.0425926 0.0276042 0.0537037 0.782464
10 0.203906 0.314815 0.0161458 0.0703704 0.824349
2 0.729948 0.418981 0.122396 0.175 0.904529
