2 0.284115 0.0763889 0.0255208 0.0305556 0.00103185
11 0.727865 0.00787037 0.0276042 0.0157407 0.00106582
7 0.989323 0.523148 0.0203125 0.183333 0.00107013
2 0.285937 0.100463 0.101042 0.0935185 0.00110748
11 0.239844 0.0333333 0.0213542 0.062963 0.00112649
13 0.971615 0.523148 0.0557292 0.177778 0.00115512
58 0.96875 0.496759 0.03125 0.0990741 0.00115532
2 0.570573 0.42037 0.620313 0.183333 0.00116887
2 0.241667 0.107407 0.015625 0.0351852 0.00117516
2 0.363542 0.0671296 0.0114583 0.0175926 0.00119942
9 0.3625 0.0703704 0.009375 0.0222222 0.00122927
2 0.754687 0.156019 0.0104167 0.0194444 0.00127244
9 0.817187 0.234722 0.00833333 0.0398148 0.00132048
9 0.257031 0.0814815 0.0151042 0.0481481 0.00141536
2 0.214844 0.483796 0.0161458 0.0138889 0.00144141
32 0.453646 0.313889 0.009375 0.0148148 0.00144923
0 0.995833 0.326852 0.00729167 0.0574074 0.0014906
9 0.239583 0.0791667 0.0145833 0.0472222 0.0015027
2 0.294271 0.0842593 0.0208333 0.0388889 0.00152711
2 0.653906 0.138426 0.0776042 0.0805556 0.00159441
10 0.19375 0.29537 0.0364583 0.114815 0.00164234
12 0.693229 0.1625 0.00729167 0.0398148 0.00176787
0 0.2625 0.100463 0.009375 0.0564815 0.00183627
9 0.576823 0.0328704 0.0140625 0.0601852 0.00190525
2 0.21849 0.135185 0.0588542 0.0555556 0.00199472
5 0.220313 0.0921296 0.053125 0.115741 0.00219839
9 0.582552 0.037963 0.0119792 0.05 0.00220168
2 0.771875 0.111111 0.0145833 0.0222222 0.00232596
0 0.714844 0.373148 0.0244792 0.0259259 0.00245433
9 0.994792 0.5125 0.009375 0.15463 0.0025279
2 0.201042 0.244444 0.0177083 0.012963 0.0028725
0 0.266146 0.0981481 0.0104167 0.0555556 0.00301253
11 0.2375 0.0699074 0.0166667 0.0453704 0.0030855
7 0.970312 0.528241 0.0583333 0.200926 0.00316751
9 0.29401 0.0550926 0.00885417 0.0361111 0.00349422
2 0.388281 0.111111 0.210938 0.0740741 0.00349639
2 0.640365 0.151852 0.0182292 0.062963 0.00360358
2 0.430469 0.0643518 0.0109375 0.0268519 0.00434821
2 0.757031 0.118056 0.0151042 0.0305556 0.00466204
2 0.779427 0.101389 0.0296875 0.0435185 0.00490764
11 0.60651 0.0601852 0.00989583 0.0240741 0.00490951
9 0.270052 0.0421296 0.0213542 0.062037 0.00491392
2 0.592708 0.124537 0.0177083 0.0268519 0.00502871
2 0.547135 0.109722 0.185937 0.0638889 0.00509126
9 0.2625 0.0902778 0.00833333 0.0416667 0.00559494
9 0.571615 0.0319444 0.0130208 0.0583333 0.00567796
2 0.431771 0.111111 0.084375 0.0555556 0.00655839
2 0.270312 0.109722 0.0125 0.0398148 0.00693268
12 0.99375 0.502315 0.0114583 0.139815 0.00772706
2 0.0046875 0.557407 0.009375 0.0407407 0.00780445
7 0.220052 0.0685185 0.0505208 0.0648148 0.00813332
2 0.801302 0.0828704 0.0401042 0.0287037 0.00820848
2 0.65026 0.149537 0.0390625 0.0583333 0.00824624
1 0.809635 0.331019 0.0203125 0.0805556 0.00872771
2 0.286979 0.116667 0.0166667 0.0648148 0.00931208
13 0.00625 0.400926 0.0125 0.1 0.00950551
2 0.531771 0.112963 0.0135417 0.0425926 0.0102246
5 0.220052 0.0643518 0.0463542 0.0546296 0.0110247
13 0.0130208 0.396759 0.0260417 0.110185 0.0110913
9 0.220833 0.0884259 0.0114583 0.012037 0.0116178
9 0.502083 0.759722 0.0135417 0.0546296 0.0133869
10 0.176823 0.27963 0.0151042 0.0444444 0.0145471
2 0.813021 0.0768519 0.0208333 0.0185185 0.0173135
9 0.213281 0.0625 0.0328125 0.0546296 0.0194518
1 0.00911458 0.396759 0.0182292 0.110185 0.0240424
2 0.791146 0.087963 0.0208333 0.0240741 0.0275176
2 0.635417 0.146296 0.0114583 0.0555556 0.028997
9 0.26901 0.0236111 0.0203125 0.0416667 0.0311525
2 0.238802 0.141667 0.0182292 0.0388889 0.0317742
2 0.48724 0.108796 0.0161458 0.0472222 0.0325338
2 0.466667 0.0990741 0.0458333 0.062963 0.0379244
9 0.567448 0.0481481 0.00885417 0.0240741 0.0716439
0 0.442187 0.0842593 0.0114583 0.0259259 0.0719006
2 0.30026 0.105093 0.0359375 0.075 0.0774848
7 0.465885 0.0712963 0.0484375 0.037037 0.128461
2 0.466667 0.0703704 0.046875 0.0351852 0.305166
2 0.321875 0.0856481 0.0364583 0.0324074 0.347269
2 0.472135 0.1125 0.0307292 0.0398148 0.36665
2 0.50599 0.10463 0.0421875 0.062963 0.558582
2 0.627604 0.121759 0.0260417 0.0509259 0.590889
2 0.31875 0.122222 0.0510417 0.0703704 0.745787
2 0.435417 0.116667 0.0489583 0.0333333 0.762953
10 0.203906 0.315741 0.0171875 0.0703704 0.775273
11 0.729167 0.0435185 0.0270833 0.0574074 0.793919
2 0.729427 0.419907 0.122396 0.171296 0.895375
