2 0.565885 0.424074 0.602604 0.181481 0.00102235
2 0.655208 0.138889 0.08125 0.0814815 0.00104513
9 0.817187 0.233333 0.00833333 0.0425926 0.00105025
12 0.697135 0.139352 0.0151042 0.0916667 0.00105889
24 0.232552 0.387963 0.0140625 0.0611111 0.00107021
12 0.995573 0.531018 0.0078125 0.0324074 0.00117233
2 0.240365 0.1125 0.0192708 0.0416667 0.00123638
9 0.502083 0.759259 0.0135417 0.0555556 0.00124475
0 0.730208 0.372685 0.0260417 0.0287037 0.00132326
7 0.970573 0.522685 0.0578125 0.189815 0.00133492
9 0.489062 0.980093 0.0166667 0.0398148 0.00134324
11 0.605729 0.0592593 0.0104167 0.0277778 0.0013456
9 0.990885 0.510185 0.0171875 0.155556 0.0013669
58 0.961979 0.243981 0.0645833 0.232407 0.0013961
12 0.702083 0.122685 0.0229167 0.0527778 0.00140029
2 0.333594 0.0782407 0.0265625 0.0305556 0.00143409
2 0.21901 0.136111 0.0578125 0.0518519 0.00144354
0 0.757031 0.374074 0.0203125 0.0333333 0.00145116
12 0.716667 0.166667 0.0135417 0.0314815 0.00145695
7 0.988021 0.519444 0.0229167 0.187037 0.00145703
0 0.00546875 0.472222 0.0109375 0.216667 0.00147191
2 0.447396 0.111574 0.0270833 0.0268519 0.00170507
2 0.794792 0.0865741 0.0291667 0.0268519 0.00177242
11 0.236719 0.0699074 0.0171875 0.0472222 0.00182365
2 0.255208 0.087037 0.01875 0.037037 0.00191731
7 0.78776 0.0638889 0.0244792 0.0666667 0.00193001
2 0.813281 0.0759259 0.0171875 0.0166667 0.00198526
9 0.458594 0.0652778 0.0078125 0.0287037 0.00204581
12 0.982031 0.498148 0.0328125 0.12963 0.00208389
2 0.779167 0.100926 0.028125 0.0462963 0.00211973
2 0.409375 0.110185 0.278125 0.0814815 0.00217441
2 0.0046875 0.556481 0.009375 0.0425926 0.00221594
2 0.277865 0.110185 0.0286458 0.062963 0.00225719
58 0.96849 0.495833 0.0307292 0.087963 0.00234679
2 0.55651 0.110648 0.272396 0.0694444 0.0024337
0 0.755208 0.0921296 0.015625 0.0768519 0.00259565
0 0.2625 0.0921296 0.00833333 0.0453704 0.00276355
2 0.442708 0.0865741 0.0135417 0.0268519 0.00280487
9 0.576823 0.0328704 0.0151042 0.062037 0.00286325
2 0.592708 0.124074 0.0166667 0.0259259 0.00287261
0 0.716927 0.372222 0.0234375 0.0277778 0.00296254
0 0.3625 0.0666667 0.0104167 0.0277778 0.00301264
12 0.702083 0.166204 0.0197917 0.0361111 0.00310725
2 0.466406 0.110185 0.0901042 0.0648148 0.00314753
7 0.272135 0.0412037 0.0296875 0.0805556 0.00343679
2 0.29349 0.0842593 0.0505208 0.0796296 0.00378107
1 0.0140625 0.45463 0.028125 0.255556 0.00420386
1 0.00494792 0.464815 0.00989583 0.22963 0.00527086
2 0.313802 0.0731481 0.0442708 0.0240741 0.00614645
9 0.210156 0.0666667 0.0255208 0.05 0.00761199
0 0.635417 0.146296 0.009375 0.0537037 0.00812698
10 0.442448 0.0865741 0.0130208 0.0268519 0.00814938
1 0.208333 0.468981 0.0427083 0.117593 0.00825869
2 0.532292 0.110648 0.0145833 0.0435185 0.00829552
12 0.994531 0.494907 0.00989583 0.128704 0.00850144
9 0.26875 0.0212963 0.021875 0.0351852 0.00886196
9 0.571094 0.0310185 0.0140625 0.0583333 0.00980201
2 0.634896 0.141204 0.0104167 0.0472222 0.0107215
2 0.269792 0.0481481 0.0197917 0.0407407 0.0116449
2 0.363281 0.0666667 0.0119792 0.0203704 0.0116674
7 0.278125 0.0643518 0.0416667 0.121296 0.0125206
12 0.692187 0.166204 0.00833333 0.037963 0.0137908
5 0.220313 0.0652778 0.0479167 0.0601852 0.0170202
2 0.271615 0.10787 0.0151042 0.0435185 0.0174138
2 0.238281 0.140741 0.0182292 0.0425926 0.0174197
24 0.217187 0.385185 0.021875 0.05 0.0180065
7 0.220313 0.0625 0.05 0.075 0.0181637
2 0.785677 0.0884259 0.0130208 0.025 0.029753
2 0.489062 0.106944 0.0145833 0.0509259 0.0361377
1 0.00416667 0.406944 0.00833333 0.087963 0.0433828
9 0.567187 0.0476852 0.00833333 0.0231481 0.0574441
2 0.30599 0.0791667 0.0276042 0.0268519 0.0690799
1 0.0132813 0.399537 0.0265625 0.102778 0.0827279
2 0.292708 0.110648 0.028125 0.0731481 0.160564
2 0.480208 0.109259 0.0208333 0.0444444 0.226116
2 0.322656 0.0865741 0.0369792 0.0361111 0.24812
2 0.304688 0.0606481 0.0270833 0.0342593 0.248976
2 0.466667 0.110648 0.0197917 0.0416667 0.272866
2 0.627083 0.121759 0.0260417 0.0527778 0.476201
1 0.220573 0.472685 0.0223958 0.110185 0.526296
2 0.505469 0.10463 0.0421875 0.0611111 0.59027
2 0.317969 0.121759 0.0515625 0.0712963 0.756932
11 0.728906 0.0430556 0.0276042 0.0564815 0.795263
10 0.204167 0.313889 0.015625 0.0685185 0.797024
0 0.219792 0.418981 0.034375 0.160185 0.838661
2 0.729688 0.419444 0.122917 0.172222 0.906052
