9 0.416146 0.0171296 0.0177083 0.0287037 0.00101011
9 0.263281 0.087963 0.00885417 0.037037 0.00106951
9 0.2625 0.0449074 0.015625 0.0527778 0.00112231
9 0.570312 0.0319444 0.0135417 0.0583333 0.00113244
2 0.483333 0.20463 0.55625 0.283333 0.00113542
12 0.701823 0.131944 0.0223958 0.0712963 0.00122168
9 0.253646 0.0851852 0.0145833 0.037037 0.00122214
11 0.220052 0.0685185 0.0526042 0.0611111 0.00122458
9 0.2375 0.0731481 0.0177083 0.0537037 0.0012527
9 0.5 0.603704 0.015625 0.0388889 0.00126706
12 0.967708 0.497685 0.0270833 0.0861111 0.00127758
2 0.00546875 0.0875 0.0109375 0.0453704 0.00129314
9 0.258854 0.0759259 0.0125 0.0481481 0.00158602
0 0.1875 0.112963 0.00729167 0.0462963 0.00164452
2 0.639583 0.125463 0.05 0.062037 0.00168265
2 0.654948 0.138426 0.0796875 0.0861111 0.00171013
2 0.201302 0.244444 0.0182292 0.0148148 0.00175448
2 0.264062 0.106944 0.009375 0.0435185 0.00176669
2 0.975781 0.494444 0.0432292 0.122222 0.00177627
2 0.595833 0.423148 0.660417 0.188889 0.00177807
2 0.29375 0.100926 0.105208 0.0851852 0.00178513
2 0.797656 0.0828704 0.0317708 0.0268519 0.0018305
2 0.647396 0.147222 0.034375 0.0592593 0.00184855
0 0.716406 0.371759 0.0223958 0.0268519 0.00197976
9 0.29375 0.0560185 0.009375 0.037963 0.00206764
7 0.99349 0.51713 0.0119792 0.173148 0.00209803
2 0.470313 0.109259 0.458333 0.0796296 0.00215415
12 0.701823 0.164352 0.0192708 0.037963 0.00230071
13 0.970052 0.570833 0.0567708 0.0824074 0.00232204
2 0.779427 0.105093 0.0286458 0.0564815 0.00236244
13 0.96224 0.55463 0.0401042 0.0425926 0.00247425
9 0.292448 0.0685185 0.0109375 0.0203704 0.00256996
2 0.273698 0.116667 0.0213542 0.0481481 0.00259065
9 0.219531 0.0824074 0.0130208 0.0259259 0.00262799
0 0.396094 0.264815 0.0265625 0.0333333 0.00264084
12 0.975521 0.496759 0.0427083 0.125 0.00298036
2 0.485156 0.113889 0.0192708 0.0425926 0.00306997
58 0.968229 0.492593 0.0291667 0.0907407 0.00308693
0 0.383594 0.265741 0.0317708 0.0314815 0.00362593
13 0.970573 0.521296 0.0578125 0.185185 0.00372569
9 0.215365 0.0583333 0.0296875 0.0537037 0.00380483
2 0.268229 0.099537 0.0125 0.0546296 0.00389256
1 0.00677083 0.372222 0.0135417 0.164815 0.00422001
2 0.77526 0.122222 0.0192708 0.0425926 0.00429729
7 0.970573 0.526389 0.0578125 0.206481 0.00492613
0 0.757552 0.118519 0.0119792 0.0388889 0.00501777
2 0.305729 0.0824074 0.0239583 0.0351852 0.00504827
12 0.692708 0.163889 0.00833333 0.0388889 0.00511566
11 0.23776 0.0703704 0.0161458 0.0481481 0.00513287
12 0.994531 0.501852 0.00989583 0.146296 0.0051902
2 0.427344 0.103704 0.209896 0.0666667 0.00522879
2 0.330208 0.1 0.0302083 0.0444444 0.00569965
1 0.0140625 0.394444 0.028125 0.114815 0.00616324
0 0.757292 0.0935185 0.0145833 0.0833333 0.00672919
0 0.283594 0.106944 0.00989583 0.0583333 0.00684674
9 0.269792 0.0476852 0.0208333 0.0435185 0.00769355
5 0.219792 0.0736111 0.0520833 0.0657407 0.00949314
9 0.206771 0.0680556 0.0208333 0.0435185 0.00969322
7 0.21875 0.0648148 0.0489583 0.0611111 0.00994884
11 0.605729 0.0597222 0.009375 0.0231481 0.0103058
9 0.221875 0.0657407 0.0145833 0.05 0.010368
9 0.269531 0.0291667 0.0203125 0.0472222 0.0129905
1 0.00442708 0.398148 0.00885417 0.107407 0.0132592
2 0.238281 0.14213 0.0192708 0.0398148 0.0135894
0 0.635677 0.147685 0.00989583 0.0509259 0.0150939
2 0.813802 0.075463 0.0182292 0.0175926 0.0168489
2 0.371354 0.103241 0.059375 0.0564815 0.0175336
0 0.363021 0.0685185 0.0125 0.0277778 0.0182579
9 0.114323 0.0226852 0.0130208 0.0398148 0.0186647
2 0.635156 0.147222 0.0109375 0.0555556 0.0194466
7 0.297396 0.106481 0.0375 0.0814815 0.0201317
2 0.785677 0.087963 0.0140625 0.0240741 0.0222733
2 0.592708 0.126852 0.0177083 0.0222222 0.0239491
9 0.567448 0.0481481 0.0078125 0.0240741 0.025191
2 0.297396 0.106019 0.034375 0.075 0.027849
2 0.270312 0.112037 0.0135417 0.0333333 0.0329485
2 0.483594 0.0939815 0.0161458 0.0305556 0.0388021
2 0.3625 0.0699074 0.0114583 0.0268519 0.0417696
2 0.292188 0.12037 0.021875 0.0611111 0.0425155
9 0.502344 0.75787 0.0119792 0.0601852 0.0482382
2 0.458854 0.1 0.046875 0.0648148 0.0799283
2 0.322135 0.0865741 0.0380208 0.0342593 0.32518
7 0.460156 0.099537 0.0453125 0.0657407 0.470973
2 0.628125 0.121296 0.025 0.0518519 0.472796
2 0.50625 0.10463 0.0427083 0.062963 0.58228
2 0.317448 0.122222 0.0526042 0.0703704 0.779914
2 0.384115 0.0939815 0.0317708 0.0472222 0.793293
10 0.203906 0.315278 0.0171875 0.0731481 0.798279
11 0.729427 0.0435185 0.0265625 0.0555556 0.804517
2 0.38151 0.305093 0.110937 0.171296 0.903816
2 0.729688 0.419907 0.122917 0.171296 0.91134
