12 0.702344 0.164815 0.0203125 0.0388889 0.00100049
13 0.985937 0.52037 0.0270833 0.177778 0.00106005
12 0.98776 0.518519 0.0234375 0.172222 0.00113359
11 0.239844 0.0356481 0.0213542 0.0675926 0.00124284
9 0.816927 0.236111 0.0078125 0.0388889 0.00130883
58 0.969792 0.494907 0.0333333 0.0935185 0.00131082
9 0.588802 0.0416667 0.0151042 0.0462963 0.00145004
2 0.21875 0.133796 0.059375 0.0583333 0.00146998
9 0.416146 0.0106481 0.0166667 0.0212963 0.00148005
1 0.0705729 0.154167 0.0307292 0.0490741 0.00149576
12 0.689323 0.167593 0.0130208 0.0351852 0.00150763
9 0.552083 0.0583333 0.0125 0.0240741 0.00151786
0 0.995833 0.323148 0.00729167 0.0592593 0.00152098
0 0.26276 0.103704 0.00885417 0.0518519 0.00153081
9 0.361458 0.05 0.0104167 0.0388889 0.00186832
12 0.69349 0.164815 0.00677083 0.037037 0.00186995
2 0.792708 0.0898148 0.034375 0.0351852 0.00187476
0 0.756771 0.374537 0.0197917 0.0305556 0.00189415
9 0.5625 0.0513889 0.01875 0.0268519 0.00191596
7 0.989844 0.518981 0.0192708 0.182407 0.00192236
7 0.970312 0.524537 0.0583333 0.189815 0.0020181
1 0.0135417 0.37037 0.0270833 0.05 0.0021291
2 0.555729 0.113426 0.195833 0.0768519 0.00214881
9 0.236979 0.0699074 0.0166667 0.0453704 0.00229441
12 0.994271 0.519444 0.0104167 0.168519 0.0024597
9 0.364062 0.0685185 0.0114583 0.0203704 0.0025216
9 0.558854 0.0268519 0.0208333 0.0462963 0.0025823
2 0.44349 0.106944 0.0203125 0.0305556 0.00262049
9 0.26276 0.0421296 0.0161458 0.0601852 0.00263791
13 0.0140625 0.401389 0.028125 0.113889 0.00270746
2 0.99375 0.517593 0.0114583 0.17037 0.00276302
2 0.576042 0.126852 0.05 0.0333333 0.00282633
12 0.702083 0.140741 0.0229167 0.0814815 0.0028396
9 0.458333 0.0652778 0.00729167 0.0305556 0.00326407
2 0.407292 0.1125 0.263542 0.0842593 0.00328409
9 0.220313 0.0819444 0.0125 0.0268519 0.00335021
2 0.771615 0.113426 0.0140625 0.0268519 0.00346277
9 0.252604 0.087037 0.0125 0.0314815 0.00357049
9 0.994792 0.527315 0.009375 0.0842593 0.00389339
9 0.257552 0.0694444 0.00989583 0.0425926 0.00399433
32 0.454427 0.315741 0.0078125 0.0166667 0.00401766
9 0.266146 0.1 0.0104167 0.0518519 0.00436067
2 0.294792 0.114352 0.0291667 0.0898148 0.00446718
1 0.053125 0.15463 0.0614583 0.0648148 0.00497883
9 0.442969 0.0875 0.0140625 0.0287037 0.00521899
11 0.60651 0.0601852 0.00989583 0.0240741 0.00549824
1 0.00416667 0.400926 0.00833333 0.109259 0.00572417
2 0.442969 0.087963 0.0140625 0.0277778 0.0057735
2 0.779167 0.104167 0.028125 0.0435185 0.00580492
9 0.758594 0.0740741 0.0109375 0.0425926 0.00600199
0 0.715104 0.373611 0.0239583 0.0268519 0.00614311
9 0.580729 0.0351852 0.0114583 0.0555556 0.00645947
9 0.502344 0.759722 0.0130208 0.0583333 0.00730097
9 0.110937 0.0268519 0.0135417 0.037037 0.00737319
2 0.648958 0.149074 0.0375 0.0574074 0.00757944
7 0.314844 0.112037 0.0578125 0.0888889 0.00771324
1 0.0140625 0.4 0.028125 0.112963 0.00806165
9 0.269792 0.0583333 0.0177083 0.0296296 0.00952914
9 0.26276 0.0861111 0.00885417 0.0296296 0.00953834
2 0.271094 0.109259 0.0130208 0.0407407 0.0104115
9 0.993229 0.503241 0.0125 0.141667 0.0104801
9 0.573958 0.0314815 0.0145833 0.0611111 0.0123506
7 0.220052 0.0680556 0.0515625 0.0601852 0.0135801
5 0.220052 0.0666667 0.0494792 0.0518519 0.0148574
2 0.238542 0.140741 0.0197917 0.0425926 0.0154217
2 0.488542 0.1125 0.0614583 0.0657407 0.0172778
0 0.757292 0.0935185 0.0135417 0.0759259 0.0180032
0 0.635677 0.147685 0.00989583 0.0509259 0.0223788
2 0.53099 0.113426 0.0151042 0.0453704 0.0288559
9 0.207292 0.0675926 0.0208333 0.0425926 0.0307628
2 0.786198 0.0898148 0.0161458 0.0240741 0.037182
2 0.635156 0.146296 0.0109375 0.0518519 0.0373754
2 0.463021 0.116667 0.015625 0.0462963 0.0599045
9 0.26901 0.0351852 0.0213542 0.0666667 0.0614667
9 0.351823 0.0518519 0.00989583 0.0314815 0.0755067
9 0.567448 0.049537 0.0078125 0.025 0.0873
2 0.592969 0.127315 0.0161458 0.0231481 0.114689
2 0.321615 0.0884259 0.0390625 0.0324074 0.15996
2 0.628125 0.121296 0.025 0.0518519 0.208551
7 0.298177 0.108796 0.0380208 0.0842593 0.22312
2 0.474479 0.114352 0.0364583 0.0527778 0.427393
2 0.509375 0.10463 0.0364583 0.0611111 0.547469
2 0.31875 0.120833 0.05 0.0731481 0.668205
10 0.203906 0.316204 0.0171875 0.0694444 0.714139
11 0.729427 0.0430556 0.0265625 0.0564815 0.746061
2 0.492188 0.156019 0.0645833 0.0953704 0.828561
2 0.730208 0.42037 0.121875 0.17037 0.920445
