2 0.791667 0.113426 0.0572917 0.0675926 0.00101723
58 0.969792 0.499074 0.0333333 0.0944444 0.00101914
2 0.28724 0.0787037 0.0223958 0.0351852 0.00105251
12 0.690365 0.165741 0.0119792 0.037037 0.00105767
0 0.739323 0.37037 0.0276042 0.0333333 0.00110376
2 0.538281 0.113426 0.0109375 0.0416667 0.00111979
13 0.984635 0.522685 0.0296875 0.178704 0.00113079
9 0.415625 0.0101852 0.015625 0.0203704 0.00116911
9 0.547396 0.062037 0.0104167 0.0240741 0.00124338
13 0.961458 0.556019 0.0395833 0.0398148 0.00127611
9 0.26276 0.0884259 0.0078125 0.0342593 0.00127938
2 0.334375 0.109722 0.021875 0.0490741 0.00128169
0 0.75625 0.374074 0.0208333 0.0314815 0.00128556
9 0.231771 0.062037 0.0239583 0.0333333 0.0012861
2 0.23776 0.106944 0.0171875 0.037963 0.00129411
2 0.748177 0.154167 0.0171875 0.0194444 0.00137772
7 0.990625 0.518519 0.0177083 0.177778 0.00138109
2 0.443229 0.0898148 0.0145833 0.0314815 0.00148579
2 0.759896 0.130556 0.0114583 0.037037 0.00150795
9 0.258073 0.0722222 0.00989583 0.0462963 0.00153116
2 0.817448 0.237037 0.00885417 0.037037 0.00163515
9 0.502344 0.760648 0.0130208 0.0564815 0.00169317
12 0.702083 0.164815 0.021875 0.037037 0.00172128
32 0.454427 0.316204 0.0078125 0.0157407 0.00175165
9 0.252865 0.0875 0.0130208 0.0324074 0.00178029
9 0.263021 0.0393519 0.0104167 0.0472222 0.00179462
2 0.744531 0.174537 0.0213542 0.0287037 0.00180879
2 0.263542 0.109259 0.00833333 0.0425926 0.00181467
2 0.363542 0.0694444 0.0114583 0.0240741 0.00186362
0 0.728906 0.371759 0.0286458 0.0305556 0.00189945
2 0.289583 0.111111 0.021875 0.0777778 0.00198271
2 0.753906 0.155556 0.0109375 0.0185185 0.00200757
58 0.920313 0.183796 0.159375 0.362037 0.00204438
9 0.570052 0.0319444 0.0140625 0.0583333 0.00212469
0 0.75651 0.133796 0.0140625 0.0435185 0.00213087
9 0.563021 0.0509259 0.01875 0.0240741 0.00213907
9 0.29349 0.0564815 0.00885417 0.0388889 0.00219089
12 0.99375 0.519444 0.0114583 0.168519 0.00224397
2 0.404948 0.113426 0.266146 0.075 0.00229069
2 0.567969 0.1125 0.264062 0.0694444 0.00233538
12 0.694271 0.164815 0.00729167 0.037037 0.00251927
11 0.236458 0.0694444 0.01875 0.0444444 0.00255643
2 0.0114583 0.368519 0.0229167 0.05 0.00264496
2 0.266406 0.1 0.0109375 0.0518519 0.00278981
9 0.269792 0.0259259 0.0197917 0.0314815 0.00287837
9 0.270052 0.05 0.0192708 0.0407407 0.00350159
2 0.407292 0.125926 0.0364583 0.0444444 0.00368631
2 0.771875 0.113889 0.0135417 0.0240741 0.00415008
5 0.219271 0.0805556 0.053125 0.0777778 0.00423386
2 0.283073 0.106019 0.0109375 0.0564815 0.00423893
2 0.282552 0.0935185 0.00677083 0.0277778 0.00439322
7 0.219531 0.0731481 0.0536458 0.0703704 0.0046267
2 0.00494792 0.558333 0.00989583 0.0425926 0.00465107
2 0.478125 0.1125 0.0583333 0.0601852 0.00530557
13 0.0111979 0.396296 0.0223958 0.111111 0.00551195
9 0.220313 0.0893519 0.009375 0.0138889 0.00571199
2 0.291927 0.0726852 0.0119792 0.0157407 0.00594979
9 0.217187 0.0583333 0.0270833 0.0425926 0.00622158
2 0.779948 0.102315 0.0307292 0.0435185 0.00670278
0 0.715104 0.372222 0.0239583 0.0277778 0.0069881
2 0.579427 0.127315 0.0442708 0.0305556 0.00734139
1 0.00989583 0.394907 0.0197917 0.108333 0.00743069
9 0.36276 0.0694444 0.00989583 0.0240741 0.00799491
13 0.00442708 0.402315 0.00885417 0.100926 0.00870299
0 0.757552 0.0791667 0.0119792 0.0527778 0.0096903
9 0.992708 0.500463 0.0135417 0.132407 0.010759
9 0.44349 0.087963 0.0130208 0.0259259 0.0112723
2 0.813802 0.075 0.0203125 0.0203704 0.0115497
2 0.238542 0.142593 0.0177083 0.0388889 0.0124495
11 0.240365 0.0328704 0.0213542 0.062037 0.0143779
2 0.009375 0.403704 0.01875 0.0962963 0.0154638
2 0.270573 0.112963 0.0119792 0.0351852 0.0195515
2 0.444531 0.118056 0.0203125 0.0231481 0.0204714
9 0.207552 0.0685185 0.0171875 0.0388889 0.0268867
2 0.00416667 0.409722 0.00833333 0.087963 0.0361115
2 0.635417 0.147222 0.0114583 0.0537037 0.0367773
2 0.786458 0.0898148 0.0166667 0.0222222 0.037934
7 0.30026 0.102778 0.0359375 0.0740741 0.0469017
11 0.60651 0.0611111 0.00989583 0.0240741 0.0495495
2 0.593229 0.127778 0.0166667 0.0222222 0.0657176
0 0.635417 0.148148 0.0104167 0.05 0.0696167
2 0.300781 0.10463 0.0369792 0.0759259 0.090953
9 0.567708 0.0490741 0.009375 0.0240741 0.103993
2 0.465885 0.112037 0.0192708 0.0407407 0.223873
2 0.322135 0.0888889 0.0369792 0.0333333 0.277344
2 0.480208 0.110185 0.021875 0.0444444 0.314327
2 0.628125 0.121296 0.025 0.05 0.320287
7 0.50651 0.105556 0.0421875 0.062963 0.418039
2 0.50651 0.10463 0.0421875 0.062963 0.432182
10 0.204167 0.315741 0.0166667 0.0722222 0.741327
2 0.31901 0.122222 0.0505208 0.0722222 0.74831
11 0.729688 0.0425926 0.0260417 0.0537037 0.767136
2 0.401302 0.136574 0.0515625 0.075 0.845994
2 0.730469 0.418981 0.123438 0.171296 0.916627
