12 0.701823 0.164352 0.0203125 0.037963 0.0010071
2 0.772656 0.116204 0.0151042 0.0342593 0.001023
13 0.98724 0.519907 0.0244792 0.176852 0.0010234
9 0.254687 0.087963 0.0166667 0.0351852 0.00104108
0 0.757292 0.373611 0.0197917 0.0324074 0.00115387
12 0.988021 0.518056 0.0229167 0.173148 0.00122921
2 0.286979 0.0740741 0.0197917 0.0296296 0.00124966
2 0.483333 0.116667 0.404167 0.0944444 0.00126498
0 0.0565104 0.111111 0.0161458 0.05 0.00127607
9 0.258854 0.0759259 0.0125 0.0518519 0.0012882
0 0.728385 0.371296 0.0296875 0.0296296 0.00135591
2 0.649219 0.148611 0.0390625 0.0601852 0.00137121
32 0.454688 0.314815 0.00729167 0.0148148 0.00138512
2 0.829167 0.2375 0.0333333 0.0546296 0.00139821
2 0.0111979 0.401852 0.0223958 0.105556 0.00143644
2 0.238281 0.113426 0.0182292 0.0435185 0.00143923
7 0.990104 0.518056 0.01875 0.180556 0.00146961
0 0.756771 0.118519 0.0145833 0.05 0.00147309
2 0.0127604 0.37037 0.0255208 0.062963 0.00148292
0 0.995833 0.32963 0.00729167 0.0574074 0.00180123
2 0.274479 0.112963 0.0208333 0.0555556 0.00180641
11 0.2375 0.0694444 0.0166667 0.0462963 0.00201429
0 0.263021 0.104167 0.009375 0.0509259 0.00210751
2 0.801562 0.0856481 0.0177083 0.0212963 0.0022517
9 0.270052 0.0486111 0.0203125 0.0490741 0.00236574
12 0.689583 0.168519 0.0125 0.0333333 0.00239695
12 0.702083 0.139815 0.0229167 0.0833333 0.00246507
2 0.00520833 0.378241 0.0104167 0.0787037 0.00248613
1 0.808594 0.32963 0.0234375 0.0833333 0.00250753
9 0.263802 0.0893519 0.00885417 0.0361111 0.00279773
2 0.265365 0.0981481 0.0109375 0.05 0.00285611
12 0.69349 0.165278 0.00677083 0.037963 0.00290133
13 0.0127604 0.398148 0.0255208 0.109259 0.00307857
9 0.5 0.603704 0.0145833 0.0407407 0.00328365
2 0.779427 0.103704 0.0296875 0.0518519 0.00351142
58 0.967969 0.498611 0.0286458 0.0861111 0.00387915
0 0.716927 0.370833 0.0255208 0.0287037 0.00394035
2 0.444531 0.105556 0.0213542 0.0351852 0.00425882
2 0.442969 0.087963 0.0140625 0.0277778 0.00427111
2 0.269792 0.0472222 0.0197917 0.0407407 0.00468064
2 0.270052 0.108796 0.0119792 0.0398148 0.00619087
9 0.36224 0.0689815 0.00885417 0.025 0.00624463
9 0.21224 0.0657407 0.0317708 0.0518519 0.00644282
12 0.99401 0.506481 0.0109375 0.148148 0.00662747
2 0.81849 0.0694444 0.00989583 0.0111111 0.00673187
2 0.60651 0.0611111 0.00989583 0.0259259 0.00750724
2 0.817187 0.233796 0.009375 0.0453704 0.00813681
9 0.582552 0.0361111 0.0151042 0.0555556 0.00853775
2 0.00442708 0.406944 0.00885417 0.0916667 0.00854318
2 0.484896 0.118981 0.0291667 0.0361111 0.00964433
9 0.443229 0.087963 0.0135417 0.0277778 0.0099089
2 0.813802 0.0740741 0.0171875 0.0166667 0.00991205
9 0.573958 0.0314815 0.0145833 0.0592593 0.0121303
9 0.269531 0.025463 0.0213542 0.0435185 0.0121564
13 0.00442708 0.406481 0.00885417 0.0907407 0.0122781
2 0.592708 0.126852 0.0166667 0.0222222 0.0129542
5 0.221094 0.0666667 0.0494792 0.062963 0.0153776
7 0.220833 0.0648148 0.05 0.0722222 0.015394
2 0.238802 0.143056 0.0182292 0.037963 0.025584
2 0.53125 0.112963 0.0145833 0.0425926 0.0319851
9 0.503125 0.761111 0.0125 0.0537037 0.0324739
0 0.635156 0.147685 0.00989583 0.0509259 0.0335346
0 0.757552 0.0902778 0.0140625 0.0768519 0.034846
2 0.634896 0.145833 0.0114583 0.0527778 0.0437702
2 0.785677 0.0898148 0.0151042 0.0240741 0.05645
9 0.567448 0.0490741 0.0078125 0.0240741 0.0786045
2 0.479688 0.0949074 0.021875 0.0175926 0.09678
2 0.292188 0.116667 0.025 0.0666667 0.127578
2 0.323177 0.0856481 0.0359375 0.0361111 0.26429
2 0.627344 0.120833 0.0255208 0.0490741 0.283148
2 0.302083 0.0712963 0.0208333 0.0333333 0.47236
2 0.508333 0.103704 0.0395833 0.062963 0.572513
2 0.318229 0.122685 0.0510417 0.0694444 0.695182
10 0.203906 0.316204 0.0161458 0.0712963 0.795105
11 0.728906 0.0435185 0.0265625 0.0555556 0.809394
2 0.47474 0.135648 0.0494792 0.0694444 0.849276
2 0.729948 0.419907 0.122396 0.171296 0.905786
