2 0.791406 0.110648 0.0484375 0.0694444 0.00107699
2 0.817187 0.232407 0.009375 0.0425926 0.00109231
9 0.291927 0.0541667 0.0078125 0.0435185 0.00109725
2 0.75625 0.12037 0.0135417 0.037037 0.00115212
2 0.5875 0.124074 0.0135417 0.0240741 0.00116719
2 0.00546875 0.0916667 0.0109375 0.0444444 0.00120467
12 0.977865 0.499074 0.0432292 0.131481 0.00121104
58 0.960417 0.288426 0.04375 0.149074 0.00124247
12 0.702083 0.163889 0.0197917 0.0388889 0.00131193
0 0.995052 0.264352 0.00885417 0.182407 0.00134724
9 0.258854 0.075 0.0135417 0.0481481 0.00136108
0 0.0533854 0.115278 0.0109375 0.0527778 0.00136939
9 0.260938 0.0513889 0.0135417 0.0416667 0.00139144
0 0.756771 0.126389 0.0114583 0.0435185 0.00141498
11 0.225781 0.0666667 0.0411458 0.0537037 0.00143438
7 0.221354 0.0912037 0.0520833 0.128704 0.00144663
0 0.263021 0.105093 0.009375 0.0472222 0.00150186
9 0.253385 0.0865741 0.0140625 0.0361111 0.0015136
0 0.50625 0.062963 0.0114583 0.0259259 0.00164598
2 0.654948 0.150926 0.0505208 0.0611111 0.00175106
2 0.225781 0.136111 0.0442708 0.0537037 0.00181688
2 0.776563 0.115278 0.0239583 0.0361111 0.00184328
9 0.458073 0.0657407 0.00885417 0.0277778 0.00188854
2 0.3625 0.0685185 0.009375 0.0240741 0.00190899
58 0.96849 0.496296 0.0296875 0.087037 0.00201234
12 0.692187 0.163889 0.00833333 0.037037 0.00211989
9 0.266146 0.0958333 0.009375 0.0490741 0.00218321
2 0.240365 0.106019 0.0140625 0.0361111 0.00228824
0 0.717969 0.372222 0.0234375 0.0259259 0.0023098
2 0.291667 0.0717593 0.0104167 0.0157407 0.00238034
2 0.538802 0.110648 0.246354 0.0657407 0.00245151
2 0.288021 0.106019 0.01875 0.0675926 0.00251909
2 0.640885 0.151389 0.0203125 0.062037 0.00267572
2 0.78125 0.103241 0.0333333 0.0490741 0.00279902
9 0.571094 0.0314815 0.0130208 0.0592593 0.0031997
2 0.034375 0.0652778 0.021875 0.025 0.00341277
0 0.286198 0.11713 0.0151042 0.0638889 0.00344231
13 0.99349 0.516667 0.0119792 0.168519 0.00355859
2 0.372656 0.108796 0.170312 0.075 0.00355867
9 0.992969 0.493056 0.0130208 0.121296 0.00368418
2 0.0130208 0.371759 0.0260417 0.0527778 0.00381033
2 0.468229 0.108333 0.0854167 0.0574074 0.004288
13 0.970312 0.513889 0.0572917 0.159259 0.00445811
2 0.616927 0.114352 0.0442708 0.0453704 0.00461082
2 0.59349 0.124537 0.0171875 0.025 0.00462202
12 0.99375 0.493519 0.0114583 0.124074 0.004818
2 0.0260417 0.372685 0.0520833 0.0712963 0.00496175
9 0.26901 0.0555556 0.0171875 0.0351852 0.00499525
2 0.269531 0.110185 0.0109375 0.0351852 0.00517154
9 0.263281 0.087037 0.0078125 0.0333333 0.00518347
2 0.530729 0.101389 0.0177083 0.0546296 0.00521111
7 0.217708 0.0634259 0.04375 0.0675926 0.00522341
9 0.114323 0.0222222 0.0171875 0.0407407 0.00590124
0 0.995833 0.326389 0.00729167 0.0564815 0.00627949
2 0.0263021 0.35 0.0505208 0.0222222 0.00681774
9 0.208594 0.0666667 0.0223958 0.0444444 0.00687641
2 0.307813 0.0796296 0.0208333 0.0314815 0.00804653
2 0.786198 0.0902778 0.0161458 0.0231481 0.00988378
7 0.298177 0.10463 0.0348958 0.0777778 0.0121063
9 0.220573 0.0527778 0.0182292 0.0444444 0.012668
11 0.23776 0.0671296 0.0151042 0.0398148 0.012853
9 0.21901 0.087963 0.00885417 0.0185185 0.0134432
9 0.269792 0.0398148 0.0208333 0.0611111 0.0135764
2 0.44349 0.102315 0.0119792 0.0490741 0.0205163
2 0.238542 0.140741 0.01875 0.0425926 0.0206569
1 0.025 0.394444 0.05 0.111111 0.021231
2 0.298698 0.102778 0.0328125 0.0703704 0.0219912
11 0.60625 0.0587963 0.009375 0.0268519 0.0221714
9 0.269792 0.0199074 0.0197917 0.0342593 0.0258469
0 0.635417 0.148611 0.009375 0.0527778 0.0274698
9 0.567187 0.0476852 0.00833333 0.0231481 0.0284378
2 0.635156 0.148148 0.0109375 0.0574074 0.0298848
2 0.467187 0.108333 0.028125 0.0462963 0.0618004
0 0.443229 0.0907407 0.0114583 0.0333333 0.0621233
2 0.4875 0.107407 0.015625 0.05 0.0623616
1 0.0101562 0.398148 0.0203125 0.103704 0.0893013
2 0.528646 0.0805556 0.01875 0.0314815 0.230116
2 0.460938 0.112963 0.0125 0.0351852 0.239069
2 0.322396 0.0875 0.0375 0.0361111 0.285845
2 0.479427 0.108796 0.0234375 0.0453704 0.332995
2 0.627083 0.122685 0.0260417 0.0509259 0.372605
2 0.50625 0.10463 0.0416667 0.0611111 0.551866
2 0.31849 0.121296 0.0515625 0.0703704 0.722557
11 0.729427 0.0435185 0.0265625 0.0574074 0.758742
10 0.204167 0.314815 0.015625 0.0703704 0.783136
2 0.425 0.105093 0.0354167 0.0509259 0.803441
2 0.729948 0.418056 0.122396 0.171296 0.899312
