9 0.591146 0.0421296 0.0114583 0.0342593 0.00101299
2 0.647917 0.147222 0.0354167 0.0574074 0.00103794
2 0.576042 0.423148 0.555208 0.177778 0.00107464
13 0.98151 0.519444 0.0359375 0.175926 0.00107776
9 0.114323 0.025 0.0161458 0.0425926 0.00108054
7 0.970833 0.524537 0.0572917 0.191667 0.0010856
58 0.96849 0.496296 0.0307292 0.0888889 0.00110297
9 0.995573 0.53287 0.0078125 0.0324074 0.00111563
0 0.7375 0.37037 0.03125 0.0333333 0.00112173
0 0.757812 0.127315 0.0104167 0.037963 0.00113683
2 0.58776 0.124537 0.0109375 0.025 0.00113962
13 0.961979 0.553704 0.0385417 0.0407407 0.00115503
7 0.358073 0.106944 0.156771 0.10463 0.00116595
0 0.457552 0.0638889 0.0109375 0.0277778 0.00121916
7 0.993229 0.517593 0.0125 0.168519 0.00128837
9 0.582292 0.0425926 0.0114583 0.037037 0.00131893
1 0.0234375 0.394907 0.046875 0.117593 0.00136744
9 0.578646 0.0314815 0.0135417 0.0555556 0.00136915
32 0.453906 0.316204 0.0078125 0.0138889 0.00143844
2 0.0515625 0.0652778 0.05 0.0268519 0.00145168
2 0.440365 0.1125 0.328646 0.0824074 0.00145455
0 0.263021 0.108333 0.009375 0.0425926 0.00150336
2 0.494531 0.109259 0.0630208 0.0722222 0.00152422
9 0.416406 0.00925926 0.0171875 0.0185185 0.00155818
2 0.813281 0.0759259 0.0171875 0.0185185 0.00173559
2 0.0338542 0.0662037 0.0208333 0.0212963 0.00182213
2 0.222135 0.137963 0.0526042 0.0481481 0.00183515
2 0.240885 0.108796 0.0151042 0.0361111 0.00207307
0 0.75651 0.373611 0.0203125 0.0305556 0.00221049
2 0.460938 0.0888889 0.0229167 0.0296296 0.00226785
2 0.79349 0.0888889 0.0328125 0.0314815 0.00227305
2 0.441406 0.126852 0.0182292 0.05 0.00231965
9 0.500781 0.602315 0.0151042 0.0398148 0.00233417
0 0.757812 0.0717593 0.0104167 0.0398148 0.00253369
2 0.592969 0.125926 0.0171875 0.0240741 0.00267546
12 0.701823 0.162963 0.0213542 0.0407407 0.00268853
2 0.784375 0.105556 0.0395833 0.0555556 0.00279399
2 0.772656 0.113426 0.0151042 0.0268519 0.00287471
9 0.388021 0.0513889 0.0104167 0.0416667 0.00303246
9 0.252604 0.0875 0.0125 0.0305556 0.00311119
2 0.532812 0.110648 0.140625 0.0694444 0.00323112
12 0.694271 0.162037 0.00729167 0.0388889 0.00324289
7 0.21875 0.062963 0.0479167 0.0611111 0.00350771
9 0.220573 0.0652778 0.0494792 0.0564815 0.00351517
2 0.777604 0.110185 0.025 0.037037 0.00355278
9 0.56901 0.0319444 0.0109375 0.0583333 0.00361922
9 0.263802 0.0856481 0.00989583 0.0305556 0.00379297
0 0.715365 0.372685 0.0244792 0.0268519 0.004059
9 0.99349 0.494444 0.0119792 0.124074 0.00422464
9 0.266667 0.0990741 0.0104167 0.05 0.00495907
1 0.810938 0.33287 0.0197917 0.0953704 0.00500167
12 0.99375 0.498148 0.0114583 0.131481 0.00526989
9 0.257031 0.0736111 0.00885417 0.0453704 0.00558722
9 0.220052 0.087963 0.0109375 0.0148148 0.0058392
13 0.0140625 0.39537 0.028125 0.114815 0.00613183
2 0.0046875 0.372222 0.009375 0.062963 0.00661346
12 0.702865 0.1375 0.0234375 0.087963 0.00702709
2 0.0135417 0.371759 0.0270833 0.0583333 0.00773085
9 0.208594 0.0666667 0.0223958 0.0444444 0.00807132
2 0.341146 0.0898148 0.009375 0.0259259 0.00896299
13 0.00416667 0.402315 0.00833333 0.100926 0.00981074
2 0.270833 0.109259 0.0135417 0.0388889 0.0104521
11 0.60599 0.0601852 0.00989583 0.0240741 0.0111755
1 0.009375 0.397222 0.01875 0.114815 0.0112091
1 0.00442708 0.406019 0.00885417 0.0935185 0.0113542
9 0.222135 0.0541667 0.0151042 0.0435185 0.0114727
11 0.236458 0.0675926 0.0177083 0.0407407 0.0115039
0 0.388802 0.0564815 0.0109375 0.0314815 0.0172587
2 0.635156 0.144907 0.0109375 0.0509259 0.0173015
2 0.364062 0.0680556 0.0114583 0.0194444 0.0177291
9 0.502865 0.760185 0.0119792 0.0537037 0.0179586
2 0.443229 0.0888889 0.015625 0.0314815 0.0180487
0 0.44349 0.0893519 0.0130208 0.0305556 0.0187067
0 0.635677 0.147685 0.00989583 0.0490741 0.0209036
2 0.238542 0.140741 0.01875 0.0425926 0.0209284
7 0.311979 0.0615741 0.04375 0.0342593 0.0275426
2 0.308073 0.0546296 0.0286458 0.0240741 0.0287493
2 0.785417 0.0907407 0.0145833 0.0222222 0.0331385
7 0.294271 0.110185 0.028125 0.0777778 0.0395549
2 0.314583 0.0638889 0.0395833 0.0333333 0.0466815
9 0.567187 0.0481481 0.00833333 0.0240741 0.050716
2 0.292188 0.110648 0.0270833 0.0768519 0.0624504
9 0.26901 0.0361111 0.0223958 0.0685185 0.0633621
7 0.320833 0.0796296 0.0395833 0.0462963 0.088026
2 0.442187 0.112037 0.0166667 0.0296296 0.0896407
7 0.310937 0.099537 0.0625 0.0990741 0.118485
2 0.320312 0.0800926 0.0416667 0.0472222 0.12641
2 0.627344 0.122222 0.0255208 0.0518519 0.382138
10 0.203906 0.316204 0.0161458 0.0712963 0.569457
2 0.31849 0.122222 0.0505208 0.0703704 0.709526
2 0.509896 0.104167 0.0354167 0.062037 0.732153
2 0.472396 0.118981 0.0541667 0.0842593 0.789838
11 0.729427 0.0430556 0.0265625 0.0546296 0.807641
2 0.729948 0.419444 0.122396 0.172222 0.908033
