9 0.991146 0.506944 0.0166667 0.15463 0.00105385
32 0.453906 0.313426 0.0078125 0.0138889 0.00105859
9 0.578646 0.0324074 0.0145833 0.0611111 0.00107715
9 0.559115 0.0236111 0.0213542 0.0435185 0.00109489
9 0.547917 0.0523148 0.0104167 0.025 0.00112504
2 0.53151 0.112963 0.0130208 0.0425926 0.00114256
2 0.655469 0.138426 0.0807292 0.0824074 0.00115804
0 0.0539063 0.115741 0.00989583 0.0537037 0.00116435
12 0.702083 0.128704 0.0229167 0.0666667 0.001246
2 0.0523437 0.0537037 0.0526042 0.0518519 0.00127675
2 0.0195312 0.140741 0.0380208 0.0592593 0.00128459
1 0.00520833 0.35787 0.0104167 0.0842593 0.00131611
2 0.0721354 0.049537 0.0151042 0.025 0.00134249
2 0.415885 0.112963 0.269271 0.0851852 0.00151947
9 0.258594 0.0736111 0.0130208 0.0472222 0.00156268
9 0.219531 0.102315 0.00989583 0.0398148 0.00157791
2 0.639583 0.416204 0.382292 0.189815 0.00161131
9 0.36224 0.0435185 0.00989583 0.0277778 0.00162293
2 0.65 0.15 0.0385417 0.0574074 0.00165241
9 0.415885 0.0101852 0.0161458 0.0203704 0.00172599
9 0.105469 0.0282407 0.0140625 0.0398148 0.00179466
12 0.701823 0.161111 0.0223958 0.0425926 0.00181832
2 0.294531 0.135648 0.0151042 0.0472222 0.00189729
0 0.716406 0.371759 0.0234375 0.0268519 0.00195346
9 0.116406 0.025 0.0171875 0.0388889 0.00199031
9 0.253125 0.087037 0.0145833 0.0333333 0.0020048
0 0.442969 0.099537 0.0171875 0.0509259 0.00200934
0 0.263281 0.10787 0.0078125 0.0416667 0.00206423
2 0.0140625 0.393056 0.028125 0.121296 0.00208471
2 0.0130208 0.368056 0.0260417 0.0583333 0.00224708
0 0.75625 0.0893519 0.0145833 0.0787037 0.00225066
12 0.69401 0.163426 0.00677083 0.037963 0.00236032
9 0.429167 0.0310185 0.009375 0.0305556 0.002533
2 0.363542 0.0671296 0.0114583 0.0212963 0.00254724
7 0.217448 0.062963 0.0453125 0.0648148 0.00258283
9 0.214062 0.0597222 0.034375 0.0546296 0.00261178
1 0.782292 0.307407 0.0166667 0.062963 0.00261975
2 0.0625 0.0625 0.0322917 0.0342593 0.00265401
9 0.236719 0.0685185 0.0161458 0.0462963 0.00266653
2 0.557552 0.109722 0.292188 0.0694444 0.00271269
9 0.291927 0.0712963 0.0119792 0.0148148 0.00271563
9 0.457812 0.0643518 0.00729167 0.0305556 0.00273512
9 0.757292 0.0722222 0.0125 0.0444444 0.00283358
9 0.266146 0.0935185 0.0104167 0.0444444 0.00307838
9 0.29349 0.0550926 0.00989583 0.0435185 0.00312022
12 0.817187 0.234722 0.00833333 0.0416667 0.00316203
1 0.00859375 0.395833 0.0171875 0.121296 0.00341195
2 0.00546875 0.36713 0.0109375 0.0657407 0.0034861
9 0.56901 0.0319444 0.0130208 0.0583333 0.00366276
2 0.442708 0.087963 0.0135417 0.0277778 0.00376454
2 0.238542 0.140741 0.01875 0.0425926 0.00421959
2 0.433594 0.110185 0.159896 0.0592593 0.00431429
9 0.263021 0.0861111 0.00833333 0.0314815 0.00462533
2 0.00416667 0.408796 0.00833333 0.0935185 0.0050458
12 0.994792 0.49537 0.009375 0.133333 0.00505138
1 0.802083 0.318519 0.0302083 0.0851852 0.0051336
0 0.00416667 0.399537 0.00833333 0.108333 0.00595418
2 0.60625 0.0597222 0.0104167 0.025 0.00690756
9 0.442448 0.0875 0.0130208 0.0268519 0.00830222
2 0.635417 0.14537 0.0114583 0.0537037 0.00843228
0 0.635417 0.148611 0.0104167 0.0509259 0.00874053
11 0.23724 0.0671296 0.0161458 0.0398148 0.0112176
2 0.592708 0.127315 0.0177083 0.0212963 0.0118216
9 0.207292 0.0652778 0.01875 0.0398148 0.0118668
2 0.785417 0.0893519 0.0145833 0.0231481 0.0127836
9 0.220052 0.0888889 0.00885417 0.0166667 0.0148626
9 0.26901 0.0365741 0.0223958 0.0675926 0.020958
2 0.271354 0.112963 0.0145833 0.0314815 0.0275156
7 0.314323 0.115741 0.0588542 0.0796296 0.0280179
1 0.810417 0.330556 0.0208333 0.0981481 0.0331147
9 0.502604 0.759259 0.0125 0.0555556 0.0405007
2 0.292708 0.109722 0.028125 0.0824074 0.0417828
9 0.567448 0.0481481 0.00885417 0.0240741 0.0549882
9 0.222396 0.0569444 0.0114583 0.0324074 0.0919669
7 0.297656 0.10787 0.0401042 0.0842593 0.136994
2 0.465365 0.111111 0.0182292 0.0407407 0.162809
2 0.322135 0.0856481 0.0401042 0.0305556 0.182832
2 0.480208 0.108796 0.0208333 0.0453704 0.213502
2 0.506771 0.103704 0.0416667 0.062963 0.491723
2 0.627604 0.122685 0.025 0.0527778 0.511211
2 0.31875 0.121759 0.0510417 0.0712963 0.643722
2 0.351302 0.112963 0.0203125 0.037037 0.702287
11 0.729427 0.0435185 0.0276042 0.0574074 0.751293
10 0.203906 0.316204 0.0161458 0.0712963 0.759479
2 0.532031 0.284722 0.0973958 0.130556 0.854324
2 0.729688 0.42037 0.122917 0.17037 0.909945
