9 0.548177 0.0527778 0.0109375 0.0259259 0.00108831
12 0.995573 0.52963 0.0078125 0.037037 0.00111335
0 0.159375 0.175 0.0166667 0.0592593 0.0011243
9 0.2375 0.0731481 0.0177083 0.05 0.00113379
2 0.775781 0.120833 0.0213542 0.0435185 0.00115027
9 0.559115 0.0240741 0.0213542 0.0444444 0.00117495
2 0.65599 0.138426 0.0807292 0.0824074 0.0011872
12 0.978646 0.498611 0.040625 0.132407 0.00127804
13 0.971094 0.523148 0.0567708 0.185185 0.0013675
9 0.36224 0.0435185 0.00989583 0.0277778 0.00140196
0 0.263542 0.106944 0.00833333 0.0435185 0.00140517
9 0.578646 0.0328704 0.0145833 0.062037 0.00142837
9 0.583854 0.0351852 0.0145833 0.0592593 0.00145257
2 0.071875 0.05 0.015625 0.0240741 0.00145311
12 0.702083 0.131019 0.0229167 0.0694444 0.00152285
2 0.627604 0.416667 0.39375 0.188889 0.00154689
9 0.258594 0.0736111 0.0130208 0.0490741 0.00155634
2 0.783333 0.108796 0.0364583 0.0638889 0.00158284
12 0.69349 0.163889 0.00677083 0.0388889 0.00173808
2 0.0192708 0.140741 0.0375 0.0592593 0.00176719
2 0.64974 0.15 0.0380208 0.0574074 0.00178157
2 0.294792 0.134259 0.0166667 0.05 0.00184433
0 0.716406 0.371759 0.0234375 0.0268519 0.00185045
2 0.363542 0.0675926 0.0114583 0.0203704 0.00187669
9 0.415885 0.0101852 0.0161458 0.0203704 0.00188838
9 0.21901 0.102778 0.00989583 0.0388889 0.00192917
5 0.220313 0.075463 0.0510417 0.0638889 0.00194962
12 0.701823 0.154167 0.0223958 0.0564815 0.00197085
9 0.105729 0.0287037 0.0114583 0.0388889 0.00211568
9 0.266927 0.0967593 0.0109375 0.0509259 0.00216099
9 0.115365 0.025463 0.0151042 0.0398148 0.00230822
9 0.428906 0.0314815 0.00989583 0.0314815 0.00234053
2 0.532812 0.110185 0.325 0.0703704 0.00235755
9 0.252865 0.0875 0.0140625 0.0324074 0.0024327
9 0.263542 0.0412037 0.01875 0.062037 0.00251623
2 0.442708 0.0884259 0.0135417 0.0287037 0.00270193
0 0.442969 0.0986111 0.0171875 0.0509259 0.00273869
0 0.75625 0.0902778 0.015625 0.0805556 0.00281682
5 0.213542 0.0597222 0.034375 0.0564815 0.00299011
1 0.782812 0.306944 0.015625 0.0638889 0.0029947
9 0.458073 0.0648148 0.00677083 0.0296296 0.00302572
2 0.0140625 0.393981 0.028125 0.117593 0.00302763
3 0.00807292 0.4 0.0161458 0.112963 0.00311569
2 0.0132813 0.366667 0.0265625 0.05 0.0031207
13 0.0143229 0.393981 0.0286458 0.117593 0.00320172
2 0.00546875 0.374537 0.0109375 0.075 0.00324935
2 0.405729 0.110648 0.230208 0.062037 0.00328819
0 0.0536458 0.11713 0.0104167 0.0546296 0.00339561
9 0.29349 0.0564815 0.00989583 0.0425926 0.00378398
2 0.60625 0.0597222 0.0104167 0.025 0.00412823
12 0.817448 0.234259 0.00885417 0.0407407 0.00429289
2 0.0617188 0.0634259 0.0348958 0.0342593 0.0043047
9 0.263021 0.0865741 0.00833333 0.0324074 0.00449258
1 0.00859375 0.396759 0.0171875 0.117593 0.00451704
9 0.292708 0.0703704 0.0114583 0.0166667 0.004527
9 0.569531 0.0319444 0.0130208 0.0583333 0.00497726
7 0.220052 0.0666667 0.0505208 0.0648148 0.00567457
2 0.592708 0.126852 0.0177083 0.0222222 0.00572756
2 0.238542 0.140741 0.01875 0.0425926 0.00610117
12 0.994792 0.493519 0.009375 0.127778 0.00672048
9 0.442708 0.087963 0.0135417 0.0277778 0.00698861
1 0.800781 0.318056 0.0307292 0.0842593 0.00700708
11 0.23724 0.0671296 0.0161458 0.0398148 0.00768137
9 0.209635 0.0643518 0.0244792 0.0435185 0.00871766
2 0.786458 0.0893519 0.015625 0.0231481 0.00957217
2 0.00416667 0.40787 0.00833333 0.0935185 0.00979394
0 0.00416667 0.40463 0.00833333 0.0962963 0.0104482
2 0.635677 0.147222 0.0109375 0.0537037 0.0112029
0 0.635677 0.148611 0.00989583 0.0509259 0.0147436
9 0.26901 0.0314815 0.0213542 0.0574074 0.0162695
9 0.219792 0.0893519 0.009375 0.0157407 0.017779
7 0.314844 0.114815 0.0567708 0.0777778 0.0243069
9 0.222135 0.0578704 0.0130208 0.037963 0.0321279
1 0.810938 0.331481 0.01875 0.0944444 0.0340224
2 0.271615 0.112963 0.0151042 0.0333333 0.0346411
2 0.292708 0.108796 0.028125 0.0824074 0.0402523
9 0.502604 0.759259 0.0125 0.0555556 0.0457893
9 0.567448 0.0481481 0.00885417 0.0240741 0.078145
7 0.297656 0.10787 0.0401042 0.0842593 0.109026
2 0.464323 0.112963 0.0161458 0.037037 0.138753
2 0.322135 0.0851852 0.0401042 0.0314815 0.190719
2 0.480469 0.109259 0.0203125 0.0444444 0.207485
2 0.627865 0.122222 0.0255208 0.0518519 0.451164
2 0.50651 0.103704 0.0411458 0.062963 0.506058
2 0.31875 0.121296 0.0510417 0.0722222 0.665211
10 0.204167 0.316667 0.015625 0.0703704 0.688533
2 0.351042 0.112963 0.0197917 0.037037 0.714779
11 0.729167 0.0435185 0.0270833 0.0574074 0.751022
2 0.527865 0.275463 0.0942708 0.126852 0.811673
2 0.729688 0.419907 0.122917 0.171296 0.905348
