9 0.49974 0.603241 0.0140625 0.037963 0.00101169
12 0.702083 0.125926 0.0229167 0.0592593 0.00103606
2 0.363542 0.0671296 0.0114583 0.0194444 0.00111754
7 0.970833 0.522685 0.0572917 0.19537 0.00111945
13 0.978125 0.52037 0.0427083 0.17963 0.00116778
2 0.298177 0.106481 0.0911458 0.0944444 0.00118194
2 0.288021 0.0787037 0.0197917 0.0351852 0.0011907
7 0.236458 0.0703704 0.0177083 0.05 0.00123257
9 0.274219 0.0416667 0.0348958 0.0814815 0.0012394
12 0.701302 0.160185 0.0223958 0.0462963 0.00124719
0 0.536979 0.254167 0.502083 0.375 0.00125699
9 0.415885 0.0106481 0.0151042 0.0212963 0.00126148
7 0.270312 0.0361111 0.0260417 0.0703704 0.00130567
9 0.293229 0.0564815 0.009375 0.0388889 0.00137162
0 0.263281 0.0907407 0.0078125 0.0444444 0.00139725
0 0.389323 0.255556 0.0171875 0.0277778 0.00149816
9 0.558594 0.0509259 0.0161458 0.0222222 0.00151591
2 0.778646 0.106944 0.028125 0.0416667 0.00154501
9 0.991146 0.516667 0.0166667 0.174074 0.00154983
1 0.0127604 0.368519 0.0255208 0.0518519 0.00155323
9 0.269531 0.0486111 0.0203125 0.037963 0.00163775
7 0.99349 0.51713 0.0119792 0.173148 0.00174575
7 0.276302 0.075 0.0380208 0.144444 0.00181164
9 0.547917 0.0583333 0.0104167 0.0240741 0.00186516
0 0.741146 0.371296 0.0239583 0.0314815 0.00190494
2 0.555469 0.422222 0.533854 0.177778 0.00191117
9 0.817448 0.236111 0.00885417 0.0388889 0.0020285
0 0.757031 0.126852 0.0109375 0.0388889 0.00214267
2 0.788802 0.0805556 0.0203125 0.0277778 0.0022243
2 0.0140625 0.399074 0.028125 0.107407 0.00237481
7 0.221875 0.0564815 0.0541667 0.1 0.00256063
9 0.572396 0.0305556 0.0135417 0.0574074 0.00273041
0 0.361719 0.0694444 0.0078125 0.0240741 0.00292087
0 0.729427 0.372222 0.0255208 0.0277778 0.00305693
2 0.566667 0.109259 0.230208 0.0648148 0.00309978
2 0.411458 0.110648 0.273958 0.0787037 0.00313836
2 0.447656 0.108333 0.0276042 0.037037 0.00322376
9 0.292188 0.0722222 0.0114583 0.0166667 0.00322382
0 0.995313 0.329167 0.00833333 0.0527778 0.0033553
2 0.238281 0.140741 0.0182292 0.0425926 0.00345047
2 0.592708 0.124537 0.0177083 0.0268519 0.00345503
11 0.23724 0.0666667 0.0161458 0.0388889 0.00353241
7 0.2125 0.0648148 0.0354167 0.0574074 0.00353263
2 0.442448 0.087037 0.0140625 0.0277778 0.00371529
0 0.757552 0.376389 0.0182292 0.0268519 0.00376666
12 0.691406 0.164815 0.00989583 0.0407407 0.00381698
0 0.459635 0.471759 0.840104 0.84537 0.00384783
1 0.0140625 0.396759 0.028125 0.110185 0.00395622
0 0.266667 0.099537 0.0104167 0.0564815 0.00398066
1 0.810156 0.331944 0.0192708 0.0898148 0.00445139
2 0.30651 0.0833333 0.0286458 0.037037 0.0047608
7 0.790885 0.0638889 0.0286458 0.0592593 0.00498788
2 0.60599 0.0601852 0.00989583 0.0240741 0.00498847
2 0.270573 0.108333 0.0130208 0.0425926 0.00525915
9 0.502604 0.760648 0.0125 0.0546296 0.00528938
2 0.480208 0.108796 0.0625 0.0583333 0.00614481
9 0.269271 0.0236111 0.021875 0.0435185 0.00617774
9 0.216146 0.0592593 0.028125 0.0555556 0.00690099
0 0.71276 0.372685 0.0213542 0.025 0.00699065
9 0.220833 0.087037 0.0104167 0.0166667 0.00820913
3 0.00859375 0.401389 0.0171875 0.102778 0.00899597
0 0.75651 0.0833333 0.0119792 0.0592593 0.00937587
0 0.345833 0.59213 0.0125 0.0398148 0.0101564
9 0.207292 0.0671296 0.01875 0.0453704 0.0101763
12 0.994531 0.505556 0.00989583 0.15 0.0106786
0 0.285937 0.112963 0.015625 0.0759259 0.0115173
9 0.442448 0.0875 0.0130208 0.0268519 0.0118331
2 0.785677 0.0888889 0.0151042 0.0222222 0.0126034
1 0.00416667 0.406944 0.00833333 0.087963 0.0155915
2 0.00442708 0.406481 0.00885417 0.0907407 0.021212
2 0.635156 0.144907 0.0109375 0.0509259 0.022951
0 0.635417 0.148148 0.009375 0.0518519 0.0246447
7 0.297135 0.106944 0.0380208 0.0842593 0.0300463
0 0.324219 0.596759 0.0390625 0.0509259 0.0342904
9 0.567448 0.0481481 0.0078125 0.0222222 0.0349977
2 0.298438 0.106944 0.0364583 0.0805556 0.0395713
2 0.461979 0.113426 0.0135417 0.0361111 0.0607254
0 0.373698 0.595833 0.0453125 0.0546296 0.0703782
2 0.480208 0.109259 0.0208333 0.0444444 0.229785
2 0.467969 0.110185 0.0234375 0.0425926 0.235581
2 0.322917 0.0875 0.0375 0.0361111 0.383901
2 0.626823 0.121759 0.0255208 0.0509259 0.414007
2 0.50625 0.104167 0.0416667 0.062037 0.50082
2 0.31849 0.121296 0.0505208 0.0703704 0.728368
11 0.729167 0.0430556 0.0270833 0.0564815 0.769904
10 0.203906 0.316667 0.0161458 0.0703704 0.787705
2 0.388021 0.286574 0.096875 0.128704 0.892168
2 0.729688 0.419907 0.122917 0.171296 0.910817
2 0.347135 0.651389 0.164062 0.237963 0.933679
