9 0.56224 0.0509259 0.0192708 0.0240741 0.00100482
0 0.990365 0.869907 0.0182292 0.0601852 0.00103957
2 0.816927 0.231481 0.00885417 0.0444444 0.00105958
11 0.236719 0.0708333 0.0171875 0.0490741 0.00107168
9 0.107552 0.0259259 0.0130208 0.037037 0.00111796
9 0.50026 0.603704 0.0151042 0.0444444 0.00112679
2 0.991146 0.524537 0.0166667 0.176852 0.00115608
12 0.701823 0.142593 0.0223958 0.0796296 0.00116842
7 0.296094 0.105093 0.0880208 0.0972222 0.00117276
9 0.116146 0.0226852 0.0145833 0.0398148 0.0011761
2 0.56875 0.420833 0.597917 0.182407 0.00120968
12 0.701823 0.164815 0.0192708 0.0388889 0.00124535
2 0.53099 0.112963 0.0130208 0.0425926 0.0012946
1 0.263802 0.295833 0.0161458 0.0675926 0.00130078
0 0.521875 0.290278 0.540625 0.471296 0.00130263
9 0.548177 0.0513889 0.0109375 0.0231481 0.00130415
2 0.975781 0.495833 0.0442708 0.123148 0.00134567
9 0.582031 0.0347222 0.0140625 0.0583333 0.0014617
0 0.171094 0.108796 0.00885417 0.037963 0.00147754
0 0.754948 0.0916667 0.0161458 0.0814815 0.00149243
7 0.278906 0.075 0.0348958 0.142593 0.0016168
58 0.96875 0.494444 0.03125 0.0907407 0.00164792
9 0.484896 0.0226852 0.0104167 0.0287037 0.00165529
9 0.291667 0.0527778 0.00833333 0.0388889 0.00169827
2 0.363542 0.0671296 0.0114583 0.0194444 0.00170172
2 0.529688 0.110648 0.34375 0.0787037 0.00176671
2 0.425781 0.109259 0.206771 0.0703704 0.00176807
12 0.975781 0.497685 0.0442708 0.126852 0.00181498
2 0.660417 0.149074 0.0625 0.062963 0.00181832
7 0.236198 0.0694444 0.0182292 0.05 0.00183919
9 0.576823 0.0324074 0.0151042 0.062963 0.0018468
2 0.442708 0.0865741 0.0135417 0.0268519 0.00192334
9 0.458333 0.0657407 0.00729167 0.0277778 0.00194219
7 0.788542 0.0643518 0.025 0.062037 0.00195545
13 0.961719 0.553241 0.0390625 0.0398148 0.00198138
10 0.220313 0.316667 0.0145833 0.0722222 0.00198826
9 0.566146 0.0564815 0.0114583 0.0407407 0.00208848
2 0.813802 0.0768519 0.0182292 0.0203704 0.00209799
9 0.36224 0.0689815 0.00885417 0.025 0.00219498
9 0.442448 0.22963 0.00885417 0.0240741 0.00226635
1 0.239323 0.311111 0.0369792 0.0962963 0.0025464
2 0.238281 0.141204 0.0182292 0.037963 0.00263261
11 0.60599 0.0597222 0.00989583 0.025 0.00269818
1 0.00520833 0.364815 0.0104167 0.0722222 0.0027577
1 0.268229 0.300926 0.0552083 0.0944444 0.00286869
9 0.558854 0.025463 0.021875 0.0472222 0.00290918
0 0.995573 0.331019 0.0078125 0.0509259 0.00305683
0 0.154167 0.1125 0.0114583 0.0287037 0.00305884
9 0.276302 0.0412037 0.0359375 0.0805556 0.00330022
13 0.970312 0.564815 0.0572917 0.0833333 0.00343224
7 0.970573 0.525463 0.0578125 0.197222 0.0035677
13 0.993229 0.518981 0.0125 0.171296 0.00359819
7 0.147396 0.0907407 0.0677083 0.0796296 0.00414043
9 0.263021 0.0898148 0.00729167 0.0407407 0.00417255
9 0.502344 0.759722 0.0140625 0.0564815 0.00455767
9 0.439844 0.197685 0.0130208 0.0324074 0.00498275
13 0.972396 0.521296 0.0541667 0.17963 0.00513043
0 0.266146 0.0990741 0.0104167 0.0555556 0.00619912
9 0.269271 0.050463 0.0197917 0.037963 0.00646834
12 0.994792 0.494907 0.009375 0.134259 0.00777298
0 0.757031 0.0712963 0.0109375 0.0425926 0.00818254
2 0.270833 0.108796 0.0135417 0.0398148 0.00886412
9 0.442187 0.0865741 0.0125 0.025 0.00943819
2 0.447135 0.117593 0.0265625 0.0222222 0.00949257
9 0.210156 0.0675926 0.0265625 0.05 0.010167
9 0.56849 0.0310185 0.0130208 0.0583333 0.0103701
2 0.592188 0.125 0.0177083 0.0259259 0.0104196
5 0.215885 0.0643518 0.0411458 0.0638889 0.0114667
9 0.269531 0.0226852 0.0203125 0.0416667 0.0154601
2 0.0046875 0.557407 0.009375 0.0425926 0.0166812
2 0.470052 0.108333 0.0307292 0.0462963 0.0188941
2 0.789844 0.0875 0.0213542 0.025 0.0216143
0 0.634896 0.148148 0.009375 0.0518519 0.0224605
7 0.220052 0.0652778 0.0505208 0.0694444 0.0273265
2 0.491406 0.106944 0.0192708 0.0509259 0.0373952
2 0.634635 0.144907 0.0109375 0.0527778 0.0390958
9 0.567187 0.0481481 0.00833333 0.0240741 0.0601327
2 0.294271 0.106944 0.0302083 0.0824074 0.0635046
7 0.296354 0.106481 0.0354167 0.0814815 0.1482
2 0.464063 0.1125 0.015625 0.037963 0.169034
2 0.322396 0.0861111 0.0375 0.0351852 0.268203
2 0.479948 0.109259 0.0203125 0.0444444 0.309927
1 0.251563 0.3125 0.0229167 0.0935185 0.380682
2 0.627344 0.121759 0.0255208 0.0509259 0.406937
2 0.505208 0.103704 0.0427083 0.062963 0.577185
10 0.204167 0.315741 0.0166667 0.0703704 0.590775
2 0.31849 0.120833 0.0505208 0.0712963 0.642759
0 0.252344 0.272685 0.0255208 0.106481 0.687148
11 0.728906 0.0435185 0.0276042 0.0555556 0.814146
2 0.729427 0.418519 0.122396 0.172222 0.903692
