9 0.253646 0.0842593 0.015625 0.037037 0.00102232
9 0.415625 0.0106481 0.015625 0.0212963 0.0010386
0 0.757812 0.118519 0.0125 0.05 0.00104694
7 0.322396 0.0731481 0.0479167 0.0685185 0.00105411
0 0.25651 0.109259 0.0213542 0.0962963 0.0010729
2 0.771354 0.113889 0.0135417 0.0296296 0.00107777
0 0.365885 0.44213 0.0494792 0.0564815 0.00109893
12 0.988542 0.506019 0.021875 0.14537 0.00110661
7 0.790625 0.0615741 0.028125 0.0546296 0.00118456
0 0.253646 0.132407 0.0145833 0.0537037 0.00130036
12 0.701042 0.164352 0.0239583 0.037963 0.00134728
9 0.548437 0.0509259 0.0114583 0.0277778 0.00135063
9 0.500521 0.603241 0.015625 0.037963 0.00138312
2 0.647917 0.148611 0.0364583 0.0601852 0.00143846
2 0.21901 0.134722 0.0598958 0.0564815 0.00144813
2 0.778906 0.106481 0.0286458 0.0481481 0.00164585
13 0.970833 0.522222 0.0572917 0.181481 0.00165714
2 0.297656 0.101852 0.0869792 0.101852 0.00166295
2 0.529167 0.111111 0.0104167 0.0407407 0.00171525
2 0.655729 0.1375 0.08125 0.0898148 0.00175486
7 0.993229 0.517593 0.0125 0.172222 0.00184281
9 0.577083 0.0328704 0.015625 0.0638889 0.00185544
2 0.541667 0.441667 0.610417 0.211111 0.00191531
1 0.0138021 0.369444 0.0276042 0.0518519 0.00193649
9 0.263542 0.0856481 0.009375 0.0342593 0.00200089
0 0.708073 0.372685 0.0192708 0.0268519 0.00207152
32 0.454167 0.315741 0.00833333 0.0148148 0.00210544
2 0.817448 0.233333 0.00885417 0.0425926 0.00217125
0 0.717708 0.372222 0.0239583 0.0277778 0.00222252
9 0.257292 0.0759259 0.0114583 0.0462963 0.00228831
7 0.970573 0.527315 0.0578125 0.200926 0.00230902
9 0.584896 0.037963 0.0145833 0.0537037 0.00235836
7 0.334375 0.049537 0.0239583 0.0435185 0.00237467
1 0.00390625 0.406944 0.0078125 0.087963 0.00256337
9 0.591146 0.0319444 0.0145833 0.0564815 0.00267321
1 0.0101562 0.361574 0.0203125 0.137963 0.0027419
0 0.263021 0.10787 0.00833333 0.0527778 0.00301522
0 0.394531 0.445833 0.0786458 0.062037 0.00304058
9 0.995052 0.502778 0.00885417 0.151852 0.00312895
2 0.548437 0.106944 0.251042 0.0694444 0.00313777
9 0.220573 0.0805556 0.0140625 0.0259259 0.00345142
0 0.266667 0.0976852 0.0104167 0.0527778 0.0035259
5 0.220573 0.0703704 0.0526042 0.0574074 0.00369909
2 0.384375 0.10463 0.196875 0.0833333 0.00371636
12 0.994792 0.508333 0.009375 0.157407 0.00410399
2 0.814844 0.075463 0.0171875 0.0175926 0.00415316
7 0.361198 0.0513889 0.0359375 0.0398148 0.00519991
9 0.219792 0.0527778 0.0208333 0.0425926 0.00551282
12 0.692187 0.165278 0.009375 0.0398148 0.00623646
11 0.23724 0.0685185 0.0171875 0.0444444 0.00628191
2 0.270052 0.108333 0.0119792 0.0407407 0.00671391
2 0.298698 0.0888889 0.0317708 0.05 0.00748525
7 0.220052 0.0662037 0.0505208 0.0601852 0.00791039
11 0.60625 0.0606481 0.009375 0.025 0.00820648
0 0.757031 0.0930556 0.0140625 0.0768519 0.00889576
1 0.809896 0.332407 0.021875 0.0944444 0.00966296
9 0.566927 0.0319444 0.0119792 0.0583333 0.0106153
7 0.395833 0.0671296 0.0375 0.0472222 0.0116582
0 0.635156 0.147222 0.00989583 0.0518519 0.0118208
2 0.469531 0.105556 0.0640625 0.0537037 0.0118784
2 0.634896 0.145833 0.0114583 0.0546296 0.0128006
2 0.785937 0.0902778 0.015625 0.0212963 0.0157295
9 0.20651 0.0689815 0.0213542 0.0416667 0.0179434
2 0.238281 0.14213 0.0192708 0.0398148 0.0237406
0 0.354688 0.451852 0.025 0.0351852 0.0237549
2 0.290885 0.125463 0.0182292 0.0453704 0.0307211
0 0.367448 0.449074 0.0296875 0.0351852 0.030795
9 0.502604 0.760185 0.0125 0.0537037 0.0497249
0 0.413021 0.45 0.0354167 0.0518519 0.0505805
2 0.459896 0.111111 0.0135417 0.0407407 0.0567234
9 0.26901 0.0356481 0.0223958 0.0675926 0.0611704
2 0.333333 0.0712963 0.0229167 0.0333333 0.0668929
7 0.297656 0.104167 0.0380208 0.0768519 0.0832627
9 0.567187 0.0481481 0.009375 0.0240741 0.0862158
2 0.360156 0.0546296 0.0338542 0.0351852 0.105707
2 0.336198 0.0587963 0.0234375 0.0324074 0.118155
2 0.483073 0.0712963 0.0286458 0.0240741 0.152373
2 0.367969 0.0606481 0.0234375 0.0305556 0.1612
2 0.321875 0.0884259 0.0375 0.037963 0.238078
2 0.627604 0.121296 0.025 0.0518519 0.329134
2 0.505729 0.102778 0.04375 0.0648148 0.431586
7 0.505729 0.102315 0.04375 0.0657407 0.434793
2 0.472917 0.109259 0.03125 0.0444444 0.436545
2 0.395573 0.0685185 0.0369792 0.0444444 0.496355
2 0.317708 0.121296 0.0520833 0.0703704 0.731341
11 0.729427 0.0435185 0.0276042 0.0574074 0.776377
2 0.435937 0.105556 0.0375 0.0537037 0.797437
10 0.203906 0.316204 0.0171875 0.0712963 0.837737
2 0.385677 0.505093 0.154687 0.250926 0.897754
2 0.729688 0.42037 0.122917 0.172222 0.912233
