12 0.816927 0.233333 0.00885417 0.0407407 0.00102646
9 0.816927 0.234259 0.00885417 0.0407407 0.00103654
2 0.777604 0.0990741 0.0302083 0.0555556 0.00104524
9 0.995313 0.529167 0.00833333 0.0453704 0.00107316
9 0.0578125 0.0222222 0.015625 0.0407407 0.00112151
7 0.286719 0.102778 0.0880208 0.0981481 0.00116032
5 0.234896 0.0671296 0.0208333 0.0435185 0.00116165
32 0.453906 0.313889 0.00885417 0.012963 0.00118447
11 0.232292 0.0458333 0.0302083 0.0861111 0.00126582
2 0.574479 0.125 0.053125 0.0351852 0.00127275
58 0.91849 0.185185 0.163021 0.364815 0.00128631
2 0.280208 0.0717593 0.0270833 0.0287037 0.00129814
2 0.80599 0.0824074 0.0307292 0.0296296 0.00131458
2 0.332292 0.0768519 0.0291667 0.0259259 0.0013223
12 0.976042 0.498148 0.0458333 0.124074 0.0013311
11 0.255729 0.0875 0.0208333 0.0361111 0.00134744
12 0.693229 0.163889 0.00729167 0.0388889 0.00134981
2 0.96901 0.497685 0.0307292 0.0953704 0.00139219
0 0.1875 0.109722 0.00729167 0.0435185 0.00158395
2 0.363802 0.0671296 0.0109375 0.0194444 0.00162836
2 0.661979 0.15 0.0645833 0.062963 0.0016441
0 0.801302 0.753704 0.124479 0.438889 0.00166629
7 0.7875 0.0634259 0.0239583 0.062037 0.00167368
13 0.9625 0.55463 0.040625 0.0407407 0.00168328
9 0.548177 0.0518519 0.0109375 0.0240741 0.00170002
0 0.728906 0.372685 0.0307292 0.0287037 0.00186766
2 0.97474 0.511111 0.0494792 0.151852 0.00187235
2 0.428906 0.110648 0.182812 0.0675926 0.00193751
2 0.557031 0.110185 0.249479 0.0722222 0.00196258
58 0.96901 0.493519 0.0317708 0.0925926 0.00200239
0 0.75625 0.374537 0.0208333 0.0324074 0.00204738
9 0.207813 0.0685185 0.021875 0.0425926 0.00210177
7 0.276563 0.0671296 0.0375 0.130556 0.00211131
0 0.263281 0.100926 0.00885417 0.0555556 0.00216709
0 0.755729 0.0726852 0.0104167 0.0361111 0.00222584
9 0.577344 0.0324074 0.0161458 0.0592593 0.0022793
7 0.993229 0.518519 0.0125 0.168519 0.00228286
2 0.442448 0.0856481 0.0130208 0.025 0.00236589
9 0.414844 0.0087963 0.0140625 0.0175926 0.00241039
0 0.754948 0.0884259 0.0130208 0.0675926 0.00243767
2 0.53151 0.112037 0.0140625 0.0407407 0.00245817
9 0.489323 0.977315 0.0182292 0.0398148 0.00247817
9 0.276042 0.0398148 0.0385417 0.0777778 0.00257233
2 0.219792 0.134259 0.0572917 0.0555556 0.00257584
9 0.582552 0.0365741 0.0119792 0.0509259 0.00263643
9 0.292969 0.0527778 0.00885417 0.0407407 0.00270082
13 0.970573 0.522685 0.0578125 0.182407 0.00324209
2 0.642969 0.151389 0.0255208 0.062037 0.00332643
2 0.60625 0.0597222 0.0104167 0.025 0.00336906
9 0.440365 0.210648 0.0130208 0.0583333 0.00391799
2 0.267188 0.0986111 0.0114583 0.0546296 0.00395728
2 0.290625 0.0708333 0.0135417 0.0138889 0.00408975
9 0.263021 0.0893519 0.00833333 0.037963 0.00456064
9 0.21849 0.0546296 0.0223958 0.0444444 0.00471532
11 0.240104 0.0342593 0.021875 0.0648148 0.00500122
2 0.640625 0.983333 0.103125 0.0314815 0.00519596
0 0.715625 0.372222 0.0260417 0.0259259 0.00522026
2 0.446615 0.116667 0.0255208 0.0222222 0.00549626
9 0.269271 0.0513889 0.0197917 0.0361111 0.00569946
12 0.995052 0.497222 0.00885417 0.142593 0.00572589
2 0.814062 0.0763889 0.0177083 0.0194444 0.00699787
11 0.236979 0.0666667 0.0177083 0.0407407 0.00709047
9 0.570052 0.0314815 0.0119792 0.0574074 0.00750407
9 0.442187 0.0865741 0.0135417 0.025 0.00770957
2 0.238281 0.139815 0.0192708 0.0425926 0.00778168
9 0.502344 0.759722 0.0119792 0.0527778 0.00898587
7 0.970833 0.525463 0.0572917 0.202778 0.00935091
9 0.26875 0.0222222 0.021875 0.0407407 0.0101718
7 0.220052 0.0689815 0.0515625 0.0657407 0.0121437
2 0.592188 0.125463 0.0177083 0.025 0.013771
5 0.220573 0.0703704 0.0515625 0.0648148 0.0150148
2 0.271615 0.109722 0.0151042 0.037963 0.0174502
2 0.785937 0.0888889 0.015625 0.0259259 0.0221157
2 0.634635 0.148148 0.0109375 0.0592593 0.0370784
2 0.491927 0.10787 0.0182292 0.0490741 0.0542387
9 0.566667 0.0481481 0.00833333 0.0240741 0.0580365
2 0.291406 0.110648 0.0255208 0.075 0.0830159
2 0.461979 0.113426 0.0125 0.0361111 0.101281
2 0.468229 0.110648 0.021875 0.0416667 0.209651
2 0.479427 0.109722 0.0203125 0.0435185 0.25775
2 0.589323 0.981019 0.204688 0.0361111 0.294512
2 0.321354 0.0865741 0.0375 0.0342593 0.314718
7 0.505729 0.103241 0.0427083 0.062037 0.395862
2 0.505729 0.103241 0.0427083 0.062037 0.448884
2 0.626823 0.121296 0.0255208 0.05 0.610454
2 0.317708 0.120833 0.0510417 0.0712963 0.741863
10 0.204167 0.314815 0.015625 0.0722222 0.762273
11 0.728906 0.0435185 0.0276042 0.0555556 0.829929
2 0.729688 0.419444 0.122917 0.17037 0.904092
