2 0.615104 0.0962963 0.0489583 0.0796296 0.00103935
2 0.25651 0.0851852 0.0213542 0.0462963 0.00104456
12 0.701302 0.1625 0.0223958 0.037963 0.0010494
2 0.660417 0.15 0.0635417 0.0648148 0.00111424
2 0.363802 0.0657407 0.0119792 0.0166667 0.00111534
2 0.844271 0.242593 0.0645833 0.0592593 0.00118394
9 0.757292 0.121296 0.0145833 0.0407407 0.00118618
2 0.715104 0.503241 0.442708 0.319444 0.00119609
13 0.960677 0.553241 0.0369792 0.0435185 0.00126627
2 0.238021 0.1375 0.01875 0.0435185 0.00133781
58 0.967708 0.493519 0.03125 0.0888889 0.00140525
13 0.970573 0.571296 0.0578125 0.0814815 0.00146042
12 0.693229 0.162963 0.00729167 0.0388889 0.0015428
2 0.79401 0.0597222 0.0359375 0.0509259 0.00163072
2 0.41224 0.109259 0.278646 0.0796296 0.00168793
9 0.755469 0.0898148 0.0161458 0.0740741 0.00170773
13 0.971094 0.521759 0.0567708 0.180556 0.00172828
2 0.0130208 0.396296 0.0260417 0.116667 0.00174122
7 0.794792 0.0597222 0.0395833 0.0527778 0.00190395
0 0.263802 0.0944444 0.00989583 0.0555556 0.00192744
0 0.608333 0.450463 0.0229167 0.0287037 0.00195701
7 0.214583 0.0694444 0.0666667 0.112963 0.00219451
2 0.814062 0.0731481 0.01875 0.0222222 0.00225798
0 0.575781 0.449074 0.0286458 0.0296296 0.00231178
0 0.708073 0.371296 0.0234375 0.0296296 0.00231602
9 0.992708 0.508796 0.0135417 0.158333 0.00237421
9 0.757031 0.0726852 0.0109375 0.0398148 0.00243717
2 0.574479 0.107407 0.235417 0.0666667 0.00248323
9 0.21901 0.0888889 0.00885417 0.0111111 0.00249796
0 0.286458 0.116204 0.015625 0.0638889 0.00277977
2 0.281771 0.0842593 0.00729167 0.0277778 0.00288804
9 0.360156 0.0652778 0.00885417 0.0175926 0.00305383
9 0.208333 0.0652778 0.0208333 0.0416667 0.0033433
0 0.619792 0.451389 0.0302083 0.0268519 0.00342387
7 0.992708 0.518056 0.0135417 0.171296 0.00364686
13 0.0135417 0.381944 0.0270833 0.0694444 0.00369921
0 0.816667 0.232407 0.009375 0.037037 0.00371988
2 0.481771 0.106944 0.0635417 0.0601852 0.00377433
1 0.00364583 0.416204 0.00729167 0.0694444 0.00403155
9 0.26901 0.0333333 0.0223958 0.0611111 0.00415477
2 0.591927 0.121759 0.0171875 0.0305556 0.00430069
7 0.970833 0.525926 0.0572917 0.2 0.00431379
12 0.993229 0.503704 0.0125 0.148148 0.00439093
2 0.447917 0.113889 0.0291667 0.0259259 0.00453372
1 0.0119792 0.397222 0.0239583 0.107407 0.00458938
2 0.00390625 0.418981 0.0078125 0.0638889 0.00478384
2 0.269531 0.0486111 0.0192708 0.0361111 0.00539644
0 0.557031 0.45 0.0286458 0.0277778 0.0058805
0 0.634635 0.147222 0.00989583 0.0555556 0.00598771
7 0.21875 0.062037 0.0520833 0.0611111 0.00650603
5 0.21875 0.0671296 0.0520833 0.0638889 0.007264
2 0.442187 0.0837963 0.0135417 0.0231481 0.00737167
9 0.565104 0.0449074 0.0104167 0.0287037 0.00738998
2 0.53125 0.107407 0.0166667 0.0481481 0.00819714
2 0.778646 0.099537 0.028125 0.0361111 0.0101352
9 0.442187 0.0842593 0.0135417 0.0240741 0.0103545
2 0.288802 0.0861111 0.0161458 0.0425926 0.0128719
9 0.291927 0.0472222 0.00885417 0.0388889 0.0132452
2 0.634115 0.146296 0.0119792 0.0574074 0.0191583
2 0.270573 0.0981481 0.0151042 0.0555556 0.0220095
2 0.291667 0.109259 0.0208333 0.0574074 0.0249068
2 0.783073 0.0884259 0.0182292 0.0212963 0.0257962
2 0.290625 0.0717593 0.0125 0.0175926 0.0332259
2 0.46276 0.108796 0.0140625 0.0435185 0.134933
2 0.47526 0.106481 0.0307292 0.0462963 0.315447
7 0.505208 0.102315 0.0416667 0.062037 0.438092
2 0.321354 0.0837963 0.0375 0.0342593 0.447729
2 0.505208 0.101852 0.0416667 0.062963 0.458112
2 0.627083 0.119907 0.025 0.0546296 0.479005
10 0.203385 0.313889 0.0151042 0.0703704 0.653075
11 0.728385 0.0393519 0.0265625 0.0546296 0.698557
2 0.317708 0.119907 0.0510417 0.0675926 0.773428
2 0.728906 0.418519 0.123438 0.17037 0.899211
7 0.58776 0.547222 0.177604 0.275926 0.909795
