13 0.961979 0.552778 0.040625 0.0407407 0.00106327
2 0.0322917 0.104167 0.0489583 0.0509259 0.00108403
2 0.238281 0.139815 0.0192708 0.0425926 0.00112773
9 0.548177 0.0532407 0.0109375 0.0231481 0.00114576
12 0.701823 0.141204 0.0203125 0.0842593 0.00114964
2 0.423438 0.10787 0.303125 0.0861111 0.00120313
32 0.453906 0.313889 0.0078125 0.0166667 0.00130917
2 0.447917 0.159722 0.0114583 0.0138889 0.00133197
2 0.657031 0.149537 0.0567708 0.0583333 0.00134794
0 0.757031 0.373611 0.0203125 0.0342593 0.00150032
9 0.21901 0.103241 0.00989583 0.0398148 0.00150383
2 0.28151 0.0777778 0.0223958 0.0296296 0.00155473
58 0.967448 0.492593 0.0307292 0.0888889 0.00170769
0 0.730469 0.371759 0.0286458 0.0305556 0.00174437
2 0.776563 0.103241 0.025 0.0416667 0.00196235
7 0.211719 0.062037 0.0348958 0.0555556 0.00220142
0 0.491406 0.158796 0.0213542 0.037963 0.00220925
2 0.445833 0.114815 0.0229167 0.0222222 0.00232588
9 0.186719 0.0833333 0.00677083 0.0240741 0.0023964
2 0.771354 0.108796 0.015625 0.025 0.00246179
0 0.755469 0.087963 0.0140625 0.0777778 0.00249546
9 0.215885 0.0680556 0.0432292 0.0490741 0.00253418
2 0.505208 0.152315 0.0479167 0.037963 0.00258548
7 0.275521 0.0490741 0.0385417 0.0962963 0.00280202
0 0.285156 0.101389 0.0130208 0.062037 0.00283593
11 0.236198 0.0634259 0.0161458 0.0342593 0.0028911
2 0.564844 0.108796 0.219271 0.0675926 0.0030893
13 0.992448 0.517593 0.0140625 0.174074 0.00311607
0 0.756771 0.0703704 0.0114583 0.0425926 0.00315501
9 0.994792 0.494444 0.009375 0.133333 0.0040721
7 0.970573 0.526852 0.0578125 0.201852 0.00414934
9 0.20651 0.0703704 0.0213542 0.037037 0.00415043
9 0.291667 0.0523148 0.00833333 0.037963 0.00422547
0 0.709115 0.373148 0.0213542 0.0277778 0.00431792
2 0.78776 0.087037 0.0203125 0.0240741 0.00441649
2 0.53151 0.111111 0.0140625 0.0444444 0.00458071
2 0.0125 0.391204 0.025 0.123148 0.0047407
2 0.291146 0.0708333 0.0114583 0.0138889 0.00477732
13 0.970312 0.527315 0.0583333 0.187963 0.00485872
5 0.213281 0.0611111 0.0348958 0.0574074 0.0049375
1 0.0111979 0.352778 0.0223958 0.0814815 0.00572903
13 0.00494792 0.398148 0.00989583 0.105556 0.00592872
7 0.280208 0.0842593 0.03125 0.111111 0.00631124
9 0.502344 0.759722 0.0119792 0.0564815 0.00644328
13 0.0114583 0.393056 0.0229167 0.117593 0.00675036
1 0.00442708 0.402778 0.00885417 0.0981481 0.00676441
2 0.442187 0.0856481 0.0135417 0.0231481 0.00789651
2 0.00416667 0.406481 0.00833333 0.0907407 0.00880045
2 0.485417 0.12037 0.059375 0.0537037 0.00945354
7 0.789062 0.0638889 0.0260417 0.0611111 0.0098007
2 0.270312 0.110185 0.0125 0.037037 0.00981433
9 0.5 0.602315 0.0145833 0.0398148 0.0107277
9 0.269271 0.049537 0.0197917 0.0342593 0.0109006
9 0.566667 0.0467593 0.00833333 0.0231481 0.0133911
2 0.502604 0.133796 0.0395833 0.0212963 0.0136438
1 0.0104167 0.391204 0.0208333 0.123148 0.0137688
2 0.291927 0.111574 0.0203125 0.0583333 0.0154859
2 0.60599 0.0597222 0.00989583 0.0268519 0.0160899
9 0.441927 0.0865741 0.0130208 0.025 0.0206457
9 0.220313 0.0888889 0.00833333 0.0148148 0.022786
9 0.26875 0.0300926 0.021875 0.0564815 0.0327035
9 0.222135 0.0597222 0.0109375 0.037963 0.0492006
2 0.4625 0.110185 0.0145833 0.0388889 0.0500264
0 0.634375 0.143981 0.0104167 0.0490741 0.0629446
2 0.479688 0.10463 0.0229167 0.037037 0.120709
2 0.470052 0.108796 0.0244792 0.0398148 0.200884
2 0.626823 0.118981 0.0265625 0.0509259 0.283586
2 0.322135 0.0847222 0.0369792 0.0342593 0.327751
2 0.505729 0.103241 0.0427083 0.062037 0.567015
10 0.203906 0.314352 0.0161458 0.0712963 0.69306
2 0.317969 0.121296 0.0505208 0.0703704 0.70902
11 0.728906 0.0416667 0.0276042 0.0518519 0.795134
7 0.484375 0.187963 0.0854167 0.124074 0.796062
2 0.729427 0.418519 0.123438 0.172222 0.90941
