13 0.00442708 0.456019 0.00885417 0.237963 0.00104529
9 0.50026 0.601852 0.0151042 0.0407407 0.00114076
9 0.0583333 0.0222222 0.015625 0.0407407 0.00115367
9 0.115625 0.0236111 0.0166667 0.0416667 0.00120246
9 0.442969 0.2375 0.0109375 0.0305556 0.00124295
7 0.291667 0.103241 0.0947917 0.0972222 0.00127422
9 0.107031 0.0291667 0.0109375 0.0398148 0.00131716
9 0.27526 0.0435185 0.0369792 0.0833333 0.00138393
2 0.447396 0.1125 0.0385417 0.0361111 0.00138479
2 0.263802 0.106019 0.00885417 0.0472222 0.00142254
7 0.220313 0.087037 0.05625 0.122222 0.00146086
32 0.460417 0.355556 0.0114583 0.0166667 0.00146099
0 0.171354 0.107407 0.00833333 0.0333333 0.00151807
2 0.56849 0.109259 0.232812 0.0648148 0.00152278
9 0.439844 0.206481 0.0119792 0.0425926 0.00156068
9 0.58151 0.0356481 0.0119792 0.0546296 0.00161553
2 0.21875 0.105556 0.0552083 0.0388889 0.00162574
7 0.788021 0.0657407 0.025 0.0666667 0.00163988
9 0.292448 0.0537037 0.0078125 0.0407407 0.00167207
2 0.241667 0.106019 0.015625 0.0305556 0.00175195
0 0.73151 0.373611 0.0244792 0.0268519 0.00177535
0 0.758073 0.374074 0.0203125 0.0314815 0.00178184
2 0.219271 0.133796 0.0572917 0.0527778 0.00181442
2 0.81224 0.0763889 0.0151042 0.0175926 0.00201494
7 0.235417 0.0685185 0.0197917 0.05 0.00219055
9 0.547917 0.0527778 0.0104167 0.0240741 0.00223639
58 0.96849 0.498611 0.0296875 0.0935185 0.00239175
1 0.0109375 0.365278 0.021875 0.0435185 0.00247439
7 0.970573 0.525463 0.0578125 0.199074 0.00249236
2 0.500521 0.102778 0.0354167 0.0592593 0.0025038
0 0.468229 0.250926 0.390625 0.377778 0.00253296
2 0.00546875 0.0930556 0.0109375 0.0490741 0.00259346
2 0.35599 0.1125 0.139062 0.0694444 0.00263623
9 0.992448 0.505093 0.0140625 0.149074 0.00274885
2 0.59375 0.125926 0.015625 0.0240741 0.00280512
1 0.00494792 0.356019 0.00989583 0.0768519 0.00284314
2 0.292448 0.0722222 0.0109375 0.0148148 0.00290457
1 0.0132813 0.388426 0.0265625 0.106481 0.00301643
2 0.340104 0.075463 0.0145833 0.0231481 0.00303143
9 0.264062 0.0263889 0.0125 0.0490741 0.00303778
7 0.989062 0.518519 0.0208333 0.187037 0.00322607
2 0.478646 0.109722 0.059375 0.0527778 0.00339191
0 0.75599 0.0740741 0.0109375 0.0425926 0.00357725
2 0.442708 0.087037 0.0145833 0.0277778 0.00383758
0 0.845833 0.189352 0.00729167 0.037963 0.00387985
0 0.715625 0.372222 0.0229167 0.0240741 0.00406025
9 0.441406 0.227778 0.00989583 0.0222222 0.0040708
9 0.502865 0.759722 0.0130208 0.0546296 0.00409359
12 0.992708 0.504167 0.0135417 0.149074 0.00424292
9 0.269792 0.050463 0.0197917 0.0361111 0.00447052
32 0.453906 0.314352 0.00885417 0.0157407 0.00581469
5 0.220833 0.0634259 0.0479167 0.0583333 0.00593499
9 0.219792 0.0856481 0.0135417 0.0212963 0.00611525
0 0.816927 0.236574 0.0078125 0.0398148 0.00612038
1 0.810938 0.32963 0.0177083 0.0888889 0.00633963
7 0.216406 0.0634259 0.0432292 0.0638889 0.0066152
9 0.458073 0.0662037 0.0078125 0.0268519 0.00685402
2 0.605729 0.0592593 0.0104167 0.0259259 0.00741709
9 0.572656 0.0314815 0.0140625 0.0592593 0.00778956
0 0.285677 0.118056 0.0140625 0.0657407 0.00829394
9 0.219531 0.0550926 0.0203125 0.0435185 0.00908153
2 0.288802 0.109722 0.0192708 0.0805556 0.00914404
2 0.296094 0.117593 0.0286458 0.0666667 0.00938245
9 0.207813 0.0685185 0.0208333 0.0425926 0.00946022
2 0.238281 0.140278 0.0182292 0.0416667 0.00973392
1 0.00416667 0.393981 0.00833333 0.115741 0.00980346
2 0.445312 0.11713 0.0229167 0.0212963 0.010742
9 0.26901 0.0199074 0.0203125 0.0324074 0.0114274
11 0.23724 0.0662037 0.0161458 0.037963 0.0117732
2 0.789583 0.087963 0.0208333 0.0277778 0.0118361
2 0.271615 0.109722 0.0151042 0.0398148 0.0170278
19 0.442708 0.087037 0.0135417 0.0259259 0.0170715
2 0.363542 0.0671296 0.0114583 0.0212963 0.0442021
7 0.296875 0.107407 0.0375 0.0833333 0.0451925
0 0.635417 0.149537 0.0104167 0.0490741 0.0535728
2 0.486458 0.108796 0.0145833 0.0472222 0.0617364
9 0.567187 0.0481481 0.00833333 0.0240741 0.106577
2 0.465365 0.111574 0.0171875 0.037963 0.132722
2 0.322135 0.0861111 0.0380208 0.0333333 0.2348
2 0.479427 0.110185 0.0192708 0.0425926 0.26076
2 0.627344 0.121759 0.0255208 0.0527778 0.294819
1 0.63151 0.303241 0.0203125 0.0490741 0.467773
7 0.50651 0.103241 0.0411458 0.0638889 0.561905
2 0.317969 0.121296 0.0515625 0.0703704 0.624305
2 0.397396 0.10787 0.034375 0.0472222 0.638656
10 0.204167 0.315741 0.0166667 0.0722222 0.775168
0 0.635156 0.261574 0.0286458 0.0972222 0.781077
11 0.728906 0.0425926 0.0276042 0.0555556 0.788385
2 0.729688 0.419444 0.122917 0.172222 0.891002
