0 0.50599 0.277778 0.565104 0.505556 0.00101642
9 0.2625 0.0458333 0.0166667 0.0453704 0.00104732
0 0.729427 0.371296 0.0348958 0.0314815 0.00105678
7 0.78724 0.0601852 0.0244792 0.0648148 0.00106991
13 0.952604 0.420833 0.0947917 0.141667 0.00108326
2 0.748958 0.60463 0.498958 0.337037 0.00123168
2 0.238281 0.138426 0.0192708 0.0435185 0.00124051
11 0.236719 0.0666667 0.0161458 0.0407407 0.00125843
12 0.701563 0.163889 0.0177083 0.0388889 0.00126554
13 0.963281 0.553241 0.0432292 0.0472222 0.0013789
9 0.995313 0.526389 0.00833333 0.0398148 0.00147718
2 0.814062 0.0708333 0.0177083 0.0212963 0.00152379
2 0.263021 0.105093 0.00833333 0.0453704 0.00163447
2 0.605469 0.0587963 0.00989583 0.0268519 0.00169863
0 0.757031 0.373611 0.0182292 0.0305556 0.00170099
13 0.994271 0.518519 0.0104167 0.17037 0.00174344
9 0.415104 0.0101852 0.015625 0.0203704 0.00181733
2 0.539844 0.109259 0.340104 0.0740741 0.00199518
9 0.210677 0.0634259 0.0276042 0.0490741 0.00204107
9 0.220052 0.087963 0.00989583 0.012963 0.00211864
9 0.275781 0.0384259 0.0369792 0.0731481 0.00218845
2 0.294792 0.104167 0.0916667 0.0972222 0.00223884
0 0.608594 0.573611 0.0755208 0.0527778 0.00228364
2 0.270052 0.0523148 0.0182292 0.0435185 0.00236633
9 0.28724 0.0393519 0.0130208 0.0583333 0.00241586
13 0.970312 0.556019 0.0583333 0.110185 0.00241655
2 0.0119792 0.368981 0.0239583 0.0546296 0.00245692
9 0.501823 0.758796 0.0130208 0.0527778 0.00255727
0 0.573438 0.563426 0.0260417 0.0361111 0.00256827
13 0.985677 0.518519 0.0276042 0.175926 0.00265958
9 0.547917 0.0532407 0.0104167 0.0231481 0.00269145
9 0.439063 0.201852 0.0125 0.0555556 0.00270147
2 0.291146 0.0851852 0.0302083 0.0444444 0.00285193
9 0.36276 0.0476852 0.00989583 0.0361111 0.0028766
7 0.970833 0.524074 0.0572917 0.196296 0.00299228
2 0.816406 0.231944 0.00989583 0.0416667 0.00301142
2 0.53099 0.109722 0.0151042 0.0453704 0.00320273
2 0.469531 0.107407 0.0796875 0.0574074 0.0040874
2 0.376823 0.108333 0.181771 0.0759259 0.00409761
0 0.285417 0.118056 0.0145833 0.062037 0.00414717
0 0.584896 0.568519 0.0364583 0.0444444 0.00462717
9 0.994531 0.496296 0.00989583 0.135185 0.0047824
9 0.291146 0.0481481 0.009375 0.0425926 0.00504352
0 0.715885 0.370833 0.0244792 0.0268519 0.0052003
0 0.635938 0.569907 0.0510417 0.0490741 0.0056958
9 0.566406 0.0467593 0.00885417 0.0231481 0.00636343
2 0.363802 0.0694444 0.0119792 0.0240741 0.00734298
0 0.270052 0.0990741 0.0140625 0.0555556 0.00749423
2 0.786458 0.0888889 0.0166667 0.0185185 0.00753503
2 0.0132813 0.397685 0.0265625 0.106481 0.008025
2 0.417188 0.10463 0.0177083 0.0537037 0.00805886
0 0.282292 0.0930556 0.00833333 0.0398148 0.00828788
9 0.269792 0.0467593 0.01875 0.0398148 0.00986422
7 0.219531 0.0601852 0.0494792 0.0648148 0.0100771
0 0.75599 0.0921296 0.0161458 0.0805556 0.0102004
2 0.277865 0.108333 0.0213542 0.0481481 0.010309
5 0.220573 0.0625 0.0484375 0.0564815 0.0111283
2 0.270052 0.108796 0.0130208 0.037963 0.0133252
1 0.009375 0.399537 0.01875 0.102778 0.0133715
9 0.26875 0.0273148 0.0208333 0.0435185 0.0161696
0 0.634896 0.146296 0.009375 0.0537037 0.017805
0 0.36224 0.0694444 0.00989583 0.0240741 0.0251945
2 0.00390625 0.410648 0.0078125 0.0787037 0.0269023
2 0.464063 0.109259 0.0177083 0.0425926 0.15889
2 0.297656 0.101852 0.0213542 0.0537037 0.246733
2 0.627344 0.119444 0.0244792 0.0518519 0.278019
2 0.322396 0.0851852 0.0364583 0.0351852 0.347828
2 0.475 0.108333 0.0302083 0.0444444 0.356632
7 0.397396 0.0967593 0.0427083 0.0712963 0.382947
2 0.397396 0.0976852 0.0427083 0.0712963 0.408919
2 0.505208 0.102778 0.0416667 0.062963 0.443004
7 0.505469 0.102778 0.0421875 0.062963 0.474046
2 0.432813 0.108333 0.034375 0.0444444 0.600393
10 0.204167 0.313889 0.015625 0.0703704 0.768207
11 0.728646 0.0407407 0.0270833 0.0518519 0.774087
2 0.317969 0.119907 0.0515625 0.0712963 0.778271
2 0.603906 0.639352 0.175521 0.271296 0.808591
2 0.729427 0.417593 0.123438 0.172222 0.913106
