9 0.254687 0.087963 0.0135417 0.0333333 0.00100888
9 0.576823 0.0328704 0.0161458 0.0638889 0.00102198
2 0.53125 0.112037 0.0135417 0.0425926 0.00106336
9 0.263802 0.0842593 0.0109375 0.037037 0.00106863
0 0.597135 0.231481 0.00989583 0.0407407 0.00108041
2 0.199219 0.244907 0.0213542 0.0138889 0.00108174
0 0.194792 0.74537 0.140625 0.464815 0.00109318
2 0.81276 0.0768519 0.0192708 0.0203704 0.00111036
9 0.590104 0.0305556 0.015625 0.0574074 0.00111433
13 0.970052 0.56713 0.0567708 0.0694444 0.00113916
0 0.56224 0.230556 0.0536458 0.062963 0.00116892
13 0.952604 0.418519 0.0947917 0.146296 0.00123845
2 0.66224 0.151852 0.0651042 0.062963 0.0012775
9 0.223438 0.0615741 0.028125 0.0435185 0.00137333
2 0.779948 0.105556 0.0317708 0.0481481 0.00148514
1 0.00364583 0.40787 0.00729167 0.0805556 0.00152148
32 0.454427 0.314352 0.0078125 0.0138889 0.00155906
2 0.449479 0.111111 0.0583333 0.0388889 0.0015738
9 0.260156 0.0643518 0.0119792 0.0472222 0.00161542
9 0.415625 0.0143519 0.0166667 0.0287037 0.00161687
2 0.453125 0.0634259 0.015625 0.0324074 0.00162437
2 0.27526 0.118519 0.0244792 0.0481481 0.00166611
2 0.53776 0.107407 0.172396 0.0685185 0.00167302
9 0.109375 0.0305556 0.0114583 0.0351852 0.00167386
2 0.361719 0.0731481 0.0109375 0.0333333 0.00168753
9 0.502865 0.758333 0.0109375 0.0592593 0.00172038
13 0.992448 0.517593 0.0140625 0.17037 0.00175912
2 0.416146 0.0185185 0.0177083 0.0333333 0.00176347
9 0.218229 0.101852 0.00833333 0.037037 0.00196152
0 0.757552 0.375463 0.0182292 0.0287037 0.00204086
0 0.817448 0.234722 0.00885417 0.0398148 0.00222211
0 0.565885 0.229167 0.0328125 0.0342593 0.00231269
12 0.970833 0.497222 0.0333333 0.122222 0.00247563
2 0.28776 0.0773148 0.0109375 0.0231481 0.00247807
9 0.291927 0.0527778 0.0078125 0.0425926 0.00254027
12 0.965625 0.500926 0.0239583 0.0740741 0.00265167
7 0.214062 0.0592593 0.0364583 0.062963 0.00265201
0 0.732552 0.372685 0.0296875 0.0287037 0.00268429
2 0.338021 0.108333 0.0479167 0.0481481 0.00270876
9 0.555469 0.0222222 0.0244792 0.0425926 0.00289238
9 0.274479 0.0462963 0.01875 0.0425926 0.00299025
2 0.404948 0.107407 0.261979 0.0648148 0.00318769
9 0.547917 0.050463 0.0104167 0.0231481 0.00335538
2 0.592448 0.125926 0.0182292 0.0259259 0.00372352
9 0.261979 0.0481481 0.0145833 0.0444444 0.00377878
13 0.970573 0.521759 0.0578125 0.178704 0.0048134
2 0.448958 0.116204 0.0302083 0.0231481 0.00500759
7 0.971094 0.523611 0.0567708 0.193519 0.00516134
9 0.570052 0.0305556 0.0140625 0.0592593 0.00560687
12 0.690365 0.164815 0.0109375 0.0388889 0.00571995
5 0.214062 0.062963 0.0354167 0.0574074 0.00597866
2 0.270052 0.111574 0.0119792 0.0324074 0.00601468
9 0.269792 0.0949074 0.0135417 0.0435185 0.0063598
9 0.288021 0.0444444 0.0104167 0.05 0.00663332
9 0.236979 0.0671296 0.015625 0.0416667 0.00664025
0 0.708854 0.372685 0.0197917 0.025 0.00685158
9 0.991146 0.511574 0.0166667 0.163889 0.00696906
9 0.995313 0.491204 0.00833333 0.132407 0.00700804
0 0.75625 0.0902778 0.0135417 0.0787037 0.00856854
2 0.298177 0.107407 0.0348958 0.0777778 0.0102306
9 0.442187 0.0856481 0.0135417 0.025 0.0104362
2 0.290885 0.0694444 0.00989583 0.0148148 0.0106361
9 0.973958 0.497222 0.040625 0.124074 0.0108315
2 0.363542 0.0652778 0.0114583 0.0194444 0.0111459
9 0.28151 0.0851852 0.00572917 0.0259259 0.0113085
2 0.786458 0.0893519 0.0177083 0.0231481 0.0118869
2 0.238542 0.139815 0.0177083 0.0407407 0.0120398
2 0.605729 0.0592593 0.0104167 0.0259259 0.0149023
2 0.291667 0.115278 0.0208333 0.0564815 0.015275
2 0.461198 0.112963 0.0119792 0.0351852 0.015317
0 0.285937 0.120833 0.0145833 0.062037 0.0158929
9 0.207031 0.0675926 0.0203125 0.0444444 0.021919
0 0.635156 0.147685 0.00885417 0.0527778 0.0254366
9 0.618229 0.212963 0.0104167 0.0518519 0.0317637
9 0.219531 0.0902778 0.0078125 0.0157407 0.0326587
9 0.567187 0.0472222 0.00833333 0.0240741 0.0360179
9 0.26875 0.0351852 0.0229167 0.0648148 0.0456323
2 0.442448 0.0842593 0.0140625 0.0240741 0.0462246
7 0.322135 0.0861111 0.0411458 0.037037 0.0960997
9 0.222135 0.0592593 0.0109375 0.0351852 0.152334
2 0.321875 0.0842593 0.0375 0.0351852 0.210449
2 0.627604 0.120833 0.025 0.0509259 0.467458
2 0.473698 0.10787 0.0338542 0.0453704 0.477813
2 0.50599 0.102778 0.0432292 0.062963 0.543327
10 0.203906 0.315741 0.0161458 0.0703704 0.583849
2 0.352344 0.11713 0.0213542 0.0305556 0.65003
2 0.317969 0.121759 0.0505208 0.0675926 0.654156
2 0.401302 0.075 0.0296875 0.0388889 0.737413
11 0.728906 0.0425926 0.0276042 0.0537037 0.797539
7 0.567708 0.258333 0.103125 0.17963 0.856931
2 0.730208 0.418981 0.122917 0.173148 0.915081
