2 0.815885 0.0685185 0.0151042 0.0111111 0.00101931
2 0.771875 0.110185 0.0145833 0.0296296 0.0010242
2 0.240885 0.109259 0.0182292 0.0407407 0.00104529
12 0.701823 0.152778 0.0234375 0.0611111 0.00110556
2 0.577865 0.420833 0.552604 0.180556 0.0011791
9 0.592188 0.0412037 0.0104167 0.0342593 0.00121833
7 0.147135 0.0888889 0.0651042 0.0777778 0.00127316
0 0.757031 0.124074 0.0130208 0.0462963 0.00132033
7 0.788802 0.0634259 0.0255208 0.062037 0.00134293
2 0.641667 0.151852 0.0208333 0.062963 0.00160089
1 0.00520833 0.360648 0.0104167 0.0805556 0.00160289
0 0.715885 0.371759 0.0234375 0.0287037 0.0016321
0 0.442708 0.0981481 0.0177083 0.05 0.00183202
9 0.264323 0.0875 0.0109375 0.0361111 0.00183716
2 0.41875 0.1125 0.286458 0.0842593 0.0019246
2 0.654948 0.135648 0.0807292 0.0842593 0.0020607
9 0.291406 0.0717593 0.0130208 0.0157407 0.0020749
1 0.198437 0.544907 0.046875 0.112037 0.00211874
11 0.239844 0.037037 0.0213542 0.0722222 0.00219197
1 0.0119792 0.36713 0.0239583 0.0509259 0.00226305
2 0.447396 0.1125 0.141667 0.0694444 0.0023048
9 0.577344 0.0328704 0.0151042 0.062037 0.00231718
58 0.967969 0.497222 0.0296875 0.0833333 0.0025636
2 0.552344 0.112037 0.292188 0.0740741 0.00267796
2 0.363542 0.0675926 0.0114583 0.0203704 0.00273864
9 0.583073 0.0365741 0.0130208 0.0527778 0.00306489
7 0.992969 0.518519 0.0130208 0.172222 0.0031663
11 0.236979 0.0689815 0.0177083 0.0472222 0.00342983
2 0.813542 0.0759259 0.0177083 0.0166667 0.00375089
9 0.3625 0.0694444 0.009375 0.0222222 0.00384918
9 0.994271 0.509722 0.0104167 0.15463 0.003851
12 0.693229 0.164815 0.00729167 0.0388889 0.00388483
9 0.458333 0.0652778 0.00729167 0.0305556 0.00392384
9 0.415625 0.00925926 0.015625 0.0185185 0.00404928
9 0.293229 0.0564815 0.0104167 0.0425926 0.00406975
2 0.783073 0.099537 0.0380208 0.0472222 0.00414002
24 0.195573 0.465741 0.0213542 0.0611111 0.00415039
2 0.442708 0.0884259 0.0135417 0.0287037 0.0042532
11 0.60599 0.0601852 0.00989583 0.0240741 0.00437199
1 0.810417 0.330556 0.01875 0.0814815 0.004454
12 0.994531 0.501852 0.00989583 0.142593 0.00468995
1 0.211719 0.539352 0.0203125 0.100926 0.00506393
7 0.970573 0.525463 0.0578125 0.19537 0.00512703
0 0.267188 0.1 0.0114583 0.0555556 0.00554438
0 0.284635 0.105556 0.0119792 0.0648148 0.00586567
0 0.215885 0.943519 0.0213542 0.109259 0.00692996
2 0.238542 0.140741 0.01875 0.0425926 0.00696399
9 0.2125 0.062963 0.0333333 0.0574074 0.00715613
2 0.532031 0.111574 0.0140625 0.0435185 0.00718711
1 0.00989583 0.394444 0.0197917 0.118519 0.00732241
9 0.569271 0.0314815 0.0135417 0.0574074 0.00842896
9 0.502344 0.759722 0.0119792 0.0527778 0.00998226
2 0.592969 0.126852 0.0161458 0.0222222 0.0102323
0 0.758333 0.0708333 0.0114583 0.0453704 0.0102976
1 0.18724 0.561111 0.0255208 0.12963 0.0111704
1 0.00390625 0.415278 0.0078125 0.075 0.0112349
2 0.271094 0.109259 0.0140625 0.0407407 0.0113851
24 0.203646 0.448148 0.0375 0.0814815 0.012067
9 0.442708 0.087963 0.0125 0.0277778 0.0135559
2 0.635156 0.144444 0.0109375 0.05 0.013973
0 0.757292 0.0893519 0.0145833 0.0824074 0.0151267
7 0.220313 0.0675926 0.0510417 0.0611111 0.0152273
5 0.220573 0.0671296 0.0505208 0.0564815 0.0206931
2 0.790104 0.087037 0.0197917 0.0222222 0.0255913
2 0.490625 0.106944 0.0177083 0.0509259 0.0282665
2 0.292708 0.109722 0.025 0.0712963 0.0338165
24 0.209635 0.464352 0.0203125 0.062037 0.0356988
7 0.299479 0.105093 0.034375 0.0768519 0.0379304
9 0.567187 0.0476852 0.00833333 0.0231481 0.0400681
9 0.269271 0.037037 0.0229167 0.0703704 0.0507536
2 0.461719 0.113889 0.0130208 0.0351852 0.10691
2 0.467187 0.110648 0.021875 0.0416667 0.230789
2 0.479688 0.109259 0.0208333 0.0444444 0.279765
2 0.322917 0.0851852 0.0364583 0.0333333 0.322407
1 0.201823 0.560648 0.0244792 0.126852 0.438219
2 0.627083 0.121759 0.0260417 0.0527778 0.514092
2 0.505729 0.104167 0.0427083 0.062037 0.648855
2 0.31849 0.12037 0.0505208 0.0722222 0.661796
10 0.204167 0.315741 0.015625 0.0722222 0.775661
11 0.729167 0.0430556 0.0270833 0.0564815 0.797488
0 0.203906 0.500463 0.0390625 0.186111 0.855959
2 0.729948 0.419444 0.122396 0.172222 0.903516
