7 0.971094 0.527315 0.0567708 0.200926 0.00103519
11 0.240104 0.0384259 0.0208333 0.0731481 0.00105552
9 0.438281 0.201852 0.0078125 0.0333333 0.00107006
2 0.660677 0.15787 0.0234375 0.0453704 0.00107398
9 0.2375 0.0740741 0.0177083 0.0555556 0.00108185
9 0.415625 0.0101852 0.015625 0.0203704 0.00116561
9 0.489583 0.980556 0.015625 0.037037 0.00116761
9 0.547656 0.0513889 0.0109375 0.0287037 0.00126642
0 0.731771 0.372222 0.03125 0.0314815 0.00131535
12 0.702083 0.1625 0.0197917 0.0435185 0.00140197
2 0.36224 0.0777778 0.00989583 0.0240741 0.00141689
2 0.638281 0.146759 0.0161458 0.0546296 0.00149512
2 0.573177 0.111111 0.306771 0.0740741 0.00151039
2 0.0588542 0.0282407 0.01875 0.037963 0.0015147
2 0.44375 0.100463 0.0197917 0.0435185 0.00154508
9 0.445052 0.254167 0.0171875 0.0712963 0.0015838
9 0.995313 0.505556 0.00833333 0.1 0.00160356
2 0.657292 0.140741 0.0729167 0.0796296 0.00161885
2 0.3 0.133333 0.0229167 0.0518519 0.0016322
2 0.451562 0.107407 0.05 0.0462963 0.00166592
12 0.693229 0.163426 0.00729167 0.0416667 0.00166753
0 0.282552 0.0981481 0.00885417 0.05 0.00192456
7 0.793229 0.150926 0.0604167 0.135185 0.00195137
12 0.974219 0.495833 0.0421875 0.121296 0.00197268
2 0.526042 0.422685 0.592708 0.180556 0.00207762
32 0.454167 0.314352 0.009375 0.0157407 0.00210072
9 0.252604 0.0875 0.0135417 0.0342593 0.00231081
2 0.504167 0.102778 0.0416667 0.0611111 0.0023226
0 0.757292 0.0847222 0.0125 0.0638889 0.00234784
12 0.702083 0.139352 0.0229167 0.087963 0.00244678
2 0.810417 0.0814815 0.0270833 0.0240741 0.00249312
2 0.293229 0.103704 0.0770833 0.0925926 0.00266565
2 0.413802 0.112037 0.252604 0.0703704 0.00267647
2 0.27474 0.117593 0.0223958 0.0537037 0.0028066
2 0.34375 0.106481 0.0104167 0.0407407 0.00289979
0 0.709635 0.373611 0.0192708 0.0268519 0.00292437
9 0.559115 0.0287037 0.0234375 0.0518519 0.00293206
9 0.990104 0.499537 0.01875 0.130556 0.00323286
9 0.257031 0.0740741 0.00885417 0.0444444 0.00358461
9 0.275521 0.0615741 0.0354167 0.119444 0.00364571
2 0.470052 0.110648 0.0869792 0.0601852 0.00375502
0 0.717448 0.371759 0.0234375 0.0268519 0.00398686
9 0.266927 0.0930556 0.00989583 0.0416667 0.00460992
1 0.00885417 0.39213 0.0177083 0.117593 0.00473973
12 0.985677 0.496296 0.0182292 0.12037 0.00486594
9 0.444531 0.238426 0.0109375 0.0361111 0.00502775
2 0.363281 0.0666667 0.0119792 0.0222222 0.00535092
9 0.265365 0.0787037 0.0140625 0.0333333 0.00548531
2 0.271615 0.109259 0.0140625 0.0351852 0.00582206
2 0.79349 0.087963 0.0255208 0.0240741 0.00601712
2 0.649219 0.148611 0.0390625 0.0583333 0.006428
2 0.351562 0.1125 0.0864583 0.0657407 0.00659404
0 0.00442708 0.388426 0.00885417 0.121296 0.00663288
9 0.220833 0.0865741 0.0114583 0.0157407 0.00678333
9 0.29349 0.0574074 0.0109375 0.0388889 0.00678601
2 0.78151 0.124074 0.0338542 0.05 0.00688565
1 0.00416667 0.404167 0.00833333 0.0935185 0.00694481
11 0.23776 0.0685185 0.0161458 0.0425926 0.00737365
13 0.0138021 0.389815 0.0276042 0.122222 0.00760659
5 0.214323 0.0615741 0.0359375 0.0583333 0.00784863
9 0.207031 0.0699074 0.0213542 0.0416667 0.00808292
2 0.792969 0.111111 0.0505208 0.0703704 0.00902157
12 0.995052 0.488426 0.00885417 0.119444 0.00955627
2 0.592448 0.125463 0.0161458 0.0268519 0.0104264
9 0.292969 0.0685185 0.0109375 0.0185185 0.0117655
9 0.565625 0.0412037 0.0104167 0.0416667 0.0123317
13 0.00390625 0.402778 0.0078125 0.0925926 0.0125854
9 0.50026 0.601852 0.0151042 0.0407407 0.0135432
7 0.781771 0.123148 0.034375 0.0518519 0.0138114
9 0.221354 0.0523148 0.0166667 0.0361111 0.017398
9 0.113542 0.025463 0.0145833 0.0435185 0.0209262
2 0.238281 0.140741 0.0182292 0.0425926 0.0220339
2 0.442969 0.0861111 0.0140625 0.0240741 0.0252206
2 0.289844 0.116204 0.0213542 0.0657407 0.0278272
7 0.85651 0.155093 0.118229 0.132407 0.0372545
0 0.635156 0.148148 0.00989583 0.05 0.0415102
9 0.443229 0.0865741 0.0125 0.025 0.0471156
11 0.605729 0.0592593 0.009375 0.0259259 0.0482693
9 0.567187 0.0486111 0.00833333 0.025 0.0513077
2 0.463542 0.112037 0.0166667 0.0407407 0.0525378
7 0.30026 0.108333 0.0390625 0.0814815 0.101057
2 0.321615 0.0865741 0.0390625 0.0342593 0.231882
2 0.627344 0.120833 0.0255208 0.0490741 0.286188
9 0.26901 0.0342593 0.0213542 0.0666667 0.377451
9 0.502865 0.760185 0.0119792 0.0555556 0.385797
2 0.473958 0.109722 0.034375 0.0453704 0.409976
7 0.810677 0.155556 0.0265625 0.127778 0.436826
7 0.50625 0.103704 0.0427083 0.0648148 0.503777
2 0.318229 0.122222 0.0510417 0.0703704 0.633396
10 0.203906 0.315741 0.0161458 0.0703704 0.774702
11 0.729688 0.0435185 0.0270833 0.0555556 0.791654
2 0.376042 0.110648 0.0354167 0.0435185 0.836648
2 0.729948 0.419444 0.122396 0.172222 0.911986
