41 0.500781 0.601852 0.0151042 0.0388889 0.00103161
2 0.238021 0.106481 0.0177083 0.0388889 0.00113847
0 0.75625 0.374074 0.0208333 0.0314815 0.00117226
9 0.220052 0.10463 0.0109375 0.0351852 0.00119036
13 0.961979 0.555556 0.0385417 0.0407407 0.00132946
2 0.442969 0.0893519 0.0140625 0.0305556 0.00135802
7 0.990625 0.518519 0.0177083 0.181481 0.00137762
2 0.299219 0.104167 0.0848958 0.0916667 0.00149424
0 0.729167 0.372685 0.025 0.0305556 0.00156518
12 0.688802 0.16713 0.0151042 0.0398148 0.00156817
2 0.583854 0.106019 0.304167 0.0694444 0.00160748
9 0.110417 0.0277778 0.0135417 0.0388889 0.00162065
7 0.791406 0.062963 0.0317708 0.0611111 0.00175803
13 0.971094 0.519907 0.0567708 0.178704 0.00177516
9 0.547917 0.0523148 0.0104167 0.025 0.00178202
0 0.26276 0.101389 0.00885417 0.0564815 0.00186878
2 0.65625 0.138889 0.0802083 0.087037 0.00191081
7 0.970833 0.524537 0.0572917 0.191667 0.00191968
9 0.26224 0.0444444 0.0161458 0.0555556 0.00194947
2 0.238281 0.143519 0.0192708 0.037037 0.00196612
2 0.407552 0.106944 0.297396 0.0787037 0.00202968
1 0.0122396 0.367593 0.0244792 0.0444444 0.00215224
2 0.99349 0.516667 0.0119792 0.172222 0.00217472
9 0.458854 0.0652778 0.00729167 0.0324074 0.00217731
9 0.588542 0.0402778 0.0145833 0.0509259 0.00223175
58 0.920052 0.184259 0.159896 0.361111 0.00223916
2 0.68776 0.171296 0.0161458 0.0333333 0.00224065
0 0.366406 0.304167 0.0401042 0.0509259 0.00229071
0 0.391927 0.300926 0.0255208 0.0296296 0.00229738
2 0.81276 0.075 0.0140625 0.0185185 0.0023485
9 0.236979 0.0708333 0.0177083 0.0472222 0.00251363
0 0.442969 0.0976852 0.0192708 0.0490741 0.00254171
9 0.688281 0.169907 0.0151042 0.0324074 0.00256718
12 0.994271 0.518519 0.0104167 0.17037 0.00271169
9 0.416406 0.0106481 0.0171875 0.0212963 0.00277494
2 0.78125 0.10463 0.03125 0.0481481 0.00352842
9 0.994792 0.532407 0.009375 0.0592593 0.00355073
9 0.361979 0.0703704 0.009375 0.0222222 0.00376761
0 0.75599 0.0810185 0.0109375 0.0583333 0.00431046
2 0.472917 0.106019 0.0729167 0.0583333 0.00474948
9 0.265885 0.099537 0.0109375 0.0546296 0.00586413
9 0.217969 0.0648148 0.0442708 0.0537037 0.00591585
0 0.382552 0.29537 0.0213542 0.0351852 0.00594775
2 0.270833 0.109722 0.0125 0.0398148 0.00594934
9 0.257552 0.074537 0.00989583 0.0472222 0.006318
9 0.443229 0.0888889 0.0135417 0.0296296 0.00688291
9 0.579167 0.0342593 0.0166667 0.062963 0.00712341
2 0.559115 0.391667 0.488021 0.22963 0.00751603
9 0.252865 0.0861111 0.0130208 0.0333333 0.00775405
5 0.220573 0.0685185 0.0515625 0.0611111 0.00778353
0 0.368229 0.295833 0.0260417 0.0361111 0.00781602
9 0.26276 0.087037 0.0078125 0.0314815 0.00811664
9 0.56849 0.0324074 0.0109375 0.0574074 0.00911913
0 0.715365 0.372685 0.0223958 0.0268519 0.00912496
7 0.220052 0.0657407 0.0515625 0.0648148 0.00914465
2 0.592969 0.126389 0.0161458 0.025 0.00993059
0 0.358073 0.296296 0.0255208 0.0333333 0.0104276
9 0.502604 0.760648 0.0125 0.0546296 0.0105195
9 0.992708 0.502315 0.0135417 0.141667 0.0117347
0 0.546615 0.343981 0.0203125 0.0324074 0.0120256
1 0.0138021 0.397685 0.0276042 0.112037 0.0133299
9 0.583854 0.0412037 0.0104167 0.0453704 0.0138346
0 0.529948 0.343981 0.0265625 0.0324074 0.0144871
0 0.558594 0.344907 0.0369792 0.0342593 0.0150222
2 0.635156 0.146296 0.0109375 0.0518519 0.0182358
0 0.572917 0.34537 0.0364583 0.0351852 0.0197783
2 0.60625 0.0611111 0.0104167 0.0240741 0.0199326
1 0.00442708 0.410185 0.00885417 0.0851852 0.0204228
9 0.207813 0.0666667 0.0208333 0.0425926 0.0220226
0 0.635677 0.147222 0.00989583 0.0481481 0.0272576
2 0.786458 0.0902778 0.0177083 0.0231481 0.0319064
9 0.269271 0.0351852 0.0208333 0.0666667 0.0346847
2 0.4625 0.113426 0.0145833 0.037963 0.0433646
2 0.296354 0.107407 0.0333333 0.0833333 0.097007
9 0.567187 0.0486111 0.00833333 0.0231481 0.100778
7 0.298438 0.107407 0.0375 0.0833333 0.161797
2 0.321875 0.087963 0.0375 0.0351852 0.27782
2 0.627865 0.121296 0.0255208 0.05 0.347123
7 0.50651 0.105093 0.0421875 0.062037 0.401122
2 0.50651 0.105093 0.0421875 0.062037 0.420248
2 0.474219 0.109259 0.0359375 0.0462963 0.430671
2 0.31875 0.121759 0.05 0.0712963 0.726593
10 0.203906 0.316667 0.0171875 0.0703704 0.732936
11 0.729167 0.0421296 0.0270833 0.0546296 0.742546
2 0.373177 0.336574 0.107813 0.14537 0.91239
2 0.729688 0.420833 0.122917 0.171296 0.914536
2 0.551302 0.391204 0.130729 0.193519 0.916645
