2 0.786979 0.106481 0.0458333 0.062963 0.00103215
12 0.702083 0.121759 0.021875 0.0472222 0.00113726
13 0.961719 0.555093 0.0390625 0.0435185 0.00114227
2 0.580729 0.422685 0.551042 0.178704 0.00120855
2 0.293229 0.102778 0.0854167 0.0907407 0.00125478
9 0.3625 0.0486111 0.0104167 0.0398148 0.00126626
2 0.77526 0.116204 0.0213542 0.0398148 0.00127649
13 0.970573 0.524074 0.0578125 0.190741 0.00127951
9 0.348698 0.0185185 0.0140625 0.0296296 0.00129006
58 0.96875 0.49537 0.0302083 0.087037 0.00131016
2 0.661979 0.156481 0.0197917 0.0444444 0.00133401
12 0.701563 0.158796 0.0229167 0.0472222 0.00137254
9 0.500781 0.602315 0.0151042 0.037963 0.00142838
2 0.544792 0.110648 0.322917 0.075 0.0014455
2 0.755469 0.118519 0.0161458 0.0388889 0.00150546
2 0.4125 0.111111 0.290625 0.0833333 0.00156328
2 0.442448 0.087037 0.0130208 0.0296296 0.0015735
7 0.970312 0.526852 0.0583333 0.201852 0.00159974
9 0.558333 0.0300926 0.0208333 0.0546296 0.00165957
9 0.23724 0.0736111 0.0182292 0.0527778 0.00170863
9 0.548177 0.0527778 0.0109375 0.0259259 0.00173331
2 0.654948 0.138889 0.0786458 0.0814815 0.00175996
1 0.144271 0.330093 0.0270833 0.0490741 0.00182699
0 0.442187 0.1 0.0166667 0.0481481 0.00195537
10 0.221875 0.316667 0.0197917 0.0740741 0.00218912
9 0.578906 0.0328704 0.0151042 0.062037 0.0025565
9 0.99375 0.49213 0.0114583 0.123148 0.00319618
0 0.716667 0.372222 0.0229167 0.0277778 0.00333497
2 0.78776 0.0828704 0.0161458 0.0231481 0.00348099
0 0.239323 0.297685 0.0234375 0.075 0.0036382
9 0.253125 0.0861111 0.0135417 0.037037 0.00364591
0 0.266667 0.100463 0.0104167 0.0546296 0.00386554
12 0.692708 0.164815 0.00833333 0.0388889 0.00391722
2 0.238021 0.141204 0.01875 0.0398148 0.00398847
12 0.994792 0.494444 0.009375 0.135185 0.00418586
2 0.651042 0.149537 0.0416667 0.0564815 0.00451771
11 0.236979 0.0689815 0.0177083 0.0435185 0.00482944
1 0.00755208 0.375463 0.0151042 0.0564815 0.00494612
1 0.24401 0.3375 0.0276042 0.108333 0.00498376
9 0.291927 0.0703704 0.0109375 0.0148148 0.00549769
2 0.813542 0.075 0.0177083 0.0185185 0.00567518
0 0.28724 0.110648 0.0182292 0.0768519 0.00607447
2 0.791927 0.0884259 0.0234375 0.0231481 0.00610247
9 0.293229 0.0546296 0.00833333 0.0425926 0.00620903
9 0.269792 0.0453704 0.021875 0.0574074 0.0064695
9 0.26276 0.0888889 0.0078125 0.037037 0.00666948
9 0.502344 0.758333 0.0130208 0.0555556 0.00697032
2 0.00546875 0.402778 0.0109375 0.1 0.00750315
2 0.592448 0.125 0.0182292 0.0240741 0.00782608
0 0.635417 0.148148 0.009375 0.05 0.00844545
11 0.60625 0.0597222 0.0104167 0.025 0.00854774
2 0.784896 0.0884259 0.0125 0.0212963 0.00876587
9 0.36224 0.0689815 0.00885417 0.025 0.00884784
9 0.208073 0.0657407 0.0244792 0.05 0.0112504
1 0.23125 0.339352 0.034375 0.106481 0.011494
2 0.270573 0.107407 0.0140625 0.0444444 0.0115663
9 0.458333 0.0657407 0.00729167 0.0296296 0.0123411
0 0.757812 0.0722222 0.0125 0.0425926 0.0130214
9 0.572656 0.0314815 0.0140625 0.0592593 0.0165659
1 0.0101562 0.39537 0.0203125 0.114815 0.0169487
5 0.216146 0.0634259 0.040625 0.062037 0.0210165
9 0.442187 0.0861111 0.0125 0.0277778 0.0211904
7 0.2125 0.062963 0.0364583 0.0611111 0.0243239
2 0.489844 0.107407 0.0161458 0.05 0.0246425
2 0.634635 0.141204 0.0109375 0.0453704 0.0257256
24 0.239844 0.262037 0.0234375 0.05 0.0319196
9 0.269271 0.024537 0.0197917 0.0435185 0.0333895
7 0.296615 0.105556 0.0369792 0.0796296 0.043059
2 0.298438 0.10463 0.034375 0.0759259 0.0439408
9 0.567448 0.0481481 0.0078125 0.0240741 0.126244
2 0.465365 0.112037 0.0182292 0.0388889 0.205465
2 0.322396 0.0861111 0.0375 0.0351852 0.260791
2 0.479688 0.109722 0.0197917 0.0435185 0.274983
2 0.627083 0.121296 0.0260417 0.0537037 0.341343
1 0.240365 0.349537 0.0130208 0.0842593 0.367892
2 0.505469 0.103704 0.0432292 0.062963 0.568903
2 0.318229 0.121296 0.0510417 0.0703704 0.702439
0 0.240365 0.303241 0.0296875 0.141667 0.787613
11 0.729167 0.0430556 0.0270833 0.0564815 0.791146
10 0.204167 0.316204 0.0166667 0.0712963 0.867699
2 0.729427 0.419907 0.122396 0.171296 0.910012
