9 0.236719 0.0689815 0.0171875 0.0453704 0.00101555
12 0.977083 0.508796 0.0447917 0.158333 0.00103932
2 0.256771 0.0875 0.0208333 0.0416667 0.00104189
0 0.477865 0.198148 0.0286458 0.0277778 0.00105753
1 0.00625 0.394444 0.0125 0.112963 0.00106454
2 0.263542 0.0990741 0.0104167 0.0555556 0.00106489
13 0.96224 0.553241 0.0411458 0.0435185 0.00109005
2 0.989583 0.521759 0.0197917 0.182407 0.00110706
2 0.296094 0.0986111 0.102604 0.106481 0.00117946
2 0.658594 0.127778 0.0828125 0.0592593 0.00120485
0 0.186979 0.108796 0.00729167 0.0472222 0.00123561
2 0.43125 0.106019 0.320833 0.0990741 0.00123709
2 0.661198 0.149074 0.0651042 0.062963 0.00129655
0 0.707812 0.372685 0.0229167 0.0324074 0.00134987
2 0.0135417 0.393056 0.0270833 0.117593 0.00158204
2 0.536979 0.105093 0.307292 0.0824074 0.0016142
2 0.0046875 0.406481 0.009375 0.0907407 0.00172783
12 0.700781 0.163889 0.0223958 0.037037 0.001783
2 0.53125 0.109722 0.015625 0.0453704 0.00180122
9 0.547917 0.0523148 0.0104167 0.0212963 0.00182592
9 0.994531 0.524074 0.00989583 0.0981481 0.00187473
13 0.969531 0.566667 0.0567708 0.0740741 0.00191885
2 0.60625 0.0597222 0.0114583 0.0287037 0.00193119
2 0.372396 0.100926 0.154167 0.0907407 0.00195957
0 0.443229 0.0976852 0.0208333 0.0509259 0.00257058
7 0.146615 0.0865741 0.0651042 0.0787037 0.00273253
2 0.796615 0.0810185 0.0473958 0.037963 0.00286613
2 0.276823 0.0439815 0.0359375 0.0527778 0.00287841
1 0.0484375 0.158796 0.0666667 0.0805556 0.00287875
9 0.817187 0.232407 0.00833333 0.0388889 0.00307318
7 0.970052 0.519907 0.0588542 0.187963 0.00319626
2 0.441927 0.0851852 0.0151042 0.0259259 0.00320363
58 0.967708 0.494907 0.0302083 0.0842593 0.00336363
9 0.213542 0.0550926 0.0302083 0.0490741 0.00347531
9 0.269531 0.0356481 0.0244792 0.0657407 0.00399799
0 0.286719 0.113889 0.0161458 0.0685185 0.00414502
7 0.219792 0.0578704 0.053125 0.0842593 0.00432835
2 0.811458 0.0726852 0.021875 0.0268519 0.00437149
58 0.441667 0.0861111 0.015625 0.0296296 0.00441997
0 0.282552 0.0828704 0.0078125 0.0287037 0.00444665
7 0.992969 0.517593 0.0130208 0.172222 0.00453232
5 0.220313 0.0643518 0.0489583 0.062037 0.00493589
9 0.499219 0.603241 0.0161458 0.0453704 0.00538895
12 0.692969 0.163889 0.0078125 0.0388889 0.00618579
9 0.207552 0.0638889 0.0192708 0.0425926 0.00670793
9 0.566406 0.0462963 0.00885417 0.0240741 0.00726432
9 0.220833 0.0893519 0.0114583 0.0138889 0.00732193
2 0.778385 0.100463 0.0286458 0.0416667 0.00752668
12 0.992708 0.510185 0.0135417 0.162963 0.0080278
9 0.46875 0.408333 0.0104167 0.0222222 0.00847387
7 0.275521 0.0388889 0.0385417 0.0722222 0.00862625
2 0.238542 0.137037 0.0197917 0.0444444 0.00872221
2 0.2875 0.0768519 0.01875 0.0296296 0.0109006
2 0.269271 0.0976852 0.0145833 0.0564815 0.0109504
7 0.369271 0.0606481 0.0520833 0.0342593 0.0125565
2 0.269531 0.0472222 0.0192708 0.0388889 0.0192205
2 0.292448 0.104167 0.0255208 0.0657407 0.0206378
0 0.634635 0.146759 0.00989583 0.0509259 0.0216367
2 0.634375 0.144907 0.0114583 0.0509259 0.0253032
2 0.783854 0.0888889 0.0166667 0.0203704 0.0281004
9 0.501562 0.75787 0.0135417 0.0546296 0.0345679
2 0.290365 0.0712963 0.0151042 0.0166667 0.0363416
2 0.592188 0.127315 0.0166667 0.0212963 0.0414707
0 0.75599 0.0898148 0.0151042 0.0777778 0.0438015
2 0.4625 0.109722 0.0145833 0.0398148 0.0468888
2 0.473177 0.106944 0.0338542 0.0472222 0.349758
2 0.369271 0.0625 0.0510417 0.0305556 0.42829
2 0.321094 0.0837963 0.0380208 0.0342593 0.430002
2 0.626562 0.118981 0.0260417 0.0527778 0.498866
2 0.505469 0.102778 0.0421875 0.062963 0.668151
10 0.203646 0.313426 0.015625 0.0712963 0.68941
2 0.317187 0.119444 0.0520833 0.0685185 0.785002
11 0.728385 0.0402778 0.0265625 0.0546296 0.808227
2 0.729427 0.418056 0.123438 0.171296 0.893041
7 0.491406 0.251852 0.106771 0.153704 0.912491
