2 0.273177 0.115278 0.0203125 0.0527778 0.00100329
7 0.989062 0.524537 0.0208333 0.191667 0.00102325
58 0.920313 0.184722 0.158333 0.362037 0.00102444
2 0.598437 0.424074 0.56875 0.17963 0.00104481
0 0.995573 0.333796 0.0078125 0.0490741 0.00105473
2 0.382292 0.0759259 0.0239583 0.0296296 0.00106515
2 0.817448 0.181481 0.0109375 0.05 0.00117979
2 0.0348958 0.104167 0.05 0.0527778 0.00118565
9 0.293229 0.0546296 0.00833333 0.037037 0.00122734
13 0.0135417 0.394444 0.0270833 0.116667 0.00124242
12 0.98776 0.518519 0.0234375 0.177778 0.00129525
0 0.817448 0.235648 0.00885417 0.037963 0.001321
9 0.458073 0.0648148 0.0078125 0.0314815 0.00133213
13 0.970573 0.526852 0.0578125 0.196296 0.00135921
11 0.60625 0.0606481 0.009375 0.025 0.00145492
7 0.0986979 0.0759259 0.190104 0.148148 0.00149524
2 0.657292 0.140278 0.0770833 0.0824074 0.00149926
2 0.301823 0.130093 0.0276042 0.0583333 0.00154803
13 0.00442708 0.396759 0.00885417 0.112037 0.00160092
12 0.976302 0.5 0.0453125 0.131481 0.00177586
2 0.794271 0.112963 0.059375 0.0944444 0.00194543
9 0.263542 0.087037 0.00833333 0.0314815 0.00194819
58 0.96875 0.496759 0.0302083 0.0898148 0.00216185
2 0.539062 0.114352 0.407292 0.0768519 0.00227571
2 0.294271 0.106481 0.0875 0.0907407 0.00236576
2 0.808594 0.170833 0.0276042 0.062037 0.00239804
2 0.782552 0.105093 0.0359375 0.0453704 0.00246576
0 0.266146 0.0986111 0.0104167 0.0527778 0.00249462
9 0.2625 0.0337963 0.0145833 0.062037 0.00257437
2 0.796354 0.165741 0.0541667 0.0814815 0.00258159
9 0.416146 0.0106481 0.015625 0.0212963 0.00269389
12 0.701042 0.164352 0.021875 0.0398148 0.00274006
2 0.408073 0.112963 0.230729 0.0740741 0.00276789
0 0.442969 0.0981481 0.0171875 0.05 0.0028033
7 0.146615 0.0907407 0.0671875 0.0814815 0.00293652
12 0.689323 0.164815 0.0140625 0.0425926 0.00321303
7 0.970573 0.52963 0.0578125 0.214815 0.00323433
9 0.757292 0.075463 0.0125 0.0453704 0.00417686
2 0.345313 0.108796 0.0125 0.0453704 0.00424101
2 0.592708 0.124537 0.0177083 0.0268519 0.00428482
2 0.638802 0.146759 0.0161458 0.0546296 0.00455126
2 0.649479 0.149074 0.0375 0.0611111 0.0045714
9 0.571615 0.0314815 0.0130208 0.0592593 0.0047433
2 0.365365 0.0842593 0.0192708 0.0277778 0.00475686
9 0.220313 0.0875 0.0125 0.0157407 0.00480372
2 0.353385 0.1125 0.0953125 0.0731481 0.00484439
0 0.757292 0.0925926 0.0166667 0.0777778 0.00502626
5 0.219792 0.062963 0.0458333 0.0611111 0.00502863
2 0.26901 0.110648 0.00989583 0.0361111 0.0057821
11 0.23724 0.0685185 0.0161458 0.0425926 0.00599774
9 0.208594 0.0671296 0.0223958 0.0472222 0.00664186
12 0.994271 0.498148 0.0104167 0.137037 0.00686866
7 0.220313 0.0643518 0.05 0.0731481 0.00746556
9 0.501823 0.760648 0.0130208 0.0546296 0.00841904
2 0.238281 0.141204 0.0192708 0.0416667 0.00867753
2 0.442448 0.0856481 0.0140625 0.025 0.00887319
12 0.69375 0.162963 0.00729167 0.0425926 0.00900214
9 0.584896 0.0361111 0.0135417 0.0574074 0.00988563
1 0.810417 0.333796 0.01875 0.0842593 0.0102579
10 0.442448 0.0875 0.0130208 0.0287037 0.0133973
2 0.785677 0.0884259 0.0151042 0.025 0.0134203
2 0.634635 0.139815 0.0119792 0.0481481 0.0193577
2 0.363542 0.0685185 0.0125 0.0259259 0.0212885
9 0.567448 0.0481481 0.00885417 0.0240741 0.0296234
9 0.26875 0.0365741 0.021875 0.0657407 0.0302269
2 0.488021 0.10787 0.0145833 0.0490741 0.03185
7 0.297396 0.10787 0.0364583 0.0824074 0.0633037
2 0.29401 0.109722 0.0296875 0.0787037 0.067092
2 0.461198 0.113889 0.0119792 0.0351852 0.0683436
2 0.466667 0.110648 0.0208333 0.0416667 0.153477
2 0.479948 0.109259 0.0213542 0.0444444 0.28022
2 0.322656 0.0861111 0.0380208 0.0351852 0.340406
7 0.50599 0.104167 0.0421875 0.0638889 0.413622
2 0.50599 0.103704 0.0421875 0.062963 0.426168
2 0.627344 0.121759 0.0255208 0.0527778 0.426257
2 0.407813 0.0740741 0.0322917 0.0333333 0.539872
10 0.204167 0.316204 0.015625 0.0712963 0.682401
2 0.365625 0.110185 0.0270833 0.0462963 0.730731
2 0.31849 0.122222 0.0505208 0.0703704 0.741287
2 0.395312 0.105556 0.0416667 0.0611111 0.762604
11 0.728906 0.0435185 0.0276042 0.0574074 0.779811
2 0.729948 0.419907 0.122396 0.169444 0.904414
2 0.766146 0.181019 0.1125 0.113889 0.908939
