2 0.245052 0.107407 0.0109375 0.0351852 0.00100503
9 0.236979 0.0675926 0.015625 0.0425926 0.0010159
12 0.701823 0.122222 0.0213542 0.0462963 0.00102744
9 0.252604 0.087963 0.015625 0.0351852 0.00105179
13 0.952344 0.42037 0.0953125 0.140741 0.00111783
2 0.654688 0.138426 0.0833333 0.087963 0.00112737
32 0.453646 0.314815 0.00833333 0.0148148 0.00114015
9 0.990625 0.513426 0.0177083 0.162037 0.00115773
9 0.115885 0.0240741 0.0151042 0.0388889 0.00117205
9 0.578646 0.0333333 0.015625 0.0648148 0.0012602
0 0.581771 0.293519 0.0125 0.0388889 0.00132351
1 0.00625 0.360648 0.0125 0.0768519 0.00133148
9 0.471094 0.413426 0.0109375 0.025 0.00140399
12 0.702344 0.163889 0.0234375 0.037037 0.00142533
1 0.811198 0.334259 0.0182292 0.0925926 0.0014388
9 0.56224 0.0490741 0.0182292 0.0259259 0.00151472
7 0.214062 0.0615741 0.034375 0.0583333 0.00153247
2 0.290625 0.135648 0.015625 0.0472222 0.00153256
13 0.98776 0.519444 0.0234375 0.174074 0.00158587
9 0.429688 0.0425926 0.00833333 0.0259259 0.00159785
9 0.263281 0.0884259 0.00885417 0.037963 0.00162224
9 0.176823 0.510185 0.0369792 0.0388889 0.00174158
9 0.415885 0.0106481 0.0161458 0.0212963 0.00184187
9 0.215365 0.0662037 0.0380208 0.0546296 0.00193539
2 0.219531 0.137037 0.0567708 0.05 0.00209127
0 0.715885 0.371296 0.0234375 0.0277778 0.00217644
2 0.403646 0.1125 0.261458 0.0787037 0.00224327
12 0.983073 0.499537 0.0317708 0.132407 0.00229205
2 0.547917 0.109259 0.3375 0.0703704 0.00234459
2 0.26875 0.1 0.0125 0.0555556 0.00248088
2 0.263281 0.109259 0.00885417 0.0388889 0.00290831
9 0.29349 0.0564815 0.00989583 0.0407407 0.00293868
0 0.442448 0.0981481 0.0171875 0.05 0.00298877
9 0.457812 0.0657407 0.00729167 0.0277778 0.00347105
2 0.644271 0.397685 0.31875 0.219444 0.00390483
2 0.64974 0.150463 0.0380208 0.0583333 0.0039494
2 0.442969 0.0884259 0.0140625 0.0287037 0.00404424
2 0.434896 0.110185 0.144792 0.0611111 0.00416767
2 0.291406 0.0712963 0.0130208 0.0148148 0.00476661
9 0.757292 0.0736111 0.0114583 0.0435185 0.00478283
2 0.60599 0.0601852 0.0109375 0.0240741 0.00541018
9 0.207552 0.0666667 0.0182292 0.0444444 0.00559108
1 0.0122396 0.368056 0.0244792 0.0490741 0.00580041
12 0.994792 0.497685 0.009375 0.134259 0.00591302
12 0.69401 0.164352 0.00677083 0.037963 0.00624905
9 0.50026 0.601852 0.0151042 0.0407407 0.00658291
2 0.286979 0.113426 0.0166667 0.075 0.00745243
11 0.23724 0.0652778 0.0161458 0.0361111 0.00750073
2 0.786458 0.0888889 0.015625 0.0240741 0.00820704
0 0.532812 0.293056 0.01875 0.0287037 0.00837647
2 0.363802 0.0671296 0.0119792 0.0212963 0.00893354
9 0.572917 0.0314815 0.0145833 0.0592593 0.0093741
0 0.547396 0.290278 0.021875 0.0268519 0.0104166
9 0.442708 0.087963 0.0135417 0.0277778 0.0121552
0 0.554427 0.293519 0.0255208 0.0314815 0.0126824
9 0.219792 0.0884259 0.009375 0.0175926 0.012938
0 0.635417 0.149537 0.009375 0.0509259 0.0152746
2 0.635417 0.148148 0.0104167 0.0555556 0.0168248
2 0.238802 0.140278 0.0182292 0.0416667 0.018754
0 0.567969 0.295833 0.0203125 0.0287037 0.0242517
9 0.269271 0.0361111 0.021875 0.0666667 0.0288444
1 0.009375 0.39537 0.01875 0.109259 0.0290878
2 0.00416667 0.408796 0.00833333 0.0842593 0.0348087
1 0.00390625 0.408333 0.0078125 0.0833333 0.0365441
2 0.295052 0.108796 0.0317708 0.0861111 0.043343
2 0.272396 0.112037 0.0166667 0.0351852 0.0491942
9 0.222396 0.0587963 0.0125 0.0342593 0.0550016
9 0.567187 0.0481481 0.00729167 0.0240741 0.0636747
2 0.461979 0.113426 0.0125 0.0361111 0.0923183
9 0.502604 0.759259 0.0135417 0.0555556 0.122979
2 0.468229 0.109722 0.0239583 0.0435185 0.173065
7 0.298698 0.108333 0.0411458 0.0851852 0.178069
2 0.321875 0.0861111 0.0385417 0.0333333 0.203385
2 0.479948 0.109259 0.0223958 0.0444444 0.297316
2 0.627083 0.121759 0.0260417 0.0527778 0.419426
7 0.50651 0.103704 0.0421875 0.0648148 0.473607
2 0.34974 0.112037 0.0203125 0.0407407 0.515475
2 0.31901 0.122222 0.0505208 0.0703704 0.700376
10 0.204167 0.316204 0.015625 0.0712963 0.704633
11 0.729167 0.0435185 0.0270833 0.0574074 0.741679
2 0.546875 0.332407 0.107292 0.148148 0.885356
2 0.729688 0.419444 0.121875 0.172222 0.907259
