32 0.454427 0.314815 0.0078125 0.0166667 0.0010278
9 0.560677 0.0425926 0.0223958 0.0388889 0.00104302
1 0.0046875 0.459259 0.009375 0.237037 0.00106088
2 0.285156 0.0703704 0.0244792 0.0351852 0.00111224
13 0.970052 0.571296 0.0567708 0.0759259 0.0011135
2 0.321615 0.074537 0.0494792 0.0416667 0.00114434
2 0.53099 0.112963 0.0130208 0.0425926 0.00116075
58 0.96875 0.49537 0.03125 0.0907407 0.0012167
9 0.588542 0.0393519 0.0145833 0.0546296 0.00123634
7 0.223698 0.075463 0.0442708 0.0601852 0.00125065
2 0.298438 0.126852 0.025 0.0648148 0.00126579
9 0.429427 0.0486111 0.00885417 0.0305556 0.00131167
12 0.976562 0.500463 0.0447917 0.132407 0.00133791
0 0.708594 0.373611 0.0192708 0.0287037 0.0013613
0 0.26276 0.106481 0.00989583 0.0462963 0.00146034
0 0.729688 0.373148 0.0229167 0.0259259 0.00146438
9 0.213281 0.0597222 0.0338542 0.062037 0.00146943
2 0.654948 0.136574 0.0838542 0.0824074 0.00148218
0 0.717188 0.372685 0.025 0.0268519 0.00150915
2 0.676823 0.114352 0.124479 0.0787037 0.0015486
0 0.757292 0.373148 0.0197917 0.0333333 0.00155387
9 0.259896 0.074537 0.0135417 0.0509259 0.00158804
1 0.0309896 0.153704 0.0609375 0.0833333 0.00173083
2 0.809635 0.0805556 0.0276042 0.0333333 0.00177987
9 0.548177 0.0597222 0.0109375 0.0231481 0.00188207
2 0.60599 0.0601852 0.00989583 0.0259259 0.00192739
0 0.747917 0.118056 0.015625 0.0416667 0.00198164
7 0.288802 0.0587963 0.0442708 0.0990741 0.00219469
2 0.779167 0.113889 0.028125 0.0351852 0.00220448
12 0.691667 0.165278 0.0114583 0.0398148 0.00221401
9 0.252604 0.0893519 0.0135417 0.0342593 0.00221646
2 0.218229 0.137037 0.059375 0.05 0.00222261
9 0.236719 0.0638889 0.0161458 0.0351852 0.00231036
2 0.298958 0.101389 0.0875 0.102778 0.00246909
2 0.417969 0.108333 0.279687 0.0777778 0.00250409
9 0.266667 0.0981481 0.0114583 0.0537037 0.00269713
2 0.442708 0.087963 0.0145833 0.0277778 0.00281114
2 0.445833 0.107407 0.025 0.037037 0.00291824
0 0.995573 0.327315 0.0078125 0.0601852 0.00297905
9 0.364062 0.0444444 0.0114583 0.0296296 0.00300408
9 0.263542 0.0875 0.009375 0.0342593 0.00303608
2 0.814062 0.075 0.0208333 0.0203704 0.0030434
13 0.992188 0.519444 0.0145833 0.172222 0.00309644
2 0.791406 0.102778 0.0526042 0.0592593 0.00320375
2 0.641667 0.151852 0.021875 0.062963 0.00324511
2 0.0135417 0.392593 0.0270833 0.116667 0.00352669
11 0.2375 0.0666667 0.015625 0.0388889 0.00358299
9 0.99401 0.494444 0.0109375 0.124074 0.00359744
7 0.970312 0.526852 0.0583333 0.203704 0.00372142
2 0.817448 0.234722 0.00885417 0.0398148 0.00374878
2 0.592969 0.124074 0.0182292 0.0259259 0.00379623
9 0.577083 0.0328704 0.0145833 0.062037 0.00380186
9 0.114323 0.0240741 0.0119792 0.037037 0.00409793
0 0.756771 0.120833 0.0145833 0.0342593 0.00414756
9 0.49974 0.602778 0.0151042 0.0388889 0.00430471
0 0.754948 0.100926 0.0182292 0.0759259 0.00431645
12 0.994792 0.49537 0.009375 0.135185 0.00452691
2 0.579948 0.110648 0.344271 0.0712963 0.0046551
2 0.473698 0.109722 0.0859375 0.0657407 0.00499095
2 0.831771 0.212963 0.0375 0.0833333 0.00562005
9 0.564844 0.0310185 0.0182292 0.0583333 0.00598643
2 0.302604 0.0532407 0.021875 0.037963 0.00637214
2 0.271354 0.110185 0.0145833 0.0388889 0.00699996
2 0.363542 0.0680556 0.0114583 0.0212963 0.00717161
13 0.0138021 0.393056 0.0276042 0.115741 0.00754642
0 0.755469 0.0796296 0.0140625 0.0555556 0.0085384
0 0.635417 0.149537 0.009375 0.0546296 0.00934023
1 0.00885417 0.393519 0.0177083 0.112963 0.00951155
13 0.970573 0.530556 0.0578125 0.190741 0.0095517
19 0.442708 0.0888889 0.0145833 0.0277778 0.0107796
0 0.3625 0.0708333 0.0104167 0.025 0.0136809
1 0.00416667 0.404167 0.00833333 0.0916667 0.0139091
2 0.296354 0.0625 0.0125 0.0305556 0.0161212
2 0.635156 0.148611 0.0109375 0.0564815 0.017937
9 0.220573 0.0888889 0.00989583 0.0148148 0.0207505
7 0.29375 0.106944 0.028125 0.0824074 0.0211063
9 0.108854 0.0240741 0.0104167 0.0351852 0.021691
2 0.786719 0.0888889 0.0171875 0.0259259 0.0220267
2 0.00442708 0.406019 0.00885417 0.0898148 0.0232117
9 0.207813 0.0671296 0.0197917 0.0453704 0.0277359
2 0.238542 0.140741 0.01875 0.0407407 0.0321689
9 0.502604 0.759722 0.0135417 0.0564815 0.0346818
2 0.48776 0.10787 0.0140625 0.0490741 0.0487838
9 0.567187 0.0481481 0.00833333 0.0240741 0.0514748
2 0.292708 0.109259 0.0270833 0.0777778 0.0594437
9 0.26849 0.0347222 0.0213542 0.0657407 0.0719604
2 0.4625 0.111111 0.0135417 0.0407407 0.118023
2 0.320312 0.0875 0.0416667 0.0342593 0.167337
7 0.316146 0.0518519 0.0364583 0.0388889 0.201293
2 0.316406 0.0513889 0.0359375 0.037963 0.267361
2 0.472396 0.109259 0.0322917 0.0444444 0.309349
2 0.627344 0.122222 0.0255208 0.0537037 0.447248
2 0.505729 0.103704 0.0427083 0.062963 0.559652
10 0.204167 0.316204 0.015625 0.0712963 0.701772
2 0.31849 0.121296 0.0515625 0.0722222 0.748601
11 0.728906 0.0435185 0.0276042 0.0555556 0.826702
2 0.391146 0.115741 0.0458333 0.0666667 0.832742
2 0.381771 0.203704 0.0697917 0.1 0.888391
2 0.729948 0.419444 0.122396 0.17037 0.911061
2 0.746354 0.190741 0.128125 0.111111 0.913953
