0 0.263021 0.101852 0.009375 0.0537037 0.001025
2 0.74974 0.118981 0.0307292 0.0398148 0.00104644
0 0.995573 0.327778 0.0078125 0.0574074 0.00107562
32 0.459896 0.356944 0.0114583 0.0138889 0.00108405
12 0.976042 0.500463 0.0458333 0.132407 0.00109538
2 0.274219 0.112037 0.0213542 0.0574074 0.00110823
2 0.813281 0.0768519 0.0182292 0.0203704 0.00114251
9 0.415365 0.00925926 0.0151042 0.0185185 0.00117061
2 0.790625 0.087963 0.0416667 0.037037 0.00117334
9 0.276563 0.0708333 0.0385417 0.136111 0.00119391
2 0.367708 0.202778 0.0322917 0.0685185 0.00119462
2 0.0135417 0.3875 0.0270833 0.132407 0.0011957
2 0.73776 0.127315 0.0223958 0.0305556 0.00121779
11 0.239583 0.0351852 0.0208333 0.0666667 0.00122159
9 0.768229 0.0467593 0.021875 0.0916667 0.00122777
58 0.946094 0.181481 0.107813 0.359259 0.00126854
2 0.555469 0.422222 0.609896 0.187037 0.00132147
2 0.446094 0.108333 0.0244792 0.0333333 0.00133038
7 0.146354 0.0907407 0.065625 0.0814815 0.00138723
9 0.258073 0.0777778 0.0119792 0.0481481 0.00139173
9 0.253646 0.087037 0.0145833 0.0351852 0.00139474
7 0.220833 0.0722222 0.0510417 0.0574074 0.00140285
0 0.361719 0.0694444 0.00885417 0.0314815 0.00140764
9 0.23776 0.0717593 0.0140625 0.0435185 0.00144911
9 0.291146 0.0513889 0.009375 0.0472222 0.00153907
58 0.967448 0.510648 0.0515625 0.132407 0.00156776
9 0.570833 0.0310185 0.0145833 0.0583333 0.00160734
2 0.783594 0.107407 0.0380208 0.0537037 0.00165299
13 0.970052 0.510648 0.0567708 0.147222 0.00174978
0 0.730729 0.372685 0.0270833 0.0287037 0.00176653
7 0.789062 0.0648148 0.0260417 0.0611111 0.00177898
2 0.682031 0.114352 0.133854 0.0787037 0.00178063
13 0.99349 0.518519 0.0119792 0.172222 0.00183236
2 0.777344 0.0958333 0.0265625 0.0398148 0.00184085
2 0.657552 0.135185 0.0859375 0.0833333 0.00184226
2 0.650781 0.151852 0.0411458 0.0611111 0.0018731
2 0.00494792 0.0930556 0.00989583 0.0472222 0.00187378
0 0.757031 0.375 0.0203125 0.0314815 0.00222219
2 0.3 0.107407 0.0854167 0.0962963 0.00249564
9 0.500521 0.603704 0.0166667 0.0444444 0.00261441
7 0.970573 0.527778 0.0578125 0.2 0.00265107
2 0.432031 0.110648 0.330729 0.0842593 0.0026512
2 0.238542 0.139815 0.01875 0.0425926 0.00269248
12 0.69974 0.162037 0.0223958 0.0444444 0.00279191
0 0.713542 0.371759 0.021875 0.0268519 0.00289715
0 0.266406 0.0958333 0.00989583 0.0509259 0.0031712
0 0.756771 0.120833 0.0166667 0.0324074 0.00351748
0 0.755729 0.074537 0.0135417 0.0435185 0.00361674
0 0.442187 0.0865741 0.0135417 0.0268519 0.0036856
9 0.99375 0.493056 0.0114583 0.123148 0.00382347
9 0.213281 0.0625 0.0328125 0.0601852 0.00389136
9 0.263021 0.0875 0.00833333 0.0361111 0.00393205
13 0.984635 0.522222 0.0296875 0.183333 0.00397479
2 0.586979 0.1125 0.329167 0.0712963 0.00421445
58 0.96849 0.49537 0.0307292 0.087037 0.00427734
2 0.469271 0.111574 0.121875 0.0675926 0.00433562
2 0.00442708 0.390278 0.00885417 0.115741 0.00435648
1 0.0138021 0.389352 0.0276042 0.119444 0.00435784
11 0.236979 0.0671296 0.0166667 0.0416667 0.00483987
2 0.60625 0.0597222 0.0104167 0.025 0.00499558
9 0.502604 0.759722 0.0125 0.0546296 0.0058117
1 0.00494792 0.385185 0.00989583 0.124074 0.00587711
2 0.77526 0.115741 0.0203125 0.0333333 0.00592841
12 0.994531 0.494907 0.00989583 0.132407 0.0059855
12 0.69375 0.162963 0.0104167 0.0407407 0.00854265
9 0.219792 0.087963 0.00833333 0.0203704 0.00930142
2 0.271094 0.111574 0.0140625 0.0361111 0.00956851
9 0.206771 0.0675926 0.01875 0.0462963 0.010813
0 0.364583 0.346296 0.03125 0.0333333 0.0114353
0 0.39401 0.343519 0.0255208 0.0333333 0.0120468
0 0.382812 0.347222 0.028125 0.0314815 0.012313
9 0.566927 0.0476852 0.0078125 0.0231481 0.0194877
9 0.221354 0.0611111 0.0145833 0.0425926 0.0195253
9 0.441927 0.087037 0.0130208 0.0259259 0.0225256
2 0.785677 0.087963 0.0161458 0.0259259 0.0266336
9 0.26849 0.0356481 0.0223958 0.0675926 0.029312
2 0.634896 0.14537 0.0104167 0.05 0.0330994
2 0.488281 0.107407 0.0140625 0.05 0.0351857
0 0.353385 0.346296 0.0265625 0.0314815 0.0415117
0 0.635156 0.149537 0.00885417 0.0509259 0.0449904
7 0.298438 0.106944 0.0364583 0.0787037 0.0629427
2 0.292188 0.108333 0.0260417 0.0777778 0.084245
2 0.46224 0.111574 0.0130208 0.0398148 0.0925082
2 0.470573 0.109259 0.0286458 0.0444444 0.23142
2 0.322135 0.0861111 0.0380208 0.0351852 0.296524
7 0.50599 0.103241 0.0432292 0.0638889 0.337703
2 0.627344 0.12037 0.0255208 0.05 0.414437
2 0.50599 0.103241 0.0432292 0.0638889 0.506278
2 0.318229 0.120833 0.0520833 0.0712963 0.703903
10 0.203906 0.316204 0.0161458 0.0712963 0.705837
11 0.728906 0.0430556 0.0276042 0.0564815 0.781878
2 0.38099 0.200926 0.0692708 0.0944444 0.876281
2 0.729948 0.419444 0.122396 0.172222 0.90503
2 0.744792 0.190741 0.127083 0.111111 0.915165
2 0.375521 0.384722 0.1125 0.162037 0.925158
