2 0.240104 0.106944 0.0166667 0.037963 0.00102045
2 0.771615 0.111111 0.0140625 0.0240741 0.00102314
2 0.448698 0.105093 0.0369792 0.0509259 0.00102769
14 0.20026 0.243056 0.0192708 0.0175926 0.00103274
9 0.29375 0.0541667 0.0104167 0.0398148 0.00110999
5 0.236458 0.0717593 0.0197917 0.0527778 0.00113203
2 0.795052 0.0833333 0.0338542 0.0296296 0.00114528
11 0.240365 0.0361111 0.0223958 0.0685185 0.00121475
13 0.96276 0.553704 0.0401042 0.0407407 0.00135087
9 0.27474 0.0412037 0.0338542 0.0787037 0.00137014
9 0.415625 0.0101852 0.015625 0.0203704 0.00139684
2 0.815365 0.0685185 0.0151042 0.0148148 0.00142761
7 0.209375 0.0652778 0.0416667 0.0583333 0.00150199
9 0.547656 0.0587963 0.00989583 0.0231481 0.00158455
2 0.536198 0.112037 0.0119792 0.0444444 0.00166502
13 0.970312 0.56713 0.0552083 0.0712963 0.00174719
9 0.576823 0.0328704 0.0140625 0.062037 0.00176163
13 0.971354 0.522222 0.05625 0.168519 0.00177731
2 0.994792 0.527315 0.009375 0.150926 0.00178158
9 0.582292 0.0398148 0.0125 0.0481481 0.00181364
2 0.269792 0.0597222 0.01875 0.0324074 0.00184275
2 0.649219 0.148148 0.0380208 0.0574074 0.00184831
0 0.756771 0.0736111 0.0104167 0.0416667 0.00185297
2 0.0401042 0.0648148 0.01875 0.0203704 0.00187168
0 0.26276 0.100926 0.00885417 0.0574074 0.00194705
9 0.177604 0.509259 0.0354167 0.0388889 0.00221644
2 0.995573 0.530556 0.0078125 0.0407407 0.00224435
2 0.560156 0.108796 0.244271 0.0694444 0.00224602
0 0.714583 0.372222 0.0229167 0.0277778 0.00238055
11 0.23724 0.0699074 0.0171875 0.0472222 0.00240245
9 0.50026 0.605093 0.0151042 0.0435185 0.0024215
2 0.0325521 0.0634259 0.0171875 0.0194444 0.00264517
2 0.290365 0.0810185 0.0265625 0.037963 0.00270286
14 0.483073 0.491667 0.0151042 0.0296296 0.00271572
1 0.985677 0.33287 0.0276042 0.0527778 0.00272007
2 0.53125 0.112037 0.0135417 0.0425926 0.00287933
2 0.398698 0.106019 0.253646 0.0712963 0.00323058
2 0.238542 0.140278 0.0197917 0.0435185 0.00332589
2 0.780729 0.101852 0.03125 0.0462963 0.00332766
2 0.383073 0.0634259 0.00885417 0.0231481 0.00342801
1 0.995052 0.331481 0.00885417 0.0574074 0.00354273
1 0.0111979 0.366204 0.0223958 0.0472222 0.00380622
9 0.269792 0.0509259 0.0197917 0.0351852 0.00383566
12 0.994792 0.495833 0.009375 0.134259 0.00419605
0 0.458333 0.0648148 0.00729167 0.0314815 0.0044681
58 0.967708 0.498148 0.0270833 0.0796296 0.00447489
9 0.210677 0.0666667 0.0286458 0.05 0.00463086
2 0.813802 0.074537 0.0182292 0.0194444 0.00478771
10 0.197135 0.307407 0.0307292 0.0907407 0.00485716
0 0.288281 0.110185 0.0182292 0.0796296 0.00492594
9 0.570833 0.0310185 0.0125 0.0583333 0.00505243
2 0.47526 0.107407 0.0703125 0.0592593 0.00530019
2 0.267448 0.0990741 0.0109375 0.0574074 0.00541917
2 0.361979 0.0703704 0.009375 0.0240741 0.00576122
0 0.995573 0.331019 0.0078125 0.0509259 0.00621301
2 0.592969 0.125926 0.0161458 0.0240741 0.00929351
9 0.269531 0.0231481 0.0192708 0.037037 0.0105914
2 0.270573 0.108333 0.0130208 0.0425926 0.0128471
2 0.635156 0.145833 0.0109375 0.0490741 0.0134585
0 0.635417 0.147685 0.009375 0.0490741 0.0135607
11 0.60625 0.0587963 0.009375 0.0268519 0.0142145
10 0.442969 0.0884259 0.0130208 0.0305556 0.0150725
0 0.442708 0.0967593 0.015625 0.0490741 0.0156239
1 0.0127604 0.394907 0.0255208 0.113889 0.0191525
1 0.00442708 0.40787 0.00885417 0.0861111 0.0195346
9 0.502604 0.760648 0.0125 0.0546296 0.0224898
2 0.785677 0.0893519 0.0140625 0.0231481 0.0229689
5 0.220833 0.0675926 0.0510417 0.0592593 0.0307156
7 0.220833 0.0550926 0.0520833 0.0861111 0.0321741
2 0.442708 0.087037 0.0145833 0.0277778 0.0323472
9 0.111719 0.025 0.0140625 0.0388889 0.0493978
2 0.4625 0.112963 0.0145833 0.037037 0.0497066
9 0.567448 0.0481481 0.00885417 0.0222222 0.0632178
2 0.300521 0.103704 0.0364583 0.0759259 0.176769
2 0.322135 0.087037 0.0380208 0.0333333 0.270223
7 0.506771 0.104167 0.0427083 0.0638889 0.303599
2 0.627604 0.120833 0.0260417 0.0509259 0.337818
2 0.473958 0.108333 0.0354167 0.0462963 0.441179
2 0.50651 0.103704 0.0421875 0.062963 0.515793
2 0.31901 0.121759 0.0505208 0.0712963 0.715908
10 0.204167 0.315741 0.015625 0.0703704 0.721369
2 0.400781 0.0708333 0.0348958 0.0416667 0.790304
11 0.729427 0.0439815 0.0265625 0.0564815 0.804159
2 0.729948 0.418981 0.122396 0.171296 0.903323
