2 0.800781 0.087037 0.0411458 0.0333333 0.00100433
11 0.728906 0.0662037 0.0296875 0.106481 0.0010234
2 0.25625 0.0861111 0.01875 0.037037 0.00108084
2 0.407031 0.105093 0.279687 0.0805556 0.00110239
2 0.238542 0.137037 0.0197917 0.0444444 0.00110413
9 0.548177 0.0527778 0.0109375 0.0222222 0.00112938
9 0.263021 0.0462963 0.0166667 0.0425926 0.00113717
0 0.264062 0.0939815 0.009375 0.0527778 0.00115583
2 0.507812 0.153241 0.046875 0.037963 0.00116978
9 0.053125 0.100926 0.0104167 0.037037 0.00118229
0 0.530729 0.109722 0.015625 0.0509259 0.0012777
0 0.739844 0.369907 0.0255208 0.0342593 0.00128327
13 0.0117188 0.365278 0.0234375 0.0601852 0.00146809
5 0.235938 0.0652778 0.0177083 0.0398148 0.00147236
12 0.701563 0.144444 0.0208333 0.0722222 0.00151651
12 0.692187 0.161111 0.00833333 0.0407407 0.00157237
2 0.658854 0.148148 0.0625 0.0611111 0.00160042
9 0.186979 0.0824074 0.00729167 0.0240741 0.00160355
1 0.0341146 0.164352 0.0671875 0.075 0.00162577
2 0.776042 0.105556 0.0239583 0.0351852 0.00179315
0 0.75625 0.0685185 0.0125 0.0407407 0.00188337
0 0.730729 0.371296 0.0270833 0.0296296 0.00201873
11 0.239323 0.0328704 0.0213542 0.062037 0.00209866
2 0.526042 0.161574 0.0135417 0.0194444 0.00210274
0 0.757031 0.374074 0.0192708 0.0333333 0.00212307
13 0.99349 0.518519 0.0119792 0.174074 0.0021474
9 0.990104 0.516667 0.01875 0.175926 0.00218784
2 0.0125 0.391667 0.025 0.125926 0.00222556
0 0.754948 0.0893519 0.0161458 0.0824074 0.00238685
9 0.214844 0.0666667 0.0411458 0.0518519 0.00252315
58 0.965885 0.493056 0.0244792 0.0842593 0.00261295
13 0.961458 0.553241 0.0395833 0.0453704 0.00269379
2 0.446354 0.116204 0.025 0.0231481 0.00279017
2 0.566146 0.106481 0.221875 0.062963 0.00281993
1 0.0106771 0.350926 0.0213542 0.0888889 0.00315808
9 0.994531 0.496296 0.00989583 0.137037 0.00350992
12 0.992708 0.502778 0.0135417 0.148148 0.0035228
7 0.970573 0.525463 0.0578125 0.199074 0.00363548
0 0.709115 0.373611 0.0203125 0.0268519 0.00364773
13 0.0130208 0.391204 0.0260417 0.123148 0.00373217
13 0.984896 0.518056 0.0291667 0.180556 0.00376045
13 0.970312 0.549074 0.0583333 0.127778 0.00378036
1 0.00416667 0.407407 0.00833333 0.0907407 0.00396896
2 0.484896 0.10463 0.0614583 0.0555556 0.00465137
7 0.275521 0.050463 0.0385417 0.0990741 0.00498735
2 0.00416667 0.409722 0.00833333 0.0861111 0.00505079
9 0.207552 0.0689815 0.0234375 0.0398148 0.00568998
2 0.442187 0.0856481 0.0135417 0.0231481 0.00583883
2 0.291146 0.0699074 0.0104167 0.0138889 0.00596525
0 0.283854 0.0907407 0.0104167 0.0407407 0.00601809
7 0.788021 0.062963 0.025 0.0611111 0.00618098
0 0.286719 0.110648 0.0161458 0.0768519 0.00650339
7 0.282292 0.100463 0.0260417 0.0824074 0.00660862
1 0.00963542 0.392593 0.0192708 0.124074 0.00702222
7 0.219531 0.0648148 0.0515625 0.0611111 0.00826027
9 0.502344 0.758796 0.0130208 0.0583333 0.00901944
2 0.269792 0.108333 0.0125 0.0388889 0.00960172
9 0.291406 0.0513889 0.00885417 0.0416667 0.00963254
2 0.291146 0.109259 0.0239583 0.0722222 0.0103919
9 0.269531 0.0481481 0.0182292 0.0351852 0.0104776
2 0.605729 0.0592593 0.009375 0.0259259 0.0110875
9 0.441667 0.0861111 0.0135417 0.0240741 0.0110941
9 0.566667 0.0467593 0.00833333 0.0231481 0.011778
2 0.784896 0.087037 0.0135417 0.0203704 0.0118703
2 0.53151 0.109722 0.0151042 0.0453704 0.0134018
9 0.220313 0.087963 0.00833333 0.012963 0.0135295
5 0.220052 0.0648148 0.0494792 0.0537037 0.0145519
9 0.49974 0.601852 0.0151042 0.0388889 0.0148369
9 0.26875 0.0314815 0.021875 0.0592593 0.0205023
2 0.460938 0.1125 0.0114583 0.0361111 0.0244084
0 0.633854 0.144444 0.0114583 0.0518519 0.0724488
2 0.471875 0.109259 0.0291667 0.0425926 0.238601
2 0.626562 0.119907 0.0260417 0.0509259 0.269329
2 0.321094 0.0837963 0.0369792 0.0324074 0.343062
2 0.50599 0.103241 0.0411458 0.062037 0.522159
2 0.317969 0.120833 0.0515625 0.0694444 0.720916
10 0.203906 0.313889 0.0161458 0.0722222 0.761061
11 0.728646 0.0407407 0.0270833 0.0518519 0.771943
7 0.484896 0.193519 0.0854167 0.125926 0.806956
2 0.729427 0.418056 0.123438 0.173148 0.916143
