7 0.236979 0.0671296 0.0166667 0.0416667 0.00106472
9 0.254167 0.087963 0.015625 0.037037 0.00106625
0 0.755729 0.114815 0.0145833 0.0388889 0.00107263
32 0.469531 0.409722 0.00989583 0.0231481 0.0010929
9 0.560417 0.0444444 0.021875 0.0314815 0.00110827
9 0.576302 0.0324074 0.0161458 0.062963 0.0011369
2 0.363281 0.0662037 0.0119792 0.0194444 0.00121617
2 0.773958 0.120833 0.01875 0.0453704 0.00125916
9 0.259115 0.0782407 0.0119792 0.0527778 0.0014998
32 0.460156 0.356019 0.00885417 0.0157407 0.00150383
9 0.583333 0.0416667 0.0125 0.0444444 0.00153877
9 0.489062 0.980093 0.015625 0.037963 0.00154737
2 0.83151 0.233333 0.0401042 0.0574074 0.00156065
2 0.779167 0.108333 0.0302083 0.0574074 0.00160635
0 0.757812 0.0648148 0.00833333 0.0333333 0.00167548
1 0.00442708 0.393056 0.00885417 0.112037 0.00169593
12 0.69349 0.162963 0.00677083 0.0388889 0.00172923
10 0.774479 0.122685 0.01875 0.0472222 0.00174046
9 0.263802 0.0935185 0.00989583 0.0462963 0.00181302
12 0.701823 0.139815 0.0213542 0.0851852 0.00181374
2 0.598698 0.42963 0.780729 0.203704 0.00182779
2 0.444271 0.0990741 0.0208333 0.05 0.00183205
9 0.360677 0.0638889 0.00989583 0.0203704 0.00186204
0 0.75651 0.0907407 0.0151042 0.0851852 0.00186914
2 0.816667 0.230093 0.0104167 0.0472222 0.0018701
2 0.296094 0.104167 0.0817708 0.0935185 0.00189442
2 0.263802 0.102778 0.00885417 0.05 0.00196158
2 0.279687 0.113426 0.0333333 0.0694444 0.00214931
0 0.546354 0.267593 0.580208 0.474074 0.0021833
11 0.240104 0.0328704 0.021875 0.0638889 0.00218568
2 0.441146 0.108333 0.376042 0.0907407 0.00219184
11 0.739844 0.0671296 0.0171875 0.025 0.00229717
9 0.548177 0.0518519 0.0109375 0.0240741 0.00241481
9 0.3625 0.0453704 0.009375 0.0314815 0.00261451
2 0.288021 0.0759259 0.0197917 0.0333333 0.00271299
2 0.592708 0.126389 0.0177083 0.025 0.00305298
5 0.222135 0.0768519 0.0484375 0.0685185 0.003078
9 0.207813 0.0638889 0.0197917 0.0407407 0.00310835
0 0.757552 0.374537 0.0171875 0.0287037 0.00325812
2 0.634375 0.151852 0.0135417 0.0592593 0.00338163
5 0.220313 0.062963 0.0302083 0.0462963 0.0034187
0 0.729167 0.371759 0.0302083 0.0287037 0.00363776
9 0.292708 0.0550926 0.009375 0.037963 0.00401237
9 0.415365 0.0125 0.0161458 0.025 0.00404281
2 0.267188 0.0972222 0.0114583 0.05 0.00459122
2 0.321354 0.099537 0.046875 0.0490741 0.00539082
9 0.994792 0.51713 0.009375 0.165741 0.00551334
7 0.219792 0.062963 0.0489583 0.0648148 0.00571159
0 0.281771 0.0888889 0.00729167 0.0333333 0.00572935
9 0.557031 0.0273148 0.0265625 0.0546296 0.00589609
9 0.220052 0.100926 0.0119792 0.037037 0.0062152
0 0.344271 0.2875 0.025 0.0398148 0.00680845
9 0.502344 0.759722 0.0119792 0.0546296 0.00797153
9 0.223177 0.0550926 0.0130208 0.037963 0.00801396
2 0.60599 0.0597222 0.00989583 0.025 0.00869832
9 0.965885 0.498611 0.0234375 0.0787037 0.00938848
32 0.454427 0.312963 0.0078125 0.0148148 0.00960627
2 0.292448 0.0680556 0.00989583 0.0175926 0.00974541
2 0.791146 0.0856481 0.0197917 0.0212963 0.0126569
0 0.634115 0.149074 0.0130208 0.0555556 0.012724
2 0.442448 0.0861111 0.0140625 0.0259259 0.0127918
2 0.270052 0.109259 0.0130208 0.0388889 0.0128429
0 0.379427 0.288889 0.0203125 0.0296296 0.0139492
9 0.442448 0.0861111 0.0130208 0.0259259 0.0165047
0 0.714063 0.37037 0.021875 0.0259259 0.0171759
7 0.970833 0.529167 0.0572917 0.199074 0.0172581
9 0.220052 0.0898148 0.00989583 0.0166667 0.0180037
9 0.565625 0.0361111 0.0104167 0.0481481 0.0227539
2 0.295052 0.103704 0.0307292 0.0740741 0.0293144
9 0.973177 0.499537 0.0380208 0.121296 0.0353844
9 0.26875 0.0347222 0.0229167 0.0638889 0.0405897
2 0.491146 0.106944 0.0197917 0.0509259 0.0441602
9 0.50026 0.602315 0.0151042 0.0416667 0.0593056
9 0.567187 0.0467593 0.00833333 0.0231481 0.0622064
2 0.463542 0.109259 0.015625 0.0425926 0.116989
2 0.627604 0.122222 0.025 0.0537037 0.339185
2 0.322135 0.0856481 0.0390625 0.0361111 0.353133
2 0.473437 0.108333 0.0322917 0.0444444 0.394734
7 0.505729 0.103241 0.04375 0.0638889 0.423071
2 0.505469 0.102778 0.0432292 0.0648148 0.466698
11 0.729427 0.0416667 0.0276042 0.0537037 0.712761
2 0.317708 0.121759 0.0510417 0.0694444 0.782425
10 0.203646 0.315741 0.0166667 0.0703704 0.824754
2 0.361198 0.326852 0.104687 0.144444 0.896758
2 0.729688 0.419907 0.122917 0.171296 0.913326
