0 0.717969 0.370833 0.0234375 0.0287037 0.00103108
12 0.701823 0.164815 0.0192708 0.0388889 0.00106998
0 0.521615 0.291204 0.540104 0.465741 0.00109777
9 0.548437 0.0518519 0.0114583 0.0240741 0.00114565
9 0.56224 0.050463 0.0192708 0.025 0.00121962
9 0.990885 0.51713 0.0171875 0.167593 0.00122059
2 0.56276 0.42037 0.589063 0.183333 0.00123811
0 0.755208 0.0921296 0.015625 0.0805556 0.00127585
9 0.260938 0.049537 0.0135417 0.0435185 0.00127672
9 0.484896 0.0217593 0.0104167 0.0268519 0.00128464
9 0.50026 0.602315 0.0140625 0.0416667 0.00129278
2 0.975781 0.495833 0.0442708 0.123148 0.00130894
7 0.279687 0.075 0.034375 0.142593 0.00130995
2 0.991667 0.524537 0.015625 0.176852 0.00132348
7 0.236979 0.0708333 0.0177083 0.0490741 0.00136817
7 0.146094 0.0907407 0.0661458 0.0777778 0.00138696
0 0.990365 0.869907 0.0182292 0.0601852 0.00144131
2 0.363542 0.0671296 0.0114583 0.0194444 0.00158248
58 0.96875 0.494444 0.03125 0.0907407 0.001592
12 0.975781 0.497222 0.0442708 0.125926 0.00159503
7 0.788802 0.0638889 0.0244792 0.0611111 0.00159554
2 0.660417 0.149537 0.0625 0.062037 0.00161908
9 0.3625 0.0486111 0.0104167 0.037963 0.00168388
9 0.458073 0.0657407 0.0078125 0.0277778 0.00183048
9 0.291667 0.0527778 0.00833333 0.0388889 0.00184305
9 0.582552 0.0351852 0.0140625 0.0574074 0.00186966
2 0.411198 0.108333 0.286979 0.0796296 0.00193504
2 0.546094 0.110185 0.314063 0.0759259 0.00194037
13 0.961719 0.553241 0.0390625 0.0398148 0.00196201
2 0.817187 0.231481 0.009375 0.0444444 0.0020664
9 0.576823 0.0328704 0.0151042 0.0638889 0.00212216
9 0.566146 0.0560185 0.0114583 0.0398148 0.00217959
2 0.442708 0.108796 0.147917 0.0657407 0.00223309
9 0.36224 0.0685185 0.00885417 0.0259259 0.00229042
24 0.24401 0.25787 0.0171875 0.0490741 0.00229495
2 0.442448 0.0861111 0.0130208 0.0259259 0.00231334
9 0.442448 0.22963 0.00885417 0.0240741 0.00235273
1 0.239323 0.314352 0.0380208 0.087963 0.00235664
2 0.813542 0.0768519 0.01875 0.0203704 0.0023675
2 0.238281 0.141204 0.0182292 0.037963 0.00254356
10 0.220313 0.314352 0.015625 0.0768519 0.00268995
1 0.00494792 0.363426 0.00989583 0.0712963 0.00277602
2 0.53151 0.112963 0.0140625 0.0425926 0.00300163
11 0.60625 0.0592593 0.0104167 0.0259259 0.00308423
9 0.558854 0.0263889 0.021875 0.0490741 0.00318314
0 0.995573 0.327778 0.0078125 0.0574074 0.00331378
13 0.970312 0.565741 0.0572917 0.0796296 0.00332834
9 0.276042 0.0407407 0.0364583 0.0796296 0.00361845
13 0.99349 0.519907 0.0119792 0.171296 0.00371515
7 0.970573 0.525 0.0578125 0.196296 0.00405753
9 0.26276 0.0902778 0.0078125 0.0416667 0.00485679
13 0.971615 0.521759 0.0557292 0.178704 0.00532355
9 0.439844 0.197685 0.0130208 0.0324074 0.00543943
0 0.757031 0.0708333 0.0109375 0.0416667 0.00546543
9 0.502344 0.759259 0.0140625 0.0574074 0.0066725
0 0.266146 0.0990741 0.0104167 0.0555556 0.00698889
9 0.2125 0.0643518 0.0322917 0.0564815 0.00727131
2 0.448177 0.11713 0.0286458 0.0231481 0.00776211
12 0.994792 0.493519 0.009375 0.131481 0.00811712
9 0.26901 0.0472222 0.0203125 0.0444444 0.0084284
2 0.270833 0.108796 0.0135417 0.0398148 0.00909371
7 0.314844 0.111574 0.0567708 0.0824074 0.00936834
9 0.442187 0.0865741 0.0125 0.025 0.010556
9 0.56849 0.0310185 0.0130208 0.0583333 0.0109818
2 0.592448 0.125 0.0182292 0.0259259 0.0111315
2 0.0046875 0.557407 0.009375 0.0425926 0.0141206
5 0.214844 0.0652778 0.0380208 0.062037 0.0161311
9 0.269271 0.024537 0.0208333 0.0435185 0.0180499
2 0.790104 0.0875 0.0208333 0.025 0.0205123
2 0.470052 0.108333 0.0307292 0.0462963 0.0229693
24 0.254167 0.251852 0.0197917 0.0537037 0.0233309
0 0.635417 0.148148 0.009375 0.0518519 0.02651
2 0.635156 0.146759 0.0109375 0.0546296 0.0292087
7 0.220573 0.0657407 0.0505208 0.0666667 0.0305425
2 0.488021 0.107407 0.0135417 0.05 0.0497269
9 0.567187 0.0481481 0.00833333 0.0240741 0.0661574
2 0.294271 0.106944 0.0302083 0.0824074 0.0738383
7 0.296094 0.106019 0.0348958 0.0824074 0.156792
2 0.464063 0.1125 0.015625 0.037963 0.192016
2 0.322396 0.0856481 0.0375 0.0342593 0.281328
2 0.480729 0.109259 0.0197917 0.0444444 0.314706
2 0.627344 0.122222 0.0255208 0.0518519 0.396627
1 0.250781 0.317593 0.0203125 0.0833333 0.454029
2 0.505469 0.103704 0.0421875 0.062963 0.556763
2 0.31849 0.120833 0.0505208 0.0712963 0.656591
10 0.204167 0.315741 0.0166667 0.0722222 0.719369
0 0.251823 0.281944 0.0265625 0.125 0.781749
11 0.729167 0.0435185 0.0270833 0.0555556 0.813526
2 0.729688 0.418519 0.121875 0.172222 0.901136
