1 0.0140625 0.546296 0.028125 0.137037 0.00101398
2 0.798698 0.0833333 0.0401042 0.0314815 0.00112309
0 0.18724 0.110185 0.00677083 0.0407407 0.00117815
0 0.817187 0.235648 0.00833333 0.0342593 0.0011928
2 0.660156 0.125463 0.0911458 0.062037 0.0012573
7 0.221354 0.062037 0.053125 0.0962963 0.00126718
1 0.00755208 0.614815 0.0130208 0.0833333 0.00129521
0 0.729427 0.372685 0.0307292 0.0287037 0.00130228
13 0.9625 0.55463 0.040625 0.0444444 0.0013411
2 0.771875 0.112037 0.015625 0.0333333 0.00134212
32 0.454167 0.313889 0.00833333 0.012963 0.00134493
2 0.56901 0.422222 0.589063 0.188889 0.0013601
12 0.988021 0.512963 0.0229167 0.162963 0.00136078
2 0.460417 0.109259 0.36875 0.0981481 0.00137071
1 0.0148437 0.476389 0.0296875 0.137963 0.00140546
0 0.354427 0.325926 0.0307292 0.0407407 0.00141422
0 0.0158854 0.588426 0.0317708 0.126852 0.00141506
9 0.261719 0.0476852 0.0151042 0.0453704 0.00142978
2 0.592969 0.125 0.0161458 0.0240741 0.00144822
12 0.694531 0.163426 0.00677083 0.037963 0.00154012
9 0.976823 0.500463 0.0442708 0.132407 0.00155249
24 0.0174479 0.478704 0.0307292 0.0537037 0.00160121
41 0.49974 0.602315 0.0151042 0.0416667 0.0016846
9 0.502344 0.759722 0.0119792 0.0546296 0.00174231
9 0.581771 0.0384259 0.0125 0.0490741 0.00186145
12 0.702344 0.131481 0.0223958 0.0703704 0.00193527
26 0.00625 0.6 0.0104167 0.0333333 0.00193921
2 0.53125 0.1125 0.0135417 0.0416667 0.00196303
7 0.21276 0.0611111 0.0348958 0.062963 0.00200559
2 0.459375 0.112037 0.0354167 0.0481481 0.00217172
9 0.263021 0.0939815 0.00833333 0.0490741 0.00236534
2 0.21276 0.106019 0.0442708 0.0416667 0.00238652
1 0.0190104 0.396759 0.0380208 0.117593 0.00244416
7 0.973698 0.52037 0.0515625 0.207407 0.00250991
2 0.634635 0.150926 0.0130208 0.062963 0.00251586
1 0.0434896 0.602778 0.0223958 0.109259 0.00254874
13 0.992708 0.51713 0.0135417 0.171296 0.00264336
12 0.701823 0.164815 0.0192708 0.0388889 0.00266051
0 0.342969 0.331019 0.0265625 0.0361111 0.00266319
0 0.333333 0.330556 0.0177083 0.0351852 0.00268093
0 0.266146 0.0986111 0.0104167 0.0564815 0.00289084
2 0.445833 0.0837963 0.0364583 0.0472222 0.00298465
13 0.970312 0.547222 0.0583333 0.138889 0.00308156
0 0.372656 0.324537 0.0203125 0.0398148 0.0035772
0 0.283854 0.0921296 0.0104167 0.037963 0.0036572
2 0.269792 0.107407 0.0135417 0.0425926 0.00393785
58 0.922656 0.183333 0.154687 0.362963 0.00407773
0 0.716146 0.372222 0.0260417 0.0259259 0.00408518
0 0.75651 0.0680556 0.0130208 0.0416667 0.00526906
2 0.313281 0.0814815 0.0255208 0.0351852 0.00532645
0 0.285937 0.114352 0.0145833 0.0712963 0.00551719
0 0.755729 0.0884259 0.0145833 0.0805556 0.00558557
2 0.813281 0.075 0.0192708 0.0185185 0.00600277
11 0.2375 0.0689815 0.015625 0.0435185 0.00616424
9 0.993229 0.514352 0.0125 0.173148 0.00639991
2 0.782031 0.099537 0.0369792 0.0527778 0.00644225
9 0.293229 0.0555556 0.009375 0.0425926 0.00644504
9 0.572135 0.0310185 0.0140625 0.0583333 0.00648646
1 0.0135417 0.607407 0.025 0.125926 0.00656982
9 0.292708 0.0708333 0.0104167 0.0175926 0.00664742
12 0.994271 0.516204 0.0104167 0.175 0.00735937
1 0.0158854 0.644907 0.0255208 0.0898148 0.00798474
2 0.459115 0.0893519 0.0348958 0.0546296 0.0087536
0 0.384635 0.323611 0.0390625 0.0398148 0.00977644
2 0.60625 0.0597222 0.0104167 0.0268519 0.0103659
7 0.297135 0.106944 0.0348958 0.0824074 0.0104031
9 0.213281 0.0634259 0.0338542 0.0546296 0.0111308
9 0.217969 0.102778 0.00885417 0.0388889 0.0115947
24 0.0273438 0.513426 0.0536458 0.0842593 0.0134621
2 0.292969 0.110648 0.0265625 0.0731481 0.0168009
0 0.635417 0.147222 0.009375 0.0518519 0.0216775
9 0.26875 0.0356481 0.0229167 0.0675926 0.0222906
1 0.0046875 0.419444 0.009375 0.062963 0.0284602
2 0.788802 0.0875 0.0192708 0.0268519 0.0302847
9 0.21901 0.0898148 0.0078125 0.0166667 0.034334
9 0.567187 0.0476852 0.00833333 0.0231481 0.0585535
2 0.483073 0.10787 0.0182292 0.0490741 0.0788434
1 0.0130208 0.376389 0.0260417 0.0712963 0.10899
2 0.322135 0.087037 0.0369792 0.0333333 0.245613
24 0.0151042 0.512037 0.0291667 0.0648148 0.331311
7 0.50599 0.103241 0.0421875 0.0638889 0.383057
2 0.50625 0.103704 0.0416667 0.062963 0.427996
2 0.627083 0.121759 0.0260417 0.0527778 0.496694
7 0.452083 0.0962963 0.05 0.0796296 0.627211
1 0.0273438 0.624074 0.0463542 0.133333 0.716179
2 0.31849 0.12037 0.0505208 0.0703704 0.730316
11 0.728646 0.0416667 0.0270833 0.0537037 0.785338
10 0.203906 0.314815 0.0161458 0.0722222 0.813071
7 0.351042 0.389815 0.190625 0.224074 0.834661
0 0.0283854 0.554167 0.0567708 0.213889 0.84895
2 0.729948 0.418981 0.122396 0.171296 0.903926
