2 0.775 0.12037 0.0208333 0.0425926 0.00102215
9 0.361979 0.0694444 0.00833333 0.0240741 0.00103162
7 0.972656 0.622222 0.0536458 0.457407 0.00106984
0 0.991406 0.915741 0.0161458 0.155556 0.00111109
0 0.171615 0.109259 0.0078125 0.037037 0.00111475
9 0.5 0.602315 0.015625 0.0416667 0.00111506
12 0.701823 0.164352 0.0192708 0.037963 0.00113824
0 0.476562 0.240741 0.529167 0.361111 0.0011547
9 0.416146 0.0268519 0.0135417 0.0185185 0.00116441
2 0.655208 0.15 0.0520833 0.0611111 0.00117307
2 0.813021 0.0773148 0.015625 0.0175926 0.00125921
7 0.292448 0.10463 0.0755208 0.0925926 0.00129846
0 0.990885 0.87037 0.0171875 0.0592593 0.00133582
2 0.466667 0.0208333 0.0197917 0.0194444 0.0013436
9 0.548177 0.050463 0.0109375 0.0231481 0.00145018
2 0.58776 0.422685 0.609896 0.182407 0.00145039
12 0.702083 0.142593 0.0229167 0.0796296 0.00150546
9 0.260156 0.0513889 0.0109375 0.0398148 0.00152146
32 0.454167 0.314352 0.00729167 0.0138889 0.00153541
2 0.408854 0.107407 0.290625 0.0796296 0.00153906
9 0.414062 0.0314815 0.0104167 0.0166667 0.00156927
12 0.69349 0.1625 0.00677083 0.0398148 0.00157676
9 0.289844 0.025 0.0109375 0.0351852 0.00159836
0 0.0528646 0.112037 0.0109375 0.0537037 0.00167676
7 0.236719 0.0662037 0.0171875 0.0398148 0.00168472
9 0.276042 0.0421296 0.0385417 0.0824074 0.00171004
1 0.252604 0.299074 0.0229167 0.109259 0.00172201
9 0.458073 0.0652778 0.0078125 0.0287037 0.00174527
7 0.0942708 0.110648 0.179167 0.119444 0.00174616
0 0.995313 0.331481 0.00833333 0.05 0.00186134
2 0.536458 0.111574 0.009375 0.0453704 0.00193335
1 0.0523437 0.143519 0.0661458 0.0611111 0.00194715
2 0.56875 0.109259 0.245833 0.0722222 0.00199417
13 0.970573 0.546296 0.0578125 0.146296 0.00203734
2 0.00364583 0.424537 0.00729167 0.0509259 0.00210219
9 0.263021 0.0884259 0.00729167 0.037963 0.00212283
0 0.717708 0.372685 0.0239583 0.0268519 0.0021237
9 0.415104 0.0087963 0.0145833 0.0175926 0.00231664
9 0.429688 0.0398148 0.00833333 0.0259259 0.00239783
9 0.291927 0.0555556 0.0078125 0.0388889 0.00245093
2 0.477604 0.10787 0.0677083 0.062037 0.00250543
2 0.817187 0.231019 0.009375 0.0453704 0.00278816
0 0.2625 0.2 0.0114583 0.118519 0.00284682
1 0.00390625 0.400463 0.0078125 0.100926 0.00298505
2 0.53151 0.1125 0.0140625 0.0416667 0.00322496
0 0.1875 0.109259 0.00729167 0.0407407 0.00345889
0 0.263542 0.105556 0.00729167 0.0462963 0.00363067
11 0.60599 0.0597222 0.00885417 0.0268519 0.00371443
9 0.26849 0.100463 0.0119792 0.0564815 0.00386185
0 0.75625 0.0837963 0.0125 0.0712963 0.00390637
1 0.0125 0.36713 0.025 0.0527778 0.00427488
1 0.269531 0.278704 0.0328125 0.087037 0.00434647
2 0.446094 0.116667 0.0234375 0.0222222 0.0043674
2 0.442448 0.0861111 0.0130208 0.0259259 0.00438294
0 0.190625 0.105556 0.0104167 0.0481481 0.00444449
7 0.147135 0.0912037 0.0692708 0.0805556 0.00448569
1 0.00546875 0.374074 0.0109375 0.0574074 0.00456943
2 0.238281 0.141667 0.0182292 0.0388889 0.00485825
9 0.757031 0.0699074 0.00989583 0.0435185 0.00525041
2 0.591927 0.125463 0.0182292 0.025 0.0055653
9 0.99349 0.510648 0.0119792 0.160185 0.00637135
9 0.109375 0.025 0.0145833 0.037037 0.00683008
9 0.265104 0.0412037 0.0135417 0.0509259 0.00693607
9 0.217187 0.0546296 0.0239583 0.0462963 0.00774898
9 0.209635 0.0680556 0.0244792 0.0472222 0.00778544
7 0.993229 0.518056 0.0125 0.173148 0.00856492
9 0.502865 0.758796 0.0140625 0.0583333 0.00901462
9 0.269531 0.0291667 0.0203125 0.0527778 0.0094588
2 0.790104 0.087963 0.0208333 0.0240741 0.0112818
2 0.00442708 0.55787 0.00885417 0.0416667 0.0118156
9 0.270052 0.049537 0.0182292 0.0398148 0.0120309
7 0.970312 0.526852 0.0583333 0.201852 0.0120942
5 0.220573 0.0648148 0.0484375 0.0611111 0.0123957
2 0.270833 0.110648 0.0135417 0.037963 0.0140644
9 0.442187 0.0861111 0.0125 0.0259259 0.0161671
9 0.583854 0.037037 0.0125 0.0574074 0.0170241
9 0.569792 0.0314815 0.0114583 0.0592593 0.0174679
7 0.220052 0.0662037 0.0505208 0.0601852 0.0181901
9 0.444271 0.233333 0.009375 0.0351852 0.018297
0 0.635156 0.149074 0.00885417 0.0537037 0.0252479
2 0.634896 0.148148 0.0104167 0.0592593 0.0283893
2 0.48776 0.10787 0.0140625 0.0490741 0.0351708
2 0.292708 0.107407 0.028125 0.0814815 0.0438995
9 0.440104 0.214815 0.015625 0.0685185 0.0841762
9 0.566927 0.0486111 0.00885417 0.025 0.092317
2 0.4625 0.112037 0.0135417 0.0388889 0.103986
7 0.29375 0.106944 0.03125 0.0824074 0.11621
2 0.479688 0.109722 0.0208333 0.0435185 0.212599
2 0.46901 0.110185 0.0255208 0.0425926 0.248789
2 0.322396 0.0856481 0.0375 0.0342593 0.260089
10 0.204167 0.316204 0.015625 0.0712963 0.425447
2 0.627344 0.121296 0.0255208 0.05 0.43633
1 0.258073 0.290278 0.0161458 0.0824074 0.526478
2 0.505469 0.103704 0.0421875 0.062963 0.552301
2 0.318229 0.121296 0.0510417 0.0703704 0.618626
0 0.257812 0.255556 0.0239583 0.111111 0.720872
11 0.728906 0.0421296 0.0276042 0.0546296 0.781002
2 0.729688 0.419907 0.121875 0.171296 0.904599
