9 0.115885 0.0212963 0.0130208 0.0388889 0.00101475
0 0.341927 0.516667 0.0203125 0.151852 0.0010299
7 0.7875 0.0634259 0.0239583 0.0583333 0.00105007
12 0.976562 0.500463 0.0458333 0.137963 0.00107617
0 0.757812 0.1125 0.0125 0.0342593 0.00109769
1 0.0817708 0.4375 0.015625 0.0583333 0.00109869
0 0.00520833 0.473611 0.0104167 0.215741 0.00113232
0 0.731771 0.372685 0.0260417 0.0287037 0.00118376
2 0.533854 0.116204 0.235417 0.0824074 0.0012166
0 0.756771 0.374074 0.0229167 0.0351852 0.00122373
0 0.19401 0.405556 0.363021 0.255556 0.00122612
2 0.352604 0.452315 0.0427083 0.119444 0.00122872
0 0.503125 0.18287 0.492708 0.236111 0.00123406
58 0.919531 0.185648 0.160938 0.367593 0.00126518
0 0.0528646 0.109722 0.0109375 0.0472222 0.00127589
2 0.461719 0.0976852 0.0213542 0.0583333 0.00129833
0 0.444271 0.594444 0.854167 0.531482 0.00133131
7 0.219792 0.0833333 0.05625 0.111111 0.00133871
2 0.770052 0.109722 0.0171875 0.0287037 0.00138781
2 0.530729 0.112037 0.0125 0.0425926 0.00144009
9 0.438802 0.19537 0.0119792 0.037037 0.00148304
0 0.361719 0.0694444 0.00885417 0.0259259 0.00150531
2 0.238281 0.14213 0.0192708 0.0398148 0.00151013
7 0.990885 0.520833 0.0171875 0.180556 0.00153325
9 0.444531 0.243056 0.00885417 0.0194444 0.00154496
32 0.454167 0.314352 0.00833333 0.0175926 0.00155645
9 0.441667 0.231944 0.009375 0.0305556 0.00163118
3 0.344271 0.4125 0.0291667 0.0712963 0.00165613
0 0.510417 0.303241 0.548958 0.508333 0.00189359
1 0.0463542 0.487963 0.015625 0.0444444 0.00196266
1 0.0585938 0.352315 0.0390625 0.0194444 0.00197024
9 0.27526 0.0425926 0.0380208 0.0833333 0.00203815
1 0.0445312 0.355093 0.0109375 0.012037 0.00207977
9 0.218229 0.101852 0.00833333 0.0388889 0.002222
2 0.43776 0.49537 0.838021 0.305556 0.00248609
9 0.292448 0.0550926 0.0078125 0.0416667 0.00289896
26 0.065625 0.425 0.025 0.0537037 0.00291807
12 0.690625 0.165741 0.0104167 0.0388889 0.00294646
0 0.301823 0.288426 0.566146 0.478704 0.00295716
0 0.426302 0.433333 0.0328125 0.0425926 0.00297508
2 0.389062 0.110185 0.207292 0.0796296 0.002992
2 0.292448 0.0699074 0.00989583 0.0157407 0.00301635
7 0.27526 0.0685185 0.0390625 0.135185 0.00307756
0 0.263542 0.100926 0.00833333 0.0537037 0.00308127
2 0.813802 0.075 0.0182292 0.0203704 0.00308782
0 0.715885 0.372685 0.0244792 0.0268519 0.00321413
2 0.779167 0.1 0.034375 0.05 0.00325651
13 0.964844 0.563426 0.0463542 0.0601852 0.0035062
2 0.972135 0.519444 0.0546875 0.175926 0.00350867
1 0.0247396 0.375 0.0494792 0.0611111 0.0035519
1 0.35651 0.419907 0.0265625 0.0805556 0.00360402
11 0.236979 0.0689815 0.0166667 0.0453704 0.0036138
9 0.269531 0.0509259 0.0192708 0.037037 0.00368523
24 0.354427 0.3875 0.0317708 0.0824074 0.00386849
9 0.211198 0.0657407 0.0328125 0.0537037 0.00392792
2 0.591927 0.121296 0.0182292 0.0314815 0.00400822
58 0.96875 0.493981 0.03125 0.0861111 0.00443722
0 0.376302 0.427778 0.0286458 0.062963 0.00518679
0 0.267969 0.099537 0.0119792 0.0564815 0.00544241
9 0.992448 0.517593 0.0140625 0.175926 0.00572479
1 0.341146 0.503241 0.0208333 0.125 0.005733
13 0.991667 0.518519 0.015625 0.174074 0.00593081
2 0.647917 0.449537 0.653125 0.221296 0.0062018
2 0.60625 0.0597222 0.009375 0.025 0.00621838
9 0.583594 0.0351852 0.0130208 0.0555556 0.00629358
3 0.346875 0.457407 0.0322917 0.12037 0.00671335
24 0.354167 0.35463 0.03125 0.0740741 0.00689252
9 0.572656 0.0305556 0.0130208 0.0592593 0.00736362
9 0.26901 0.0259259 0.0223958 0.0481481 0.00750662
1 0.0739583 0.488889 0.03125 0.0814815 0.00766148
0 0.395833 0.435185 0.0354167 0.0388889 0.00829904
9 0.502344 0.758796 0.0130208 0.0564815 0.00958217
1 0.0104167 0.365278 0.0208333 0.0842593 0.00967706
7 0.970833 0.524537 0.0572917 0.19537 0.00978182
7 0.213802 0.0615741 0.0380208 0.062037 0.0104004
2 0.270052 0.109259 0.0119792 0.0388889 0.0105195
5 0.220573 0.0625 0.0494792 0.0601852 0.0107173
0 0.634896 0.146759 0.009375 0.0527778 0.0110966
0 0.75625 0.0717593 0.0114583 0.0435185 0.0111598
13 0.970573 0.52037 0.0578125 0.177778 0.013434
9 0.219531 0.0884259 0.0078125 0.0138889 0.0195568
7 0.29401 0.107407 0.0286458 0.0777778 0.0207015
2 0.786198 0.0875 0.0171875 0.025 0.0222371
2 0.634896 0.141667 0.0104167 0.0462963 0.0241343
1 0.0807292 0.484722 0.0145833 0.075 0.0248511
9 0.566927 0.0476852 0.0078125 0.0231481 0.0269529
24 0.34375 0.357407 0.0260417 0.062963 0.0290795
0 0.383073 0.439352 0.0140625 0.0324074 0.0378575
0 0.448177 0.433796 0.0411458 0.0398148 0.0596745
1 0.0046875 0.411574 0.009375 0.075 0.0609609
2 0.291146 0.111574 0.0239583 0.0712963 0.0736029
2 0.4625 0.109259 0.0135417 0.0444444 0.0787945
3 0.340365 0.478241 0.0203125 0.0787037 0.136257
2 0.505729 0.103241 0.0427083 0.0657407 0.21995
1 0.0111979 0.398148 0.0223958 0.101852 0.275039
2 0.321875 0.0851852 0.0375 0.0351852 0.303492
1 0.065625 0.501852 0.0291667 0.0907407 0.329382
2 0.43776 0.0986111 0.0453125 0.0657407 0.342231
2 0.478646 0.108796 0.025 0.0453704 0.444445
7 0.4375 0.0981481 0.0447917 0.0648148 0.450711
7 0.505729 0.103241 0.0427083 0.0638889 0.463319
2 0.627083 0.121296 0.0260417 0.0518519 0.489328
1 0.0643229 0.508796 0.0151042 0.075 0.518157
10 0.203906 0.315278 0.0161458 0.0712963 0.696661
2 0.31849 0.121296 0.0505208 0.0703704 0.766677
11 0.728646 0.0425926 0.0270833 0.0555556 0.774401
0 0.350781 0.375926 0.0411458 0.138889 0.810758
0 0.0643229 0.445833 0.0463542 0.149074 0.851654
2 0.41875 0.50463 0.173958 0.268519 0.859616
2 0.729688 0.419907 0.122917 0.171296 0.909789
