32 0.460156 0.357407 0.0109375 0.0185185 0.00100244
2 0.565885 0.422685 0.541146 0.178704 0.00100285
0 0.188021 0.121296 0.00729167 0.0388889 0.00100427
9 0.588542 0.0398148 0.0145833 0.05 0.00105933
58 0.969792 0.497685 0.0333333 0.0953704 0.00108102
9 0.29401 0.0537037 0.00989583 0.037037 0.00108566
13 0.961719 0.556019 0.0390625 0.0435185 0.00110238
1 0.00546875 0.372222 0.0109375 0.0592593 0.0011369
9 0.258073 0.0768519 0.0140625 0.0462963 0.00122544
0 0.994792 0.375926 0.009375 0.146296 0.00122682
0 0.2625 0.103241 0.0104167 0.0527778 0.00124032
9 0.548437 0.0518519 0.0114583 0.0259259 0.00136866
9 0.995313 0.528704 0.00833333 0.0388889 0.0014051
2 0.658333 0.139815 0.0666667 0.0611111 0.00144962
7 0.788802 0.0638889 0.0255208 0.0611111 0.00145744
2 0.00442708 0.383796 0.00885417 0.037963 0.00146024
2 0.294531 0.103241 0.0932292 0.0916667 0.0016307
2 0.291146 0.0819444 0.0270833 0.037963 0.00165674
9 0.415625 0.00833333 0.015625 0.0166667 0.00165783
0 0.714583 0.37037 0.0239583 0.0277778 0.00173482
2 0.240104 0.106944 0.015625 0.0342593 0.00175989
2 0.439583 0.087037 0.0145833 0.0296296 0.00177691
9 0.5625 0.05 0.01875 0.0259259 0.00201295
7 0.970573 0.52037 0.0578125 0.185185 0.00201808
2 0.782031 0.102778 0.0348958 0.0518519 0.00203623
9 0.559115 0.0291667 0.0223958 0.0527778 0.00205026
7 0.989583 0.516667 0.0197917 0.181481 0.00206735
9 0.263542 0.0856481 0.00833333 0.0324074 0.00215105
11 0.23724 0.0675926 0.0161458 0.0425926 0.00244144
2 0.217969 0.137963 0.0598958 0.0481481 0.00247558
2 0.505729 0.114352 0.367708 0.075 0.00258803
9 0.5 0.604167 0.0145833 0.0398148 0.00276551
2 0.267448 0.0976852 0.0109375 0.0509259 0.00304938
12 0.702344 0.135648 0.0234375 0.0805556 0.00318554
2 0.466927 0.0226852 0.0223958 0.0231481 0.00321988
2 0.450521 0.114352 0.134375 0.0601852 0.00329108
1 0.00390625 0.40787 0.0078125 0.087963 0.00330016
9 0.992708 0.494444 0.0135417 0.122222 0.00386844
9 0.576042 0.0324074 0.015625 0.0611111 0.00398703
12 0.701823 0.159722 0.0234375 0.0453704 0.00419213
9 0.583073 0.0384259 0.0119792 0.0472222 0.00447307
2 0.365885 0.113426 0.139062 0.0657407 0.00454852
2 0.647135 0.147222 0.0338542 0.0611111 0.00528003
2 0.346094 0.109259 0.0161458 0.0444444 0.00551527
58 0.442187 0.0861111 0.0125 0.0259259 0.00585319
12 0.993229 0.496759 0.0125 0.128704 0.00621144
12 0.693229 0.162963 0.00729167 0.0388889 0.00694146
0 0.756771 0.0875 0.0135417 0.0694444 0.0122067
11 0.60625 0.0601852 0.0104167 0.0240741 0.0134509
2 0.271354 0.111111 0.0135417 0.037037 0.0143006
2 0.789844 0.0875 0.0213542 0.025 0.0152615
0 0.995573 0.330093 0.0078125 0.0509259 0.0185795
9 0.570833 0.0314815 0.0135417 0.0592593 0.0199483
7 0.220313 0.0643518 0.05 0.0675926 0.0201703
2 0.238281 0.141667 0.0182292 0.0388889 0.0204828
9 0.26875 0.0347222 0.0208333 0.0657407 0.0260639
2 0.592708 0.126852 0.0177083 0.0222222 0.031269
2 0.489323 0.107407 0.0161458 0.05 0.0315573
2 0.635156 0.146296 0.0109375 0.0537037 0.0353783
5 0.220052 0.0652778 0.0484375 0.0601852 0.0387366
9 0.502344 0.760648 0.0119792 0.0546296 0.0499079
2 0.29375 0.106481 0.0302083 0.0814815 0.0506029
7 0.297135 0.106481 0.0380208 0.0833333 0.101789
9 0.567187 0.0486111 0.00833333 0.025 0.137088
2 0.46276 0.114815 0.0140625 0.0333333 0.214407
7 0.361979 0.0583333 0.05 0.0351852 0.218456
2 0.479167 0.109722 0.0208333 0.0453704 0.275847
2 0.361979 0.0587963 0.05 0.0324074 0.284395
2 0.627344 0.122222 0.0255208 0.0518519 0.331461
2 0.322917 0.0865741 0.0375 0.037963 0.34884
7 0.505729 0.104167 0.04375 0.0638889 0.420095
2 0.505729 0.104167 0.04375 0.062037 0.429696
2 0.31849 0.122222 0.0505208 0.0703704 0.659803
2 0.368229 0.1125 0.034375 0.0398148 0.732288
2 0.425 0.112963 0.03125 0.0333333 0.749093
10 0.204167 0.315741 0.015625 0.0722222 0.786763
11 0.728906 0.0430556 0.0265625 0.0583333 0.805428
2 0.729688 0.419907 0.122917 0.169444 0.898095
