9 0.236719 0.0726852 0.0192708 0.0546296 0.00100205
0 0.438802 0.328241 0.809896 0.634259 0.00100814
9 0.816927 0.234722 0.00885417 0.0416667 0.00103361
11 0.239323 0.0365741 0.0234375 0.0712963 0.00103569
0 0.444531 0.664815 0.768229 0.594444 0.00103758
14 0.48151 0.490741 0.0130208 0.0277778 0.00104087
12 0.693229 0.162037 0.00729167 0.0407407 0.0011035
2 0.813542 0.0773148 0.0166667 0.0194444 0.0011158
2 0.0122396 0.362037 0.0244792 0.05 0.00112085
2 0.46224 0.114352 0.0140625 0.0398148 0.00112869
2 0.753646 0.156481 0.0125 0.0203704 0.00114603
0 0.45 0.505556 0.854167 0.240741 0.00115791
2 0.291406 0.0740741 0.0182292 0.0222222 0.00123718
2 0.655729 0.138426 0.08125 0.0842593 0.00125844
12 0.702604 0.130093 0.0229167 0.0694444 0.00130554
2 0.464583 0.487963 0.74375 0.216667 0.00131059
32 0.454167 0.315278 0.00833333 0.0138889 0.00131089
58 0.968229 0.496296 0.0302083 0.0851852 0.00132735
9 0.254427 0.0842593 0.0171875 0.0388889 0.00144687
0 0.714844 0.363426 0.0265625 0.0361111 0.00149554
0 0.995833 0.329167 0.00729167 0.0546296 0.00160553
2 0.539062 0.113889 0.222917 0.087037 0.00160829
13 0.99349 0.517593 0.0119792 0.168519 0.00161383
7 0.290365 0.100463 0.0880208 0.106481 0.00167449
2 0.536719 0.425926 0.552604 0.187037 0.0017607
12 0.702344 0.160185 0.0234375 0.0444444 0.00182426
7 0.220052 0.0907407 0.0536458 0.125926 0.00189056
0 0.0135417 0.391667 0.0270833 0.122222 0.00199996
9 0.258073 0.075 0.0140625 0.05 0.00209492
32 0.460677 0.356944 0.0109375 0.0157407 0.00211676
7 0.788281 0.0662037 0.0255208 0.0638889 0.00223621
13 0.971354 0.519444 0.05625 0.174074 0.00240487
2 0.0265625 0.350463 0.0510417 0.025 0.002477
0 0.367969 0.442593 0.0265625 0.0333333 0.00251523
9 0.2625 0.0893519 0.00833333 0.0435185 0.00256689
2 0.0135417 0.39213 0.0270833 0.121296 0.00284851
2 0.910156 0.492593 0.0234375 0.0277778 0.00287637
0 0.263281 0.100926 0.00885417 0.0574074 0.00306236
0 0.346875 0.443056 0.0114583 0.0342593 0.00314997
2 0.363542 0.0685185 0.0114583 0.0203704 0.00316473
0 0.730469 0.372222 0.0255208 0.0296296 0.00322684
0 0.756771 0.373611 0.0197917 0.0305556 0.00327698
2 0.592188 0.125463 0.0177083 0.025 0.00353477
9 0.502083 0.759259 0.0135417 0.0574074 0.00353978
0 0.267188 0.0990741 0.0114583 0.0592593 0.0037217
0 0.443229 0.0990741 0.0166667 0.05 0.00374183
2 0.0263021 0.364352 0.0515625 0.0583333 0.00383294
2 0.432552 0.111111 0.317187 0.0925926 0.00387685
0 0.75599 0.0902778 0.0140625 0.075 0.00393952
0 0.757552 0.0736111 0.00989583 0.0435185 0.00400018
11 0.23724 0.0694444 0.0171875 0.0462963 0.00407178
9 0.584635 0.0402778 0.0161458 0.0472222 0.00417347
2 0.270833 0.108333 0.0135417 0.0425926 0.00447833
0 0.357812 0.442593 0.0270833 0.0333333 0.00450199
0 0.329688 0.443519 0.0302083 0.037037 0.00462864
7 0.276563 0.0699074 0.040625 0.136111 0.00465193
9 0.276302 0.0388889 0.0390625 0.0759259 0.00465659
2 0.238281 0.14213 0.0192708 0.0398148 0.00569241
2 0.302083 0.0837963 0.0322917 0.037963 0.00669987
13 0.9625 0.556481 0.0395833 0.0462963 0.00671609
9 0.207292 0.0680556 0.021875 0.0416667 0.00732217
9 0.573177 0.0310185 0.0140625 0.0583333 0.007525
12 0.994531 0.497222 0.00989583 0.135185 0.00778472
9 0.294271 0.0523148 0.009375 0.0435185 0.0078422
0 0.443229 0.0865741 0.0135417 0.0287037 0.00998202
2 0.605729 0.0611111 0.0104167 0.0240741 0.00999347
2 0.0046875 0.556944 0.009375 0.0416667 0.0113808
5 0.220833 0.0685185 0.0510417 0.0574074 0.0138555
0 0.71276 0.373148 0.0203125 0.0240741 0.0160921
2 0.785937 0.0893519 0.0145833 0.0231481 0.0188634
7 0.220573 0.0689815 0.0505208 0.0601852 0.0197452
2 0.488021 0.106944 0.0145833 0.0509259 0.0219431
0 0.634896 0.147685 0.009375 0.0490741 0.0345109
9 0.26849 0.0310185 0.0223958 0.0583333 0.0354259
2 0.00416667 0.409722 0.00833333 0.087963 0.0381849
9 0.566927 0.0476852 0.0078125 0.0231481 0.0440791
2 0.634635 0.146296 0.0109375 0.0537037 0.0478482
0 0.00416667 0.394907 0.00833333 0.117593 0.0535329
2 0.29349 0.10787 0.0296875 0.0824074 0.0754533
7 0.296875 0.106944 0.0375 0.0842593 0.091239
2 0.471875 0.110185 0.03125 0.0444444 0.275796
2 0.322656 0.087963 0.0369792 0.037037 0.341203
2 0.627083 0.121759 0.025 0.0509259 0.415462
2 0.50599 0.104167 0.0432292 0.062037 0.549299
2 0.31849 0.121296 0.0505208 0.0703704 0.708596
2 0.42474 0.0634259 0.0494792 0.037963 0.751269
10 0.203906 0.316204 0.0161458 0.0712963 0.794386
11 0.728906 0.0435185 0.0276042 0.0574074 0.794987
2 0.729688 0.418981 0.122917 0.171296 0.908299
2 0.347396 0.493519 0.134375 0.196296 0.934182
