9 0.444271 0.238426 0.009375 0.025 0.00100301
1 0.00494792 0.366667 0.00989583 0.0685185 0.0010115
2 0.654167 0.149074 0.0489583 0.0666667 0.00102676
12 0.702083 0.139352 0.0229167 0.0842593 0.00103295
9 0.548177 0.0597222 0.0109375 0.025 0.0010775
2 0.798958 0.0833333 0.03125 0.0259259 0.00117066
2 0.789062 0.106019 0.0489583 0.0546296 0.00123618
9 0.260677 0.0509259 0.0130208 0.0407407 0.00128355
9 0.292448 0.0523148 0.00885417 0.0416667 0.00128557
2 0.573698 0.425463 0.670313 0.180556 0.00129329
9 0.361979 0.0694444 0.009375 0.0240741 0.00129869
0 0.524479 0.288889 0.54375 0.466667 0.00131922
11 0.255469 0.0865741 0.0192708 0.0361111 0.00135649
2 0.565104 0.109259 0.321875 0.0740741 0.00136074
2 0.0046875 0.557407 0.009375 0.0425926 0.0014858
2 0.444271 0.100926 0.01875 0.0481481 0.0014994
2 0.771875 0.112037 0.0145833 0.0259259 0.00150374
0 0.995573 0.329167 0.0078125 0.0546296 0.00155326
9 0.415625 0.0087963 0.015625 0.0175926 0.0016202
9 0.577865 0.0333333 0.0151042 0.0611111 0.00164704
13 0.98776 0.519444 0.0234375 0.17963 0.00166165
7 0.970573 0.527315 0.0578125 0.210185 0.00173992
2 0.408594 0.10787 0.279687 0.0787037 0.00176837
13 0.970312 0.53287 0.0583333 0.160185 0.00181395
2 0.776823 0.106481 0.0244792 0.0388889 0.00183878
7 0.147135 0.0888889 0.0651042 0.0777778 0.00184556
9 0.272917 0.0421296 0.0322917 0.0824074 0.00206735
7 0.789583 0.0634259 0.028125 0.0638889 0.00213443
2 0.453125 0.108333 0.11875 0.062963 0.00214609
58 0.96849 0.49537 0.0307292 0.0925926 0.00216315
9 0.429427 0.0425926 0.0078125 0.0185185 0.00219636
11 0.236979 0.0703704 0.0177083 0.0462963 0.0022439
7 0.991146 0.516667 0.0166667 0.183333 0.00241827
9 0.582031 0.037963 0.0109375 0.05 0.00242777
9 0.5 0.603704 0.0145833 0.0425926 0.00259857
26 0.252865 0.264352 0.0223958 0.0675926 0.00264431
9 0.502604 0.759722 0.0135417 0.0546296 0.00272287
0 0.717969 0.37037 0.0244792 0.0296296 0.00272482
1 0.236458 0.317593 0.0395833 0.1 0.00284269
9 0.990885 0.516667 0.0171875 0.172222 0.00299083
2 0.238281 0.14213 0.0192708 0.037963 0.00322512
2 0.817448 0.23287 0.00885417 0.0453704 0.00390964
2 0.442448 0.0865741 0.0130208 0.0268519 0.00400729
9 0.269271 0.05 0.0208333 0.0407407 0.00405222
11 0.60599 0.0606481 0.00885417 0.025 0.00439017
9 0.567187 0.0319444 0.0125 0.0564815 0.00453041
9 0.263021 0.0912037 0.00833333 0.0435185 0.00491247
0 0.265625 0.0990741 0.0104167 0.0555556 0.0057065
9 0.441146 0.226852 0.0125 0.0296296 0.00578018
0 0.756771 0.0865741 0.0125 0.0694444 0.00610989
24 0.247396 0.255093 0.0229167 0.0527778 0.00625539
2 0.26901 0.10787 0.0109375 0.0416667 0.00629585
9 0.439583 0.200926 0.0135417 0.0407407 0.00661324
9 0.442187 0.0875 0.0125 0.0268519 0.00801718
2 0.814062 0.075 0.01875 0.0185185 0.00992481
10 0.222135 0.313889 0.0192708 0.0907407 0.0099389
12 0.99349 0.512963 0.0119792 0.166667 0.0108021
9 0.269271 0.0240741 0.0208333 0.0444444 0.0133947
2 0.785417 0.0888889 0.0135417 0.0222222 0.01665
7 0.219792 0.0643518 0.0510417 0.0638889 0.0221569
2 0.635156 0.14537 0.0109375 0.0537037 0.0260643
5 0.211979 0.0625 0.034375 0.0601852 0.0313656
2 0.592448 0.126389 0.0182292 0.0231481 0.0318218
0 0.635417 0.147222 0.009375 0.0518519 0.0350413
9 0.567187 0.0481481 0.00833333 0.0222222 0.0508449
2 0.3 0.105556 0.0364583 0.0796296 0.0861046
7 0.297917 0.105093 0.0364583 0.0805556 0.137008
2 0.464063 0.110648 0.015625 0.0416667 0.230664
2 0.627344 0.121296 0.0255208 0.05 0.26934
2 0.322396 0.0856481 0.0364583 0.0342593 0.343523
1 0.249479 0.324074 0.0197917 0.0851852 0.367708
7 0.50625 0.104167 0.0427083 0.0638889 0.369482
2 0.479948 0.109259 0.0213542 0.0462963 0.371074
2 0.50599 0.10463 0.0421875 0.062963 0.447141
2 0.31875 0.120833 0.05 0.0712963 0.706962
10 0.203906 0.316667 0.0171875 0.0722222 0.773254
0 0.248958 0.289352 0.0260417 0.136111 0.77796
11 0.729167 0.0435185 0.0270833 0.0574074 0.802365
2 0.729427 0.419444 0.122396 0.172222 0.910605
