12 0.695833 0.1625 0.009375 0.0398148 0.00102988
9 0.548177 0.0513889 0.0119792 0.0268519 0.00103129
0 0.756771 0.374074 0.0208333 0.0333333 0.00107569
0 0.741146 0.37037 0.0229167 0.0333333 0.00107963
7 0.236719 0.0768519 0.0192708 0.0611111 0.00109499
2 0.470573 0.0805556 0.0276042 0.0462963 0.00113214
5 0.416927 0.0194444 0.0171875 0.037037 0.00117683
32 0.454167 0.315741 0.00833333 0.0148148 0.00120489
12 0.702083 0.137037 0.0229167 0.0814815 0.00135718
7 0.98776 0.523611 0.0234375 0.193519 0.00137505
2 0.784115 0.103704 0.0390625 0.0574074 0.00140015
0 0.496615 0.0722222 0.0161458 0.0203704 0.00143861
2 0.969271 0.506944 0.0541667 0.147222 0.00145062
1 0.0143229 0.360648 0.0286458 0.0824074 0.00149869
9 0.559375 0.0291667 0.0208333 0.0509259 0.00150161
9 0.207292 0.0680556 0.021875 0.0416667 0.00158055
2 0.580469 0.422222 0.578646 0.17963 0.00159145
2 0.53099 0.111574 0.0140625 0.0435185 0.00161919
1 0.00572917 0.359722 0.0114583 0.0842593 0.00164061
9 0.258333 0.0740741 0.0135417 0.0518519 0.00172298
9 0.440885 0.225 0.00885417 0.0148148 0.00178347
2 0.53724 0.110648 0.00989583 0.0453704 0.00188508
2 0.0236979 0.363426 0.0473958 0.0509259 0.00188572
9 0.995313 0.532407 0.00833333 0.0407407 0.0018978
2 0.811979 0.0773148 0.01875 0.0175926 0.00203706
9 0.5 0.603704 0.0145833 0.0407407 0.00210382
7 0.279948 0.075463 0.0328125 0.141667 0.0021654
9 0.561979 0.050463 0.0197917 0.025 0.00224142
2 0.297135 0.101389 0.0786458 0.0972222 0.00225487
9 0.252865 0.0875 0.0140625 0.0342593 0.00228799
7 0.788802 0.0657407 0.0265625 0.0611111 0.00237309
2 0.961979 0.553704 0.0385417 0.0407407 0.0026045
2 0.794271 0.0837963 0.0291667 0.0268519 0.00267266
12 0.989323 0.500463 0.0203125 0.132407 0.00282027
9 0.416146 0.0148148 0.0166667 0.0296296 0.00284061
12 0.702083 0.164352 0.0208333 0.037963 0.00286272
2 0.392969 0.105556 0.231771 0.0925926 0.00286525
0 0.26276 0.104167 0.00885417 0.0509259 0.00288515
0 0.714583 0.371296 0.025 0.0296296 0.00290687
9 0.990625 0.501852 0.0177083 0.138889 0.00294299
9 0.36276 0.0699074 0.00989583 0.0231481 0.00308879
2 0.00520833 0.0935185 0.0104167 0.0462963 0.00312658
9 0.176563 0.510648 0.0375 0.0416667 0.00316525
2 0.428385 0.099537 0.101562 0.0712963 0.00346439
2 0.546875 0.103704 0.191667 0.0685185 0.00365822
9 0.270052 0.0532407 0.0203125 0.0324074 0.00366048
2 0.26901 0.0583333 0.0182292 0.0296296 0.00374946
9 0.270052 0.0319444 0.0244792 0.062037 0.00382674
11 0.236979 0.0694444 0.0177083 0.0444444 0.00386124
9 0.588542 0.0402778 0.0145833 0.0472222 0.00388487
2 0.0552083 0.0671296 0.04375 0.0324074 0.00404856
2 0.0346354 0.0671296 0.0223958 0.025 0.0040811
2 0.238542 0.107407 0.0177083 0.0407407 0.0043129
2 0.416406 0.0162037 0.0171875 0.0324074 0.00457535
9 0.439063 0.198148 0.0114583 0.0388889 0.00460998
2 0.0046875 0.377778 0.009375 0.0537037 0.00494737
2 0.00963542 0.369907 0.0192708 0.0657407 0.0052943
2 0.238802 0.140741 0.0192708 0.0425926 0.00552102
12 0.994531 0.495833 0.00989583 0.130556 0.00638987
2 0.49375 0.099537 0.0260417 0.0509259 0.00664489
2 0.635156 0.143519 0.0109375 0.0462963 0.00777701
1 0.0119792 0.393981 0.0239583 0.115741 0.00823686
0 0.635417 0.147685 0.009375 0.0509259 0.00885876
9 0.583854 0.0365741 0.0135417 0.0546296 0.00920217
2 0.363802 0.0685185 0.0119792 0.0222222 0.00988909
0 0.755729 0.0884259 0.0135417 0.0694444 0.0099059
13 0.00442708 0.397685 0.00885417 0.106481 0.0106791
13 0.0145833 0.395833 0.0291667 0.113889 0.0124199
5 0.220573 0.0740741 0.0505208 0.0796296 0.0137899
9 0.574219 0.0310185 0.0151042 0.0601852 0.0148497
9 0.502344 0.759259 0.0130208 0.0555556 0.0148875
9 0.269792 0.0199074 0.0197917 0.0342593 0.0166239
11 0.60625 0.0601852 0.0104167 0.0240741 0.0168563
2 0.270833 0.106019 0.0145833 0.0472222 0.0177358
0 0.444271 0.0944444 0.01875 0.05 0.0220508
2 0.592448 0.128241 0.0171875 0.0212963 0.0241531
2 0.786198 0.087963 0.0151042 0.0240741 0.0335091
7 0.220573 0.0662037 0.0505208 0.0731481 0.0393001
2 0.458333 0.0861111 0.0385417 0.0407407 0.0408102
2 0.463021 0.111111 0.0166667 0.0407407 0.0471724
0 0.442969 0.0819444 0.0130208 0.0268519 0.048926
9 0.567448 0.0481481 0.0078125 0.0240741 0.103452
2 0.322135 0.087963 0.0390625 0.0351852 0.223953
2 0.299219 0.106481 0.0390625 0.0796296 0.308996
2 0.467708 0.0708333 0.0208333 0.0287037 0.341051
2 0.474219 0.107407 0.0359375 0.0481481 0.409463
2 0.627344 0.121759 0.0255208 0.0509259 0.421829
2 0.432292 0.0703704 0.021875 0.037037 0.434463
2 0.505729 0.104167 0.0427083 0.062037 0.625063
2 0.31849 0.12037 0.0505208 0.0722222 0.702378
10 0.204167 0.316667 0.0166667 0.0722222 0.770426
11 0.729688 0.0425926 0.0270833 0.0555556 0.787587
2 0.729688 0.419444 0.122917 0.172222 0.917955
