9 0.566406 0.0550926 0.0109375 0.037963 0.00100319
2 0.522917 0.0847222 0.0270833 0.0527778 0.00105803
0 0.73151 0.371296 0.0265625 0.0314815 0.00106315
7 0.275781 0.0393519 0.0380208 0.0768519 0.001075
12 0.689323 0.166204 0.0130208 0.037963 0.00108085
9 0.3625 0.0685185 0.009375 0.0259259 0.00108971
7 0.293229 0.0800926 0.0479167 0.128704 0.00123113
0 0.0541667 0.114815 0.0114583 0.05 0.00123738
9 0.559375 0.0291667 0.021875 0.0527778 0.00126693
2 0.779167 0.103241 0.028125 0.0490741 0.00128508
2 0.532292 0.102778 0.0177083 0.0666667 0.00128914
9 0.416146 0.012037 0.0166667 0.0240741 0.00140697
9 0.258854 0.074537 0.0135417 0.0527778 0.00157309
2 0.442708 0.0888889 0.0135417 0.0314815 0.00157929
1 0.0135417 0.361574 0.0270833 0.0824074 0.00158816
2 0.486198 0.103241 0.0265625 0.0583333 0.00160822
2 0.961719 0.554167 0.0380208 0.0398148 0.00163864
2 0.775781 0.119907 0.0203125 0.0398148 0.00164858
9 0.441146 0.225 0.009375 0.0166667 0.00165216
2 0.794271 0.0842593 0.0291667 0.0259259 0.00168307
2 0.335677 0.0791667 0.0223958 0.0324074 0.00170411
12 0.692969 0.161574 0.0078125 0.0435185 0.00172225
2 0.580729 0.422685 0.5875 0.180556 0.00178758
9 0.253125 0.0861111 0.0145833 0.037037 0.00179533
9 0.561979 0.050463 0.01875 0.0231481 0.0018606
9 0.176563 0.510648 0.0375 0.0416667 0.0019679
0 0.26276 0.106481 0.00885417 0.0462963 0.00201926
9 0.50026 0.60463 0.0151042 0.0407407 0.00203464
2 0.559896 0.111574 0.186458 0.0787037 0.00205346
2 0.811979 0.0773148 0.0177083 0.0175926 0.00220693
12 0.702344 0.136574 0.0234375 0.0805556 0.00223632
11 0.236979 0.0689815 0.0177083 0.0453704 0.00225902
2 0.363802 0.0675926 0.0119792 0.0222222 0.00231564
10 0.442448 0.0976852 0.0171875 0.0509259 0.00238488
9 0.208073 0.0666667 0.0244792 0.0462963 0.00243552
9 0.582552 0.037963 0.0140625 0.05 0.00251064
12 0.702083 0.164352 0.0208333 0.037963 0.00251852
1 0.00546875 0.360185 0.0109375 0.0833333 0.00265585
2 0.294271 0.105093 0.0635417 0.0953704 0.00306601
12 0.988802 0.503704 0.0192708 0.137037 0.003199
2 0.400521 0.108796 0.251042 0.0768519 0.00336858
0 0.714844 0.370833 0.0244792 0.0287037 0.00341901
2 0.034375 0.0680556 0.0208333 0.0212963 0.0036751
2 0.240104 0.106944 0.0177083 0.0361111 0.00376891
5 0.21849 0.0666667 0.0463542 0.062963 0.00391573
2 0.00520833 0.0921296 0.0104167 0.0453704 0.00395438
2 0.00598958 0.368519 0.0119792 0.0648148 0.00407246
2 0.513542 0.106944 0.0979167 0.0564815 0.00418236
9 0.43776 0.200463 0.00885417 0.037963 0.00454386
9 0.845833 0.177315 0.00625 0.0268519 0.00492314
9 0.269531 0.0194444 0.0213542 0.0351852 0.00497204
2 0.0580729 0.0680556 0.0369792 0.0305556 0.00522876
0 0.75599 0.0856481 0.0130208 0.062037 0.00552336
2 0.270312 0.0527778 0.01875 0.0333333 0.00630587
2 0.238542 0.141204 0.01875 0.0416667 0.00645189
9 0.573177 0.0305556 0.0140625 0.0592593 0.00726823
1 0.00989583 0.393981 0.0197917 0.117593 0.00893115
2 0.592708 0.127315 0.0177083 0.0231481 0.0107443
13 0.0140625 0.394444 0.028125 0.114815 0.0110063
12 0.994792 0.506944 0.009375 0.15463 0.0118097
0 0.635677 0.148148 0.00989583 0.05 0.0121271
2 0.635417 0.146296 0.0104167 0.05 0.0122533
11 0.60651 0.0601852 0.00989583 0.0240741 0.0140054
13 0.00442708 0.397222 0.00885417 0.107407 0.0145817
10 0.442708 0.0884259 0.0125 0.0305556 0.0205698
2 0.271875 0.10787 0.0145833 0.0435185 0.021458
9 0.502344 0.759259 0.0130208 0.0555556 0.0221879
2 0.785677 0.0888889 0.0140625 0.0240741 0.0254803
7 0.21901 0.0643518 0.0484375 0.0638889 0.0323414
2 0.304948 0.0828704 0.0338542 0.0583333 0.0400023
2 0.46224 0.114352 0.0140625 0.0342593 0.0457036
9 0.567187 0.0476852 0.00833333 0.0231481 0.0703187
2 0.323698 0.0865741 0.0369792 0.0342593 0.107479
2 0.53151 0.0842593 0.0161458 0.0351852 0.237629
2 0.294531 0.109259 0.0296875 0.0777778 0.258018
2 0.474479 0.108796 0.0364583 0.0472222 0.412499
2 0.30599 0.0587963 0.0296875 0.0305556 0.424916
2 0.627344 0.121296 0.0255208 0.05 0.444173
2 0.50651 0.103704 0.0411458 0.062963 0.650129
2 0.31849 0.12037 0.0505208 0.0722222 0.725753
10 0.204167 0.316667 0.0166667 0.0722222 0.744499
11 0.729427 0.0430556 0.0265625 0.0564815 0.78532
2 0.729688 0.419444 0.122917 0.172222 0.916176
