2 0.27474 0.110648 0.0244792 0.0601852 0.00101066
9 0.577344 0.0337963 0.0151042 0.0657407 0.00104452
13 0.0140625 0.394444 0.028125 0.116667 0.00108564
2 0.227604 0.104167 0.0333333 0.0416667 0.0011497
2 0.238802 0.106481 0.0203125 0.0351852 0.00121717
12 0.702604 0.130556 0.0229167 0.0666667 0.00122064
9 0.56276 0.05 0.0192708 0.0240741 0.00124027
2 0.663021 0.167593 0.0364583 0.05 0.00129287
0 0.263281 0.100463 0.00989583 0.0564815 0.00140862
12 0.702344 0.164352 0.0192708 0.037963 0.00140869
0 0.592448 0.119444 0.0161458 0.0351852 0.00141799
9 0.2375 0.0759259 0.0177083 0.0555556 0.00142291
2 0.576042 0.424537 0.739583 0.189815 0.00143032
9 0.591927 0.0421296 0.0109375 0.037963 0.00160876
0 0.75651 0.375 0.0192708 0.0296296 0.00164653
2 0.655208 0.139815 0.08125 0.0851852 0.00171652
2 0.00755208 0.117593 0.0151042 0.107407 0.00172341
9 0.278646 0.0736111 0.034375 0.141667 0.00173288
11 0.240104 0.037963 0.021875 0.0740741 0.00181683
1 0.00364583 0.4 0.00729167 0.1 0.00188959
1 0.0140625 0.366204 0.028125 0.0490741 0.00190838
9 0.21875 0.104167 0.009375 0.0416667 0.0019631
12 0.966667 0.498148 0.0260417 0.0777778 0.00202753
2 0.774219 0.118056 0.0182292 0.0361111 0.00210934
9 0.416406 0.0175926 0.0171875 0.0351852 0.00211678
2 0.592188 0.123148 0.0166667 0.0296296 0.00237575
2 0.496615 0.113889 0.451562 0.0944444 0.00245966
0 0.00390625 0.395833 0.0078125 0.112037 0.00246418
0 0.756771 0.118056 0.0125 0.0342593 0.00247911
2 0.363542 0.0671296 0.0125 0.0231481 0.00255107
2 0.219531 0.137963 0.0578125 0.0481481 0.00264223
9 0.989844 0.500463 0.0192708 0.132407 0.00268832
2 0.290625 0.1 0.078125 0.0962963 0.00274815
0 0.101562 0.131944 0.0177083 0.0324074 0.00287377
7 0.970833 0.525463 0.0572917 0.197222 0.00294606
0 0.732292 0.371759 0.0260417 0.0287037 0.00324266
0 0.444531 0.0976852 0.0213542 0.0546296 0.00327909
2 0.0559896 0.0717593 0.0401042 0.0268519 0.00335415
2 0.604688 0.0601852 0.0125 0.0277778 0.00359082
5 0.213802 0.0601852 0.0348958 0.0574074 0.00362419
2 0.783073 0.0925926 0.0130208 0.0185185 0.00369494
9 0.114063 0.024537 0.0166667 0.0416667 0.00375087
9 0.291667 0.0703704 0.0114583 0.0166667 0.00446411
0 0.709896 0.373148 0.01875 0.0259259 0.00460681
9 0.266146 0.0953704 0.0114583 0.0518519 0.0046899
2 0.00598958 0.0944444 0.0119792 0.0537037 0.00484332
2 0.653646 0.151852 0.046875 0.0685185 0.00495629
2 0.634635 0.14537 0.0119792 0.0574074 0.00501865
9 0.208073 0.0675926 0.0213542 0.0407407 0.00519397
2 0.383073 0.109722 0.183854 0.0805556 0.00556721
9 0.29349 0.0569444 0.00989583 0.0398148 0.0056173
5 0.219531 0.0800926 0.0526042 0.0712963 0.00570918
2 0.614062 0.087963 0.0416667 0.0888889 0.00617948
9 0.566406 0.0314815 0.0140625 0.0574074 0.00636915
9 0.21849 0.0513889 0.0223958 0.0398148 0.00643893
0 0.361979 0.0689815 0.009375 0.0287037 0.00646398
0 0.75599 0.0916667 0.0151042 0.0814815 0.00671916
9 0.252344 0.0856481 0.0130208 0.0361111 0.00699489
9 0.258333 0.075463 0.0125 0.0546296 0.00738169
9 0.220052 0.0888889 0.00989583 0.0148148 0.00792842
12 0.973698 0.493056 0.0401042 0.113889 0.00804944
7 0.219271 0.0712963 0.053125 0.0740741 0.00823708
12 0.994792 0.488426 0.009375 0.117593 0.00852031
11 0.2375 0.0689815 0.0166667 0.0435185 0.00858656
0 0.717188 0.370833 0.0208333 0.0268519 0.00956697
9 0.263021 0.0875 0.0104167 0.037963 0.0103057
2 0.238542 0.140278 0.0197917 0.0416667 0.0105235
2 0.270833 0.109722 0.0135417 0.037963 0.0131819
2 0.461458 0.1125 0.0125 0.0361111 0.0216225
9 0.502604 0.759259 0.0114583 0.0574074 0.0235878
9 0.500521 0.602315 0.015625 0.0398148 0.0263366
9 0.567187 0.0476852 0.009375 0.0231481 0.0461943
0 0.442969 0.0805556 0.0140625 0.0314815 0.0499891
2 0.294271 0.108796 0.0302083 0.0805556 0.128652
2 0.40651 0.062963 0.0203125 0.0277778 0.149109
9 0.269531 0.0356481 0.0223958 0.0657407 0.195186
2 0.322396 0.0851852 0.0385417 0.0333333 0.305257
2 0.473698 0.108333 0.0338542 0.0444444 0.427054
2 0.627604 0.123148 0.025 0.0537037 0.454303
2 0.50599 0.103704 0.0442708 0.062963 0.542875
2 0.428385 0.0625 0.0442708 0.0361111 0.709806
2 0.31901 0.120833 0.0505208 0.0712963 0.746719
11 0.729688 0.0430556 0.0270833 0.0546296 0.792379
10 0.203906 0.314815 0.0161458 0.0685185 0.794101
2 0.391146 0.104167 0.04375 0.0564815 0.813554
2 0.730208 0.419444 0.121875 0.172222 0.913394
