0 0.255729 0.129167 0.015625 0.0601852 0.00102307
9 0.438542 0.192593 0.015625 0.0388889 0.00116443
0 0.258594 0.1 0.0171875 0.0814815 0.00122795
9 0.567187 0.0314815 0.0145833 0.0592593 0.00125147
12 0.993229 0.519444 0.0125 0.17037 0.00128468
0 0.547396 0.293519 0.0291667 0.037037 0.00133721
0 0.527865 0.322685 0.0161458 0.0398148 0.00136013
2 0.646615 0.402315 0.343229 0.210185 0.00137232
11 0.219792 0.062963 0.0541667 0.0685185 0.00137556
2 0.748438 0.174537 0.028125 0.0361111 0.00140247
7 0.971094 0.532407 0.0567708 0.203704 0.00145858
9 0.26875 0.062963 0.0166667 0.0388889 0.00160484
2 0.560938 0.10787 0.352083 0.0712963 0.00178271
0 0.757031 0.0930556 0.0140625 0.0805556 0.00179586
9 0.260156 0.0384259 0.0119792 0.0583333 0.00180913
0 0.114844 0.109722 0.0119792 0.0398148 0.00185892
5 0.220573 0.0810185 0.0130208 0.0287037 0.00194375
2 0.775 0.114352 0.01875 0.0268519 0.0019868
2 0.531771 0.112963 0.0135417 0.0407407 0.00205836
2 0.363281 0.0680556 0.0119792 0.0231481 0.00206877
2 0.413281 0.111574 0.301562 0.0861111 0.00214996
2 0.463281 0.112963 0.0161458 0.0425926 0.00217292
1 0.00390625 0.388426 0.0078125 0.121296 0.00218914
11 0.240625 0.0333333 0.0229167 0.062963 0.00254044
7 0.21849 0.0944444 0.0567708 0.111111 0.00255546
9 0.971875 0.526389 0.0552083 0.184259 0.00281711
11 0.235938 0.0694444 0.0197917 0.0462963 0.00291285
7 0.301562 0.106019 0.078125 0.087963 0.00302842
13 0.00364583 0.406019 0.00729167 0.0972222 0.00305076
32 0.454688 0.315278 0.00729167 0.0138889 0.00319855
2 0.266406 0.0967593 0.0119792 0.0564815 0.00322024
0 0.00364583 0.404167 0.00729167 0.0990741 0.00336414
2 0.238802 0.137037 0.0203125 0.05 0.00340822
0 0.730208 0.371296 0.034375 0.0314815 0.00373088
2 0.43099 0.109259 0.178646 0.0648148 0.00395196
0 0.757552 0.375 0.0182292 0.0277778 0.00409147
0 0.559375 0.292593 0.0208333 0.0314815 0.00432083
9 0.26224 0.0888889 0.00885417 0.0425926 0.00472813
0 0.2625 0.102315 0.009375 0.0564815 0.00496097
0 0.571615 0.293519 0.0203125 0.0314815 0.00501088
9 0.416146 0.0115741 0.0166667 0.0231481 0.00504248
9 0.270312 0.0449074 0.0197917 0.0435185 0.00504388
1 0.810156 0.338889 0.0213542 0.0925926 0.00553753
9 0.265365 0.0347222 0.0151042 0.0638889 0.00580275
2 0.661979 0.150463 0.0666667 0.075 0.00605169
2 0.634896 0.145833 0.0114583 0.0490741 0.00643543
0 0.566406 0.725463 0.172396 0.521296 0.00664887
9 0.25625 0.0805556 0.0104167 0.0481481 0.0070895
9 0.20651 0.0685185 0.0234375 0.0407407 0.00709272
9 0.5 0.602778 0.0145833 0.0388889 0.00733636
2 0.442708 0.0888889 0.0135417 0.0296296 0.00749476
9 0.994792 0.495833 0.009375 0.125 0.00844757
9 0.989583 0.502778 0.0197917 0.133333 0.00897267
2 0.271615 0.109722 0.0140625 0.0398148 0.0105804
0 0.635417 0.149074 0.0104167 0.0481481 0.0111349
10 0.442969 0.0888889 0.0130208 0.0277778 0.0122298
9 0.567448 0.0486111 0.00885417 0.025 0.0122354
9 0.469531 0.412963 0.00989583 0.0277778 0.0123175
11 0.60625 0.0611111 0.009375 0.0240741 0.0146876
9 0.36224 0.0689815 0.00989583 0.0231481 0.0150046
0 0.713802 0.371759 0.0203125 0.025 0.0189693
0 0.442708 0.0990741 0.0145833 0.0481481 0.032871
2 0.592448 0.131019 0.0192708 0.0212963 0.0543488
5 0.21875 0.0675926 0.0541667 0.0518519 0.0557457
9 0.502865 0.760185 0.0119792 0.0555556 0.0838513
2 0.297656 0.109259 0.0359375 0.0851852 0.113129
7 0.297656 0.109259 0.0369792 0.0851852 0.12321
2 0.322396 0.0865741 0.0385417 0.0342593 0.313239
2 0.627865 0.122222 0.0244792 0.0518519 0.318926
2 0.473177 0.110185 0.0338542 0.0444444 0.487097
2 0.505729 0.104167 0.04375 0.062037 0.561883
11 0.729948 0.0439815 0.0265625 0.0583333 0.67204
2 0.319271 0.121296 0.0489583 0.0703704 0.739376
10 0.204167 0.316667 0.0166667 0.0703704 0.741923
2 0.730208 0.419444 0.121875 0.17037 0.915426
2 0.55651 0.334259 0.101562 0.140741 0.926967
