12 0.690365 0.167593 0.0109375 0.0333333 0.00101496
9 0.292188 0.0532407 0.00833333 0.0435185 0.00102909
0 0.522656 0.272685 0.521354 0.415741 0.00107983
2 0.21875 0.136111 0.0604167 0.0537037 0.00115678
2 0.816927 0.0666667 0.0130208 0.012963 0.00116378
0 0.515104 0.156019 0.021875 0.0527778 0.00117644
9 0.114323 0.025463 0.0140625 0.0398148 0.0012169
0 0.756771 0.126389 0.0125 0.0472222 0.00122408
2 0.263281 0.108333 0.00885417 0.0425926 0.00124621
2 0.488542 0.127315 0.0447917 0.0342593 0.00126291
58 0.96875 0.493981 0.0322917 0.0953704 0.00128415
9 0.502344 0.759722 0.0130208 0.0546296 0.00136247
12 0.69401 0.159722 0.00677083 0.0472222 0.00138837
0 0.759635 0.114352 0.0109375 0.0564815 0.0013955
9 0.500781 0.606481 0.0161458 0.0481481 0.00148883
0 0.740625 0.370833 0.025 0.0324074 0.00149046
9 0.578646 0.0324074 0.0177083 0.0611111 0.00149576
7 0.422656 0.109722 0.293229 0.0898148 0.00151048
0 0.730208 0.372222 0.0239583 0.0296296 0.00152694
9 0.589323 0.0412037 0.0130208 0.0361111 0.00160439
2 0.772656 0.114815 0.0161458 0.0296296 0.00167086
2 0.243229 0.10787 0.0135417 0.0342593 0.00173991
7 0.970312 0.515741 0.0583333 0.175926 0.0017698
32 0.459896 0.357407 0.0104167 0.0148148 0.00177158
9 0.416146 0.0106481 0.0166667 0.0212963 0.00184323
9 0.584896 0.0435185 0.0145833 0.037037 0.00187372
2 0.648177 0.148611 0.0369792 0.0583333 0.00192406
0 0.339323 0.0555556 0.0130208 0.0444444 0.0020377
9 0.236719 0.0643518 0.0171875 0.0361111 0.00206768
9 0.108073 0.0305556 0.0119792 0.0351852 0.00207205
2 0.0596354 0.0685185 0.0380208 0.0240741 0.00208278
32 0.454688 0.316204 0.00729167 0.0157407 0.00222114
9 0.258594 0.0685185 0.0109375 0.0407407 0.00222115
7 0.990365 0.517593 0.0182292 0.181481 0.00225587
9 0.260417 0.0490741 0.0114583 0.0481481 0.00226413
2 0.529167 0.108796 0.0114583 0.037963 0.00226482
9 0.273177 0.0398148 0.0328125 0.0759259 0.00227301
9 0.252865 0.0865741 0.0130208 0.0324074 0.00232012
2 0.536198 0.115741 0.00885417 0.0351852 0.00233395
2 0.556771 0.113426 0.190625 0.075 0.00239492
12 0.994792 0.526389 0.009375 0.0657407 0.00241223
2 0.463802 0.108796 0.0536458 0.0509259 0.00242684
2 0.0401042 0.149537 0.0791667 0.0583333 0.00270052
2 0.402865 0.109722 0.264062 0.075 0.00274337
1 0.0434896 0.147222 0.0817708 0.062963 0.00274424
7 0.148438 0.0902778 0.0677083 0.0787037 0.0027596
2 0.472656 0.135185 0.0213542 0.05 0.00285461
9 0.267188 0.1 0.0114583 0.0555556 0.00290201
12 0.702604 0.136111 0.0229167 0.087037 0.00319351
7 0.220052 0.0680556 0.0515625 0.0564815 0.00341957
11 0.23724 0.0680556 0.0171875 0.0416667 0.00342734
2 0.99349 0.51713 0.0119792 0.169444 0.00347893
9 0.571094 0.0314815 0.0130208 0.0592593 0.00356246
2 0.961198 0.556019 0.0390625 0.0435185 0.00358226
0 0.75625 0.373611 0.0197917 0.0305556 0.00365371
2 0.442448 0.0884259 0.0140625 0.0287037 0.00371859
0 0.758594 0.0759259 0.0109375 0.0462963 0.00377907
9 0.26276 0.0865741 0.0078125 0.0324074 0.00389195
2 0.79349 0.0856481 0.0317708 0.0268519 0.00414945
2 0.813021 0.0763889 0.0177083 0.0157407 0.00416624
9 0.994531 0.501389 0.00989583 0.14537 0.00455043
2 0.592188 0.125463 0.0166667 0.025 0.00486295
2 0.780729 0.102315 0.03125 0.0472222 0.00499234
2 0.509635 0.135185 0.0369792 0.0388889 0.00506208
2 0.44375 0.112037 0.021875 0.0333333 0.00516979
11 0.606771 0.0606481 0.0104167 0.025 0.00529698
12 0.99375 0.504167 0.0114583 0.14537 0.00553246
2 0.339323 0.0856481 0.0130208 0.0287037 0.00647845
0 0.756771 0.0930556 0.0145833 0.0805556 0.00662801
0 0.995833 0.327315 0.00729167 0.0509259 0.00726213
9 0.270312 0.0467593 0.0197917 0.0453704 0.00753059
0 0.715625 0.372685 0.0239583 0.0268519 0.00827489
9 0.442969 0.0884259 0.0130208 0.0287037 0.00841314
7 0.334896 0.0666667 0.0166667 0.0425926 0.00884868
9 0.221354 0.0884259 0.0104167 0.0138889 0.0105571
9 0.269531 0.0282407 0.0203125 0.0490741 0.010868
2 0.238802 0.140741 0.0203125 0.0444444 0.0109253
9 0.36224 0.0703704 0.00989583 0.0222222 0.0117927
2 0.48776 0.10787 0.0536458 0.0527778 0.014059
9 0.215104 0.0606481 0.028125 0.0490741 0.0162366
2 0.271875 0.112037 0.0135417 0.0351852 0.0182852
2 0.294531 0.109259 0.0296875 0.0833333 0.0306062
0 0.635417 0.147222 0.0104167 0.05 0.0329379
9 0.207813 0.0671296 0.01875 0.0416667 0.035448
2 0.786458 0.0898148 0.0166667 0.0240741 0.0553857
2 0.491927 0.105556 0.0151042 0.0296296 0.055633
2 0.635417 0.14537 0.0114583 0.05 0.0629671
9 0.338021 0.0472222 0.009375 0.0296296 0.0641397
9 0.567448 0.0486111 0.00885417 0.0231481 0.0654338
2 0.463021 0.115278 0.0125 0.0361111 0.0772628
7 0.300521 0.108333 0.040625 0.0814815 0.0996073
2 0.471094 0.113426 0.0276042 0.0398148 0.170521
2 0.322135 0.087037 0.0380208 0.0351852 0.220306
2 0.480208 0.110648 0.0229167 0.0416667 0.223565
2 0.627604 0.122685 0.0260417 0.0509259 0.349919
2 0.509115 0.0981481 0.0380208 0.0481481 0.547029
2 0.31875 0.120833 0.05 0.0731481 0.669793
11 0.729167 0.0430556 0.0270833 0.0546296 0.773711
10 0.204167 0.316204 0.0166667 0.0712963 0.807773
2 0.500781 0.168519 0.0692708 0.105556 0.875961
2 0.729948 0.42037 0.122396 0.17037 0.917815
