2 0.816406 0.0703704 0.0130208 0.0148148 0.00100562
9 0.50026 0.603704 0.0151042 0.0425926 0.00100956
2 0.754167 0.156944 0.0114583 0.0212963 0.00101285
1 0.809375 0.327778 0.021875 0.0888889 0.00103131
2 0.771094 0.112037 0.0130208 0.0240741 0.00106989
14 0.482812 0.491667 0.015625 0.0296296 0.00107874
2 0.239844 0.105093 0.0161458 0.0398148 0.00108006
0 0.757812 0.374537 0.0197917 0.0342593 0.00108749
7 0.235938 0.0717593 0.0208333 0.0527778 0.00110357
9 0.990885 0.5125 0.0171875 0.167593 0.0011189
0 0.732552 0.370833 0.0255208 0.0305556 0.00112762
12 0.988802 0.496296 0.0213542 0.137037 0.0012457
2 0.536979 0.113426 0.0104167 0.0416667 0.0012814
9 0.274479 0.0421296 0.03125 0.0731481 0.00137342
9 0.177865 0.508333 0.0359375 0.0388889 0.00141346
12 0.995313 0.538889 0.00833333 0.0537037 0.00143812
1 0.985417 0.333333 0.028125 0.0537037 0.00162252
2 0.53099 0.112963 0.0130208 0.0425926 0.00162713
2 0.238542 0.140741 0.0197917 0.0425926 0.00164775
2 0.648698 0.148148 0.0369792 0.0574074 0.00167373
0 0.2625 0.1 0.009375 0.0592593 0.00169402
2 0.26849 0.0587963 0.0171875 0.0287037 0.00179508
9 0.577083 0.0324074 0.0135417 0.0611111 0.00182904
32 0.453906 0.315278 0.0078125 0.0138889 0.00191962
11 0.23724 0.0689815 0.0171875 0.0453704 0.00196313
2 0.797917 0.0828704 0.040625 0.0342593 0.00199649
13 0.99375 0.52037 0.0114583 0.166667 0.0021132
1 0.0111979 0.365741 0.0223958 0.0462963 0.00212863
2 0.561979 0.108796 0.251042 0.0694444 0.00216373
1 0.995052 0.331481 0.00885417 0.0592593 0.00237707
13 0.963021 0.554167 0.040625 0.0453704 0.00247345
0 0.714844 0.372222 0.0244792 0.0277778 0.00250858
2 0.0398437 0.0652778 0.0213542 0.0212963 0.00256865
13 0.970573 0.566204 0.0557292 0.0768519 0.00265486
13 0.97526 0.520833 0.0484375 0.176852 0.00272237
0 0.458333 0.0648148 0.00729167 0.0314815 0.00277886
9 0.570573 0.0310185 0.0130208 0.0583333 0.00295789
2 0.409115 0.106481 0.247396 0.0685185 0.00312221
2 0.813021 0.075 0.0197917 0.0203704 0.0033037
2 0.0335938 0.0638889 0.0192708 0.0185185 0.00333011
2 0.78125 0.103241 0.0322917 0.0490741 0.00333281
58 0.96849 0.496296 0.0296875 0.087037 0.00437305
9 0.269531 0.050463 0.0203125 0.037963 0.00439514
2 0.267448 0.0990741 0.0119792 0.0574074 0.00450954
2 0.476823 0.107407 0.0619792 0.0574074 0.00554592
0 0.995833 0.331019 0.00729167 0.0527778 0.00567383
2 0.340365 0.0893519 0.0130208 0.0268519 0.00708015
12 0.994531 0.50463 0.00989583 0.15 0.00771128
11 0.60599 0.0606481 0.00989583 0.025 0.00791735
9 0.26901 0.0236111 0.0203125 0.037963 0.00817309
2 0.271094 0.106944 0.0130208 0.0435185 0.00892868
0 0.442187 0.0958333 0.0166667 0.0453704 0.0102179
1 0.00703125 0.393519 0.0140625 0.111111 0.0130452
10 0.442708 0.0888889 0.0135417 0.0314815 0.0135075
2 0.592969 0.125926 0.0161458 0.0240741 0.0162527
2 0.785937 0.0907407 0.0145833 0.0222222 0.0169095
5 0.220313 0.0675926 0.0510417 0.0574074 0.0179044
9 0.502604 0.761111 0.0125 0.0537037 0.0193612
0 0.635677 0.147685 0.00989583 0.0490741 0.0224653
2 0.442969 0.0902778 0.0140625 0.0324074 0.0225747
2 0.635156 0.146296 0.0109375 0.0537037 0.0258891
1 0.00416667 0.40787 0.00833333 0.0861111 0.0289644
7 0.220313 0.0634259 0.0510417 0.0657407 0.0369957
9 0.567448 0.0481481 0.00885417 0.0240741 0.0412318
9 0.111198 0.0263889 0.0140625 0.0398148 0.0471612
2 0.46224 0.112963 0.0140625 0.037037 0.0619479
2 0.364062 0.0699074 0.0125 0.0231481 0.116229
7 0.298438 0.105556 0.0385417 0.0814815 0.122095
2 0.298958 0.106481 0.0364583 0.0814815 0.171435
2 0.627604 0.121296 0.0260417 0.0518519 0.252281
2 0.321615 0.087037 0.0380208 0.0351852 0.269338
2 0.473958 0.108796 0.0354167 0.0453704 0.400737
2 0.50651 0.104167 0.0421875 0.0638889 0.502609
10 0.204167 0.316667 0.015625 0.0703704 0.681207
2 0.31875 0.121759 0.05 0.0712963 0.750981
2 0.385677 0.0777778 0.0296875 0.0425926 0.778803
11 0.729427 0.0430556 0.0265625 0.0546296 0.803581
2 0.729948 0.419444 0.122396 0.172222 0.906554
