9 0.578906 0.0324074 0.0140625 0.0611111 0.00108737
2 0.985156 0.521759 0.0286458 0.176852 0.00111515
9 0.239583 0.0736111 0.0145833 0.0490741 0.00112247
2 0.602604 0.422222 0.596875 0.183333 0.00114112
0 0.757292 0.0861111 0.015625 0.0555556 0.00114112
9 0.36224 0.0694444 0.00885417 0.0240741 0.00115848
24 0.191406 0.503704 0.0338542 0.0833333 0.00118172
58 0.968229 0.496296 0.0291667 0.0851852 0.00119891
12 0.98724 0.519444 0.0244792 0.175926 0.00123481
0 0.757552 0.124537 0.0140625 0.0435185 0.0013215
2 0.305208 0.130556 0.03125 0.0574074 0.00134584
2 0.27526 0.111111 0.0234375 0.0611111 0.00137922
1 0.00416667 0.476852 0.00833333 0.192593 0.00142251
9 0.995313 0.530093 0.00833333 0.0324074 0.00147455
12 0.701563 0.164815 0.01875 0.0388889 0.00150615
11 0.702344 0.120833 0.0213542 0.0453704 0.00155652
7 0.146615 0.087037 0.0630208 0.0777778 0.00162819
32 0.454427 0.313889 0.0078125 0.0148148 0.00164813
12 0.693229 0.163426 0.00729167 0.0398148 0.00175595
2 0.410417 0.112037 0.26875 0.0833333 0.00193693
9 0.415365 0.00833333 0.0151042 0.0166667 0.00195094
12 0.702083 0.138426 0.0229167 0.087963 0.0020684
0 0.716146 0.372222 0.0229167 0.0277778 0.00218892
2 0.757292 0.119444 0.0145833 0.037037 0.00222471
2 0.811719 0.0763889 0.0213542 0.0175926 0.00225592
2 0.559896 0.112037 0.263542 0.0740741 0.00226949
2 0.459375 0.112037 0.102083 0.0666667 0.00244272
1 0.0111979 0.365278 0.0223958 0.0453704 0.00246529
2 0.782292 0.0990741 0.0395833 0.05 0.00251224
2 0.363542 0.0662037 0.0114583 0.0194444 0.00259162
0 0.267448 0.0990741 0.0119792 0.0555556 0.00293068
2 0.648958 0.149074 0.0375 0.0574074 0.00303608
2 0.442708 0.087963 0.0135417 0.0277778 0.00330514
7 0.992188 0.518981 0.0145833 0.173148 0.00339516
2 0.531771 0.112037 0.0135417 0.0425926 0.00348514
9 0.263281 0.087963 0.00885417 0.037037 0.00373894
2 0.443229 0.113889 0.0197917 0.0240741 0.00379492
7 0.277083 0.0587963 0.040625 0.113889 0.00380102
9 0.994271 0.499537 0.0104167 0.136111 0.00390595
12 0.994531 0.496759 0.00989583 0.132407 0.00417283
2 0.592969 0.125 0.0161458 0.0240741 0.00425282
2 0.238281 0.141667 0.0192708 0.0407407 0.00434233
1 0.203125 0.560185 0.0229167 0.127778 0.00436694
7 0.970052 0.528704 0.0588542 0.207407 0.00481279
9 0.292708 0.0694444 0.0125 0.0166667 0.00549781
11 0.236979 0.0694444 0.0177083 0.0462963 0.00550059
9 0.571875 0.0310185 0.0145833 0.0583333 0.00595121
2 0.271094 0.10787 0.0140625 0.0416667 0.00670696
9 0.458073 0.0643518 0.00677083 0.0305556 0.0067569
9 0.210417 0.0662037 0.0270833 0.0509259 0.00710942
0 0.757812 0.0694444 0.0114583 0.0425926 0.00725288
9 0.29375 0.0574074 0.0104167 0.0388889 0.00747686
9 0.502083 0.759722 0.0125 0.0546296 0.00769815
2 0.286719 0.115741 0.0161458 0.0685185 0.00850611
9 0.219792 0.087963 0.0104167 0.0166667 0.00873824
5 0.220313 0.0712963 0.0510417 0.0666667 0.0103675
7 0.220313 0.0666667 0.0510417 0.0666667 0.0110201
9 0.21901 0.0537037 0.0213542 0.0462963 0.0130331
1 0.00390625 0.424074 0.0078125 0.0611111 0.0131829
24 0.201823 0.478241 0.0244792 0.0583333 0.0158095
1 0.0101562 0.396759 0.0203125 0.117593 0.0168968
0 0.635156 0.148611 0.00885417 0.0527778 0.0229854
9 0.442448 0.0875 0.0130208 0.0268519 0.0238421
2 0.789062 0.0875 0.01875 0.0268519 0.0245486
9 0.566927 0.0472222 0.0078125 0.0240741 0.0264109
2 0.634896 0.145833 0.0104167 0.0527778 0.0288754
2 0.488802 0.107407 0.0151042 0.05 0.0349755
9 0.26875 0.0361111 0.021875 0.0666667 0.0366263
7 0.297135 0.106481 0.0369792 0.0833333 0.0446196
2 0.298438 0.106481 0.0354167 0.0814815 0.0638314
24 0.190365 0.477315 0.0255208 0.062037 0.126464
2 0.466146 0.110648 0.0197917 0.0416667 0.234441
2 0.479948 0.109259 0.0213542 0.0444444 0.296335
2 0.322396 0.0856481 0.0364583 0.0342593 0.370654
2 0.627083 0.121759 0.0260417 0.0527778 0.399886
2 0.505729 0.104167 0.0427083 0.062037 0.542714
1 0.191927 0.575463 0.0348958 0.137963 0.624493
2 0.31875 0.120833 0.0510417 0.0712963 0.722051
0 0.193229 0.528241 0.040625 0.206481 0.747917
11 0.729167 0.0430556 0.0270833 0.0564815 0.79443
10 0.204167 0.315278 0.015625 0.0712963 0.835183
2 0.729948 0.418981 0.122396 0.171296 0.906807
