13 0.961458 0.555093 0.0385417 0.0416667 0.0010509
0 0.995052 0.263426 0.00885417 0.184259 0.00105516
12 0.702083 0.124537 0.021875 0.0564815 0.00107931
0 0.479167 0.5 0.594792 0.781482 0.00108403
0 0.278385 0.763426 0.0515625 0.0694444 0.00110032
2 0.544531 0.356944 0.509896 0.321296 0.00110717
9 0.2625 0.0421296 0.015625 0.0601852 0.00117185
32 0.460417 0.356944 0.0104167 0.0157407 0.00118316
9 0.234115 0.0671296 0.0223958 0.0435185 0.0012297
0 0.443229 0.0986111 0.01875 0.0490741 0.00132562
2 0.641146 0.122685 0.053125 0.0546296 0.00132764
9 0.29349 0.0537037 0.00989583 0.0444444 0.00135534
1 0.00989583 0.36713 0.0197917 0.0601852 0.00136947
2 0.792448 0.0944444 0.0390625 0.0425926 0.00151569
9 0.258073 0.075463 0.0119792 0.0472222 0.00157233
1 0.810417 0.330093 0.0197917 0.087963 0.00158256
12 0.701823 0.163889 0.0223958 0.037037 0.00163332
2 0.578385 0.106019 0.263021 0.0638889 0.00166282
9 0.253646 0.0865741 0.0145833 0.0361111 0.00167162
7 0.30026 0.106481 0.0807292 0.0944444 0.00170423
0 0.75599 0.0740741 0.0119792 0.0388889 0.00174877
9 0.483594 0.0453704 0.0078125 0.0259259 0.0017602
9 0.570833 0.0328704 0.0135417 0.0564815 0.00178888
9 0.991146 0.512963 0.0166667 0.164815 0.00180371
0 0.151562 0.518519 0.0208333 0.0407407 0.00190135
2 0.41875 0.108796 0.308333 0.0787037 0.00203744
9 0.5 0.606481 0.0145833 0.0444444 0.00213452
0 0.74349 0.371759 0.0192708 0.0305556 0.00224892
11 0.23724 0.0685185 0.0161458 0.0425926 0.00225988
2 0.00494792 0.556944 0.00989583 0.0416667 0.0022673
2 0.240365 0.108333 0.0192708 0.037037 0.00229308
58 0.920052 0.182407 0.159896 0.359259 0.00230403
0 0.729427 0.372685 0.0244792 0.0268519 0.00270537
12 0.689844 0.168981 0.0130208 0.0305556 0.00283775
2 0.773438 0.113426 0.0166667 0.0305556 0.00308504
0 0.404167 0.271296 0.028125 0.0388889 0.00315099
9 0.263281 0.0888889 0.0078125 0.037037 0.00331078
1 0.00390625 0.409722 0.0078125 0.087963 0.00381069
0 0.75599 0.375 0.0213542 0.0314815 0.00391733
5 0.219792 0.0666667 0.0489583 0.0555556 0.0039174
9 0.270052 0.0351852 0.0244792 0.0685185 0.00401478
2 0.813802 0.0777778 0.0182292 0.0148148 0.00404691
12 0.693229 0.165741 0.00729167 0.037037 0.00438598
7 0.788802 0.0648148 0.0265625 0.062963 0.00459195
9 0.361979 0.0699074 0.00833333 0.0231481 0.00512366
0 0.995833 0.328704 0.00729167 0.05 0.00535873
0 0.370833 0.269444 0.0229167 0.0314815 0.00563191
2 0.238542 0.140278 0.0197917 0.0416667 0.00582413
0 0.266406 0.1 0.0109375 0.0555556 0.00582753
2 0.482292 0.10787 0.065625 0.0564815 0.00589525
12 0.994531 0.503241 0.00989583 0.141667 0.00679128
7 0.220313 0.0666667 0.05 0.0574074 0.00698206
2 0.782292 0.103704 0.0333333 0.05 0.00763529
9 0.502604 0.760185 0.0135417 0.0537037 0.00783161
0 0.714583 0.372222 0.025 0.0259259 0.0078807
11 0.60625 0.0606481 0.0104167 0.025 0.00984856
0 0.629427 0.132407 0.0203125 0.0611111 0.00999825
9 0.269531 0.0226852 0.0203125 0.037963 0.010067
9 0.208854 0.0662037 0.025 0.0472222 0.0167921
2 0.488021 0.10787 0.0125 0.0490741 0.0180839
2 0.271875 0.109259 0.0145833 0.0407407 0.0189051
2 0.786719 0.0888889 0.0171875 0.0240741 0.0247518
9 0.443229 0.0888889 0.0135417 0.0277778 0.0306641
0 0.322396 0.765278 0.0510417 0.0638889 0.0317489
9 0.566927 0.0486111 0.00885417 0.0231481 0.0494328
2 0.4625 0.113426 0.0135417 0.0361111 0.0615965
2 0.297396 0.107407 0.0364583 0.0851852 0.0884045
2 0.471354 0.110185 0.0302083 0.0444444 0.18096
7 0.297917 0.107407 0.0395833 0.0833333 0.19916
2 0.322396 0.0875 0.0385417 0.0361111 0.228508
0 0.266667 0.773611 0.0375 0.0527778 0.256866
2 0.627604 0.120833 0.025 0.0490741 0.276318
2 0.50599 0.10463 0.0432292 0.062963 0.584383
2 0.31849 0.121759 0.0505208 0.0712963 0.668499
10 0.203906 0.316667 0.0161458 0.0703704 0.725414
11 0.729167 0.0435185 0.0270833 0.0555556 0.824912
2 0.38724 0.306481 0.0994792 0.135185 0.897284
2 0.729688 0.418519 0.122917 0.17037 0.907798
2 0.294271 0.828241 0.1875 0.287963 0.914025
2 0.610937 0.214815 0.125 0.103704 0.915964
