7 0.146875 0.0902778 0.0625 0.0731481 0.00102552
12 0.995313 0.537963 0.00833333 0.05 0.00104904
13 0.986458 0.520833 0.0260417 0.175 0.00112097
2 0.235417 0.105556 0.01875 0.0444444 0.00112925
13 0.970052 0.561574 0.0578125 0.075 0.0011495
2 0.648438 0.148148 0.0385417 0.0592593 0.00115743
9 0.115885 0.0236111 0.0151042 0.0416667 0.00116343
13 0.0138021 0.393981 0.0276042 0.117593 0.00117184
13 0.960156 0.554167 0.0359375 0.0398148 0.00118149
10 0.196094 0.29537 0.0307292 0.116667 0.00120255
2 0.472917 0.102778 0.0375 0.0611111 0.0012238
9 0.579427 0.0333333 0.0151042 0.0574074 0.00122426
2 0.596615 0.424537 0.550521 0.178704 0.00123739
2 0.638281 0.145833 0.0161458 0.0527778 0.00123934
2 0.536458 0.111111 0.0104167 0.0481481 0.00124609
7 0.314063 0.0731481 0.0479167 0.0685185 0.00125504
32 0.460938 0.356944 0.0104167 0.0157407 0.00127273
12 0.701563 0.164352 0.0229167 0.0342593 0.00127531
2 0.00546875 0.0925926 0.0109375 0.0462963 0.00134113
9 0.360417 0.0638889 0.009375 0.0240741 0.00137095
32 0.454688 0.314352 0.00729167 0.0157407 0.00138114
2 0.0294271 0.105556 0.0505208 0.0592593 0.00139024
2 0.994271 0.518981 0.0104167 0.163889 0.00145066
9 0.414844 0.0101852 0.0140625 0.0203704 0.00154911
13 0.00364583 0.413426 0.00729167 0.0768519 0.00159119
7 0.22526 0.0592593 0.0598958 0.116667 0.00160428
2 0.994792 0.331944 0.009375 0.0583333 0.00173189
0 0.732292 0.371296 0.0270833 0.0296296 0.00173216
2 0.00390625 0.418981 0.0078125 0.0675926 0.00174342
2 0.561979 0.110185 0.251042 0.0759259 0.00181258
2 0.230208 0.136574 0.034375 0.0509259 0.00188879
9 0.263542 0.0921296 0.00833333 0.0416667 0.00190872
2 0.436198 0.110648 0.172396 0.0731481 0.00191807
7 0.275 0.037963 0.0364583 0.0740741 0.00199979
2 0.442708 0.087037 0.0145833 0.0277778 0.00201797
9 0.49974 0.602778 0.0140625 0.037037 0.0020421
2 0.53099 0.1125 0.0130208 0.0435185 0.00221686
7 0.289583 0.100463 0.06875 0.0972222 0.00224904
2 0.238802 0.117593 0.0182292 0.05 0.00230333
2 0.444792 0.116204 0.0229167 0.0212963 0.00238136
7 0.236198 0.0740741 0.0192708 0.0574074 0.00254234
1 0.809375 0.328241 0.0208333 0.0842593 0.00271604
0 0.758073 0.0722222 0.00989583 0.0407407 0.00271996
2 0.815625 0.0703704 0.0145833 0.012963 0.0028887
2 0.60599 0.0611111 0.00989583 0.0240741 0.00293818
58 0.968229 0.499074 0.0302083 0.0888889 0.00296978
2 0.816927 0.231944 0.00989583 0.0453704 0.00328031
2 0.788542 0.0847222 0.0166667 0.0212963 0.00335006
12 0.689062 0.17037 0.0135417 0.0296296 0.00396676
2 0.813542 0.075 0.0177083 0.0166667 0.00423731
0 0.263021 0.105093 0.009375 0.0490741 0.00438745
2 0.592448 0.125926 0.0171875 0.0240741 0.00448174
2 0.302344 0.0953704 0.0484375 0.1 0.00457003
12 0.99401 0.500926 0.0109375 0.137037 0.00483518
0 0.715104 0.369907 0.0229167 0.0287037 0.00500226
0 0.995313 0.331019 0.00833333 0.0564815 0.00506081
10 0.442969 0.0875 0.0140625 0.0287037 0.00640285
9 0.26901 0.025 0.0213542 0.0444444 0.0072283
9 0.217187 0.0537037 0.025 0.05 0.00726533
0 0.266667 0.100463 0.0104167 0.0527778 0.00838749
2 0.785677 0.0898148 0.0151042 0.0222222 0.0101544
2 0.270833 0.107407 0.0125 0.0444444 0.0126114
9 0.573958 0.0305556 0.0145833 0.0592593 0.0126942
0 0.488802 0.108333 0.0130208 0.05 0.0143018
9 0.208073 0.0680556 0.0234375 0.0472222 0.0170093
0 0.635417 0.147222 0.009375 0.0518519 0.0216034
9 0.502865 0.759722 0.0119792 0.0527778 0.0228564
5 0.220313 0.0731481 0.05 0.062963 0.0266824
2 0.269792 0.0467593 0.01875 0.037963 0.0403056
7 0.220313 0.0694444 0.05 0.062963 0.0403772
9 0.567187 0.0481481 0.00729167 0.0222222 0.0645855
7 0.307292 0.0648148 0.0322917 0.0444444 0.0703454
7 0.292969 0.112037 0.0286458 0.0759259 0.0833161
2 0.238542 0.141667 0.0177083 0.0388889 0.0887454
2 0.321615 0.0884259 0.0380208 0.0342593 0.132646
2 0.478125 0.111111 0.0177083 0.0425926 0.16125
2 0.29375 0.1125 0.0291667 0.0768519 0.184958
2 0.465885 0.113889 0.0192708 0.037037 0.186159
2 0.627344 0.121759 0.0255208 0.0527778 0.203517
2 0.307031 0.0587963 0.0317708 0.0305556 0.493077
2 0.318229 0.121296 0.0510417 0.0722222 0.647711
2 0.50599 0.10463 0.0432292 0.062963 0.676485
11 0.728906 0.0425926 0.0276042 0.0555556 0.79079
10 0.203906 0.316667 0.0161458 0.0722222 0.795624
2 0.48724 0.175463 0.0598958 0.0805556 0.839832
2 0.729948 0.419907 0.122396 0.171296 0.906592
