9 0.584375 0.0425926 0.015625 0.0425926 0.00100231
9 0.114063 0.0236111 0.015625 0.0435185 0.00100627
12 0.702604 0.165278 0.0208333 0.037963 0.0010113
9 0.261458 0.0527778 0.0135417 0.037037 0.00103637
2 0.235677 0.10463 0.0171875 0.0407407 0.00104665
58 0.967969 0.499074 0.0286458 0.0814815 0.00111176
9 0.547135 0.0601852 0.00989583 0.0240741 0.00111929
11 0.220573 0.0666667 0.0526042 0.0555556 0.0011328
2 0.990885 0.571759 0.0171875 0.0842593 0.00115786
1 0.810677 0.333333 0.0192708 0.0907407 0.00119716
7 0.272917 0.037963 0.03125 0.0722222 0.00123297
2 0.603906 0.423611 0.654688 0.180556 0.0013365
2 0.339323 0.0847222 0.0140625 0.0324074 0.0013484
2 0.453646 0.106019 0.0802083 0.0546296 0.00138498
0 0.758594 0.108333 0.0140625 0.0574074 0.00142839
2 0.640365 0.151852 0.0192708 0.062963 0.00146417
58 0.920052 0.182407 0.159896 0.362963 0.00146619
2 0.0117188 0.403241 0.0234375 0.117593 0.00154948
0 0.757552 0.375 0.0182292 0.0296296 0.00169846
0 0.263021 0.105556 0.009375 0.05 0.00172996
2 0.815365 0.0833333 0.0151042 0.0277778 0.0017791
9 0.109115 0.0287037 0.0119792 0.0388889 0.00179685
1 0.00442708 0.450926 0.00885417 0.177778 0.00181775
2 0.286458 0.0722222 0.0239583 0.0333333 0.00190421
2 0.241667 0.106481 0.0135417 0.0351852 0.0019381
11 0.240365 0.0342593 0.0223958 0.0648148 0.00198908
2 0.297917 0.0564815 0.01875 0.0407407 0.0019943
0 0.731771 0.372685 0.0302083 0.0305556 0.00273147
9 0.258854 0.0675926 0.0114583 0.0407407 0.0027847
9 0.23776 0.0671296 0.0161458 0.0398148 0.00282848
2 0.444792 0.100463 0.021875 0.0490741 0.00284437
2 0.797917 0.0856481 0.034375 0.025 0.00292304
9 0.269271 0.0226852 0.0208333 0.037963 0.00311458
7 0.970312 0.52037 0.0583333 0.192593 0.00351519
2 0.401563 0.106944 0.251042 0.0768519 0.00367193
2 0.26875 0.099537 0.0125 0.0564815 0.00382942
9 0.253125 0.087037 0.0135417 0.037037 0.00383464
9 0.266667 0.0560185 0.0145833 0.0324074 0.00399305
2 0.594271 0.124537 0.015625 0.0268519 0.00402366
2 0.564583 0.108796 0.229167 0.0657407 0.00403584
9 0.2625 0.0856481 0.00729167 0.0342593 0.00415604
9 0.26901 0.0407407 0.0203125 0.0555556 0.00429988
2 0.773698 0.111574 0.0171875 0.0287037 0.0045126
2 0.282031 0.0930556 0.0109375 0.0324074 0.0047098
9 0.442187 0.0875 0.0145833 0.0268519 0.00525979
12 0.99401 0.515741 0.0109375 0.172222 0.00561131
2 0.442448 0.0875 0.0151042 0.0268519 0.00610259
9 0.500521 0.60463 0.015625 0.0425926 0.00628573
1 0.0125 0.397685 0.025 0.121296 0.00667235
0 0.995833 0.324537 0.00729167 0.0546296 0.00671236
1 0.0236979 0.178704 0.0473958 0.0685185 0.00725713
7 0.992708 0.517593 0.0135417 0.17037 0.00762309
0 0.363021 0.0675926 0.009375 0.0259259 0.00762618
2 0.779948 0.100926 0.0296875 0.0407407 0.00783962
5 0.220833 0.0652778 0.0489583 0.0527778 0.00932752
0 0.714583 0.372685 0.0239583 0.0287037 0.0108646
2 0.26901 0.0509259 0.0192708 0.0351852 0.010898
2 0.238542 0.141667 0.01875 0.0425926 0.0112069
9 0.220052 0.087963 0.00989583 0.012963 0.0112616
11 0.60625 0.0606481 0.009375 0.025 0.0114894
2 0.363802 0.0685185 0.0109375 0.0222222 0.0115232
9 0.992708 0.511111 0.0135417 0.159259 0.012225
7 0.220313 0.0652778 0.0510417 0.0583333 0.0142111
9 0.567448 0.0490741 0.00885417 0.0240741 0.0145244
2 0.321094 0.0736111 0.0453125 0.0305556 0.0151743
2 0.814062 0.075463 0.01875 0.0157407 0.0160078
2 0.271354 0.110185 0.0135417 0.0388889 0.0165859
9 0.502604 0.761574 0.0125 0.0527778 0.016707
1 0.00546875 0.394907 0.0109375 0.123148 0.0184758
9 0.208594 0.0666667 0.0234375 0.0444444 0.0186668
7 0.295052 0.10787 0.0286458 0.0787037 0.0201968
2 0.294792 0.0694444 0.0145833 0.0203704 0.0258728
0 0.635417 0.148148 0.0104167 0.05 0.0291235
2 0.00442708 0.4125 0.00885417 0.0953704 0.0310447
2 0.635417 0.147222 0.0114583 0.0555556 0.0317792
0 0.757812 0.0828704 0.0125 0.0583333 0.0404937
2 0.463281 0.111574 0.0161458 0.0416667 0.0625675
2 0.786458 0.0902778 0.0166667 0.0212963 0.0629039
2 0.292708 0.111574 0.0270833 0.0712963 0.0800726
2 0.310677 0.0560185 0.0213542 0.0324074 0.14093
2 0.473698 0.109722 0.0348958 0.0453704 0.455135
2 0.32526 0.0546296 0.0484375 0.037037 0.481886
2 0.627604 0.122685 0.0260417 0.0509259 0.52839
2 0.50651 0.104167 0.0421875 0.0638889 0.540056
2 0.31875 0.12037 0.0510417 0.0740741 0.699583
10 0.203906 0.316204 0.0161458 0.0694444 0.794251
11 0.729427 0.0430556 0.0265625 0.0546296 0.804273
2 0.4 0.110185 0.0479167 0.062963 0.852897
2 0.729948 0.418981 0.122396 0.173148 0.91729
