9 0.236719 0.0671296 0.0171875 0.0435185 0.00103537
2 0.56849 0.422685 0.607813 0.180556 0.00110863
0 0.729948 0.372685 0.0265625 0.0287037 0.00114217
9 0.261979 0.0444444 0.015625 0.0537037 0.00115212
9 0.50026 0.603241 0.0151042 0.0398148 0.00125981
2 0.255729 0.087037 0.01875 0.037037 0.00132888
58 0.96849 0.49537 0.0307292 0.0888889 0.00134109
9 0.292708 0.0564815 0.00833333 0.037037 0.00135392
12 0.995573 0.530093 0.0078125 0.0342593 0.00142721
2 0.79375 0.0902778 0.03125 0.0287037 0.00147266
2 0.654688 0.138889 0.0822917 0.0833333 0.00149769
0 0.757031 0.374537 0.0192708 0.0324074 0.00160671
2 0.772656 0.110648 0.0151042 0.0268519 0.0017573
0 0.499479 0.0685185 0.0166667 0.0222222 0.00180703
1 0.0145833 0.453704 0.0291667 0.255556 0.0018513
7 0.973698 0.522685 0.0515625 0.193519 0.00190862
12 0.701823 0.165278 0.0203125 0.037963 0.00194345
2 0.0046875 0.556481 0.009375 0.0425926 0.00198197
2 0.270312 0.0569444 0.0197917 0.0342593 0.00206369
12 0.988802 0.495833 0.0203125 0.125 0.00208991
1 0.810938 0.331481 0.0177083 0.0851852 0.00216937
0 0.754948 0.11713 0.0171875 0.0398148 0.00239628
2 0.530729 0.101389 0.0177083 0.0564815 0.00244303
2 0.338021 0.0787037 0.0166667 0.0296296 0.00249449
0 0.716927 0.372222 0.0244792 0.0277778 0.00258889
9 0.581771 0.0365741 0.0125 0.0509259 0.00282788
2 0.402083 0.103241 0.1875 0.0842593 0.00298657
2 0.520833 0.0675926 0.0145833 0.0185185 0.00306396
1 0.0046875 0.461111 0.009375 0.237037 0.00312784
9 0.502083 0.759722 0.0135417 0.0564815 0.00312856
2 0.813802 0.075 0.0171875 0.0166667 0.00325382
2 0.564844 0.107407 0.216146 0.0648148 0.00330656
11 0.23724 0.0694444 0.0161458 0.0444444 0.00330874
2 0.288542 0.087963 0.0229167 0.05 0.00333963
11 0.605729 0.0606481 0.0104167 0.025 0.00371362
2 0.778646 0.101852 0.0291667 0.05 0.00389128
0 0.263281 0.100926 0.00885417 0.0555556 0.00438497
2 0.266667 0.099537 0.0114583 0.0583333 0.00453295
0 0.443229 0.0972222 0.0177083 0.05 0.00542068
9 0.269792 0.0481481 0.0197917 0.0425926 0.0055585
9 0.994531 0.49213 0.00989583 0.121296 0.00579743
2 0.501823 0.0638889 0.0140625 0.0259259 0.00581851
7 0.277083 0.0703704 0.0364583 0.135185 0.00599568
2 0.481771 0.105556 0.0583333 0.0574074 0.00617483
2 0.270052 0.108333 0.0130208 0.0425926 0.00646337
9 0.211719 0.0643518 0.0307292 0.0527778 0.0081553
2 0.238542 0.139352 0.01875 0.0435185 0.00817574
12 0.691406 0.165278 0.00989583 0.037963 0.00832193
12 0.994792 0.492593 0.009375 0.124074 0.0106839
0 0.227083 0.34213 0.0229167 0.0675926 0.0114102
2 0.592448 0.126389 0.0171875 0.0231481 0.011519
9 0.26875 0.0277778 0.021875 0.0481481 0.0115272
10 0.208073 0.365741 0.0223958 0.153704 0.0117184
0 0.755208 0.0925926 0.015625 0.0777778 0.0124168
5 0.21276 0.062037 0.0338542 0.062963 0.0124651
9 0.572396 0.0310185 0.0145833 0.0583333 0.0145202
1 0.215104 0.386574 0.0333333 0.134259 0.0145867
7 0.220313 0.0648148 0.05 0.0648148 0.0150648
2 0.442708 0.087963 0.0145833 0.0296296 0.0193074
2 0.635156 0.147222 0.0109375 0.0555556 0.021096
10 0.222396 0.341204 0.0302083 0.0768519 0.0239046
2 0.488542 0.107407 0.0145833 0.05 0.035627
2 0.36276 0.0638889 0.0109375 0.0314815 0.0385955
2 0.785417 0.087963 0.0135417 0.0240741 0.0424434
1 0.00546875 0.4 0.0109375 0.103704 0.0446463
0 0.635417 0.148148 0.009375 0.0518519 0.0447773
2 0.31224 0.0949074 0.0442708 0.0564815 0.0483568
1 0.0125 0.397685 0.025 0.108333 0.0589242
10 0.442708 0.0875 0.0125 0.0287037 0.0745763
9 0.567187 0.0476852 0.00833333 0.0231481 0.0851993
2 0.375781 0.0643518 0.0338542 0.0305556 0.104993
2 0.528385 0.0824074 0.0203125 0.0240741 0.124408
2 0.463542 0.110648 0.015625 0.0416667 0.131335
2 0.299479 0.106019 0.0395833 0.0805556 0.196146
1 0.219792 0.425926 0.0302083 0.122222 0.328166
2 0.471354 0.109259 0.0302083 0.0444444 0.342647
2 0.40651 0.0606481 0.0276042 0.0361111 0.409825
2 0.322135 0.087037 0.0369792 0.037037 0.416092
2 0.627344 0.121759 0.0255208 0.0509259 0.438291
0 0.221615 0.385648 0.0338542 0.165741 0.486881
2 0.50599 0.104167 0.0421875 0.062037 0.631609
2 0.389323 0.0638889 0.0421875 0.0351852 0.646853
10 0.204427 0.313426 0.0161458 0.0657407 0.656114
2 0.31849 0.121759 0.0505208 0.0712963 0.735009
11 0.728906 0.0430556 0.0276042 0.0564815 0.809825
2 0.729688 0.419907 0.122917 0.171296 0.915047
