7 0.971094 0.517593 0.0567708 0.168519 0.00103502
12 0.701823 0.127315 0.0234375 0.062037 0.00104797
2 0.0213542 0.147685 0.0427083 0.0601852 0.00106418
9 0.261979 0.0486111 0.015625 0.0398148 0.00112242
0 0.0572917 0.111574 0.0177083 0.0509259 0.00117377
12 0.701563 0.163889 0.0229167 0.0351852 0.00120782
2 0.219271 0.132407 0.05625 0.0592593 0.00132737
2 0.294792 0.100926 0.0854167 0.0962963 0.00134604
2 0.771354 0.111111 0.0145833 0.0259259 0.00135919
2 0.654167 0.139352 0.0791667 0.0824074 0.00136079
13 0.0135417 0.393981 0.0270833 0.115741 0.0013917
9 0.5 0.603241 0.0145833 0.037963 0.00143687
2 0.00416667 0.408796 0.00833333 0.0842593 0.00144169
2 0.757812 0.118981 0.0135417 0.0361111 0.00145182
2 0.651302 0.152315 0.0411458 0.0564815 0.00147417
9 0.582031 0.0393519 0.0130208 0.0490741 0.00165832
12 0.995313 0.533333 0.00833333 0.0611111 0.00167484
2 0.255729 0.0875 0.0208333 0.037963 0.00184814
12 0.361198 0.0634259 0.0109375 0.0287037 0.00192577
2 0.901823 0.14537 0.0536458 0.0814815 0.00193307
7 0.792188 0.0638889 0.0322917 0.0611111 0.00194973
2 0.776823 0.103704 0.0307292 0.0555556 0.00202759
2 0.2375 0.114352 0.01875 0.0490741 0.0020858
11 0.60651 0.0606481 0.00989583 0.025 0.00211597
1 0.00520833 0.387963 0.0104167 0.12037 0.00217287
13 0.00416667 0.405093 0.00833333 0.0916667 0.00222012
2 0.805208 0.0833333 0.015625 0.0240741 0.00261437
9 0.361979 0.0652778 0.009375 0.0324074 0.00267411
0 0.26276 0.101389 0.00989583 0.0546296 0.0028344
0 0.995573 0.327315 0.0078125 0.062037 0.00316619
2 0.520573 0.111111 0.352604 0.0740741 0.00328442
11 0.236979 0.0694444 0.0166667 0.0462963 0.00344286
10 0.194531 0.29537 0.0359375 0.116667 0.00354044
2 0.885156 0.125463 0.0776042 0.0842593 0.00365884
0 0.715625 0.37037 0.0239583 0.0277778 0.00369069
58 0.96849 0.497222 0.0296875 0.0851852 0.00410984
2 0.398698 0.110648 0.257812 0.0805556 0.00424493
9 0.573698 0.0314815 0.0151042 0.0592593 0.00452915
2 0.592448 0.124537 0.0171875 0.0268519 0.00547031
12 0.994271 0.494444 0.0104167 0.127778 0.00598545
2 0.269792 0.0486111 0.0197917 0.0361111 0.00608257
2 0.817187 0.231481 0.009375 0.0462963 0.00684614
2 0.440625 0.111111 0.11875 0.0685185 0.0080591
0 0.758073 0.0722222 0.0109375 0.0425926 0.00808895
2 0.266406 0.0986111 0.0119792 0.0564815 0.00838749
12 0.689062 0.169907 0.0135417 0.0305556 0.00852862
2 0.865885 0.105093 0.0380208 0.0453704 0.00955086
2 0.817187 0.0694444 0.0125 0.0111111 0.00992928
9 0.26901 0.0310185 0.0213542 0.0583333 0.0104767
2 0.271875 0.107407 0.0145833 0.0444444 0.01504
9 0.502865 0.760648 0.0130208 0.0546296 0.0163375
2 0.814062 0.074537 0.0177083 0.0157407 0.0189878
2 0.441406 0.0907407 0.0119792 0.0314815 0.0194124
2 0.634896 0.143519 0.0104167 0.0481481 0.0198736
2 0.238281 0.141204 0.0182292 0.0398148 0.0259085
9 0.566927 0.0481481 0.0078125 0.0240741 0.030158
7 0.220052 0.0666667 0.0505208 0.0685185 0.0304569
2 0.785677 0.0898148 0.0140625 0.0222222 0.0319952
2 0.53151 0.111574 0.0140625 0.0416667 0.0332346
5 0.220313 0.0675926 0.0510417 0.062963 0.047371
2 0.479688 0.108796 0.0177083 0.0472222 0.187025
2 0.322135 0.0847222 0.0380208 0.0342593 0.233771
2 0.298698 0.106944 0.0390625 0.0842593 0.265945
2 0.627083 0.121759 0.0260417 0.0527778 0.452776
2 0.505469 0.104167 0.0432292 0.062037 0.596759
2 0.317969 0.120833 0.0515625 0.0712963 0.709851
2 0.458333 0.106944 0.0427083 0.0527778 0.793844
10 0.204167 0.315741 0.0166667 0.0722222 0.796926
11 0.729167 0.0435185 0.0270833 0.0555556 0.824392
2 0.729688 0.419444 0.122917 0.17037 0.905095
