2 0.658333 0.139815 0.0760417 0.0814815 0.00101447
2 0.0138021 0.391667 0.0276042 0.12963 0.00114673
1 0.810156 0.334722 0.0192708 0.087963 0.00114822
2 0.582552 0.424074 0.647396 0.185185 0.00120776
2 0.46849 0.0199074 0.0223958 0.0194444 0.00121571
9 0.548437 0.0462963 0.0114583 0.0259259 0.00134759
0 0.263021 0.107407 0.009375 0.0462963 0.00147204
2 0.294792 0.105093 0.075 0.0953704 0.00147579
9 0.280469 0.0763889 0.0401042 0.149074 0.00152364
7 0.971094 0.526852 0.0567708 0.2 0.00159111
9 0.483073 0.0421296 0.0078125 0.025 0.00159588
2 0.774479 0.119907 0.0177083 0.037963 0.00160034
9 0.980729 0.497685 0.0375 0.136111 0.00161913
2 0.784375 0.0907407 0.0125 0.0185185 0.00168996
9 0.995313 0.527778 0.00833333 0.0407407 0.00184601
13 0.0138021 0.394444 0.0276042 0.12037 0.00186488
2 0.538281 0.1125 0.381771 0.0805556 0.00193084
9 0.470052 0.4125 0.00989583 0.0268519 0.0019378
9 0.561979 0.0476852 0.0208333 0.0287037 0.00197069
2 0.363542 0.0675926 0.0114583 0.0222222 0.0021023
9 0.238021 0.074537 0.0145833 0.0416667 0.00212473
2 0.0138021 0.366204 0.0276042 0.0509259 0.00228391
2 0.45599 0.105556 0.0630208 0.0518519 0.00234743
0 0.73151 0.370833 0.0338542 0.0305556 0.00237114
12 0.75625 0.0930556 0.0145833 0.0842593 0.00246153
0 0.756771 0.0953704 0.015625 0.087037 0.00250596
0 0.757031 0.375463 0.0192708 0.0287037 0.00260925
9 0.252344 0.0888889 0.0119792 0.0333333 0.00296382
2 0.410417 0.110648 0.264583 0.0842593 0.00325438
9 0.558073 0.0277778 0.0255208 0.0537037 0.00337712
2 0.00390625 0.398611 0.0078125 0.108333 0.00351386
9 0.501042 0.603241 0.0135417 0.0398148 0.00358201
32 0.454688 0.314815 0.00729167 0.0148148 0.0036275
9 0.294271 0.0569444 0.009375 0.037963 0.00371199
12 0.967188 0.500463 0.0270833 0.0787037 0.00372082
9 0.440104 0.213889 0.015625 0.0722222 0.00394785
2 0.275 0.116667 0.0229167 0.0537037 0.00418783
9 0.207813 0.0662037 0.0197917 0.0453704 0.00443556
2 0.647917 0.148148 0.034375 0.0574074 0.00448686
5 0.213281 0.0625 0.0338542 0.0564815 0.00480668
11 0.23724 0.0685185 0.0171875 0.0425926 0.00501983
9 0.261458 0.0388889 0.0145833 0.0648148 0.00513484
0 0.200521 0.726852 0.144792 0.468519 0.00514289
2 0.441406 0.111574 0.136979 0.0694444 0.0053257
9 0.994792 0.491667 0.009375 0.122222 0.00537047
0 0.363021 0.0680556 0.009375 0.0287037 0.00589856
2 0.308333 0.0810185 0.0197917 0.0324074 0.00594217
12 0.702604 0.139815 0.0239583 0.0851852 0.00610787
2 0.238542 0.141204 0.01875 0.0416667 0.00628478
9 0.264062 0.0856481 0.0104167 0.0324074 0.00652924
9 0.29349 0.0685185 0.00989583 0.0185185 0.00679548
9 0.221354 0.087037 0.0104167 0.0166667 0.00774593
0 0.716667 0.371296 0.0229167 0.0277778 0.00785623
2 0.592969 0.126389 0.0171875 0.025 0.00896337
11 0.240625 0.0333333 0.021875 0.0648148 0.00915925
0 0.635677 0.148611 0.00989583 0.0509259 0.00980042
2 0.635156 0.145833 0.0109375 0.0509259 0.0113974
12 0.994792 0.490741 0.009375 0.124074 0.0119405
11 0.60625 0.0597222 0.0104167 0.0231481 0.0122102
9 0.443229 0.0888889 0.0135417 0.0277778 0.0132699
0 0.44401 0.1 0.0182292 0.0481481 0.0136426
12 0.973698 0.49537 0.0401042 0.118519 0.0142978
2 0.442708 0.0902778 0.0145833 0.0305556 0.0145785
9 0.565625 0.0402778 0.0104167 0.0416667 0.0159978
2 0.272135 0.111111 0.0151042 0.0351852 0.0187423
9 0.223438 0.0546296 0.0135417 0.0407407 0.0202044
9 0.503125 0.759722 0.0125 0.0564815 0.0272581
7 0.294271 0.108796 0.0333333 0.0805556 0.042281
9 0.567187 0.0476852 0.00833333 0.025 0.0468619
2 0.461198 0.113426 0.0119792 0.0361111 0.0497891
9 0.269792 0.0361111 0.0229167 0.0685185 0.101345
2 0.292708 0.113426 0.028125 0.0731481 0.123382
2 0.323177 0.0851852 0.0369792 0.0333333 0.318338
7 0.50625 0.104167 0.0427083 0.0638889 0.404076
2 0.627604 0.120833 0.025 0.0490741 0.406721
2 0.505729 0.103704 0.0427083 0.062963 0.481212
2 0.475521 0.109259 0.0333333 0.0462963 0.532583
2 0.31875 0.121759 0.0510417 0.0712963 0.700537
11 0.729948 0.0444444 0.0265625 0.0592593 0.756276
10 0.204167 0.315278 0.0166667 0.0694444 0.784233
2 0.397917 0.108333 0.0479167 0.062963 0.84293
2 0.730469 0.419444 0.122396 0.17037 0.91502
