2 0.771875 0.110648 0.0145833 0.025 0.00100177
2 0.994531 0.52037 0.00989583 0.166667 0.00100548
0 0.817187 0.233333 0.009375 0.0444444 0.00100684
7 0.9875 0.51713 0.0239583 0.180556 0.00100974
2 0.655469 0.139352 0.0807292 0.0824074 0.00102227
2 0.757292 0.118056 0.0145833 0.037963 0.00103155
12 0.702083 0.130556 0.0229167 0.0685185 0.00106523
9 0.292969 0.0550926 0.00989583 0.0361111 0.00113825
2 0.239583 0.10787 0.015625 0.0398148 0.00117465
2 0.254427 0.0875 0.0192708 0.0361111 0.00117748
2 0.652083 0.151389 0.0447917 0.062037 0.00118008
13 0.994271 0.518981 0.0104167 0.165741 0.00121412
2 0.0119792 0.397685 0.0239583 0.108333 0.00121808
13 0.967969 0.555556 0.0515625 0.0555556 0.00122918
2 0.817187 0.23287 0.009375 0.0453704 0.00124667
13 0.952604 0.42037 0.09375 0.138889 0.0014255
2 0.886458 0.126852 0.0802083 0.0925926 0.0014655
32 0.460677 0.357407 0.0109375 0.0166667 0.00148912
12 0.701563 0.1625 0.0229167 0.037963 0.0018412
9 0.994271 0.5 0.0104167 0.135185 0.00187915
9 0.583073 0.0430556 0.0130208 0.0398148 0.00195628
0 0.717448 0.370833 0.0255208 0.0287037 0.00196516
13 0.972135 0.518981 0.0546875 0.173148 0.00199604
9 0.361719 0.0685185 0.00885417 0.0259259 0.00203399
9 0.264062 0.0398148 0.0197917 0.0592593 0.00211759
7 0.294531 0.099537 0.0786458 0.0953704 0.00218914
2 0.794531 0.0861111 0.0307292 0.0259259 0.00222546
2 0.779427 0.101852 0.0296875 0.0444444 0.00223922
11 0.236979 0.0694444 0.0166667 0.0444444 0.00231063
9 0.274219 0.0407407 0.0317708 0.0759259 0.00232286
2 0.00416667 0.40787 0.00833333 0.0842593 0.00247839
10 0.196094 0.29537 0.0328125 0.114815 0.00257573
13 0.00442708 0.394444 0.00885417 0.112963 0.00274015
9 0.263542 0.0898148 0.00833333 0.0388889 0.00282772
9 0.5 0.603241 0.0145833 0.037963 0.00296636
2 0.516146 0.111111 0.35 0.0722222 0.00321674
13 0.0135417 0.393981 0.0270833 0.113889 0.00344681
12 0.994271 0.496759 0.0104167 0.132407 0.00347401
12 0.692708 0.165278 0.00833333 0.037963 0.00354136
2 0.38776 0.109722 0.235938 0.0731481 0.00382046
11 0.60625 0.0601852 0.009375 0.0259259 0.0038261
58 0.96849 0.497222 0.0296875 0.0851852 0.00403139
2 0.592448 0.125926 0.0171875 0.0240741 0.00418105
2 0.438542 0.0990741 0.015625 0.0388889 0.00433652
2 0.815625 0.0689815 0.0145833 0.0101852 0.00501222
0 0.265885 0.0990741 0.0109375 0.0537037 0.00571831
2 0.342708 0.1125 0.009375 0.0416667 0.00575254
0 0.758333 0.0712963 0.0104167 0.0407407 0.00643894
9 0.502604 0.760185 0.0125 0.0537037 0.00714597
2 0.813802 0.075 0.0182292 0.0148148 0.00807102
2 0.451302 0.109722 0.0984375 0.0638889 0.00830621
9 0.573438 0.0305556 0.0145833 0.0592593 0.00876542
0 0.995573 0.32963 0.0078125 0.0611111 0.00930287
2 0.531771 0.112037 0.0135417 0.0425926 0.00947687
9 0.269531 0.0462963 0.0203125 0.0444444 0.0102843
2 0.271354 0.109259 0.0135417 0.0407407 0.0142998
9 0.26901 0.024537 0.0203125 0.0435185 0.016602
2 0.238281 0.140741 0.0182292 0.0407407 0.0169264
2 0.785677 0.0898148 0.0140625 0.0222222 0.020958
2 0.494531 0.106019 0.0244792 0.0527778 0.0307741
2 0.634896 0.146296 0.0114583 0.0555556 0.0328704
9 0.567187 0.0481481 0.00833333 0.0240741 0.0458118
7 0.220052 0.0652778 0.0505208 0.0694444 0.0490886
5 0.220313 0.0657407 0.05 0.0648148 0.0573522
2 0.298698 0.107407 0.0390625 0.0833333 0.135388
7 0.298177 0.106944 0.0401042 0.0824074 0.16758
2 0.321875 0.0847222 0.0375 0.0342593 0.224277
2 0.627083 0.121759 0.0260417 0.0527778 0.465413
2 0.479427 0.108333 0.0223958 0.0462963 0.471344
2 0.505729 0.104167 0.0427083 0.062037 0.536072
2 0.317708 0.121296 0.0510417 0.0722222 0.630828
2 0.452083 0.106019 0.040625 0.0509259 0.747326
10 0.203906 0.315741 0.0161458 0.0722222 0.802137
11 0.728906 0.0435185 0.0265625 0.0574074 0.819243
2 0.729948 0.418981 0.123438 0.169444 0.909079
