2 0.658073 0.12963 0.0765625 0.0722222 0.00101158
9 0.3625 0.0453704 0.009375 0.0333333 0.00102471
2 0.59401 0.124537 0.0140625 0.0268519 0.00107348
7 0.294531 0.103241 0.0880208 0.0990741 0.00110603
2 0.53099 0.110648 0.0151042 0.0453704 0.00110739
0 0.272917 0.305556 0.0208333 0.0333333 0.00114728
12 0.360938 0.0648148 0.0104167 0.0222222 0.00120554
0 0.186719 0.108796 0.0078125 0.0435185 0.00125681
2 0.972656 0.516204 0.0526042 0.163889 0.00127067
0 0.755208 0.115741 0.0177083 0.0425926 0.00127074
0 0.816667 0.235185 0.009375 0.037037 0.00130903
0 0.304167 0.299074 0.0270833 0.037037 0.00134929
12 0.691927 0.163889 0.00885417 0.037037 0.0013866
7 0.454948 0.109722 0.378646 0.0990741 0.00141633
7 0.202083 0.269444 0.0822917 0.0592593 0.0014447
2 0.741146 0.170833 0.028125 0.0342593 0.00146384
0 0.248958 0.308796 0.0208333 0.0361111 0.00148645
0 0.221354 0.293981 0.0239583 0.0305556 0.0015516
7 0.236719 0.0689815 0.0171875 0.0453704 0.00156203
2 0.202604 0.268519 0.08125 0.0611111 0.0015822
0 0.708073 0.373148 0.0213542 0.0296296 0.0017329
0 0.223177 0.306944 0.0213542 0.0287037 0.00174776
0 0.293229 0.3 0.0302083 0.0388889 0.00176973
2 0.25651 0.087037 0.0203125 0.0407407 0.00187445
9 0.361979 0.0689815 0.00833333 0.0268519 0.0019696
13 0.96901 0.568519 0.0536458 0.0740741 0.00197093
0 0.280208 0.302778 0.0229167 0.037037 0.00228594
2 0.748958 0.163889 0.0197917 0.0296296 0.00236533
0 0.263542 0.0939815 0.009375 0.0527778 0.00258141
0 0.71849 0.371759 0.0286458 0.0287037 0.00263478
9 0.269531 0.0481481 0.0192708 0.0351852 0.00276001
2 0.459375 0.0884259 0.0416667 0.0564815 0.00301629
7 0.992188 0.516667 0.0145833 0.174074 0.00315873
13 0.970833 0.518519 0.0572917 0.17963 0.00319992
0 0.757031 0.0703704 0.0130208 0.0425926 0.00443602
0 0.228646 0.299074 0.0197917 0.037037 0.00445628
2 0.461198 0.118981 0.0442708 0.0416667 0.00449686
2 0.778646 0.100926 0.0291667 0.0388889 0.00504955
2 0.290104 0.0740741 0.0166667 0.0203704 0.00521378
9 0.292708 0.0532407 0.00833333 0.0361111 0.00565222
9 0.49974 0.601389 0.0151042 0.0398148 0.00603013
2 0.284635 0.0833333 0.0234375 0.0407407 0.00639228
9 0.565365 0.0453704 0.00989583 0.0296296 0.00710917
9 0.502344 0.75787 0.0119792 0.0546296 0.00743498
0 0.755469 0.0902778 0.0171875 0.0824074 0.00789057
7 0.276042 0.0675926 0.040625 0.133333 0.00834456
1 0.00416667 0.404167 0.00833333 0.0953704 0.00931804
9 0.993229 0.508333 0.0125 0.159259 0.00933811
0 0.241667 0.314815 0.0208333 0.0222222 0.00979388
9 0.26901 0.0194444 0.0213542 0.0351852 0.0100077
7 0.970833 0.523611 0.0572917 0.193519 0.0100306
2 0.434896 0.0833333 0.0114583 0.0166667 0.0100507
0 0.352604 0.310185 0.0114583 0.0222222 0.0104593
0 0.241406 0.298611 0.0192708 0.0361111 0.0123751
2 0.439844 0.0759259 0.0161458 0.0277778 0.0125879
2 0.753125 0.156481 0.0114583 0.0203704 0.0152749
2 0.604167 0.0597222 0.0135417 0.0268519 0.0177281
2 0.784635 0.0875 0.0161458 0.0212963 0.0209728
0 0.634896 0.146296 0.009375 0.0518519 0.0215991
2 0.634635 0.143056 0.0109375 0.0490741 0.0310334
2 0.272656 0.0972222 0.0182292 0.0592593 0.0314786
1 0.0125 0.368519 0.025 0.0666667 0.042408
7 0.21901 0.0615741 0.0515625 0.0638889 0.0469125
2 0.291927 0.108333 0.0265625 0.0777778 0.0607191
2 0.486719 0.0921296 0.0140625 0.025 0.0615074
2 0.321875 0.0837963 0.0385417 0.0324074 0.328977
2 0.50625 0.103241 0.0416667 0.062037 0.426858
7 0.50599 0.102315 0.0421875 0.062037 0.442594
2 0.626823 0.118519 0.0255208 0.0518519 0.555228
7 0.458333 0.099537 0.0520833 0.0842593 0.735288
2 0.318229 0.118981 0.05 0.0694444 0.775207
11 0.728646 0.0402778 0.0270833 0.0546296 0.779035
2 0.729427 0.418056 0.123438 0.169444 0.901855
7 0.268229 0.359722 0.235417 0.210185 0.93052
