13 0.985677 0.518981 0.0276042 0.175 0.00100603
9 0.415625 0.0087963 0.015625 0.0175926 0.00100937
0 0.23776 0.138426 0.0182292 0.0416667 0.00106116
7 0.365365 0.0722222 0.0255208 0.037037 0.00108444
2 0.558073 0.423148 0.583854 0.177778 0.00112735
58 0.920833 0.185648 0.158333 0.367593 0.00118228
2 0.535937 0.109722 0.0125 0.0490741 0.00121458
9 0.260417 0.0509259 0.0125 0.0407407 0.00123683
9 0.589063 0.0393519 0.0145833 0.0527778 0.00126912
2 0.798177 0.0847222 0.0411458 0.0287037 0.00127133
0 0.816927 0.235648 0.00885417 0.0398148 0.0013201
2 0.771094 0.116667 0.0130208 0.0351852 0.0013344
9 0.253646 0.0861111 0.015625 0.0333333 0.00134071
9 0.271875 0.0421296 0.03125 0.0805556 0.0013674
9 0.23724 0.0680556 0.0161458 0.0435185 0.00138955
5 0.221354 0.0930556 0.0541667 0.115741 0.00139124
2 0.238542 0.108333 0.01875 0.0388889 0.0014019
9 0.258073 0.075 0.0119792 0.0444444 0.00140359
9 0.547917 0.0601852 0.0104167 0.0259259 0.00149511
58 0.969271 0.498611 0.03125 0.087963 0.00154037
9 0.558854 0.0300926 0.0239583 0.0564815 0.00156267
7 0.970573 0.522222 0.0578125 0.190741 0.00159458
1 0.0046875 0.46713 0.009375 0.208333 0.00160187
9 0.26276 0.024537 0.0161458 0.0453704 0.00162591
9 0.439323 0.197685 0.0119792 0.0361111 0.00164134
2 0.58151 0.125926 0.0411458 0.0333333 0.00169953
7 0.989844 0.517593 0.0192708 0.183333 0.00177589
5 0.235417 0.0717593 0.0208333 0.0546296 0.00179639
12 0.702344 0.131019 0.0234375 0.0712963 0.00198965
1 0.0135417 0.397685 0.0270833 0.113889 0.00207737
0 0.263021 0.106481 0.009375 0.0481481 0.00217958
2 0.53125 0.110648 0.0125 0.0398148 0.00237373
9 0.458594 0.0657407 0.0078125 0.0296296 0.00240264
1 0.810417 0.331019 0.0197917 0.0861111 0.00243387
9 0.26276 0.0856481 0.00677083 0.0324074 0.00252149
0 0.266406 0.0981481 0.0109375 0.0537037 0.0025847
2 0.647135 0.147222 0.0348958 0.0592593 0.00301758
9 0.576042 0.0333333 0.0166667 0.062963 0.00309959
9 0.56276 0.050463 0.0182292 0.0268519 0.00330418
2 0.553385 0.111574 0.246354 0.0657407 0.0033299
2 0.354427 0.113426 0.140104 0.0657407 0.00360303
9 0.5 0.603704 0.0145833 0.0388889 0.00374144
12 0.702083 0.164815 0.0197917 0.037037 0.00378162
0 0.716406 0.370833 0.0255208 0.0287037 0.00383537
12 0.692969 0.163426 0.0078125 0.0398148 0.00412719
12 0.994271 0.500463 0.0104167 0.147222 0.00423048
2 0.782812 0.10463 0.0364583 0.0555556 0.00470204
9 0.269792 0.0509259 0.0197917 0.037037 0.00502562
9 0.583594 0.0421296 0.0119792 0.0416667 0.00520605
7 0.789323 0.0638889 0.0265625 0.0592593 0.00609078
9 0.993229 0.504167 0.0125 0.14537 0.00637368
2 0.345313 0.0949074 0.0135417 0.0305556 0.00653759
11 0.60625 0.0601852 0.0104167 0.0240741 0.00665617
2 0.814844 0.0768519 0.0171875 0.0166667 0.00675495
0 0.995833 0.327778 0.00729167 0.0555556 0.00686083
2 0.473958 0.111574 0.059375 0.0490741 0.00876293
9 0.21224 0.0657407 0.0328125 0.05 0.00943044
2 0.271875 0.110648 0.0145833 0.037963 0.0106874
2 0.441667 0.0847222 0.0145833 0.0212963 0.0110535
9 0.269271 0.0217593 0.0208333 0.037963 0.0111674
1 0.00442708 0.406481 0.00885417 0.0944444 0.0120227
2 0.592969 0.126852 0.0171875 0.0222222 0.0165961
9 0.502344 0.760185 0.0119792 0.0537037 0.0173243
7 0.323177 0.0861111 0.0380208 0.0314815 0.0188842
9 0.570573 0.0319444 0.0119792 0.0601852 0.0189141
2 0.238281 0.141667 0.0182292 0.0388889 0.0189633
2 0.344792 0.112963 0.0104167 0.037037 0.0268008
7 0.220313 0.0652778 0.05 0.0601852 0.0282594
0 0.757812 0.0925926 0.0145833 0.0796296 0.0297242
0 0.635417 0.147222 0.009375 0.05 0.0327446
2 0.488021 0.108333 0.0135417 0.0481481 0.0420927
2 0.635156 0.14537 0.0109375 0.05 0.0461517
5 0.219531 0.0652778 0.0473958 0.0546296 0.0491282
2 0.786719 0.0898148 0.0171875 0.0240741 0.0579047
7 0.380208 0.0587963 0.0458333 0.0361111 0.0580278
2 0.36224 0.062037 0.0161458 0.0296296 0.0781556
2 0.322135 0.0861111 0.0380208 0.0333333 0.111175
2 0.464063 0.114815 0.015625 0.0351852 0.160882
9 0.567448 0.0490741 0.00885417 0.0259259 0.183426
2 0.478906 0.110648 0.0182292 0.0435185 0.227718
2 0.627604 0.121759 0.025 0.0527778 0.295325
7 0.297917 0.106944 0.0385417 0.0842593 0.330659
2 0.386198 0.0597222 0.0328125 0.0342593 0.393718
2 0.50651 0.10463 0.0421875 0.062963 0.416795
7 0.50651 0.10463 0.0421875 0.062963 0.442714
2 0.31849 0.121296 0.0505208 0.0722222 0.491435
2 0.397396 0.116667 0.040625 0.0314815 0.652239
2 0.360938 0.115741 0.028125 0.0333333 0.682978
2 0.433333 0.113889 0.034375 0.0351852 0.710248
11 0.728906 0.0430556 0.0265625 0.0583333 0.779967
10 0.203906 0.316204 0.0161458 0.0712963 0.811085
2 0.729948 0.419444 0.122396 0.17037 0.902082
