9 0.547917 0.0587963 0.0104167 0.025 0.00102153
9 0.588542 0.0384259 0.015625 0.0398148 0.00106381
9 0.258073 0.075 0.0140625 0.05 0.00108072
12 0.701823 0.1625 0.0223958 0.037963 0.00112358
9 0.275 0.0393519 0.0364583 0.0768519 0.00117815
9 0.50026 0.603241 0.0151042 0.0398148 0.00126889
13 0.98776 0.518981 0.0234375 0.176852 0.00127484
2 0.817187 0.233333 0.009375 0.0444444 0.00131713
14 0.481771 0.490278 0.0145833 0.0287037 0.00134724
2 0.323958 0.103704 0.0427083 0.0518519 0.00142335
2 0.79349 0.0898148 0.0421875 0.0388889 0.00145403
2 0.779167 0.114352 0.028125 0.0490741 0.00148952
0 0.222135 0.737963 0.0244792 0.0518519 0.00149604
7 0.970573 0.520833 0.0578125 0.186111 0.00153011
1 0.810938 0.331944 0.01875 0.0861111 0.00159624
2 0.771615 0.117593 0.0140625 0.037037 0.00160707
9 0.816927 0.233796 0.00885417 0.0416667 0.00169167
9 0.566406 0.0574074 0.0109375 0.0444444 0.00171523
9 0.583594 0.0356481 0.0140625 0.0509259 0.00178796
9 0.252865 0.0865741 0.0140625 0.0342593 0.00182118
12 0.689062 0.168981 0.0135417 0.0324074 0.00217192
2 0.813281 0.0763889 0.0182292 0.0194444 0.00217835
2 0.00546875 0.156944 0.0109375 0.0416667 0.00218446
9 0.578125 0.0310185 0.0135417 0.0546296 0.00239195
2 0.240104 0.106944 0.0166667 0.0361111 0.00241411
0 0.758073 0.374537 0.0182292 0.0305556 0.00248024
2 0.0414063 0.153704 0.0828125 0.0777778 0.00251923
2 0.288802 0.0865741 0.0213542 0.0490741 0.0026128
2 0.538542 0.111111 0.29375 0.0722222 0.00264182
11 0.236979 0.0675926 0.0177083 0.0425926 0.00277418
9 0.29375 0.0537037 0.009375 0.0388889 0.00290061
12 0.692969 0.165741 0.0078125 0.0388889 0.00290504
1 0.0528646 0.151852 0.0609375 0.062963 0.00297784
9 0.263021 0.0888889 0.00729167 0.0388889 0.00317716
2 0.238802 0.141204 0.0192708 0.0398148 0.00329189
0 0.263281 0.102315 0.0078125 0.0527778 0.00329975
2 0.446615 0.10463 0.0255208 0.0425926 0.00342607
0 0.730729 0.372685 0.0239583 0.0287037 0.00342702
2 0.39375 0.109722 0.252083 0.0787037 0.00346037
0 0.266667 0.0990741 0.0114583 0.0574074 0.00367734
2 0.00911458 0.396759 0.0182292 0.115741 0.00378579
7 0.989844 0.517593 0.0192708 0.181481 0.00382188
9 0.415885 0.0106481 0.0161458 0.0212963 0.00389813
9 0.269271 0.0513889 0.0197917 0.0342593 0.00392069
2 0.439323 0.0773148 0.0119792 0.0138889 0.0042696
2 0.0148437 0.365278 0.0296875 0.0490741 0.00549962
2 0.291146 0.0717593 0.015625 0.0157407 0.00564678
0 0.00416667 0.397222 0.00833333 0.111111 0.0060279
9 0.209115 0.0657407 0.0265625 0.05 0.00695963
0 0.757292 0.075463 0.0114583 0.0472222 0.00755624
9 0.269271 0.0212963 0.0208333 0.037037 0.00758092
2 0.592448 0.126852 0.0182292 0.0240741 0.00789248
2 0.60599 0.0611111 0.00989583 0.0240741 0.00813627
2 0.270312 0.110648 0.0135417 0.037963 0.00827262
9 0.571615 0.0319444 0.0119792 0.0583333 0.00958858
2 0.0205729 0.14537 0.0411458 0.0648148 0.00970965
12 0.99349 0.508333 0.0119792 0.155556 0.0101435
2 0.363542 0.0680556 0.0114583 0.0212963 0.0106272
0 0.248437 0.733796 0.0489583 0.0527778 0.0113356
0 0.313281 0.72963 0.0421875 0.0537037 0.0131939
2 0.00390625 0.409722 0.0078125 0.0861111 0.0145123
10 0.442969 0.087963 0.0130208 0.0277778 0.0147722
5 0.220573 0.0680556 0.0505208 0.0583333 0.0151691
2 0.490885 0.107407 0.0182292 0.05 0.0178704
0 0.7125 0.373611 0.0197917 0.025 0.0187657
0 0.297396 0.730556 0.0291667 0.05 0.0229096
7 0.220052 0.0685185 0.0505208 0.062963 0.0238778
2 0.786458 0.0898148 0.015625 0.0222222 0.0241695
0 0.635677 0.146759 0.00989583 0.0509259 0.0264038
2 0.635156 0.14537 0.0109375 0.0537037 0.0280704
9 0.502344 0.759722 0.0140625 0.0564815 0.0445158
9 0.567187 0.0481481 0.00833333 0.0240741 0.0754351
2 0.298698 0.10787 0.0401042 0.0842593 0.0956844
2 0.461979 0.113426 0.0135417 0.037963 0.123022
7 0.297917 0.106944 0.040625 0.0842593 0.13165
2 0.472396 0.109722 0.0322917 0.0435185 0.275777
2 0.627344 0.121296 0.0255208 0.05 0.380094
2 0.322135 0.0875 0.0369792 0.037963 0.399968
2 0.392188 0.0666667 0.0197917 0.0277778 0.525847
2 0.414583 0.0689815 0.0322917 0.025 0.556294
2 0.50599 0.10463 0.0432292 0.0611111 0.604664
2 0.31849 0.121759 0.0494792 0.0712963 0.703328
10 0.204167 0.316667 0.015625 0.0703704 0.77876
11 0.728906 0.0435185 0.0265625 0.0574074 0.806003
2 0.729948 0.419907 0.122396 0.171296 0.911204
2 0.280729 0.798611 0.189583 0.284259 0.924273
