9 0.563021 0.05 0.01875 0.0240741 0.00101118
9 0.108333 0.0296296 0.0135417 0.037037 0.0010635
0 0.188281 0.116667 0.00677083 0.0351852 0.00108946
9 0.548177 0.0509259 0.0119792 0.0240741 0.00109397
2 0.0210938 0.138889 0.0421875 0.0537037 0.00114069
9 0.566146 0.0569444 0.0125 0.0416667 0.00122801
11 0.220573 0.0657407 0.0526042 0.0611111 0.00131748
9 0.995052 0.530556 0.00885417 0.037037 0.00140068
0 0.757292 0.131019 0.0104167 0.037963 0.00141678
7 0.984115 0.531482 0.0307292 0.216667 0.00147826
2 0.542188 0.109259 0.265625 0.0740741 0.00147992
2 0.23776 0.103704 0.0182292 0.0462963 0.00149447
11 0.239844 0.0328704 0.0213542 0.062037 0.00149592
13 0.984115 0.527778 0.0307292 0.196296 0.00164915
2 0.363281 0.0675926 0.0119792 0.0203704 0.00168007
9 0.273438 0.0421296 0.0322917 0.0805556 0.00168618
9 0.259896 0.0527778 0.0125 0.0425926 0.00168868
9 0.263021 0.0226852 0.0166667 0.0398148 0.00170089
9 0.988802 0.51713 0.0213542 0.173148 0.00170385
12 0.69375 0.164352 0.00729167 0.037963 0.00183595
9 0.589063 0.037963 0.0145833 0.0481481 0.0018614
2 0.783594 0.103704 0.0380208 0.0574074 0.00191827
2 0.650521 0.150463 0.040625 0.0583333 0.00201407
32 0.460417 0.357407 0.0125 0.0166667 0.00208316
9 0.458333 0.0648148 0.00729167 0.0314815 0.00210023
0 0.756771 0.0824074 0.0125 0.0574074 0.00215862
2 0.771615 0.114352 0.0130208 0.0268519 0.00219772
2 0.407813 0.111574 0.2875 0.0842593 0.00221919
2 0.813802 0.0768519 0.0161458 0.0185185 0.00222137
2 0.44349 0.105556 0.0213542 0.037037 0.00225411
0 0.26276 0.101389 0.00885417 0.0564815 0.0023816
2 0.777344 0.112037 0.0234375 0.0333333 0.00241903
11 0.236719 0.0694444 0.0171875 0.0444444 0.00248316
0 0.536198 0.108333 0.00989583 0.0481481 0.0026195
9 0.454427 0.31713 0.0078125 0.0175926 0.00270827
9 0.577604 0.0324074 0.0145833 0.0592593 0.00272852
0 0.442708 0.0893519 0.0145833 0.0305556 0.0027957
58 0.96849 0.496759 0.0296875 0.0861111 0.00304868
2 0.607031 0.0606481 0.0109375 0.025 0.00335478
9 0.993229 0.496759 0.0125 0.126852 0.003502
1 0.0143229 0.366667 0.0286458 0.0425926 0.00350305
9 0.583073 0.0407407 0.0109375 0.0425926 0.00383739
0 0.715625 0.372222 0.0239583 0.0277778 0.00394413
58 0.91901 0.18287 0.161979 0.362037 0.0041306
13 0.0145833 0.399074 0.0291667 0.107407 0.00467038
9 0.5 0.602315 0.0145833 0.0398148 0.00484414
2 0.532552 0.111111 0.0140625 0.0425926 0.00506043
12 0.99375 0.500463 0.0114583 0.136111 0.00546807
9 0.415885 0.0087963 0.0151042 0.0175926 0.00555226
9 0.361979 0.0694444 0.009375 0.0240741 0.0057875
7 0.220313 0.0574074 0.0520833 0.0777778 0.0061065
9 0.265625 0.0962963 0.0104167 0.0481481 0.0062113
9 0.270312 0.0509259 0.0197917 0.0407407 0.00638214
2 0.238542 0.143056 0.01875 0.037963 0.00674418
9 0.253906 0.0861111 0.0140625 0.037037 0.00675513
1 0.00442708 0.410648 0.00885417 0.0842593 0.00741626
10 0.443229 0.0888889 0.0135417 0.0296296 0.00768766
9 0.257292 0.0763889 0.0114583 0.0472222 0.00782271
9 0.208854 0.0666667 0.0260417 0.0462963 0.00971771
9 0.568229 0.0319444 0.0125 0.0564815 0.0108175
9 0.269792 0.0217593 0.01875 0.0361111 0.0120485
9 0.502344 0.760185 0.0119792 0.0537037 0.0122583
2 0.284635 0.111111 0.0130208 0.0648148 0.0135341
9 0.26276 0.087037 0.0078125 0.0333333 0.0149069
2 0.786458 0.0898148 0.0166667 0.0240741 0.0156424
1 0.0143229 0.394907 0.0286458 0.113889 0.020269
2 0.271615 0.109259 0.0140625 0.0388889 0.0233183
2 0.48776 0.108796 0.0130208 0.0472222 0.0240402
5 0.220313 0.0675926 0.0510417 0.0592593 0.033585
2 0.635156 0.148148 0.0109375 0.0555556 0.0499262
0 0.635677 0.148611 0.00989583 0.0490741 0.0586647
7 0.29974 0.107407 0.0421875 0.0833333 0.100945
2 0.461979 0.115278 0.0125 0.0342593 0.101601
2 0.30026 0.10787 0.0401042 0.0824074 0.10904
9 0.567187 0.0476852 0.009375 0.0231481 0.134609
2 0.469531 0.112037 0.0265625 0.0407407 0.182272
9 0.320573 0.0476852 0.00885417 0.0305556 0.196745
2 0.479688 0.111111 0.0208333 0.0425926 0.219956
2 0.627604 0.122222 0.025 0.0518519 0.2634
2 0.321875 0.0893519 0.0375 0.037963 0.2762
2 0.507031 0.10463 0.0411458 0.0611111 0.537664
2 0.31875 0.121296 0.05 0.0722222 0.658979
11 0.729427 0.0430556 0.0265625 0.0564815 0.703169
10 0.203906 0.315278 0.0161458 0.0712963 0.766861
2 0.5125 0.196296 0.0822917 0.114815 0.89512
2 0.729948 0.420833 0.122396 0.171296 0.917893
