2 0.0604167 0.0648148 0.0416667 0.0296296 0.00104842
7 0.970312 0.530556 0.0583333 0.212963 0.00106656
0 0.73125 0.372222 0.0260417 0.0277778 0.00107194
7 0.786979 0.0652778 0.0229167 0.0583333 0.00131978
2 0.592448 0.119444 0.0171875 0.0333333 0.00146927
2 0.270312 0.0541667 0.0197917 0.0490741 0.00158434
9 0.548177 0.0527778 0.0109375 0.0222222 0.00159603
2 0.77474 0.113889 0.0203125 0.0333333 0.00161817
2 0.536198 0.109259 0.00989583 0.0481481 0.00162633
2 0.410677 0.108796 0.270312 0.0916667 0.00176312
0 0.757292 0.0717593 0.0104167 0.0453704 0.00189767
2 0.785677 0.0833333 0.0130208 0.0240741 0.00192598
12 0.978646 0.497222 0.0395833 0.12963 0.00198523
13 0.969792 0.567593 0.0572917 0.0759259 0.00199515
9 0.991146 0.50463 0.0166667 0.148148 0.00203561
12 0.701302 0.161111 0.0192708 0.0425926 0.00218955
9 0.276042 0.0458333 0.0333333 0.0527778 0.00235557
13 0.961458 0.552778 0.0395833 0.0407407 0.00236271
9 0.218229 0.103241 0.00833333 0.0398148 0.00243798
2 0.53151 0.111111 0.0151042 0.0425926 0.00252943
13 0.99349 0.518519 0.0119792 0.17037 0.00269479
7 0.236719 0.0662037 0.0171875 0.0416667 0.00269966
2 0.255469 0.0851852 0.0213542 0.037037 0.00270841
13 0.985417 0.518056 0.028125 0.178704 0.00280556
0 0.715625 0.370833 0.0239583 0.0268519 0.00295505
1 0.009375 0.398148 0.01875 0.109259 0.00315035
2 0.302604 0.102315 0.103125 0.0935185 0.0032507
2 0.285677 0.0777778 0.0182292 0.0296296 0.00329099
0 0.75625 0.0902778 0.0135417 0.0805556 0.00330369
2 0.00416667 0.409259 0.00833333 0.0814815 0.00344015
9 0.291667 0.05 0.00833333 0.0425926 0.00356551
7 0.275521 0.0648148 0.0375 0.125926 0.00368499
1 0.0109375 0.366667 0.021875 0.0537037 0.00375928
0 0.263281 0.0916667 0.0078125 0.0462963 0.00420079
9 0.502604 0.75787 0.0135417 0.0564815 0.00428001
9 0.220052 0.0888889 0.00989583 0.012963 0.00433387
9 0.49974 0.601389 0.0151042 0.0416667 0.00436118
32 0.453646 0.3125 0.00833333 0.0157407 0.00443314
2 0.442969 0.106944 0.0151042 0.0564815 0.00481055
9 0.569792 0.0310185 0.0145833 0.0583333 0.00497165
12 0.702083 0.138426 0.0208333 0.0861111 0.00501974
0 0.282292 0.0875 0.00833333 0.0342593 0.00546933
2 0.350781 0.106944 0.110937 0.0842593 0.0058793
1 0.00442708 0.399537 0.00885417 0.0990741 0.00611235
2 0.784375 0.0888889 0.0114583 0.0185185 0.00683091
12 0.99349 0.493519 0.0119792 0.125926 0.00733387
2 0.339844 0.0990741 0.0151042 0.0518519 0.00792177
0 0.266927 0.0976852 0.00989583 0.0564815 0.00799576
9 0.269792 0.0486111 0.01875 0.037963 0.00959744
2 0.269792 0.10787 0.0125 0.037963 0.0122002
2 0.290885 0.0717593 0.0130208 0.0157407 0.0130646
2 0.60599 0.0597222 0.00989583 0.0287037 0.0148082
5 0.220313 0.0652778 0.0510417 0.0546296 0.0173845
7 0.219531 0.0643518 0.0505208 0.0583333 0.0209635
0 0.634896 0.147685 0.009375 0.0509259 0.0232262
2 0.375 0.05 0.0302083 0.0314815 0.0246087
2 0.442708 0.0856481 0.0145833 0.0231481 0.0289603
9 0.567187 0.0472222 0.00833333 0.0240741 0.0331369
2 0.479948 0.0925926 0.0140625 0.0314815 0.0407425
2 0.294792 0.104167 0.028125 0.0731481 0.0461696
2 0.392448 0.0666667 0.0151042 0.0296296 0.0879005
7 0.377604 0.0652778 0.04375 0.0453704 0.146884
7 0.355469 0.0546296 0.0359375 0.0425926 0.185388
7 0.505729 0.103241 0.0427083 0.0638889 0.428603
2 0.505729 0.103241 0.0427083 0.0638889 0.431093
2 0.321615 0.0884259 0.0380208 0.0398148 0.444801
2 0.627083 0.121296 0.0260417 0.0518519 0.450696
2 0.460417 0.106481 0.0479167 0.0611111 0.537284
2 0.377865 0.100463 0.0401042 0.062037 0.665613
2 0.317969 0.12037 0.0505208 0.0703704 0.780301
11 0.728906 0.0416667 0.0276042 0.0518519 0.813241
10 0.204427 0.314352 0.0161458 0.0694444 0.818636
2 0.729688 0.418981 0.122917 0.173148 0.904242
