2 0.970312 0.506481 0.0552083 0.153704 0.00102506
2 0.641146 0.152315 0.0197917 0.062037 0.00103218
2 0.322656 0.0472222 0.0380208 0.037037 0.00104349
9 0.588281 0.037963 0.0161458 0.0462963 0.00104591
2 0.529688 0.0986111 0.0177083 0.0601852 0.00107748
9 0.559375 0.0282407 0.021875 0.0509259 0.00112408
2 0.778646 0.103241 0.0270833 0.0490741 0.00114262
9 0.261198 0.05 0.0140625 0.0444444 0.00131879
0 0.73125 0.370833 0.0260417 0.0305556 0.00134755
2 0.794271 0.0842593 0.0291667 0.0259259 0.00143074
12 0.692969 0.161574 0.0078125 0.0435185 0.0014535
2 0.775521 0.12037 0.0197917 0.0388889 0.0015431
0 0.442448 0.0981481 0.0171875 0.05 0.00155035
0 0.0541667 0.114815 0.0114583 0.05 0.0016344
2 0.586979 0.422685 0.591667 0.180556 0.00165814
9 0.441146 0.224537 0.009375 0.0157407 0.00167881
7 0.28125 0.0740741 0.034375 0.138889 0.00170292
9 0.561719 0.05 0.0192708 0.0240741 0.00175582
12 0.702083 0.136111 0.0229167 0.0796296 0.0018614
0 0.26276 0.106944 0.00885417 0.0453704 0.00188422
9 0.50026 0.60463 0.0151042 0.0407407 0.0019047
9 0.176563 0.510648 0.0375 0.0416667 0.00192243
2 0.961719 0.553704 0.0380208 0.0388889 0.00195036
7 0.990365 0.519907 0.0182292 0.184259 0.00197864
2 0.81224 0.0768519 0.0171875 0.0166667 0.00205535
2 0.442708 0.0888889 0.0135417 0.0296296 0.00209702
12 0.702083 0.164352 0.0208333 0.037963 0.00213834
2 0.292708 0.101389 0.0739583 0.0972222 0.00220627
9 0.416146 0.012037 0.0166667 0.0240741 0.0022697
12 0.995313 0.535185 0.00833333 0.0703704 0.00247199
2 0.240625 0.106019 0.0166667 0.0361111 0.00249868
1 0.00520833 0.360648 0.0104167 0.0824074 0.00251246
9 0.582812 0.0407407 0.0125 0.0425926 0.00299645
12 0.988802 0.502778 0.0192708 0.135185 0.00307935
9 0.43776 0.200926 0.00885417 0.0388889 0.00318701
2 0.40026 0.106944 0.257812 0.0787037 0.00319939
2 0.531771 0.107407 0.13125 0.0592593 0.00354627
9 0.263021 0.0875 0.00833333 0.0342593 0.00361852
0 0.715365 0.37037 0.0244792 0.0296296 0.00381706
9 0.258594 0.0740741 0.0119792 0.0481481 0.00404445
9 0.27526 0.0375 0.0348958 0.0731481 0.004049
13 0.00572917 0.368056 0.0114583 0.0657407 0.00411099
2 0.034375 0.0685185 0.0208333 0.0203704 0.00411288
9 0.252604 0.0861111 0.0135417 0.0351852 0.00413032
9 0.216927 0.0578704 0.0265625 0.0546296 0.00417225
2 0.00546875 0.0921296 0.0109375 0.0453704 0.00421887
9 0.845833 0.176852 0.00625 0.0277778 0.0044823
0 0.75625 0.0837963 0.0125 0.0601852 0.00451378
9 0.207031 0.0671296 0.0213542 0.0435185 0.00463096
11 0.236979 0.0685185 0.0166667 0.0425926 0.0047556
9 0.219792 0.0875 0.0114583 0.0157407 0.00485026
2 0.364062 0.0666667 0.0114583 0.0222222 0.00501458
1 0.0117188 0.380093 0.0234375 0.113889 0.00545562
2 0.0588542 0.0680556 0.034375 0.0305556 0.00576795
9 0.572917 0.0310185 0.0145833 0.0583333 0.00644056
2 0.339844 0.0861111 0.0119792 0.0333333 0.00660447
9 0.26849 0.0578704 0.0171875 0.0305556 0.00667003
2 0.238802 0.141204 0.0182292 0.0416667 0.00753856
10 0.442708 0.087963 0.0125 0.0296296 0.00973337
12 0.994792 0.50463 0.009375 0.15 0.0117924
0 0.635677 0.148148 0.00989583 0.05 0.0118742
11 0.60651 0.0601852 0.00989583 0.0240741 0.0120342
2 0.592708 0.127315 0.0177083 0.0231481 0.0120667
2 0.635417 0.146296 0.0104167 0.05 0.0121855
2 0.342969 0.0657407 0.0119792 0.0222222 0.0134406
13 0.0140625 0.393981 0.028125 0.115741 0.0140464
13 0.00442708 0.396296 0.00885417 0.109259 0.0161218
2 0.271615 0.108796 0.0140625 0.0416667 0.016455
2 0.785937 0.0888889 0.0145833 0.0240741 0.0193542
9 0.269271 0.0305556 0.0208333 0.0537037 0.0195107
7 0.21849 0.0634259 0.0473958 0.0638889 0.0200418
2 0.298958 0.0689815 0.0177083 0.0194444 0.020387
9 0.502344 0.759259 0.0130208 0.0555556 0.0298795
2 0.322396 0.0759259 0.040625 0.037037 0.0687983
9 0.567187 0.0476852 0.00833333 0.0231481 0.0760997
2 0.320052 0.0944444 0.0442708 0.0314815 0.0959899
2 0.304948 0.0625 0.0192708 0.0231481 0.109458
2 0.463542 0.110648 0.015625 0.0416667 0.15187
2 0.29401 0.109722 0.0286458 0.0768519 0.183481
2 0.52474 0.0763889 0.0276042 0.0398148 0.230015
2 0.32474 0.0578704 0.0296875 0.0268519 0.266519
2 0.476562 0.108796 0.0333333 0.0453704 0.334289
2 0.627344 0.121296 0.0255208 0.05 0.438363
2 0.50651 0.103704 0.0411458 0.062963 0.580744
10 0.204167 0.31713 0.0166667 0.0712963 0.747577
2 0.31875 0.120833 0.0510417 0.0712963 0.756089
11 0.729427 0.0430556 0.0265625 0.0564815 0.783316
2 0.729688 0.419444 0.122917 0.172222 0.917443
