2 0.656771 0.138889 0.0791667 0.087037 0.0010048
0 0.738802 0.37037 0.0286458 0.0333333 0.00100992
0 0.23776 0.136574 0.0192708 0.0472222 0.00105413
2 0.610156 0.0648148 0.0276042 0.0351852 0.00107894
2 0.753906 0.158796 0.0130208 0.0194444 0.00109099
7 0.792188 0.062037 0.0333333 0.0574074 0.00109186
9 0.577344 0.0328704 0.0151042 0.0601852 0.00109227
9 0.260417 0.05 0.0125 0.0444444 0.00109769
9 0.728125 0.00787037 0.028125 0.0157407 0.00120491
9 0.454688 0.315741 0.00729167 0.0166667 0.00122686
9 0.238281 0.0731481 0.0182292 0.0518519 0.0012558
9 0.301042 0.0486111 0.0229167 0.0398148 0.0012879
7 0.970052 0.53287 0.0588542 0.212037 0.00129313
0 0.51224 0.205556 0.0151042 0.037037 0.00130027
9 0.582812 0.0421296 0.0125 0.0416667 0.0013191
12 0.702083 0.136574 0.0229167 0.087963 0.00133081
2 0.221094 0.128241 0.0546875 0.0694444 0.00142905
2 0.743229 0.175463 0.0208333 0.0305556 0.00143321
2 0.300781 0.0768519 0.0255208 0.0259259 0.00148896
7 0.9875 0.525926 0.0239583 0.196296 0.00149346
11 0.221354 0.0680556 0.0510417 0.0546296 0.00153611
58 0.96875 0.493519 0.03125 0.0907407 0.00153993
9 0.817448 0.233796 0.0078125 0.037963 0.00154202
2 0.617708 0.1125 0.0458333 0.0564815 0.00161639
0 0.442969 0.0976852 0.0182292 0.0490741 0.0018405
9 0.269792 0.025463 0.0197917 0.0324074 0.0019265
2 0.442969 0.0884259 0.0140625 0.0287037 0.00193856
9 0.415885 0.0087963 0.0151042 0.0175926 0.00204545
2 0.59401 0.125463 0.0151042 0.025 0.00204947
0 0.75651 0.373148 0.0203125 0.0314815 0.00210912
2 0.785417 0.10463 0.0416667 0.0574074 0.0021461
2 0.640365 0.151852 0.0171875 0.062963 0.00220204
9 0.500521 0.602315 0.0145833 0.0398148 0.00232052
0 0.26224 0.103241 0.00989583 0.0546296 0.00233534
9 0.270312 0.05 0.01875 0.037037 0.00249708
2 0.411719 0.110648 0.280729 0.0824074 0.00260092
9 0.264844 0.037037 0.0140625 0.0444444 0.00275809
58 0.91901 0.185648 0.161979 0.363889 0.0028112
7 0.300781 0.106481 0.0776042 0.0907407 0.00281386
0 0.757031 0.122222 0.0140625 0.0481481 0.00315772
9 0.266406 0.0597222 0.0130208 0.0287037 0.0031778
9 0.109896 0.0291667 0.0125 0.037963 0.00321851
11 0.236719 0.0694444 0.0182292 0.0444444 0.00326921
2 0.363542 0.0685185 0.0125 0.0203704 0.00345886
9 0.361719 0.0703704 0.00989583 0.0222222 0.00362944
0 0.715104 0.372685 0.025 0.0268519 0.00416382
2 0.772135 0.112963 0.0140625 0.0240741 0.00438776
12 0.99349 0.500926 0.0119792 0.137037 0.00467897
2 0.650521 0.15 0.0385417 0.0592593 0.00469662
9 0.265625 0.0949074 0.0104167 0.0490741 0.00475306
9 0.992708 0.497685 0.0135417 0.128704 0.00485061
1 0.0122396 0.368981 0.0244792 0.0453704 0.00535037
9 0.443229 0.0884259 0.0135417 0.0287037 0.00542896
2 0.3375 0.0884259 0.015625 0.0305556 0.0061831
9 0.566406 0.0324074 0.0130208 0.0574074 0.0068128
9 0.502604 0.758796 0.0135417 0.0583333 0.00724074
2 0.779688 0.105556 0.028125 0.037037 0.00751046
2 0.607031 0.0606481 0.0109375 0.025 0.00815092
13 0.0132813 0.397685 0.0265625 0.108333 0.00824212
1 0.00520833 0.400926 0.0104167 0.103704 0.00889917
5 0.221094 0.0685185 0.0505208 0.0555556 0.00930617
7 0.220573 0.0675926 0.0505208 0.0574074 0.00949072
9 0.252865 0.0856481 0.0130208 0.037963 0.00958386
2 0.279427 0.0921296 0.0119792 0.0305556 0.00994703
9 0.256771 0.0768519 0.0114583 0.0462963 0.0103933
9 0.208333 0.0671296 0.0229167 0.0435185 0.01074
0 0.757292 0.0763889 0.0114583 0.0472222 0.0114459
2 0.271875 0.110185 0.0145833 0.037037 0.0136394
9 0.2625 0.0865741 0.00833333 0.0342593 0.0152164
2 0.486979 0.109259 0.0145833 0.0462963 0.0163399
2 0.238542 0.140741 0.0197917 0.0425926 0.0166693
2 0.813802 0.075463 0.0182292 0.0175926 0.0201938
1 0.0117188 0.398148 0.0234375 0.109259 0.0273025
2 0.635677 0.146759 0.0109375 0.0527778 0.0452588
2 0.786458 0.0898148 0.0166667 0.0222222 0.0534207
0 0.635938 0.148148 0.009375 0.0518519 0.0595476
9 0.567448 0.0481481 0.00885417 0.0240741 0.0789929
2 0.297917 0.106944 0.0333333 0.0805556 0.0977059
2 0.46224 0.113426 0.0130208 0.0361111 0.103214
7 0.298958 0.106944 0.0375 0.0824074 0.128438
2 0.321354 0.0916667 0.0385417 0.0314815 0.160229
2 0.472135 0.111574 0.0317708 0.0416667 0.25056
9 0.307552 0.0462963 0.00885417 0.0277778 0.268982
2 0.627865 0.123148 0.0255208 0.0518519 0.384002
2 0.506771 0.105093 0.0416667 0.062037 0.531795
2 0.31875 0.120833 0.05 0.0712963 0.682815
11 0.729427 0.0435185 0.0265625 0.0574074 0.683675
10 0.203906 0.315741 0.0161458 0.0722222 0.764659
2 0.523438 0.219444 0.0885417 0.125926 0.887463
2 0.729948 0.419907 0.122396 0.171296 0.918161
