9 0.276563 0.0601852 0.0395833 0.116667 0.00106462
9 0.591927 0.0412037 0.0109375 0.0342593 0.00108526
7 0.276563 0.0412037 0.0375 0.0805556 0.00110029
2 0.577604 0.420833 0.536458 0.180556 0.00116729
1 0.0283854 0.160185 0.0567708 0.0888889 0.00121738
7 0.788802 0.0634259 0.0255208 0.062037 0.00125033
12 0.701823 0.142593 0.0234375 0.0814815 0.00125921
7 0.147396 0.0888889 0.0645833 0.0777778 0.0013401
2 0.442708 0.099537 0.0177083 0.0472222 0.00134777
1 0.170052 0.564815 0.0984375 0.131481 0.00142006
2 0.850781 0.318519 0.0973958 0.111111 0.00145218
2 0.641667 0.151852 0.0208333 0.062963 0.00147679
2 0.654948 0.136111 0.0807292 0.0851852 0.00166195
0 0.715885 0.371759 0.0234375 0.0287037 0.0017173
9 0.995313 0.52963 0.00833333 0.0574074 0.00185818
2 0.417188 0.112037 0.282292 0.0833333 0.0018686
11 0.239844 0.037963 0.0213542 0.0740741 0.00187115
1 0.00572917 0.361574 0.0114583 0.0824074 0.00216916
9 0.577344 0.0333333 0.0151042 0.0611111 0.00219146
9 0.291406 0.0717593 0.0130208 0.0157407 0.00224383
9 0.264062 0.087037 0.0104167 0.0333333 0.00228903
2 0.454167 0.112037 0.123958 0.0685185 0.00230366
58 0.967969 0.497222 0.0296875 0.0833333 0.00250835
2 0.55651 0.111574 0.281771 0.0731481 0.00258456
2 0.363542 0.0675926 0.0114583 0.0203704 0.00260672
0 0.756771 0.118519 0.0145833 0.0407407 0.00271272
7 0.993229 0.518981 0.0125 0.171296 0.00284217
12 0.693229 0.164352 0.00729167 0.0398148 0.0029687
2 0.813542 0.0759259 0.0177083 0.0166667 0.00297335
1 0.0119792 0.36713 0.0239583 0.0490741 0.00312263
9 0.3625 0.0694444 0.009375 0.0222222 0.00317448
2 0.782812 0.099537 0.0385417 0.0472222 0.00325524
9 0.583333 0.0375 0.0125 0.0509259 0.003258
9 0.21901 0.0810185 0.0161458 0.0305556 0.00353179
11 0.236979 0.0689815 0.0177083 0.0472222 0.00362655
9 0.994271 0.510648 0.0104167 0.156481 0.00364759
11 0.60599 0.0606481 0.00989583 0.025 0.00369131
9 0.415625 0.00925926 0.015625 0.0185185 0.00371922
2 0.442708 0.0884259 0.0135417 0.0287037 0.00385486
9 0.458333 0.0652778 0.00729167 0.0305556 0.00386281
7 0.970312 0.530093 0.0583333 0.206481 0.00399979
2 0.238542 0.140741 0.01875 0.0425926 0.00410433
9 0.293229 0.0564815 0.0104167 0.0407407 0.00424094
12 0.994531 0.502315 0.00989583 0.143519 0.0047759
0 0.266927 0.0990741 0.0109375 0.0537037 0.00529576
0 0.28724 0.114352 0.0161458 0.0712963 0.00554101
1 0.810417 0.331019 0.01875 0.0824074 0.0055635
1 0.209375 0.558333 0.0229167 0.125926 0.00628428
2 0.300781 0.101852 0.0328125 0.0759259 0.00651673
2 0.532031 0.112037 0.0140625 0.0444444 0.00668342
9 0.569531 0.0314815 0.0130208 0.0574074 0.00797257
0 0.216146 0.943056 0.021875 0.110185 0.00865497
2 0.270833 0.109259 0.0135417 0.0388889 0.00910595
9 0.502344 0.759722 0.0119792 0.0527778 0.00927106
9 0.209635 0.0671296 0.0265625 0.0490741 0.00963335
2 0.592969 0.126852 0.0161458 0.0222222 0.0103083
2 0.635156 0.143519 0.0109375 0.0481481 0.010709
0 0.757292 0.0884259 0.0145833 0.0805556 0.0108959
7 0.220313 0.0680556 0.0510417 0.0601852 0.0124198
1 0.0104167 0.394907 0.0208333 0.117593 0.0128878
9 0.442708 0.087963 0.0125 0.0277778 0.0137627
1 0.00390625 0.421759 0.0078125 0.062037 0.0140325
24 0.194271 0.46713 0.0229167 0.0657407 0.01656
5 0.220833 0.0671296 0.05 0.0564815 0.0180179
2 0.790104 0.087037 0.0197917 0.0222222 0.0205128
2 0.491146 0.106944 0.01875 0.0509259 0.0279184
2 0.292708 0.111574 0.025 0.0675926 0.0339075
9 0.567187 0.0476852 0.00833333 0.0231481 0.0387742
7 0.299219 0.105093 0.0348958 0.0768519 0.0393209
9 0.269271 0.037037 0.0229167 0.0703704 0.0529917
24 0.204427 0.452778 0.0286458 0.0703704 0.0659796
2 0.466146 0.111111 0.0197917 0.0407407 0.222399
2 0.479688 0.109259 0.0208333 0.0444444 0.296735
2 0.322917 0.0851852 0.0364583 0.0333333 0.349213
2 0.627083 0.121759 0.0260417 0.0527778 0.463628
1 0.200521 0.566204 0.0239583 0.123148 0.526676
2 0.505729 0.104167 0.0427083 0.062037 0.629696
2 0.31875 0.120833 0.0510417 0.0712963 0.682005
11 0.729167 0.0430556 0.0270833 0.0564815 0.792599
10 0.204167 0.315278 0.015625 0.0712963 0.795502
0 0.202604 0.506481 0.0395833 0.190741 0.845093
2 0.729948 0.419444 0.122396 0.172222 0.902508
