0 0.896094 0.262037 0.00885417 0.0259259 0.00105357
9 0.582812 0.0444444 0.0114583 0.037037 0.00106813
12 0.984115 0.503704 0.0307292 0.140741 0.00109414
7 0.969792 0.531482 0.059375 0.214815 0.00109583
12 0.693229 0.1625 0.00729167 0.0416667 0.00110941
2 0.561198 0.113889 0.181771 0.0759259 0.00114356
2 0.363542 0.0685185 0.0114583 0.0185185 0.00116087
9 0.260677 0.0481481 0.0130208 0.0425926 0.00117964
9 0.5625 0.050463 0.0197917 0.025 0.00118108
58 0.96849 0.496296 0.0286458 0.087037 0.00119874
13 0.96224 0.555556 0.0390625 0.0407407 0.00120375
12 0.702083 0.162963 0.0229167 0.0407407 0.00120757
9 0.429688 0.0625 0.00833333 0.0324074 0.00121721
9 0.263021 0.0259259 0.0166667 0.0481481 0.00122165
2 0.755208 0.15787 0.0104167 0.0175926 0.00122385
9 0.272656 0.0416667 0.0317708 0.0796296 0.00127783
0 0.85599 0.0833333 0.0140625 0.0222222 0.0013004
0 0.73151 0.372222 0.0265625 0.0296296 0.00139761
9 0.114583 0.025 0.0145833 0.0407407 0.00140118
7 0.789323 0.062963 0.0286458 0.0574074 0.00145472
7 0.989844 0.518519 0.0192708 0.185185 0.00157994
2 0.0619792 0.0689815 0.03125 0.0212963 0.0016354
9 0.990885 0.514815 0.0171875 0.168519 0.00172949
2 0.273177 0.117593 0.0213542 0.0444444 0.00185786
2 0.577344 0.123611 0.0494792 0.037963 0.00186938
9 0.236458 0.062963 0.0166667 0.0351852 0.00191396
9 0.50026 0.603241 0.0151042 0.0398148 0.00195537
9 0.258333 0.0777778 0.0114583 0.0425926 0.0019571
9 0.995313 0.531944 0.00833333 0.0564815 0.00197767
2 0.218229 0.137037 0.059375 0.05 0.00202813
0 0.817448 0.234722 0.0078125 0.037963 0.00216442
2 0.0111979 0.37037 0.0223958 0.0555556 0.0022259
2 0.75651 0.116667 0.0151042 0.0333333 0.00222804
9 0.458333 0.0652778 0.00833333 0.0305556 0.00226185
9 0.266927 0.0592593 0.0130208 0.0277778 0.00231682
2 0.201562 0.244907 0.0177083 0.0138889 0.00235249
9 0.570312 0.0324074 0.0135417 0.0574074 0.00236418
1 0.810156 0.332407 0.0203125 0.087037 0.00246056
9 0.252865 0.0865741 0.0130208 0.0361111 0.00261903
2 0.388542 0.112963 0.207292 0.0722222 0.00271093
2 0.443229 0.087037 0.015625 0.0277778 0.00276289
2 0.649479 0.149537 0.0395833 0.0564815 0.00294975
7 0.219792 0.0675926 0.05 0.0592593 0.00297091
11 0.239844 0.0328704 0.0213542 0.0601852 0.00303456
2 0.817187 0.0717593 0.0125 0.0157407 0.00309458
2 0.772135 0.110648 0.0140625 0.0194444 0.00312282
9 0.414844 0.00925926 0.0140625 0.0185185 0.00326897
9 0.266146 0.0958333 0.009375 0.0527778 0.00333163
2 0.285677 0.12037 0.0140625 0.0574074 0.00351347
2 0.816667 0.0833333 0.0135417 0.0296296 0.00368338
2 0.420833 0.112963 0.111458 0.0537037 0.00368864
0 0.715365 0.373611 0.0244792 0.0268519 0.00381377
9 0.269531 0.0481481 0.0203125 0.0388889 0.00386201
9 0.429688 0.0462963 0.00833333 0.0148148 0.00393938
11 0.236979 0.0666667 0.0166667 0.0388889 0.00397029
9 0.294271 0.0546296 0.009375 0.037037 0.00423727
13 0.0125 0.395833 0.025 0.113889 0.00498981
2 0.270312 0.110648 0.0125 0.0361111 0.00538833
1 0.00911458 0.397685 0.0182292 0.113889 0.00616762
5 0.220833 0.0675926 0.05 0.0611111 0.00660831
2 0.781771 0.100926 0.0322917 0.0425926 0.00731641
2 0.798698 0.0847222 0.0369792 0.0287037 0.00884566
9 0.442708 0.0875 0.0125 0.0287037 0.00901936
12 0.993229 0.504167 0.0125 0.14537 0.00932275
2 0.461979 0.116667 0.0145833 0.0351852 0.0102633
9 0.26901 0.0217593 0.0203125 0.037963 0.010683
2 0.592969 0.125 0.0171875 0.0277778 0.0118729
2 0.813542 0.0763889 0.01875 0.0175926 0.0119962
0 0.531771 0.111574 0.015625 0.0472222 0.0126326
9 0.26276 0.0856481 0.0078125 0.0324074 0.0137279
13 0.0046875 0.406944 0.009375 0.0916667 0.013749
9 0.217448 0.0638889 0.0234375 0.0462963 0.014031
11 0.60651 0.0606481 0.00989583 0.025 0.0145076
2 0.527083 0.075 0.01875 0.0314815 0.0161259
2 0.0046875 0.55787 0.009375 0.0398148 0.0181147
9 0.209115 0.0671296 0.0223958 0.0435185 0.0184106
2 0.238281 0.14213 0.0182292 0.037963 0.0217462
9 0.502604 0.760648 0.0135417 0.0546296 0.033399
2 0.53151 0.111574 0.0151042 0.0472222 0.0352823
7 0.528646 0.0768519 0.01875 0.0296296 0.0357864
2 0.789844 0.0893519 0.0182292 0.0231481 0.0406295
2 0.294271 0.106944 0.0302083 0.0768519 0.0416651
0 0.635417 0.147685 0.0104167 0.0490741 0.0438076
11 0.527865 0.075463 0.0192708 0.0287037 0.0462188
9 0.567448 0.0490741 0.00885417 0.0240741 0.0638766
7 0.30026 0.105093 0.0348958 0.0768519 0.0781942
2 0.635156 0.146296 0.0119792 0.0518519 0.0784858
2 0.454688 0.114815 0.0208333 0.0333333 0.16158
2 0.321875 0.0847222 0.0364583 0.0305556 0.289925
2 0.627344 0.121296 0.0265625 0.05 0.417029
2 0.475 0.110185 0.0333333 0.0444444 0.446303
2 0.506771 0.105556 0.0395833 0.0611111 0.530679
10 0.204167 0.316204 0.0166667 0.0712963 0.664984
2 0.31875 0.122222 0.0510417 0.0703704 0.719999
2 0.419271 0.117593 0.05 0.0333333 0.778965
11 0.728906 0.0430556 0.0276042 0.0564815 0.806894
2 0.729688 0.419444 0.122917 0.172222 0.887917
