0 0.514583 0.311111 0.583333 0.466667 0.0010205
2 0.808594 0.0717593 0.0109375 0.0212963 0.00102061
9 0.415885 0.0125 0.0161458 0.025 0.00102925
7 0.970573 0.528241 0.0578125 0.199074 0.00105635
9 0.292188 0.0532407 0.009375 0.0453704 0.00105756
1 0.614844 0.22963 0.0119792 0.0555556 0.00108874
9 0.280208 0.0740741 0.0375 0.138889 0.00114336
9 0.192188 0.0842593 0.00729167 0.0203704 0.00123045
2 0.536719 0.109259 0.00989583 0.0481481 0.00131718
2 0.509896 0.110185 0.31875 0.0722222 0.0013569
9 0.995313 0.530093 0.00833333 0.0416667 0.0014475
9 0.689583 0.168519 0.0135417 0.037037 0.00146422
9 0.582812 0.0337963 0.01875 0.0638889 0.00149259
9 0.253646 0.0875 0.0135417 0.0324074 0.00151494
13 0.970833 0.522685 0.0572917 0.173148 0.00152326
0 0.26276 0.111111 0.00989583 0.0407407 0.00152478
0 0.613281 0.225463 0.00989583 0.0527778 0.00157434
0 0.513021 0.223148 0.0114583 0.0537037 0.00164734
2 0.655729 0.141667 0.0822917 0.0851852 0.0017409
2 0.810938 0.0851852 0.01875 0.0203704 0.00174939
2 0.775 0.118519 0.0197917 0.037037 0.00185847
9 0.469271 0.409722 0.0104167 0.0231481 0.00189928
0 0.757812 0.375463 0.01875 0.0287037 0.00191208
9 0.5625 0.0509259 0.0197917 0.0259259 0.00192891
9 0.55651 0.0263889 0.0276042 0.0509259 0.00195785
0 0.730729 0.372222 0.0354167 0.0314815 0.00199636
0 0.690365 0.16713 0.0130208 0.0398148 0.0020812
12 0.973698 0.497222 0.0401042 0.12037 0.00210776
2 0.689583 0.169907 0.0135417 0.037963 0.00215919
9 0.590365 0.0333333 0.0151042 0.0611111 0.00225624
9 0.441406 0.226852 0.00885417 0.0166667 0.00227728
2 0.788281 0.0810185 0.0213542 0.0324074 0.00238132
9 0.258854 0.0712963 0.0114583 0.0462963 0.00240267
9 0.548437 0.0481481 0.0114583 0.0277778 0.00251906
11 0.236979 0.0675926 0.0166667 0.0407407 0.00264901
9 0.267448 0.0958333 0.0109375 0.0472222 0.00268528
2 0.197917 0.246296 0.025 0.0148148 0.00288913
2 0.291406 0.0717593 0.0109375 0.0175926 0.00306376
9 0.989323 0.498148 0.0192708 0.122222 0.00330499
2 0.532292 0.112037 0.0135417 0.0425926 0.00353695
2 0.295312 0.107407 0.0864583 0.0814815 0.00359996
0 0.709115 0.373148 0.0192708 0.0277778 0.0036227
0 0.180208 0.728241 0.172917 0.471296 0.00446822
9 0.21276 0.0569444 0.0338542 0.0546296 0.00460768
1 0.809375 0.331944 0.021875 0.0916667 0.00468548
2 0.653125 0.151852 0.0447917 0.062963 0.00493077
5 0.220573 0.0717593 0.0515625 0.0546296 0.00512599
0 0.561979 0.249537 0.0322917 0.037963 0.00521621
7 0.789844 0.0652778 0.0276042 0.0638889 0.00529509
0 0.717448 0.372222 0.0234375 0.0277778 0.00588023
9 0.264323 0.0814815 0.0119792 0.0314815 0.00602835
0 0.442448 0.0976852 0.0171875 0.0472222 0.00613466
11 0.60625 0.0597222 0.009375 0.0231481 0.00619306
2 0.434115 0.108333 0.175521 0.0537037 0.00723221
2 0.351562 0.109259 0.0885417 0.0555556 0.00736255
9 0.220573 0.087037 0.00989583 0.0166667 0.00809378
1 0.00390625 0.409259 0.0078125 0.0814815 0.00815637
12 0.984375 0.496759 0.0166667 0.119444 0.00826378
9 0.454427 0.312037 0.0078125 0.0222222 0.00897476
12 0.995313 0.489815 0.00833333 0.118519 0.0100516
2 0.635417 0.149537 0.0114583 0.0546296 0.0103092
2 0.272135 0.111111 0.0140625 0.0351852 0.0104059
1 0.0138021 0.368981 0.0276042 0.0546296 0.0110238
2 0.592708 0.127778 0.0177083 0.0222222 0.0120866
2 0.363281 0.0731481 0.0109375 0.0277778 0.0131984
2 0.813802 0.0763889 0.0161458 0.0138889 0.0152414
9 0.572135 0.0314815 0.0151042 0.0592593 0.0165261
0 0.635417 0.15 0.009375 0.05 0.0180811
9 0.442969 0.087037 0.0130208 0.0259259 0.0193859
2 0.785417 0.0893519 0.015625 0.0231481 0.0244596
2 0.461979 0.114352 0.0135417 0.0342593 0.0247041
9 0.207031 0.0680556 0.0192708 0.0435185 0.0254185
9 0.502604 0.759259 0.0114583 0.0555556 0.0265658
2 0.238281 0.140741 0.0192708 0.0407407 0.0340612
1 0.00989583 0.395833 0.0197917 0.110185 0.0348749
0 0.757031 0.0912037 0.0140625 0.0731481 0.04187
2 0.442708 0.087037 0.0135417 0.0259259 0.0506489
9 0.222656 0.0564815 0.0130208 0.0333333 0.0807462
2 0.291927 0.114815 0.0255208 0.0703704 0.0876179
9 0.567448 0.0486111 0.00885417 0.025 0.0996592
2 0.322135 0.0851852 0.0380208 0.0333333 0.292691
9 0.269271 0.0347222 0.021875 0.0657407 0.325816
7 0.50625 0.10463 0.0427083 0.062963 0.339515
2 0.348437 0.115278 0.0177083 0.0361111 0.357337
2 0.475 0.109259 0.0354167 0.0462963 0.441538
2 0.50625 0.104167 0.0427083 0.062037 0.501006
2 0.627865 0.121759 0.0255208 0.0509259 0.517298
2 0.31875 0.122685 0.05 0.0694444 0.731937
10 0.203646 0.316204 0.0166667 0.0712963 0.760159
11 0.729167 0.0430556 0.0270833 0.0564815 0.763994
2 0.386458 0.0856481 0.0270833 0.0398148 0.774096
7 0.561458 0.28287 0.108333 0.191667 0.859666
2 0.729948 0.419444 0.122396 0.172222 0.911896
