12 0.978125 0.503241 0.0427083 0.143519 0.00100405
0 0.995833 0.323148 0.00729167 0.0685185 0.00100603
0 0.945573 0.191667 0.00885417 0.0462963 0.00103307
0 0.420833 0.380093 0.564583 0.486111 0.00104206
2 0.813281 0.0763889 0.0192708 0.0175926 0.00108159
13 0.971354 0.518056 0.05625 0.175 0.00109728
0 0.755729 0.114815 0.0166667 0.0351852 0.00114852
9 0.348437 0.025 0.0135417 0.037037 0.0011696
1 0.176823 0.280556 0.0151042 0.0407407 0.00122331
0 0.709375 0.373148 0.01875 0.0277778 0.00122531
12 0.702344 0.164815 0.0203125 0.0388889 0.00123937
2 0.417969 0.110185 0.304688 0.0833333 0.00125638
9 0.27474 0.050463 0.0348958 0.0990741 0.00126099
11 0.236979 0.0694444 0.0177083 0.0444444 0.0012752
10 0.198437 0.315278 0.0364583 0.0768519 0.00137157
1 0.00494792 0.456944 0.00989583 0.223148 0.00137344
9 0.49974 0.602315 0.0140625 0.0398148 0.00139023
0 0.263281 0.0921296 0.0078125 0.0490741 0.00144148
0 0.717448 0.371759 0.0223958 0.0268519 0.00150891
10 0.216406 0.321296 0.0192708 0.0685185 0.00151314
7 0.27474 0.0657407 0.0369792 0.131481 0.0015504
2 0.656771 0.1375 0.0729167 0.0787037 0.00169017
12 0.692448 0.164352 0.00885417 0.0416667 0.00175145
32 0.454167 0.315278 0.00833333 0.0138889 0.00179328
9 0.548177 0.0587963 0.0109375 0.025 0.00186825
2 0.363542 0.0675926 0.0114583 0.0222222 0.00194519
13 0.961458 0.55463 0.0385417 0.0444444 0.00200937
9 0.3625 0.0481481 0.0104167 0.0388889 0.00225439
9 0.269271 0.049537 0.0197917 0.037963 0.00229445
1 0.00572917 0.363426 0.0114583 0.0824074 0.00229687
2 0.482292 0.109722 0.0708333 0.0638889 0.00230593
2 0.782552 0.100463 0.0380208 0.0490741 0.00233121
2 0.442969 0.105093 0.0182292 0.0435185 0.00237303
2 0.572135 0.109722 0.224479 0.0675926 0.00238542
0 0.442448 0.0888889 0.0130208 0.0314815 0.00244016
7 0.221615 0.0564815 0.0546875 0.0962963 0.00246365
58 0.96849 0.495833 0.0296875 0.0842593 0.00279205
2 0.288542 0.0763889 0.01875 0.0324074 0.00284991
2 0.238281 0.14213 0.0182292 0.037963 0.00307731
2 0.60625 0.0597222 0.0104167 0.0231481 0.00343705
9 0.570052 0.0319444 0.0130208 0.0583333 0.00346219
2 0.651042 0.148148 0.0427083 0.0611111 0.00358977
9 0.502604 0.760648 0.0135417 0.0527778 0.0036162
2 0.28776 0.0939815 0.0171875 0.0564815 0.00369716
2 0.286719 0.115741 0.0140625 0.0648148 0.00425857
2 0.592969 0.125463 0.0171875 0.025 0.00478974
0 0.283594 0.0875 0.00885417 0.0305556 0.00517019
5 0.213021 0.0657407 0.034375 0.0592593 0.00521782
1 0.226042 0.352778 0.0291667 0.103704 0.00616778
9 0.3625 0.0680556 0.009375 0.025 0.00622041
12 0.994271 0.5 0.0104167 0.140741 0.00653882
9 0.458333 0.0657407 0.00729167 0.0296296 0.00714849
7 0.2125 0.0657407 0.034375 0.0592593 0.00750527
9 0.207292 0.0689815 0.021875 0.0453704 0.00792158
2 0.270052 0.108796 0.0130208 0.0398148 0.00793345
9 0.293229 0.0560185 0.009375 0.0435185 0.00847215
2 0.301042 0.105556 0.040625 0.0777778 0.0086975
2 0.293229 0.0703704 0.0104167 0.0185185 0.00904235
1 0.0117188 0.371296 0.0234375 0.0537037 0.00912625
2 0.469271 0.10787 0.03125 0.0472222 0.0101517
9 0.439844 0.210185 0.0130208 0.0555556 0.0103286
9 0.269531 0.0189815 0.0192708 0.0342593 0.0104877
1 0.00442708 0.4 0.00885417 0.103704 0.0145285
2 0.789583 0.0884259 0.0197917 0.025 0.0159952
0 0.285156 0.109722 0.0140625 0.075 0.0182829
0 0.757292 0.0759259 0.0125 0.0481481 0.0197262
2 0.634635 0.139815 0.0109375 0.0462963 0.0234049
9 0.442708 0.0875 0.0125 0.0287037 0.0234087
1 0.0101562 0.397222 0.0203125 0.111111 0.0273066
9 0.567187 0.0481481 0.00833333 0.0240741 0.0525198
2 0.490365 0.106944 0.0171875 0.0509259 0.0551307
2 0.464844 0.113426 0.0171875 0.0361111 0.132232
2 0.479167 0.109722 0.0197917 0.0435185 0.273083
2 0.322135 0.0847222 0.0369792 0.0342593 0.356795
1 0.235938 0.358333 0.0239583 0.1 0.456536
2 0.626823 0.121296 0.0255208 0.0555556 0.459889
2 0.505729 0.103704 0.04375 0.062963 0.589385
2 0.318229 0.121296 0.0510417 0.0703704 0.751859
0 0.23724 0.318519 0.0307292 0.140741 0.782766
11 0.728906 0.0430556 0.0276042 0.0546296 0.812802
10 0.204948 0.315278 0.0171875 0.0712963 0.845022
2 0.729427 0.419444 0.122396 0.17037 0.902226
