58 0.960677 0.28287 0.0421875 0.14537 0.00101064
9 0.816667 0.234259 0.009375 0.0407407 0.00103782
2 0.816927 0.233333 0.00989583 0.0407407 0.00108944
12 0.702083 0.164352 0.01875 0.037963 0.00110851
2 0.285417 0.075 0.0229167 0.0314815 0.00112217
9 0.416146 0.0101852 0.015625 0.0203704 0.00112859
13 0.970573 0.541204 0.0578125 0.139815 0.00118024
9 0.261198 0.049537 0.0140625 0.0435185 0.00118226
2 0.783594 0.104167 0.0380208 0.0546296 0.00118437
58 0.995573 0.326389 0.0078125 0.0546296 0.00118996
9 0.263802 0.0875 0.00885417 0.0361111 0.00120924
12 0.988281 0.516204 0.0223958 0.169444 0.00122835
13 0.98724 0.518519 0.0244792 0.174074 0.00126891
7 0.794792 0.0615741 0.0375 0.0638889 0.00141995
2 0.295312 0.10463 0.0875 0.0962963 0.00145251
9 0.991146 0.505556 0.0166667 0.148148 0.00159502
2 0.772656 0.113889 0.0151042 0.0296296 0.00163684
2 0.79401 0.0861111 0.0328125 0.0314815 0.00170095
2 0.223177 0.137037 0.0494792 0.05 0.00170865
9 0.50026 0.602778 0.0161458 0.0388889 0.00171302
12 0.995052 0.524537 0.00885417 0.0583333 0.00193433
9 0.290104 0.0259259 0.0114583 0.0351852 0.00195406
11 0.221354 0.0648148 0.0510417 0.062963 0.00201887
0 0.717448 0.372685 0.0255208 0.0268519 0.00205498
0 0.00494792 0.376852 0.00989583 0.103704 0.00211493
0 0.26276 0.106481 0.00885417 0.0481481 0.00213376
2 0.453906 0.112037 0.354688 0.0944444 0.00245138
0 0.266667 0.0990741 0.0104167 0.0537037 0.00270112
2 0.650521 0.15 0.0395833 0.0592593 0.0028149
2 0.363542 0.0685185 0.0114583 0.0222222 0.00290752
2 0.0257812 0.352778 0.0494792 0.0222222 0.0029693
9 0.28724 0.0365741 0.0130208 0.0601852 0.00316794
9 0.291406 0.0712963 0.0109375 0.0166667 0.00325384
9 0.292969 0.0523148 0.0078125 0.0435185 0.00351612
7 0.221094 0.0810185 0.0494792 0.0805556 0.00411035
2 0.0255208 0.370833 0.0510417 0.0638889 0.0041889
9 0.567448 0.0319444 0.0109375 0.0583333 0.00439885
2 0.239844 0.106944 0.0151042 0.037963 0.00577264
9 0.269531 0.0546296 0.0182292 0.0351852 0.00591326
9 0.3625 0.0689815 0.009375 0.0231481 0.00608763
2 0.0122396 0.369444 0.0244792 0.0462963 0.00646816
9 0.218229 0.087037 0.00833333 0.0166667 0.00660907
2 0.432813 0.0847222 0.009375 0.0287037 0.0070251
12 0.99375 0.496759 0.0114583 0.130556 0.00769351
0 0.75625 0.0962963 0.0145833 0.0796296 0.00806111
9 0.271354 0.037037 0.0260417 0.0703704 0.00824399
9 0.115104 0.0240741 0.01875 0.0425926 0.00880429
2 0.271875 0.108333 0.0145833 0.0407407 0.00938294
5 0.213542 0.062037 0.034375 0.062963 0.00994365
2 0.308073 0.0800926 0.0192708 0.0342593 0.0100016
1 0.0244792 0.39537 0.0489583 0.112963 0.0103977
2 0.592969 0.125926 0.0171875 0.0222222 0.0123672
9 0.502344 0.760185 0.0119792 0.0537037 0.0127939
12 0.755729 0.0939815 0.0135417 0.0768519 0.0129532
11 0.23776 0.0685185 0.0161458 0.0425926 0.0134994
2 0.635156 0.145833 0.0109375 0.0546296 0.0152208
0 0.635417 0.148148 0.009375 0.0518519 0.0170764
2 0.785937 0.0907407 0.015625 0.0222222 0.0177557
7 0.455729 0.1 0.0489583 0.0703704 0.0217045
11 0.60625 0.0583333 0.009375 0.0259259 0.0229644
9 0.567187 0.0481481 0.00833333 0.0240741 0.0250853
7 0.213542 0.062037 0.0354167 0.0648148 0.0256978
1 0.009375 0.397685 0.01875 0.110185 0.0266478
9 0.269792 0.0240741 0.0197917 0.0407407 0.0299836
2 0.238281 0.141204 0.0182292 0.0416667 0.0346779
1 0.00442708 0.404167 0.00885417 0.0972222 0.0386506
9 0.429948 0.0578704 0.00677083 0.0305556 0.0630547
2 0.291667 0.108796 0.0260417 0.075 0.0845769
0 0.430208 0.0615741 0.00729167 0.0342593 0.13835
2 0.48125 0.10787 0.0166667 0.0490741 0.161143
2 0.627344 0.120833 0.0255208 0.0490741 0.313382
2 0.322135 0.0875 0.0369792 0.037963 0.328963
7 0.50651 0.104167 0.0421875 0.062037 0.368317
2 0.50651 0.104167 0.0421875 0.062037 0.507635
2 0.455729 0.100463 0.0479167 0.0694444 0.618299
10 0.203646 0.315278 0.0166667 0.0712963 0.693142
2 0.31849 0.121296 0.0515625 0.0703704 0.736719
11 0.729167 0.0425926 0.0270833 0.0555556 0.806269
2 0.729948 0.419444 0.122396 0.17037 0.909981
