2 0.532031 0.181944 0.00989583 0.0194444 0.00102524
32 0.460417 0.355556 0.0114583 0.0148148 0.00103038
2 0.39974 0.105556 0.263021 0.0814815 0.00104616
2 0.655208 0.133333 0.0833333 0.0888889 0.00113637
9 0.547656 0.0527778 0.0109375 0.0240741 0.00113813
0 0.730729 0.372222 0.0260417 0.0277778 0.00114883
2 0.0320312 0.106019 0.0463542 0.0509259 0.00118056
9 0.3625 0.0444444 0.009375 0.0314815 0.00118843
2 0.255729 0.0865741 0.0197917 0.0361111 0.00119957
5 0.228385 0.0708333 0.0338542 0.0490741 0.00122559
2 0.446354 0.11713 0.025 0.0212963 0.0013115
9 0.18724 0.0805556 0.0078125 0.0277778 0.0013419
7 0.991667 0.519907 0.015625 0.176852 0.00147113
0 0.717708 0.372222 0.0270833 0.0277778 0.00150403
2 0.238542 0.140278 0.01875 0.0416667 0.00154848
2 0.779167 0.101389 0.0322917 0.0509259 0.00179866
9 0.360417 0.0638889 0.009375 0.0222222 0.00181681
9 0.236458 0.0685185 0.0166667 0.0444444 0.0018223
7 0.970312 0.52963 0.0583333 0.207407 0.00186154
0 0.709115 0.373148 0.0192708 0.0277778 0.00187053
0 0.756771 0.374537 0.0208333 0.0324074 0.00192144
7 0.213542 0.0611111 0.0375 0.0666667 0.00193613
2 0.291146 0.0703704 0.0114583 0.0148148 0.00194802
7 0.0575521 0.136111 0.108854 0.125926 0.00195599
2 0.0132813 0.386574 0.0265625 0.134259 0.00205304
9 0.56875 0.0314815 0.0125 0.0574074 0.0022119
9 0.219531 0.103241 0.0109375 0.037963 0.00226547
0 0.263281 0.0921296 0.0078125 0.0453704 0.00234393
9 0.275781 0.0398148 0.0380208 0.0777778 0.00248404
58 0.967708 0.494907 0.028125 0.087963 0.00266358
2 0.565885 0.106944 0.217187 0.0657407 0.00285791
0 0.266667 0.0986111 0.0104167 0.0564815 0.00288911
9 0.992448 0.518056 0.0140625 0.176852 0.00299519
7 0.316927 0.107407 0.0578125 0.0907407 0.00311082
7 0.276302 0.0597222 0.0380208 0.119444 0.00314518
2 0.814583 0.0768519 0.0166667 0.0203704 0.00336524
12 0.691146 0.163889 0.009375 0.0388889 0.00354576
13 0.0140625 0.390741 0.028125 0.12037 0.00362471
11 0.236458 0.0648148 0.0166667 0.037037 0.00371301
7 0.78776 0.0652778 0.0223958 0.0601852 0.00386835
13 0.0125 0.364815 0.025 0.05 0.0038758
13 0.961979 0.554167 0.0395833 0.0398148 0.00387969
2 0.635156 0.150926 0.0109375 0.0611111 0.00450028
13 0.969792 0.511574 0.0552083 0.149074 0.00461022
12 0.993229 0.505556 0.0125 0.153704 0.0046888
9 0.292188 0.0541667 0.00729167 0.037963 0.00491201
0 0.284635 0.100463 0.0119792 0.062037 0.00512415
2 0.442187 0.0856481 0.0125 0.0231481 0.00528085
1 0.0143229 0.36713 0.0286458 0.0546296 0.00573627
13 0.970573 0.558333 0.0578125 0.0981481 0.0060442
2 0.269531 0.109722 0.0119792 0.037963 0.00612333
9 0.269271 0.0513889 0.0208333 0.0361111 0.0062322
13 0.992448 0.517593 0.0140625 0.172222 0.00723975
2 0.46276 0.0680556 0.0151042 0.025 0.00756167
0 0.755208 0.0884259 0.0135417 0.0731481 0.00758888
1 0.00963542 0.389815 0.0192708 0.125926 0.00759078
9 0.5 0.602778 0.015625 0.0444444 0.00789616
2 0.285417 0.11713 0.0145833 0.0657407 0.00858108
9 0.502344 0.760648 0.0130208 0.0601852 0.00909429
10 0.442187 0.0856481 0.0125 0.0231481 0.00964614
9 0.214583 0.0675926 0.0395833 0.0518519 0.00965822
9 0.207031 0.0685185 0.0192708 0.0425926 0.0108808
2 0.29375 0.106019 0.0291667 0.0712963 0.011053
2 0.786198 0.087963 0.0161458 0.0240741 0.0115836
2 0.00390625 0.419444 0.0078125 0.0648148 0.0127083
2 0.473177 0.0842593 0.0328125 0.0388889 0.0131199
2 0.491927 0.10787 0.0192708 0.0490741 0.0135802
9 0.26901 0.0175926 0.0213542 0.0314815 0.0144479
2 0.483073 0.105093 0.0505208 0.0527778 0.016135
7 0.291146 0.106019 0.03125 0.0824074 0.017435
2 0.60599 0.0597222 0.00989583 0.0268519 0.0195341
9 0.566667 0.0476852 0.00833333 0.0231481 0.0392227
0 0.635156 0.149074 0.00885417 0.0518519 0.0392835
9 0.219792 0.0898148 0.00833333 0.0148148 0.0417361
2 0.480208 0.0921296 0.0260417 0.0212963 0.0619347
2 0.463021 0.1125 0.0145833 0.0361111 0.0724658
9 0.222396 0.0587963 0.0114583 0.0361111 0.0815161
2 0.321875 0.0847222 0.0375 0.0342593 0.259506
2 0.471354 0.111574 0.0302083 0.0398148 0.27972
2 0.480469 0.0694444 0.0255208 0.0277778 0.372895
2 0.626562 0.12037 0.0260417 0.0518519 0.458704
2 0.505469 0.104167 0.0421875 0.062037 0.496042
10 0.203906 0.315741 0.0161458 0.0703704 0.63288
2 0.317969 0.121296 0.0515625 0.0703704 0.676365
11 0.728906 0.0416667 0.0276042 0.0537037 0.800695
7 0.486719 0.213889 0.0921875 0.138889 0.887487
2 0.729167 0.419444 0.122917 0.17037 0.910892
