11 0.236198 0.0694444 0.0192708 0.0481481 0.00100571
2 0.77474 0.121759 0.0192708 0.0398148 0.00100852
0 0.714583 0.365278 0.034375 0.0398148 0.00101697
9 0.469792 0.414815 0.0104167 0.0277778 0.00102464
0 0.259896 0.101852 0.015625 0.0740741 0.0010323
32 0.454427 0.315278 0.0078125 0.012037 0.0010524
2 0.781771 0.10463 0.0364583 0.0555556 0.00111171
2 0.801562 0.0847222 0.0395833 0.0361111 0.00113051
2 0.796875 0.0606481 0.0416667 0.0546296 0.00114901
2 0.0119792 0.36713 0.0239583 0.0435185 0.00124676
1 0.0390625 0.172685 0.0479167 0.0564815 0.00125385
0 0.188802 0.736111 0.167187 0.488889 0.00131385
2 0.0138021 0.131481 0.0265625 0.0314815 0.00140809
9 0.260417 0.0430556 0.0125 0.0509259 0.00141529
5 0.235677 0.0722222 0.0213542 0.0537037 0.00150493
2 0.655208 0.140278 0.0802083 0.087963 0.0015817
9 0.220833 0.0861111 0.0114583 0.0185185 0.00172858
2 0.00546875 0.087963 0.0109375 0.0333333 0.00176236
7 0.796094 0.0615741 0.0401042 0.0564815 0.00177444
2 0.550781 0.103241 0.201562 0.0768519 0.00182087
0 0.702344 0.629167 0.0296875 0.0398148 0.00189291
9 0.564844 0.0314815 0.0203125 0.0592593 0.00189738
2 0.296094 0.100463 0.0880208 0.0898148 0.00193571
0 0.757292 0.075463 0.0104167 0.0435185 0.00205262
1 0.0101562 0.398148 0.0203125 0.114815 0.00218086
1 0.0117188 0.366667 0.0234375 0.0537037 0.00218911
0 0.282552 0.0986111 0.0078125 0.0435185 0.00235536
1 0.00442708 0.4 0.00885417 0.105556 0.00244399
0 0.263021 0.10463 0.00833333 0.0518519 0.00263245
2 0.284896 0.108333 0.0125 0.062963 0.00268268
9 0.253385 0.0847222 0.0119792 0.037963 0.00277759
11 0.242188 0.0388889 0.025 0.0740741 0.00298793
9 0.565625 0.0439815 0.0104167 0.0361111 0.00305828
0 0.756771 0.0907407 0.0145833 0.0740741 0.00314907
9 0.995052 0.535648 0.00885417 0.0583333 0.00316006
9 0.257812 0.075 0.0104167 0.0462963 0.00331459
9 0.26276 0.0888889 0.0078125 0.0407407 0.00338103
2 0.267188 0.0986111 0.0125 0.0583333 0.0034503
9 0.361979 0.0675926 0.009375 0.0277778 0.00361967
2 0.384375 0.103241 0.229167 0.0842593 0.00404043
0 0.646615 0.630556 0.0328125 0.0388889 0.00412464
12 0.702865 0.1375 0.0234375 0.0805556 0.00412966
9 0.36224 0.0439815 0.00989583 0.0324074 0.00417828
1 0.809635 0.331944 0.0213542 0.0916667 0.00427474
9 0.4375 0.198611 0.009375 0.0342593 0.00434615
9 0.215885 0.0541667 0.0276042 0.0472222 0.00438761
9 0.266146 0.0615741 0.0125 0.0268519 0.00443783
2 0.785937 0.0902778 0.0166667 0.0194444 0.00476801
7 0.970573 0.531018 0.0578125 0.199074 0.00511592
0 0.732292 0.37037 0.028125 0.0296296 0.00540541
2 0.238802 0.139815 0.0192708 0.0444444 0.00563929
9 0.964583 0.505556 0.0208333 0.0648148 0.0058091
9 0.594792 0.0412037 0.00833333 0.0305556 0.00608093
0 0.75651 0.375 0.0192708 0.0296296 0.00640019
9 0.500521 0.603704 0.015625 0.0407407 0.00720534
9 0.995052 0.495833 0.00885417 0.125 0.00844457
2 0.270833 0.109259 0.0135417 0.0407407 0.00908093
9 0.269792 0.0231481 0.0197917 0.0388889 0.00969877
0 0.635156 0.148611 0.00989583 0.0472222 0.00986794
9 0.207552 0.0671296 0.0223958 0.0416667 0.0104483
9 0.976302 0.500463 0.0411458 0.128704 0.0110538
0 0.71224 0.371296 0.0203125 0.0259259 0.0164155
2 0.304948 0.0574074 0.0296875 0.0314815 0.0174238
9 0.567708 0.0490741 0.00833333 0.0240741 0.0186799
7 0.220313 0.0662037 0.0520833 0.0601852 0.0304508
2 0.485677 0.10787 0.0203125 0.0509259 0.0304888
5 0.220313 0.0652778 0.0520833 0.0564815 0.0421516
10 0.44375 0.087963 0.0135417 0.0351852 0.042559
0 0.442448 0.0981481 0.0171875 0.0555556 0.0481519
11 0.60625 0.0611111 0.0104167 0.0259259 0.0504477
2 0.296354 0.102315 0.0270833 0.0694444 0.0522038
9 0.502604 0.758796 0.0125 0.0509259 0.0549984
2 0.305469 0.0689815 0.0307292 0.0305556 0.0818211
2 0.311198 0.0819444 0.0328125 0.0305556 0.0854562
2 0.442448 0.0666667 0.0151042 0.0314815 0.109489
2 0.627865 0.122222 0.0244792 0.0518519 0.177921
2 0.472396 0.109722 0.0322917 0.0453704 0.205185
2 0.322396 0.087963 0.0385417 0.037037 0.285824
2 0.43151 0.0685185 0.0171875 0.0259259 0.49362
2 0.458854 0.0652778 0.04375 0.0342593 0.529243
2 0.50625 0.10463 0.0416667 0.062963 0.571266
11 0.729948 0.0435185 0.0265625 0.0574074 0.682536
2 0.319271 0.122222 0.0489583 0.0685185 0.800437
10 0.203906 0.315278 0.0171875 0.0712963 0.822296
2 0.730208 0.418981 0.122917 0.173148 0.911469
2 0.666927 0.7 0.166146 0.240741 0.917384
