9 0.359896 0.0638889 0.00833333 0.0203704 0.00100227
2 0.491927 0.113426 0.373437 0.0916667 0.00107452
7 0.434115 0.106481 0.297396 0.1 0.00107758
7 0.146354 0.0898148 0.06875 0.0777778 0.00110464
11 0.728906 0.0680556 0.0296875 0.110185 0.00112765
0 0.816406 0.233796 0.00885417 0.0361111 0.00115936
9 0.98125 0.498611 0.0364583 0.137963 0.00116013
7 0.991406 0.518519 0.0161458 0.187037 0.00119255
2 0.559375 0.114815 0.177083 0.0833333 0.00127231
2 0.65651 0.132407 0.0776042 0.0759259 0.00136557
0 0.204427 0.293519 0.0182292 0.037037 0.00138764
9 0.547917 0.0532407 0.0104167 0.0231481 0.00139072
0 0.178646 0.286574 0.0177083 0.0416667 0.00139795
0 0.229687 0.289815 0.021875 0.0333333 0.00146986
0 0.194531 0.302778 0.0151042 0.0259259 0.00150349
9 0.5 0.601389 0.015625 0.0416667 0.00150495
0 0.757292 0.375 0.0197917 0.0314815 0.00160634
12 0.702344 0.123611 0.0213542 0.0564815 0.0016417
2 0.592969 0.124074 0.0161458 0.0277778 0.00173084
13 0.961979 0.552778 0.040625 0.0388889 0.00177171
0 0.73151 0.371759 0.0265625 0.0287037 0.00184467
7 0.28776 0.0958333 0.0723958 0.106481 0.00195044
2 0.255729 0.087037 0.0197917 0.0425926 0.00206048
12 0.701823 0.15463 0.0203125 0.0555556 0.00215098
12 0.69401 0.162037 0.00677083 0.0388889 0.00235187
0 0.263542 0.0935185 0.009375 0.0555556 0.0028108
0 0.166927 0.283796 0.0213542 0.0342593 0.00293094
2 0.778125 0.102778 0.028125 0.0388889 0.0029656
2 0.467187 0.0824074 0.0375 0.0351852 0.00297967
58 0.96875 0.494444 0.0302083 0.0888889 0.00310054
13 0.96901 0.566667 0.0557292 0.0685185 0.00312036
9 0.572396 0.0305556 0.0135417 0.0574074 0.00321869
9 0.502604 0.758796 0.0135417 0.0564815 0.00345903
0 0.296094 0.297685 0.0109375 0.0231481 0.00406102
7 0.236719 0.0675926 0.0171875 0.0481481 0.00411913
0 0.288021 0.108333 0.0197917 0.0796296 0.00434386
1 0.0247396 0.392593 0.0494792 0.118519 0.00447374
2 0.269531 0.0486111 0.0192708 0.0361111 0.00489406
0 0.714583 0.370833 0.025 0.0268519 0.00503624
7 0.970573 0.522222 0.0578125 0.198148 0.00527213
2 0.285677 0.0805556 0.0203125 0.0351852 0.00538283
9 0.26875 0.0347222 0.0229167 0.0657407 0.00591188
7 0.316927 0.106019 0.0505208 0.0898148 0.00642532
2 0.786719 0.0833333 0.0161458 0.0222222 0.00648962
13 0.992448 0.516204 0.0140625 0.175 0.00709678
0 0.19349 0.290741 0.0192708 0.0351852 0.00724765
9 0.992708 0.501389 0.0135417 0.149074 0.00812299
0 0.283333 0.0837963 0.009375 0.0305556 0.00861386
13 0.970833 0.518056 0.0572917 0.180556 0.00918398
1 0.00390625 0.414352 0.0078125 0.0731481 0.0106921
0 0.755469 0.0888889 0.0161458 0.0796296 0.0109342
9 0.565365 0.0444444 0.00989583 0.0314815 0.0124427
2 0.270312 0.105093 0.0135417 0.0453704 0.0133927
7 0.289844 0.1 0.0234375 0.0703704 0.0143504
2 0.289844 0.0712963 0.0140625 0.012963 0.0163363
2 0.784115 0.0893519 0.0151042 0.0194444 0.0167039
7 0.275521 0.0638889 0.0385417 0.125926 0.0181454
2 0.605729 0.0587963 0.0104167 0.0268519 0.0182411
5 0.220313 0.0643518 0.05 0.0601852 0.0185581
0 0.634896 0.147222 0.0104167 0.0518519 0.0254058
7 0.219271 0.0652778 0.0520833 0.0731481 0.0256865
2 0.29401 0.102778 0.0286458 0.0685185 0.0309952
2 0.634375 0.146759 0.0125 0.0564815 0.0375707
1 0.0109375 0.394907 0.021875 0.113889 0.0389292
2 0.435156 0.0861111 0.0119792 0.0203704 0.0674366
2 0.321615 0.0856481 0.0390625 0.0361111 0.374857
7 0.50651 0.102778 0.0411458 0.062963 0.42537
2 0.50651 0.103241 0.0411458 0.0638889 0.459525
2 0.627344 0.12037 0.0255208 0.0537037 0.59172
7 0.460938 0.106019 0.0541667 0.087963 0.713508
2 0.318229 0.119907 0.0510417 0.0694444 0.801073
11 0.728646 0.0407407 0.0270833 0.0518519 0.820876
7 0.211979 0.347222 0.25 0.205556 0.874687
2 0.729427 0.418981 0.123438 0.171296 0.907681
