0 0.44375 0.780556 0.771875 0.337037 0.00101026
9 0.548177 0.0532407 0.0109375 0.025 0.00102854
13 0.961198 0.555093 0.0369792 0.0398148 0.00104564
13 0.969271 0.566204 0.0541667 0.0657407 0.00104817
2 0.270052 0.0731481 0.0182292 0.0555556 0.00113512
9 0.817448 0.235185 0.00885417 0.0388889 0.00116516
9 0.440104 0.214815 0.0135417 0.0574074 0.00122398
2 0.783854 0.100926 0.0395833 0.0518519 0.00127459
2 0.657552 0.138426 0.0744792 0.0842593 0.00131892
1 0.0111979 0.366667 0.0223958 0.05 0.00133968
7 0.970833 0.521759 0.0572917 0.186111 0.00134383
0 0.483594 0.321296 0.660937 0.322222 0.00138534
7 0.990625 0.516204 0.0177083 0.178704 0.00143148
13 0.972396 0.519444 0.0541667 0.175926 0.00143925
12 0.701563 0.165278 0.0197917 0.037963 0.00164277
9 0.582812 0.0384259 0.0135417 0.0509259 0.00171218
1 0.0127604 0.393056 0.0255208 0.119444 0.0017591
2 0.555729 0.422685 0.595833 0.182407 0.00177312
2 0.60625 0.0601852 0.0104167 0.0240741 0.00181948
11 0.239583 0.0342593 0.021875 0.0648148 0.00184387
2 0.364062 0.0671296 0.0114583 0.0194444 0.00184846
2 0.269531 0.0486111 0.0192708 0.0342593 0.00186703
7 0.789583 0.0657407 0.025 0.062963 0.00195635
2 0.297396 0.106944 0.078125 0.0916667 0.00200039
9 0.294271 0.0569444 0.009375 0.0342593 0.00204916
9 0.3625 0.0467593 0.009375 0.0361111 0.00205638
0 0.263021 0.0925926 0.00833333 0.05 0.00234219
2 0.00859375 0.39537 0.0171875 0.118519 0.00234937
0 0.453646 0.485185 0.728125 0.709259 0.00235149
2 0.288542 0.0796296 0.0229167 0.0388889 0.00260177
2 0.648698 0.149074 0.0380208 0.0574074 0.00268485
0 0.313021 0.69537 0.0666667 0.0703704 0.00272978
0 0.730469 0.372685 0.0255208 0.0287037 0.00273586
0 0.157031 0.856019 0.156771 0.271296 0.00293079
0 0.357292 0.268519 0.021875 0.0296296 0.00308927
0 0.361979 0.0685185 0.00833333 0.0259259 0.00318015
7 0.276823 0.0722222 0.0390625 0.138889 0.00321026
12 0.701823 0.141204 0.0234375 0.0842593 0.00325222
0 0.75651 0.375463 0.0203125 0.0287037 0.00332749
2 0.411458 0.109722 0.291667 0.0787037 0.00337853
2 0.44974 0.113426 0.0317708 0.0287037 0.00338559
2 0.568229 0.109722 0.229167 0.0657407 0.0036317
0 0.995573 0.326852 0.0078125 0.0518519 0.00371067
0 0.390625 0.269907 0.0270833 0.0361111 0.00394917
2 0.442708 0.0861111 0.0135417 0.0259259 0.00400539
9 0.572917 0.0310185 0.0145833 0.0583333 0.00448029
9 0.219271 0.0824074 0.015625 0.0277778 0.00451888
9 0.994792 0.503241 0.009375 0.147222 0.00538455
9 0.269531 0.0194444 0.0203125 0.0351852 0.00555846
9 0.207552 0.0689815 0.0213542 0.0453704 0.00565702
12 0.99375 0.50787 0.0114583 0.152778 0.0062665
12 0.692708 0.164815 0.00833333 0.0388889 0.00656985
0 0.755469 0.0851852 0.0130208 0.062963 0.00706634
2 0.293229 0.0689815 0.0114583 0.0175926 0.00710792
2 0.238281 0.141667 0.0182292 0.0388889 0.00784379
11 0.23724 0.0662037 0.0161458 0.037963 0.0080435
7 0.214323 0.0662037 0.0380208 0.0601852 0.00804777
0 0.713021 0.372222 0.0208333 0.0259259 0.00806812
2 0.480729 0.108796 0.05625 0.0583333 0.00876565
2 0.00390625 0.411111 0.0078125 0.0833333 0.0113949
2 0.789323 0.0884259 0.0203125 0.025 0.0123017
2 0.271875 0.108333 0.0145833 0.0425926 0.0124287
2 0.592188 0.125 0.0177083 0.0240741 0.0128101
1 0.00416667 0.393981 0.00833333 0.117593 0.0142388
9 0.502344 0.759722 0.0119792 0.0546296 0.0152881
9 0.442448 0.0865741 0.0130208 0.025 0.0173377
0 0.635156 0.149074 0.00989583 0.0518519 0.0175817
2 0.634635 0.146296 0.0109375 0.0537037 0.0243344
7 0.295833 0.107407 0.0364583 0.0833333 0.0366223
0 0.282292 0.705556 0.0395833 0.0555556 0.0370827
2 0.4875 0.107407 0.0135417 0.05 0.037321
9 0.566927 0.0476852 0.0078125 0.0231481 0.0437735
0 0.300781 0.702315 0.0369792 0.0527778 0.0520072
2 0.291927 0.109722 0.0276042 0.0787037 0.0546908
2 0.463281 0.110648 0.0161458 0.0416667 0.108419
0 0.347396 0.702778 0.0458333 0.0611111 0.15759
2 0.472396 0.109259 0.0322917 0.0444444 0.28263
2 0.322135 0.087963 0.0380208 0.037037 0.35043
2 0.626562 0.122222 0.0260417 0.0518519 0.515392
2 0.505729 0.104167 0.0427083 0.062037 0.565721
10 0.203906 0.316204 0.0151042 0.0712963 0.713547
2 0.317969 0.121296 0.0515625 0.0703704 0.73405
11 0.729167 0.0435185 0.0270833 0.0555556 0.803276
2 0.375 0.304167 0.0989583 0.137963 0.899013
2 0.729948 0.419444 0.122396 0.17037 0.914003
2 0.316146 0.762963 0.183333 0.266667 0.92094
