9 0.590365 0.0314815 0.0171875 0.0611111 0.00100549
0 0.361979 0.210185 0.0197917 0.0240741 0.00102878
5 0.222396 0.0759259 0.0541667 0.0648148 0.00110011
2 0.6625 0.151389 0.065625 0.0657407 0.00113966
9 0.117188 0.0222222 0.01875 0.037037 0.00118694
2 0.416667 0.0222222 0.0177083 0.0259259 0.00120623
2 0.363542 0.0657407 0.0114583 0.0203704 0.00124086
11 0.240625 0.0351852 0.021875 0.0685185 0.00125325
9 0.360938 0.0638889 0.0104167 0.0222222 0.00125816
2 0.790625 0.0893519 0.01875 0.0212963 0.00127931
0 0.542708 0.278241 0.55 0.45463 0.00129463
9 0.259635 0.0773148 0.0119792 0.0546296 0.00132744
9 0.215365 0.0634259 0.0380208 0.0546296 0.00133576
11 0.738542 0.0634259 0.015625 0.0231481 0.00153441
2 0.23776 0.141204 0.0192708 0.0416667 0.00156016
9 0.583854 0.0347222 0.015625 0.062037 0.00158181
9 0.415625 0.0115741 0.015625 0.0231481 0.00162364
9 0.261458 0.0453704 0.0135417 0.0481481 0.00168544
9 0.29375 0.0564815 0.009375 0.037037 0.00173272
0 0.758594 0.0703704 0.00885417 0.0444444 0.00174774
0 0.361719 0.0675926 0.00885417 0.0277778 0.00180917
2 0.599479 0.425463 0.752083 0.187963 0.00181352
7 0.215625 0.0606481 0.0354167 0.0546296 0.0018354
9 0.576042 0.0328704 0.015625 0.0638889 0.00200789
2 0.438021 0.106019 0.34375 0.0953704 0.00210357
2 0.774479 0.121296 0.01875 0.0407407 0.00223121
9 0.255208 0.0884259 0.0135417 0.0361111 0.00232565
9 0.36224 0.0444444 0.00885417 0.0296296 0.00239962
9 0.28099 0.0861111 0.00677083 0.0259259 0.00250558
0 0.757552 0.0893519 0.0119792 0.0824074 0.00255706
9 0.594792 0.0439815 0.0104167 0.0324074 0.00262879
0 0.732552 0.373148 0.0328125 0.0277778 0.00277323
9 0.23724 0.0685185 0.0140625 0.0407407 0.00284211
12 0.965625 0.501389 0.0229167 0.075 0.00289773
9 0.964063 0.501389 0.0197917 0.0694444 0.00291656
0 0.263281 0.102778 0.0078125 0.05 0.0030214
9 0.561458 0.0476852 0.0208333 0.0268519 0.00315792
2 0.2875 0.114352 0.0177083 0.075 0.0032635
12 0.702344 0.139352 0.0234375 0.0861111 0.00333521
2 0.784115 0.0921296 0.0130208 0.0194444 0.00352201
12 0.982813 0.500926 0.0208333 0.127778 0.00366995
9 0.266146 0.0976852 0.0104167 0.0509259 0.00390805
9 0.547917 0.0509259 0.0104167 0.0240741 0.00401073
0 0.758333 0.375926 0.0166667 0.0277778 0.00401666
32 0.454427 0.312963 0.0078125 0.0166667 0.00422397
12 0.972135 0.494907 0.0369792 0.113889 0.00423848
2 0.292188 0.0689815 0.009375 0.0194444 0.00436278
9 0.207552 0.0657407 0.0182292 0.0388889 0.00494315
9 0.983594 0.493981 0.0192708 0.115741 0.00508943
9 0.995573 0.487963 0.0078125 0.12037 0.00548746
7 0.971094 0.525463 0.0567708 0.197222 0.00627134
0 0.715625 0.371296 0.0229167 0.0259259 0.00628869
12 0.995052 0.491204 0.00885417 0.123148 0.00634743
9 0.221354 0.104167 0.0135417 0.0398148 0.0063899
2 0.268229 0.109722 0.0104167 0.0342593 0.00639628
9 0.263021 0.0925926 0.00729167 0.0444444 0.00688943
2 0.634896 0.146296 0.0114583 0.0537037 0.00750245
2 0.442448 0.0875 0.0140625 0.0268519 0.00750447
0 0.442708 0.0986111 0.0177083 0.0490741 0.00814327
0 0.634896 0.148148 0.0104167 0.0518519 0.00869204
9 0.972656 0.496759 0.0359375 0.117593 0.00926667
0 0.184375 0.735185 0.151042 0.492593 0.00931451
7 0.298177 0.10787 0.0338542 0.0861111 0.00958735
2 0.297135 0.106481 0.0328125 0.0796296 0.010408
9 0.269792 0.049537 0.01875 0.0361111 0.0121955
2 0.592448 0.126852 0.0192708 0.0240741 0.012958
11 0.60651 0.0601852 0.00989583 0.0259259 0.0140253
9 0.561198 0.0314815 0.0286458 0.0592593 0.0140759
9 0.269271 0.0310185 0.021875 0.0583333 0.0156062
9 0.220573 0.0893519 0.00989583 0.0138889 0.0179435
9 0.443229 0.087963 0.0125 0.0259259 0.0256927
2 0.461979 0.1125 0.0135417 0.0361111 0.0346311
9 0.500521 0.602778 0.0145833 0.0425926 0.0497706
9 0.567187 0.0476852 0.00833333 0.025 0.0695922
9 0.222917 0.0574074 0.0114583 0.0333333 0.084011
9 0.502865 0.760648 0.0119792 0.0546296 0.241957
2 0.322396 0.0865741 0.0385417 0.0361111 0.353459
2 0.627604 0.123611 0.025 0.0527778 0.368614
2 0.473437 0.108796 0.0333333 0.0435185 0.370884
2 0.50599 0.103241 0.0432292 0.0638889 0.547614
11 0.729688 0.0435185 0.0270833 0.0574074 0.700899
2 0.318229 0.120833 0.0520833 0.0712963 0.731293
10 0.203906 0.315741 0.0161458 0.0703704 0.827399
2 0.365885 0.231481 0.0807292 0.107407 0.875859
2 0.729948 0.419444 0.122396 0.174074 0.911722
