9 0.383594 0.0087963 0.00885417 0.0175926 0.00101096
1 0.0377604 0.168056 0.0401042 0.0564815 0.00102882
2 0.292708 0.102778 0.1 0.0925926 0.00103891
2 0.409375 0.142593 0.0375 0.0425926 0.00106345
9 0.470052 0.414815 0.0119792 0.0296296 0.00106842
9 0.273438 0.0365741 0.03125 0.0675926 0.00110719
9 0.58125 0.0375 0.015625 0.0527778 0.00111383
0 0.756771 0.375463 0.0197917 0.0305556 0.00117691
0 0.817187 0.237037 0.00833333 0.0351852 0.00117912
0 0.263021 0.104167 0.00833333 0.0527778 0.00118487
9 0.569792 0.0865741 0.00833333 0.0361111 0.00129272
9 0.415365 0.00972222 0.0151042 0.0194444 0.00130084
58 0.91901 0.184259 0.161979 0.366667 0.00130385
2 0.5375 0.112037 0.009375 0.0444444 0.00130576
0 0.742708 0.137037 0.015625 0.0462963 0.00134302
2 0.328125 0.108333 0.0333333 0.05 0.00139044
2 0.400521 0.106481 0.0302083 0.0240741 0.00143517
9 0.547917 0.0587963 0.0104167 0.0231481 0.00145406
2 0.814062 0.075 0.0177083 0.0203704 0.00145567
0 0.555208 0.97037 0.0708333 0.0555556 0.00150924
11 0.240365 0.0347222 0.0223958 0.0657407 0.00154295
2 0.015625 0.128704 0.025 0.0222222 0.00154917
13 0.961719 0.560185 0.0411458 0.0481481 0.0016618
0 0.73125 0.372222 0.0239583 0.0296296 0.00170111
11 0.222917 0.0685185 0.0479167 0.0555556 0.00180988
9 0.257552 0.0726852 0.0109375 0.0490741 0.00188975
2 0.961198 0.556944 0.0390625 0.0416667 0.00189927
2 0.748177 0.131481 0.0296875 0.0611111 0.00192694
12 0.9875 0.52037 0.0239583 0.175926 0.00196589
0 0.36224 0.0708333 0.00989583 0.0268519 0.00198154
9 0.263281 0.0875 0.0078125 0.0342593 0.00202706
9 0.995052 0.531944 0.00885417 0.0490741 0.00203599
12 0.69349 0.163889 0.00677083 0.0388889 0.00203739
2 0.270052 0.0509259 0.0192708 0.0314815 0.0022052
9 0.252865 0.087037 0.0130208 0.0333333 0.00226351
9 0.269271 0.0578704 0.0166667 0.0287037 0.00244264
12 0.702865 0.134259 0.0234375 0.0740741 0.00248897
12 0.703385 0.164815 0.0223958 0.0388889 0.00250706
2 0.402865 0.110185 0.283854 0.0703704 0.00255113
7 0.994271 0.52037 0.0104167 0.172222 0.00255791
0 0.266927 0.099537 0.00989583 0.0546296 0.00261033
2 0.442969 0.0875 0.0140625 0.0268519 0.00266016
0 0.645312 0.971296 0.06875 0.0555556 0.00268956
2 0.786198 0.108796 0.0432292 0.0601852 0.00280295
2 0.649219 0.149074 0.0390625 0.0574074 0.00289664
9 0.500521 0.603241 0.015625 0.037963 0.00330435
7 0.970312 0.525463 0.0583333 0.193519 0.00343346
2 0.771615 0.115741 0.0140625 0.0333333 0.00350981
0 0.417969 0.506944 0.0265625 0.0842593 0.00351197
1 0.0497396 0.157407 0.0630208 0.0759259 0.00351359
2 0.776563 0.110185 0.0229167 0.0333333 0.00363395
2 0.561458 0.111574 0.219792 0.0638889 0.00384838
9 0.214844 0.0578704 0.0307292 0.0527778 0.00418426
18 0.442969 0.0875 0.0130208 0.0268519 0.00424292
9 0.26875 0.0393519 0.0197917 0.0472222 0.00464968
2 0.408594 0.111111 0.0234375 0.0203704 0.00475234
0 0.757552 0.128704 0.0119792 0.0388889 0.00476783
9 0.572917 0.0314815 0.0135417 0.0611111 0.00509085
11 0.23776 0.0689815 0.0161458 0.0435185 0.00570634
2 0.282292 0.0893519 0.00729167 0.025 0.00585645
2 0.00494792 0.558333 0.00989583 0.0444444 0.00670655
1 0.00911458 0.400463 0.0182292 0.108333 0.00684631
5 0.220833 0.0699074 0.0510417 0.0583333 0.00724591
0 0.757031 0.0828704 0.0119792 0.0583333 0.00749979
0 0.714844 0.373148 0.0223958 0.0259259 0.00757975
1 0.00598958 0.373148 0.0119792 0.0666667 0.00865881
7 0.988542 0.520833 0.021875 0.184259 0.00894963
2 0.00442708 0.410185 0.00885417 0.087037 0.00896918
2 0.238542 0.14213 0.01875 0.0398148 0.00918693
7 0.220052 0.0685185 0.0515625 0.0592593 0.00951889
2 0.789844 0.0898148 0.0203125 0.0203704 0.00975969
2 0.447396 0.1125 0.028125 0.0287037 0.010003
1 0.00390625 0.409259 0.0078125 0.087037 0.0101549
2 0.41224 0.121759 0.0223958 0.0212963 0.0102347
9 0.993229 0.501389 0.0125 0.137963 0.011968
2 0.338802 0.0888889 0.0140625 0.0314815 0.0133115
11 0.60625 0.0615741 0.0104167 0.025 0.0141586
9 0.206771 0.0685185 0.021875 0.0425926 0.0171692
2 0.592969 0.125926 0.0171875 0.0259259 0.0193299
2 0.271094 0.110648 0.0130208 0.037963 0.0218143
9 0.502083 0.759722 0.0125 0.0546296 0.0229514
2 0.635417 0.147222 0.0114583 0.0537037 0.0357461
2 0.297135 0.103704 0.0317708 0.0740741 0.0588856
9 0.567708 0.0490741 0.00833333 0.0240741 0.0641
7 0.296875 0.103241 0.034375 0.0768519 0.0680941
0 0.635677 0.148611 0.00989583 0.0490741 0.0842932
2 0.463281 0.111111 0.0151042 0.0425926 0.164378
2 0.322396 0.087963 0.0375 0.0351852 0.292659
2 0.627865 0.122685 0.0255208 0.0509259 0.355295
2 0.47526 0.109722 0.0338542 0.0453704 0.366291
2 0.50651 0.104167 0.0421875 0.0638889 0.510748
11 0.729167 0.0421296 0.0270833 0.0546296 0.766028
2 0.31875 0.121759 0.05 0.0712963 0.792351
10 0.204167 0.315741 0.0166667 0.0722222 0.798537
2 0.399219 0.16713 0.0609375 0.0842593 0.850112
2 0.596354 0.921296 0.253125 0.155556 0.900194
2 0.730208 0.419444 0.122917 0.172222 0.913777
