2 0.222135 0.137037 0.0526042 0.05 0.00100957
13 0.0138021 0.393056 0.0276042 0.119444 0.00105187
2 0.976562 0.498148 0.0447917 0.12963 0.00111294
13 0.00416667 0.398148 0.00833333 0.111111 0.00111865
2 0.595052 0.424074 0.571354 0.17963 0.00112823
58 0.969792 0.286574 0.059375 0.156481 0.00114568
7 0.0955729 0.0791667 0.182812 0.132407 0.00119974
9 0.417188 0.0171296 0.015625 0.025 0.00125571
1 0.00494792 0.39537 0.00989583 0.118519 0.00126293
0 0.508333 0.335648 0.0375 0.215741 0.00132788
2 0.414062 0.110648 0.0114583 0.0435185 0.00133779
9 0.458073 0.0648148 0.0078125 0.0296296 0.00135925
9 0.263021 0.087963 0.00833333 0.0333333 0.00141803
13 0.970573 0.525926 0.0578125 0.190741 0.00143264
2 0.799219 0.120833 0.0473958 0.0194444 0.00146884
11 0.60625 0.0606481 0.0104167 0.025 0.00151592
1 0.0104167 0.388426 0.0208333 0.121296 0.00153437
2 0.300521 0.126852 0.028125 0.0648148 0.0016868
58 0.96875 0.495833 0.0302083 0.0916667 0.00183483
9 0.109635 0.0287037 0.0130208 0.037037 0.00184793
2 0.034375 0.103241 0.05 0.0527778 0.00195824
9 0.26224 0.0310185 0.0140625 0.0564815 0.0020154
0 0.757292 0.101389 0.015625 0.0638889 0.00220294
2 0.294531 0.106019 0.0807292 0.087963 0.00225189
12 0.976823 0.501852 0.0442708 0.137037 0.00227708
2 0.560417 0.114352 0.31875 0.075 0.00231455
2 0.458333 0.112963 0.108333 0.0666667 0.0024956
0 0.263542 0.105093 0.00833333 0.0490741 0.00262128
9 0.416406 0.00972222 0.0151042 0.0194444 0.00263319
2 0.773958 0.108333 0.0177083 0.0333333 0.0030254
2 0.661198 0.149074 0.0609375 0.0666667 0.00308743
7 0.992448 0.517593 0.0140625 0.172222 0.00308954
9 0.757031 0.074537 0.0119792 0.0416667 0.00310241
9 0.501823 0.760648 0.0130208 0.0546296 0.00311579
2 0.344531 0.110648 0.0109375 0.0435185 0.00333874
9 0.220313 0.0865741 0.0135417 0.0175926 0.00338869
12 0.701823 0.13287 0.0223958 0.075 0.0040144
12 0.69401 0.162963 0.0078125 0.0407407 0.00468572
9 0.570312 0.0310185 0.0125 0.0583333 0.00477464
11 0.236979 0.0694444 0.0166667 0.0444444 0.00483996
7 0.970833 0.526852 0.0572917 0.201852 0.00493642
5 0.220573 0.0638889 0.0473958 0.0611111 0.00517473
2 0.640365 0.150926 0.0182292 0.0648148 0.00536081
7 0.145833 0.0907407 0.065625 0.0796296 0.00554392
2 0.359635 0.111111 0.0817708 0.0722222 0.00581058
2 0.366146 0.0814815 0.0208333 0.0277778 0.00607359
2 0.269271 0.110185 0.0104167 0.037037 0.00632619
2 0.592708 0.125463 0.0177083 0.0268519 0.00640002
12 0.701563 0.164352 0.01875 0.037963 0.00644989
9 0.208854 0.0666667 0.0229167 0.0481481 0.00711528
9 0.584896 0.0356481 0.0135417 0.0564815 0.00719486
2 0.783854 0.0916667 0.034375 0.0407407 0.00807516
7 0.220052 0.0652778 0.0505208 0.0712963 0.0084157
12 0.994531 0.499537 0.00989583 0.139815 0.00856574
2 0.238281 0.140741 0.0192708 0.0407407 0.00862027
2 0.442969 0.0856481 0.0151042 0.0268519 0.00878522
1 0.810677 0.335648 0.0182292 0.0842593 0.00921525
2 0.33776 0.0888889 0.0171875 0.0333333 0.00952159
9 0.442187 0.0875 0.0135417 0.0268519 0.010892
2 0.446354 0.117593 0.0260417 0.0222222 0.011265
9 0.26875 0.0347222 0.021875 0.0638889 0.0195138
9 0.567187 0.0476852 0.00833333 0.0231481 0.022858
2 0.634375 0.139352 0.0114583 0.0490741 0.023779
2 0.785937 0.0884259 0.0166667 0.025 0.0251728
2 0.79349 0.102315 0.0578125 0.0546296 0.0267644
2 0.488281 0.10787 0.0140625 0.0490741 0.0320899
2 0.364062 0.0703704 0.0135417 0.0259259 0.0486763
2 0.461198 0.113426 0.0119792 0.0361111 0.0610446
2 0.294792 0.108796 0.03125 0.0824074 0.0834136
7 0.297135 0.108333 0.0369792 0.0833333 0.12719
2 0.392969 0.0689815 0.0244792 0.0194444 0.161059
2 0.467448 0.110185 0.0223958 0.0425926 0.192787
7 0.395312 0.0976852 0.0427083 0.075 0.242891
2 0.322135 0.0861111 0.0380208 0.0351852 0.265642
2 0.479427 0.109259 0.0213542 0.0444444 0.278513
7 0.505729 0.104167 0.0427083 0.0638889 0.40458
2 0.505729 0.104167 0.0427083 0.0638889 0.437014
2 0.627083 0.121759 0.025 0.0509259 0.500133
2 0.395052 0.105093 0.0421875 0.0601852 0.518913
10 0.204167 0.316204 0.015625 0.0712963 0.634127
2 0.31875 0.121759 0.05 0.0712963 0.680523
2 0.364844 0.111574 0.0265625 0.0435185 0.739437
11 0.728906 0.0430556 0.0276042 0.0564815 0.788306
2 0.729688 0.42037 0.122917 0.17037 0.902843
2 0.773438 0.175 0.1 0.12037 0.916297
