7 0.291406 0.105093 0.0869792 0.100926 0.00103103
13 0.961198 0.552315 0.0380208 0.037963 0.00108492
7 0.145573 0.087963 0.0651042 0.0777778 0.00112277
9 0.547917 0.0523148 0.0114583 0.025 0.00113607
0 0.75625 0.374074 0.021875 0.0333333 0.00114439
2 0.524219 0.10463 0.0338542 0.0611111 0.00121459
2 0.65599 0.138426 0.0776042 0.0787037 0.00122956
2 0.275 0.110185 0.0239583 0.062963 0.00128628
0 0.204948 0.418981 0.0307292 0.075 0.00129117
0 0.816927 0.233796 0.0078125 0.037963 0.00134026
2 0.00598958 0.0935185 0.0119792 0.0481481 0.00135781
9 0.261979 0.0467593 0.0145833 0.0472222 0.00137424
58 0.96849 0.493981 0.0317708 0.0898148 0.00137687
0 0.361979 0.0694444 0.00833333 0.0259259 0.00143827
2 0.446354 0.114352 0.0260417 0.0212963 0.00154641
0 0.757292 0.127778 0.0125 0.0425926 0.00157594
12 0.701823 0.165741 0.0182292 0.037037 0.00161358
0 0.216146 0.943519 0.0197917 0.109259 0.00165057
2 0.773177 0.105556 0.0192708 0.0333333 0.0016546
9 0.582552 0.0416667 0.0119792 0.0444444 0.00196713
0 0.263802 0.100463 0.00885417 0.0546296 0.00200257
2 0.756771 0.118981 0.0135417 0.0324074 0.0020034
2 0.405729 0.109722 0.2625 0.0787037 0.00216422
9 0.263021 0.0912037 0.00833333 0.0435185 0.00218028
9 0.415104 0.0087963 0.0145833 0.0175926 0.00227005
0 0.716146 0.371759 0.021875 0.0268519 0.00227613
9 0.458333 0.0648148 0.00729167 0.0296296 0.00234362
0 0.754948 0.0893519 0.0140625 0.0805556 0.00247503
2 0.813281 0.0759259 0.0171875 0.0166667 0.0024983
12 0.701823 0.138889 0.0223958 0.087037 0.00256427
1 0.184115 0.524537 0.0796875 0.123148 0.00259094
2 0.238021 0.138426 0.01875 0.0435185 0.00282795
0 0.75625 0.0689815 0.0104167 0.0435185 0.00283449
12 0.693229 0.164352 0.00729167 0.037963 0.00283965
9 0.991927 0.51713 0.0151042 0.175 0.00286384
2 0.592708 0.124537 0.015625 0.0268519 0.0028791
11 0.236979 0.0699074 0.0166667 0.0472222 0.00305649
2 0.534635 0.108796 0.141146 0.062037 0.00308862
2 0.2875 0.0768519 0.01875 0.0296296 0.00311415
7 0.276823 0.0648148 0.0401042 0.127778 0.00320207
1 0.20026 0.503241 0.0213542 0.106481 0.00338175
9 0.292708 0.0560185 0.009375 0.037963 0.00380268
12 0.99349 0.510648 0.0119792 0.162037 0.00387134
9 0.502344 0.760185 0.0130208 0.0555556 0.0039111
2 0.605729 0.0592593 0.0104167 0.0259259 0.00463902
13 0.992448 0.517593 0.0140625 0.174074 0.00482227
7 0.970833 0.525926 0.0572917 0.2 0.00506159
2 0.53099 0.108796 0.0151042 0.0472222 0.00561552
0 0.283073 0.0953704 0.00989583 0.05 0.00603625
2 0.442448 0.0861111 0.0130208 0.0259259 0.00611098
9 0.2125 0.0638889 0.0333333 0.0574074 0.00626558
1 0.0145833 0.381019 0.0291667 0.0435185 0.00641891
9 0.572135 0.0314815 0.0140625 0.0574074 0.00652772
13 0.976042 0.523148 0.046875 0.188889 0.00688607
2 0.779688 0.0990741 0.03125 0.0425926 0.00741657
9 0.442187 0.0865741 0.0125 0.0268519 0.0106752
1 0.0046875 0.410648 0.009375 0.0824074 0.010757
2 0.291146 0.0703704 0.0125 0.0148148 0.010884
7 0.219792 0.0638889 0.0510417 0.0777778 0.0119464
2 0.522917 0.0712963 0.0197917 0.0166667 0.0121522
2 0.784375 0.0888889 0.0145833 0.0240741 0.0128561
2 0.790104 0.0865741 0.01875 0.0231481 0.0129815
2 0.484635 0.108796 0.0505208 0.0546296 0.013058
2 0.271094 0.108796 0.0151042 0.0398148 0.0138806
5 0.219792 0.0643518 0.0489583 0.062037 0.0139869
2 0.286979 0.114815 0.0166667 0.0703704 0.0141294
1 0.0138021 0.404167 0.0276042 0.0990741 0.0177571
9 0.26901 0.0347222 0.0223958 0.0657407 0.0187012
2 0.634896 0.147222 0.0104167 0.0574074 0.0234374
7 0.294792 0.107407 0.0333333 0.0833333 0.0240345
0 0.635156 0.149074 0.00885417 0.0537037 0.03
2 0.294792 0.106019 0.0322917 0.0787037 0.0316774
24 0.211458 0.430556 0.01875 0.0555556 0.0350714
9 0.566927 0.0476852 0.00885417 0.0231481 0.0619381
2 0.528125 0.0814815 0.0177083 0.0240741 0.0695146
2 0.46224 0.112037 0.0140625 0.037037 0.0705427
2 0.322135 0.0861111 0.0369792 0.0351852 0.262393
2 0.480469 0.109259 0.0234375 0.0444444 0.268786
2 0.469792 0.109722 0.0270833 0.0435185 0.281777
2 0.626823 0.121759 0.0255208 0.0527778 0.390278
7 0.50599 0.102778 0.0421875 0.0648148 0.425116
2 0.505729 0.102778 0.0416667 0.0648148 0.444556
1 0.20599 0.523611 0.0244792 0.119444 0.521214
2 0.317969 0.119907 0.0515625 0.0712963 0.701269
11 0.728646 0.0421296 0.0270833 0.0546296 0.8026
0 0.208333 0.469444 0.0375 0.185185 0.818545
10 0.204167 0.314815 0.015625 0.0703704 0.845175
2 0.729688 0.419907 0.122917 0.171296 0.902155
