9 0.2625 0.0259259 0.0145833 0.0462963 0.00104477
13 0.978646 0.52037 0.0416667 0.177778 0.00105126
2 0.577083 0.125463 0.046875 0.0342593 0.00107595
9 0.261198 0.0435185 0.0130208 0.0574074 0.00112135
12 0.694531 0.1625 0.0078125 0.0398148 0.00117183
1 0.00416667 0.396759 0.00833333 0.112037 0.00118673
2 0.970312 0.510648 0.0572917 0.160185 0.00124585
0 0.995833 0.326852 0.00729167 0.0537037 0.00129657
7 0.298438 0.106944 0.0770833 0.0916667 0.00131836
1 0.0078125 0.375926 0.015625 0.0777778 0.00132465
9 0.547396 0.0601852 0.0104167 0.0259259 0.00133665
2 0.771615 0.11713 0.0140625 0.0361111 0.00139708
32 0.460417 0.35787 0.0104167 0.0157407 0.00140365
9 0.588542 0.0444444 0.0145833 0.0407407 0.00143616
9 0.258594 0.0703704 0.0109375 0.0444444 0.00164601
2 0.26276 0.107407 0.00989583 0.0462963 0.00168034
2 0.0572917 0.0699074 0.0427083 0.0287037 0.00173148
2 0.218229 0.130556 0.0604167 0.0648148 0.00177057
2 0.238021 0.111111 0.0208333 0.0425926 0.00177107
9 0.5625 0.050463 0.01875 0.025 0.0018716
0 0.757292 0.374074 0.01875 0.0314815 0.00187348
13 0.0135417 0.396759 0.0270833 0.112037 0.00189354
2 0.44401 0.108796 0.0203125 0.025 0.00197687
12 0.702344 0.160648 0.0223958 0.0398148 0.00203575
2 0.558333 0.114815 0.188542 0.0759259 0.00212753
9 0.252344 0.0865741 0.0130208 0.0324074 0.00213273
12 0.702604 0.134259 0.0229167 0.0759259 0.00221331
9 0.236719 0.0652778 0.0171875 0.037963 0.00224242
9 0.416406 0.0101852 0.0171875 0.0203704 0.00224652
32 0.454688 0.316204 0.00729167 0.0157407 0.00225991
7 0.990625 0.517593 0.0177083 0.181481 0.00230546
9 0.109896 0.0291667 0.0125 0.0361111 0.00250267
2 0.96224 0.555556 0.0401042 0.0425926 0.00250676
13 0.00390625 0.407407 0.0078125 0.0962963 0.0026334
7 0.970312 0.523148 0.0583333 0.188889 0.0030534
11 0.240365 0.0324074 0.0213542 0.062963 0.00307335
9 0.767708 0.0171296 0.0135417 0.0324074 0.00309886
2 0.26875 0.100926 0.0125 0.0555556 0.00314349
9 0.114323 0.0236111 0.0130208 0.0398148 0.0032059
2 0.407292 0.113889 0.264583 0.0833333 0.00349524
2 0.489583 0.106481 0.0572917 0.0648148 0.00354066
2 0.442969 0.0884259 0.0140625 0.0287037 0.0039363
9 0.263021 0.0875 0.00833333 0.0324074 0.00401569
11 0.23724 0.0689815 0.0161458 0.0435185 0.0040391
2 0.535417 0.114352 0.009375 0.0416667 0.00419708
9 0.502344 0.761111 0.0130208 0.0574074 0.00434525
7 0.219792 0.0675926 0.0510417 0.0574074 0.00443394
12 0.99401 0.518981 0.0109375 0.169444 0.00455185
9 0.26901 0.0592593 0.0171875 0.0296296 0.00458468
9 0.363281 0.0699074 0.00885417 0.0231481 0.00459597
9 0.583333 0.0435185 0.0114583 0.0388889 0.00480314
2 0.78099 0.106481 0.0317708 0.0574074 0.00555069
0 0.715625 0.373148 0.025 0.0259259 0.00623546
5 0.220573 0.0662037 0.0494792 0.0509259 0.00627326
9 0.572656 0.0314815 0.0140625 0.0592593 0.00689988
2 0.64974 0.149537 0.0390625 0.0564815 0.00698695
9 0.443229 0.087963 0.0125 0.0296296 0.0094225
2 0.338281 0.0865741 0.0161458 0.0287037 0.00947741
2 0.288281 0.109722 0.0203125 0.0768519 0.00951791
11 0.60651 0.0606481 0.00989583 0.025 0.00990602
9 0.992708 0.506019 0.0135417 0.147222 0.010249
9 0.26901 0.0351852 0.0213542 0.0666667 0.0119022
0 0.757031 0.0921296 0.0140625 0.075 0.0122933
2 0.528385 0.115741 0.0140625 0.0425926 0.0132811
9 0.220573 0.0893519 0.00989583 0.012037 0.0157678
2 0.238542 0.141204 0.0197917 0.0435185 0.0244929
2 0.786458 0.0907407 0.0166667 0.0240741 0.024655
2 0.272656 0.110185 0.0140625 0.0388889 0.0294107
9 0.207552 0.0671296 0.0203125 0.0416667 0.0317769
0 0.635677 0.148148 0.00989583 0.05 0.036767
2 0.635417 0.146759 0.0114583 0.0527778 0.0436481
2 0.592969 0.127315 0.0171875 0.0231481 0.0623668
9 0.348698 0.0527778 0.0119792 0.0351852 0.0696637
9 0.566927 0.0490741 0.00885417 0.0240741 0.0906555
7 0.297135 0.108333 0.0359375 0.0833333 0.150223
2 0.322135 0.0884259 0.0380208 0.0324074 0.215238
2 0.628125 0.122222 0.025 0.0518519 0.238085
2 0.474479 0.115741 0.0364583 0.0537037 0.482093
2 0.509375 0.105556 0.0375 0.0611111 0.543489
10 0.204167 0.316667 0.0166667 0.0703704 0.643861
2 0.31875 0.121296 0.05 0.0722222 0.696882
11 0.729167 0.0425926 0.0270833 0.0555556 0.752067
2 0.493229 0.156944 0.0645833 0.0972222 0.852842
2 0.729948 0.42037 0.122396 0.172222 0.918861
