12 0.697135 0.139352 0.0151042 0.0916667 0.00101569
2 0.557813 0.423611 0.582292 0.180556 0.00103477
2 0.655729 0.139815 0.0791667 0.0814815 0.00103596
9 0.489062 0.97963 0.0166667 0.0407407 0.00104428
2 0.257031 0.0972222 0.0234375 0.062963 0.00110572
12 0.995573 0.531018 0.0078125 0.0324074 0.00113348
0 0.755469 0.0782407 0.0130208 0.0527778 0.00113607
0 0.635156 0.150463 0.0119792 0.0638889 0.00113971
0 0.729688 0.372222 0.0270833 0.0296296 0.00119455
1 0.220313 0.492593 0.0354167 0.177778 0.00120195
7 0.221354 0.0898148 0.0552083 0.124074 0.00120918
7 0.970312 0.531018 0.0583333 0.210185 0.00121858
58 0.963021 0.244444 0.0635417 0.233333 0.00122126
2 0.447656 0.110185 0.0276042 0.0296296 0.00125002
12 0.702083 0.122685 0.0229167 0.0546296 0.00135893
0 0.757031 0.374074 0.0203125 0.0333333 0.00138794
2 0.794792 0.0875 0.0291667 0.0268519 0.00145735
0 0.263021 0.0916667 0.00833333 0.0444444 0.00146387
7 0.985156 0.52037 0.0286458 0.188889 0.00147722
2 0.778646 0.101389 0.028125 0.0472222 0.00149398
2 0.813281 0.0759259 0.0171875 0.0166667 0.00155678
2 0.408333 0.108333 0.269792 0.0833333 0.00158619
0 0.233594 0.385648 0.0109375 0.0601852 0.00164062
2 0.244271 0.10787 0.0135417 0.0324074 0.00165814
2 0.255208 0.087037 0.0177083 0.037037 0.0016785
7 0.788021 0.0643518 0.0239583 0.0657407 0.0018518
11 0.60599 0.0592593 0.00989583 0.0277778 0.00194233
2 0.56276 0.110185 0.253646 0.0703704 0.00196291
12 0.984635 0.498148 0.0286458 0.12963 0.00197785
0 0.3625 0.0662037 0.009375 0.0287037 0.00199539
1 0.00520833 0.380556 0.0104167 0.124074 0.00203572
58 0.96849 0.495833 0.0307292 0.087963 0.00205081
11 0.236979 0.0699074 0.0166667 0.0472222 0.00209853
9 0.458594 0.0652778 0.0078125 0.0287037 0.00213372
9 0.580729 0.0337963 0.0125 0.0564815 0.00218877
12 0.755208 0.0916667 0.015625 0.0777778 0.00219397
2 0.471094 0.109259 0.0796875 0.0648148 0.00243987
2 0.442708 0.0865741 0.0135417 0.0268519 0.00270616
1 0.0140625 0.452778 0.028125 0.259259 0.00285033
12 0.701823 0.166204 0.0192708 0.0361111 0.00297383
2 0.267188 0.0990741 0.0114583 0.0555556 0.00301149
0 0.716667 0.372222 0.0239583 0.0277778 0.0030584
2 0.289062 0.0791667 0.015625 0.0268519 0.00318291
9 0.270052 0.0472222 0.0203125 0.0537037 0.00318971
10 0.216927 0.34537 0.0182292 0.0351852 0.0035754
2 0.28125 0.0652778 0.0375 0.0361111 0.00408785
2 0.2875 0.114815 0.015625 0.0648148 0.0041316
9 0.994531 0.493981 0.00989583 0.123148 0.00434357
1 0.0046875 0.465741 0.009375 0.227778 0.00439873
2 0.53125 0.10787 0.0166667 0.0416667 0.00443138
2 0.592448 0.123611 0.0171875 0.0268519 0.00453948
9 0.211719 0.0652778 0.0296875 0.0546296 0.00571204
2 0.363281 0.0662037 0.0119792 0.0212963 0.00620981
0 0.283333 0.0856481 0.00833333 0.0268519 0.0064657
10 0.442448 0.0865741 0.0130208 0.0268519 0.00652672
2 0.270312 0.108796 0.0135417 0.0398148 0.00711091
7 0.277604 0.0467593 0.0447917 0.0898148 0.00729623
24 0.217448 0.37963 0.0234375 0.0518519 0.00741047
12 0.994531 0.493981 0.00989583 0.126852 0.00860919
2 0.269531 0.0462963 0.0203125 0.0444444 0.0089158
0 0.284896 0.109722 0.0135417 0.0694444 0.00892048
1 0.0135417 0.371296 0.0270833 0.05 0.0101441
2 0.238281 0.140741 0.0182292 0.0425926 0.0104455
9 0.572135 0.0310185 0.0151042 0.0583333 0.0108979
2 0.634896 0.14213 0.0104167 0.0472222 0.012037
12 0.691927 0.165741 0.00885417 0.0388889 0.0122565
9 0.26901 0.0268519 0.0223958 0.0444444 0.0126399
2 0.302344 0.105556 0.0348958 0.0777778 0.0135911
7 0.213021 0.062963 0.0354167 0.062963 0.0159278
2 0.310417 0.0787037 0.0197917 0.0277778 0.0166899
5 0.217708 0.0648148 0.0447917 0.0648148 0.0197826
2 0.785677 0.087963 0.0130208 0.0240741 0.0229536
1 0.00390625 0.412963 0.0078125 0.0759259 0.0282201
2 0.489583 0.10787 0.0145833 0.0490741 0.0327374
2 0.526823 0.0768519 0.0213542 0.0314815 0.0464978
1 0.0119792 0.4 0.0239583 0.101852 0.0605648
9 0.567187 0.0472222 0.00833333 0.0240741 0.0614025
2 0.480208 0.109259 0.0197917 0.0444444 0.223644
9 0.295573 0.0592593 0.00989583 0.037037 0.25889
2 0.466667 0.111111 0.0197917 0.0407407 0.27834
7 0.50599 0.103704 0.0432292 0.062963 0.333116
2 0.322135 0.0861111 0.0369792 0.037037 0.432128
2 0.627083 0.121759 0.0260417 0.0509259 0.477995
2 0.505729 0.103704 0.0427083 0.062963 0.479783
1 0.220833 0.464815 0.0229167 0.112963 0.647908
2 0.318229 0.121759 0.0510417 0.0712963 0.740332
10 0.203906 0.313426 0.0151042 0.0675926 0.748873
11 0.728906 0.0425926 0.0276042 0.0555556 0.796734
0 0.220313 0.411111 0.034375 0.157407 0.819469
2 0.729688 0.418981 0.122917 0.171296 0.90587
