0 0.00572917 0.365278 0.0114583 0.0805556 0.00100081
9 0.289844 0.024537 0.0119792 0.0342593 0.00110271
9 0.58151 0.0342593 0.0140625 0.0555556 0.00111929
11 0.240104 0.0324074 0.021875 0.0611111 0.00114149
2 0.0330729 0.0648148 0.0192708 0.0203704 0.00123159
2 0.603646 0.421296 0.628125 0.17963 0.00125128
2 0.651302 0.139815 0.0734375 0.0814815 0.00130067
2 0.532552 0.101389 0.0161458 0.0398148 0.00131957
5 0.211458 0.0675926 0.0333333 0.05 0.00135094
9 0.556771 0.05 0.015625 0.0259259 0.00138424
2 0.58776 0.124074 0.00989583 0.0240741 0.00140027
2 0.777865 0.108333 0.0255208 0.0481481 0.00147119
2 0.342969 0.0699074 0.0119792 0.0175926 0.00152811
9 0.259896 0.05 0.0114583 0.0462963 0.0015353
2 0.493229 0.114352 0.314583 0.0861111 0.00157421
2 0.771615 0.114352 0.0140625 0.0305556 0.00165249
2 0.455729 0.0689815 0.015625 0.025 0.00171749
0 0.26276 0.106481 0.00989583 0.0481481 0.00172582
12 0.817187 0.236111 0.009375 0.0388889 0.00175555
9 0.576302 0.0314815 0.0140625 0.0592593 0.00182174
1 0.811458 0.33287 0.01875 0.0916667 0.0018908
11 0.221354 0.0662037 0.05 0.062037 0.0019808
9 0.266146 0.0972222 0.0104167 0.0518519 0.00214332
9 0.26276 0.0851852 0.0078125 0.0314815 0.00215732
9 0.253385 0.0856481 0.0130208 0.0361111 0.00219083
0 0.715885 0.372685 0.0255208 0.0268519 0.00226443
0 0.757292 0.373611 0.01875 0.0287037 0.00233403
9 0.258073 0.0740741 0.0109375 0.0481481 0.00234721
2 0.395833 0.108796 0.229167 0.0953704 0.00238546
9 0.757031 0.075463 0.0109375 0.0398148 0.00245854
9 0.208594 0.0675926 0.0255208 0.0444444 0.00253222
7 0.972396 0.525 0.0541667 0.198148 0.00261186
2 0.21901 0.138426 0.0578125 0.0490741 0.00264561
9 0.548177 0.05 0.0119792 0.0277778 0.00268359
2 0.592969 0.125 0.0171875 0.0259259 0.00269756
9 0.991146 0.506481 0.0166667 0.148148 0.00282692
2 0.794271 0.087037 0.0302083 0.0259259 0.00300569
0 0.995573 0.32963 0.0078125 0.0518519 0.00300905
9 0.115104 0.0240741 0.01875 0.0425926 0.00305979
2 0.238802 0.108796 0.0171875 0.0398148 0.00306816
9 0.271875 0.0402778 0.0270833 0.0768519 0.00348418
12 0.75599 0.0898148 0.0119792 0.0685185 0.00381428
9 0.219271 0.0861111 0.0104167 0.0148148 0.00385764
2 0.480729 0.101852 0.028125 0.0574074 0.00472872
9 0.50026 0.602778 0.0151042 0.0388889 0.00473157
7 0.419792 0.0615741 0.046875 0.0398148 0.00486117
9 0.817448 0.237037 0.00885417 0.037037 0.00508616
9 0.269271 0.0578704 0.0177083 0.0305556 0.00564325
2 0.65 0.149537 0.0385417 0.0583333 0.00691334
2 0.0257812 0.368519 0.0515625 0.0574074 0.00705926
12 0.993229 0.500926 0.0125 0.138889 0.00775873
2 0.271354 0.109722 0.0135417 0.037963 0.00784838
1 0.0247396 0.39537 0.0494792 0.112963 0.00805959
9 0.569531 0.0314815 0.0119792 0.0592593 0.00980769
11 0.2375 0.0680556 0.0166667 0.0416667 0.0104574
9 0.221875 0.0546296 0.0166667 0.0481481 0.0114631
9 0.502344 0.760185 0.0119792 0.0518519 0.0125332
2 0.0078125 0.371759 0.015625 0.0583333 0.0129154
2 0.363542 0.0680556 0.0114583 0.0212963 0.0130431
2 0.785156 0.0907407 0.0130208 0.0222222 0.0167044
7 0.220573 0.0634259 0.0505208 0.0768519 0.0168844
9 0.269792 0.0217593 0.01875 0.0342593 0.0203648
2 0.238281 0.141667 0.0182292 0.0425926 0.021173
11 0.60651 0.0597222 0.00989583 0.025 0.021525
0 0.635417 0.148148 0.009375 0.05 0.0245663
1 0.009375 0.397685 0.01875 0.110185 0.0264063
2 0.635156 0.144907 0.0109375 0.0509259 0.0280447
2 0.441406 0.087037 0.00989583 0.0296296 0.0287614
1 0.00442708 0.40463 0.00885417 0.0944444 0.0411217
9 0.567187 0.0481481 0.00833333 0.0240741 0.050062
7 0.298958 0.10463 0.040625 0.0814815 0.157103
2 0.29974 0.105556 0.0401042 0.0814815 0.174149
2 0.321615 0.0902778 0.0390625 0.0398148 0.270172
2 0.627344 0.121759 0.0255208 0.0509259 0.384649
2 0.420052 0.0671296 0.0453125 0.0287037 0.593291
10 0.203906 0.316204 0.0161458 0.0712963 0.673816
2 0.508594 0.10463 0.0369792 0.0611111 0.680776
2 0.318229 0.120833 0.0510417 0.0712963 0.723885
11 0.729427 0.0435185 0.0265625 0.0555556 0.789269
2 0.466406 0.111574 0.0526042 0.0768519 0.791534
2 0.729948 0.418981 0.122396 0.171296 0.911525
