2 0.240885 0.106481 0.0161458 0.0333333 0.00102049
9 0.995573 0.529167 0.0078125 0.037963 0.00104262
9 0.588542 0.0398148 0.0145833 0.05 0.00104531
9 0.115365 0.025463 0.0130208 0.0398148 0.00106746
2 0.657552 0.137963 0.0682292 0.062963 0.00108818
2 0.814323 0.0773148 0.0171875 0.0194444 0.00108937
9 0.548177 0.0513889 0.0119792 0.0268519 0.00108985
1 0.00859375 0.396296 0.0171875 0.118519 0.0010955
0 0.272656 0.53287 0.0484375 0.215741 0.00110563
11 0.239844 0.0365741 0.0223958 0.0694444 0.00120181
9 0.5625 0.05 0.0197917 0.0277778 0.00126167
13 0.986979 0.518519 0.025 0.174074 0.00129485
0 0.715625 0.37037 0.025 0.0277778 0.00134934
2 0.536719 0.112037 0.0109375 0.0444444 0.00139069
2 0.530729 0.112037 0.0135417 0.0425926 0.00147692
0 0.263281 0.103241 0.00989583 0.0509259 0.00152073
9 0.558854 0.0277778 0.021875 0.0518519 0.0015339
9 0.109115 0.0296296 0.0119792 0.037037 0.00155803
2 0.47474 0.0726852 0.0151042 0.0212963 0.00159443
9 0.272656 0.0421296 0.0265625 0.062037 0.00160177
58 0.96875 0.498148 0.0302083 0.0888889 0.00163761
12 0.701563 0.164815 0.0208333 0.037037 0.00167006
2 0.585677 0.125926 0.0328125 0.0314815 0.00175362
7 0.989583 0.516204 0.0197917 0.182407 0.00184312
9 0.263021 0.0875 0.00833333 0.0342593 0.00185321
9 0.363281 0.0699074 0.0119792 0.0212963 0.00191269
2 0.291406 0.104167 0.0890625 0.0861111 0.00193068
7 0.473177 0.101389 0.0390625 0.062037 0.0019666
13 0.961458 0.556481 0.0385417 0.0444444 0.0020154
7 0.970573 0.518981 0.0578125 0.184259 0.00205651
2 0.00442708 0.405556 0.00885417 0.0962963 0.00210222
7 0.788542 0.0643518 0.025 0.0638889 0.00213807
9 0.5 0.603241 0.0145833 0.037963 0.0022406
2 0.442448 0.0875 0.0140625 0.0268519 0.00227731
2 0.551302 0.1125 0.255729 0.0731481 0.00229689
2 0.779688 0.103241 0.0302083 0.0435185 0.00234479
12 0.693229 0.162963 0.00729167 0.0388889 0.00247458
9 0.99401 0.506944 0.0109375 0.150926 0.00247603
2 0.410677 0.116667 0.0213542 0.0277778 0.00266235
2 0.473958 0.109722 0.0677083 0.0564815 0.00295246
9 0.415365 0.00925926 0.0161458 0.0185185 0.0030169
2 0.409115 0.110185 0.100521 0.0574074 0.00314354
11 0.255469 0.0861111 0.0192708 0.0351852 0.00342787
2 0.267708 0.0986111 0.0104167 0.0527778 0.0034966
11 0.60599 0.0601852 0.00989583 0.0240741 0.00351396
11 0.236979 0.0685185 0.0166667 0.0425926 0.00381284
1 0.00442708 0.400926 0.00885417 0.101852 0.00387692
12 0.994271 0.5 0.0104167 0.138889 0.00459648
2 0.647135 0.148611 0.0338542 0.0601852 0.00473436
0 0.75651 0.0912037 0.0151042 0.075 0.00524806
9 0.270052 0.0490741 0.0192708 0.037037 0.00583278
9 0.583594 0.0402778 0.0119792 0.0453704 0.00615567
9 0.442448 0.087963 0.0130208 0.0259259 0.00650836
9 0.208073 0.0671296 0.0234375 0.0490741 0.00775746
2 0.344271 0.101389 0.015625 0.0453704 0.00879963
9 0.26901 0.0231481 0.0203125 0.037037 0.00940402
7 0.214583 0.0662037 0.0375 0.0564815 0.0122318
2 0.238281 0.141204 0.0182292 0.0416667 0.0125822
5 0.220313 0.0666667 0.0479167 0.0555556 0.0133463
2 0.491667 0.10787 0.0177083 0.0509259 0.0137855
0 0.995573 0.329167 0.0078125 0.0527778 0.0141065
9 0.572396 0.0319444 0.0135417 0.0601852 0.0159086
2 0.592448 0.126389 0.0182292 0.0231481 0.0195073
2 0.271354 0.110185 0.0135417 0.037037 0.0200414
2 0.786719 0.087963 0.0171875 0.0240741 0.0219033
2 0.445052 0.11713 0.0244792 0.0212963 0.031751
0 0.635417 0.148611 0.009375 0.0527778 0.0382379
9 0.502344 0.760648 0.0130208 0.0546296 0.0456273
2 0.29401 0.106481 0.0296875 0.0796296 0.0472637
2 0.635156 0.147685 0.0109375 0.0546296 0.0521658
2 0.485417 0.0740741 0.0229167 0.0240741 0.0571688
2 0.347396 0.113889 0.0125 0.037037 0.0637354
2 0.404687 0.114815 0.0114583 0.0296296 0.0845534
9 0.567448 0.0486111 0.00885417 0.025 0.0881274
7 0.295833 0.106019 0.034375 0.0805556 0.0883405
2 0.4625 0.115741 0.0125 0.0333333 0.0943957
2 0.46901 0.111574 0.0244792 0.0416667 0.141658
2 0.478125 0.110185 0.0177083 0.0444444 0.143881
2 0.322135 0.0851852 0.0380208 0.0333333 0.178817
2 0.627344 0.121759 0.0255208 0.0509259 0.362825
7 0.505469 0.102778 0.0432292 0.0648148 0.39806
2 0.505469 0.103241 0.0432292 0.0657407 0.480585
2 0.31849 0.122222 0.0505208 0.0703704 0.655734
2 0.359115 0.113889 0.0244792 0.037037 0.734175
2 0.384896 0.10787 0.034375 0.0453704 0.763268
10 0.203906 0.316204 0.0151042 0.0712963 0.78788
11 0.728906 0.0435185 0.0265625 0.0574074 0.812283
2 0.729688 0.418519 0.121875 0.172222 0.895766
