1 0.00885417 0.396296 0.0177083 0.122222 0.00118526
2 0.396354 0.0967593 0.04375 0.0453704 0.00121154
32 0.453906 0.313426 0.00885417 0.0138889 0.0012131
9 0.252865 0.087037 0.0130208 0.0351852 0.00125107
9 0.257552 0.0763889 0.0109375 0.0490741 0.00127614
2 0.238281 0.141667 0.0192708 0.0407407 0.00129466
9 0.757292 0.0703704 0.0104167 0.0407407 0.00133084
2 0.62526 0.406944 0.394271 0.206481 0.00136342
2 0.469271 0.0203704 0.021875 0.0203704 0.00140429
9 0.293229 0.0564815 0.0104167 0.0407407 0.00144494
2 0.413802 0.114815 0.0161458 0.0462963 0.00149831
1 0.809635 0.326852 0.0203125 0.0962963 0.00154599
13 0.99375 0.519444 0.0114583 0.17037 0.00162996
9 0.976562 0.497222 0.0447917 0.125926 0.00172033
12 0.702604 0.139352 0.0229167 0.0861111 0.00174711
2 0.363281 0.0666667 0.0119792 0.0203704 0.00177925
0 0.26849 0.109722 0.00989583 0.037963 0.00179897
13 0.970312 0.545833 0.0583333 0.139815 0.00185951
1 0.00442708 0.366204 0.00885417 0.0657407 0.00188613
9 0.50026 0.603704 0.0151042 0.0425926 0.00190748
2 0.777604 0.099537 0.0260417 0.0416667 0.0019501
2 0.41875 0.10463 0.015625 0.0481481 0.00218914
0 0.715885 0.372222 0.0234375 0.0259259 0.00224883
0 0.263542 0.106019 0.00833333 0.0472222 0.00240925
2 0.442708 0.10787 0.0260417 0.0361111 0.00241405
7 0.970833 0.525 0.0572917 0.198148 0.00244333
2 0.414583 0.109259 0.264583 0.0685185 0.00250647
9 0.572135 0.0319444 0.0151042 0.0601852 0.00255773
9 0.263281 0.0865741 0.00885417 0.0324074 0.00256801
9 0.220313 0.0847222 0.0114583 0.0194444 0.0026313
13 0.986198 0.522222 0.0265625 0.181481 0.00284497
9 0.36224 0.0513889 0.0119792 0.0435185 0.00295395
9 0.282552 0.0888889 0.0078125 0.0240741 0.00363672
2 0.555729 0.110185 0.297917 0.0685185 0.0037458
9 0.208073 0.0671296 0.0223958 0.0453704 0.00378021
2 0.00416667 0.412037 0.00833333 0.0851852 0.00378568
9 0.469531 0.406944 0.00989583 0.0305556 0.00384582
1 0.00390625 0.400463 0.0078125 0.106481 0.00390738
9 0.266667 0.0976852 0.0104167 0.0527778 0.0043854
2 0.592708 0.126389 0.0166667 0.0231481 0.00454853
9 0.213802 0.0569444 0.0317708 0.0527778 0.00483511
5 0.220833 0.062963 0.0489583 0.0611111 0.00515293
9 0.36224 0.0671296 0.00989583 0.0305556 0.00520093
2 0.303646 0.0824074 0.0270833 0.037037 0.00575745
0 0.284635 0.114352 0.0119792 0.0675926 0.00589739
2 0.442187 0.0884259 0.0135417 0.0287037 0.00611371
9 0.994531 0.489352 0.00989583 0.119444 0.00683881
0 0.442448 0.0875 0.0119792 0.025 0.00730004
7 0.219792 0.062037 0.0489583 0.0666667 0.0074667
2 0.478646 0.109259 0.075 0.0537037 0.00755889
2 0.425 0.116667 0.0197917 0.0314815 0.00766813
11 0.236979 0.0694444 0.0166667 0.0444444 0.010075
11 0.60599 0.0601852 0.00989583 0.0240741 0.0121019
2 0.785417 0.0884259 0.0145833 0.0231481 0.015435
2 0.293229 0.0722222 0.0114583 0.0166667 0.0159948
7 0.297396 0.100926 0.03125 0.0703704 0.0175743
2 0.294792 0.102315 0.0302083 0.0712963 0.0175757
9 0.502604 0.760185 0.0125 0.0537037 0.0276759
9 0.567448 0.0481481 0.0078125 0.0240741 0.0281263
0 0.634896 0.14213 0.0104167 0.0490741 0.0444761
9 0.269271 0.0365741 0.021875 0.0694444 0.0528448
0 0.627344 0.131944 0.0223958 0.037963 0.0880947
7 0.535417 0.275 0.0989583 0.15 0.0931211
2 0.627604 0.122222 0.025 0.0537037 0.182002
0 0.429167 0.115278 0.0125 0.0324074 0.186495
2 0.322396 0.087037 0.0385417 0.0333333 0.203647
2 0.480208 0.110185 0.0208333 0.0425926 0.235314
7 0.50625 0.104167 0.0427083 0.062037 0.353075
2 0.468229 0.110648 0.0229167 0.0416667 0.367709
2 0.50625 0.103704 0.0427083 0.062963 0.463826
2 0.317969 0.12037 0.0515625 0.0703704 0.627024
10 0.203906 0.315741 0.0161458 0.0703704 0.693758
2 0.396615 0.119444 0.0536458 0.0888889 0.73503
2 0.535677 0.275 0.0984375 0.15 0.741903
11 0.729688 0.0430556 0.0270833 0.0564815 0.784149
2 0.729948 0.418981 0.122396 0.173148 0.88471
