9 0.442448 0.232407 0.0109375 0.0277778 0.00101893
2 0.0119792 0.398148 0.0239583 0.109259 0.0010353
7 0.146094 0.0787037 0.0651042 0.0555556 0.00104477
0 0.263281 0.102778 0.00989583 0.0518519 0.00104744
9 0.0578125 0.0240741 0.0166667 0.0407407 0.00110701
9 0.558594 0.0226852 0.0234375 0.0435185 0.0011124
2 0.649219 0.148611 0.0369792 0.0601852 0.00113065
0 0.75625 0.0856481 0.0125 0.0731481 0.00113415
2 0.289062 0.102778 0.10625 0.0962963 0.00115822
9 0.5 0.602778 0.0145833 0.0444444 0.00117309
13 0.96276 0.553241 0.0401042 0.0398148 0.00134053
9 0.29401 0.0555556 0.00885417 0.0407407 0.00155536
0 0.715625 0.371759 0.0229167 0.0268519 0.00160474
9 0.547917 0.0532407 0.0104167 0.0231481 0.00167715
9 0.110156 0.0268519 0.0130208 0.037037 0.00176071
9 0.439063 0.19537 0.0125 0.0333333 0.00183894
12 0.989062 0.498611 0.0208333 0.132407 0.00201049
11 0.239844 0.0337963 0.0203125 0.0638889 0.00201602
9 0.757292 0.0699074 0.0104167 0.0435185 0.00218122
13 0.970573 0.565741 0.0567708 0.0796296 0.00234987
13 0.99349 0.517593 0.0119792 0.17037 0.00241451
32 0.454167 0.314352 0.00833333 0.0157407 0.00245304
58 0.96849 0.494444 0.0296875 0.0907407 0.00248061
13 0.985937 0.518056 0.0270833 0.175 0.00256882
2 0.535417 0.110648 0.285417 0.0694444 0.00259541
2 0.363542 0.0675926 0.0114583 0.0222222 0.00302591
0 0.995573 0.328241 0.0078125 0.0527778 0.00306132
9 0.115104 0.0231481 0.0125 0.037037 0.00314476
9 0.176823 0.510185 0.0380208 0.0407407 0.00315541
9 0.458333 0.0652778 0.00729167 0.025 0.00316084
2 0.0328125 0.0671296 0.0208333 0.0194444 0.00321465
0 0.286719 0.113426 0.0161458 0.0712963 0.00377746
12 0.691146 0.165741 0.0104167 0.0388889 0.00391832
2 0.43099 0.108333 0.0598958 0.0444444 0.00409131
2 0.789583 0.0888889 0.0197917 0.0222222 0.00411728
9 0.36224 0.0685185 0.00989583 0.0240741 0.00415913
2 0.473958 0.108796 0.0802083 0.0509259 0.00449008
9 0.210677 0.0685185 0.0265625 0.0462963 0.00498211
9 0.569792 0.0310185 0.0125 0.0583333 0.00551259
2 0.3625 0.110185 0.146875 0.0666667 0.00561517
9 0.99375 0.493981 0.0114583 0.126852 0.00562094
2 0.310677 0.0828704 0.0307292 0.0361111 0.00588763
2 0.291927 0.0712963 0.0109375 0.0148148 0.00598043
11 0.23724 0.0675926 0.0161458 0.0425926 0.00677361
2 0.238542 0.139815 0.01875 0.0444444 0.00760439
9 0.441927 0.0856481 0.0130208 0.025 0.00768221
1 0.0127604 0.395833 0.0255208 0.110185 0.00810293
7 0.220313 0.0652778 0.05 0.0694444 0.00821732
12 0.994792 0.493056 0.009375 0.130556 0.00839339
2 0.592708 0.125926 0.0177083 0.0222222 0.00852427
9 0.219792 0.0884259 0.0104167 0.0157407 0.010369
5 0.220833 0.0652778 0.0489583 0.0601852 0.0107386
2 0.271094 0.107407 0.0140625 0.0425926 0.011289
9 0.269792 0.05 0.0197917 0.0388889 0.0117245
2 0.00442708 0.405556 0.00885417 0.0907407 0.0132714
9 0.502344 0.759722 0.0130208 0.0564815 0.0151529
11 0.60599 0.0587963 0.00989583 0.0268519 0.0172225
1 0.00442708 0.398611 0.00885417 0.10463 0.0187081
9 0.269271 0.0324074 0.0208333 0.0574074 0.0192073
0 0.635417 0.148611 0.009375 0.0527778 0.0206295
2 0.635156 0.148611 0.0109375 0.0583333 0.0213424
10 0.195573 0.302315 0.0348958 0.0990741 0.0265804
2 0.298438 0.102778 0.0333333 0.0703704 0.0408198
2 0.443229 0.113426 0.01875 0.0231481 0.0538888
2 0.46849 0.108333 0.0286458 0.0462963 0.0562563
9 0.567187 0.0476852 0.00833333 0.0231481 0.0581707
2 0.441927 0.0842593 0.0140625 0.0240741 0.0684225
2 0.461979 0.111111 0.0125 0.0407407 0.176362
2 0.479427 0.108796 0.0234375 0.0453704 0.317345
2 0.322135 0.0861111 0.0369792 0.0351852 0.338862
2 0.627344 0.122685 0.0255208 0.0527778 0.38342
2 0.50625 0.103704 0.0427083 0.062963 0.4364
7 0.50625 0.103241 0.0427083 0.0638889 0.440931
2 0.31875 0.121296 0.0510417 0.0703704 0.733176
11 0.728906 0.0425926 0.0265625 0.0537037 0.779487
2 0.414323 0.110185 0.0328125 0.0407407 0.791292
10 0.204167 0.314815 0.015625 0.0703704 0.802261
2 0.729688 0.419444 0.121875 0.17037 0.895478
