2 0.236719 0.0939815 0.0171875 0.0601852 0.00100567
2 0.569792 0.423148 0.542708 0.177778 0.00103585
7 0.236979 0.075 0.0177083 0.0555556 0.00107822
9 0.29401 0.0541667 0.00989583 0.0361111 0.00110507
2 0.254687 0.0875 0.0177083 0.0342593 0.00115652
2 0.304427 0.131481 0.0307292 0.0555556 0.00117214
9 0.588281 0.0407407 0.0151042 0.05 0.00118286
58 0.967969 0.503704 0.0286458 0.087037 0.00118548
9 0.548437 0.0518519 0.0114583 0.0259259 0.001225
1 0.810677 0.328241 0.0182292 0.0861111 0.00123024
2 0.0145833 0.371759 0.0291667 0.0490741 0.00125412
0 0.994792 0.375926 0.009375 0.146296 0.00127699
9 0.995313 0.52963 0.00833333 0.037037 0.00129522
7 0.290885 0.103704 0.0942708 0.0907407 0.00131129
0 0.36224 0.0773148 0.0140625 0.0268519 0.00132945
0 0.26276 0.103241 0.00989583 0.0527778 0.00135749
1 0.00885417 0.403704 0.0177083 0.105556 0.0013732
9 0.263021 0.0861111 0.00833333 0.0333333 0.00142072
13 0.961458 0.556019 0.0385417 0.0416667 0.00143139
2 0.659115 0.138889 0.0682292 0.0611111 0.00144914
7 0.788542 0.0634259 0.025 0.0601852 0.00149038
13 0.0143229 0.398611 0.0286458 0.110185 0.00153629
7 0.989844 0.516667 0.0192708 0.181481 0.00160235
9 0.273177 0.0402778 0.0317708 0.0768519 0.00161492
7 0.970573 0.518519 0.0578125 0.181481 0.00170487
2 0.218229 0.136574 0.059375 0.0527778 0.00184813
9 0.559375 0.0291667 0.021875 0.0527778 0.00194668
0 0.714323 0.37037 0.0244792 0.0277778 0.00194916
1 0.00572917 0.370833 0.0114583 0.0564815 0.00195075
9 0.415885 0.00972222 0.0161458 0.0194444 0.00196635
9 0.5625 0.05 0.01875 0.0259259 0.00197982
2 0.239583 0.106481 0.0166667 0.0351852 0.00203058
2 0.78099 0.10463 0.0328125 0.0481481 0.00210112
2 0.501042 0.115278 0.363542 0.0768519 0.00214209
11 0.2375 0.0685185 0.0166667 0.0425926 0.00240682
2 0.00442708 0.38287 0.00885417 0.037963 0.00246555
2 0.466667 0.0231481 0.021875 0.0222222 0.00271266
2 0.463802 0.112963 0.106771 0.0592593 0.0032747
9 0.993229 0.505093 0.0125 0.14537 0.00334755
2 0.346615 0.106944 0.0151042 0.0361111 0.00349795
2 0.267448 0.0986111 0.0109375 0.0527778 0.00379936
9 0.576042 0.0328704 0.015625 0.062037 0.00389042
0 0.755729 0.0930556 0.015625 0.0805556 0.00402597
2 0.36849 0.113889 0.135937 0.062963 0.00417227
12 0.701823 0.156019 0.0234375 0.0527778 0.00417883
2 0.647135 0.147222 0.0338542 0.0611111 0.00474968
9 0.583854 0.0407407 0.0114583 0.0444444 0.00499425
9 0.5 0.603704 0.0145833 0.0388889 0.00561442
9 0.269792 0.050463 0.01875 0.0361111 0.00571762
1 0.00390625 0.407407 0.0078125 0.0888889 0.00581317
12 0.99401 0.500463 0.0109375 0.136111 0.00586221
2 0.433594 0.0847222 0.0192708 0.0287037 0.00682896
2 0.363542 0.0699074 0.0125 0.0231481 0.00738827
0 0.75651 0.0740741 0.0119792 0.0444444 0.00801123
12 0.693229 0.163426 0.00729167 0.0398148 0.00860799
11 0.60625 0.0601852 0.0104167 0.0240741 0.0101499
2 0.790104 0.0875 0.0208333 0.025 0.0115685
2 0.271354 0.111111 0.0135417 0.037037 0.0151051
2 0.238281 0.141667 0.0182292 0.0388889 0.0169828
9 0.269271 0.0185185 0.0197917 0.0314815 0.0170197
0 0.995573 0.330093 0.0078125 0.0509259 0.019178
9 0.570312 0.0314815 0.0135417 0.0592593 0.0198932
0 0.442187 0.0856481 0.0114583 0.0268519 0.0223244
7 0.220313 0.0643518 0.05 0.0675926 0.0257635
2 0.592708 0.126852 0.0177083 0.0222222 0.029483
2 0.410677 0.0592593 0.0411458 0.0333333 0.0384833
2 0.489844 0.107407 0.0161458 0.05 0.0386036
2 0.635156 0.145833 0.0109375 0.0527778 0.0417351
9 0.502083 0.760648 0.0125 0.0546296 0.0468382
5 0.220313 0.0657407 0.05 0.0611111 0.0502575
2 0.294531 0.106481 0.0317708 0.0833333 0.0529606
2 0.389323 0.0638889 0.0182292 0.0203704 0.0917299
9 0.567187 0.0486111 0.00833333 0.025 0.128833
2 0.396615 0.062963 0.0307292 0.0259259 0.149235
7 0.297135 0.106481 0.0380208 0.0833333 0.162699
2 0.465104 0.112037 0.01875 0.0388889 0.20189
2 0.479167 0.109722 0.0197917 0.0453704 0.250779
7 0.409115 0.0611111 0.0484375 0.0333333 0.264071
2 0.322917 0.0856481 0.0375 0.0361111 0.290898
2 0.627604 0.121296 0.025 0.0518519 0.338367
7 0.505729 0.104167 0.04375 0.0638889 0.415911
2 0.505729 0.103704 0.04375 0.062963 0.441788
2 0.31849 0.122222 0.0505208 0.0703704 0.642921
10 0.204167 0.315741 0.015625 0.0722222 0.772309
11 0.728906 0.0435185 0.0265625 0.0574074 0.794575
2 0.426562 0.112037 0.03125 0.0351852 0.795045
2 0.366667 0.1125 0.0322917 0.037963 0.822618
2 0.729688 0.418981 0.122917 0.169444 0.899581
