9 0.440885 0.222685 0.00989583 0.0194444 0.0010032
0 0.153646 0.1125 0.0104167 0.0268519 0.00100701
11 0.221875 0.0634259 0.0489583 0.062037 0.00101164
1 0.810677 0.32963 0.0182292 0.0833333 0.00105068
14 0.201042 0.243519 0.0166667 0.012963 0.00105759
11 0.240885 0.0416667 0.0234375 0.0814815 0.00107866
10 0.194271 0.29537 0.034375 0.114815 0.00107966
2 0.66224 0.149537 0.0651042 0.062037 0.00111736
2 0.536458 0.111574 0.0104167 0.0453704 0.00112094
0 0.75651 0.0740741 0.0109375 0.0407407 0.0011397
13 0.970312 0.545833 0.0583333 0.14537 0.00114999
0 0.754948 0.0930556 0.0130208 0.0768519 0.00118402
2 0.284635 0.074537 0.0213542 0.0342593 0.00119457
12 0.717708 0.16713 0.0166667 0.0305556 0.00123877
7 0.272656 0.0398148 0.0307292 0.0759259 0.00132575
0 0.731771 0.373148 0.025 0.0277778 0.00135447
2 0.263802 0.100463 0.0109375 0.0564815 0.00136409
0 0.832552 0.209259 0.0380208 0.087037 0.00137776
9 0.0583333 0.0212963 0.015625 0.0407407 0.00137857
9 0.261979 0.0212963 0.0145833 0.0351852 0.00138757
2 0.0463542 0.0666667 0.0604167 0.037037 0.00139546
2 0.234375 0.102778 0.0197917 0.0407407 0.0013964
2 0.222656 0.134259 0.0505208 0.0537037 0.00144831
2 0.0708333 0.0481481 0.0135417 0.0203704 0.00145635
7 0.970052 0.528704 0.0588542 0.212963 0.00145949
2 0.53151 0.113426 0.0130208 0.0416667 0.00146374
7 0.145313 0.0893519 0.0666667 0.0768519 0.00146892
9 0.29349 0.0574074 0.00885417 0.0407407 0.00152253
2 0.0421875 0.0601852 0.0364583 0.0296296 0.00157711
0 0.26276 0.0935185 0.00885417 0.05 0.00159309
2 0.461458 0.0175926 0.015625 0.0240741 0.00178988
2 0.219531 0.103241 0.0515625 0.0416667 0.00181902
2 0.00625 0.0916667 0.0125 0.0444444 0.00192631
2 0.271094 0.0824074 0.0192708 0.0740741 0.00193163
7 0.988281 0.518056 0.0223958 0.187963 0.00198046
2 0.538021 0.111574 0.330208 0.0787037 0.00219855
2 0.409635 0.0990741 0.167187 0.0666667 0.00222322
1 0.74974 0.248148 0.0338542 0.0611111 0.00230336
2 0.0434896 0.0976852 0.0703125 0.0805556 0.00240099
2 0.0335938 0.0657407 0.0203125 0.0222222 0.00242606
58 0.96849 0.495833 0.0307292 0.087963 0.00243488
9 0.115625 0.0236111 0.015625 0.0416667 0.00265225
13 0.985937 0.518981 0.0270833 0.176852 0.00267496
2 0.416146 0.0587963 0.03125 0.0342593 0.00269963
1 0.0106771 0.36713 0.0213542 0.0453704 0.00281413
7 0.0921875 0.0787037 0.175 0.131481 0.00282191
9 0.269531 0.0486111 0.0203125 0.0398148 0.00286494
2 0.814062 0.0777778 0.015625 0.0185185 0.00289324
0 0.716146 0.373148 0.0229167 0.0259259 0.0029299
2 0.240885 0.104167 0.0161458 0.0324074 0.00298086
9 0.49974 0.601852 0.0140625 0.0388889 0.00317537
9 0.99401 0.500463 0.0109375 0.137963 0.00322761
2 0.0630208 0.111111 0.0302083 0.0481481 0.00326556
1 0.00546875 0.460648 0.0109375 0.234259 0.00339943
9 0.10651 0.0305556 0.00989583 0.037037 0.00361099
2 0.454167 0.0643518 0.0145833 0.0324074 0.00362226
0 0.283333 0.0921296 0.009375 0.0416667 0.00373679
12 0.99401 0.5 0.0109375 0.138889 0.00424965
2 0.60625 0.0592593 0.0104167 0.0259259 0.00448095
0 0.442708 0.0958333 0.015625 0.0527778 0.00473636
2 0.288021 0.10787 0.015625 0.0694444 0.00481656
7 0.275781 0.0689815 0.0390625 0.134259 0.00493562
2 0.291406 0.0722222 0.0109375 0.0166667 0.0058664
0 0.995573 0.330556 0.0078125 0.0518519 0.00603316
2 0.592708 0.125926 0.0177083 0.0240741 0.00614823
0 0.286198 0.116667 0.0140625 0.0666667 0.00617937
9 0.213021 0.0606481 0.0322917 0.0583333 0.00637337
2 0.36224 0.0972222 0.0661458 0.0574074 0.0072899
9 0.572917 0.0310185 0.0135417 0.0601852 0.00770585
0 0.817708 0.233333 0.00833333 0.037037 0.00873201
0 0.635156 0.146759 0.00989583 0.0527778 0.00906772
9 0.502344 0.759722 0.0130208 0.0546296 0.00907379
2 0.238542 0.140278 0.01875 0.0416667 0.00926603
2 0.307813 0.0810185 0.0239583 0.0324074 0.00957451
2 0.788542 0.0884259 0.0208333 0.0268519 0.00960619
2 0.322656 0.099537 0.0567708 0.0675926 0.00974835
9 0.26849 0.0199074 0.0203125 0.0305556 0.00989151
7 0.788542 0.0657407 0.025 0.0666667 0.00994866
11 0.23724 0.0675926 0.0161458 0.0425926 0.0106408
7 0.220313 0.0648148 0.05 0.0833333 0.010986
0 0.846615 0.183333 0.0078125 0.037037 0.0112047
2 0.00520833 0.403241 0.0104167 0.0972222 0.0120156
1 0.00494792 0.406019 0.00989583 0.087963 0.0128664
5 0.220573 0.0680556 0.0494792 0.0712963 0.0142335
2 0.271615 0.109259 0.0151042 0.0388889 0.0166633
7 0.298698 0.104167 0.0390625 0.0768519 0.0166875
2 0.634896 0.144907 0.0114583 0.0490741 0.0206367
2 0.340104 0.087037 0.0135417 0.0277778 0.0212458
0 0.441667 0.0837963 0.0125 0.0305556 0.0220592
2 0.300781 0.102778 0.0369792 0.0722222 0.0244585
2 0.488281 0.106944 0.0140625 0.0509259 0.0264731
1 0.009375 0.395833 0.01875 0.112037 0.0283834
9 0.567448 0.0481481 0.0078125 0.0240741 0.051696
2 0.4625 0.110648 0.0135417 0.0416667 0.0621799
2 0.480208 0.109722 0.01875 0.0435185 0.14305
2 0.470573 0.109722 0.0286458 0.0435185 0.235224
2 0.321875 0.0856481 0.0385417 0.0324074 0.359829
7 0.505729 0.103704 0.0427083 0.062963 0.424381
2 0.50599 0.103704 0.0421875 0.062963 0.445769
1 0.745052 0.256019 0.0192708 0.0509259 0.505754
2 0.374219 0.0824074 0.0348958 0.05 0.545691
2 0.43125 0.0634259 0.0260417 0.0324074 0.54606
2 0.627604 0.122685 0.025 0.0527778 0.556904
2 0.411458 0.0648148 0.0208333 0.0222222 0.565331
0 0.746094 0.220833 0.0244792 0.087963 0.761572
2 0.318229 0.121759 0.0510417 0.0694444 0.768429
10 0.203906 0.315741 0.0161458 0.0722222 0.78689
11 0.728906 0.0425926 0.0276042 0.0574074 0.822663
2 0.729948 0.418981 0.122396 0.173148 0.899931
