2 0.236719 0.10787 0.0171875 0.0435185 0.00100793
0 0.728125 0.371759 0.0302083 0.0305556 0.00103701
9 0.416667 0.0166667 0.0166667 0.0203704 0.00106569
11 0.228646 0.0648148 0.0364583 0.0611111 0.00106729
1 0.810417 0.330556 0.0197917 0.087037 0.00106805
2 0.792448 0.087963 0.0369792 0.0351852 0.00109045
0 0.740625 0.370833 0.0239583 0.0305556 0.00118675
9 0.989583 0.518981 0.0197917 0.178704 0.00120992
13 0.985417 0.519907 0.028125 0.178704 0.00125332
12 0.702344 0.163426 0.0223958 0.0398148 0.0012878
0 0.75651 0.131019 0.0109375 0.0416667 0.00131058
9 0.995052 0.531482 0.00885417 0.0407407 0.00131691
2 0.21901 0.127778 0.0588542 0.0703704 0.00135583
9 0.114063 0.025 0.0145833 0.0388889 0.00137572
7 0.98724 0.524537 0.0244792 0.197222 0.00146816
12 0.690885 0.166667 0.0109375 0.0351852 0.00151051
7 0.149479 0.0893519 0.0708333 0.0787037 0.00157483
2 0.772396 0.114352 0.0145833 0.0305556 0.00158896
58 0.96875 0.495833 0.03125 0.0898148 0.00162247
2 0.295052 0.131019 0.0203125 0.0564815 0.00166863
9 0.2625 0.0263889 0.015625 0.0472222 0.00173083
11 0.239844 0.0333333 0.0213542 0.062963 0.00175122
9 0.109375 0.0282407 0.0125 0.0361111 0.00179449
13 0.0130208 0.366204 0.0260417 0.0435185 0.00181162
9 0.588542 0.0412037 0.0145833 0.0416667 0.00184632
9 0.58125 0.0347222 0.0177083 0.0583333 0.00188066
9 0.335677 0.0425926 0.0109375 0.0277778 0.00190128
9 0.260938 0.0462963 0.0135417 0.0537037 0.00192029
12 0.994271 0.518981 0.0104167 0.169444 0.00194406
9 0.458333 0.0652778 0.00729167 0.0305556 0.00196789
2 0.661198 0.15 0.0619792 0.062963 0.00197723
12 0.69401 0.164352 0.00677083 0.0361111 0.00203446
2 0.520833 0.111111 0.294792 0.0740741 0.00211757
2 0.81276 0.0759259 0.0171875 0.0185185 0.00240966
2 0.363281 0.0685185 0.0119792 0.0222222 0.00263607
9 0.415885 0.00972222 0.0161458 0.0194444 0.00273793
0 0.26276 0.106944 0.00885417 0.0453704 0.00277484
2 0.420052 0.113426 0.303646 0.0861111 0.00282772
9 0.273177 0.0393519 0.0307292 0.0768519 0.00286902
0 0.995313 0.331019 0.00833333 0.0527778 0.00299664
12 0.702865 0.136574 0.0234375 0.0805556 0.00300898
0 0.75625 0.374074 0.0208333 0.0296296 0.00312145
2 0.442969 0.0884259 0.0140625 0.0305556 0.00332832
9 0.570052 0.0314815 0.0119792 0.0574074 0.00352134
9 0.502344 0.761111 0.0119792 0.0518519 0.00357224
1 0.00989583 0.389815 0.0197917 0.112963 0.00368336
9 0.257812 0.0731481 0.0104167 0.0444444 0.00390254
2 0.78099 0.104167 0.0317708 0.0527778 0.00420926
9 0.253125 0.0861111 0.0125 0.0333333 0.00430956
0 0.442708 0.0981481 0.0177083 0.05 0.00431605
2 0.292708 0.074537 0.0177083 0.0194444 0.00445022
0 0.715365 0.373148 0.0255208 0.0259259 0.00457784
7 0.220313 0.0662037 0.0510417 0.0601852 0.00458932
9 0.99401 0.499537 0.0109375 0.136111 0.00469963
9 0.213021 0.062963 0.0333333 0.0518519 0.0048317
2 0.301823 0.0856481 0.0380208 0.0416667 0.00503918
58 0.442969 0.087963 0.0140625 0.0296296 0.00514638
9 0.220573 0.087963 0.0109375 0.0148148 0.00519421
5 0.221094 0.0657407 0.0494792 0.0537037 0.00524113
9 0.267188 0.0981481 0.0104167 0.05 0.00573549
9 0.584115 0.0453704 0.0109375 0.0351852 0.00585999
9 0.36224 0.0699074 0.00989583 0.0231481 0.00638473
9 0.270573 0.0569444 0.0182292 0.0361111 0.00691025
13 0.00442708 0.410185 0.00885417 0.087037 0.0069969
32 0.454427 0.316204 0.0078125 0.0157407 0.00712673
11 0.236979 0.0675926 0.0177083 0.0407407 0.0076278
13 0.0143229 0.397685 0.0286458 0.113889 0.00881458
0 0.757031 0.0851852 0.0130208 0.062963 0.00910008
2 0.606771 0.0601852 0.0104167 0.0240741 0.0114363
9 0.26276 0.0865741 0.0078125 0.0324074 0.0117319
9 0.220313 0.0560185 0.01875 0.0416667 0.0141386
9 0.269531 0.0222222 0.0192708 0.0388889 0.0202329
2 0.238802 0.139352 0.0203125 0.0453704 0.0208365
2 0.272396 0.110185 0.0145833 0.0388889 0.0244095
2 0.489583 0.108333 0.0125 0.0481481 0.0247203
2 0.785677 0.0902778 0.0161458 0.025 0.0347786
9 0.207292 0.0657407 0.01875 0.0407407 0.0354278
2 0.635417 0.146296 0.0114583 0.0518519 0.041317
0 0.635677 0.148148 0.00989583 0.0481481 0.0464886
9 0.322917 0.0486111 0.009375 0.0287037 0.057643
2 0.302865 0.110648 0.0463542 0.0861111 0.0825333
9 0.567448 0.0481481 0.00885417 0.0222222 0.0885983
7 0.300521 0.106944 0.04375 0.0824074 0.103529
2 0.46224 0.115741 0.0130208 0.0333333 0.10963
2 0.480469 0.10787 0.0244792 0.0435185 0.133403
2 0.470573 0.1125 0.0286458 0.0398148 0.196759
2 0.321615 0.0884259 0.0380208 0.0361111 0.320509
2 0.627865 0.121759 0.0255208 0.0509259 0.336424
2 0.507031 0.105093 0.0421875 0.062037 0.56362
2 0.31875 0.121296 0.05 0.0722222 0.690264
11 0.729167 0.0435185 0.0270833 0.0555556 0.75592
10 0.203906 0.315741 0.0161458 0.0703704 0.779586
2 0.509375 0.190741 0.0791667 0.112963 0.900036
2 0.729948 0.42037 0.122396 0.17037 0.914846
