9 0.261719 0.0486111 0.0151042 0.0435185 0.00106327
2 0.592969 0.422685 0.540104 0.176852 0.00107616
9 0.548177 0.0523148 0.0109375 0.025 0.00108844
2 0.0130208 0.397685 0.0260417 0.110185 0.00119438
9 0.414844 0.00972222 0.0140625 0.0194444 0.00121091
9 0.273958 0.0388889 0.0333333 0.0759259 0.00122822
58 0.00859375 0.400463 0.0171875 0.106481 0.00125046
2 0.648177 0.148148 0.0369792 0.0592593 0.0012763
2 0.757292 0.119444 0.0135417 0.037037 0.00130051
13 0.961198 0.555556 0.0380208 0.0425926 0.00135795
2 0.227604 0.136574 0.0395833 0.0509259 0.00136949
7 0.30599 0.0606481 0.0307292 0.0398148 0.00138874
2 0.409375 0.116667 0.28125 0.1 0.00153902
2 0.771875 0.1125 0.0135417 0.0268519 0.00170662
7 0.274219 0.037037 0.0307292 0.0703704 0.00171903
12 0.713281 0.165278 0.00885417 0.0342593 0.00172967
2 0.555208 0.11713 0.248958 0.0916667 0.00173362
13 0.0138021 0.394907 0.0276042 0.115741 0.00180248
9 0.270052 0.0527778 0.0192708 0.0407407 0.00187938
12 0.702083 0.164815 0.0239583 0.0351852 0.00188981
9 0.253646 0.0875 0.015625 0.0342593 0.00193808
9 0.257812 0.075 0.0114583 0.05 0.00205085
32 0.454688 0.315278 0.00729167 0.0157407 0.00205972
32 0.460677 0.356944 0.0109375 0.0157407 0.00217472
2 0.238021 0.118056 0.01875 0.0527778 0.00233128
58 0.96875 0.498148 0.0302083 0.0851852 0.00237704
2 0.443229 0.087037 0.0145833 0.0277778 0.00252875
11 0.23724 0.0689815 0.0161458 0.0435185 0.00255837
0 0.715885 0.37037 0.0244792 0.0296296 0.00256186
1 0.00546875 0.389352 0.0109375 0.119444 0.00256773
2 0.817448 0.231944 0.00989583 0.0453704 0.00257354
2 0.536458 0.111574 0.009375 0.0453704 0.00269177
1 0.810156 0.328241 0.0192708 0.0842593 0.00300817
2 0.445833 0.115741 0.025 0.0203704 0.0031312
12 0.688802 0.169444 0.0140625 0.0314815 0.00319372
12 0.692969 0.166204 0.0078125 0.0361111 0.00322037
9 0.5 0.602778 0.0145833 0.0388889 0.0033109
13 0.00416667 0.406481 0.00833333 0.0888889 0.00333774
0 0.263021 0.10463 0.009375 0.05 0.003619
11 0.60625 0.0606481 0.009375 0.025 0.00383611
2 0.53099 0.1125 0.0130208 0.0435185 0.00435753
0 0.757552 0.0717593 0.00989583 0.037963 0.00438092
2 0.816406 0.0694444 0.0130208 0.0111111 0.00440467
0 0.995573 0.330556 0.0078125 0.0555556 0.004493
12 0.994271 0.496296 0.0104167 0.131481 0.00454536
2 0.592188 0.125926 0.0166667 0.0240741 0.00510068
9 0.263542 0.0898148 0.00833333 0.0351852 0.00578531
2 0.813542 0.075 0.0177083 0.0148148 0.00595659
2 0.00390625 0.409722 0.0078125 0.0842593 0.0060875
2 0.269531 0.0476852 0.0192708 0.037963 0.00619053
9 0.266146 0.0981481 0.009375 0.0481481 0.00714538
9 0.443229 0.0875 0.0135417 0.0287037 0.00783764
9 0.26901 0.024537 0.0213542 0.0435185 0.00845118
9 0.36224 0.0699074 0.00885417 0.0231481 0.00850122
9 0.210417 0.0666667 0.0270833 0.05 0.00930149
2 0.270052 0.109259 0.0119792 0.0407407 0.0111573
9 0.573698 0.0305556 0.0140625 0.0592593 0.0164083
2 0.491406 0.111111 0.0203125 0.0425926 0.0170689
2 0.786198 0.0893519 0.0151042 0.0231481 0.0172013
5 0.220833 0.0708333 0.05 0.0731481 0.0200365
7 0.220313 0.0671296 0.05 0.0731481 0.0202238
2 0.634896 0.144444 0.0114583 0.0518519 0.0240911
0 0.635417 0.147222 0.009375 0.0518519 0.0253848
2 0.305729 0.0782407 0.0260417 0.025 0.0450681
2 0.238542 0.141667 0.0177083 0.0388889 0.0542194
9 0.502865 0.760185 0.0119792 0.0518519 0.0561509
9 0.567187 0.0486111 0.00729167 0.0231481 0.0791153
2 0.48125 0.102315 0.0229167 0.0324074 0.130527
7 0.292969 0.113426 0.0286458 0.075 0.189588
2 0.627344 0.121759 0.0255208 0.0527778 0.214208
2 0.29349 0.113426 0.0286458 0.0768519 0.229731
2 0.46849 0.111574 0.0244792 0.0416667 0.245364
2 0.322656 0.0861111 0.0369792 0.037037 0.256374
2 0.303646 0.0601852 0.0239583 0.0314815 0.374328
2 0.50599 0.104167 0.0432292 0.0638889 0.655071
2 0.318229 0.122685 0.05 0.0694444 0.673635
10 0.203906 0.316667 0.0171875 0.0722222 0.796117
11 0.729167 0.0425926 0.0270833 0.0555556 0.804813
2 0.483594 0.161574 0.0546875 0.0768519 0.870111
2 0.729948 0.419444 0.122396 0.172222 0.907096
