12 0.702083 0.121759 0.0229167 0.0509259 0.00100027
0 0.0536458 0.110185 0.0114583 0.0518519 0.00101592
1 0.121354 0.430556 0.242708 0.161111 0.00103293
1 0.20625 0.435185 0.0302083 0.111111 0.00106836
2 0.561979 0.423611 0.627083 0.180556 0.00107178
58 0.96875 0.494907 0.03125 0.0898148 0.00109188
1 0.182292 0.350926 0.0364583 0.0314815 0.00112311
9 0.255469 0.087037 0.0182292 0.037037 0.00114753
9 0.26224 0.0444444 0.0151042 0.0555556 0.00114903
2 0.0046875 0.556481 0.009375 0.0425926 0.00115524
0 0.729688 0.372685 0.0270833 0.0287037 0.00118319
9 0.441927 0.227778 0.00885417 0.0185185 0.00118341
2 0.772917 0.110185 0.015625 0.0277778 0.00124522
1 0.146094 0.35 0.0255208 0.0796296 0.00126578
12 0.995573 0.530093 0.0078125 0.0342593 0.00130012
9 0.292708 0.0564815 0.00833333 0.037037 0.00133961
1 0.810938 0.331019 0.0177083 0.0842593 0.00136344
0 0.00546875 0.466667 0.0109375 0.22963 0.00143624
12 0.701302 0.164815 0.0234375 0.037037 0.00158337
10 0.21849 0.340278 0.0317708 0.0731481 0.00159811
2 0.341146 0.0726852 0.0135417 0.0194444 0.00169362
2 0.296875 0.102315 0.0802083 0.0953704 0.0017283
2 0.654688 0.137963 0.0822917 0.0833333 0.0017698
0 0.757031 0.374537 0.0192708 0.0324074 0.00177382
12 0.988802 0.496759 0.0203125 0.126852 0.00178325
2 0.45625 0.0648148 0.0114583 0.0333333 0.00184093
0 0.444271 0.1 0.0208333 0.05 0.00195629
2 0.446354 0.0703704 0.0208333 0.037037 0.00216143
9 0.26276 0.0916667 0.0078125 0.0444444 0.00227909
7 0.970573 0.524537 0.0578125 0.197222 0.00231032
2 0.814062 0.075463 0.0166667 0.0157407 0.00233227
9 0.502083 0.759722 0.0135417 0.0564815 0.00244411
2 0.778125 0.101389 0.0291667 0.0509259 0.00255342
1 0.0122396 0.360648 0.0244792 0.0712963 0.00262387
0 0.716667 0.372222 0.025 0.0277778 0.00270543
2 0.539844 0.108796 0.268229 0.0712963 0.00270683
1 0.166667 0.356944 0.065625 0.0638889 0.00287586
0 0.754948 0.115741 0.0171875 0.0425926 0.0028861
9 0.581771 0.0342593 0.0135417 0.0555556 0.00305484
2 0.269792 0.0555556 0.01875 0.0351852 0.00315288
2 0.39974 0.106944 0.249479 0.0824074 0.00357925
11 0.23724 0.0685185 0.0161458 0.0444444 0.00358638
2 0.289062 0.0865741 0.0229167 0.0472222 0.00368438
0 0.263281 0.100926 0.00885417 0.0555556 0.0040752
11 0.60599 0.0601852 0.00989583 0.0259259 0.00410542
1 0.00520833 0.364352 0.0104167 0.0861111 0.00420401
5 0.218229 0.0634259 0.04375 0.0601852 0.00511445
1 0.00572917 0.462963 0.0114583 0.231481 0.00530172
2 0.269792 0.108796 0.0125 0.0416667 0.00537335
9 0.270052 0.0476852 0.0192708 0.0416667 0.00565764
7 0.277083 0.0657407 0.0364583 0.124074 0.00591477
9 0.994531 0.492593 0.00989583 0.122222 0.00610602
12 0.691406 0.165741 0.00989583 0.0388889 0.00700263
7 0.21276 0.0615741 0.0338542 0.062037 0.00709968
2 0.238542 0.139352 0.01875 0.0435185 0.00822903
9 0.209375 0.0652778 0.025 0.0490741 0.00824425
2 0.592448 0.125926 0.0171875 0.0240741 0.0086119
9 0.269271 0.0291667 0.021875 0.0509259 0.00982941
12 0.994792 0.493056 0.009375 0.125 0.00986278
2 0.53151 0.108796 0.0161458 0.0490741 0.0112182
0 0.755469 0.0921296 0.0161458 0.0787037 0.0118649
24 0.216927 0.34213 0.0223958 0.0472222 0.0159688
9 0.572656 0.0310185 0.0151042 0.0583333 0.0161652
2 0.634896 0.146759 0.0104167 0.0546296 0.0208897
2 0.4875 0.106944 0.015625 0.0509259 0.0231236
1 0.0140625 0.459722 0.028125 0.243519 0.0330196
0 0.635417 0.148148 0.009375 0.0518519 0.0379759
2 0.785417 0.087963 0.0135417 0.0240741 0.0380256
2 0.46224 0.1125 0.0140625 0.037963 0.0480271
10 0.442969 0.0884259 0.0130208 0.0305556 0.0522572
2 0.39349 0.0625 0.0213542 0.0342593 0.0748791
9 0.567187 0.0472222 0.00833333 0.0240741 0.0778163
1 0.00677083 0.405556 0.0135417 0.0944444 0.084783
2 0.354427 0.0634259 0.00885417 0.0212963 0.114407
2 0.528646 0.0777778 0.0197917 0.0333333 0.151859
2 0.299479 0.105556 0.0395833 0.0796296 0.185502
1 0.0135417 0.399074 0.0270833 0.105556 0.219787
10 0.204427 0.314352 0.0161458 0.0657407 0.267981
2 0.382812 0.0601852 0.0333333 0.0314815 0.302004
2 0.472656 0.108796 0.0328125 0.0453704 0.368375
2 0.322396 0.087037 0.0375 0.037037 0.402347
1 0.219271 0.434259 0.0291667 0.112963 0.433751
2 0.627344 0.121759 0.0255208 0.0509259 0.4452
2 0.505469 0.104167 0.0421875 0.062037 0.707568
2 0.411458 0.0657407 0.0479167 0.0314815 0.70853
2 0.31849 0.122222 0.0505208 0.0703704 0.731273
0 0.21901 0.383333 0.0348958 0.159259 0.749341
11 0.728906 0.0425926 0.0276042 0.0555556 0.815539
2 0.729688 0.419907 0.122917 0.171296 0.915528
