0 0.536198 0.296296 0.545313 0.5 0.00100218
0 0.639844 0.148148 0.0182292 0.0555556 0.00107602
2 0.614062 0.426852 0.675 0.187037 0.00111522
9 0.548177 0.0486111 0.0109375 0.0268519 0.00115639
9 0.292448 0.0523148 0.00885417 0.0416667 0.00120942
2 0.647396 0.148148 0.0354167 0.0574074 0.00129622
9 0.282292 0.0648148 0.0260417 0.122222 0.00141561
9 0.36224 0.0472222 0.00989583 0.0351852 0.00146953
2 0.591406 0.127778 0.0192708 0.0240741 0.00159416
9 0.60625 0.0597222 0.00833333 0.025 0.00172458
0 0.757292 0.375 0.0197917 0.0314815 0.00174782
9 0.241406 0.0773148 0.0109375 0.0509259 0.00182874
9 0.289583 0.0282407 0.0114583 0.0324074 0.0018504
9 0.361198 0.0634259 0.0109375 0.0212963 0.00185617
13 0.970833 0.524537 0.0572917 0.178704 0.00187359
2 0.00390625 0.412963 0.0078125 0.0777778 0.0018799
2 0.530729 0.1125 0.0135417 0.0435185 0.00189659
9 0.500521 0.602778 0.0145833 0.0388889 0.00193347
2 0.363542 0.0652778 0.0114583 0.0194444 0.00193701
32 0.454427 0.314815 0.0078125 0.0148148 0.00198595
0 0.73099 0.371759 0.0317708 0.0287037 0.0021485
2 0.297656 0.10787 0.0817708 0.0935185 0.00222114
2 0.424479 0.11713 0.316667 0.0990741 0.00222566
12 0.701563 0.164352 0.01875 0.037963 0.00223292
9 0.210156 0.0643518 0.0307292 0.0509259 0.00227544
2 0.788542 0.0833333 0.0125 0.0203704 0.00229805
1 0.0140625 0.397222 0.028125 0.107407 0.00248247
12 0.690104 0.164352 0.0114583 0.037963 0.00251173
9 0.257292 0.0796296 0.0125 0.05 0.00263461
5 0.214062 0.0615741 0.0364583 0.0546296 0.00284263
9 0.438802 0.195833 0.0130208 0.0342593 0.0029627
0 0.263542 0.1 0.00833333 0.0574074 0.00296859
9 0.566667 0.0310185 0.0166667 0.0601852 0.00302521
9 0.964063 0.498611 0.0197917 0.0787037 0.00324815
0 0.757031 0.0888889 0.0119792 0.0796296 0.00378059
1 0.00442708 0.399537 0.00885417 0.10463 0.00428129
2 0.509896 0.132407 0.0479167 0.0351852 0.00450234
2 0.784115 0.0893519 0.0109375 0.0175926 0.00450436
9 0.2375 0.0680556 0.0135417 0.0435185 0.00472419
9 0.261979 0.0384259 0.015625 0.0638889 0.00500397
2 0.442708 0.087037 0.0145833 0.0240741 0.00508814
2 0.794271 0.087037 0.0197917 0.0203704 0.00523224
11 0.23776 0.0652778 0.0161458 0.0361111 0.00539562
2 0.448698 0.116667 0.0307292 0.0240741 0.00545567
9 0.995052 0.490741 0.00885417 0.118519 0.00547709
2 0.269792 0.108333 0.0114583 0.0407407 0.00556436
12 0.702083 0.139352 0.0229167 0.0861111 0.00567476
12 0.995573 0.486111 0.0078125 0.118519 0.00635096
2 0.292448 0.0712963 0.0109375 0.0148148 0.00675977
0 0.710156 0.371296 0.0203125 0.0277778 0.00739233
9 0.502865 0.759722 0.0109375 0.0546296 0.00780586
9 0.265885 0.0967593 0.00989583 0.0509259 0.00889671
9 0.97474 0.500926 0.0421875 0.127778 0.00946518
9 0.263281 0.0898148 0.00885417 0.0407407 0.0103003
9 0.220833 0.0893519 0.009375 0.0138889 0.0109352
12 0.973177 0.498611 0.0390625 0.123148 0.0109407
0 0.443229 0.087963 0.0125 0.0240741 0.0131396
2 0.485938 0.120833 0.0177083 0.0305556 0.0138289
0 0.634896 0.143519 0.0114583 0.0537037 0.0149516
9 0.20651 0.0680556 0.0161458 0.0361111 0.0173706
9 0.567187 0.0481481 0.00833333 0.0240741 0.020654
9 0.269792 0.0351852 0.021875 0.0666667 0.0365521
2 0.4625 0.113426 0.0114583 0.0342593 0.0399591
2 0.291146 0.111111 0.025 0.0759259 0.0686378
9 0.222656 0.0606481 0.0109375 0.037963 0.104071
2 0.478906 0.108796 0.0223958 0.0453704 0.214462
2 0.627344 0.123148 0.0255208 0.0537037 0.303258
2 0.322656 0.0856481 0.0380208 0.0342593 0.324574
2 0.504948 0.101389 0.0442708 0.0564815 0.393272
11 0.729427 0.0435185 0.0276042 0.0592593 0.723651
2 0.317969 0.121296 0.0515625 0.0685185 0.767067
2 0.50599 0.157407 0.0546875 0.0814815 0.810746
10 0.204167 0.314352 0.015625 0.0694444 0.813706
2 0.729948 0.418981 0.122396 0.173148 0.905231
