9 0.502083 0.759722 0.0125 0.0564815 0.0011563
7 0.989323 0.516667 0.0203125 0.181481 0.00117087
7 0.278906 0.0888889 0.0671875 0.109259 0.00124505
2 0.525521 0.106019 0.0322917 0.0546296 0.00126115
2 0.339063 0.0773148 0.0135417 0.0268519 0.00132104
2 0.255729 0.0865741 0.0197917 0.0398148 0.00140006
13 0.970312 0.519444 0.0583333 0.185185 0.00143745
9 0.571354 0.0305556 0.0135417 0.0574074 0.00145266
2 0.53099 0.111111 0.0140625 0.0444444 0.0014676
0 0.757812 0.373611 0.0177083 0.0342593 0.00155976
2 0.57526 0.123148 0.0515625 0.037037 0.00156329
2 0.238542 0.136574 0.0197917 0.0472222 0.00166253
9 0.26901 0.0162037 0.0213542 0.0324074 0.00171255
2 0.814323 0.0740741 0.0182292 0.0222222 0.00174724
2 0.785937 0.0819444 0.015625 0.0231481 0.00180422
12 0.700781 0.162963 0.0203125 0.0388889 0.0018092
7 0.270573 0.0717593 0.0223958 0.110185 0.00186326
0 0.442969 0.0976852 0.0192708 0.0546296 0.00197703
2 0.541146 0.106019 0.285417 0.0787037 0.00200713
2 0.0127604 0.39213 0.0255208 0.119444 0.0020203
2 0.435937 0.104167 0.242708 0.0712963 0.00215245
0 0.730729 0.370833 0.0270833 0.0287037 0.00220987
7 0.236979 0.0685185 0.0166667 0.0444444 0.0023464
0 0.755208 0.0898148 0.0166667 0.0777778 0.00236368
2 0.278385 0.0592593 0.0328125 0.0611111 0.00238152
2 0.775 0.10787 0.021875 0.0324074 0.00250723
13 0.99401 0.518981 0.0109375 0.171296 0.00264462
9 0.993229 0.511574 0.0125 0.163889 0.00286465
58 0.967708 0.494907 0.0291667 0.0824074 0.00302559
13 0.961458 0.553241 0.0395833 0.0453704 0.0030856
9 0.49974 0.601389 0.0151042 0.0398148 0.00388531
13 0.986458 0.517593 0.0260417 0.175926 0.00389671
12 0.99375 0.502315 0.0114583 0.147222 0.00396876
13 0.970052 0.566204 0.0578125 0.0824074 0.00447427
7 0.282813 0.0875 0.0229167 0.0583333 0.00459782
2 0.388542 0.0592593 0.0572917 0.037037 0.00461117
1 0.00390625 0.411111 0.0078125 0.0814815 0.00493244
5 0.232552 0.0666667 0.0244792 0.0481481 0.0049764
2 0.00390625 0.4125 0.0078125 0.0787037 0.0056129
0 0.708594 0.371296 0.0213542 0.0277778 0.00564105
1 0.0106771 0.391667 0.0213542 0.124074 0.00572194
0 0.284115 0.0833333 0.00885417 0.0296296 0.00607875
2 0.442187 0.0842593 0.0145833 0.0259259 0.0069811
2 0.26901 0.0981481 0.0140625 0.0592593 0.00726836
12 0.692708 0.163426 0.00729167 0.0398148 0.00744963
2 0.784896 0.0893519 0.0135417 0.0175926 0.00762944
2 0.269792 0.0490741 0.01875 0.037037 0.00806832
2 0.60599 0.0606481 0.0109375 0.0287037 0.00883428
9 0.269792 0.0342593 0.0229167 0.0648148 0.00894409
2 0.292448 0.110648 0.0203125 0.0583333 0.00909447
0 0.286198 0.112963 0.0151042 0.0740741 0.00939465
2 0.291406 0.0703704 0.0109375 0.0148148 0.00978447
9 0.291667 0.0513889 0.00833333 0.0435185 0.0105332
1 0.0119792 0.368056 0.0239583 0.0527778 0.0120737
9 0.566667 0.0467593 0.00833333 0.0231481 0.012567
2 0.591927 0.125463 0.0171875 0.0268519 0.0157088
7 0.276042 0.0402778 0.0375 0.0787037 0.0181539
5 0.219792 0.062037 0.05 0.0592593 0.0192374
7 0.219271 0.0611111 0.0510417 0.0685185 0.0193281
10 0.442187 0.0847222 0.0135417 0.0287037 0.0278037
2 0.46224 0.110185 0.0140625 0.0388889 0.0353904
0 0.634115 0.143981 0.0119792 0.0490741 0.050893
2 0.626823 0.119907 0.0255208 0.0509259 0.329118
2 0.372135 0.0671296 0.0265625 0.0231481 0.331699
2 0.321094 0.0842593 0.0380208 0.0333333 0.401475
2 0.472396 0.108796 0.0322917 0.0435185 0.455962
2 0.400521 0.0648148 0.0364583 0.0277778 0.497983
2 0.505469 0.102778 0.0432292 0.062963 0.639887
10 0.203906 0.313889 0.0161458 0.0703704 0.661235
2 0.317969 0.12037 0.0505208 0.0703704 0.730669
11 0.728646 0.0412037 0.0270833 0.0527778 0.798484
7 0.490365 0.241667 0.103646 0.15 0.880777
2 0.729427 0.417593 0.123438 0.172222 0.906723
