41 0.5 0.602315 0.015625 0.0398148 0.00101091
9 0.261979 0.0532407 0.0145833 0.0398148 0.00101912
7 0.286979 0.0976852 0.084375 0.112037 0.0011134
2 0.658073 0.126852 0.0890625 0.0611111 0.00112038
7 0.28125 0.0587963 0.0302083 0.0657407 0.0011501
7 0.381771 0.0583333 0.053125 0.0351852 0.00115504
0 0.730208 0.373148 0.025 0.0277778 0.00117207
9 0.5 0.602315 0.015625 0.0398148 0.00119841
2 0.00390625 0.418519 0.0078125 0.0685185 0.00123002
0 0.351823 0.250463 0.455729 0.423148 0.00125346
0 0.690365 0.168519 0.0140625 0.0462963 0.00129477
1 0.557031 0.3375 0.144271 0.0768519 0.00131749
9 0.263281 0.087037 0.0078125 0.0388889 0.00137966
1 0.00442708 0.399537 0.00885417 0.10463 0.00138083
2 0.770312 0.107407 0.0145833 0.0296296 0.0013868
13 0.961458 0.552315 0.0385417 0.037963 0.00160481
2 0.59349 0.123148 0.0151042 0.0277778 0.00191413
7 0.989583 0.522685 0.0197917 0.187963 0.00192559
9 0.21875 0.103241 0.00833333 0.037963 0.00197624
0 0.995052 0.331944 0.00885417 0.0509259 0.00199208
2 0.636979 0.413426 0.366667 0.223148 0.00215008
1 0.0117188 0.391204 0.0234375 0.119444 0.00218826
1 0.0114583 0.359722 0.0229167 0.0546296 0.00226042
9 0.236198 0.0671296 0.0171875 0.0435185 0.00230417
7 0.220313 0.0638889 0.0520833 0.0962963 0.00238178
7 0.21224 0.0601852 0.0348958 0.0611111 0.00238834
58 0.96875 0.496296 0.03125 0.0888889 0.00264438
9 0.26849 0.0981481 0.0119792 0.0537037 0.00278687
2 0.339323 0.075463 0.0151042 0.025 0.00343825
2 0.441927 0.108796 0.0463542 0.0435185 0.00350574
0 0.709375 0.375 0.0177083 0.0240741 0.00350883
2 0.572656 0.106481 0.274479 0.062963 0.00352342
0 0.282031 0.0856481 0.00677083 0.0287037 0.00360673
9 0.989323 0.516667 0.0203125 0.177778 0.00437487
0 0.716667 0.373148 0.0229167 0.0259259 0.00445443
9 0.292448 0.0560185 0.00885417 0.0416667 0.00490513
7 0.7875 0.0509259 0.0260417 0.0907407 0.00533166
12 0.991667 0.509722 0.015625 0.162037 0.00541028
11 0.236979 0.0657407 0.0166667 0.0388889 0.00544474
1 0.68125 0.209259 0.0302083 0.0611111 0.00561644
2 0.384896 0.105093 0.08125 0.0638889 0.00566996
2 0.23776 0.140741 0.0182292 0.0407407 0.00617313
7 0.275781 0.0662037 0.0390625 0.130556 0.00648018
13 0.991927 0.516667 0.0151042 0.175926 0.00663829
9 0.584375 0.0375 0.0125 0.0546296 0.00667627
0 0.816927 0.234259 0.00885417 0.0388889 0.00693307
0 0.286198 0.117593 0.0151042 0.0648148 0.00698189
9 0.572656 0.0310185 0.0140625 0.0583333 0.00699053
0 0.685156 0.206944 0.0244792 0.0675926 0.0070272
2 0.270833 0.109722 0.0135417 0.037963 0.0073148
2 0.78151 0.099537 0.0359375 0.0509259 0.00731768
1 0.695573 0.266667 0.0286458 0.116667 0.00753803
2 0.290625 0.0708333 0.0114583 0.0157407 0.00766887
2 0.478906 0.106481 0.0598958 0.0444444 0.00775121
9 0.269792 0.0513889 0.01875 0.0361111 0.00799979
2 0.288021 0.115278 0.015625 0.0657407 0.00885971
32 0.454167 0.313426 0.00729167 0.0138889 0.0109009
13 0.970573 0.524537 0.0578125 0.187963 0.0115563
9 0.441927 0.0856481 0.0130208 0.025 0.0129299
9 0.269531 0.0175926 0.0213542 0.0314815 0.0130361
9 0.213542 0.0675926 0.0354167 0.05 0.0132368
2 0.789062 0.0856481 0.0197917 0.025 0.0132616
2 0.294531 0.106481 0.0307292 0.0759259 0.0136532
7 0.970833 0.525463 0.0572917 0.202778 0.0144808
0 0.755469 0.0893519 0.0140625 0.0768519 0.0145187
9 0.20651 0.0694444 0.0192708 0.0407407 0.0158841
2 0.441667 0.0851852 0.0135417 0.0240741 0.0201258
2 0.3625 0.0643518 0.0135417 0.0231481 0.0206552
7 0.29974 0.105093 0.0380208 0.0768519 0.0215631
2 0.60599 0.0587963 0.0109375 0.0268519 0.0297253
9 0.566927 0.0472222 0.00885417 0.0240741 0.0345849
0 0.634896 0.14537 0.0104167 0.0518519 0.0453216
9 0.222135 0.062963 0.0130208 0.0444444 0.0455841
9 0.220052 0.0898148 0.0078125 0.0148148 0.0529827
2 0.447135 0.115278 0.0255208 0.025 0.057921
2 0.488021 0.106944 0.0135417 0.0509259 0.0777327
2 0.46224 0.1125 0.0119792 0.037963 0.134785
2 0.469531 0.109259 0.0255208 0.0425926 0.25515
2 0.320833 0.0865741 0.0385417 0.0361111 0.279522
0 0.689062 0.238426 0.0177083 0.115741 0.289823
2 0.479167 0.109259 0.0229167 0.0444444 0.307305
7 0.505729 0.103704 0.0427083 0.062963 0.356905
2 0.388281 0.0601852 0.0401042 0.0314815 0.487625
2 0.627083 0.121296 0.0260417 0.05 0.494448
2 0.50599 0.103241 0.0421875 0.062037 0.497863
1 0.689844 0.265278 0.0161458 0.0805556 0.54996
10 0.204167 0.314815 0.015625 0.0703704 0.69126
2 0.317969 0.121296 0.0515625 0.0703704 0.705911
2 0.409115 0.109722 0.0359375 0.0398148 0.752617
11 0.728646 0.0416667 0.0270833 0.0537037 0.769812
0 0.5 0.294444 0.034375 0.111111 0.775255
1 0.499479 0.331019 0.0322917 0.075 0.841812
2 0.729688 0.419444 0.122917 0.172222 0.905745
