9 0.236979 0.0703704 0.015625 0.0444444 0.00104894
9 0.259896 0.0731481 0.0135417 0.0481481 0.00105439
13 0.96224 0.554167 0.0401042 0.0398148 0.00106524
2 0.286719 0.0763889 0.0192708 0.0287037 0.00108417
11 0.227083 0.0652778 0.0385417 0.0490741 0.0011109
9 0.991146 0.506019 0.0166667 0.149074 0.00114401
2 0.26276 0.101852 0.00989583 0.0537037 0.00116352
2 0.294271 0.106944 0.0916667 0.0990741 0.0011646
9 0.502604 0.759259 0.0125 0.0555556 0.00122128
12 0.976823 0.497685 0.0453125 0.130556 0.00124738
2 0.00546875 0.0916667 0.0109375 0.0444444 0.00127305
2 0.658333 0.150926 0.05625 0.0611111 0.0013265
2 0.223438 0.135648 0.0489583 0.0527778 0.00134183
2 0.775521 0.115278 0.021875 0.0361111 0.00134226
2 0.0255208 0.351852 0.05 0.0277778 0.00137284
0 0.0533854 0.114352 0.0109375 0.0527778 0.00139383
9 0.415885 0.00972222 0.0161458 0.0194444 0.00141024
9 0.252865 0.0865741 0.0140625 0.0342593 0.00143335
2 0.239844 0.105556 0.0151042 0.037037 0.00144073
12 0.701563 0.163889 0.01875 0.0388889 0.00148053
9 0.458854 0.0555556 0.00833333 0.0314815 0.00155175
2 0.780469 0.104167 0.0317708 0.0509259 0.00184746
9 0.292448 0.0537037 0.0078125 0.0407407 0.00189537
0 0.485156 0.0597222 0.00989583 0.037963 0.00198096
2 0.0330729 0.0657407 0.0223958 0.0259259 0.00207428
2 0.266667 0.0976852 0.0104167 0.0546296 0.0021515
0 0.716667 0.371759 0.0239583 0.0268519 0.00222328
2 0.46224 0.102315 0.0307292 0.0564815 0.00222862
9 0.27526 0.0402778 0.0348958 0.0787037 0.00223274
2 0.640625 0.150463 0.0197917 0.0638889 0.00225184
0 0.995573 0.326852 0.0078125 0.0592593 0.00226403
58 0.968229 0.497222 0.0291667 0.0851852 0.00248186
0 0.458854 0.0666667 0.0104167 0.0259259 0.0025266
2 0.3625 0.0685185 0.009375 0.0240741 0.00276722
2 0.515885 0.112037 0.339063 0.0740741 0.0027892
1 0.0130208 0.371296 0.0260417 0.0574074 0.00290748
12 0.692187 0.163889 0.00833333 0.037037 0.00311898
2 0.48724 0.0972222 0.0161458 0.0481481 0.00316164
13 0.993229 0.51713 0.0125 0.171296 0.00318441
13 0.976562 0.517593 0.0458333 0.175926 0.00320969
2 0.377083 0.108796 0.182292 0.0805556 0.00366407
2 0.291146 0.0717593 0.0114583 0.0157407 0.00372491
9 0.263281 0.0865741 0.0078125 0.0342593 0.00407265
9 0.569792 0.0324074 0.0125 0.0592593 0.00439263
2 0.460417 0.108796 0.0895833 0.0638889 0.00468763
1 0.0239583 0.393981 0.0479167 0.112037 0.00539352
9 0.269531 0.0518519 0.0192708 0.0351852 0.00540962
2 0.592969 0.125463 0.0171875 0.025 0.00561615
9 0.114583 0.0231481 0.0177083 0.0407407 0.00567353
5 0.213281 0.0606481 0.0338542 0.0601852 0.00596621
12 0.99375 0.493981 0.0114583 0.125 0.00606585
9 0.213542 0.0597222 0.0333333 0.0564815 0.00610363
0 0.757552 0.0907407 0.0140625 0.0759259 0.00651703
2 0.270312 0.108796 0.0125 0.037963 0.0067097
2 0.309115 0.0800926 0.0182292 0.0324074 0.0071053
7 0.214062 0.062037 0.0354167 0.0648148 0.0072232
0 0.489583 0.0638889 0.0135417 0.0351852 0.00805215
0 0.441667 0.0625 0.0114583 0.0268519 0.00827411
11 0.60625 0.0583333 0.009375 0.0277778 0.00892091
9 0.219271 0.0875 0.009375 0.0175926 0.00931879
11 0.2375 0.0671296 0.015625 0.0398148 0.0101316
9 0.269531 0.0194444 0.0203125 0.0333333 0.0127024
2 0.238281 0.139815 0.0182292 0.0425926 0.0136624
2 0.785937 0.0898148 0.0166667 0.0222222 0.013672
7 0.295312 0.106019 0.0322917 0.0805556 0.0177592
2 0.635156 0.147685 0.0109375 0.0601852 0.0224236
1 0.009375 0.397222 0.01875 0.105556 0.0231566
1 0.00442708 0.403241 0.00885417 0.0916667 0.0234859
2 0.292188 0.1125 0.0260417 0.0694444 0.0255363
9 0.567448 0.0481481 0.0078125 0.0240741 0.0369476
2 0.460156 0.109259 0.0151042 0.0444444 0.253564
2 0.322656 0.0865741 0.0369792 0.0361111 0.286852
2 0.627344 0.122222 0.0255208 0.0518519 0.436019
2 0.478906 0.10787 0.0255208 0.0472222 0.453307
2 0.50625 0.104167 0.0427083 0.062037 0.533074
2 0.318229 0.121296 0.0510417 0.0703704 0.764992
10 0.204167 0.314815 0.015625 0.0685185 0.791159
2 0.436979 0.102778 0.040625 0.0574074 0.793507
11 0.729167 0.0425926 0.0270833 0.0555556 0.799973
2 0.730208 0.419444 0.121875 0.172222 0.902835
