12 0.967448 0.501389 0.0276042 0.0842593 0.0010231
9 0.415365 0.012037 0.0151042 0.0240741 0.00105085
2 0.452083 0.0967593 0.0666667 0.0731481 0.00113522
1 0.810677 0.331481 0.0192708 0.0981481 0.001203
7 0.985937 0.522685 0.0270833 0.178704 0.00122725
7 0.99375 0.517593 0.0114583 0.168519 0.00126876
9 0.576302 0.0337963 0.0140625 0.0657407 0.00128562
2 0.29375 0.102778 0.0979167 0.0888889 0.00131138
0 0.732031 0.372685 0.0296875 0.0305556 0.00139034
9 0.293229 0.0537037 0.00833333 0.0425926 0.00144153
2 0.00885417 0.386111 0.0177083 0.133333 0.00146426
2 0.296354 0.131944 0.01875 0.0546296 0.00148069
9 0.236979 0.0634259 0.0166667 0.0361111 0.0016087
9 0.254948 0.0861111 0.0151042 0.0333333 0.00163435
2 0.0127604 0.36713 0.0255208 0.062037 0.00168164
5 0.205208 0.0694444 0.0270833 0.0444444 0.00198219
9 0.2625 0.0425926 0.0166667 0.0592593 0.00199112
11 0.236979 0.0694444 0.0166667 0.0462963 0.00203871
9 0.268229 0.0967593 0.0114583 0.0490741 0.00210542
9 0.986458 0.499537 0.021875 0.130556 0.00211796
9 0.258594 0.0731481 0.0109375 0.0444444 0.0021835
9 0.768229 0.0171296 0.015625 0.0324074 0.00220878
13 0.0135417 0.391667 0.0270833 0.118519 0.00227508
7 0.790365 0.0662037 0.0276042 0.0638889 0.00243497
9 0.263281 0.0837963 0.00885417 0.0287037 0.00244952
9 0.547917 0.0513889 0.0104167 0.0268519 0.00256047
2 0.422917 0.0657407 0.0135417 0.0185185 0.00267002
2 0.439323 0.110185 0.199479 0.0611111 0.00269351
12 0.975 0.499537 0.0375 0.126852 0.0028263
2 0.277604 0.116204 0.028125 0.0546296 0.00286763
9 0.219531 0.0819444 0.0140625 0.025 0.00292397
2 0.292969 0.0699074 0.00885417 0.0157407 0.00293982
0 0.361979 0.0796296 0.0114583 0.0259259 0.00299263
0 0.0046875 0.380093 0.009375 0.147222 0.00309939
11 0.605729 0.0601852 0.0104167 0.0259259 0.00339258
0 0.529948 0.110185 0.0109375 0.0407407 0.00346268
0 0.180208 0.729167 0.109375 0.482407 0.00349104
2 0.238281 0.140741 0.0192708 0.0407407 0.00383129
12 0.984896 0.497222 0.0177083 0.122222 0.0039033
2 0.363542 0.0680556 0.0114583 0.0231481 0.00403111
0 0.709115 0.374537 0.0192708 0.025 0.00453222
2 0.653646 0.141204 0.0791667 0.087963 0.0046702
7 0.653385 0.14537 0.0776042 0.0981481 0.00483627
9 0.994792 0.497222 0.009375 0.135185 0.00492316
1 0.00442708 0.389352 0.00885417 0.119444 0.00522611
0 0.646615 0.205093 0.00885417 0.0324074 0.00533764
0 0.716927 0.371759 0.0223958 0.0268519 0.00568435
0 0.617708 0.206019 0.021875 0.0305556 0.00657676
2 0.789062 0.0888889 0.0197917 0.0240741 0.00660351
9 0.567187 0.0314815 0.0166667 0.0592593 0.0077545
2 0.00390625 0.394907 0.0078125 0.108333 0.00802688
7 0.21276 0.0648148 0.0369792 0.0555556 0.00828049
9 0.206771 0.0689815 0.021875 0.0435185 0.00848338
10 0.00390625 0.399537 0.0078125 0.100926 0.00858338
0 0.608073 0.205093 0.0192708 0.0324074 0.00896499
9 0.502604 0.759259 0.0104167 0.0574074 0.00907837
12 0.995052 0.49213 0.00885417 0.128704 0.00918201
5 0.213542 0.0606481 0.0364583 0.0601852 0.0102529
9 0.114323 0.0240741 0.0130208 0.037037 0.0109738
7 0.970833 0.527778 0.0572917 0.205556 0.0112752
2 0.271354 0.111111 0.0145833 0.0351852 0.0120483
2 0.344271 0.0907407 0.0114583 0.0259259 0.01276
9 0.221354 0.0509259 0.0166667 0.037037 0.0149906
2 0.678125 0.186111 0.0114583 0.0444444 0.0256471
2 0.348958 0.1125 0.015625 0.0398148 0.0259314
0 0.757031 0.0925926 0.0140625 0.0814815 0.0271047
9 0.269531 0.0356481 0.0213542 0.0675926 0.0316741
7 0.445573 0.0708333 0.0359375 0.0398148 0.046764
7 0.295833 0.109722 0.0333333 0.0768519 0.046972
0 0.442969 0.0953704 0.0182292 0.0537037 0.0515161
2 0.290104 0.116204 0.021875 0.0657407 0.0629008
9 0.566927 0.0481481 0.0078125 0.0240741 0.0987495
2 0.322656 0.0851852 0.0380208 0.0333333 0.202261
2 0.627083 0.122222 0.0260417 0.0518519 0.269434
2 0.445312 0.0708333 0.034375 0.037963 0.348125
7 0.50625 0.103704 0.04375 0.062963 0.424013
2 0.473698 0.109259 0.0338542 0.0444444 0.487388
2 0.505729 0.103704 0.04375 0.062963 0.494048
2 0.318229 0.122685 0.0510417 0.0694444 0.545677
10 0.204167 0.315741 0.015625 0.0703704 0.745287
2 0.36276 0.112963 0.0296875 0.037037 0.758482
11 0.729167 0.0435185 0.0270833 0.0574074 0.770585
7 0.624219 0.232407 0.110937 0.162963 0.864505
2 0.729948 0.419907 0.122396 0.171296 0.909675
