2 0.474479 0.189815 0.470833 0.244444 0.00105239
9 0.253125 0.0856481 0.0135417 0.0361111 0.00105764
2 0.264062 0.106944 0.009375 0.0453704 0.00107259
0 0.758073 0.11713 0.0130208 0.0472222 0.00111251
9 0.263802 0.0412037 0.0182292 0.0638889 0.00111916
9 0.190365 0.0898148 0.00989583 0.0222222 0.00115559
2 0.295052 0.130093 0.0161458 0.0564815 0.00123269
7 0.220833 0.0513889 0.0552083 0.0916667 0.00129902
9 0.259115 0.075 0.0119792 0.0481481 0.00134247
0 0.369271 0.244444 0.0489583 0.0425926 0.00137729
2 0.975521 0.493519 0.0427083 0.12037 0.0014363
2 0.77526 0.120833 0.0203125 0.0416667 0.00146198
0 0.39349 0.248611 0.0234375 0.0324074 0.00148582
2 0.339323 0.0800926 0.0140625 0.0324074 0.00150114
13 0.961979 0.55463 0.0395833 0.0407407 0.00152989
1 0.0119792 0.35463 0.0239583 0.12037 0.00160655
12 0.702083 0.131944 0.0229167 0.0694444 0.00161081
0 0.1875 0.107407 0.00729167 0.0481481 0.00167748
2 0.582812 0.427315 0.686458 0.184259 0.00175095
7 0.464323 0.100926 0.0453125 0.0722222 0.00177401
0 0.716406 0.371759 0.0223958 0.0268519 0.00178787
2 0.298958 0.106019 0.10625 0.0898148 0.00179635
9 0.570052 0.0324074 0.0130208 0.0592593 0.00184426
13 0.993229 0.517593 0.0125 0.174074 0.00196707
12 0.975521 0.495833 0.0427083 0.126852 0.00198813
9 0.547917 0.0518519 0.0104167 0.0259259 0.00212154
9 0.293229 0.0564815 0.009375 0.0425926 0.00215969
2 0.639323 0.131019 0.0494792 0.0657407 0.00216677
0 0.635677 0.150463 0.0119792 0.0638889 0.00222718
12 0.701823 0.164352 0.0203125 0.037963 0.0022607
2 0.200781 0.244444 0.0182292 0.0148148 0.00226828
0 0.460417 0.3375 0.714583 0.426852 0.00236937
0 0.357031 0.246296 0.0223958 0.0296296 0.00242337
2 0.439063 0.108796 0.0135417 0.0472222 0.00260822
9 0.292708 0.0675926 0.0104167 0.0222222 0.00269224
58 0.96849 0.493056 0.0296875 0.0898148 0.00282093
12 0.691667 0.164352 0.009375 0.037963 0.00302698
7 0.970573 0.527778 0.0578125 0.212963 0.00315535
2 0.813802 0.075463 0.0182292 0.0175926 0.00326986
0 0.266927 0.0986111 0.0109375 0.0546296 0.00329335
2 0.277344 0.116204 0.0296875 0.0546296 0.00362042
7 0.211458 0.0648148 0.034375 0.0555556 0.00413068
13 0.970573 0.521759 0.0578125 0.187963 0.00439394
2 0.444531 0.109259 0.339063 0.0740741 0.0045038
2 0.648698 0.146759 0.0369792 0.062037 0.00475165
2 0.308854 0.0824074 0.0208333 0.0351852 0.00478798
12 0.994531 0.49537 0.00989583 0.137037 0.00503793
11 0.236979 0.0699074 0.0166667 0.0453704 0.00509019
5 0.21276 0.0634259 0.0359375 0.0564815 0.00542164
9 0.110417 0.0277778 0.0135417 0.037037 0.00556224
2 0.366927 0.110185 0.146354 0.0703704 0.00565081
9 0.206771 0.0680556 0.0208333 0.0435185 0.00609061
2 0.490365 0.102315 0.0151042 0.0638889 0.00621846
2 0.238542 0.140278 0.01875 0.0416667 0.00763365
2 0.592969 0.125463 0.0161458 0.025 0.00804022
7 0.297135 0.108333 0.0338542 0.0796296 0.00816363
9 0.114844 0.0240741 0.0130208 0.037037 0.00856226
11 0.60599 0.0601852 0.00989583 0.0222222 0.00901406
0 0.758073 0.0925926 0.0151042 0.0814815 0.00955082
1 0.0515625 0.161111 0.0666667 0.0777778 0.010106
2 0.635417 0.148148 0.009375 0.0518519 0.0135496
0 0.283854 0.10787 0.0104167 0.0583333 0.0139742
1 0.00416667 0.40463 0.00833333 0.0907407 0.0150118
9 0.269531 0.0351852 0.0203125 0.0574074 0.0158794
2 0.785417 0.087037 0.0145833 0.0240741 0.0167864
0 0.36276 0.0685185 0.00989583 0.0259259 0.0186655
9 0.502604 0.757407 0.0125 0.0611111 0.0197295
2 0.269792 0.111574 0.0125 0.0342593 0.0199772
2 0.297396 0.10787 0.0333333 0.075 0.021516
1 0.009375 0.396296 0.01875 0.109259 0.0257302
2 0.290365 0.12037 0.0203125 0.0555556 0.0380209
9 0.567448 0.0481481 0.0078125 0.0240741 0.038206
2 0.442187 0.087963 0.0135417 0.0259259 0.0399826
9 0.222917 0.0601852 0.0114583 0.037037 0.0936407
2 0.322135 0.087037 0.0369792 0.0351852 0.300938
2 0.627344 0.122222 0.0255208 0.0518519 0.460612
2 0.464583 0.101389 0.0458333 0.0694444 0.469322
2 0.50651 0.10463 0.0421875 0.062963 0.604799
2 0.31849 0.122222 0.0515625 0.0685185 0.768403
10 0.203646 0.315741 0.0166667 0.0722222 0.788331
2 0.389323 0.100463 0.0338542 0.0490741 0.798927
11 0.729427 0.0425926 0.0265625 0.0555556 0.812484
2 0.375781 0.281944 0.104687 0.158333 0.890455
2 0.729688 0.42037 0.122917 0.17037 0.913043
