9 0.756771 0.0902778 0.0145833 0.0712963 0.00100154
1 0.850521 0.317593 0.0979167 0.1 0.00100179
0 0.257292 0.0949074 0.0208333 0.0675926 0.00102151
2 0.564583 0.422222 0.588542 0.17963 0.00102901
2 0.0596354 0.0652778 0.0317708 0.0231481 0.00106375
1 0.802083 0.321759 0.0260417 0.0824074 0.00110245
9 0.990625 0.51713 0.0177083 0.171296 0.00111304
2 0.654948 0.138426 0.0776042 0.0805556 0.00112742
10 0.177083 0.279167 0.0145833 0.0435185 0.00112975
2 0.416406 0.0277778 0.0182292 0.0203704 0.00114194
1 0.00729167 0.363889 0.0145833 0.0833333 0.00115078
12 0.982292 0.500926 0.0322917 0.135185 0.0011757
2 0.444271 0.099537 0.0208333 0.0490741 0.0013536
2 0.200781 0.243519 0.0171875 0.0148148 0.00138211
11 0.254687 0.0861111 0.0166667 0.0425926 0.00138387
58 0.96849 0.496759 0.0296875 0.0898148 0.00139801
12 0.716146 0.165278 0.0125 0.0324074 0.00141588
11 0.239844 0.0342593 0.0213542 0.0666667 0.00143803
2 0.238281 0.100926 0.0182292 0.05 0.00146195
2 0.351302 0.0638889 0.0296875 0.0333333 0.00156064
13 0.961458 0.556019 0.0395833 0.0453704 0.00162132
12 0.701823 0.164815 0.0234375 0.037037 0.00163278
13 0.986198 0.519907 0.0265625 0.176852 0.00165927
2 0.301562 0.102315 0.0958333 0.0953704 0.00166746
2 0.282031 0.0736111 0.0276042 0.0398148 0.00170435
2 0.219271 0.131019 0.0572917 0.062037 0.00179188
2 0.0109375 0.369907 0.021875 0.0527778 0.00181707
2 0.850521 0.318056 0.0979167 0.113889 0.00184299
2 0.468229 0.0185185 0.0208333 0.0240741 0.00184907
7 0.988802 0.519907 0.0213542 0.186111 0.00186956
9 0.995052 0.511574 0.00885417 0.112037 0.00188427
9 0.294271 0.0550926 0.0104167 0.037963 0.00190577
11 0.60651 0.0606481 0.00989583 0.025 0.00200478
2 0.799219 0.0851852 0.0411458 0.0333333 0.00201903
2 0.364062 0.0680556 0.0114583 0.0194444 0.00208753
9 0.257292 0.0810185 0.0135417 0.0509259 0.00216983
7 0.276302 0.0560185 0.0348958 0.106481 0.00218991
10 0.19375 0.294444 0.0354167 0.116667 0.00227973
0 0.895573 0.262963 0.00885417 0.0259259 0.00233509
2 0.401563 0.109259 0.25 0.0814815 0.00235803
7 0.973437 0.529167 0.0520833 0.213889 0.00247649
2 0.771615 0.109722 0.0140625 0.0268519 0.00249092
2 0.592708 0.124074 0.0177083 0.0277778 0.00267707
2 0.65 0.149074 0.0385417 0.0592593 0.00287613
2 0.566146 0.109259 0.222917 0.0666667 0.00292804
0 0.715104 0.373148 0.0239583 0.0259259 0.00297068
2 0.756771 0.115741 0.015625 0.037037 0.00303856
2 0.779688 0.099537 0.0302083 0.0472222 0.0030466
2 0.53151 0.112037 0.0130208 0.0425926 0.0030623
2 0.442708 0.087037 0.0135417 0.0277778 0.00306779
9 0.458073 0.0648148 0.00677083 0.0314815 0.00314292
9 0.263021 0.0888889 0.00833333 0.0407407 0.00318896
2 0.0140625 0.396759 0.028125 0.112037 0.0037873
13 0.0132813 0.39537 0.0265625 0.112963 0.00407503
0 0.266667 0.0972222 0.0104167 0.0555556 0.00449279
2 0.813802 0.0763889 0.0192708 0.0194444 0.00521313
11 0.23724 0.0703704 0.0171875 0.0481481 0.0056773
2 0.285937 0.117593 0.0145833 0.062963 0.00619508
9 0.572917 0.0314815 0.0145833 0.0592593 0.00639055
12 0.693229 0.163889 0.00729167 0.0388889 0.00787421
12 0.994531 0.502315 0.00989583 0.14537 0.00835769
2 0.270052 0.109722 0.0130208 0.037963 0.00871838
9 0.502083 0.758796 0.0135417 0.0564815 0.00953664
9 0.213281 0.0625 0.0338542 0.0583333 0.00977912
9 0.442448 0.087037 0.0130208 0.0277778 0.0104412
5 0.220833 0.0731481 0.05 0.0722222 0.0110217
7 0.220052 0.0694444 0.0505208 0.0703704 0.0137279
1 0.00859375 0.395833 0.0171875 0.113889 0.0139434
1 0.810156 0.332407 0.0192708 0.0814815 0.0141607
2 0.634896 0.138889 0.0114583 0.0555556 0.0143817
2 0.0046875 0.556944 0.009375 0.0416667 0.0164805
2 0.786458 0.0884259 0.015625 0.025 0.0200867
2 0.238281 0.141667 0.0182292 0.0388889 0.0210169
9 0.567187 0.0486111 0.00833333 0.025 0.042778
2 0.485938 0.10787 0.0177083 0.0490741 0.0498882
9 0.26849 0.0342593 0.0213542 0.0666667 0.0596862
2 0.46224 0.112037 0.0140625 0.0388889 0.0826932
2 0.30599 0.10463 0.0515625 0.0759259 0.145381
2 0.319271 0.0907407 0.0385417 0.0351852 0.211623
2 0.472917 0.108796 0.0333333 0.0453704 0.306694
2 0.33776 0.062037 0.0411458 0.0351852 0.550753
2 0.505729 0.103704 0.0427083 0.062963 0.5604
2 0.627344 0.122685 0.0265625 0.0509259 0.637913
2 0.31849 0.12037 0.0515625 0.0722222 0.754401
11 0.728906 0.0435185 0.0276042 0.0574074 0.813587
10 0.203906 0.316204 0.0161458 0.0712963 0.819883
2 0.729688 0.419907 0.121875 0.169444 0.898345
