5 0.20625 0.0662037 0.0364583 0.0509259 0.00103657
5 0.232292 0.0726852 0.0291667 0.0583333 0.00106424
2 0.814844 0.0694444 0.0171875 0.0166667 0.00108534
9 0.483073 0.0439815 0.00677083 0.0231481 0.00109026
13 0.974219 0.528704 0.0505208 0.190741 0.00109534
2 0.0398437 0.137037 0.0296875 0.0314815 0.00110028
1 0.0348958 0.163889 0.034375 0.0407407 0.0011227
0 0.0799479 0.161111 0.0109375 0.0277778 0.00113646
12 0.702344 0.163889 0.0223958 0.037037 0.00115159
0 0.258854 0.0990741 0.0166667 0.0722222 0.00115758
0 0.610417 0.500926 0.0375 0.0407407 0.00116967
2 0.4625 0.112963 0.015625 0.0425926 0.00117152
11 0.240365 0.037037 0.0234375 0.0703704 0.001266
32 0.454167 0.314815 0.00729167 0.0166667 0.00139255
2 0.808073 0.0736111 0.0276042 0.025 0.00144588
9 0.260156 0.0449074 0.0119792 0.0509259 0.00145693
2 0.238802 0.137037 0.0203125 0.0481481 0.00148437
0 0.619792 0.495833 0.025 0.0268519 0.0014845
9 0.967708 0.499074 0.0270833 0.0851852 0.00150995
2 0.564583 0.105556 0.241667 0.0703704 0.00155663
0 0.648958 0.494907 0.025 0.0287037 0.00162146
12 0.69401 0.164352 0.0078125 0.037963 0.00167468
0 0.517708 0.335185 0.610417 0.637037 0.00173954
7 0.971354 0.530093 0.05625 0.200926 0.0017516
12 0.967448 0.499537 0.0265625 0.0787037 0.00184036
2 0.75625 0.518056 0.483333 0.284259 0.00184876
9 0.2625 0.087963 0.00833333 0.0388889 0.00187865
0 0.604688 0.49213 0.0239583 0.025 0.00193938
12 0.702344 0.136574 0.0244792 0.0787037 0.00194251
7 0.371354 0.0532407 0.05 0.0527778 0.00198907
2 0.641667 0.125463 0.0541667 0.0583333 0.00199444
2 0.0190104 0.137037 0.0380208 0.0407407 0.00200875
1 0.00703125 0.153241 0.0140625 0.0453704 0.00207411
9 0.271615 0.0375 0.0276042 0.0731481 0.00217698
2 0.414062 0.106019 0.270833 0.0953704 0.00229111
2 0.784896 0.0907407 0.0135417 0.0166667 0.00269374
9 0.252865 0.0861111 0.0119792 0.0388889 0.00292225
2 0.790885 0.0884259 0.0161458 0.0157407 0.00297295
9 0.29401 0.0509259 0.00989583 0.0407407 0.0030826
9 0.257552 0.0759259 0.0109375 0.0481481 0.00321286
0 0.756771 0.375463 0.0197917 0.0287037 0.00338575
2 0.654688 0.140278 0.0791667 0.0842593 0.00340707
2 0.297917 0.101389 0.08125 0.0916667 0.00349317
2 0.775 0.113889 0.01875 0.0240741 0.0035341
0 0.757552 0.0949074 0.0140625 0.087963 0.00356817
9 0.266927 0.0578704 0.0140625 0.0305556 0.00356832
9 0.977604 0.499537 0.0427083 0.130556 0.00358674
2 0.464323 0.107407 0.0973958 0.0648148 0.00366037
2 0.796875 0.0587963 0.0416667 0.0527778 0.00368291
0 0.2625 0.102778 0.009375 0.0537037 0.003752
7 0.345833 0.0597222 0.0208333 0.0342593 0.00397994
9 0.995313 0.522685 0.00833333 0.0527778 0.00409215
0 0.733333 0.370833 0.025 0.0305556 0.0043878
2 0.532552 0.110185 0.0161458 0.0462963 0.00457926
1 0.0135417 0.368981 0.0270833 0.0509259 0.00469524
9 0.595052 0.0412037 0.0109375 0.0324074 0.00474985
9 0.989844 0.503704 0.0192708 0.137037 0.00476464
1 0.0239583 0.166667 0.0479167 0.0740741 0.00493682
2 0.617969 0.1125 0.0453125 0.0546296 0.0051714
9 0.270052 0.0486111 0.0192708 0.0416667 0.0052908
2 0.653125 0.153241 0.0447917 0.062037 0.00543059
2 0.267708 0.0990741 0.0145833 0.0574074 0.00546999
9 0.567969 0.0486111 0.00989583 0.0231481 0.00651152
9 0.265104 0.0365741 0.0145833 0.062037 0.00655646
1 0.00390625 0.408796 0.0078125 0.0861111 0.00769079
9 0.208073 0.0685185 0.0223958 0.0407407 0.00857253
9 0.994531 0.493981 0.00989583 0.121296 0.00962253
2 0.592188 0.131944 0.01875 0.0212963 0.00982254
1 0.00989583 0.396759 0.0197917 0.113889 0.0102505
0 0.635677 0.149074 0.00989583 0.0481481 0.010549
1 0.808854 0.340741 0.0239583 0.0944444 0.010703
9 0.500521 0.601852 0.015625 0.0388889 0.0109341
0 0.713802 0.370833 0.0192708 0.0268519 0.0146206
2 0.272135 0.109259 0.0151042 0.0407407 0.0175839
11 0.607031 0.0601852 0.00989583 0.0259259 0.0211867
1 0.0544271 0.174074 0.0713542 0.0703704 0.021886
2 0.505469 0.0699074 0.0192708 0.0157407 0.0253157
7 0.220052 0.0662037 0.0526042 0.062037 0.0328824
5 0.220573 0.0643518 0.0515625 0.0601852 0.0390112
9 0.502865 0.760185 0.0119792 0.0518519 0.0523842
0 0.442969 0.0981481 0.0151042 0.0481481 0.071728
2 0.360938 0.0601852 0.0197917 0.0333333 0.115071
2 0.346094 0.062963 0.0192708 0.0277778 0.208207
2 0.3 0.107407 0.0385417 0.0833333 0.218509
2 0.527865 0.0675926 0.0182292 0.0277778 0.229244
2 0.628125 0.122222 0.025 0.0518519 0.281516
2 0.38151 0.062963 0.0286458 0.0333333 0.334515
2 0.322917 0.0888889 0.0385417 0.0407407 0.456805
2 0.472917 0.109722 0.0333333 0.0435185 0.479071
2 0.50599 0.103241 0.0432292 0.0657407 0.636292
11 0.729427 0.0430556 0.0265625 0.0564815 0.738306
2 0.319271 0.121759 0.0489583 0.0694444 0.77587
10 0.203906 0.316204 0.0171875 0.0694444 0.815243
2 0.730469 0.418981 0.122396 0.173148 0.923852
2 0.621615 0.553241 0.143229 0.206481 0.924534
