9 0.415885 0.00925926 0.0161458 0.0185185 0.00119576
9 0.561719 0.049537 0.0192708 0.0268519 0.00120803
2 0.772656 0.115741 0.0151042 0.0296296 0.00124472
2 0.640104 0.125463 0.0510417 0.0583333 0.0013085
2 0.654427 0.138889 0.0817708 0.087037 0.00131417
9 0.236979 0.0648148 0.0177083 0.0388889 0.00133086
12 0.701563 0.163426 0.0229167 0.037963 0.00133932
1 0.0119792 0.368056 0.0239583 0.0435185 0.0014578
0 0.35625 0.409722 0.0364583 0.0509259 0.00148326
0 0.75651 0.375 0.0213542 0.0314815 0.00148941
2 0.273438 0.115741 0.021875 0.0574074 0.001519
2 0.776823 0.114352 0.0234375 0.0435185 0.00153275
2 0.817448 0.233796 0.00885417 0.0435185 0.0015785
9 0.500521 0.603704 0.015625 0.037037 0.00159849
32 0.459896 0.357407 0.0104167 0.0166667 0.00162421
9 0.527344 0.0481481 0.0140625 0.037037 0.00164209
7 0.99375 0.517593 0.0114583 0.17037 0.00170494
0 0.756771 0.126852 0.0104167 0.037037 0.0017168
2 0.815365 0.0782407 0.0161458 0.0194444 0.00183669
0 0.26276 0.110648 0.00885417 0.0453704 0.00203525
9 0.548177 0.050463 0.0109375 0.0287037 0.00216487
2 0.298698 0.0972222 0.0880208 0.109259 0.00234385
32 0.454167 0.316667 0.00833333 0.0166667 0.00234425
9 0.252865 0.0856481 0.0140625 0.0342593 0.00248954
0 0.708073 0.372685 0.0192708 0.0268519 0.00257255
2 0.303906 0.130093 0.0338542 0.0564815 0.00264745
0 0.716667 0.371296 0.0239583 0.0277778 0.00270767
9 0.266927 0.0986111 0.0109375 0.0509259 0.0028122
2 0.00390625 0.414815 0.0078125 0.0722222 0.00281819
9 0.577604 0.0333333 0.0145833 0.062963 0.00282462
9 0.263021 0.0861111 0.009375 0.0333333 0.00283617
11 0.23724 0.0694444 0.0171875 0.0462963 0.00299307
7 0.791927 0.0638889 0.0307292 0.0592593 0.00306529
9 0.590885 0.0407407 0.0119792 0.0407407 0.00307675
7 0.970573 0.527778 0.0578125 0.201852 0.00331708
9 0.584896 0.0393519 0.0135417 0.0509259 0.00332258
9 0.256771 0.0759259 0.009375 0.0462963 0.00332974
2 0.540104 0.433796 0.5625 0.200926 0.00337992
12 0.994792 0.506019 0.009375 0.152778 0.00344741
2 0.05625 0.0300926 0.0239583 0.0398148 0.00345899
1 0.0046875 0.395833 0.009375 0.108333 0.00346786
9 0.105469 0.0319444 0.0119792 0.0361111 0.00358331
1 0.0104167 0.365741 0.0208333 0.144444 0.00367808
7 0.2875 0.0782407 0.0416667 0.136111 0.00380456
1 0.00833333 0.312963 0.0166667 0.0388889 0.00380469
9 0.114323 0.024537 0.0151042 0.0416667 0.00400196
2 0.392708 0.100463 0.228125 0.0935185 0.00401537
9 0.994792 0.5 0.009375 0.146296 0.00408016
12 0.69349 0.165278 0.0078125 0.0398148 0.0044351
2 0.340885 0.0865741 0.0109375 0.0305556 0.00552828
9 0.220573 0.0787037 0.0151042 0.0296296 0.00564672
5 0.220313 0.0708333 0.0520833 0.0564815 0.00630624
2 0.60625 0.0606481 0.009375 0.025 0.0064373
0 0.635156 0.147685 0.00989583 0.0490741 0.00673598
7 0.21276 0.0625 0.0348958 0.0583333 0.00681998
2 0.460677 0.111574 0.0161458 0.0453704 0.00685123
2 0.307292 0.105556 0.034375 0.0481481 0.00700342
2 0.53151 0.106019 0.0161458 0.0527778 0.00707356
2 0.634635 0.144444 0.0119792 0.0518519 0.00727496
0 0.757292 0.0930556 0.0145833 0.0768519 0.00773678
2 0.420833 0.102315 0.0989583 0.0694444 0.00830167
1 0.809896 0.331944 0.0208333 0.0935185 0.00925664
2 0.270312 0.108333 0.0125 0.0388889 0.0093379
2 0.303646 0.0560185 0.0239583 0.0453704 0.00952659
9 0.567969 0.0319444 0.0130208 0.0583333 0.0112233
2 0.341406 0.0722222 0.0109375 0.0296296 0.0121233
9 0.216406 0.0601852 0.0276042 0.0574074 0.0127867
2 0.298438 0.0675926 0.015625 0.0259259 0.014719
2 0.785937 0.0893519 0.015625 0.0231481 0.0171512
0 0.36849 0.406944 0.0328125 0.037963 0.0206362
2 0.238542 0.14213 0.01875 0.0398148 0.0341194
9 0.206771 0.0680556 0.0208333 0.0435185 0.0349746
0 0.411979 0.40787 0.0375 0.0472222 0.037632
9 0.26901 0.0347222 0.0223958 0.0657407 0.0384871
7 0.29401 0.110185 0.0286458 0.0740741 0.0583221
9 0.502604 0.759259 0.0125 0.0555556 0.0719662
2 0.311979 0.0453704 0.03125 0.0296296 0.0753335
9 0.567187 0.0486111 0.009375 0.025 0.102705
7 0.317969 0.0625 0.0453125 0.0638889 0.109504
2 0.530469 0.0847222 0.0171875 0.0287037 0.12073
2 0.292969 0.111574 0.0276042 0.0731481 0.122404
2 0.321354 0.0875 0.0364583 0.0398148 0.146366
2 0.365625 0.0699074 0.0135417 0.0212963 0.196901
2 0.627865 0.121296 0.0255208 0.05 0.372576
7 0.50625 0.104167 0.0427083 0.0638889 0.409188
2 0.50625 0.103241 0.0427083 0.0638889 0.491642
2 0.477083 0.108796 0.0291667 0.0453704 0.546622
2 0.389844 0.0712963 0.0338542 0.0481481 0.624059
2 0.439583 0.10463 0.0375 0.0537037 0.707209
2 0.317969 0.121759 0.0515625 0.0694444 0.718335
11 0.729167 0.0425926 0.0270833 0.0574074 0.763123
10 0.203646 0.316204 0.0177083 0.0712963 0.806391
2 0.3875 0.461111 0.145833 0.237037 0.889903
2 0.729427 0.419907 0.122396 0.171296 0.914543
