13 0.986458 0.519444 0.0260417 0.174074 0.00101772
9 0.817448 0.235185 0.0078125 0.037037 0.0010269
12 0.693229 0.164352 0.00833333 0.037963 0.00108104
9 0.261458 0.0296296 0.0135417 0.0537037 0.00110504
58 0.91901 0.183796 0.161979 0.367593 0.00122605
9 0.429688 0.0430556 0.00833333 0.0212963 0.00123364
1 0.021875 0.175926 0.04375 0.0592593 0.00129694
2 0.773698 0.112963 0.0161458 0.0277778 0.00130306
0 0.756771 0.373148 0.0208333 0.0333333 0.00136982
9 0.219531 0.105556 0.00989583 0.0351852 0.00143491
7 0.970052 0.528704 0.0588542 0.201852 0.00143881
2 0.805469 0.0726852 0.00989583 0.0175926 0.00144182
12 0.702604 0.135648 0.0239583 0.0787037 0.00148228
12 0.702604 0.163889 0.0229167 0.0351852 0.00150347
9 0.252865 0.0856481 0.0130208 0.0342593 0.00161986
2 0.463542 0.122685 0.0260417 0.0416667 0.00168634
1 0.0401042 0.160648 0.0802083 0.0861111 0.00168675
7 0.791927 0.062037 0.0317708 0.0555556 0.00170657
2 0.339844 0.0777778 0.0130208 0.0277778 0.0019454
11 0.23724 0.0685185 0.0171875 0.0444444 0.00198891
9 0.26276 0.0861111 0.0078125 0.0333333 0.00199284
2 0.646875 0.146759 0.034375 0.0601852 0.001995
2 0.428906 0.115278 0.325521 0.0842593 0.0020248
0 0.758594 0.0722222 0.00989583 0.037037 0.00204126
1 0.0236979 0.398611 0.0473958 0.113889 0.00206459
2 0.796354 0.0828704 0.0322917 0.0287037 0.00212432
9 0.257552 0.0726852 0.0109375 0.0453704 0.00212669
0 0.263021 0.105556 0.00833333 0.05 0.00220904
2 0.493229 0.111574 0.0572917 0.0583333 0.00223209
11 0.240365 0.0351852 0.0234375 0.0666667 0.00223462
9 0.371875 0.0509259 0.0104167 0.0277778 0.00229412
58 0.969271 0.495833 0.0302083 0.0916667 0.00246923
0 0.757812 0.0902778 0.0125 0.0731481 0.00256068
9 0.578646 0.0342593 0.015625 0.062963 0.00257979
2 0.238802 0.139815 0.0203125 0.0444444 0.00261297
1 0.00390625 0.420833 0.0078125 0.0657407 0.00266627
9 0.111719 0.0287037 0.0171875 0.0444444 0.00302414
9 0.500521 0.605093 0.015625 0.0435185 0.00302468
9 0.570052 0.0319444 0.0119792 0.0583333 0.00302567
2 0.266146 0.099537 0.0114583 0.0546296 0.00313843
9 0.270312 0.05 0.0197917 0.0388889 0.00314271
12 0.992969 0.51713 0.0130208 0.167593 0.00325078
2 0.52474 0.112963 0.105729 0.0703704 0.00353618
0 0.715625 0.373148 0.025 0.0277778 0.00369133
2 0.780469 0.104167 0.0296875 0.0453704 0.0037137
2 0.480729 0.151389 0.046875 0.0416667 0.00380127
9 0.583594 0.0412037 0.0119792 0.0472222 0.00380903
9 0.220313 0.0666667 0.05 0.05 0.00449225
9 0.3625 0.0689815 0.009375 0.0231481 0.00476289
9 0.989583 0.515741 0.0197917 0.168519 0.00495007
9 0.502604 0.761111 0.0114583 0.0518519 0.00599132
13 0.00572917 0.401389 0.0114583 0.10463 0.00660846
2 0.45599 0.103704 0.0161458 0.0388889 0.00680823
2 0.813281 0.075463 0.0161458 0.0157407 0.00690061
9 0.117188 0.025 0.0166667 0.0444444 0.00697452
9 0.269531 0.0305556 0.0213542 0.0518519 0.0074918
5 0.220313 0.0759259 0.0520833 0.0685185 0.00754818
2 0.340625 0.0875 0.0104167 0.0287037 0.00895972
9 0.216927 0.0569444 0.0255208 0.0472222 0.00923197
11 0.60599 0.0601852 0.00989583 0.0240741 0.00995144
0 0.442969 0.0884259 0.0130208 0.0305556 0.01015
2 0.443229 0.0893519 0.0145833 0.0305556 0.0105179
2 0.364062 0.0685185 0.0125 0.0185185 0.0109789
13 0.0127604 0.4 0.0255208 0.109259 0.0110796
7 0.220313 0.0689815 0.0520833 0.0601852 0.0115863
2 0.592708 0.126389 0.0166667 0.0231481 0.0116749
2 0.270833 0.110648 0.0125 0.037963 0.0116799
9 0.994531 0.496296 0.00989583 0.127778 0.0131459
9 0.208073 0.0666667 0.0192708 0.0425926 0.0202103
1 0.0117188 0.374537 0.0234375 0.0601852 0.0210834
2 0.44375 0.109722 0.0177083 0.0324074 0.0231373
2 0.786198 0.0907407 0.0161458 0.0222222 0.0263673
9 0.377083 0.0550926 0.0104167 0.0324074 0.029579
2 0.635156 0.144907 0.0109375 0.0527778 0.0348662
0 0.635677 0.147222 0.00989583 0.0518519 0.0490945
9 0.567448 0.0490741 0.00885417 0.0240741 0.0733576
2 0.297656 0.107407 0.0369792 0.0851852 0.18184
7 0.298438 0.106944 0.0395833 0.0842593 0.199786
2 0.321615 0.0884259 0.0390625 0.0342593 0.212567
2 0.627344 0.121759 0.0255208 0.0490741 0.305969
2 0.510156 0.105093 0.0348958 0.062037 0.670022
10 0.203906 0.316204 0.0161458 0.0712963 0.713534
2 0.31875 0.121296 0.05 0.0722222 0.738432
11 0.728906 0.0430556 0.0265625 0.0564815 0.757078
2 0.477083 0.127778 0.05625 0.087037 0.820837
2 0.729688 0.418519 0.122917 0.172222 0.912439
