0 0.520312 0.258796 0.59375 0.452778 0.00109583
9 0.261719 0.0375 0.0161458 0.0638889 0.00115943
9 0.43776 0.201852 0.00989583 0.0277778 0.00121008
7 0.971354 0.526389 0.05625 0.19537 0.00122347
2 0.290885 0.099537 0.0953125 0.0990741 0.00123785
2 0.640104 0.125926 0.0510417 0.0592593 0.00128407
0 0.207031 0.744907 0.169271 0.489815 0.00131771
2 0.629687 0.105093 0.0354167 0.0824074 0.00133946
9 0.255729 0.0805556 0.0125 0.0462963 0.00138316
2 0.282292 0.0810185 0.040625 0.0472222 0.00141276
13 0.971094 0.526389 0.0567708 0.189815 0.00152577
2 0.784896 0.0875 0.0135417 0.0212963 0.00157411
2 0.655469 0.139815 0.0817708 0.087037 0.00160629
1 0.009375 0.389352 0.01875 0.128704 0.00163616
9 0.565365 0.0305556 0.0171875 0.0574074 0.00163985
2 0.238802 0.140278 0.0192708 0.0435185 0.00174656
2 0.566927 0.101389 0.222396 0.0694444 0.00177576
0 0.258854 0.105093 0.01875 0.0898148 0.00180297
2 0.791667 0.101852 0.05625 0.0740741 0.00200798
9 0.565625 0.0439815 0.0104167 0.0361111 0.00220944
0 0.26276 0.0884259 0.00885417 0.0416667 0.00228385
7 0.277083 0.0453704 0.040625 0.087037 0.0023012
2 0.405208 0.1 0.282292 0.0814815 0.00234221
11 0.219792 0.0578704 0.0552083 0.0712963 0.00239666
2 0.00546875 0.0921296 0.0109375 0.0527778 0.00245869
13 0.0117188 0.366667 0.0234375 0.0425926 0.00248747
12 0.701823 0.138889 0.0234375 0.087037 0.00264465
2 0.265625 0.0944444 0.0104167 0.0481481 0.00271893
9 0.294271 0.0490741 0.0104167 0.0407407 0.00277163
0 0.732813 0.37037 0.0333333 0.0314815 0.00300536
0 0.757031 0.375463 0.0192708 0.0287037 0.00303798
1 0.810677 0.338426 0.0203125 0.0972222 0.00318114
7 0.479427 0.0643518 0.0359375 0.0453704 0.00349314
9 0.96849 0.501852 0.0286458 0.0851852 0.00352504
9 0.217708 0.0583333 0.0260417 0.0481481 0.00366425
32 0.454688 0.314815 0.00729167 0.012963 0.00377585
2 0.796094 0.0833333 0.0307292 0.0296296 0.00400181
2 0.452604 0.102315 0.0333333 0.0509259 0.0040324
11 0.60651 0.0611111 0.00989583 0.0259259 0.00539687
2 0.00390625 0.405556 0.0078125 0.0925926 0.00543477
13 0.0138021 0.396759 0.0276042 0.110185 0.00570083
9 0.995052 0.494907 0.00885417 0.130556 0.00641846
2 0.442708 0.0907407 0.0145833 0.0333333 0.00681313
11 0.240885 0.0333333 0.0223958 0.0648148 0.00695177
2 0.269531 0.111111 0.0109375 0.037037 0.00732373
9 0.976302 0.499074 0.0432292 0.127778 0.00794595
9 0.500521 0.603241 0.0145833 0.037963 0.00801846
0 0.714583 0.371296 0.021875 0.0259259 0.0082657
2 0.308333 0.0824074 0.021875 0.0351852 0.00844883
9 0.361979 0.0671296 0.00833333 0.0268519 0.00849814
1 0.00416667 0.39213 0.00833333 0.117593 0.00864569
2 0.321615 0.1 0.0463542 0.05 0.00893659
9 0.270052 0.037037 0.0203125 0.0574074 0.00910161
2 0.490365 0.10787 0.0192708 0.0490741 0.00936048
0 0.442448 0.0972222 0.0161458 0.0444444 0.0105603
2 0.795313 0.0634259 0.0385417 0.0638889 0.0114689
2 0.463021 0.114815 0.0166667 0.0333333 0.0117697
19 0.442708 0.0898148 0.0135417 0.0296296 0.016761
2 0.289583 0.108796 0.021875 0.0472222 0.0185225
9 0.567448 0.0486111 0.00885417 0.0231481 0.0208996
0 0.635677 0.149074 0.00989583 0.0481481 0.023395
0 0.75625 0.0916667 0.015625 0.0777778 0.0235166
2 0.278646 0.110648 0.0260417 0.0472222 0.0270513
5 0.220052 0.0671296 0.0526042 0.0546296 0.081275
9 0.502865 0.760648 0.0119792 0.0527778 0.121736
2 0.481771 0.0814815 0.0291667 0.0351852 0.12662
2 0.294531 0.0907407 0.0171875 0.0407407 0.133443
2 0.627865 0.121296 0.0244792 0.05 0.174732
2 0.473958 0.110185 0.034375 0.0444444 0.205279
2 0.478906 0.0675926 0.0338542 0.037037 0.412196
2 0.323438 0.0865741 0.0375 0.0361111 0.418609
2 0.50625 0.103241 0.0427083 0.0638889 0.66071
11 0.729948 0.0435185 0.0276042 0.0592593 0.75045
2 0.317969 0.122222 0.0515625 0.0685185 0.767604
10 0.204167 0.316204 0.0166667 0.0712963 0.825103
2 0.538021 0.224074 0.075 0.103704 0.877094
2 0.730208 0.419444 0.121875 0.17037 0.911725
