2 0.607031 0.423611 0.672396 0.186111 0.00103074
2 0.274219 0.111574 0.0223958 0.0601852 0.00105948
2 0.6375 0.146296 0.0177083 0.0574074 0.00107914
2 0.655469 0.150926 0.0536458 0.0611111 0.00109087
2 0.517187 0.113426 0.261458 0.0824074 0.00109167
9 0.244271 0.0865741 0.00729167 0.0324074 0.00109198
9 0.440365 0.212963 0.0140625 0.0666667 0.00114527
12 0.986979 0.515741 0.025 0.17037 0.00119495
2 0.503385 0.103704 0.0432292 0.0648148 0.00135949
2 0.00364583 0.409722 0.00729167 0.0824074 0.00137621
58 0.921094 0.181019 0.157813 0.35463 0.00137734
0 0.458594 0.0671296 0.0109375 0.0268519 0.00143819
1 0.00911458 0.394907 0.0182292 0.115741 0.00143999
1 0.00494792 0.353241 0.00989583 0.0916667 0.00147453
7 0.324219 0.0847222 0.0442708 0.0416667 0.00156229
2 0.255208 0.087037 0.021875 0.0351852 0.00163503
7 0.236458 0.0652778 0.0166667 0.037963 0.0017084
0 0.754948 0.0912037 0.0130208 0.0768519 0.00174827
12 0.701563 0.164352 0.01875 0.0398148 0.00179846
32 0.459635 0.355093 0.00989583 0.0138889 0.0018329
0 0.995573 0.321296 0.0078125 0.0574074 0.00184002
9 0.547917 0.0532407 0.0104167 0.0231481 0.00187903
11 0.236719 0.0680556 0.0171875 0.0416667 0.00194768
9 0.572656 0.0305556 0.0151042 0.0592593 0.00195957
9 0.215365 0.0652778 0.0421875 0.0546296 0.00200147
2 0.789062 0.087963 0.0166667 0.0185185 0.00200722
2 0.301042 0.126389 0.0260417 0.0638889 0.00220483
2 0.292708 0.105556 0.0770833 0.0888889 0.00226248
58 0.96875 0.493519 0.03125 0.0944444 0.00226818
13 0.970312 0.553241 0.0572917 0.123148 0.00236881
2 0.345573 0.103704 0.0119792 0.0444444 0.00244003
2 0.397917 0.112963 0.219792 0.0833333 0.00255471
12 0.976042 0.497685 0.0447917 0.126852 0.00259429
2 0.292969 0.0800926 0.0213542 0.0305556 0.0026648
1 0.0135417 0.369444 0.0270833 0.0537037 0.00272494
9 0.502344 0.75787 0.0130208 0.0564815 0.00289333
0 0.715885 0.371759 0.0244792 0.0268519 0.00290614
2 0.784375 0.0902778 0.0125 0.0175926 0.00302967
9 0.992448 0.493981 0.0140625 0.126852 0.00307937
2 0.238281 0.140278 0.0182292 0.0416667 0.00313162
13 0.961719 0.552315 0.0390625 0.0416667 0.00327393
9 0.26224 0.0481481 0.0161458 0.0462963 0.00331381
13 0.952604 0.419444 0.0947917 0.144444 0.00375077
13 0.986458 0.518056 0.0260417 0.182407 0.00398087
12 0.702083 0.139815 0.0208333 0.087037 0.00407728
1 0.00390625 0.381944 0.0078125 0.0675926 0.00411824
9 0.291667 0.0513889 0.00833333 0.0435185 0.00411978
0 0.266146 0.0976852 0.0104167 0.0527778 0.00448157
12 0.691927 0.163426 0.00885417 0.0398148 0.00471447
12 0.99349 0.493981 0.0119792 0.128704 0.00487241
9 0.218229 0.103241 0.00833333 0.037963 0.00521276
2 0.592448 0.124074 0.0182292 0.0259259 0.00535058
2 0.440104 0.108333 0.0145833 0.0444444 0.00546314
9 0.263281 0.0893519 0.00885417 0.037963 0.00626158
2 0.363021 0.0662037 0.0135417 0.0268519 0.0065086
32 0.454427 0.314352 0.0078125 0.0138889 0.00814799
2 0.60625 0.0592593 0.009375 0.0277778 0.00815484
2 0.270833 0.109259 0.0135417 0.037037 0.0110696
2 0.442969 0.0888889 0.0161458 0.0296296 0.0136103
5 0.21224 0.0611111 0.0338542 0.0574074 0.0158578
7 0.219531 0.0638889 0.0505208 0.0611111 0.0166645
9 0.21901 0.0898148 0.0078125 0.0111111 0.0192744
9 0.566927 0.0472222 0.0078125 0.0240741 0.0203678
0 0.442448 0.0907407 0.0151042 0.0314815 0.0289494
9 0.26901 0.0361111 0.0223958 0.0685185 0.0362197
2 0.293229 0.108796 0.028125 0.0842593 0.0755679
0 0.634896 0.148148 0.009375 0.0537037 0.0756761
7 0.29375 0.107407 0.0302083 0.0851852 0.127161
2 0.322396 0.087037 0.0385417 0.0351852 0.232171
2 0.627344 0.121759 0.0255208 0.0509259 0.371972
7 0.508073 0.102315 0.0380208 0.0638889 0.526927
2 0.317969 0.121296 0.0515625 0.0703704 0.71993
2 0.465885 0.116667 0.0505208 0.0685185 0.727216
2 0.370052 0.10463 0.0380208 0.0555556 0.765484
10 0.203906 0.314815 0.0161458 0.0685185 0.774484
11 0.728906 0.0421296 0.0276042 0.0527778 0.776485
2 0.729948 0.419444 0.122396 0.172222 0.905235
