2 0.640104 0.127315 0.0520833 0.0601852 0.00105068
9 0.416146 0.00972222 0.015625 0.0194444 0.00105274
12 0.698958 0.162963 0.0239583 0.0425926 0.00105962
2 0.526823 0.106019 0.0307292 0.0583333 0.00112004
2 0.574479 0.125 0.0541667 0.0388889 0.00112995
2 0.815104 0.0773148 0.01875 0.0194444 0.00113194
2 0.782812 0.166667 0.0552083 0.0648148 0.00113657
11 0.222656 0.0671296 0.0463542 0.0564815 0.00114965
0 0.758594 0.107407 0.0151042 0.0555556 0.00116738
58 0.960677 0.185648 0.0776042 0.356481 0.00124915
2 0.975521 0.509259 0.0479167 0.153704 0.00126394
2 0.680469 0.136574 0.110937 0.0601852 0.00129487
9 0.76875 0.0481481 0.021875 0.0962963 0.0014155
9 0.263281 0.0884259 0.0078125 0.0342593 0.00146163
9 0.26224 0.0305556 0.0151042 0.0555556 0.00162048
2 0.789323 0.105556 0.0494792 0.0611111 0.00168189
7 0.985156 0.521296 0.0286458 0.185185 0.00191357
9 0.270052 0.0532407 0.0192708 0.037963 0.00191703
2 0.0341146 0.10463 0.0494792 0.0518519 0.00193328
13 0.98776 0.518981 0.0234375 0.175 0.0019482
2 0.302083 0.131019 0.028125 0.0564815 0.0019806
11 0.60599 0.0597222 0.00989583 0.025 0.00219253
12 0.976302 0.499074 0.0453125 0.131481 0.00221155
9 0.29375 0.0537037 0.00833333 0.0351852 0.00227172
2 0.36224 0.0671296 0.0130208 0.0212963 0.00230059
2 0.332552 0.114352 0.0255208 0.0546296 0.00238227
0 0.263281 0.106019 0.00885417 0.0472222 0.00238947
9 0.457552 0.0657407 0.00677083 0.0277778 0.00241404
12 0.692969 0.164815 0.0109375 0.0388889 0.00260354
7 0.970573 0.530556 0.0578125 0.212963 0.00264299
2 0.641927 0.150926 0.0213542 0.062963 0.00288413
7 0.146354 0.0907407 0.0635417 0.0759259 0.0028871
13 0.970573 0.518981 0.0567708 0.169444 0.00294645
9 0.499479 0.602778 0.0145833 0.0388889 0.00296626
2 0.267448 0.0990741 0.0109375 0.0555556 0.00303815
0 0.757292 0.123611 0.015625 0.0268519 0.00321818
2 0.473958 0.114815 0.0875 0.0648148 0.00338208
0 0.364323 0.0935185 0.0119792 0.0481481 0.00346354
2 0.775521 0.116667 0.0208333 0.0333333 0.00353985
2 0.447917 0.110648 0.0270833 0.0305556 0.00373835
2 0.53125 0.10787 0.0145833 0.0509259 0.0037711
2 0.573958 0.114352 0.316667 0.0694444 0.00378841
2 0.296875 0.106944 0.0802083 0.087963 0.00393168
58 0.967969 0.495833 0.0286458 0.0861111 0.00411431
2 0.65651 0.150926 0.0515625 0.0648148 0.0041295
2 0.357552 0.114352 0.135937 0.0768519 0.00413497
9 0.572917 0.0314815 0.0145833 0.0592593 0.00415837
9 0.583594 0.0361111 0.0130208 0.0574074 0.00452391
9 0.757292 0.0953704 0.015625 0.0814815 0.00457743
9 0.363802 0.0675926 0.0119792 0.0240741 0.00489245
2 0.442448 0.0861111 0.0140625 0.0259259 0.00538083
11 0.23724 0.0689815 0.0161458 0.0435185 0.00582288
2 0.358854 0.10463 0.05 0.0555556 0.0075795
9 0.213021 0.0615741 0.0322917 0.0546296 0.0080694
7 0.220052 0.0671296 0.0505208 0.0675926 0.00895684
12 0.994792 0.49537 0.009375 0.137037 0.00898732
9 0.21875 0.0888889 0.009375 0.0166667 0.00965537
9 0.26875 0.0351852 0.0229167 0.0666667 0.0113491
2 0.786198 0.0884259 0.0171875 0.0268519 0.011352
5 0.220573 0.0662037 0.0484375 0.0601852 0.0115108
9 0.758333 0.074537 0.0104167 0.0435185 0.0118448
2 0.238542 0.139815 0.01875 0.0425926 0.0127145
9 0.501823 0.760648 0.0130208 0.0546296 0.0128549
2 0.271615 0.110185 0.0140625 0.037037 0.0142405
2 0.592448 0.126852 0.0182292 0.0240741 0.0197954
2 0.469531 0.108333 0.0307292 0.0462963 0.0209285
9 0.567187 0.0481481 0.00833333 0.0240741 0.0245538
2 0.634115 0.138889 0.0119792 0.0481481 0.024657
9 0.442448 0.087037 0.0130208 0.0259259 0.0310246
2 0.527344 0.087037 0.0140625 0.0185185 0.0344966
2 0.48776 0.108333 0.0140625 0.0481481 0.0588164
7 0.295573 0.108333 0.0348958 0.0814815 0.0998004
2 0.29401 0.109259 0.0296875 0.0796296 0.150507
2 0.464323 0.1125 0.0161458 0.037963 0.175274
2 0.36849 0.112037 0.0140625 0.0388889 0.232908
2 0.479688 0.109722 0.0197917 0.0453704 0.283839
2 0.322135 0.0856481 0.0359375 0.0342593 0.350955
7 0.50625 0.102778 0.0427083 0.0648148 0.371005
2 0.627344 0.122222 0.0255208 0.0518519 0.468594
2 0.50599 0.103241 0.0421875 0.0638889 0.489786
10 0.204167 0.315278 0.015625 0.0731481 0.630673
2 0.318229 0.122222 0.0510417 0.0685185 0.742439
11 0.728906 0.0435185 0.0276042 0.0574074 0.776856
2 0.395573 0.118056 0.0463542 0.0694444 0.833418
2 0.745833 0.189815 0.128125 0.111111 0.902273
2 0.729427 0.419907 0.122396 0.171296 0.903391
