13 0.960938 0.55463 0.0375 0.0407407 0.00102068
9 0.489062 0.980556 0.0166667 0.0388889 0.0010308
1 0.0708333 0.156019 0.0291667 0.0472222 0.00103105
2 0.65625 0.139352 0.08125 0.0824074 0.00106841
0 0.755208 0.111574 0.0135417 0.0398148 0.00112112
9 0.275521 0.0393519 0.0375 0.0768519 0.00113706
12 0.701563 0.1625 0.0229167 0.037963 0.00114322
2 0.00520833 0.158796 0.0104167 0.0509259 0.00122571
2 0.446354 0.102315 0.025 0.0453704 0.00129813
7 0.396094 0.0611111 0.0484375 0.0407407 0.00131814
2 0.817187 0.233333 0.009375 0.0444444 0.00133022
9 0.50026 0.602778 0.0151042 0.0388889 0.00135359
13 0.98776 0.518981 0.0234375 0.176852 0.00135608
2 0.789583 0.112037 0.05 0.062963 0.00137565
2 0.323698 0.102315 0.0432292 0.0509259 0.00144118
2 0.778906 0.115278 0.0276042 0.0472222 0.00144627
9 0.588802 0.0388889 0.0151042 0.0388889 0.00146903
11 0.220052 0.0662037 0.0526042 0.0546296 0.00151886
9 0.816927 0.233333 0.00885417 0.0425926 0.001535
7 0.789583 0.0648148 0.028125 0.0611111 0.00154334
2 0.771615 0.11713 0.0140625 0.037963 0.00155121
7 0.970573 0.521296 0.0578125 0.187037 0.00159937
2 0.793229 0.0856481 0.0395833 0.0305556 0.00162176
9 0.252865 0.0861111 0.0140625 0.0351852 0.00162227
2 0.240625 0.106944 0.015625 0.0361111 0.00170955
9 0.566406 0.0578704 0.0109375 0.0453704 0.00171958
9 0.29375 0.0541667 0.009375 0.037963 0.00191685
9 0.990885 0.517593 0.0171875 0.174074 0.00202066
9 0.584115 0.0365741 0.0140625 0.0490741 0.00213361
9 0.415625 0.0106481 0.0166667 0.0212963 0.00215114
0 0.243229 0.715741 0.040625 0.05 0.00230347
0 0.758073 0.374537 0.0182292 0.0305556 0.00239807
2 0.405729 0.109259 0.255208 0.0888889 0.00245349
9 0.578646 0.0314815 0.0135417 0.0555556 0.00248685
1 0.810938 0.331944 0.01875 0.0861111 0.00259362
9 0.26276 0.0893519 0.0078125 0.0416667 0.00260601
12 0.689062 0.168981 0.0135417 0.0324074 0.0026248
2 0.238542 0.141204 0.01875 0.0398148 0.00266182
2 0.813281 0.0763889 0.0182292 0.0194444 0.00266274
2 0.0145833 0.395833 0.0291667 0.113889 0.00279336
2 0.288802 0.0893519 0.0223958 0.0527778 0.00287586
0 0.288281 0.706481 0.0369792 0.0518519 0.00298794
9 0.269271 0.0513889 0.0197917 0.0342593 0.00306109
1 0.0526042 0.150926 0.0604167 0.062963 0.00310533
0 0.73099 0.372685 0.0244792 0.0287037 0.00320748
2 0.56901 0.110185 0.229687 0.0685185 0.00332
12 0.692708 0.166204 0.00833333 0.037963 0.00340138
0 0.263281 0.102315 0.0078125 0.0527778 0.00354993
0 0.266667 0.0986111 0.0125 0.0583333 0.00381941
7 0.989844 0.517593 0.0192708 0.181481 0.00400247
2 0.0145833 0.365278 0.0291667 0.0490741 0.00415692
11 0.236719 0.0671296 0.0171875 0.0416667 0.00423353
2 0.290625 0.0763889 0.01875 0.025 0.00439994
1 0.00390625 0.40787 0.0078125 0.0898148 0.00472777
2 0.0414063 0.153241 0.0828125 0.0768519 0.00525896
2 0.00390625 0.410648 0.0078125 0.0842593 0.00567891
2 0.592448 0.126852 0.0182292 0.0240741 0.00635686
9 0.269271 0.0212963 0.0208333 0.037037 0.00693007
9 0.207552 0.0666667 0.0234375 0.0481481 0.00698959
0 0.757812 0.075463 0.0114583 0.0472222 0.00739301
2 0.270052 0.110185 0.0130208 0.0388889 0.00764262
12 0.99349 0.508333 0.0119792 0.155556 0.00902027
9 0.571354 0.0319444 0.0125 0.0583333 0.00950909
2 0.60599 0.0611111 0.00989583 0.0240741 0.0099019
0 0.259375 0.709722 0.0427083 0.0490741 0.010359
2 0.442969 0.0847222 0.0151042 0.0212963 0.0134941
5 0.220313 0.0680556 0.0510417 0.0601852 0.0149408
0 0.316667 0.706481 0.053125 0.0555556 0.0174313
0 0.71276 0.373611 0.0203125 0.025 0.0185375
2 0.0210938 0.147222 0.0421875 0.062963 0.0189289
10 0.442708 0.087963 0.0135417 0.0259259 0.0195907
2 0.488021 0.107407 0.0145833 0.05 0.0219593
2 0.786458 0.0898148 0.015625 0.0222222 0.0225552
0 0.635417 0.147222 0.009375 0.05 0.0235876
2 0.635417 0.145833 0.0104167 0.0546296 0.0237851
7 0.220313 0.0671296 0.0510417 0.062037 0.02774
9 0.502604 0.759722 0.0135417 0.0564815 0.0475819
2 0.363542 0.0680556 0.0135417 0.0231481 0.0637961
9 0.567187 0.0481481 0.00833333 0.0240741 0.0745234
0 0.304427 0.708796 0.0265625 0.0472222 0.0918127
2 0.298438 0.10787 0.0395833 0.0842593 0.0981914
2 0.461979 0.113426 0.0135417 0.037963 0.124971
7 0.297656 0.106944 0.0401042 0.0842593 0.145424
2 0.472656 0.109259 0.0328125 0.0444444 0.280285
2 0.38125 0.0666667 0.0197917 0.0259259 0.366086
2 0.627344 0.121296 0.0255208 0.05 0.399304
2 0.322396 0.0875 0.0364583 0.037963 0.406161
2 0.404948 0.0680556 0.0307292 0.0268519 0.510369
2 0.50599 0.10463 0.0432292 0.0611111 0.563199
2 0.31849 0.121759 0.0494792 0.0712963 0.707073
10 0.204167 0.316667 0.015625 0.0703704 0.779
11 0.729167 0.0439815 0.0270833 0.0564815 0.796821
2 0.729948 0.419907 0.122396 0.171296 0.912127
2 0.288021 0.773611 0.184375 0.278704 0.919667
