13 0.986458 0.5 0.0260417 0.137037 0.00100025
2 0.46849 0.102315 0.0505208 0.0416667 0.0010176
0 0.00807292 0.6 0.0161458 0.477778 0.00102835
2 0.239323 0.130556 0.0213542 0.0537037 0.00105352
2 0.457812 0.0828704 0.0177083 0.0231481 0.00105538
12 0.69375 0.1625 0.00625 0.037963 0.0011068
2 0.59349 0.123148 0.0171875 0.0296296 0.00112481
10 0.00859375 0.563889 0.0171875 0.490741 0.00117998
2 0.39375 0.1125 0.209375 0.0935185 0.00128419
2 0.521354 0.113889 0.3 0.087037 0.00131487
2 0.783594 0.101389 0.0390625 0.0472222 0.00132286
32 0.469271 0.409259 0.0104167 0.0222222 0.00134855
0 0.457812 0.0638889 0.009375 0.0240741 0.00142552
3 0.009375 0.340741 0.01875 0.12037 0.00144224
12 0.701823 0.161574 0.0203125 0.0416667 0.00145461
9 0.583854 0.0416667 0.0125 0.0407407 0.00147787
12 0.983854 0.498148 0.03125 0.135185 0.00151967
0 0.729948 0.371296 0.0338542 0.0296296 0.00158917
9 0.547917 0.0523148 0.0104167 0.0231481 0.00160873
10 0.0130208 0.456481 0.0260417 0.312963 0.00161159
2 0.28724 0.102778 0.0942708 0.0925926 0.00161274
0 0.264062 0.0921296 0.00833333 0.0509259 0.00165347
2 0.0117188 0.36713 0.0234375 0.175 0.00165561
32 0.459896 0.356019 0.0104167 0.0138889 0.00168189
2 0.263542 0.1 0.00833333 0.0555556 0.00172399
5 0.236719 0.0685185 0.0171875 0.0462963 0.00179625
9 0.414844 0.00925926 0.0151042 0.0185185 0.0018139
13 0.952604 0.429167 0.09375 0.163889 0.00182372
2 0.776042 0.106481 0.0229167 0.0314815 0.00190841
2 0.441406 0.121296 0.0161458 0.05 0.0019487
13 0.967448 0.562037 0.0515625 0.0611111 0.00211643
0 0.757812 0.373148 0.01875 0.0333333 0.00239877
2 0.256771 0.087037 0.0208333 0.0425926 0.00248444
9 0.572917 0.0305556 0.0145833 0.0574074 0.00270068
10 0.196094 0.314352 0.0348958 0.075 0.00289095
0 0.0143229 0.260185 0.0286458 0.0462963 0.00291817
0 0.0304688 0.263889 0.0203125 0.0314815 0.00345048
7 0.277604 0.0472222 0.0354167 0.0444444 0.00413425
58 0.967969 0.494444 0.0296875 0.0851852 0.00419821
0 0.710938 0.373148 0.021875 0.0259259 0.00457304
12 0.994531 0.491204 0.00989583 0.126852 0.00520705
2 0.283594 0.0842593 0.00989583 0.0314815 0.00564437
7 0.276302 0.0578704 0.0390625 0.108333 0.00618641
32 0.453385 0.313889 0.00885417 0.012963 0.00652472
9 0.442187 0.0875 0.0145833 0.0287037 0.00676749
9 0.992448 0.514352 0.0140625 0.171296 0.00688144
9 0.269271 0.0171296 0.0208333 0.0305556 0.00696271
0 0.755729 0.0898148 0.0145833 0.0814815 0.00706426
13 0.992969 0.517593 0.0130208 0.174074 0.00709821
2 0.270573 0.075 0.0203125 0.0648148 0.00715081
0 0.021875 0.265741 0.0166667 0.0333333 0.00741152
9 0.292448 0.0523148 0.0078125 0.037963 0.00741581
2 0.270052 0.0490741 0.0192708 0.0333333 0.00816524
3 0.00442708 0.3875 0.00885417 0.137963 0.00865109
2 0.282292 0.0782407 0.025 0.0305556 0.0103527
9 0.502344 0.758796 0.0130208 0.0564815 0.010624
9 0.5 0.602315 0.0145833 0.0435185 0.0108622
2 0.60625 0.0592593 0.009375 0.0277778 0.0115719
2 0.291927 0.0699074 0.0109375 0.0157407 0.0140907
10 0.00416667 0.464815 0.00833333 0.218519 0.014147
13 0.970833 0.517593 0.0572917 0.175926 0.0152544
2 0.269271 0.0976852 0.0135417 0.0583333 0.0152596
2 0.784635 0.0898148 0.0140625 0.0203704 0.0156483
2 0.00416667 0.402778 0.00833333 0.0962963 0.0174781
2 0.442448 0.0884259 0.0151042 0.0287037 0.0186877
9 0.567187 0.0472222 0.00833333 0.0240741 0.0229707
5 0.219792 0.0712963 0.0510417 0.0722222 0.0279095
2 0.293229 0.112037 0.028125 0.0740741 0.0304154
7 0.219792 0.0648148 0.0510417 0.062963 0.0313895
0 0.634635 0.146759 0.00989583 0.0527778 0.0397512
2 0.634375 0.146759 0.0114583 0.0564815 0.0441483
2 0.442187 0.112037 0.015625 0.0203704 0.0687455
2 0.627344 0.119907 0.0255208 0.0509259 0.420813
2 0.321615 0.0847222 0.0390625 0.0342593 0.449837
7 0.472656 0.12963 0.0609375 0.0981481 0.540003
2 0.472656 0.12963 0.0598958 0.0981481 0.602013
2 0.509115 0.103241 0.0348958 0.062037 0.719611
10 0.204167 0.314815 0.015625 0.0703704 0.753679
2 0.31849 0.119907 0.0505208 0.0694444 0.783639
11 0.728646 0.0407407 0.0270833 0.0518519 0.799849
2 0.729427 0.418056 0.123438 0.171296 0.914239
2 0.0786458 0.310648 0.157292 0.202778 0.915244
