2 0.531771 0.1125 0.0135417 0.0435185 0.00100711
2 0.536719 0.111111 0.0109375 0.0462963 0.00101905
0 0.754427 0.11713 0.0151042 0.0361111 0.00104262
9 0.18724 0.0782407 0.00677083 0.0305556 0.00111158
2 0.782552 0.10787 0.0359375 0.062037 0.00111881
13 0.961458 0.553241 0.0385417 0.0398148 0.00118221
9 0.223958 0.0587963 0.0208333 0.037963 0.00125122
2 0.649219 0.148611 0.0369792 0.0583333 0.00125697
0 0.817187 0.235185 0.00833333 0.0388889 0.0013017
2 0.295052 0.132407 0.0171875 0.0537037 0.00131113
2 0.60651 0.424537 0.456771 0.175 0.00138111
9 0.3625 0.0421296 0.009375 0.025 0.00139465
13 0.98724 0.519907 0.0244792 0.176852 0.00139844
9 0.21901 0.101389 0.00989583 0.0398148 0.00146028
12 0.817187 0.234722 0.00833333 0.0398148 0.00158923
2 0.263021 0.10787 0.00833333 0.0416667 0.00159582
9 0.258333 0.0740741 0.0135417 0.0462963 0.00162677
9 0.415625 0.0101852 0.015625 0.0203704 0.00162754
0 0.715885 0.371759 0.0234375 0.0268519 0.00163537
9 0.116146 0.024537 0.0166667 0.037963 0.00166835
12 0.995313 0.532407 0.00833333 0.0444444 0.00167469
12 0.702083 0.130556 0.0229167 0.0703704 0.0018288
2 0.0125 0.373148 0.025 0.0722222 0.00185351
2 0.0716146 0.05 0.0151042 0.0240741 0.00186037
9 0.105729 0.0282407 0.0104167 0.037963 0.0019136
2 0.297656 0.109722 0.0786458 0.0898148 0.00195158
9 0.267969 0.0972222 0.0109375 0.05 0.00206775
12 0.977083 0.499537 0.0416667 0.132407 0.00212893
2 0.0580729 0.0597222 0.0411458 0.0361111 0.00213896
2 0.523958 0.110185 0.336458 0.0722222 0.0021724
12 0.702083 0.15787 0.0229167 0.0490741 0.00223409
9 0.252344 0.087963 0.0130208 0.0333333 0.00236593
1 0.801302 0.318519 0.0307292 0.0851852 0.00240658
2 0.309115 0.0810185 0.0255208 0.0324074 0.00242589
0 0.0536458 0.116204 0.0104167 0.0527778 0.00251365
9 0.263021 0.087037 0.009375 0.0333333 0.00288231
2 0.442708 0.0884259 0.0135417 0.0287037 0.0029257
9 0.583854 0.0351852 0.0145833 0.0592593 0.00304897
9 0.428385 0.0314815 0.0109375 0.0314815 0.0031639
9 0.458073 0.0643518 0.00677083 0.0305556 0.00333284
2 0.404687 0.111111 0.230208 0.062963 0.00351824
9 0.215885 0.0675926 0.0421875 0.0518519 0.00353536
9 0.29375 0.0569444 0.0104167 0.0416667 0.00375197
2 0.238542 0.139815 0.01875 0.0425926 0.0037669
9 0.23724 0.0680556 0.0151042 0.0435185 0.00416131
2 0.00833333 0.397685 0.0166667 0.115741 0.00441266
9 0.569271 0.0319444 0.0125 0.0583333 0.00508966
0 0.442708 0.0986111 0.0166667 0.0509259 0.00516479
0 0.756771 0.0847222 0.0145833 0.0694444 0.00533285
2 0.592969 0.126389 0.0171875 0.0231481 0.00574583
9 0.293229 0.0680556 0.0114583 0.0212963 0.00681571
2 0.60599 0.0597222 0.00989583 0.025 0.00705378
9 0.442969 0.0875 0.0130208 0.0268519 0.00706591
2 0.786458 0.0893519 0.0166667 0.0231481 0.00939799
1 0.810677 0.331481 0.0192708 0.0962963 0.00949474
12 0.994792 0.499537 0.009375 0.139815 0.00983961
0 0.00442708 0.396759 0.00885417 0.113889 0.0100572
11 0.2375 0.0652778 0.015625 0.0361111 0.0112968
2 0.00416667 0.406944 0.00833333 0.0972222 0.0136623
2 0.635417 0.147222 0.0104167 0.0555556 0.0155896
9 0.207292 0.0666667 0.01875 0.0425926 0.0165376
0 0.635417 0.148611 0.009375 0.0509259 0.0216507
9 0.220052 0.0893519 0.00885417 0.0175926 0.0222746
2 0.291667 0.109722 0.0260417 0.0805556 0.0311609
9 0.26875 0.0351852 0.021875 0.0666667 0.0358556
2 0.272135 0.1125 0.0151042 0.0324074 0.0376472
2 0.31875 0.0990741 0.0458333 0.05 0.0518806
7 0.296354 0.108796 0.0375 0.0842593 0.0629206
9 0.502604 0.759722 0.0125 0.0546296 0.0684599
9 0.567448 0.0481481 0.00885417 0.0240741 0.0739792
9 0.222135 0.0564815 0.0109375 0.0314815 0.142331
2 0.464844 0.111574 0.0171875 0.0398148 0.144556
2 0.322135 0.0851852 0.0390625 0.0296296 0.173755
2 0.480469 0.109259 0.0203125 0.0444444 0.218125
2 0.627344 0.122685 0.0255208 0.0527778 0.371294
2 0.50651 0.103704 0.0421875 0.062963 0.491494
2 0.31849 0.121759 0.0505208 0.0712963 0.601649
2 0.351562 0.113426 0.0208333 0.0361111 0.691452
10 0.203906 0.316204 0.0161458 0.0712963 0.748696
11 0.729167 0.0435185 0.0270833 0.0574074 0.762169
2 0.521354 0.256481 0.0885417 0.12037 0.852464
2 0.729688 0.42037 0.122917 0.17037 0.912973
