13 0.970312 0.535185 0.0583333 0.172222 0.00101857
2 0.0645833 0.109722 0.0270833 0.0453704 0.00104452
2 0.263802 0.10463 0.00989583 0.0481481 0.0010473
2 0.781771 0.101389 0.0375 0.0546296 0.00104785
9 0.252604 0.0865741 0.0145833 0.0361111 0.00107622
2 0.591667 0.423611 0.554167 0.187963 0.00108054
7 0.280208 0.0763889 0.034375 0.141667 0.001138
9 0.292969 0.0555556 0.00885417 0.0425926 0.00115438
2 0.536979 0.113426 0.009375 0.0416667 0.00118122
11 0.220833 0.0601852 0.0520833 0.0722222 0.00118927
13 0.0114583 0.366204 0.0229167 0.0472222 0.00121443
12 0.701823 0.165741 0.0265625 0.037037 0.00122354
9 0.270833 0.0763889 0.0197917 0.0675926 0.00123612
2 0.292708 0.0800926 0.01875 0.0305556 0.00125542
0 0.732031 0.372685 0.0244792 0.0287037 0.00125545
9 0.5 0.602315 0.0145833 0.0398148 0.00126178
2 0.00598958 0.0912037 0.0119792 0.0398148 0.00130673
0 0.053125 0.106019 0.0114583 0.0416667 0.00132125
0 0.759115 0.087037 0.0109375 0.0555556 0.00133284
9 0.260938 0.0435185 0.0135417 0.0537037 0.0013524
2 0.302344 0.129167 0.0276042 0.0601852 0.0013739
9 0.275 0.0449074 0.0354167 0.0861111 0.00138215
2 0.0716146 0.0476852 0.0130208 0.0194444 0.00141165
9 0.441406 0.224537 0.00885417 0.0231481 0.00146359
2 0.53151 0.112037 0.0140625 0.0425926 0.00146607
12 0.9875 0.519444 0.0239583 0.177778 0.00156972
9 0.430208 0.0319444 0.009375 0.0287037 0.00158574
1 0.0046875 0.459259 0.009375 0.240741 0.00163557
9 0.415104 0.0101852 0.0145833 0.0203704 0.00171964
2 0.0429688 0.0930556 0.0703125 0.075 0.00172221
2 0.0046875 0.557407 0.009375 0.0425926 0.00177785
9 0.261719 0.0226852 0.0140625 0.0398148 0.00178386
13 0.986458 0.521759 0.0260417 0.182407 0.0019109
2 0.241146 0.10463 0.0166667 0.0314815 0.00197853
9 0.115104 0.0240741 0.015625 0.0407407 0.00251195
10 0.196875 0.312037 0.03125 0.0833333 0.00265202
12 0.692187 0.164815 0.00833333 0.037037 0.00276381
1 0.0299479 0.15463 0.0598958 0.0833333 0.00283249
2 0.561719 0.109259 0.224479 0.062963 0.00290579
7 0.788281 0.0638889 0.0244792 0.0648148 0.00298503
2 0.0361979 0.0657407 0.0203125 0.0222222 0.00314305
2 0.428385 0.103704 0.158854 0.0592593 0.00325226
7 0.970052 0.530093 0.0588542 0.208333 0.00325278
9 0.580469 0.0328704 0.0140625 0.0583333 0.00363975
7 0.988542 0.52037 0.021875 0.188889 0.00372521
9 0.992969 0.509722 0.0130208 0.158333 0.00382642
0 0.442187 0.0972222 0.015625 0.05 0.00386146
2 0.053125 0.0680556 0.0458333 0.0305556 0.0039142
9 0.75625 0.075 0.0104167 0.0425926 0.00411404
9 0.211979 0.0657407 0.03125 0.05 0.0042506
13 0.0132813 0.392593 0.0265625 0.12037 0.00427175
0 0.714063 0.372222 0.021875 0.0277778 0.00436296
9 0.572135 0.0314815 0.0130208 0.0592593 0.00440978
9 0.458073 0.0662037 0.0078125 0.0287037 0.00452833
0 0.755469 0.0898148 0.0119792 0.0703704 0.00453192
0 0.707552 0.268981 0.0234375 0.126852 0.00459119
9 0.108333 0.0300926 0.009375 0.0324074 0.00468375
9 0.269271 0.0393519 0.021875 0.0583333 0.00479883
58 0.96875 0.496759 0.0302083 0.0935185 0.00494376
2 0.00416667 0.402778 0.00833333 0.101852 0.00545849
11 0.23724 0.0671296 0.0171875 0.0416667 0.00561096
2 0.478125 0.106481 0.0520833 0.05 0.00574507
12 0.99349 0.506019 0.0119792 0.150926 0.00612547
2 0.238802 0.139815 0.0192708 0.0425926 0.00664512
0 0.286458 0.115278 0.0145833 0.0694444 0.00666529
1 0.00520833 0.389815 0.0104167 0.12037 0.00676254
11 0.60625 0.0597222 0.0104167 0.025 0.00814859
2 0.490365 0.0736111 0.0130208 0.0194444 0.00999667
2 0.635156 0.14537 0.0109375 0.0518519 0.0103607
0 0.817448 0.235648 0.00885417 0.037963 0.012275
0 0.635417 0.147222 0.009375 0.0518519 0.0131776
2 0.592448 0.126389 0.0171875 0.0231481 0.0137464
2 0.442448 0.0875 0.0130208 0.0287037 0.0144882
9 0.442187 0.087037 0.0125 0.0277778 0.0157479
2 0.789323 0.0884259 0.0192708 0.025 0.0158321
7 0.220573 0.0648148 0.0505208 0.0703704 0.0161382
9 0.26875 0.0199074 0.0197917 0.0342593 0.0164811
2 0.271615 0.110648 0.0151042 0.037963 0.020501
5 0.220573 0.0680556 0.0505208 0.0638889 0.0208516
2 0.492188 0.0949074 0.0166667 0.0509259 0.0216677
2 0.503385 0.0680556 0.0171875 0.0194444 0.0289155
2 0.29375 0.109259 0.028125 0.0777778 0.0384644
9 0.502604 0.759722 0.0135417 0.0546296 0.0411216
2 0.3625 0.0717593 0.0114583 0.0268519 0.0446468
7 0.297917 0.106944 0.0385417 0.0824074 0.0615718
2 0.48724 0.109722 0.0140625 0.0453704 0.0648185
9 0.567187 0.0481481 0.00833333 0.0240741 0.0669663
2 0.520312 0.0685185 0.0145833 0.0240741 0.17275
2 0.479948 0.111111 0.0151042 0.0407407 0.226619
2 0.465885 0.111574 0.0192708 0.0398148 0.266991
2 0.322135 0.0865741 0.0380208 0.0342593 0.271879
0 0.714323 0.250463 0.0119792 0.0861111 0.468992
7 0.50651 0.103241 0.0411458 0.0638889 0.500622
2 0.627344 0.121296 0.0255208 0.05 0.535478
2 0.31849 0.121296 0.0505208 0.0722222 0.739606
2 0.383333 0.0935185 0.0322917 0.0481481 0.779575
11 0.729167 0.0430556 0.0270833 0.0583333 0.781289
10 0.203906 0.315741 0.0161458 0.0722222 0.794241
2 0.729688 0.418981 0.122917 0.173148 0.909346
