12 0.702083 0.159722 0.0229167 0.0453704 0.00103316
9 0.290104 0.0282407 0.0114583 0.0324074 0.00106761
2 0.578125 0.422685 0.583333 0.178704 0.00108228
0 0.757031 0.119444 0.0140625 0.0425926 0.0011593
2 0.647917 0.147222 0.0364583 0.0574074 0.0011837
2 0.0497396 0.0657407 0.0442708 0.0240741 0.00118476
0 0.741927 0.370833 0.0213542 0.0305556 0.00126485
9 0.261719 0.0435185 0.0151042 0.0574074 0.00135044
12 0.995313 0.532407 0.00833333 0.0407407 0.00143613
2 0.289583 0.0902778 0.0229167 0.0564815 0.00146814
9 0.816927 0.235185 0.00885417 0.0388889 0.00147662
2 0.0335938 0.0662037 0.0182292 0.0194444 0.00148722
2 0.297917 0.105556 0.0885417 0.0962963 0.00150481
11 0.221615 0.0671296 0.0505208 0.0601852 0.00150586
13 0.961979 0.55463 0.0385417 0.0407407 0.00151961
2 0.2625 0.108796 0.009375 0.0435185 0.00153032
2 0.489062 0.113889 0.321875 0.0833333 0.00154409
9 0.263021 0.0851852 0.00833333 0.0314815 0.00156141
9 0.547917 0.0518519 0.0114583 0.0259259 0.00156566
1 0.810938 0.332407 0.01875 0.0925926 0.00156845
2 0.301042 0.124537 0.0260417 0.0694444 0.00165379
9 0.582292 0.0384259 0.0104167 0.0472222 0.00172939
9 0.21901 0.0851852 0.0130208 0.0185185 0.00180364
2 0.79375 0.0893519 0.0322917 0.0287037 0.00185057
9 0.292708 0.0527778 0.00833333 0.0425926 0.00190759
0 0.995833 0.328704 0.00729167 0.0537037 0.00202751
1 0.0236979 0.394907 0.0473958 0.117593 0.00204587
58 0.96901 0.498148 0.0317708 0.0944444 0.00204754
0 0.757812 0.0731481 0.0104167 0.0388889 0.00214267
2 0.239323 0.108796 0.0171875 0.037963 0.00217934
9 0.252865 0.0851852 0.0119792 0.0351852 0.00229351
0 0.757031 0.372685 0.0192708 0.0305556 0.00236243
2 0.784115 0.104167 0.0390625 0.0509259 0.00244774
9 0.578646 0.0314815 0.0125 0.0555556 0.00256152
2 0.379167 0.109722 0.190625 0.0935185 0.00260274
2 0.592708 0.125463 0.0166667 0.025 0.00260893
2 0.266667 0.0986111 0.0114583 0.0527778 0.00272693
9 0.25651 0.075463 0.00989583 0.0453704 0.0027539
9 0.208333 0.0675926 0.0239583 0.0444444 0.00290564
0 0.757292 0.0902778 0.0135417 0.0731481 0.00293668
9 0.110677 0.0282407 0.0140625 0.037963 0.00298408
2 0.776563 0.111111 0.0229167 0.0333333 0.00299431
2 0.48099 0.101852 0.0286458 0.0574074 0.00321141
2 0.292448 0.0740741 0.0161458 0.0203704 0.00333493
0 0.714844 0.372685 0.0244792 0.0268519 0.00368061
1 0.00625 0.37037 0.0125 0.062963 0.00424463
2 0.21875 0.137963 0.059375 0.0481481 0.00430094
1 0.00442708 0.397222 0.00885417 0.105556 0.00484568
9 0.500521 0.601389 0.015625 0.0416667 0.00489528
9 0.992188 0.495833 0.0145833 0.123148 0.00507415
9 0.220833 0.0546296 0.0177083 0.0462963 0.00697868
12 0.992708 0.497685 0.0135417 0.128704 0.0070263
11 0.236979 0.0689815 0.0177083 0.0435185 0.00742313
13 0.0140625 0.396759 0.028125 0.113889 0.00880589
9 0.569531 0.0319444 0.0109375 0.0583333 0.00938094
13 0.00442708 0.401389 0.00885417 0.100926 0.00963296
2 0.271615 0.109259 0.0140625 0.0407407 0.0103671
2 0.46224 0.0939815 0.0380208 0.0398148 0.0112906
1 0.00989583 0.396759 0.0197917 0.113889 0.0113816
11 0.60599 0.0597222 0.00989583 0.025 0.0116232
7 0.220573 0.0634259 0.0515625 0.0638889 0.0116918
2 0.3625 0.0694444 0.009375 0.0222222 0.0122404
9 0.269531 0.0365741 0.0213542 0.0657407 0.0137474
2 0.785417 0.0902778 0.0135417 0.0212963 0.0145369
2 0.635156 0.14537 0.0109375 0.0518519 0.0164727
0 0.635677 0.147222 0.00989583 0.05 0.0166501
2 0.339844 0.0888889 0.0119792 0.0314815 0.0171823
7 0.409115 0.062037 0.0484375 0.0388889 0.0195873
2 0.238281 0.141204 0.0192708 0.0416667 0.020446
2 0.441927 0.0837963 0.0130208 0.0231481 0.0325013
9 0.502604 0.760185 0.0114583 0.0518519 0.0395437
2 0.31276 0.0958333 0.0432292 0.0583333 0.0400861
0 0.442969 0.087963 0.0109375 0.0296296 0.0455193
9 0.567187 0.0486111 0.00833333 0.025 0.0655114
2 0.294271 0.107407 0.0302083 0.0814815 0.135954
2 0.322135 0.0875 0.0380208 0.0361111 0.304168
2 0.627344 0.121759 0.0255208 0.0509259 0.455308
2 0.408854 0.0652778 0.0479167 0.0324074 0.601529
2 0.508854 0.10463 0.0364583 0.0611111 0.630848
10 0.203906 0.316204 0.0171875 0.0712963 0.708829
2 0.466927 0.1125 0.0536458 0.0787037 0.729454
2 0.31849 0.120833 0.0505208 0.0712963 0.732376
11 0.729167 0.0435185 0.0270833 0.0555556 0.797164
2 0.729688 0.418519 0.122917 0.172222 0.907878
