2 0.291406 0.0981481 0.0984375 0.0962963 0.00101349
2 0.797656 0.0819444 0.0442708 0.0342593 0.00116046
1 0.809635 0.327315 0.0213542 0.0898148 0.00117512
2 0.536198 0.112037 0.0130208 0.0444444 0.00120562
2 0.770833 0.112037 0.0135417 0.0240741 0.00120834
13 0.9625 0.555093 0.0395833 0.0435185 0.00122151
2 0.241146 0.105556 0.015625 0.037037 0.00124639
0 0.732292 0.370833 0.0260417 0.0305556 0.00127547
32 0.454167 0.313889 0.00833333 0.0148148 0.00129518
2 0.53151 0.1125 0.0140625 0.0435185 0.00136851
13 0.970312 0.566667 0.0552083 0.0722222 0.00142674
9 0.756771 0.0736111 0.009375 0.0416667 0.00143814
12 0.986719 0.503704 0.0244792 0.142593 0.00146285
9 0.577083 0.0319444 0.0135417 0.0601852 0.00146645
0 0.26276 0.100926 0.00885417 0.0574074 0.00147055
2 0.649479 0.148611 0.0375 0.0583333 0.00151778
9 0.990885 0.515741 0.0171875 0.172222 0.0015354
2 0.201042 0.243519 0.0177083 0.0166667 0.00154424
13 0.971615 0.519907 0.0557292 0.176852 0.00155748
9 0.27474 0.0398148 0.0348958 0.0759259 0.00171706
2 0.780729 0.102778 0.0322917 0.05 0.00184239
2 0.238281 0.141667 0.0192708 0.0407407 0.00227833
2 0.813281 0.074537 0.0203125 0.0212963 0.00243661
2 0.560677 0.108796 0.245312 0.0694444 0.00247466
2 0.0114583 0.365741 0.0229167 0.0462963 0.00252257
2 0.26901 0.0574074 0.0182292 0.0296296 0.00253188
0 0.458333 0.0643518 0.00729167 0.0305556 0.00261718
58 0.967969 0.497222 0.0276042 0.0833333 0.00268628
0 0.715104 0.372222 0.0239583 0.0277778 0.00279164
1 0.985156 0.333333 0.0286458 0.0537037 0.00305074
2 0.404167 0.106019 0.227083 0.0675926 0.00318075
2 0.0398437 0.0638889 0.0192708 0.0203704 0.00339035
11 0.23724 0.0689815 0.0171875 0.0453704 0.00352834
7 0.2125 0.0648148 0.0322917 0.0537037 0.00370797
9 0.569531 0.0310185 0.0130208 0.0583333 0.00448466
2 0.0333333 0.0606481 0.01875 0.0212963 0.00451537
10 0.197135 0.3125 0.0307292 0.0805556 0.00458017
13 0.0135417 0.393981 0.0270833 0.113889 0.00469528
9 0.269531 0.0527778 0.0203125 0.0333333 0.00474659
2 0.752865 0.156019 0.0130208 0.0212963 0.00529567
2 0.477344 0.107407 0.0609375 0.0574074 0.00579669
1 0.995052 0.331944 0.00885417 0.0564815 0.00600319
0 0.995833 0.330093 0.00729167 0.0546296 0.00648627
1 0.00963542 0.394907 0.0192708 0.113889 0.00833669
2 0.270573 0.106944 0.0130208 0.0435185 0.00854968
12 0.994271 0.509259 0.0104167 0.159259 0.00911073
1 0.00442708 0.406944 0.00885417 0.0861111 0.00938134
11 0.60651 0.0601852 0.00989583 0.0259259 0.00946458
9 0.26901 0.0226852 0.0203125 0.037963 0.00983503
2 0.786198 0.0893519 0.0140625 0.0212963 0.010846
2 0.339844 0.0907407 0.0140625 0.0296296 0.0110948
10 0.442969 0.0884259 0.0130208 0.0305556 0.0121127
5 0.220573 0.0662037 0.0505208 0.0601852 0.0131055
0 0.442448 0.0953704 0.0161458 0.0462963 0.0136747
2 0.592708 0.126389 0.0166667 0.0231481 0.019411
9 0.502604 0.760185 0.0125 0.0555556 0.0200427
0 0.635677 0.147685 0.00989583 0.0490741 0.0222241
2 0.635677 0.146296 0.0109375 0.0537037 0.0224374
9 0.111719 0.0259259 0.0140625 0.0407407 0.0231697
2 0.442969 0.0898148 0.0140625 0.0314815 0.0256288
7 0.220313 0.0583333 0.0510417 0.0759259 0.0267949
9 0.567448 0.0481481 0.00885417 0.0240741 0.0450577
2 0.3625 0.0731481 0.0125 0.0277778 0.135457
2 0.46224 0.109722 0.0140625 0.0435185 0.139203
2 0.299219 0.106481 0.0369792 0.0796296 0.159488
2 0.321875 0.0875 0.0375 0.0361111 0.297024
2 0.627865 0.120833 0.0255208 0.0509259 0.314495
2 0.476562 0.108333 0.03125 0.0462963 0.361954
2 0.50651 0.103704 0.0421875 0.062963 0.533819
10 0.204167 0.316204 0.015625 0.0712963 0.718724
2 0.31875 0.120833 0.05 0.0712963 0.750743
11 0.729427 0.0439815 0.0265625 0.0564815 0.783116
2 0.383594 0.0791667 0.0286458 0.0416667 0.785767
2 0.729948 0.418981 0.122396 0.171296 0.91089
