9 0.0575521 0.024537 0.0140625 0.0342593 0.00102627
2 0.611458 0.415741 0.469792 0.198148 0.00103347
9 0.547917 0.0527778 0.0104167 0.0259259 0.00104557
1 0.0078125 0.406944 0.015625 0.137963 0.00106461
0 0.73099 0.372685 0.0255208 0.0287037 0.00116969
32 0.453906 0.315278 0.00885417 0.0157407 0.00119422
2 0.021875 0.129167 0.04375 0.108333 0.00124927
9 0.5 0.602315 0.0145833 0.0398148 0.00127168
2 0.0643229 0.109722 0.0276042 0.0490741 0.00129147
2 0.813021 0.0773148 0.0177083 0.0194444 0.00129465
2 0.588542 0.125463 0.0114583 0.025 0.00130047
13 0.992448 0.519444 0.0140625 0.168519 0.00131726
9 0.258854 0.0726852 0.0114583 0.0490741 0.0013183
13 0.961198 0.555093 0.0380208 0.0398148 0.00133436
2 0.300521 0.131019 0.0208333 0.0564815 0.00134477
1 0.810417 0.331019 0.01875 0.0861111 0.00136457
0 0.520052 0.258333 0.491146 0.403704 0.001404
2 0.226562 0.136574 0.04375 0.0490741 0.00142108
2 0.253385 0.134259 0.0223958 0.05 0.00145413
2 0.239063 0.119444 0.0197917 0.0537037 0.00146957
2 0.0471354 0.0976852 0.0630208 0.0768519 0.00147321
12 0.69375 0.165278 0.00729167 0.037963 0.00154543
2 0.26224 0.108796 0.0109375 0.0435185 0.0016165
9 0.441667 0.229167 0.0104167 0.0231481 0.00164104
1 0.0205729 0.140278 0.0411458 0.0546296 0.00166419
13 0.984115 0.519907 0.0307292 0.175 0.00172839
2 0.442969 0.110648 0.146354 0.0601852 0.00176646
9 0.817187 0.236111 0.00833333 0.0388889 0.00177061
7 0.98724 0.52037 0.0244792 0.187037 0.0017772
2 0.00598958 0.0916667 0.0119792 0.0407407 0.00177781
2 0.558594 0.110648 0.303646 0.0675926 0.00178153
9 0.263542 0.0875 0.009375 0.0361111 0.00185136
13 0.0132813 0.393981 0.0265625 0.119444 0.00186845
7 0.788281 0.0657407 0.0255208 0.0648148 0.00212526
0 0.282552 0.0893519 0.0078125 0.0231481 0.00213514
2 0.0458333 0.074537 0.0625 0.0435185 0.00217637
9 0.252604 0.0875 0.0125 0.0342593 0.00220555
2 0.502865 0.103241 0.0390625 0.0601852 0.00220796
2 0.0330729 0.0675926 0.0213542 0.0203704 0.00226724
9 0.292708 0.0555556 0.009375 0.0444444 0.00239559
2 0.356771 0.111574 0.111458 0.0694444 0.00246937
9 0.115365 0.0236111 0.0151042 0.0416667 0.0025085
1 0.0046875 0.462963 0.009375 0.231481 0.00253761
58 0.96875 0.497222 0.03125 0.0925926 0.00285846
9 0.99349 0.499074 0.0119792 0.133333 0.00286834
0 0.285677 0.112963 0.0140625 0.0648148 0.00346532
9 0.108594 0.0291667 0.00989583 0.0361111 0.00348354
2 0.0578125 0.0694444 0.0364583 0.0259259 0.00370804
9 0.571615 0.0314815 0.0130208 0.0592593 0.00382384
2 0.286198 0.119444 0.0140625 0.0611111 0.00399977
12 0.99375 0.500926 0.0114583 0.138889 0.00415662
0 0.053125 0.106019 0.0114583 0.0416667 0.00417221
2 0.311198 0.0819444 0.0286458 0.0342593 0.00421665
0 0.756771 0.0736111 0.0104167 0.0416667 0.00426403
0 0.714583 0.372685 0.0229167 0.0268519 0.00426999
9 0.292448 0.0722222 0.00989583 0.0166667 0.00460918
11 0.236979 0.0680556 0.0177083 0.0435185 0.00512179
0 0.75599 0.0930556 0.0130208 0.0787037 0.00518012
2 0.59401 0.125463 0.0161458 0.0231481 0.00546906
9 0.458594 0.0657407 0.0078125 0.0296296 0.00556179
1 0.00416667 0.395833 0.00833333 0.112037 0.0057315
1 0.0309896 0.154167 0.0609375 0.0805556 0.00655658
0 0.443229 0.0967593 0.0166667 0.0490741 0.0071857
2 0.442708 0.0888889 0.0135417 0.0296296 0.00779128
11 0.60625 0.0597222 0.0104167 0.025 0.00791638
10 0.443229 0.0875 0.0135417 0.0287037 0.00843633
0 0.995833 0.327315 0.00729167 0.0564815 0.0097038
2 0.298698 0.106944 0.0338542 0.0768519 0.0104042
0 0.635677 0.147222 0.00989583 0.0537037 0.0117009
7 0.220573 0.0634259 0.0505208 0.0787037 0.0118891
9 0.502865 0.759722 0.0140625 0.0546296 0.0128667
2 0.790365 0.0875 0.0213542 0.0268519 0.0153194
2 0.29375 0.12037 0.021875 0.0574074 0.0166351
5 0.21901 0.0657407 0.0463542 0.062963 0.0182182
2 0.238542 0.140741 0.01875 0.0407407 0.0188013
2 0.271354 0.111574 0.0145833 0.0361111 0.0192283
2 0.363021 0.0689815 0.009375 0.0231481 0.0237595
7 0.3 0.106481 0.0354167 0.0777778 0.0251041
2 0.4875 0.109259 0.0125 0.0462963 0.0441243
9 0.26901 0.0361111 0.0223958 0.0685185 0.0578578
9 0.567448 0.0481481 0.0078125 0.0240741 0.106356
2 0.464844 0.1125 0.0171875 0.037963 0.158873
2 0.479688 0.110648 0.0166667 0.0416667 0.214499
2 0.322396 0.0861111 0.0375 0.0333333 0.344278
2 0.627604 0.122222 0.025 0.0537037 0.445749
1 0.667969 0.287037 0.0234375 0.0555556 0.540903
7 0.50651 0.104167 0.0421875 0.0638889 0.547346
2 0.31849 0.121759 0.0515625 0.0712963 0.717307
2 0.390885 0.101852 0.0338542 0.05 0.723368
10 0.203906 0.315278 0.0161458 0.0712963 0.766209
0 0.670052 0.25463 0.0276042 0.103704 0.767817
11 0.729167 0.0430556 0.0270833 0.0564815 0.789505
2 0.729688 0.419444 0.122917 0.172222 0.906396
