2 0.746354 0.158333 0.0239583 0.0185185 0.00100155
13 0.952344 0.421296 0.0953125 0.140741 0.00100712
9 0.576302 0.0324074 0.0161458 0.062963 0.00105237
2 0.816927 0.22963 0.00989583 0.0481481 0.00108291
0 0.75625 0.0907407 0.0145833 0.0851852 0.00118863
9 0.489062 0.980093 0.015625 0.037963 0.00122111
9 0.561719 0.0449074 0.0203125 0.0305556 0.0012238
32 0.469531 0.409722 0.00989583 0.0231481 0.00123599
10 0.774219 0.122685 0.0192708 0.0472222 0.00123665
0 0.361979 0.0685185 0.009375 0.0259259 0.00134824
7 0.236979 0.0666667 0.0166667 0.0407407 0.00137186
0 0.757812 0.0643518 0.00833333 0.0324074 0.00142964
9 0.583333 0.0425926 0.0125 0.0425926 0.00143935
2 0.773958 0.119907 0.01875 0.0435185 0.00144031
9 0.23724 0.0694444 0.0140625 0.0425926 0.00153666
2 0.833073 0.234722 0.0432292 0.062037 0.00156648
9 0.360938 0.0648148 0.0104167 0.0203704 0.00162044
2 0.779427 0.10787 0.0307292 0.0564815 0.00167323
32 0.459896 0.356019 0.009375 0.0157407 0.00171507
5 0.213542 0.0615741 0.034375 0.0490741 0.00171768
9 0.253385 0.087037 0.0161458 0.0388889 0.00177029
12 0.701823 0.139352 0.0213542 0.087963 0.00187568
2 0.605729 0.431481 0.772917 0.205556 0.00189948
11 0.240104 0.0333333 0.021875 0.0648148 0.00195944
0 0.379687 0.273148 0.0229167 0.0388889 0.00196352
2 0.363281 0.0662037 0.0119792 0.0194444 0.00197955
12 0.69349 0.162037 0.00677083 0.0407407 0.00205241
9 0.257812 0.0805556 0.0114583 0.0481481 0.00207239
2 0.278906 0.1125 0.0307292 0.0694444 0.00211329
5 0.226562 0.0777778 0.0385417 0.0666667 0.00212582
0 0.547396 0.272685 0.580208 0.467593 0.00218178
2 0.634115 0.152315 0.0140625 0.0583333 0.00229602
2 0.445312 0.100463 0.0229167 0.0472222 0.00235716
2 0.263542 0.100463 0.009375 0.0546296 0.00249077
9 0.263542 0.0930556 0.009375 0.0472222 0.00254077
1 0.00416667 0.394444 0.00833333 0.111111 0.00254739
9 0.36224 0.0449074 0.00885417 0.0305556 0.00256282
2 0.423177 0.108796 0.338021 0.0861111 0.00262494
2 0.592448 0.126852 0.0182292 0.0240741 0.0026975
11 0.739583 0.0662037 0.0166667 0.0231481 0.00283967
9 0.547917 0.0513889 0.0104167 0.0231481 0.00289914
2 0.296354 0.105093 0.0791667 0.0898148 0.0030447
9 0.207552 0.0638889 0.0192708 0.0388889 0.00320694
2 0.288021 0.0763889 0.0197917 0.0324074 0.00324053
0 0.757812 0.374537 0.0177083 0.0287037 0.00345232
0 0.729427 0.371759 0.0296875 0.0287037 0.00416249
9 0.292708 0.0550926 0.009375 0.037963 0.00467763
2 0.267448 0.0972222 0.0109375 0.0518519 0.00469857
9 0.415365 0.0115741 0.0161458 0.0231481 0.00484115
9 0.557031 0.0273148 0.0265625 0.0546296 0.00553623
9 0.994531 0.517593 0.00989583 0.168519 0.00567281
0 0.282031 0.0893519 0.0078125 0.0361111 0.00595709
7 0.219531 0.0625 0.0494792 0.0694444 0.00597761
9 0.966927 0.498611 0.0255208 0.0805556 0.00599443
2 0.60599 0.0597222 0.00989583 0.025 0.0060706
2 0.321354 0.1 0.046875 0.0481481 0.00628941
9 0.220052 0.101389 0.0119792 0.0361111 0.00646217
9 0.502865 0.760185 0.0109375 0.0555556 0.00721426
2 0.292188 0.0671296 0.0104167 0.0194444 0.00919067
0 0.634115 0.149537 0.0130208 0.0546296 0.00933984
32 0.454427 0.312963 0.0078125 0.0148148 0.00969355
2 0.791146 0.0851852 0.0197917 0.0222222 0.0110935
9 0.223177 0.0555556 0.0130208 0.0388889 0.0135084
2 0.442448 0.0865741 0.0140625 0.0268519 0.0139137
9 0.220313 0.0898148 0.0104167 0.0166667 0.0140426
2 0.270573 0.108796 0.0140625 0.0398148 0.0159515
9 0.442448 0.0865741 0.0130208 0.025 0.0168641
0 0.714063 0.37037 0.021875 0.0259259 0.0187036
7 0.970833 0.52963 0.0572917 0.2 0.01948
9 0.973177 0.498611 0.0380208 0.121296 0.0215799
9 0.565625 0.0375 0.0104167 0.0453704 0.0219926
9 0.26901 0.0337963 0.0223958 0.062037 0.030184
2 0.295833 0.103704 0.0322917 0.0740741 0.0365504
2 0.461458 0.111574 0.0125 0.0361111 0.0465863
2 0.486458 0.107407 0.0166667 0.05 0.0543439
9 0.50026 0.602315 0.0151042 0.0416667 0.0583347
9 0.567187 0.0476852 0.00833333 0.0231481 0.0595045
2 0.627604 0.121759 0.025 0.0546296 0.283913
2 0.322135 0.0865741 0.0390625 0.0361111 0.347885
2 0.473437 0.108333 0.0322917 0.0444444 0.422324
2 0.505469 0.102778 0.0432292 0.0648148 0.433464
7 0.505729 0.103241 0.0427083 0.0638889 0.451661
11 0.729427 0.0416667 0.0276042 0.0537037 0.721149
2 0.317708 0.121296 0.0510417 0.0703704 0.783904
10 0.203646 0.315741 0.0166667 0.0703704 0.82292
2 0.361719 0.315278 0.103646 0.134259 0.880585
2 0.729688 0.419907 0.122917 0.171296 0.910997
