0 0.361458 0.0680556 0.009375 0.0268519 0.0010517
2 0.447135 0.100926 0.0265625 0.0481481 0.00109129
9 0.56224 0.0486111 0.0192708 0.0231481 0.0011192
11 0.746094 0.0583333 0.0630208 0.112963 0.0011389
9 0.583854 0.0430556 0.0125 0.0398148 0.00120828
9 0.415104 0.0310185 0.015625 0.0175926 0.00122868
1 0.00885417 0.398611 0.0177083 0.106481 0.00124588
12 0.693229 0.162037 0.00729167 0.0407407 0.00128013
12 0.701563 0.163426 0.01875 0.0398148 0.00140563
2 0.557552 0.107407 0.391146 0.0796296 0.00145877
9 0.23724 0.0694444 0.0140625 0.0425926 0.00150049
2 0.779427 0.107407 0.0307292 0.0592593 0.00155492
2 0.363281 0.0657407 0.0119792 0.0185185 0.00166867
32 0.460156 0.356019 0.00989583 0.0157407 0.00169012
9 0.429688 0.0356481 0.009375 0.0268519 0.00173227
2 0.604167 0.428241 0.760417 0.193519 0.00180795
9 0.360677 0.0643518 0.00989583 0.0194444 0.00183881
0 0.75651 0.114352 0.0140625 0.0435185 0.00191338
5 0.222656 0.0787037 0.0473958 0.0703704 0.00199686
0 0.541927 0.274074 0.568229 0.455556 0.00211944
2 0.278906 0.1125 0.0307292 0.0694444 0.00216719
9 0.253646 0.087037 0.015625 0.037037 0.00218872
2 0.263542 0.101852 0.009375 0.0518519 0.00225095
5 0.214583 0.0606481 0.0354167 0.0527778 0.00231192
9 0.547917 0.0523148 0.0104167 0.0231481 0.00236548
9 0.258333 0.0777778 0.0114583 0.05 0.0023974
2 0.592448 0.127315 0.0182292 0.025 0.00248983
2 0.238542 0.1375 0.01875 0.0435185 0.00252056
11 0.739062 0.0652778 0.015625 0.0268519 0.00255523
9 0.207552 0.0652778 0.0192708 0.0398148 0.00261795
9 0.36224 0.0439815 0.00885417 0.0287037 0.00263759
2 0.60599 0.0601852 0.00989583 0.0240741 0.00272041
2 0.288021 0.0763889 0.0197917 0.0324074 0.0027221
12 0.702083 0.139815 0.021875 0.087037 0.00319028
2 0.419792 0.109259 0.325 0.0851852 0.00342513
2 0.4375 0.108333 0.170833 0.0685185 0.0035665
9 0.263281 0.0925926 0.00989583 0.0444444 0.00356706
0 0.757552 0.375463 0.0182292 0.0287037 0.00372165
0 0.73099 0.372222 0.0276042 0.0296296 0.00382504
2 0.634635 0.151389 0.0130208 0.0583333 0.00404735
2 0.267188 0.0976852 0.0114583 0.0527778 0.0047106
2 0.00364583 0.409259 0.00729167 0.0833333 0.00480325
9 0.985417 0.495833 0.01875 0.121296 0.00490465
9 0.967448 0.500463 0.0276042 0.0824074 0.00504773
7 0.21901 0.062037 0.0473958 0.0648148 0.00517722
2 0.297396 0.106481 0.0729167 0.0888889 0.0052909
9 0.220052 0.100463 0.0119792 0.037963 0.00539581
2 0.321875 0.101389 0.0458333 0.0472222 0.00555864
0 0.758333 0.0657407 0.009375 0.0388889 0.00580803
0 0.757552 0.0888889 0.0130208 0.0851852 0.00598645
9 0.292969 0.0550926 0.00885417 0.037963 0.00643639
9 0.415365 0.012037 0.0161458 0.0240741 0.00694439
9 0.502865 0.759722 0.0109375 0.0564815 0.00784452
9 0.994531 0.516204 0.00989583 0.165741 0.00957291
1 0.00416667 0.387037 0.00833333 0.125926 0.00981175
2 0.292188 0.0689815 0.0104167 0.0175926 0.0105893
7 0.970833 0.529167 0.0572917 0.200926 0.012154
2 0.442187 0.0861111 0.0135417 0.0240741 0.0130137
9 0.222656 0.0537037 0.0140625 0.0407407 0.013316
32 0.454427 0.312963 0.0078125 0.0148148 0.0133663
9 0.565625 0.0305556 0.0135417 0.0574074 0.0148577
2 0.271354 0.109259 0.0145833 0.0388889 0.0156882
0 0.634635 0.149074 0.0119792 0.0574074 0.0159409
9 0.442187 0.0861111 0.0135417 0.0240741 0.0160344
9 0.972656 0.500926 0.0401042 0.127778 0.0197102
9 0.220052 0.0898148 0.00989583 0.0166667 0.020144
2 0.78776 0.0861111 0.0203125 0.0240741 0.0213122
0 0.714323 0.37037 0.0213542 0.0259259 0.0223349
2 0.46224 0.110648 0.0140625 0.037963 0.0403064
9 0.26901 0.0361111 0.0223958 0.0648148 0.0530201
9 0.566927 0.0476852 0.00885417 0.0231481 0.0557744
9 0.500521 0.602315 0.0145833 0.0416667 0.0684395
2 0.291146 0.109722 0.0270833 0.0787037 0.100951
2 0.627344 0.122685 0.0255208 0.0527778 0.274238
2 0.322135 0.0856481 0.0380208 0.0342593 0.350721
2 0.47526 0.108333 0.0328125 0.0444444 0.416882
2 0.505729 0.103241 0.0427083 0.0638889 0.551346
11 0.729688 0.0421296 0.0270833 0.0546296 0.616297
2 0.317708 0.121759 0.0510417 0.0694444 0.770809
10 0.203646 0.315741 0.0166667 0.0703704 0.778698
2 0.36224 0.300926 0.0984375 0.131481 0.893789
2 0.729948 0.419907 0.122396 0.171296 0.911734
