11 0.614062 0.0912037 0.04375 0.0861111 0.00100005
2 0.596875 0.117593 0.0114583 0.0388889 0.00104208
9 0.236458 0.0615741 0.01875 0.0324074 0.00104404
7 0.295052 0.103704 0.0942708 0.109259 0.00104784
2 0.614323 0.0967593 0.0505208 0.0990741 0.00104952
0 0.625781 0.106481 0.0296875 0.0796296 0.00105622
10 0.774219 0.123148 0.0182292 0.0444444 0.00105924
9 0.576563 0.0333333 0.0135417 0.0648148 0.00111039
1 0.0505208 0.163426 0.0645833 0.0805556 0.00115064
0 0.263021 0.103704 0.0104167 0.0537037 0.00115109
2 0.588021 0.124537 0.0104167 0.025 0.00116246
12 0.817448 0.233333 0.00885417 0.0425926 0.00118596
7 0.989323 0.521296 0.0203125 0.187037 0.00121802
2 0.442969 0.102315 0.0276042 0.0527778 0.00128091
2 0.50026 0.103241 0.0348958 0.0601852 0.00131318
7 0.970312 0.52963 0.0583333 0.205556 0.00131501
0 0.660417 0.115741 0.0114583 0.0333333 0.00131592
7 0.271875 0.0393519 0.0270833 0.0768519 0.00131752
12 0.97474 0.492593 0.0432292 0.112963 0.00138152
9 0.547396 0.0513889 0.0104167 0.0231481 0.00138802
2 0.438542 0.108796 0.163542 0.0694444 0.00145995
2 0.239063 0.105556 0.01875 0.037037 0.00155944
2 0.0458333 0.0652778 0.0260417 0.025 0.0016188
7 0.614583 0.0939815 0.04375 0.0916667 0.00163752
9 0.558594 0.0263889 0.0244792 0.0490741 0.00165025
2 0.778385 0.106481 0.0265625 0.0481481 0.00180905
9 0.817448 0.234259 0.00885417 0.0407407 0.00182599
12 0.702083 0.163889 0.021875 0.037037 0.00182926
0 0.73125 0.371296 0.0375 0.0314815 0.00189449
0 0.757031 0.375926 0.0182292 0.0277778 0.00200327
9 0.252344 0.0847222 0.0130208 0.0342593 0.0020665
9 0.416927 0.0152778 0.0171875 0.0305556 0.00212545
12 0.702344 0.137037 0.0234375 0.0796296 0.00218153
9 0.263542 0.0833333 0.0104167 0.0333333 0.00225862
2 0.0619792 0.0712963 0.0333333 0.0240741 0.00227988
2 0.53776 0.424537 0.630729 0.189815 0.00231783
2 0.238542 0.139352 0.0197917 0.0435185 0.00262184
9 0.995052 0.53287 0.00885417 0.0824074 0.00267227
2 0.0565104 0.0324074 0.0244792 0.0388889 0.0027357
12 0.692969 0.163889 0.0078125 0.0388889 0.00279556
9 0.108333 0.0300926 0.0145833 0.037963 0.00286728
1 0.0705729 0.159722 0.123438 0.0935185 0.00292027
9 0.990104 0.506019 0.01875 0.14537 0.00295867
11 0.23724 0.0694444 0.0171875 0.0444444 0.00313222
2 0.78724 0.0828704 0.0151042 0.0212963 0.00313514
9 0.114583 0.025463 0.0145833 0.0416667 0.00323218
0 0.760677 0.661111 0.0838542 0.164815 0.00323586
1 0.10651 0.148611 0.0494792 0.0657407 0.0032707
2 0.648438 0.150463 0.0375 0.0583333 0.00327329
2 0.77474 0.113426 0.0182292 0.0268519 0.00338095
2 0.355729 0.109722 0.078125 0.075 0.00339528
9 0.267448 0.0972222 0.00989583 0.05 0.0034181
0 0.707031 0.374537 0.0182292 0.025 0.0036803
0 0.757292 0.0740741 0.0114583 0.0425926 0.00372597
2 0.616927 0.113889 0.0453125 0.0481481 0.0038976
0 0.716927 0.372222 0.0244792 0.0277778 0.00399591
9 0.294531 0.0574074 0.0109375 0.037037 0.00461002
2 0.442708 0.0902778 0.0145833 0.0342593 0.00497914
5 0.221094 0.075463 0.0494792 0.0638889 0.00498234
9 0.25599 0.074537 0.0078125 0.0435185 0.00515545
1 0.0132813 0.367593 0.0265625 0.0462963 0.00524302
9 0.29349 0.0666667 0.0119792 0.0222222 0.00556993
2 0.592969 0.125926 0.0151042 0.0240741 0.0056096
12 0.988542 0.494907 0.021875 0.125 0.00570401
2 0.344531 0.0884259 0.0119792 0.037963 0.00612883
9 0.56901 0.0314815 0.0140625 0.0592593 0.00630799
2 0.30599 0.0805556 0.0265625 0.0314815 0.00691216
9 0.443229 0.0916667 0.0135417 0.0351852 0.00728685
1 0.00833333 0.381481 0.0166667 0.0888889 0.00766898
2 0.349219 0.106944 0.0171875 0.0472222 0.00790798
9 0.220573 0.0513889 0.0192708 0.0416667 0.00791233
7 0.220833 0.0675926 0.05 0.0685185 0.00862905
9 0.207552 0.0671296 0.0203125 0.0435185 0.00871611
2 0.813802 0.075 0.0192708 0.0166667 0.00874157
0 0.757031 0.0939815 0.0140625 0.0824074 0.00882585
2 0.785156 0.0907407 0.0130208 0.0185185 0.0107138
1 0.0143229 0.395833 0.0286458 0.108333 0.011099
12 0.994792 0.495833 0.009375 0.130556 0.0119856
2 0.271875 0.111111 0.0135417 0.0351852 0.0127739
0 0.442708 0.0981481 0.0166667 0.05 0.021722
1 0.00364583 0.408333 0.00729167 0.0851852 0.0227286
9 0.50026 0.603241 0.0161458 0.0398148 0.0235694
0 0.635417 0.148148 0.009375 0.05 0.0318614
7 0.36901 0.0615741 0.0317708 0.037963 0.0355582
11 0.60625 0.0606481 0.009375 0.0231481 0.0406595
2 0.464583 0.112963 0.01875 0.0388889 0.0548462
2 0.328125 0.0796296 0.03125 0.0277778 0.0626372
9 0.502865 0.760185 0.0119792 0.0555556 0.0654647
2 0.294531 0.107407 0.0307292 0.0796296 0.0668412
9 0.567448 0.0486111 0.00885417 0.025 0.076511
7 0.298958 0.107407 0.040625 0.0814815 0.127907
9 0.269271 0.0351852 0.021875 0.0666667 0.14454
2 0.627604 0.120833 0.025 0.0490741 0.159514
2 0.322656 0.0888889 0.0380208 0.037037 0.281045
2 0.474219 0.109722 0.0338542 0.0453704 0.324767
2 0.370313 0.0648148 0.0302083 0.0314815 0.356015
7 0.506771 0.10463 0.0427083 0.062963 0.463704
2 0.348698 0.0611111 0.0161458 0.0314815 0.472953
2 0.31875 0.122222 0.05 0.0703704 0.665697
2 0.37474 0.107407 0.0369792 0.0518519 0.706391
11 0.729688 0.0435185 0.0270833 0.0574074 0.769087
10 0.203906 0.316204 0.0161458 0.0694444 0.796735
2 0.729948 0.418981 0.122396 0.173148 0.91835
