13 0.964323 0.553241 0.0442708 0.0490741 0.00101065
1 0.00833333 0.3125 0.0166667 0.0435185 0.00101685
5 0.207031 0.0675926 0.0338542 0.0481481 0.00103322
9 0.2625 0.0407407 0.0166667 0.062963 0.00114439
2 0.661198 0.147222 0.0692708 0.0777778 0.0011473
0 0.463542 0.363426 0.667708 0.587963 0.00130279
9 0.990625 0.508333 0.0177083 0.153704 0.00138449
9 0.565365 0.0453704 0.0109375 0.0351852 0.00138591
12 0.702083 0.132407 0.0229167 0.0722222 0.00141722
2 0.61276 0.426852 0.680729 0.17963 0.00145767
12 0.988802 0.498148 0.0213542 0.12963 0.00150702
13 0.99375 0.518056 0.0114583 0.171296 0.00163603
58 0.96875 0.495833 0.03125 0.0990741 0.00164202
12 0.701823 0.163426 0.0223958 0.0361111 0.001751
0 0.254427 0.131944 0.0171875 0.0546296 0.00176339
7 0.970573 0.525926 0.0578125 0.2 0.0018572
0 0.635417 0.151852 0.0125 0.0611111 0.00189017
9 0.253646 0.0851852 0.0135417 0.037037 0.00191471
2 0.639583 0.130556 0.05 0.0648148 0.0019165
0 0.709115 0.373611 0.0192708 0.0268519 0.00193411
2 0.519531 0.111111 0.329688 0.0722222 0.00203937
12 0.692448 0.1625 0.00885417 0.0416667 0.00204376
2 0.774219 0.116204 0.0171875 0.0342593 0.00215043
1 0.0130208 0.347685 0.0260417 0.110185 0.00219101
9 0.50026 0.603241 0.0151042 0.0398148 0.00259365
2 0.292708 0.0703704 0.0114583 0.0148148 0.0026905
11 0.236719 0.0703704 0.0182292 0.0481481 0.00269303
9 0.258594 0.0759259 0.0109375 0.0444444 0.0027454
2 0.305208 0.0824074 0.025 0.0351852 0.00277813
2 0.301042 0.109259 0.090625 0.087037 0.00290861
2 0.265885 0.0986111 0.0109375 0.0546296 0.00291171
1 0.0135417 0.366667 0.0270833 0.0481481 0.00294179
2 0.201042 0.24537 0.01875 0.012963 0.00330872
9 0.263021 0.0875 0.00833333 0.0361111 0.00332288
13 0.970573 0.521759 0.0578125 0.182407 0.00357692
0 0.263542 0.108333 0.00833333 0.0425926 0.00392546
2 0.238542 0.141204 0.01875 0.0416667 0.00457874
7 0.220052 0.0652778 0.0515625 0.062037 0.00491333
2 0.649219 0.149537 0.0380208 0.0564815 0.0056335
2 0.351823 0.113889 0.131771 0.0740741 0.00565965
1 0.810417 0.331019 0.0197917 0.0916667 0.00642204
2 0.440365 0.110185 0.0151042 0.0388889 0.00673327
2 0.44349 0.087037 0.0161458 0.0296296 0.00724635
12 0.994792 0.492593 0.009375 0.125926 0.00724725
9 0.114323 0.0226852 0.0130208 0.037963 0.00745175
1 0.0143229 0.394444 0.0286458 0.116667 0.00799731
9 0.21875 0.0662037 0.0208333 0.0490741 0.00799831
2 0.813802 0.075 0.0182292 0.0166667 0.00812037
5 0.219792 0.0712963 0.053125 0.0592593 0.00827672
2 0.59349 0.125463 0.0161458 0.0231481 0.0083531
7 0.508333 0.105093 0.0385417 0.0638889 0.0102083
1 0.00546875 0.389815 0.0109375 0.12037 0.010919
9 0.206771 0.0689815 0.0208333 0.0416667 0.0114525
2 0.785937 0.0884259 0.015625 0.0212963 0.012839
2 0.26901 0.111574 0.0109375 0.0361111 0.0130465
2 0.363542 0.0689815 0.0114583 0.0231481 0.0153593
0 0.3625 0.0694444 0.009375 0.0222222 0.0175934
2 0.634896 0.147222 0.0114583 0.0537037 0.0179997
9 0.269792 0.0342593 0.0208333 0.0592593 0.0243871
0 0.442969 0.087963 0.0151042 0.0296296 0.0259207
9 0.567969 0.0481481 0.0078125 0.0240741 0.0288112
0 0.757552 0.0958333 0.0151042 0.087963 0.0306887
9 0.502604 0.759722 0.0125 0.0564815 0.0381408
0 0.442448 0.102315 0.0171875 0.0472222 0.0394438
11 0.60625 0.0597222 0.009375 0.0231481 0.0638102
7 0.297656 0.10787 0.0369792 0.0842593 0.0639457
2 0.291927 0.1125 0.0255208 0.0731481 0.0736286
2 0.322656 0.087037 0.0380208 0.0351852 0.268365
7 0.469792 0.106944 0.0479167 0.075 0.424779
2 0.469792 0.107407 0.0479167 0.0740741 0.456536
2 0.627865 0.121759 0.0255208 0.0509259 0.464619
2 0.508594 0.104167 0.0380208 0.062037 0.500502
2 0.397135 0.109259 0.0317708 0.0444444 0.746739
2 0.31901 0.121759 0.0505208 0.0694444 0.756001
10 0.204167 0.316667 0.0166667 0.0722222 0.757466
11 0.729427 0.0425926 0.0265625 0.0555556 0.777957
2 0.372135 0.253704 0.0953125 0.148148 0.871289
2 0.729688 0.419444 0.122917 0.17037 0.908071
