7 0.293229 0.107407 0.084375 0.1 0.00101378
12 0.701823 0.227315 0.0213542 0.212037 0.00102726
2 0.363542 0.0666667 0.0114583 0.0203704 0.00103973
0 0.817187 0.234722 0.00833333 0.0361111 0.00104549
0 0.730208 0.372222 0.0302083 0.0296296 0.00104671
2 0.270312 0.0722222 0.01875 0.05 0.00106832
7 0.46849 0.160648 0.0369792 0.087963 0.00110238
2 0.770312 0.112037 0.0166667 0.0333333 0.00124122
9 0.579687 0.0314815 0.0145833 0.0574074 0.00125153
2 0.45625 0.139352 0.021875 0.0490741 0.00134273
0 0.186979 0.108333 0.00729167 0.05 0.0014413
0 0.75625 0.373148 0.0229167 0.0351852 0.00149179
9 0.275521 0.0412037 0.0385417 0.0805556 0.00153581
0 0.264062 0.101852 0.00833333 0.0518519 0.00157001
2 0.531771 0.112037 0.0135417 0.0444444 0.00159684
2 0.566146 0.114352 0.232292 0.0805556 0.00162452
7 0.236198 0.0675926 0.0182292 0.0481481 0.00181336
7 0.275 0.075463 0.0395833 0.149074 0.00193196
9 0.263281 0.0916667 0.0078125 0.0462963 0.00201592
9 0.547917 0.0537037 0.0104167 0.0240741 0.00203043
2 0.285677 0.0782407 0.0182292 0.0305556 0.00215772
7 0.144531 0.0902778 0.0671875 0.0787037 0.00220155
13 0.966406 0.546296 0.0484375 0.0611111 0.00224412
9 0.291406 0.049537 0.0078125 0.0416667 0.00224506
9 0.186719 0.0833333 0.00677083 0.0240741 0.00233704
12 0.692969 0.162037 0.00677083 0.0407407 0.00239365
32 0.460156 0.356019 0.0109375 0.0157407 0.00240373
9 0.99401 0.502778 0.0109375 0.15 0.0025337
2 0.255469 0.0865741 0.0213542 0.0361111 0.00260228
2 0.786979 0.0819444 0.015625 0.025 0.00262322
9 0.573438 0.0305556 0.0145833 0.0592593 0.00285712
58 0.968229 0.494444 0.0302083 0.087037 0.002888
2 0.593229 0.122685 0.0166667 0.0287037 0.00293725
12 0.701563 0.165278 0.01875 0.037963 0.00309607
7 0.970573 0.529167 0.0578125 0.208333 0.00324932
2 0.442187 0.0861111 0.0135417 0.0240741 0.00352493
9 0.988802 0.518056 0.0213542 0.176852 0.00381449
7 0.786458 0.0638889 0.0197917 0.0574074 0.00381583
9 0.218229 0.105093 0.00833333 0.0398148 0.00387297
0 0.715625 0.372685 0.0260417 0.025 0.00388893
13 0.99349 0.518519 0.0119792 0.175926 0.00406696
7 0.485156 0.133796 0.0609375 0.0453704 0.00415365
2 0.291146 0.0708333 0.0125 0.0138889 0.00423025
9 0.269792 0.0490741 0.01875 0.037037 0.00428603
12 0.702083 0.140278 0.0208333 0.0861111 0.00493549
11 0.23724 0.0685185 0.0161458 0.0425926 0.00553929
9 0.214323 0.0648148 0.0390625 0.0555556 0.00592397
32 0.454427 0.314815 0.0078125 0.0148148 0.00611881
9 0.269271 0.0203704 0.021875 0.037037 0.00694269
2 0.26901 0.109259 0.0119792 0.037037 0.00716209
2 0.00390625 0.409259 0.0078125 0.0833333 0.00743949
9 0.5 0.602315 0.0145833 0.0398148 0.00758402
13 0.970573 0.529167 0.0578125 0.197222 0.00779143
13 0.0140625 0.394444 0.028125 0.111111 0.00787598
13 0.00390625 0.40787 0.0078125 0.0842593 0.00851083
13 0.985677 0.521296 0.0276042 0.185185 0.00862615
5 0.213021 0.0625 0.034375 0.0546296 0.00868511
2 0.446875 0.130093 0.0270833 0.0435185 0.00904099
2 0.502083 0.121296 0.0427083 0.0351852 0.00978571
2 0.784635 0.0888889 0.0130208 0.0203704 0.0104244
0 0.286719 0.112963 0.0161458 0.0740741 0.0106298
2 0.445052 0.11713 0.0234375 0.0194444 0.0112693
2 0.60625 0.0597222 0.009375 0.0268519 0.0118853
7 0.213021 0.062037 0.0354167 0.0574074 0.0121028
2 0.485156 0.103241 0.0536458 0.062037 0.0125967
1 0.0127604 0.364352 0.0255208 0.0601852 0.0136704
9 0.441927 0.0861111 0.0130208 0.0240741 0.0173065
7 0.291927 0.106944 0.0265625 0.0824074 0.0201927
9 0.220052 0.0884259 0.00885417 0.0101852 0.0225121
9 0.566927 0.0476852 0.0078125 0.0231481 0.0230786
1 0.0101562 0.394907 0.0203125 0.113889 0.023087
9 0.502083 0.758796 0.0125 0.0546296 0.0305837
2 0.289844 0.116667 0.0213542 0.0648148 0.0309907
0 0.634115 0.142593 0.0109375 0.0481481 0.0361953
0 0.75651 0.0875 0.0130208 0.0768519 0.0381311
2 0.479948 0.099537 0.0223958 0.025 0.123003
2 0.470833 0.108796 0.028125 0.0361111 0.175656
2 0.321615 0.0847222 0.0369792 0.0342593 0.236989
2 0.627083 0.119907 0.0260417 0.0490741 0.336016
2 0.507552 0.103704 0.0390625 0.0648148 0.575942
2 0.317969 0.121759 0.0505208 0.0694444 0.718029
10 0.204167 0.314352 0.0166667 0.0694444 0.741068
11 0.728646 0.0416667 0.0270833 0.0518519 0.754974
7 0.485938 0.170833 0.0708333 0.121296 0.839392
2 0.729427 0.419444 0.123438 0.17037 0.901957
