32 0.454167 0.312963 0.00729167 0.0148148 0.00105202
2 0.77474 0.119907 0.0203125 0.0398148 0.00105385
0 0.66901 0.93287 0.0151042 0.0490741 0.00110816
0 0.551302 0.933796 0.0161458 0.0435185 0.00115427
2 0.536979 0.109722 0.0104167 0.0472222 0.00119676
13 0.970312 0.567593 0.05625 0.0759259 0.00121749
12 0.995313 0.518056 0.00833333 0.075 0.00125271
0 0.73125 0.372685 0.025 0.0287037 0.00134383
12 0.692708 0.1625 0.00729167 0.0398148 0.00135517
0 0.545052 0.940278 0.0161458 0.0435185 0.00138749
2 0.283333 0.0810185 0.0260417 0.037963 0.0013906
0 0.446094 0.0671296 0.0151042 0.0268519 0.00145049
13 0.971875 0.518056 0.0552083 0.175 0.00147172
2 0.263021 0.0990741 0.0104167 0.0592593 0.00147962
9 0.547917 0.0527778 0.0104167 0.0222222 0.00149723
7 0.972396 0.518519 0.0541667 0.183333 0.00156837
2 0.296094 0.127778 0.0171875 0.062963 0.00157627
2 0.278385 0.1125 0.0296875 0.0601852 0.00158269
5 0.236458 0.0712963 0.0177083 0.05 0.00159231
13 0.952604 0.419444 0.0947917 0.144444 0.00162552
2 0.513021 0.960648 0.0614583 0.075 0.00167534
2 0.78125 0.105093 0.0322917 0.0527778 0.00210899
1 0.00911458 0.400463 0.0182292 0.102778 0.00224887
2 0.592708 0.124537 0.0177083 0.0268519 0.00226057
2 0.0690104 0.0671296 0.0244792 0.025 0.00228106
12 0.981771 0.496296 0.0333333 0.125926 0.00234425
2 0.705729 0.956481 0.0708333 0.0833333 0.00263095
2 0.291406 0.102778 0.0692708 0.0962963 0.00265771
9 0.275 0.0537037 0.0375 0.103704 0.00277202
9 0.214844 0.0652778 0.0390625 0.0564815 0.00288822
9 0.263802 0.0893519 0.00885417 0.0398148 0.00299863
2 0.00390625 0.408796 0.0078125 0.0824074 0.00312696
2 0.397396 0.110185 0.222917 0.0740741 0.00325324
9 0.570833 0.0310185 0.0145833 0.0583333 0.00328503
7 0.236979 0.0699074 0.0166667 0.0453704 0.00333197
1 0.00677083 0.37037 0.0135417 0.0574074 0.00345345
9 0.99401 0.489815 0.0109375 0.114815 0.00345389
9 0.438021 0.20463 0.009375 0.0407407 0.00353252
2 0.367188 0.0842593 0.015625 0.0388889 0.00357937
0 0.717448 0.371296 0.0234375 0.0277778 0.00365884
0 0.265885 0.0976852 0.0109375 0.0546296 0.00402271
12 0.702083 0.139352 0.021875 0.087963 0.00423713
7 0.789323 0.0643518 0.0265625 0.062037 0.00445539
0 0.660156 0.975463 0.0109375 0.0305556 0.00447782
9 0.292188 0.0513889 0.00833333 0.037963 0.00482333
5 0.213542 0.0601852 0.0333333 0.0611111 0.00528736
2 0.60625 0.0597222 0.0104167 0.0268519 0.00552536
1 0.00416667 0.4 0.00833333 0.0962963 0.00567746
12 0.994271 0.488889 0.0104167 0.114815 0.0060948
9 0.208333 0.0662037 0.0208333 0.0453704 0.0063179
7 0.214062 0.0615741 0.0385417 0.0638889 0.00880261
2 0.789062 0.087963 0.0177083 0.0222222 0.00904256
2 0.270312 0.109722 0.0125 0.037963 0.00971945
9 0.5 0.602315 0.0145833 0.0416667 0.0103111
2 0.3 0.0828704 0.0239583 0.0361111 0.0112609
9 0.219792 0.0888889 0.00833333 0.0166667 0.0168411
2 0.363542 0.0694444 0.0125 0.0296296 0.0202933
2 0.289844 0.121759 0.0171875 0.0583333 0.021727
9 0.502344 0.758333 0.0140625 0.0574074 0.0257575
9 0.269271 0.0342593 0.021875 0.0666667 0.0438973
9 0.567448 0.0476852 0.00885417 0.0231481 0.0450074
0 0.634635 0.144444 0.0109375 0.05 0.059593
2 0.296354 0.0986111 0.0270833 0.0638889 0.0806432
2 0.505469 0.102778 0.0432292 0.0648148 0.111001
2 0.627344 0.120833 0.0255208 0.0509259 0.305705
2 0.322396 0.0861111 0.0375 0.037037 0.354047
7 0.392969 0.1 0.0421875 0.0648148 0.358225
2 0.392969 0.1 0.0421875 0.0648148 0.453689
2 0.476302 0.10787 0.0276042 0.0472222 0.489154
7 0.505729 0.102778 0.04375 0.0648148 0.491626
2 0.317969 0.121296 0.0515625 0.0703704 0.764673
2 0.44401 0.106019 0.0401042 0.0509259 0.770822
11 0.729167 0.0421296 0.0270833 0.0527778 0.780433
2 0.61224 0.946296 0.258854 0.103704 0.817927
10 0.203906 0.314815 0.0161458 0.0685185 0.833086
2 0.729688 0.419907 0.122917 0.171296 0.908292
