10 0.201302 0.29213 0.0223958 0.117593 0.00101839
12 0.988021 0.516204 0.0229167 0.173148 0.00108164
2 0.403906 0.129167 0.0151042 0.0416667 0.00108237
11 0.239844 0.0342593 0.0203125 0.0648148 0.00108611
2 0.416146 0.118981 0.0166667 0.025 0.00122779
12 0.702083 0.137963 0.021875 0.0851852 0.00127544
2 0.278125 0.114352 0.0302083 0.0675926 0.00128283
0 0.36224 0.0708333 0.00989583 0.0268519 0.00128761
11 0.236458 0.0666667 0.0177083 0.0407407 0.00128825
2 0.592448 0.124537 0.0182292 0.0268519 0.00128952
9 0.49974 0.601389 0.0151042 0.0416667 0.0013438
9 0.276042 0.0435185 0.0375 0.0851852 0.00137164
58 0.96875 0.491667 0.0302083 0.0962963 0.00138034
7 0.970312 0.526389 0.0583333 0.20463 0.00140501
0 0.728646 0.371759 0.0322917 0.0287037 0.00140756
2 0.415625 0.113889 0.3 0.0888889 0.00143338
2 0.0125 0.400926 0.025 0.12037 0.00144482
9 0.363542 0.0666667 0.0125 0.0203704 0.00156091
7 0.294531 0.105556 0.0848958 0.0981481 0.00161128
5 0.222656 0.0763889 0.0484375 0.0694444 0.00164612
11 0.739062 0.074537 0.0166667 0.0342593 0.00179397
9 0.548177 0.0509259 0.0109375 0.0240741 0.0018754
0 0.75651 0.374537 0.0203125 0.0305556 0.00189485
1 0.0111979 0.366667 0.0223958 0.0462963 0.00198487
9 0.977344 0.500463 0.0442708 0.139815 0.00205554
2 0.38776 0.120833 0.0276042 0.0268519 0.0020768
13 0.96276 0.554167 0.0411458 0.0453704 0.00223462
2 0.238542 0.135648 0.01875 0.0435185 0.00226634
32 0.453906 0.312963 0.00885417 0.0148148 0.0023252
2 0.78724 0.0828704 0.0171875 0.0212963 0.00242603
2 0.409115 0.119444 0.0130208 0.0259259 0.00253622
9 0.292188 0.0546296 0.009375 0.037037 0.00268326
9 0.269271 0.0481481 0.0208333 0.0425926 0.00276291
0 0.26875 0.10463 0.0104167 0.0481481 0.00307708
2 0.291667 0.0726852 0.015625 0.0175926 0.00352829
2 0.442187 0.087037 0.0135417 0.0277778 0.00357777
9 0.458333 0.0657407 0.009375 0.0277778 0.0036127
2 0.458854 0.106944 0.0479167 0.0472222 0.00380453
1 0.00416667 0.409259 0.00833333 0.0851852 0.00390694
9 0.21849 0.0638889 0.0223958 0.0481481 0.00394911
2 0.350521 0.118981 0.0166667 0.037963 0.00395444
9 0.502344 0.758796 0.0130208 0.0546296 0.00415199
13 0.992448 0.516204 0.0140625 0.173148 0.00423851
5 0.213021 0.062037 0.0333333 0.0537037 0.00437817
0 0.00442708 0.407407 0.00885417 0.0907407 0.00443432
13 0.970312 0.568056 0.0572917 0.0787037 0.00452476
9 0.571615 0.0314815 0.0151042 0.0592593 0.00457022
0 0.263542 0.103241 0.00833333 0.0490741 0.00492443
9 0.208073 0.0652778 0.0213542 0.0435185 0.00523504
7 0.27526 0.0736111 0.0401042 0.143519 0.00528153
13 0.971875 0.51713 0.0552083 0.176852 0.00537527
0 0.75625 0.0921296 0.015625 0.0805556 0.00557255
0 0.715885 0.37037 0.0244792 0.0277778 0.00557515
2 0.00494792 0.559259 0.00989583 0.0425926 0.00579415
7 0.219792 0.0638889 0.0510417 0.0592593 0.00607451
2 0.401563 0.114815 0.01875 0.0351852 0.00613442
9 0.269531 0.0185185 0.0203125 0.0333333 0.0062312
2 0.00416667 0.411111 0.00833333 0.087037 0.00671917
2 0.605729 0.0597222 0.0104167 0.025 0.00916233
9 0.992708 0.504167 0.0135417 0.149074 0.00963159
2 0.785156 0.0907407 0.0151042 0.0185185 0.00987992
1 0.0111979 0.394444 0.0223958 0.112963 0.0110912
2 0.458333 0.114815 0.0114583 0.0296296 0.0177036
2 0.463021 0.113889 0.0114583 0.0351852 0.0227534
9 0.21849 0.101852 0.00885417 0.037037 0.0236843
2 0.493229 0.105556 0.01875 0.0537037 0.0252258
9 0.567187 0.0476852 0.00833333 0.025 0.0388183
2 0.292708 0.118056 0.025 0.0694444 0.0415771
7 0.295052 0.10787 0.0296875 0.0861111 0.0439306
0 0.634896 0.149537 0.009375 0.0509259 0.0451125
9 0.442969 0.0856481 0.0119792 0.0231481 0.0497875
2 0.445833 0.118056 0.0239583 0.0231481 0.0618694
9 0.219271 0.0925926 0.009375 0.0185185 0.0653257
2 0.467969 0.110648 0.0151042 0.0398148 0.0818281
2 0.479688 0.109722 0.0208333 0.0435185 0.166046
2 0.322135 0.0861111 0.0380208 0.037037 0.24262
2 0.627344 0.120833 0.0255208 0.0490741 0.24328
2 0.50625 0.103704 0.0416667 0.062963 0.358539
7 0.50651 0.103704 0.0421875 0.062963 0.448832
2 0.317187 0.120833 0.0520833 0.0694444 0.731429
11 0.729167 0.0412037 0.0270833 0.0509259 0.742966
10 0.204167 0.313889 0.015625 0.0722222 0.796154
2 0.381771 0.14537 0.059375 0.0962963 0.833684
2 0.514844 0.198148 0.0786458 0.118519 0.852931
2 0.729948 0.418056 0.122396 0.173148 0.912764
