7 0.2375 0.0837963 0.0177083 0.075 0.00102109
12 0.692448 0.164352 0.0078125 0.037963 0.00102663
2 0.783854 0.103704 0.0385417 0.0537037 0.00104182
7 0.450521 0.0912037 0.040625 0.0712963 0.0011467
9 0.292448 0.0550926 0.00885417 0.0416667 0.0011604
9 0.263542 0.0884259 0.00833333 0.037963 0.00118494
2 0.775 0.115278 0.0197917 0.0305556 0.00119015
0 0.00494792 0.364815 0.00989583 0.0796296 0.00120092
2 0.363542 0.0671296 0.0114583 0.0212963 0.00121477
2 0.0325521 0.0657407 0.0203125 0.0203704 0.00124355
2 0.638281 0.145833 0.0151042 0.0509259 0.00131476
2 0.26276 0.10463 0.00989583 0.05 0.00133358
0 0.995833 0.325926 0.00729167 0.0574074 0.0013625
9 0.416146 0.00972222 0.015625 0.0194444 0.00138204
12 0.995313 0.527778 0.00833333 0.0481481 0.00146029
0 0.0533854 0.113889 0.0119792 0.0518519 0.00148967
12 0.9875 0.516204 0.0239583 0.171296 0.00153014
58 0.968229 0.494907 0.0302083 0.087963 0.0015346
2 0.286458 0.0773148 0.021875 0.0342593 0.00157219
2 0.228385 0.129167 0.0390625 0.0675926 0.0016787
0 0.36224 0.0675926 0.00885417 0.0259259 0.00169489
13 0.986979 0.518519 0.025 0.174074 0.0017141
2 0.446094 0.112963 0.339063 0.0944444 0.00180443
0 0.716927 0.372222 0.0234375 0.0259259 0.00193547
0 0.75599 0.0865741 0.0130208 0.0657407 0.00195487
2 0.59375 0.124537 0.015625 0.025 0.00206745
11 0.221094 0.0648148 0.0505208 0.0574074 0.00208921
2 0.0260417 0.391204 0.0510417 0.125 0.00231972
9 0.56849 0.0324074 0.0109375 0.0574074 0.00235073
2 0.65 0.149537 0.0385417 0.0583333 0.00256159
7 0.223177 0.0824074 0.0453125 0.0777778 0.0029495
9 0.502604 0.760185 0.0114583 0.0555556 0.00364428
2 0.267448 0.0990741 0.0109375 0.0537037 0.00400141
2 0.0263021 0.365741 0.0515625 0.0555556 0.00401759
9 0.274219 0.0393519 0.0328125 0.0768519 0.00425976
2 0.286198 0.107407 0.0161458 0.0722222 0.00444086
2 0.238802 0.105556 0.0161458 0.0407407 0.00522982
1 0.0252604 0.393519 0.0505208 0.111111 0.00536596
2 0.43776 0.0800926 0.0213542 0.0342593 0.00647422
9 0.21849 0.087037 0.00885417 0.0185185 0.00657773
2 0.0263021 0.350463 0.0505208 0.0231481 0.00664347
12 0.99349 0.493519 0.0119792 0.125926 0.0069408
2 0.292188 0.0712963 0.0104167 0.0166667 0.00768562
9 0.114844 0.0236111 0.0182292 0.0416667 0.00784446
0 0.285937 0.113426 0.015625 0.0712963 0.00894231
9 0.269792 0.0472222 0.0208333 0.0462963 0.00903756
2 0.0135417 0.372222 0.0270833 0.0592593 0.0107571
2 0.442187 0.0722222 0.0229167 0.0259259 0.0108112
2 0.271615 0.108796 0.0140625 0.0398148 0.0116083
2 0.790625 0.0888889 0.021875 0.0240741 0.0122163
2 0.00442708 0.377315 0.00885417 0.0527778 0.0122325
11 0.60625 0.0592593 0.009375 0.0259259 0.0135032
2 0.307552 0.0800926 0.0192708 0.0324074 0.0147779
1 0.009375 0.395833 0.01875 0.110185 0.0152916
11 0.2375 0.0680556 0.0166667 0.0416667 0.0170578
1 0.00442708 0.398148 0.00885417 0.103704 0.0171409
2 0.634635 0.138426 0.0119792 0.0472222 0.0192685
2 0.238281 0.141204 0.0182292 0.0416667 0.020773
2 0.33776 0.0884259 0.0161458 0.0342593 0.0208283
0 0.453385 0.0592593 0.0130208 0.0277778 0.0211658
9 0.269792 0.0208333 0.0197917 0.0361111 0.0234677
7 0.213281 0.0625 0.0348958 0.0638889 0.0253761
9 0.567448 0.0481481 0.0078125 0.0240741 0.0291553
2 0.298177 0.103704 0.0338542 0.0740741 0.0430828
2 0.50625 0.104167 0.0416667 0.062037 0.266805
2 0.322396 0.0861111 0.0375 0.037037 0.289129
2 0.627604 0.123148 0.025 0.0537037 0.388154
7 0.50651 0.10463 0.0421875 0.062963 0.510579
2 0.479948 0.108333 0.0244792 0.0481481 0.523716
2 0.31875 0.121296 0.0510417 0.0703704 0.69559
10 0.203906 0.315278 0.0171875 0.0712963 0.743512
2 0.448177 0.100926 0.0432292 0.062963 0.773273
11 0.728906 0.0430556 0.0265625 0.0564815 0.800896
2 0.729948 0.418981 0.122396 0.173148 0.895752
