9 0.582812 0.0412037 0.0135417 0.0416667 0.00104083
2 0.0138021 0.398148 0.0276042 0.109259 0.0010669
12 0.695312 0.156481 0.009375 0.0537037 0.00107105
2 0.443229 0.124074 0.01875 0.0592593 0.00107379
9 0.414844 0.0087963 0.0151042 0.0175926 0.00110483
13 0.971354 0.498611 0.0270833 0.115741 0.00111371
7 0.236719 0.0694444 0.0171875 0.0462963 0.0011524
0 0.756771 0.373611 0.0229167 0.0361111 0.00117188
12 0.702083 0.223611 0.0197917 0.217593 0.00120931
13 0.952604 0.452315 0.09375 0.200926 0.0012456
0 0.361979 0.0689815 0.00833333 0.025 0.0012683
12 0.976562 0.497222 0.0447917 0.131481 0.00127869
7 0.280729 0.1 0.1125 0.0981481 0.00128962
32 0.453906 0.314352 0.00885417 0.0138889 0.00129154
3 0.00625 0.35463 0.0125 0.222222 0.00137522
7 0.78776 0.0625 0.0234375 0.0583333 0.0014175
9 0.547656 0.0527778 0.00989583 0.0240741 0.001454
2 0.25651 0.0865741 0.0203125 0.037963 0.00145714
2 0.592969 0.124537 0.0171875 0.0268519 0.00145842
10 0.00416667 0.471296 0.00833333 0.187037 0.00149023
0 0.263802 0.0990741 0.00989583 0.0592593 0.00158584
9 0.276042 0.0402778 0.0385417 0.0768519 0.00161259
58 0.966927 0.510648 0.0494792 0.132407 0.00165617
2 0.278385 0.110185 0.0296875 0.0648148 0.00169855
2 0.48724 0.11713 0.373437 0.0898148 0.00174036
2 0.652865 0.15 0.0484375 0.0592593 0.00177976
2 0.778125 0.10463 0.028125 0.0462963 0.00190113
2 0.0369792 0.256944 0.0739583 0.0712963 0.00199664
0 0.0539063 0.259722 0.0223958 0.0361111 0.0022347
0 0.710417 0.374537 0.021875 0.025 0.00228692
7 0.277344 0.0472222 0.0359375 0.0518519 0.00232973
2 0.269271 0.0527778 0.01875 0.0388889 0.00240289
0 0.133854 0.271759 0.0114583 0.0194444 0.00247983
9 0.572917 0.0310185 0.0145833 0.0583333 0.00248847
12 0.701823 0.164815 0.0192708 0.0388889 0.00265481
13 0.96224 0.554167 0.0390625 0.0416667 0.00280238
9 0.107813 0.0263889 0.0125 0.0361111 0.00289034
7 0.276042 0.0689815 0.0395833 0.132407 0.00322005
0 0.458594 0.0657407 0.00989583 0.0240741 0.00325415
2 0.457031 0.0842593 0.0192708 0.0222222 0.00350245
9 0.292188 0.0537037 0.009375 0.0425926 0.00369547
9 0.213281 0.0634259 0.0348958 0.0509259 0.00397303
9 0.992448 0.498148 0.0140625 0.137037 0.00438838
2 0.28724 0.0768519 0.0192708 0.0314815 0.00439898
9 0.270052 0.049537 0.0192708 0.0361111 0.00476395
2 0.267188 0.0981481 0.0114583 0.0574074 0.00480751
12 0.702083 0.141204 0.0208333 0.0861111 0.00492155
0 0.285677 0.103704 0.0140625 0.0666667 0.00541672
12 0.994531 0.493056 0.00989583 0.134259 0.00573167
58 0.96849 0.495833 0.0286458 0.0861111 0.0060273
9 0.502344 0.758796 0.0140625 0.0546296 0.00608319
9 0.21849 0.102315 0.00885417 0.0398148 0.00642293
2 0.60625 0.0601852 0.0104167 0.0259259 0.00666153
2 0.00442708 0.387037 0.00885417 0.133333 0.00701747
9 0.5 0.601852 0.0145833 0.0425926 0.00723058
13 0.985937 0.51713 0.0270833 0.176852 0.00907639
9 0.269271 0.0189815 0.021875 0.0342593 0.00950554
2 0.0200521 0.316204 0.0401042 0.162037 0.0102949
2 0.270573 0.109259 0.0140625 0.0388889 0.0128535
5 0.220052 0.0648148 0.0494792 0.0555556 0.0131335
13 0.970312 0.518056 0.0572917 0.169444 0.0148881
2 0.292448 0.0708333 0.0109375 0.0157407 0.0162755
7 0.220052 0.0671296 0.0515625 0.0657407 0.0167219
7 0.291927 0.107407 0.0244792 0.0833333 0.0206046
2 0.0179687 0.263426 0.0359375 0.0657407 0.0211116
2 0.785156 0.0888889 0.0151042 0.0222222 0.0217973
0 0.75599 0.0907407 0.0140625 0.0833333 0.0233351
9 0.567187 0.0476852 0.00833333 0.025 0.0254568
9 0.219792 0.0893519 0.00833333 0.0157407 0.030806
2 0.00364583 0.423611 0.00729167 0.0527778 0.0376634
2 0.290885 0.112963 0.0234375 0.0722222 0.0573212
2 0.634375 0.146759 0.0114583 0.0564815 0.0740097
2 0.442448 0.0921296 0.0161458 0.0361111 0.107255
2 0.440885 0.108796 0.0161458 0.025 0.144409
2 0.470052 0.125926 0.0598958 0.0962963 0.315736
2 0.322396 0.0847222 0.0385417 0.0342593 0.386356
2 0.627083 0.121296 0.0260417 0.0518519 0.560065
7 0.470313 0.126389 0.059375 0.0972222 0.636787
2 0.508854 0.103241 0.0375 0.062037 0.678464
10 0.204167 0.315278 0.015625 0.0694444 0.719627
2 0.318229 0.121296 0.0510417 0.0703704 0.744386
11 0.728906 0.0421296 0.0276042 0.0527778 0.75924
2 0.0914062 0.315741 0.182812 0.203704 0.829394
2 0.729427 0.418981 0.122396 0.171296 0.906384
