9 0.557813 0.0282407 0.0197917 0.0509259 0.00105055
9 0.2625 0.0416667 0.0166667 0.0537037 0.00106662
2 0.578906 0.422685 0.553646 0.182407 0.00108139
0 0.75625 0.12963 0.0135417 0.0425926 0.00108199
1 0.0127604 0.368056 0.0255208 0.0472222 0.00108299
2 0.269792 0.0634259 0.0197917 0.0601852 0.00110762
9 0.582812 0.0351852 0.0177083 0.0574074 0.00120629
2 0.223438 0.0847222 0.0427083 0.0768519 0.00121905
7 0.146094 0.0907407 0.0671875 0.0777778 0.00123929
9 0.415365 0.00925926 0.0151042 0.0185185 0.00127259
9 0.548177 0.0532407 0.0109375 0.025 0.00131326
2 0.814323 0.0763889 0.0171875 0.0194444 0.00132392
2 0.25651 0.101852 0.0234375 0.062963 0.00134002
9 0.293229 0.0560185 0.00833333 0.0342593 0.00139874
2 0.363802 0.0675926 0.0109375 0.0222222 0.00141496
2 0.00572917 0.0912037 0.0114583 0.0490741 0.00148217
10 0.196615 0.296296 0.0307292 0.112963 0.00150462
2 0.288281 0.0814815 0.0192708 0.0388889 0.00152076
0 0.994792 0.377315 0.009375 0.152778 0.00158999
2 0.336979 0.0796296 0.01875 0.0314815 0.00161445
9 0.275521 0.037963 0.0364583 0.0722222 0.0016186
9 0.105729 0.0300926 0.0145833 0.0342593 0.00162032
7 0.788021 0.0648148 0.025 0.0648148 0.00175981
7 0.291406 0.103241 0.0786458 0.0916667 0.00178022
7 0.277604 0.0736111 0.0354167 0.137963 0.00191293
9 0.483333 0.0458333 0.00833333 0.0231481 0.0019375
2 0.238021 0.140741 0.01875 0.0425926 0.00202493
2 0.0143229 0.397222 0.0286458 0.112963 0.00203498
2 0.244531 0.106019 0.0109375 0.0324074 0.00204896
2 0.411979 0.113426 0.2875 0.0824074 0.00215792
2 0.442708 0.0865741 0.0135417 0.0268519 0.0023202
2 0.553385 0.112037 0.267188 0.0722222 0.0023339
11 0.605729 0.0606481 0.0104167 0.0231481 0.00233622
12 0.702083 0.128704 0.0229167 0.0648148 0.00234364
0 0.263542 0.106019 0.00833333 0.0453704 0.00257919
0 0.727604 0.372685 0.03125 0.0287037 0.00263004
2 0.444792 0.1125 0.136458 0.0675926 0.00271908
0 0.75651 0.374074 0.0203125 0.0314815 0.0027346
7 0.992188 0.518056 0.0145833 0.175 0.00275196
9 0.816927 0.236111 0.00885417 0.0407407 0.00282976
2 0.291927 0.0703704 0.0130208 0.0148148 0.00292468
1 0.0140625 0.395833 0.028125 0.112037 0.00334575
11 0.220313 0.0662037 0.0520833 0.062037 0.0035615
9 0.26901 0.0467593 0.0203125 0.0398148 0.00361195
9 0.757031 0.0740741 0.0109375 0.0425926 0.00383592
7 0.971615 0.524074 0.0557292 0.196296 0.00393246
2 0.00390625 0.409259 0.0078125 0.0851852 0.00402996
2 0.448177 0.115741 0.0286458 0.0240741 0.00408187
9 0.99375 0.494907 0.0114583 0.126852 0.00417916
12 0.690885 0.165278 0.0109375 0.037963 0.0041855
9 0.573698 0.0314815 0.0151042 0.0592593 0.00461326
1 0.00416667 0.39537 0.00833333 0.112963 0.00506858
12 0.702083 0.165278 0.0197917 0.037963 0.00512199
12 0.994271 0.496296 0.0104167 0.12963 0.00568588
2 0.592448 0.125463 0.0171875 0.025 0.00584659
1 0.810677 0.331481 0.0182292 0.0888889 0.0059088
0 0.755208 0.0907407 0.015625 0.0759259 0.00684613
11 0.236979 0.0694444 0.0177083 0.0462963 0.00694513
9 0.502083 0.760185 0.0125 0.0537037 0.00697749
9 0.209375 0.0680556 0.0270833 0.0490741 0.00722076
9 0.36224 0.0680556 0.00885417 0.025 0.0072388
0 0.714844 0.374074 0.0244792 0.0240741 0.00953601
9 0.26875 0.0222222 0.0208333 0.0388889 0.0131295
0 0.995573 0.329167 0.0078125 0.0546296 0.0151357
9 0.442187 0.0865741 0.0135417 0.0268519 0.0158526
2 0.785156 0.0902778 0.0140625 0.0231481 0.0165472
0 0.635417 0.148148 0.009375 0.05 0.0188593
2 0.271354 0.109259 0.0145833 0.0407407 0.0218742
5 0.220313 0.0699074 0.0510417 0.0657407 0.028911
2 0.634896 0.143981 0.0104167 0.0509259 0.0342696
7 0.220052 0.0689815 0.0515625 0.0675926 0.0386048
9 0.566927 0.0481481 0.0078125 0.0240741 0.0408803
2 0.488542 0.107407 0.0135417 0.05 0.0415141
2 0.461458 0.112963 0.0125 0.037037 0.0864159
2 0.297917 0.107407 0.0375 0.0796296 0.108705
2 0.480208 0.109259 0.0208333 0.0444444 0.236151
2 0.467708 0.109722 0.0229167 0.0435185 0.252195
2 0.321875 0.0865741 0.0375 0.0361111 0.334939
7 0.50599 0.103704 0.0432292 0.062963 0.347266
2 0.626823 0.122222 0.0255208 0.05 0.426346
2 0.50599 0.103704 0.0432292 0.062963 0.492403
2 0.31849 0.12037 0.0505208 0.0722222 0.720918
11 0.728906 0.0430556 0.0276042 0.0564815 0.771501
10 0.203906 0.315741 0.0161458 0.0722222 0.783698
2 0.729427 0.418519 0.122396 0.172222 0.906814
