2 0.971094 0.5125 0.0557292 0.150926 0.0010078
2 0.816927 0.231944 0.00989583 0.0435185 0.00101236
2 0.363542 0.0685185 0.0114583 0.0222222 0.00101956
1 0.0257812 0.368056 0.0515625 0.0638889 0.00102312
2 0.0197917 0.143519 0.0395833 0.0518519 0.00103305
0 0.730208 0.372685 0.03125 0.0305556 0.00111803
0 0.25651 0.865741 0.104687 0.0777778 0.00114736
0 0.546354 0.202315 0.0291667 0.0342593 0.00118661
2 0.678125 0.417593 0.442708 0.188889 0.00123044
2 0.785417 0.1125 0.0416667 0.0657407 0.00138208
9 0.263021 0.0865741 0.00833333 0.0361111 0.00148345
2 0.655729 0.140278 0.0802083 0.0842593 0.00152893
9 0.577865 0.0333333 0.0151042 0.0611111 0.00157599
2 0.74349 0.176389 0.0203125 0.0268519 0.00158643
2 0.792188 0.0893519 0.0354167 0.0305556 0.00158822
9 0.258333 0.0717593 0.0125 0.0435185 0.00159823
0 0.75651 0.374537 0.0203125 0.0305556 0.0016003
2 0.2375 0.120833 0.0197917 0.062037 0.00160586
7 0.219531 0.0972222 0.0536458 0.114815 0.00162471
9 0.583333 0.0398148 0.0135417 0.0462963 0.0016492
9 0.458333 0.0648148 0.00729167 0.0314815 0.00168584
0 0.995833 0.325463 0.00729167 0.0564815 0.00183101
9 0.567448 0.0606481 0.00989583 0.0490741 0.00183763
0 0.263281 0.104167 0.00885417 0.0509259 0.00212253
2 0.771615 0.115741 0.0140625 0.0314815 0.00219225
9 0.489323 0.980556 0.0161458 0.0388889 0.0022323
11 0.220313 0.0675926 0.053125 0.0555556 0.00228631
2 0.402604 0.109259 0.266667 0.0759259 0.00258279
12 0.692969 0.165278 0.0078125 0.0398148 0.00263015
11 0.236458 0.0694444 0.01875 0.0481481 0.00264043
2 0.96276 0.555556 0.0411458 0.0444444 0.00264286
0 0.228646 0.869907 0.05 0.0712963 0.00267765
2 0.568229 0.108796 0.242708 0.0675926 0.00272471
1 0.0143229 0.393981 0.0286458 0.117593 0.00283079
12 0.99401 0.518519 0.0109375 0.17037 0.00310327
0 0.269792 0.873611 0.046875 0.062037 0.00320971
13 0.0143229 0.384722 0.0286458 0.0916667 0.00347103
9 0.508073 0.75787 0.0255208 0.0638889 0.0036899
2 0.813021 0.0759259 0.0166667 0.0166667 0.00401242
7 0.970573 0.525 0.0578125 0.192593 0.00403642
9 0.570833 0.0310185 0.0135417 0.0583333 0.004077
2 0.777865 0.112037 0.0255208 0.0444444 0.00412269
2 0.443229 0.0888889 0.0145833 0.0314815 0.00420793
0 0.75625 0.0907407 0.0125 0.0759259 0.00421894
1 0.0515625 0.15787 0.0666667 0.075 0.00427134
7 0.219792 0.0597222 0.053125 0.075 0.00431307
2 0.648958 0.147685 0.0375 0.0601852 0.00445314
9 0.270052 0.0541667 0.0192708 0.037963 0.00515648
1 0.00390625 0.411574 0.0078125 0.0805556 0.00529746
0 0.286719 0.868056 0.0546875 0.0731481 0.00571206
0 0.443229 0.0953704 0.0177083 0.0462963 0.00614284
0 0.715104 0.373148 0.025 0.0277778 0.00645137
11 0.606771 0.0611111 0.0104167 0.0240741 0.00713279
9 0.361979 0.0685185 0.009375 0.0240741 0.00731526
2 0.473698 0.108333 0.0609375 0.0555556 0.00760289
2 0.238281 0.14213 0.0182292 0.0398148 0.0078352
19 0.443229 0.0888889 0.0145833 0.0314815 0.00795976
9 0.497917 0.756944 0.028125 0.0601852 0.00819425
2 0.338802 0.0884259 0.0140625 0.0324074 0.00948691
9 0.208333 0.0685185 0.025 0.0462963 0.0103769
9 0.293229 0.0699074 0.0104167 0.0194444 0.0120809
9 0.992188 0.500926 0.0145833 0.138889 0.0123013
9 0.500521 0.603241 0.0145833 0.037963 0.012427
2 0.591667 0.128241 0.01875 0.0231481 0.015002
1 0.0135417 0.366667 0.0270833 0.0537037 0.0182796
9 0.269271 0.0347222 0.021875 0.0675926 0.0185447
0 0.30651 0.866667 0.0463542 0.0703704 0.0231238
2 0.635417 0.144444 0.0114583 0.0518519 0.0239561
9 0.295573 0.0546296 0.0078125 0.0407407 0.0241594
2 0.272135 0.109722 0.0151042 0.0398148 0.0267466
2 0.786198 0.0898148 0.0151042 0.0240741 0.0293646
5 0.220052 0.0675926 0.0515625 0.0574074 0.0400597
9 0.567708 0.0481481 0.00833333 0.0240741 0.0720318
9 0.502604 0.760185 0.0114583 0.0518519 0.0795129
7 0.299479 0.105556 0.0427083 0.0796296 0.112715
2 0.301042 0.107407 0.0427083 0.0796296 0.123415
2 0.46276 0.112037 0.0151042 0.0407407 0.144432
2 0.321615 0.0888889 0.0380208 0.037037 0.258712
2 0.477604 0.109259 0.0302083 0.0462963 0.33916
2 0.627865 0.121296 0.0255208 0.05 0.422037
2 0.50625 0.10463 0.0427083 0.0611111 0.602884
2 0.31875 0.121296 0.05 0.0703704 0.68076
11 0.729688 0.0430556 0.0270833 0.0546296 0.780901
10 0.203906 0.316204 0.0161458 0.0712963 0.7952
2 0.533333 0.246759 0.0947917 0.136111 0.848402
2 0.729688 0.42037 0.122917 0.172222 0.913472
2 0.270052 0.887963 0.210938 0.22037 0.926091
