12 0.817708 0.233796 0.00833333 0.0416667 0.00100046
2 0.780729 0.10787 0.03125 0.0564815 0.00101648
2 0.134635 0.12963 0.0203125 0.0222222 0.0010966
2 0.227083 0.131944 0.0427083 0.0601852 0.00113434
7 0.971094 0.524537 0.0567708 0.193519 0.00115126
0 0.263281 0.10463 0.00989583 0.05 0.00122018
2 0.00598958 0.120833 0.0119792 0.10463 0.0012454
9 0.483073 0.0430556 0.0078125 0.025 0.00128868
2 0.661458 0.158333 0.0385417 0.0555556 0.00135715
2 0.449479 0.10787 0.0364583 0.0435185 0.00140878
9 0.594271 0.0439815 0.009375 0.0305556 0.0014271
2 0.27474 0.111111 0.0223958 0.0592593 0.00154121
2 0.228646 0.103704 0.0302083 0.0444444 0.00154831
0 0.757292 0.125 0.009375 0.0314815 0.00156111
2 0.102344 0.135185 0.0213542 0.0296296 0.00166151
9 0.560938 0.0277778 0.021875 0.0537037 0.0016981
9 0.278125 0.0763889 0.0354167 0.14537 0.00171108
2 0.555208 0.108333 0.232292 0.0685185 0.0017508
2 0.3625 0.0939815 0.0177083 0.0712963 0.0017764
12 0.689844 0.166667 0.0130208 0.037037 0.00181827
0 0.756771 0.0921296 0.0145833 0.0805556 0.00188976
2 0.28724 0.100463 0.0828125 0.0935185 0.00195736
9 0.259375 0.0689815 0.0145833 0.0564815 0.00196871
12 0.995573 0.531482 0.0078125 0.037037 0.00203287
9 0.989323 0.506944 0.0203125 0.14537 0.00218951
2 0.66224 0.144907 0.0671875 0.0842593 0.00220751
2 0.4125 0.108333 0.244792 0.0722222 0.00257371
2 0.774479 0.120833 0.0177083 0.0398148 0.00259291
0 0.709115 0.373148 0.0182292 0.0259259 0.00262034
2 0.239583 0.106019 0.0177083 0.0361111 0.00272314
9 0.111719 0.0273148 0.0140625 0.0398148 0.00296296
9 0.416667 0.0194444 0.0177083 0.037037 0.00315298
2 0.0559896 0.0694444 0.0411458 0.0296296 0.00331986
2 0.638802 0.128241 0.0494792 0.062037 0.00347401
12 0.965885 0.502315 0.0244792 0.0694444 0.00354919
2 0.530469 0.0962963 0.0182292 0.0592593 0.00372312
2 0.472917 0.108333 0.0770833 0.0592593 0.00379745
9 0.266406 0.0634259 0.0171875 0.087963 0.00394731
0 0.717448 0.370833 0.0223958 0.0268519 0.00395116
9 0.291927 0.0689815 0.0119792 0.0175926 0.00458284
11 0.23776 0.0685185 0.0161458 0.0425926 0.00467044
2 0.341406 0.102778 0.0109375 0.0462963 0.00478741
9 0.208073 0.0680556 0.0255208 0.0435185 0.00493544
2 0.238542 0.140278 0.01875 0.0416667 0.0054774
9 0.221354 0.0865741 0.0125 0.0157407 0.00561194
2 0.307031 0.0814815 0.0223958 0.0333333 0.00567422
2 0.268229 0.0990741 0.0125 0.0518519 0.00606653
9 0.29401 0.0564815 0.00989583 0.0388889 0.00613692
12 0.985937 0.49213 0.0208333 0.113889 0.00627783
2 0.355729 0.109259 0.0864583 0.0703704 0.00662837
2 0.00651042 0.0935185 0.0130208 0.0481481 0.00716448
11 0.605729 0.0601852 0.0104167 0.0240741 0.00719543
2 0.785677 0.0893519 0.0130208 0.0212963 0.0073828
9 0.219271 0.0537037 0.0229167 0.0444444 0.00741651
0 0.635677 0.148148 0.00989583 0.0518519 0.00782139
2 0.363802 0.0694444 0.0119792 0.0240741 0.00890385
2 0.64974 0.15 0.0390625 0.0592593 0.00951245
2 0.592708 0.125 0.0166667 0.0259259 0.0101224
2 0.442969 0.0888889 0.0140625 0.0296296 0.0104371
12 0.995052 0.491204 0.00885417 0.123148 0.0109374
2 0.359115 0.105093 0.0348958 0.0546296 0.0116511
9 0.442969 0.0888889 0.0130208 0.0277778 0.0124442
0 0.442708 0.0976852 0.0166667 0.0472222 0.0127952
12 0.972917 0.493981 0.0385417 0.115741 0.0132873
2 0.363281 0.0824074 0.0109375 0.0333333 0.01526
9 0.567187 0.0310185 0.0125 0.0583333 0.0152824
7 0.220052 0.0689815 0.0526042 0.0731481 0.0175281
2 0.271875 0.108796 0.0145833 0.0398148 0.0203092
5 0.219792 0.0648148 0.0510417 0.0574074 0.0209106
0 0.401302 0.114815 0.0109375 0.0444444 0.0212457
9 0.502865 0.760185 0.0119792 0.0555556 0.0263922
2 0.461458 0.114352 0.0125 0.0342593 0.0399307
9 0.500521 0.603241 0.0145833 0.0416667 0.050081
9 0.567187 0.0486111 0.009375 0.0231481 0.0660184
7 0.296875 0.108796 0.0375 0.0805556 0.1076
2 0.294792 0.109722 0.03125 0.0824074 0.152454
9 0.269531 0.037037 0.0223958 0.0648148 0.200044
2 0.528906 0.0768519 0.0192708 0.0333333 0.204002
2 0.322917 0.0861111 0.0375 0.0351852 0.336138
2 0.627344 0.122222 0.0255208 0.0518519 0.355518
2 0.473698 0.109259 0.0338542 0.0444444 0.367722
7 0.506771 0.103704 0.04375 0.0648148 0.3961
2 0.50651 0.103704 0.0432292 0.0648148 0.45893
2 0.31901 0.122222 0.0494792 0.0703704 0.719536
2 0.383594 0.105556 0.0390625 0.0537037 0.761212
10 0.204167 0.316204 0.0166667 0.0694444 0.764598
11 0.729688 0.0435185 0.0270833 0.0574074 0.769906
2 0.729948 0.418981 0.122396 0.173148 0.910899
