12 0.983333 0.5 0.03125 0.131481 0.00100662
2 0.771354 0.1125 0.0135417 0.0305556 0.00101616
12 0.995573 0.531482 0.0078125 0.0333333 0.00102848
9 0.44401 0.243519 0.00885417 0.0166667 0.00103919
58 0.969792 0.493981 0.0322917 0.0935185 0.00106434
7 0.293229 0.10463 0.08125 0.0944444 0.00112099
9 0.214583 0.062037 0.0364583 0.0574074 0.00123396
0 0.1875 0.110185 0.00729167 0.0425926 0.00124988
9 0.293229 0.0569444 0.009375 0.0416667 0.00135554
9 0.50026 0.603241 0.0151042 0.0398148 0.00139938
13 0.0138021 0.395833 0.0276042 0.119444 0.00142263
7 0.99349 0.519907 0.0119792 0.165741 0.00149109
2 0.559896 0.419444 0.5125 0.177778 0.00151455
32 0.454167 0.315278 0.00833333 0.0138889 0.00152023
0 0.736458 0.371296 0.0291667 0.0314815 0.00161909
9 0.547917 0.0597222 0.0104167 0.0231481 0.00165314
12 0.701563 0.164815 0.0197917 0.0388889 0.00165438
2 0.239583 0.105556 0.0166667 0.0351852 0.00178165
2 0.447656 0.1125 0.0276042 0.025 0.0018021
1 0.995313 0.326389 0.00833333 0.0583333 0.00183039
2 0.65651 0.137037 0.0786458 0.0851852 0.0018947
7 0.980729 0.524537 0.0375 0.193519 0.00192119
9 0.291406 0.0231481 0.00885417 0.0333333 0.00197394
11 0.60651 0.0606481 0.0109375 0.0231481 0.00198605
2 0.292708 0.0712963 0.0114583 0.0148148 0.00204729
2 0.339063 0.074537 0.0166667 0.0212963 0.00207435
2 0.413021 0.111574 0.283333 0.0805556 0.00215535
2 0.442969 0.0861111 0.0140625 0.0259259 0.00226304
9 0.266146 0.0953704 0.0104167 0.0481481 0.00240886
0 0.263281 0.103704 0.00885417 0.05 0.00261097
2 0.648698 0.147685 0.0369792 0.0601852 0.00275068
12 0.702083 0.140741 0.0229167 0.0851852 0.00276928
0 0.725521 0.372685 0.0333333 0.0287037 0.00289066
2 0.573177 0.108796 0.263021 0.0675926 0.00301143
5 0.78724 0.0490741 0.0286458 0.0962963 0.00307231
12 0.693229 0.163426 0.00729167 0.0416667 0.0032044
0 0.757292 0.375 0.01875 0.0296296 0.00340257
2 0.779948 0.103241 0.0317708 0.0564815 0.00361308
9 0.415104 0.00972222 0.0145833 0.0194444 0.00363983
2 0.472396 0.109722 0.08125 0.062037 0.00366511
9 0.109635 0.025463 0.0130208 0.0342593 0.00387235
2 0.21875 0.135648 0.059375 0.0546296 0.00403507
1 0.00442708 0.394444 0.00885417 0.118519 0.0040585
5 0.220573 0.0777778 0.0505208 0.0722222 0.00426323
7 0.220052 0.0708333 0.0515625 0.0694444 0.0044066
9 0.584375 0.0393519 0.0125 0.0453704 0.00550032
9 0.3625 0.0685185 0.009375 0.0240741 0.00553629
9 0.207031 0.0699074 0.0182292 0.037963 0.00560933
0 0.755729 0.0888889 0.0135417 0.0703704 0.00568838
11 0.240104 0.0319444 0.0208333 0.062037 0.00578706
9 0.270052 0.0425926 0.0213542 0.0648148 0.00586558
9 0.26276 0.0875 0.0078125 0.0342593 0.00627964
11 0.236979 0.0648148 0.0166667 0.0351852 0.00653606
13 0.00416667 0.404167 0.00833333 0.0990741 0.00660974
9 0.442448 0.0875 0.0130208 0.0268519 0.00747617
9 0.573438 0.0310185 0.0145833 0.0601852 0.0075925
12 0.994531 0.494444 0.00989583 0.125926 0.00775562
9 0.440104 0.213889 0.0125 0.0592593 0.00789174
2 0.363542 0.0671296 0.0114583 0.0212963 0.00789312
0 0.714063 0.374074 0.0239583 0.0240741 0.00951999
0 0.635156 0.147222 0.00989583 0.0518519 0.0133697
2 0.271094 0.110648 0.0140625 0.0361111 0.014976
9 0.502344 0.760648 0.0130208 0.0527778 0.0155105
2 0.238542 0.141667 0.01875 0.0407407 0.0194126
2 0.635156 0.14537 0.0109375 0.0555556 0.022322
2 0.592188 0.126389 0.0177083 0.0231481 0.0241476
9 0.269271 0.0240741 0.0197917 0.0407407 0.0241515
2 0.814323 0.0773148 0.0192708 0.0194444 0.0377852
9 0.222396 0.0583333 0.0125 0.0351852 0.0391136
9 0.567448 0.0481481 0.0078125 0.0240741 0.0434068
2 0.488542 0.107407 0.0145833 0.05 0.0540985
2 0.786458 0.0888889 0.015625 0.0240741 0.0582775
2 0.29349 0.108796 0.0286458 0.0787037 0.0626718
7 0.298438 0.107407 0.040625 0.0814815 0.0935512
2 0.465104 0.112037 0.01875 0.0388889 0.198136
2 0.322135 0.0875 0.0380208 0.0342593 0.296679
2 0.480208 0.109259 0.021875 0.0444444 0.345236
2 0.627344 0.122222 0.0255208 0.05 0.590273
2 0.50599 0.104167 0.0421875 0.062037 0.618494
2 0.318229 0.120833 0.0510417 0.0731481 0.699237
11 0.729167 0.0430556 0.028125 0.0564815 0.766997
10 0.204167 0.316204 0.015625 0.0712963 0.780324
2 0.729688 0.418981 0.122917 0.171296 0.909708
