9 0.265104 0.0310185 0.0208333 0.0583333 0.00102954
2 0.586979 0.421759 0.59375 0.178704 0.0010434
0 0.188542 0.12037 0.00729167 0.0351852 0.00104553
13 0.970833 0.522222 0.0572917 0.175926 0.00104654
9 0.363021 0.0453704 0.009375 0.0314815 0.00105647
9 0.271354 0.0412037 0.028125 0.0787037 0.00109367
7 0.970312 0.521759 0.0583333 0.193519 0.00110132
0 0.361719 0.0708333 0.00989583 0.0305556 0.00115361
2 0.815625 0.0708333 0.0145833 0.0157407 0.00116404
11 0.220833 0.0675926 0.0510417 0.0555556 0.0012496
14 0.482292 0.490741 0.0145833 0.0296296 0.00125332
9 0.569792 0.0333333 0.0125 0.0555556 0.00128827
7 0.990104 0.51713 0.01875 0.186111 0.00132664
13 0.961458 0.555093 0.0395833 0.0416667 0.0014132
9 0.29349 0.0560185 0.0109375 0.0416667 0.00143822
2 0.661458 0.15 0.0645833 0.062963 0.00155242
13 0.0138021 0.397222 0.0276042 0.122222 0.00161498
2 0.363802 0.0689815 0.0119792 0.0194444 0.00162867
9 0.995313 0.527778 0.00833333 0.05 0.00164495
9 0.415625 0.00972222 0.015625 0.0194444 0.00175933
9 0.257552 0.0773148 0.0130208 0.0490741 0.00178747
2 0.386458 0.112963 0.209375 0.0796296 0.00184732
0 0.759896 0.119907 0.0114583 0.0398148 0.00185265
12 0.702083 0.164352 0.0229167 0.0361111 0.0018576
2 0.414844 0.12037 0.0161458 0.0185185 0.00210605
2 0.757031 0.118981 0.0161458 0.0398148 0.00221509
9 0.458594 0.0657407 0.0078125 0.0296296 0.00224372
2 0.803385 0.0726852 0.0140625 0.0175926 0.00234901
2 0.778385 0.117593 0.0276042 0.0537037 0.00236163
2 0.240625 0.108333 0.0177083 0.037037 0.00268434
2 0.21849 0.12963 0.0588542 0.0648148 0.00270824
2 0.290104 0.0958333 0.025 0.0657407 0.00283826
2 0.56901 0.111574 0.218229 0.0638889 0.00291035
9 0.252865 0.087037 0.0130208 0.0351852 0.00323299
11 0.23776 0.0685185 0.0161458 0.0425926 0.00326025
9 0.263021 0.0875 0.00729167 0.0361111 0.00331001
2 0.772396 0.113426 0.0145833 0.0268519 0.00333257
0 0.263021 0.106944 0.009375 0.0472222 0.00333514
2 0.816927 0.0888889 0.0119792 0.0277778 0.00346154
2 0.442969 0.087037 0.0140625 0.0277778 0.00352801
2 0.267969 0.1 0.0119792 0.0574074 0.00362258
9 0.583333 0.0398148 0.0104167 0.0462963 0.00375343
2 0.444271 0.111111 0.0197917 0.0296296 0.00396981
9 0.214583 0.0587963 0.03125 0.0546296 0.00399263
0 0.716146 0.372685 0.025 0.0268519 0.00409545
1 0.0122396 0.387963 0.0244792 0.12037 0.00422158
9 0.270052 0.0569444 0.0171875 0.0324074 0.0043752
9 0.50026 0.603241 0.0151042 0.0435185 0.00439577
1 0.00390625 0.410185 0.0078125 0.0962963 0.00442263
2 0.345833 0.111574 0.0114583 0.0398148 0.00446879
9 0.99375 0.497222 0.0114583 0.12963 0.00485782
9 0.502344 0.761111 0.0130208 0.05 0.00497804
2 0.593229 0.125463 0.0166667 0.025 0.00530289
12 0.69401 0.163889 0.00677083 0.0388889 0.00550695
2 0.344271 0.0921296 0.0135417 0.0324074 0.00559187
2 0.802604 0.0847222 0.0197917 0.0231481 0.00720716
12 0.99375 0.499074 0.0114583 0.133333 0.00743456
2 0.780469 0.101389 0.0296875 0.0416667 0.00890095
7 0.219792 0.0666667 0.0510417 0.0666667 0.0102122
0 0.757552 0.0865741 0.0151042 0.0638889 0.0107561
9 0.208073 0.0675926 0.0213542 0.0425926 0.0107763
9 0.442969 0.0865741 0.0130208 0.0268519 0.0108859
0 0.995573 0.325463 0.0078125 0.0490741 0.011168
5 0.220573 0.0717593 0.0505208 0.0675926 0.0119473
9 0.269531 0.0226852 0.0203125 0.037963 0.0119962
2 0.238542 0.141667 0.01875 0.0407407 0.0173108
2 0.813281 0.0768519 0.0182292 0.0148148 0.0177259
2 0.272135 0.111111 0.0140625 0.0388889 0.0202216
11 0.60625 0.0601852 0.009375 0.0240741 0.0316784
0 0.635156 0.147222 0.00989583 0.05 0.0354855
2 0.634896 0.144444 0.0114583 0.05 0.0437201
9 0.567187 0.0476852 0.00833333 0.0231481 0.0459757
2 0.785937 0.0912037 0.015625 0.0231481 0.0515886
2 0.30026 0.107407 0.0421875 0.0833333 0.145286
7 0.299219 0.106481 0.0411458 0.0814815 0.14802
2 0.46276 0.113426 0.0140625 0.037963 0.186317
2 0.321094 0.0875 0.0390625 0.0305556 0.205966
2 0.477604 0.110185 0.0260417 0.0444444 0.316425
2 0.50625 0.105093 0.0416667 0.062037 0.534761
2 0.627604 0.122222 0.0260417 0.0518519 0.542698
2 0.31849 0.120833 0.0505208 0.0712963 0.640375
2 0.36276 0.119444 0.0307292 0.0314815 0.76766
11 0.729167 0.0430556 0.0260417 0.0564815 0.782125
10 0.204167 0.316204 0.0166667 0.0712963 0.801042
2 0.730208 0.419444 0.121875 0.17037 0.916476
