2 0.295573 0.126852 0.0182292 0.062963 0.00100473
0 0.729167 0.372685 0.03125 0.0305556 0.00113059
9 0.76849 0.0157407 0.0151042 0.0296296 0.00121464
2 0.285417 0.0805556 0.0239583 0.0388889 0.00122962
9 0.27526 0.0486111 0.0359375 0.0953704 0.00127049
7 0.275781 0.0689815 0.0390625 0.132407 0.0012994
2 0.292188 0.10463 0.0854167 0.0944444 0.00136735
1 0.00546875 0.359722 0.0109375 0.075 0.00142873
9 0.558073 0.0287037 0.0244792 0.0518519 0.00143734
0 0.679948 0.855556 0.0192708 0.0407407 0.00144408
12 0.977344 0.499074 0.0432292 0.133333 0.00153508
0 0.55599 0.918519 0.0276042 0.0407407 0.0015704
12 0.99401 0.51713 0.0109375 0.171296 0.00157421
7 0.789583 0.0611111 0.028125 0.0611111 0.00160695
2 0.592708 0.122222 0.0177083 0.0314815 0.00165193
2 0.278906 0.115741 0.0296875 0.0592593 0.00175573
13 0.972917 0.519444 0.053125 0.17963 0.00178499
2 0.522917 0.110648 0.397917 0.075 0.00204777
0 0.554688 0.939352 0.034375 0.0583333 0.00207628
12 0.702083 0.163889 0.01875 0.0407407 0.00210325
0 0.5375 0.111111 0.00833333 0.0444444 0.00231427
0 0.674479 0.850463 0.0145833 0.0509259 0.002339
0 0.263542 0.0925926 0.00833333 0.0462963 0.00234749
2 0.371094 0.0861111 0.0130208 0.0277778 0.00235372
9 0.488542 0.978704 0.015625 0.0407407 0.00237498
0 0.582812 0.914815 0.0572917 0.0462963 0.00242814
2 0.384375 0.108796 0.196875 0.0787037 0.00251203
9 0.291927 0.0523148 0.00885417 0.0453704 0.00256938
2 0.774219 0.119907 0.0192708 0.0398148 0.00264023
12 0.692969 0.163889 0.0078125 0.0388889 0.00281153
9 0.547917 0.0523148 0.0104167 0.0231481 0.00285918
11 0.236979 0.0680556 0.0166667 0.0416667 0.00290971
2 0.416667 0.105556 0.015625 0.0462963 0.00292576
0 0.578646 0.933796 0.0739583 0.0731481 0.00297581
9 0.269792 0.049537 0.01875 0.0361111 0.00312252
2 0.324219 0.103241 0.0421875 0.0472222 0.00328787
2 0.461979 0.10787 0.0885417 0.062037 0.00331954
1 0.0122396 0.366667 0.0244792 0.0518519 0.00334507
0 0.605469 0.944444 0.0942708 0.0740741 0.00340742
2 0.711719 0.918519 0.0557292 0.15 0.0039591
0 0.716146 0.372685 0.0239583 0.0268519 0.00407104
2 0.426823 0.10787 0.0859375 0.062037 0.00407595
1 0.0140625 0.394907 0.028125 0.110185 0.00412704
2 0.291667 0.0722222 0.0114583 0.0166667 0.00422358
12 0.702083 0.139352 0.021875 0.087963 0.00466528
0 0.266667 0.0981481 0.0104167 0.0537037 0.00493086
9 0.217187 0.0513889 0.025 0.0416667 0.00496665
9 0.207031 0.0694444 0.0182292 0.037037 0.00501016
9 0.502604 0.759722 0.0125 0.0564815 0.00516827
9 0.993229 0.496296 0.0125 0.131481 0.00519529
0 0.626823 0.924537 0.0932292 0.0675926 0.00614008
5 0.220573 0.0638889 0.0494792 0.0555556 0.00620382
0 0.653906 0.922222 0.0588542 0.0592593 0.00623588
2 0.789844 0.0861111 0.0171875 0.0185185 0.00625792
9 0.569271 0.0310185 0.0145833 0.0583333 0.00681666
9 0.21901 0.103241 0.00885417 0.037963 0.00693691
2 0.00885417 0.403241 0.0177083 0.0953704 0.00809399
9 0.270052 0.0175926 0.0192708 0.0314815 0.00822318
2 0.784896 0.0898148 0.0145833 0.0185185 0.00832519
7 0.220052 0.0625 0.0505208 0.0638889 0.00953439
32 0.454167 0.314352 0.00729167 0.0157407 0.00962501
0 0.75625 0.0907407 0.0135417 0.0814815 0.0117099
2 0.271615 0.110185 0.0140625 0.037037 0.0136499
9 0.219792 0.0912037 0.00833333 0.0157407 0.0149751
2 0.405208 0.104167 0.0208333 0.0546296 0.0158583
2 0.363281 0.0689815 0.0130208 0.0287037 0.0160813
2 0.60599 0.0597222 0.00989583 0.0268519 0.0172466
1 0.00416667 0.403241 0.00833333 0.0953704 0.0191887
0 0.634896 0.149074 0.009375 0.0518519 0.0319838
9 0.567448 0.0472222 0.00885417 0.0240741 0.0447091
2 0.295312 0.10787 0.0302083 0.0712963 0.0473243
2 0.00390625 0.410648 0.0078125 0.0805556 0.0610687
2 0.289583 0.119907 0.0197917 0.0564815 0.0924105
2 0.322396 0.0875 0.0375 0.0361111 0.284515
2 0.39401 0.0976852 0.0432292 0.0675926 0.403618
7 0.39401 0.0976852 0.0432292 0.0675926 0.424637
2 0.50599 0.102778 0.0421875 0.0648148 0.438347
7 0.50599 0.103241 0.0421875 0.0638889 0.468831
2 0.627083 0.121296 0.0260417 0.0518519 0.469677
2 0.478385 0.108796 0.0276042 0.0472222 0.476614
2 0.442708 0.106019 0.040625 0.0509259 0.596197
11 0.729167 0.0421296 0.0270833 0.0546296 0.736247
2 0.318229 0.121296 0.0510417 0.0703704 0.752041
10 0.204167 0.315278 0.0166667 0.0694444 0.79641
2 0.619792 0.910185 0.240625 0.175926 0.886578
2 0.729948 0.419907 0.122396 0.171296 0.908762
