9 0.190365 0.087037 0.00989583 0.0203704 0.00102997
2 0.415885 0.0222222 0.0192708 0.0333333 0.00105557
12 0.701823 0.120833 0.0213542 0.0453704 0.00107075
9 0.547917 0.0527778 0.0104167 0.0240741 0.00108483
7 0.7875 0.0648148 0.0239583 0.0611111 0.00112393
9 0.264062 0.0291667 0.0197917 0.0546296 0.00114385
2 0.453906 0.0657407 0.0151042 0.0314815 0.00114879
11 0.254687 0.0865741 0.01875 0.0398148 0.00115682
10 0.176302 0.27963 0.0130208 0.0407407 0.00117656
58 0.96875 0.498611 0.03125 0.0953704 0.00121242
0 0.757031 0.374537 0.0203125 0.0324074 0.00124207
32 0.453906 0.313426 0.00885417 0.0138889 0.00127759
9 0.292708 0.0550926 0.00833333 0.0361111 0.00135468
2 0.772135 0.10787 0.0161458 0.025 0.00144487
2 0.263542 0.0981481 0.0104167 0.0592593 0.00150141
0 0.186979 0.103704 0.00729167 0.0537037 0.00158932
2 0.518229 0.110648 0.345833 0.0768519 0.00169683
7 0.970573 0.52963 0.0578125 0.209259 0.00172569
1 0.0114583 0.371759 0.0229167 0.0546296 0.00176468
2 0.653646 0.138426 0.0729167 0.0787037 0.00186305
9 0.1875 0.0851852 0.00729167 0.0277778 0.00193029
2 0.296094 0.105093 0.0807292 0.0972222 0.00194328
12 0.701823 0.160185 0.0223958 0.0462963 0.0019641
2 0.270573 0.0787037 0.0192708 0.0648148 0.00202101
7 0.232031 0.0685185 0.0255208 0.0518519 0.00210585
2 0.53125 0.112963 0.0135417 0.0425926 0.00225614
9 0.99349 0.494444 0.0119792 0.127778 0.00226895
2 0.778646 0.103241 0.0291667 0.0398148 0.00230099
2 0.446094 0.116204 0.0244792 0.0212963 0.00231673
0 0.817187 0.234259 0.00833333 0.037037 0.002378
2 0.361719 0.0699074 0.00885417 0.025 0.00241333
2 0.381771 0.105093 0.1375 0.0712963 0.00247639
0 0.715885 0.372222 0.0223958 0.0259259 0.00247673
2 0.440365 0.0759259 0.0130208 0.0277778 0.00248812
2 0.288802 0.0893519 0.0244792 0.0527778 0.00251432
10 0.19401 0.293519 0.0359375 0.118519 0.00253987
11 0.239583 0.0351852 0.0208333 0.0666667 0.00255305
0 0.263021 0.0925926 0.00833333 0.05 0.00329803
2 0.592708 0.124074 0.0166667 0.0277778 0.00341783
9 0.269531 0.049537 0.0192708 0.0342593 0.00379776
2 0.467969 0.0189815 0.0203125 0.0212963 0.00383331
9 0.213021 0.0625 0.0322917 0.0564815 0.00399434
12 0.99401 0.49537 0.0109375 0.131481 0.00419303
12 0.693229 0.163889 0.00729167 0.0388889 0.00450254
13 0.970573 0.522222 0.0578125 0.183333 0.00471769
2 0.00416667 0.408796 0.00833333 0.0842593 0.0049386
9 0.501823 0.760185 0.0130208 0.0537037 0.00515536
7 0.276042 0.0625 0.0385417 0.121296 0.00539167
13 0.961458 0.55463 0.0395833 0.0425926 0.00604333
9 0.573438 0.0310185 0.015625 0.0601852 0.00607958
13 0.986458 0.518519 0.0260417 0.177778 0.00669177
11 0.23724 0.0685185 0.0161458 0.0425926 0.0076699
2 0.785937 0.0898148 0.015625 0.0240741 0.00777833
5 0.219531 0.0625 0.0453125 0.0601852 0.00822031
1 0.0078125 0.393056 0.015625 0.110185 0.00854428
2 0.285417 0.116204 0.0135417 0.0675926 0.00988394
2 0.649479 0.149074 0.0395833 0.0574074 0.0103794
9 0.220052 0.0884259 0.0109375 0.0138889 0.0107099
2 0.60625 0.0597222 0.0104167 0.025 0.011144
2 0.271354 0.106944 0.0145833 0.0435185 0.0113103
7 0.213542 0.062037 0.0354167 0.062963 0.0134953
2 0.238281 0.140741 0.0182292 0.0407407 0.0137825
9 0.26849 0.0185185 0.0213542 0.0333333 0.0145617
0 0.442187 0.0851852 0.0125 0.0240741 0.0202599
2 0.633854 0.14213 0.0125 0.0509259 0.0214601
7 0.410156 0.0643518 0.0473958 0.0453704 0.0267126
9 0.567187 0.0476852 0.00833333 0.025 0.0349093
2 0.492448 0.106944 0.0203125 0.0509259 0.0426895
2 0.470573 0.10787 0.0328125 0.0472222 0.0532456
2 0.0046875 0.55787 0.009375 0.0398148 0.0672603
2 0.298958 0.103704 0.0364583 0.0740741 0.083312
0 0.461979 0.113426 0.0114583 0.0361111 0.0941347
2 0.464583 0.112037 0.015625 0.0388889 0.101749
2 0.479948 0.109259 0.0192708 0.0444444 0.243811
2 0.321615 0.0856481 0.0380208 0.0342593 0.278121
2 0.410417 0.0666667 0.046875 0.0407407 0.448635
2 0.505729 0.102778 0.0427083 0.0648148 0.531615
2 0.627083 0.122222 0.0260417 0.05 0.58722
2 0.317969 0.121296 0.0526042 0.0703704 0.73335
11 0.728646 0.0425926 0.0270833 0.0555556 0.781592
10 0.203906 0.315278 0.0171875 0.0712963 0.78347
2 0.729688 0.419444 0.122917 0.17037 0.896132
