2 0.278125 0.112963 0.03125 0.0666667 0.00100649
9 0.36276 0.0444444 0.00989583 0.0296296 0.00107079
2 0.552083 0.10787 0.38125 0.0805556 0.00110536
0 0.363542 0.25463 0.0166667 0.0259259 0.00112449
7 0.952083 0.490278 0.0947917 0.278704 0.00115781
9 0.109115 0.0273148 0.0119792 0.037963 0.00116997
0 0.759635 0.115741 0.0119792 0.0518519 0.00117627
2 0.241667 0.102315 0.0125 0.0342593 0.00128445
9 0.561719 0.049537 0.0192708 0.0212963 0.00128908
2 0.639844 0.126389 0.0505208 0.0601852 0.0012999
9 0.429427 0.0361111 0.00885417 0.0259259 0.00133035
11 0.739323 0.0634259 0.0151042 0.025 0.0013443
11 0.23724 0.0662037 0.0161458 0.037963 0.00141065
2 0.592448 0.127315 0.0171875 0.025 0.00144302
2 0.597135 0.428241 0.774479 0.191667 0.00152859
2 0.263281 0.1 0.00989583 0.0574074 0.00160979
32 0.460677 0.356481 0.00989583 0.0166667 0.00165359
1 0.0114583 0.390278 0.0229167 0.115741 0.00166389
2 0.295052 0.101852 0.0859375 0.0944444 0.00175168
5 0.21875 0.0675926 0.046875 0.0537037 0.00176506
9 0.548177 0.0518519 0.0109375 0.0222222 0.00200595
9 0.220833 0.101389 0.0135417 0.037963 0.00208136
0 0.539062 0.278704 0.557292 0.457407 0.00239157
2 0.00885417 0.396296 0.0177083 0.111111 0.00240908
0 0.757812 0.375 0.0177083 0.0314815 0.0024855
12 0.702083 0.138889 0.0239583 0.0851852 0.00252055
9 0.236979 0.0685185 0.0145833 0.0444444 0.00256355
2 0.439323 0.107407 0.170312 0.0685185 0.00257375
2 0.421615 0.107407 0.323438 0.0833333 0.00268575
0 0.732292 0.371759 0.0270833 0.0287037 0.00285744
0 0.758854 0.0685185 0.009375 0.0425926 0.00290282
9 0.115625 0.0236111 0.0135417 0.0361111 0.00294689
2 0.336979 0.0782407 0.0208333 0.0287037 0.00301597
9 0.258594 0.0787037 0.0119792 0.0537037 0.0030216
2 0.786719 0.0888889 0.0171875 0.0203704 0.00302819
0 0.44375 0.099537 0.0177083 0.0490741 0.00398598
2 0.23776 0.140278 0.0192708 0.0435185 0.00401748
9 0.252865 0.087963 0.0140625 0.037037 0.00408262
9 0.207552 0.0662037 0.0192708 0.0398148 0.00419461
0 0.280469 0.0884259 0.0078125 0.0287037 0.00446569
9 0.415104 0.0115741 0.015625 0.0231481 0.00475273
9 0.266406 0.0972222 0.0109375 0.0518519 0.00513431
9 0.985677 0.493056 0.0192708 0.113889 0.00537509
7 0.21849 0.0634259 0.0463542 0.0675926 0.00657704
11 0.60625 0.0601852 0.009375 0.0259259 0.00697685
2 0.28724 0.115741 0.0182292 0.0703704 0.00730059
0 0.757812 0.0925926 0.0135417 0.0907407 0.00730511
2 0.321875 0.100926 0.0458333 0.0481481 0.00745541
9 0.263021 0.0916667 0.009375 0.0425926 0.00769269
0 0.634635 0.138889 0.0119792 0.0574074 0.0084649
9 0.994792 0.515278 0.009375 0.162037 0.00880198
9 0.292708 0.0666667 0.0104167 0.0240741 0.00940646
9 0.502865 0.759722 0.0109375 0.0564815 0.0104053
9 0.565365 0.0305556 0.0140625 0.0574074 0.0112901
2 0.271354 0.109722 0.0145833 0.037963 0.0116618
9 0.442448 0.087037 0.0130208 0.0240741 0.0118056
0 0.714844 0.37037 0.0213542 0.0259259 0.0120809
2 0.442448 0.0875 0.0130208 0.0268519 0.0121437
7 0.970833 0.52963 0.0572917 0.201852 0.0122209
2 0.00390625 0.402315 0.0078125 0.0972222 0.0139206
32 0.454688 0.3125 0.00729167 0.0157407 0.0146392
1 0.00416667 0.390278 0.00833333 0.119444 0.0157132
9 0.220313 0.0888889 0.0104167 0.0148148 0.0163814
7 0.298177 0.107407 0.0359375 0.0833333 0.0166456
2 0.461198 0.111574 0.0140625 0.0361111 0.0263536
2 0.298698 0.104167 0.0338542 0.0731481 0.0300485
9 0.973177 0.501852 0.0401042 0.127778 0.0325669
2 0.363542 0.0657407 0.0125 0.0203704 0.0344263
9 0.567187 0.0472222 0.00833333 0.0222222 0.0747619
9 0.269271 0.0361111 0.0229167 0.0666667 0.0786718
9 0.222917 0.0564815 0.0125 0.0388889 0.0942119
9 0.500521 0.602315 0.0145833 0.0416667 0.111595
2 0.627604 0.123148 0.025 0.0555556 0.278333
2 0.322656 0.087037 0.0380208 0.0351852 0.339204
2 0.473958 0.108796 0.0333333 0.0453704 0.434401
11 0.729688 0.0435185 0.0270833 0.0574074 0.469627
2 0.505729 0.103241 0.0427083 0.0638889 0.557273
2 0.318229 0.121296 0.0510417 0.0703704 0.723269
10 0.203646 0.316204 0.0166667 0.0712963 0.795948
2 0.363802 0.281944 0.0911458 0.121296 0.885846
2 0.730208 0.419907 0.121875 0.171296 0.902753
