0 0.73125 0.371296 0.03125 0.0296296 0.00100094
13 0.969792 0.563889 0.0572917 0.0703704 0.0010047
9 0.261979 0.0481481 0.015625 0.0462963 0.00104113
2 0.0125 0.397685 0.025 0.113889 0.00104791
2 0.589583 0.424074 0.557292 0.177778 0.00105512
9 0.429688 0.0444444 0.00833333 0.0166667 0.00106551
2 0.757292 0.118519 0.0135417 0.0388889 0.00109561
32 0.460677 0.356944 0.0109375 0.0157407 0.00109767
13 0.0132813 0.396296 0.0265625 0.114815 0.00113972
2 0.648438 0.148611 0.0364583 0.0583333 0.00114729
7 0.282292 0.0666667 0.0416667 0.118519 0.00115335
9 0.548177 0.0518519 0.0109375 0.0240741 0.00125219
13 0.986458 0.519907 0.0260417 0.175 0.00125721
13 0.961198 0.55463 0.0369792 0.0407407 0.00128492
2 0.44375 0.1 0.0197917 0.0388889 0.0012936
12 0.701823 0.163889 0.0223958 0.0351852 0.00134619
2 0.776823 0.12037 0.0234375 0.0444444 0.00139834
2 0.230469 0.1375 0.0338542 0.0490741 0.00139997
32 0.454688 0.315278 0.00729167 0.0157407 0.0014693
2 0.505729 0.115278 0.354167 0.087963 0.00150043
9 0.274479 0.0388889 0.0333333 0.0759259 0.00153134
2 0.817187 0.233333 0.009375 0.0425926 0.00155953
9 0.253125 0.087037 0.015625 0.0351852 0.00162179
9 0.257552 0.075463 0.0119792 0.0490741 0.0016681
12 0.688802 0.168519 0.0140625 0.0314815 0.00166994
9 0.817187 0.233333 0.009375 0.0425926 0.00180113
2 0.995052 0.331944 0.00885417 0.0583333 0.00186655
12 0.693229 0.165278 0.00729167 0.037963 0.00189332
11 0.23724 0.0680556 0.0161458 0.0435185 0.00195655
2 0.238281 0.110185 0.0182292 0.0425926 0.00196904
7 0.274479 0.037037 0.03125 0.0703704 0.0019831
9 0.270052 0.0532407 0.0192708 0.0416667 0.00210223
2 0.772135 0.113889 0.0140625 0.0277778 0.0021375
9 0.415104 0.0106481 0.0145833 0.0212963 0.00218544
2 0.816927 0.0699074 0.0130208 0.012037 0.00247784
2 0.363542 0.0689815 0.0114583 0.0212963 0.00247832
0 0.26276 0.103704 0.00989583 0.0537037 0.00275856
2 0.443229 0.0875 0.0145833 0.0287037 0.00283614
2 0.994271 0.519444 0.0104167 0.166667 0.00292829
0 0.716406 0.370833 0.0255208 0.0287037 0.00292885
9 0.5 0.602778 0.0145833 0.0388889 0.00298073
0 0.757812 0.0717593 0.0104167 0.037963 0.00321587
58 0.968229 0.498148 0.0291667 0.0833333 0.00325895
2 0.53099 0.1125 0.0130208 0.0435185 0.00329663
2 0.813542 0.074537 0.0177083 0.0157407 0.00363834
9 0.3625 0.0703704 0.009375 0.0222222 0.00374842
0 0.757292 0.0921296 0.0125 0.0768519 0.00390148
11 0.60651 0.0606481 0.00989583 0.025 0.00414259
1 0.809635 0.328704 0.0213542 0.0851852 0.0043251
12 0.994271 0.506944 0.0104167 0.150926 0.00463384
2 0.269792 0.0476852 0.0197917 0.0398148 0.00476222
9 0.265885 0.0962963 0.00989583 0.0462963 0.00482076
2 0.592969 0.125926 0.0161458 0.0240741 0.00485677
0 0.995833 0.331019 0.00729167 0.0546296 0.00577799
13 0.00416667 0.406944 0.00833333 0.0898148 0.00577914
1 0.00416667 0.40787 0.00833333 0.087963 0.00656754
2 0.463802 0.118519 0.0203125 0.0425926 0.00660021
9 0.263542 0.0884259 0.00833333 0.0342593 0.00663469
2 0.00442708 0.407407 0.00885417 0.0907407 0.00675462
5 0.220573 0.0782407 0.0494792 0.0731481 0.00807974
9 0.443229 0.0875 0.0135417 0.0287037 0.00943683
9 0.209635 0.0675926 0.0255208 0.0481481 0.0103559
2 0.270312 0.108796 0.0114583 0.0416667 0.0105957
9 0.269531 0.0226852 0.0203125 0.0398148 0.0124254
7 0.220573 0.0685185 0.0494792 0.0666667 0.0133567
9 0.573958 0.0314815 0.0145833 0.0592593 0.0172498
2 0.635156 0.144907 0.0109375 0.0509259 0.017987
0 0.635417 0.147685 0.009375 0.0509259 0.0191337
2 0.786198 0.0898148 0.0151042 0.0222222 0.0195544
9 0.502865 0.760648 0.0119792 0.0509259 0.0488561
2 0.238542 0.142593 0.0177083 0.037037 0.0513106
2 0.309375 0.0800926 0.0302083 0.0268519 0.0724056
9 0.567187 0.0486111 0.00729167 0.0231481 0.091339
7 0.292708 0.113889 0.028125 0.0740741 0.135732
2 0.479427 0.10463 0.0244792 0.0351852 0.146011
2 0.46901 0.108796 0.0265625 0.037963 0.221385
2 0.292969 0.113889 0.0276042 0.0740741 0.237594
2 0.627604 0.121759 0.025 0.0527778 0.242337
2 0.322396 0.0865741 0.0364583 0.037963 0.306458
2 0.302865 0.0611111 0.0244792 0.0333333 0.368766
2 0.318229 0.122685 0.05 0.0694444 0.650686
2 0.50625 0.104167 0.0427083 0.0638889 0.65309
10 0.204167 0.316667 0.0166667 0.0703704 0.745332
11 0.729167 0.0430556 0.0270833 0.0564815 0.802963
2 0.48099 0.155093 0.0536458 0.0731481 0.856732
2 0.729948 0.419444 0.122396 0.172222 0.903926
