2 0.21849 0.130556 0.0567708 0.0592593 0.00102577
13 0.961198 0.555093 0.0390625 0.0398148 0.00103036
58 0.919792 0.18287 0.160417 0.362037 0.00103764
1 0.0119792 0.36713 0.0239583 0.0435185 0.00105614
2 0.586979 0.422685 0.58125 0.178704 0.00106008
9 0.991406 0.508333 0.0161458 0.159259 0.00106246
9 0.115885 0.024537 0.0151042 0.0416667 0.00106394
0 0.36224 0.0717593 0.00885417 0.0324074 0.00112759
11 0.220833 0.0675926 0.0510417 0.0574074 0.00115436
2 0.641146 0.150926 0.0197917 0.0648148 0.00117788
0 0.728646 0.372222 0.0322917 0.0314815 0.00119066
9 0.415625 0.00972222 0.015625 0.0194444 0.00122929
9 0.26276 0.0884259 0.0078125 0.0398148 0.00128885
9 0.258073 0.0773148 0.0140625 0.0509259 0.0012973
2 0.995573 0.527315 0.0078125 0.0453704 0.00133748
2 0.655208 0.138889 0.08125 0.0833333 0.00134874
0 0.442969 0.0981481 0.0171875 0.0481481 0.00140589
7 0.990365 0.516204 0.0182292 0.184259 0.00162352
2 0.339323 0.10787 0.0463542 0.0490741 0.00167937
9 0.253646 0.087037 0.0145833 0.037037 0.00186642
9 0.108333 0.0291667 0.0114583 0.037963 0.00189361
0 0.26276 0.106481 0.00989583 0.0481481 0.00192471
2 0.240625 0.106944 0.0166667 0.037963 0.00201844
9 0.458333 0.0662037 0.00729167 0.0287037 0.00203979
12 0.702604 0.164352 0.0239583 0.0361111 0.00212773
9 0.571615 0.0324074 0.0130208 0.0574074 0.00215075
0 0.760417 0.115278 0.0114583 0.0509259 0.00219483
13 0.0138021 0.4 0.0276042 0.114815 0.00230854
2 0.403906 0.112963 0.258854 0.0740741 0.00233728
2 0.994531 0.519907 0.00989583 0.165741 0.00237486
2 0.79401 0.0981481 0.0526042 0.0481481 0.00266535
9 0.270052 0.0518519 0.0192708 0.0333333 0.0030239
2 0.442708 0.087037 0.0135417 0.0277778 0.00303199
2 0.567187 0.111111 0.227083 0.0648148 0.00307691
2 0.805729 0.0726852 0.0145833 0.0194444 0.00337106
2 0.771094 0.113889 0.0140625 0.0314815 0.00350228
11 0.23776 0.0685185 0.0161458 0.0425926 0.0035087
12 0.69375 0.164352 0.00729167 0.037963 0.00353657
2 0.593229 0.125 0.0166667 0.0259259 0.0036239
0 0.0809896 0.164352 0.0109375 0.037963 0.0037225
1 0.00807292 0.393056 0.0161458 0.119444 0.00457883
0 0.716146 0.373148 0.025 0.0259259 0.0047309
9 0.583073 0.0402778 0.0109375 0.0472222 0.00532496
9 0.269531 0.0226852 0.0203125 0.037963 0.00546686
1 0.00416667 0.410185 0.00833333 0.0944444 0.00561955
12 0.99401 0.499537 0.0109375 0.136111 0.00586013
9 0.502604 0.761574 0.0125 0.0490741 0.006014
9 0.500521 0.603241 0.015625 0.0435185 0.00726103
10 0.442969 0.087037 0.0130208 0.0277778 0.0080563
5 0.220573 0.0666667 0.0505208 0.0611111 0.00829289
7 0.220313 0.0652778 0.05 0.0638889 0.00853177
9 0.208073 0.0666667 0.0223958 0.0444444 0.00931846
10 0.0804688 0.162963 0.0109375 0.0351852 0.00996506
2 0.780208 0.103241 0.0302083 0.0472222 0.0106665
11 0.60625 0.0597222 0.009375 0.0231481 0.0114282
0 0.995573 0.326389 0.0078125 0.0453704 0.0121299
2 0.806771 0.0865741 0.021875 0.025 0.014048
2 0.815885 0.0875 0.0140625 0.0305556 0.014538
0 0.757552 0.0893519 0.0151042 0.0694444 0.0157173
2 0.238281 0.141667 0.0182292 0.0407407 0.0179769
2 0.635156 0.144907 0.0109375 0.0546296 0.0263933
0 0.635417 0.146296 0.009375 0.0518519 0.0265584
2 0.272135 0.110648 0.0140625 0.037963 0.0267976
2 0.814062 0.0777778 0.01875 0.0185185 0.0341805
9 0.567187 0.0476852 0.00833333 0.0231481 0.0434235
2 0.785677 0.0902778 0.0161458 0.0231481 0.0569421
2 0.484896 0.108333 0.0177083 0.0481481 0.0693296
7 0.298958 0.105556 0.040625 0.0814815 0.176567
2 0.463281 0.112037 0.0151042 0.0407407 0.1885
2 0.299479 0.106481 0.040625 0.0814815 0.214767
2 0.321354 0.0875 0.0395833 0.0305556 0.2247
2 0.474219 0.109722 0.0338542 0.0453704 0.376817
2 0.627604 0.121759 0.0260417 0.0509259 0.579723
2 0.50599 0.10463 0.0421875 0.0611111 0.585082
2 0.352344 0.117593 0.0234375 0.0296296 0.644999
2 0.31901 0.121296 0.0505208 0.0722222 0.728221
11 0.728906 0.0430556 0.0265625 0.0564815 0.799413
10 0.203906 0.316204 0.0161458 0.0712963 0.81406
2 0.729948 0.419907 0.122396 0.171296 0.919379
