2 0.647656 0.148611 0.0359375 0.0583333 0.00101894
2 0.794271 0.0865741 0.03125 0.025 0.00103224
32 0.454688 0.315741 0.00729167 0.0185185 0.00106842
32 0.460938 0.358333 0.0114583 0.0148148 0.00107058
13 0.970312 0.561574 0.0583333 0.0953704 0.00109174
2 0.480208 0.168519 0.0416667 0.0518519 0.00110971
2 0.295573 0.0569444 0.0151042 0.0361111 0.0011342
0 0.757812 0.374074 0.0197917 0.0333333 0.00115224
0 0.530729 0.283333 0.528125 0.453704 0.00122359
2 0.613802 0.425 0.540104 0.177778 0.00122681
12 0.691667 0.165741 0.009375 0.0351852 0.00126263
7 0.990885 0.518056 0.0171875 0.180556 0.00134923
0 0.73099 0.371296 0.0276042 0.0296296 0.00153397
12 0.702344 0.134722 0.0234375 0.0768519 0.00157738
12 0.694531 0.164352 0.00677083 0.0361111 0.00160111
12 0.702083 0.15787 0.0229167 0.0435185 0.00169921
2 0.242188 0.10787 0.0145833 0.0342593 0.00172938
0 0.494531 0.161574 0.0328125 0.0435185 0.00178288
2 0.561458 0.109722 0.205208 0.0675926 0.00178754
7 0.790365 0.0638889 0.0296875 0.0574074 0.00179594
9 0.359635 0.0648148 0.00885417 0.0222222 0.00184088
2 0.40625 0.111574 0.282292 0.0861111 0.00184888
9 0.234635 0.0625 0.0213542 0.0342593 0.0020103
9 0.2625 0.0421296 0.015625 0.0564815 0.00213023
2 0.3375 0.0907407 0.015625 0.0259259 0.0021307
2 0.444271 0.111111 0.021875 0.0259259 0.00216351
2 0.363802 0.0675926 0.0119792 0.0203704 0.00223153
58 0.968229 0.498148 0.0291667 0.0833333 0.00223893
9 0.3625 0.0689815 0.009375 0.025 0.00224212
5 0.220052 0.0726852 0.0515625 0.0564815 0.00233985
1 0.809375 0.330093 0.0208333 0.0842593 0.00236509
9 0.429688 0.0435185 0.00833333 0.0185185 0.00242176
2 0.4625 0.111111 0.0989583 0.0666667 0.00243855
0 0.995573 0.328704 0.0078125 0.0555556 0.0026136
13 0.00598958 0.375463 0.0119792 0.0435185 0.00267355
2 0.299219 0.12037 0.0328125 0.0777778 0.00272907
0 0.758073 0.0717593 0.0109375 0.0398148 0.00273823
2 0.783073 0.103704 0.0369792 0.0518519 0.00274251
2 0.592448 0.127315 0.0171875 0.025 0.00299105
2 0.99401 0.518056 0.0109375 0.169444 0.00314455
2 0.814062 0.075 0.0177083 0.0185185 0.00321274
11 0.23724 0.0685185 0.0161458 0.0425926 0.00332394
7 0.220052 0.0685185 0.0505208 0.0592593 0.00341767
0 0.263542 0.103704 0.009375 0.05 0.00342862
9 0.415104 0.0101852 0.0145833 0.0203704 0.00345537
1 0.0106771 0.394907 0.0213542 0.117593 0.00376271
13 0.0140625 0.395833 0.028125 0.113889 0.00407083
9 0.99401 0.515741 0.0109375 0.166667 0.00409569
9 0.257031 0.075 0.00989583 0.0462963 0.00425913
2 0.530208 0.101852 0.0166667 0.0574074 0.0042839
2 0.817187 0.231944 0.009375 0.0453704 0.00430203
0 0.715885 0.370833 0.0244792 0.0287037 0.00434856
2 0.442969 0.0875 0.0140625 0.0287037 0.00441022
9 0.252865 0.087037 0.0130208 0.0333333 0.00489741
2 0.0138021 0.365741 0.0276042 0.0555556 0.0050493
9 0.5 0.602778 0.0145833 0.0388889 0.00537396
13 0.00364583 0.414352 0.00729167 0.0768519 0.00599585
11 0.60625 0.0611111 0.0104167 0.0240741 0.006253
12 0.994271 0.508333 0.0104167 0.153704 0.00632405
2 0.294531 0.0689815 0.0130208 0.0175926 0.00636059
9 0.214062 0.0671296 0.0375 0.0509259 0.0063648
9 0.220573 0.0884259 0.00989583 0.0138889 0.00644346
13 0.0140625 0.368056 0.028125 0.0509259 0.00675149
9 0.265625 0.0962963 0.0104167 0.0462963 0.00696179
9 0.573698 0.0310185 0.0140625 0.0601852 0.00709574
2 0.324479 0.0810185 0.0375 0.0305556 0.0117287
9 0.21901 0.0550926 0.0213542 0.0453704 0.0158432
9 0.442969 0.087963 0.0130208 0.0277778 0.0172019
2 0.270573 0.112037 0.0119792 0.0351852 0.0179206
9 0.263542 0.0875 0.00833333 0.0324074 0.0203915
2 0.635156 0.145833 0.0109375 0.0509259 0.0219284
2 0.488021 0.108796 0.0125 0.0490741 0.0220801
9 0.502604 0.760648 0.0114583 0.0509259 0.0226137
0 0.635417 0.148148 0.009375 0.05 0.0252783
9 0.26901 0.0342593 0.0213542 0.0666667 0.0320241
2 0.786719 0.0898148 0.0171875 0.0222222 0.0330829
2 0.238542 0.142593 0.0177083 0.0388889 0.0340161
9 0.221875 0.0606481 0.0125 0.0361111 0.0349802
7 0.314063 0.0652778 0.0364583 0.0416667 0.0369664
7 0.311719 0.113889 0.0619792 0.0851852 0.0460054
9 0.567448 0.0481481 0.0078125 0.0240741 0.0461611
9 0.208333 0.0652778 0.01875 0.0416667 0.0531226
2 0.627604 0.120833 0.025 0.0490741 0.125458
2 0.464844 0.114352 0.0171875 0.0361111 0.127379
7 0.293229 0.112037 0.0291667 0.0777778 0.15098
2 0.479427 0.110648 0.0192708 0.0453704 0.230558
2 0.528646 0.0773148 0.015625 0.025 0.385836
2 0.315104 0.0587963 0.0322917 0.0305556 0.475119
2 0.318229 0.121296 0.0510417 0.0722222 0.569101
2 0.50625 0.105556 0.0416667 0.062963 0.71989
10 0.203906 0.316667 0.0161458 0.0722222 0.800226
11 0.728906 0.0430556 0.0265625 0.0564815 0.811715
2 0.489583 0.185185 0.0625 0.0851852 0.870025
2 0.729948 0.419444 0.122396 0.17037 0.905117
