9 0.363542 0.0666667 0.0114583 0.0203704 0.00101807
9 0.220573 0.10463 0.0130208 0.0407407 0.00102597
2 0.240104 0.10463 0.015625 0.0333333 0.00110473
2 0.77474 0.118519 0.0192708 0.0351852 0.00112051
9 0.415885 0.0125 0.0161458 0.025 0.00112925
12 0.966146 0.498611 0.025 0.0805556 0.00119292
2 0.416406 0.0222222 0.0171875 0.0259259 0.00124625
2 0.274479 0.125463 0.028125 0.0490741 0.00127521
2 0.746354 0.158333 0.0229167 0.0166667 0.00139566
2 0.746354 0.173148 0.0291667 0.037037 0.0014375
13 0.971354 0.524074 0.05625 0.181481 0.00146811
11 0.7375 0.0611111 0.015625 0.0296296 0.00147662
0 0.543229 0.289352 0.54375 0.480556 0.00151825
2 0.65651 0.137037 0.0796875 0.0814815 0.00155295
11 0.2375 0.0685185 0.0166667 0.0425926 0.00156916
9 0.293229 0.0564815 0.009375 0.037037 0.00157589
9 0.109115 0.0259259 0.0109375 0.0351852 0.00167717
11 0.240365 0.0347222 0.0213542 0.0657407 0.00168408
32 0.454167 0.313426 0.00833333 0.0157407 0.00176305
2 0.577083 0.422685 0.688542 0.178704 0.00178841
9 0.995313 0.52963 0.00833333 0.0537037 0.00183331
9 0.594531 0.0430556 0.00989583 0.0324074 0.00185825
9 0.36224 0.0462963 0.00989583 0.0351852 0.00195419
2 0.786719 0.0898148 0.0161458 0.0203704 0.00201494
12 0.985677 0.5 0.0234375 0.127778 0.00201796
1 0.00416667 0.393056 0.00833333 0.115741 0.00206339
9 0.582031 0.0356481 0.0119792 0.0583333 0.00208137
2 0.432031 0.106944 0.327604 0.0916667 0.00210243
7 0.971615 0.525926 0.0557292 0.198148 0.00221036
13 0.00390625 0.392593 0.0078125 0.112963 0.00222392
9 0.2375 0.0703704 0.0145833 0.0425926 0.00227577
9 0.576563 0.0328704 0.0145833 0.0638889 0.00232884
12 0.702083 0.138889 0.0239583 0.0851852 0.00239865
2 0.618229 0.115278 0.04375 0.0509259 0.00251221
9 0.984896 0.493519 0.021875 0.116667 0.0025128
9 0.291927 0.0675926 0.00989583 0.0203704 0.00260511
9 0.260938 0.0430556 0.0125 0.0564815 0.00299384
2 0.297656 0.108796 0.0307292 0.0824074 0.00303562
7 0.2125 0.062037 0.03125 0.0537037 0.00309952
0 0.36224 0.0680556 0.00885417 0.0287037 0.00318051
9 0.117448 0.0217593 0.0192708 0.037963 0.00319393
0 0.733333 0.371759 0.0333333 0.0305556 0.00354773
0 0.18099 0.731944 0.143229 0.493519 0.00388419
12 0.975 0.495833 0.0333333 0.119444 0.0038955
9 0.548177 0.05 0.0109375 0.0277778 0.00451636
9 0.995313 0.489352 0.00833333 0.123148 0.00483645
2 0.238281 0.140741 0.0182292 0.0407407 0.00486836
0 0.757812 0.0865741 0.0125 0.0768519 0.00489716
0 0.757031 0.375463 0.0192708 0.0287037 0.00504306
9 0.554948 0.0439815 0.0140625 0.0324074 0.00508605
2 0.269271 0.111111 0.0114583 0.0314815 0.00518033
9 0.258854 0.075463 0.0104167 0.0490741 0.0053624
11 0.60625 0.0606481 0.0104167 0.025 0.00572415
12 0.995052 0.49213 0.00885417 0.125 0.00572859
9 0.28125 0.0888889 0.00625 0.0240741 0.00586203
2 0.796354 0.062037 0.0385417 0.0574074 0.00609116
0 0.715885 0.371759 0.0234375 0.0268519 0.00644057
9 0.207813 0.0657407 0.0208333 0.0462963 0.00661665
9 0.252865 0.0865741 0.0119792 0.0342593 0.00664458
9 0.266146 0.0916667 0.009375 0.0425926 0.00775276
7 0.297917 0.108333 0.03125 0.0777778 0.00807213
2 0.635156 0.148148 0.0109375 0.0537037 0.00851883
2 0.291927 0.121759 0.0192708 0.0583333 0.00853064
0 0.635156 0.148148 0.00989583 0.05 0.00877735
9 0.560677 0.0314815 0.0265625 0.0592593 0.0120719
9 0.26276 0.0865741 0.0078125 0.0342593 0.0155026
9 0.220313 0.0884259 0.009375 0.0138889 0.0156284
2 0.592448 0.127315 0.0182292 0.0231481 0.0202288
9 0.565625 0.0425926 0.0104167 0.037037 0.0208337
9 0.270052 0.0439815 0.0192708 0.0490741 0.029344
9 0.500781 0.604167 0.0140625 0.0453704 0.0406737
9 0.223177 0.0578704 0.0130208 0.0361111 0.047321
2 0.4875 0.106944 0.015625 0.0509259 0.0476792
0 0.442708 0.0986111 0.015625 0.0490741 0.0524723
9 0.567448 0.0476852 0.0078125 0.025 0.0786599
2 0.463281 0.111111 0.0151042 0.0407407 0.093659
9 0.502865 0.760648 0.0119792 0.0546296 0.118574
2 0.478646 0.108796 0.0270833 0.0453704 0.276078
2 0.322396 0.0865741 0.0385417 0.0361111 0.328476
2 0.627865 0.122685 0.0244792 0.0509259 0.347009
2 0.50625 0.103704 0.04375 0.062963 0.563327
2 0.318229 0.120833 0.0510417 0.0712963 0.574984
11 0.729948 0.0439815 0.0265625 0.0601852 0.626913
10 0.203906 0.314815 0.0161458 0.0703704 0.814252
2 0.372656 0.207407 0.0723958 0.0962963 0.887205
2 0.730208 0.419907 0.121875 0.173148 0.912104
