58 0.920052 0.1875 0.159896 0.358333 0.00100635
0 0.524219 0.313889 0.552604 0.477778 0.00102591
2 0.276823 0.116204 0.0265625 0.0601852 0.00112994
2 0.392969 0.121296 0.0317708 0.0333333 0.00115841
0 0.817187 0.233796 0.00833333 0.0453704 0.00121084
9 0.261719 0.0453704 0.0151042 0.0481481 0.00126795
2 0.366667 0.1125 0.028125 0.037963 0.00128999
9 0.363281 0.0671296 0.0119792 0.0231481 0.00130127
7 0.78776 0.0634259 0.0234375 0.0564815 0.00133417
58 0.96875 0.49213 0.03125 0.0972222 0.00134797
7 0.970312 0.527315 0.0583333 0.206481 0.00139409
0 0.730208 0.372685 0.0270833 0.0287037 0.00140525
2 0.490104 0.111574 0.4125 0.0768519 0.00144183
2 0.352344 0.110648 0.0182292 0.0342593 0.00146545
11 0.739583 0.0657407 0.015625 0.0185185 0.00153952
0 0.75599 0.374537 0.0213542 0.0324074 0.00154749
0 0.263802 0.100926 0.00885417 0.0537037 0.00169111
9 0.275781 0.0398148 0.0359375 0.0759259 0.00172078
2 0.238802 0.137963 0.0182292 0.0444444 0.00181795
2 0.53151 0.1125 0.0130208 0.0416667 0.00183792
10 0.00546875 0.47037 0.0109375 0.22963 0.00191298
2 0.00494792 0.465278 0.00989583 0.234259 0.0021803
2 0.396875 0.111111 0.2375 0.062963 0.00225689
2 0.592188 0.125463 0.0177083 0.025 0.00235787
10 0.195573 0.292593 0.0328125 0.116667 0.00253179
0 0.3625 0.0736111 0.009375 0.0287037 0.0025489
9 0.292708 0.0532407 0.009375 0.0398148 0.00279504
2 0.7875 0.0833333 0.0166667 0.0240741 0.00284878
2 0.410156 0.116667 0.0151042 0.0277778 0.00287579
11 0.236979 0.0657407 0.0166667 0.0388889 0.00288197
12 0.994531 0.493056 0.00989583 0.134259 0.00289284
9 0.266146 0.0981481 0.0114583 0.0555556 0.00292826
9 0.207813 0.0675926 0.0208333 0.0388889 0.00305155
9 0.263021 0.0902778 0.00833333 0.0416667 0.00317191
9 0.99401 0.494907 0.0109375 0.132407 0.00325732
5 0.220833 0.0648148 0.0489583 0.05 0.00349566
11 0.605729 0.0601852 0.009375 0.0259259 0.00355256
13 0.961719 0.55463 0.0401042 0.0444444 0.00365441
13 0.969792 0.568056 0.05625 0.0731481 0.0041427
9 0.21901 0.0560185 0.0213542 0.0416667 0.0042003
9 0.21875 0.101852 0.009375 0.037037 0.00432228
2 0.0125 0.398611 0.025 0.113889 0.00447585
2 0.269792 0.110648 0.0114583 0.0361111 0.00478016
9 0.502344 0.759259 0.0119792 0.0555556 0.00479663
9 0.571615 0.0310185 0.0151042 0.0601852 0.00484673
7 0.219792 0.0671296 0.0510417 0.0583333 0.00486397
2 0.291406 0.0726852 0.0151042 0.0157407 0.0050602
0 0.715885 0.371759 0.0244792 0.0268519 0.00517343
9 0.269271 0.0435185 0.0208333 0.05 0.00552916
2 0.00494792 0.55787 0.00989583 0.0435185 0.00560168
13 0.991146 0.516667 0.0166667 0.172222 0.00627916
1 0.0122396 0.397685 0.0244792 0.112037 0.00650846
13 0.976302 0.518056 0.0463542 0.178704 0.00747798
9 0.269271 0.0222222 0.0208333 0.0407407 0.00883403
1 0.00442708 0.400463 0.00885417 0.106481 0.010641
2 0.785156 0.0893519 0.0151042 0.0212963 0.011486
0 0.75625 0.0907407 0.0135417 0.0814815 0.0115813
2 0.285417 0.12037 0.0145833 0.0611111 0.012136
2 0.00416667 0.405556 0.00833333 0.107407 0.0134805
9 0.219792 0.0902778 0.009375 0.0138889 0.0153745
9 0.567187 0.0472222 0.00833333 0.0240741 0.0217166
2 0.294271 0.101852 0.0302083 0.0703704 0.025805
2 0.4875 0.106944 0.0135417 0.0509259 0.027021
7 0.295052 0.106019 0.0317708 0.0824074 0.0277313
0 0.442187 0.0861111 0.0104167 0.0240741 0.0334663
2 0.463802 0.115741 0.0119792 0.0296296 0.0490135
0 0.634635 0.146759 0.00989583 0.0564815 0.0788268
2 0.467708 0.110185 0.0135417 0.0407407 0.119192
2 0.321875 0.087037 0.0385417 0.0333333 0.192674
2 0.479427 0.109722 0.0192708 0.0435185 0.198758
2 0.626823 0.120833 0.0255208 0.0490741 0.20284
7 0.506771 0.103241 0.0416667 0.0638889 0.393693
2 0.50651 0.102778 0.0411458 0.0648148 0.448024
7 0.521875 0.216667 0.084375 0.124074 0.507002
2 0.443229 0.115741 0.0291667 0.0277778 0.580087
2 0.521875 0.21713 0.084375 0.125 0.726012
2 0.317448 0.12037 0.0526042 0.0703704 0.740668
11 0.728906 0.0421296 0.0276042 0.0527778 0.776405
10 0.203906 0.314815 0.0161458 0.0722222 0.794136
2 0.385938 0.137963 0.0604167 0.0944444 0.796672
2 0.729427 0.418519 0.122396 0.172222 0.888969
