12 0.689323 0.1625 0.0130208 0.0435185 0.00100602
5 0.213542 0.0625 0.034375 0.0564815 0.00105062
0 0.817187 0.235185 0.00833333 0.037037 0.00108241
9 0.263802 0.0388889 0.0182292 0.0648148 0.00110048
7 0.27526 0.0643518 0.0401042 0.126852 0.00110718
2 0.530729 0.110648 0.0145833 0.0435185 0.00115262
11 0.236458 0.0634259 0.0166667 0.0342593 0.00116563
13 0.970573 0.564352 0.0578125 0.0898148 0.00119994
9 0.501562 0.758796 0.0135417 0.0546296 0.00121693
0 0.846354 0.178241 0.00833333 0.0324074 0.00122203
9 0.414844 0.0106481 0.0151042 0.0212963 0.00123018
2 0.65625 0.387037 0.360417 0.244444 0.00124197
9 0.921354 0.471759 0.0104167 0.0268519 0.00132445
9 0.976823 0.49537 0.0453125 0.127778 0.00138251
0 0.895312 0.262963 0.0114583 0.0296296 0.00140673
2 0.574219 0.12037 0.0526042 0.0351852 0.00141838
0 0.264323 0.103704 0.00885417 0.0481481 0.0014453
2 0.63724 0.142593 0.0213542 0.0518519 0.00145747
2 0.660677 0.150463 0.0682292 0.062037 0.00147519
0 0.759635 0.087963 0.0109375 0.0592593 0.00151308
2 0.363542 0.0675926 0.0114583 0.0222222 0.0015145
2 0.278646 0.115741 0.0302083 0.062963 0.00152621
0 0.757031 0.374074 0.0182292 0.0314815 0.00157047
9 0.528385 0.0462963 0.0130208 0.0259259 0.00163766
0 0.427865 0.11713 0.0130208 0.0453704 0.00164432
2 0.288021 0.0851852 0.0208333 0.0462963 0.00167583
9 0.220313 0.0888889 0.009375 0.0148148 0.00169936
1 0.0174479 0.175926 0.0348958 0.0592593 0.00169991
2 0.0263021 0.34213 0.0515625 0.0361111 0.00178728
9 0.558333 0.0240741 0.021875 0.0425926 0.0020487
2 0.592448 0.122685 0.0171875 0.0287037 0.00205694
32 0.454167 0.313889 0.00833333 0.0148148 0.00224436
58 0.967708 0.492593 0.0291667 0.0907407 0.00243047
7 0.99349 0.518056 0.0119792 0.173148 0.00244397
9 0.244792 0.0875 0.00625 0.025 0.00274722
2 0.784635 0.0898148 0.0151042 0.0166667 0.0028019
2 0.438802 0.110648 0.201562 0.0675926 0.00281128
9 0.548177 0.0518519 0.0109375 0.0240741 0.00281284
9 0.275521 0.0398148 0.0375 0.0777778 0.00282896
9 0.291667 0.0532407 0.00833333 0.0416667 0.00302047
2 0.404687 0.0875 0.0333333 0.0324074 0.00316072
13 0.0135417 0.394907 0.0270833 0.113889 0.00316503
9 0.207292 0.0662037 0.0197917 0.037963 0.00319355
7 0.219792 0.062037 0.05 0.0648148 0.00368487
0 0.716406 0.371296 0.0244792 0.0259259 0.00379776
0 0.755469 0.0893519 0.0130208 0.0805556 0.00431434
9 0.566927 0.0310185 0.0151042 0.0583333 0.00563911
2 0.605469 0.0592593 0.00989583 0.0259259 0.00595674
7 0.970833 0.523148 0.0572917 0.192593 0.0059894
0 0.442448 0.0865741 0.0130208 0.025 0.00614777
0 0.3625 0.0689815 0.009375 0.0268519 0.00624066
9 0.99401 0.49213 0.0109375 0.125 0.00640762
9 0.26901 0.049537 0.0203125 0.0398148 0.00671945
1 0.00911458 0.396759 0.0182292 0.112037 0.00877822
7 0.293229 0.106019 0.028125 0.0842593 0.00882139
1 0.00416667 0.410185 0.00833333 0.0833333 0.00897245
2 0.26901 0.109722 0.0109375 0.0361111 0.00941036
0 0.285417 0.118056 0.0135417 0.0657407 0.014502
2 0.441406 0.0884259 0.0140625 0.0287037 0.0148177
9 0.500521 0.601852 0.015625 0.0425926 0.0153137
2 0.009375 0.361574 0.01875 0.0435185 0.0153398
2 0.292448 0.0708333 0.00989583 0.0157407 0.0174517
9 0.26875 0.0189815 0.0208333 0.0342593 0.0202122
2 0.288542 0.117593 0.0197917 0.0666667 0.0269708
9 0.221875 0.0592593 0.0104167 0.0333333 0.0276821
0 0.633333 0.143981 0.0135417 0.0509259 0.0289012
2 0.446094 0.116667 0.0255208 0.0259259 0.0291865
9 0.566927 0.0472222 0.00885417 0.0240741 0.045602
2 0.427865 0.112037 0.0119792 0.0351852 0.0961274
2 0.463021 0.110185 0.0135417 0.0407407 0.183731
2 0.321875 0.0847222 0.0375 0.0342593 0.284605
2 0.626823 0.121296 0.0255208 0.05 0.290342
2 0.476562 0.108796 0.0270833 0.0435185 0.333919
7 0.540104 0.302778 0.107292 0.162963 0.429472
2 0.540104 0.303241 0.107292 0.162037 0.51342
2 0.505469 0.102778 0.0432292 0.062963 0.567695
10 0.203906 0.314352 0.0151042 0.0712963 0.657939
2 0.318229 0.12037 0.05 0.0685185 0.759109
11 0.729167 0.0412037 0.028125 0.0527778 0.785776
2 0.39974 0.113426 0.0515625 0.0824074 0.828322
2 0.729427 0.417593 0.123438 0.174074 0.913694
