0 0.441667 0.0805556 0.0125 0.0333333 0.00104102
0 0.48151 0.488889 0.0161458 0.0314815 0.00106283
2 0.00546875 0.0902778 0.0109375 0.0398148 0.00108578
0 0.664323 0.857407 0.0703125 0.0925926 0.00119808
0 0.757552 0.373148 0.0182292 0.0333333 0.0012707
9 0.270833 0.0333333 0.0260417 0.0611111 0.00127402
2 0.427604 0.111111 0.313542 0.0888889 0.00135037
12 0.21875 0.108796 0.0104167 0.0527778 0.00138709
58 0.967969 0.490741 0.0307292 0.0888889 0.00139184
7 0.236458 0.0675926 0.0166667 0.0462963 0.00140981
0 0.816927 0.235185 0.00885417 0.0351852 0.00141699
0 0.72474 0.721296 0.0692708 0.238889 0.00147997
2 0.0627604 0.0648148 0.0348958 0.0277778 0.00149419
0 0.73099 0.370833 0.0265625 0.0305556 0.00151738
9 0.548437 0.0527778 0.0114583 0.0222222 0.00151784
2 0.541406 0.111574 0.317187 0.0787037 0.00158688
2 0.329948 0.0791667 0.0317708 0.0305556 0.00164209
9 0.415104 0.0106481 0.015625 0.0212963 0.00164211
9 0.995052 0.526389 0.00885417 0.0398148 0.00164256
0 0.707292 0.372685 0.0208333 0.0287037 0.0018412
2 0.028125 0.10463 0.0395833 0.0518519 0.00185284
0 0.717708 0.370833 0.028125 0.0287037 0.00206636
9 0.582292 0.0361111 0.0114583 0.0555556 0.0020841
0 0.755729 0.0712963 0.0125 0.0407407 0.00208713
2 0.286198 0.10463 0.0182292 0.0703704 0.00215225
12 0.700781 0.163426 0.0203125 0.037963 0.00218533
9 0.990885 0.518056 0.0171875 0.176852 0.00222923
2 0.605208 0.0592593 0.0114583 0.0277778 0.00232609
2 0.661719 0.147685 0.0661458 0.0638889 0.00242013
2 0.263802 0.0939815 0.0109375 0.0527778 0.00260226
2 0.236458 0.0648148 0.0166667 0.037037 0.00263557
0 0.754687 0.087963 0.0166667 0.0722222 0.00274134
9 0.292188 0.050463 0.00833333 0.0416667 0.00294717
2 0.776302 0.10463 0.0234375 0.0296296 0.00308338
9 0.458854 0.0652778 0.00729167 0.0287037 0.00314369
2 0.255469 0.087037 0.0234375 0.0407407 0.00328185
2 0.53099 0.111111 0.0151042 0.0444444 0.00338105
9 0.571094 0.0305556 0.0119792 0.0574074 0.0034066
7 0.275 0.062963 0.0364583 0.12037 0.0034882
9 0.219271 0.0884259 0.009375 0.012037 0.00393723
2 0.270573 0.0740741 0.0213542 0.0722222 0.00406374
2 0.448438 0.113889 0.0302083 0.0259259 0.00423133
7 0.992448 0.517593 0.0140625 0.175926 0.00445691
0 0.282031 0.0833333 0.0078125 0.0277778 0.00456386
7 0.979948 0.517593 0.0390625 0.187037 0.00465271
7 0.220833 0.0546296 0.0520833 0.0907407 0.00466675
12 0.692448 0.1625 0.0078125 0.0398148 0.00480496
2 0.2375 0.137963 0.0197917 0.0462963 0.00645867
2 0.442187 0.0833333 0.0125 0.0259259 0.00681503
2 0.26901 0.0472222 0.0192708 0.0351852 0.00692458
9 0.502344 0.757407 0.0140625 0.0574074 0.00695868
2 0.288281 0.0791667 0.0130208 0.025 0.00878686
9 0.994531 0.49213 0.00989583 0.132407 0.00886751
2 0.592188 0.126852 0.0166667 0.0240741 0.00978068
9 0.565104 0.0449074 0.0104167 0.0324074 0.00986333
0 0.634635 0.145833 0.00989583 0.0546296 0.0101108
9 0.5 0.600926 0.015625 0.0407407 0.010201
5 0.220573 0.0611111 0.0484375 0.0592593 0.0102351
2 0.783073 0.0884259 0.0151042 0.0175926 0.0118278
2 0.291146 0.112963 0.0166667 0.0518519 0.0124134
9 0.442187 0.0837963 0.0125 0.0268519 0.0142487
2 0.270052 0.0976852 0.0151042 0.0564815 0.0152048
7 0.21224 0.0601852 0.0328125 0.0592593 0.0165147
2 0.634115 0.14213 0.0119792 0.0509259 0.0203275
0 0.581771 0.826852 0.0552083 0.0444444 0.0247512
0 0.658854 0.830556 0.05 0.0351852 0.0253017
2 0.290625 0.0717593 0.0125 0.0157407 0.0393172
2 0.4625 0.110185 0.0125 0.0407407 0.111401
2 0.626562 0.121296 0.025 0.0537037 0.328246
2 0.472135 0.108796 0.0307292 0.0435185 0.336539
2 0.321354 0.0851852 0.0364583 0.0351852 0.38548
2 0.505208 0.102315 0.0427083 0.0638889 0.424696
7 0.505469 0.102778 0.0432292 0.062963 0.469453
2 0.317708 0.119907 0.0510417 0.0694444 0.747995
11 0.728646 0.0402778 0.0270833 0.0527778 0.749847
10 0.203385 0.313889 0.0151042 0.0722222 0.753906
2 0.622396 0.878241 0.266667 0.232407 0.874924
2 0.729167 0.418519 0.123958 0.17037 0.907068
