0 0.530729 0.291667 0.5125 0.453704 0.00102724
2 0.513542 0.115278 0.279167 0.0916667 0.00104123
9 0.429688 0.0425926 0.00833333 0.0259259 0.00106457
9 0.236719 0.0685185 0.0171875 0.0462963 0.00111549
2 0.782552 0.113889 0.0359375 0.0648148 0.00119425
32 0.454167 0.314352 0.00729167 0.0138889 0.00121555
2 0.575781 0.424074 0.578646 0.174074 0.00121991
10 0.194792 0.295833 0.0333333 0.117593 0.00122221
12 0.701302 0.165278 0.0192708 0.037963 0.00123815
9 0.260156 0.0736111 0.0140625 0.0509259 0.00130785
13 0.98125 0.525 0.0364583 0.192593 0.00132625
9 0.502865 0.758796 0.0151042 0.0583333 0.00135382
2 0.21901 0.138426 0.0578125 0.0472222 0.00139906
9 0.990365 0.512963 0.0182292 0.17037 0.00142485
12 0.692448 0.162963 0.0078125 0.0407407 0.0014288
0 0.717188 0.372222 0.025 0.0259259 0.00144346
0 0.707292 0.372222 0.0197917 0.0277778 0.00144778
2 0.298958 0.135185 0.0197917 0.0481481 0.00147025
1 0.0117188 0.369907 0.0234375 0.0601852 0.00147655
9 0.253646 0.0856481 0.0166667 0.0361111 0.00148775
2 0.294271 0.107407 0.0822917 0.0907407 0.00166146
7 0.220052 0.0912037 0.0546875 0.123148 0.00169465
13 0.0132813 0.394907 0.0265625 0.113889 0.00171005
9 0.190625 0.0865741 0.009375 0.0212963 0.00173529
9 0.415365 0.00925926 0.0151042 0.0185185 0.00174461
9 0.579948 0.0337963 0.0161458 0.0638889 0.00187622
7 0.970573 0.525463 0.0578125 0.206481 0.00190506
12 0.701563 0.138889 0.0229167 0.0888889 0.00196836
13 0.00390625 0.4 0.0078125 0.103704 0.00211563
1 0.0046875 0.37037 0.009375 0.0648148 0.00216244
0 0.846094 0.210185 0.00885417 0.0777778 0.00238149
2 0.77526 0.123148 0.0192708 0.0444444 0.00239468
9 0.758073 0.0717593 0.00989583 0.0416667 0.00241449
0 0.816927 0.237037 0.00885417 0.037037 0.00247996
9 0.266927 0.0962963 0.0109375 0.0537037 0.00248056
9 0.21875 0.103704 0.0104167 0.0388889 0.00269534
12 0.976042 0.497222 0.04375 0.127778 0.00271785
2 0.408073 0.114815 0.263021 0.0814815 0.0027576
9 0.18776 0.0856481 0.00677083 0.0268519 0.00285001
2 0.65026 0.15 0.0390625 0.0555556 0.00308811
9 0.292969 0.0564815 0.00989583 0.0407407 0.00324533
9 0.26276 0.0856481 0.0078125 0.0342593 0.00386956
9 0.290885 0.0712963 0.0130208 0.0148148 0.00393274
0 0.442448 0.0986111 0.0161458 0.0509259 0.00409146
9 0.458333 0.0652778 0.00729167 0.0305556 0.00456162
2 0.271354 0.108333 0.0135417 0.0407407 0.00494148
2 0.363281 0.0675926 0.0130208 0.0240741 0.00513121
2 0.53151 0.112963 0.0140625 0.0425926 0.00517023
12 0.994792 0.49537 0.009375 0.137037 0.00602067
9 0.573177 0.0319444 0.0151042 0.0601852 0.00641788
2 0.442708 0.0865741 0.0135417 0.0268519 0.00667815
9 0.269792 0.0509259 0.01875 0.0351852 0.00700324
2 0.60599 0.0597222 0.00989583 0.025 0.00742135
9 0.216146 0.0537037 0.0270833 0.0481481 0.00930942
2 0.592448 0.127315 0.0171875 0.0212963 0.0113925
9 0.442969 0.0865741 0.0130208 0.0268519 0.0114927
2 0.786458 0.0888889 0.015625 0.0240741 0.0118987
9 0.207813 0.0662037 0.0197917 0.0453704 0.0126823
2 0.238281 0.14213 0.0182292 0.0398148 0.0128437
11 0.23724 0.0671296 0.0161458 0.0398148 0.016188
9 0.269531 0.0300926 0.0203125 0.0527778 0.0174045
2 0.471094 0.10787 0.0338542 0.0472222 0.0254095
0 0.635417 0.149074 0.009375 0.0481481 0.0259948
9 0.21901 0.0902778 0.0078125 0.0157407 0.0282364
2 0.635417 0.146759 0.0104167 0.0509259 0.0301458
9 0.567187 0.0481481 0.00833333 0.0240741 0.0404192
2 0.291927 0.108796 0.0265625 0.0805556 0.0530889
7 0.296354 0.10787 0.0375 0.0842593 0.104307
2 0.465625 0.114352 0.0177083 0.0361111 0.14507
2 0.480208 0.110648 0.0197917 0.0435185 0.164213
2 0.321354 0.0861111 0.0385417 0.0333333 0.210975
2 0.627344 0.122222 0.0255208 0.0518519 0.292434
2 0.505729 0.104167 0.0427083 0.062037 0.559094
2 0.317969 0.121296 0.0515625 0.0722222 0.622424
11 0.729427 0.0425926 0.0265625 0.0574074 0.729688
2 0.358073 0.108796 0.0328125 0.0453704 0.782439
10 0.203646 0.316204 0.0166667 0.0731481 0.796607
2 0.495573 0.184722 0.0692708 0.0935185 0.833349
2 0.729948 0.419907 0.122396 0.171296 0.884681
