2 0.638802 0.128241 0.0463542 0.0583333 0.00103223
0 0.23151 0.381944 0.0161458 0.0694444 0.00107396
1 0.0429688 0.157407 0.0859375 0.105556 0.00107958
7 0.989844 0.518056 0.0192708 0.187963 0.00111341
2 0.538802 0.424074 0.655729 0.17963 0.0012072
2 0.813542 0.075463 0.0166667 0.0175926 0.00121894
7 0.970573 0.521759 0.0578125 0.191667 0.00123906
12 0.982552 0.497685 0.0328125 0.130556 0.00125615
0 0.00494792 0.550463 0.00989583 0.0546296 0.00126616
2 0.648958 0.146296 0.0364583 0.0648148 0.00129924
0 0.444271 0.0986111 0.0197917 0.0490741 0.00131169
9 0.502344 0.759259 0.0130208 0.0555556 0.00133334
0 0.757031 0.374537 0.0203125 0.0324074 0.00133509
2 0.755208 0.116204 0.0177083 0.0398148 0.00135357
2 0.0046875 0.556019 0.009375 0.0435185 0.00138993
0 0.221615 0.354167 0.0286458 0.0601852 0.00140878
12 0.995573 0.529167 0.0078125 0.0342593 0.00140908
2 0.655729 0.139815 0.0791667 0.0814815 0.00141012
7 0.788021 0.062963 0.0239583 0.0648148 0.00141676
0 0.315365 0.287037 0.540104 0.481481 0.00145248
11 0.236979 0.0699074 0.0166667 0.0472222 0.00145284
0 0.635417 0.15 0.0114583 0.0648148 0.0015477
2 0.255469 0.0875 0.0192708 0.037963 0.00162475
2 0.593229 0.122685 0.0166667 0.0287037 0.00185915
2 0.525781 0.099537 0.0265625 0.062037 0.00188924
2 0.778906 0.100926 0.0286458 0.0444444 0.00200169
0 0.3625 0.0675926 0.0104167 0.0277778 0.00230256
0 0.00520833 0.474537 0.0104167 0.212037 0.00230391
0 0.263281 0.100463 0.00885417 0.0564815 0.0025264
2 0.408854 0.108333 0.270833 0.0796296 0.00253839
2 0.276042 0.0347222 0.0385417 0.0675926 0.00263949
0 0.716146 0.372222 0.0239583 0.0277778 0.00275855
2 0.556771 0.109259 0.215625 0.0648148 0.00282641
10 0.210938 0.337963 0.0177083 0.0537037 0.00296943
11 0.60599 0.0592593 0.00989583 0.0259259 0.00300909
1 0.00494792 0.374537 0.00989583 0.110185 0.00307561
0 0.754948 0.0921296 0.0161458 0.0787037 0.00316536
0 0.442708 0.0875 0.0135417 0.0287037 0.00348214
12 0.701823 0.165278 0.0192708 0.037963 0.00355956
7 0.303125 0.0490741 0.0229167 0.0388889 0.00373202
0 0.458594 0.0648148 0.0078125 0.0296296 0.0041269
1 0.0140625 0.452315 0.028125 0.262037 0.00426823
2 0.474479 0.108333 0.0760417 0.0611111 0.00428847
9 0.21224 0.0652778 0.0317708 0.0527778 0.00488365
9 0.581771 0.0342593 0.0135417 0.0592593 0.0049818
9 0.26901 0.0199074 0.0223958 0.0342593 0.0059407
9 0.994531 0.49213 0.00989583 0.121296 0.00600382
1 0.00442708 0.467593 0.00885417 0.225926 0.00610543
10 0.217969 0.346296 0.0182292 0.05 0.00649983
2 0.238542 0.139815 0.01875 0.0425926 0.00715226
2 0.270052 0.106481 0.0130208 0.0444444 0.00797468
7 0.277083 0.0365741 0.0375 0.0694444 0.00799214
12 0.994792 0.490278 0.009375 0.128704 0.00850571
2 0.363542 0.0662037 0.0114583 0.0194444 0.00918619
2 0.269531 0.0481481 0.0192708 0.0407407 0.00950205
12 0.691406 0.165741 0.00989583 0.0388889 0.00962471
2 0.635417 0.146759 0.009375 0.0546296 0.0100757
2 0.510417 0.075463 0.0395833 0.0268519 0.0107634
2 0.785156 0.0888889 0.0130208 0.0222222 0.0144274
24 0.216146 0.378704 0.021875 0.0592593 0.0149174
5 0.219792 0.0652778 0.0479167 0.0601852 0.0152045
9 0.572135 0.0310185 0.0140625 0.0583333 0.0157556
1 0.0132813 0.370833 0.0265625 0.0509259 0.0182933
10 0.442708 0.087037 0.0125 0.0277778 0.0190533
7 0.220313 0.0611111 0.0510417 0.0777778 0.0193159
1 0.00390625 0.415741 0.0078125 0.0722222 0.0258352
2 0.297917 0.0708333 0.0166667 0.0157407 0.0271212
2 0.488802 0.10787 0.0151042 0.0490741 0.0511764
9 0.567187 0.0472222 0.00833333 0.0240741 0.0650315
1 0.0119792 0.399537 0.0239583 0.10463 0.0757172
2 0.293229 0.106019 0.028125 0.0805556 0.0927133
2 0.4625 0.111111 0.0135417 0.0407407 0.121159
2 0.302344 0.0486111 0.0203125 0.0305556 0.18722
2 0.319531 0.1 0.0453125 0.0555556 0.212629
2 0.480208 0.108796 0.021875 0.0453704 0.247652
2 0.527344 0.0810185 0.0223958 0.025 0.284866
2 0.469531 0.109259 0.0265625 0.0444444 0.2892
2 0.322135 0.087037 0.0369792 0.0351852 0.292302
7 0.505729 0.102778 0.0427083 0.0648148 0.373885
2 0.505729 0.102778 0.0427083 0.0648148 0.486483
2 0.627083 0.122222 0.0260417 0.0518519 0.54379
1 0.220052 0.459722 0.0265625 0.115741 0.573588
10 0.204167 0.313426 0.015625 0.0657407 0.600378
2 0.317969 0.121759 0.0515625 0.0712963 0.75392
11 0.728906 0.0425926 0.0276042 0.0555556 0.788657
0 0.219792 0.4125 0.0333333 0.169444 0.809524
2 0.729688 0.419444 0.122917 0.17037 0.911061
