12 0.692969 0.163889 0.0078125 0.0388889 0.00100871
9 0.548177 0.0527778 0.0109375 0.0259259 0.00100974
1 0.0046875 0.452778 0.009375 0.225926 0.00105447
12 0.702344 0.121759 0.0223958 0.0490741 0.00106334
2 0.784896 0.106481 0.0416667 0.0592593 0.00106494
0 0.455729 0.374537 0.558333 0.462037 0.00107267
2 0.292969 0.10463 0.0838542 0.0925926 0.00113657
2 0.555729 0.419907 0.602083 0.180556 0.00115603
0 0.363542 0.0564815 0.0125 0.0407407 0.00136209
7 0.970052 0.521296 0.0588542 0.188889 0.00136992
9 0.566667 0.0587963 0.0104167 0.0453704 0.00137162
9 0.350781 0.0175926 0.0140625 0.0259259 0.00142674
12 0.702344 0.153241 0.0234375 0.0583333 0.00144088
0 0.708854 0.374074 0.01875 0.0277778 0.00147178
2 0.775 0.113426 0.0197917 0.0361111 0.00149467
32 0.454427 0.315278 0.0078125 0.0157407 0.00152376
1 0.177083 0.278241 0.015625 0.0398148 0.00154051
12 0.363542 0.0666667 0.0125 0.0259259 0.00161872
0 0.995833 0.325 0.00729167 0.0611111 0.00166541
9 0.26276 0.0296296 0.0161458 0.0555556 0.00166598
9 0.260938 0.0481481 0.0135417 0.0462963 0.0017073
2 0.419271 0.111574 0.3 0.0805556 0.00182211
0 0.263281 0.100463 0.00885417 0.0564815 0.00186489
9 0.36276 0.0509259 0.0119792 0.0425926 0.00196404
1 0.225 0.355093 0.05 0.134259 0.00198861
1 0.00807292 0.3625 0.0161458 0.0768519 0.00208647
7 0.993229 0.516667 0.0125 0.172222 0.00226986
9 0.49974 0.603241 0.0140625 0.037963 0.00229644
2 0.463281 0.111111 0.111979 0.0648148 0.00229766
0 0.717188 0.371759 0.0239583 0.0287037 0.00231622
9 0.439583 0.209259 0.0125 0.0537037 0.00238327
9 0.236979 0.0694444 0.0166667 0.0444444 0.00244304
2 0.565104 0.110648 0.244792 0.0694444 0.00245498
0 0.442969 0.1 0.0182292 0.05 0.00262205
2 0.267448 0.1 0.0109375 0.0555556 0.00280012
2 0.442708 0.0884259 0.0135417 0.0305556 0.0028682
9 0.269531 0.0597222 0.0171875 0.0305556 0.00290125
2 0.815365 0.0699074 0.0151042 0.012037 0.00304056
9 0.272396 0.0398148 0.0302083 0.0777778 0.00311425
2 0.653906 0.138426 0.0744792 0.0824074 0.00313296
58 0.968229 0.496296 0.0291667 0.0814815 0.00313755
2 0.814323 0.075 0.0182292 0.0166667 0.00332962
9 0.570573 0.0319444 0.0130208 0.0583333 0.00359821
9 0.255729 0.0777778 0.0145833 0.0462963 0.00376007
2 0.301823 0.0935185 0.0307292 0.0592593 0.00385002
9 0.99375 0.506019 0.0114583 0.149074 0.00431832
9 0.36276 0.0634259 0.00989583 0.0361111 0.0046438
2 0.791146 0.087963 0.0197917 0.0222222 0.00465997
9 0.29375 0.0541667 0.009375 0.0472222 0.00488568
0 0.758073 0.0731481 0.0119792 0.0425926 0.00553773
2 0.784896 0.0893519 0.0125 0.0212963 0.00586198
9 0.458333 0.0652778 0.00729167 0.0305556 0.00607935
11 0.606771 0.0601852 0.0104167 0.0259259 0.00643296
2 0.238281 0.143056 0.0182292 0.0361111 0.00645818
9 0.269271 0.0449074 0.0208333 0.0472222 0.00674277
12 0.994531 0.502778 0.00989583 0.144444 0.00685257
0 0.757031 0.0925926 0.0151042 0.0814815 0.00692807
2 0.651042 0.150463 0.04375 0.0601852 0.00744954
9 0.2625 0.087963 0.00729167 0.0351852 0.00783547
9 0.208073 0.0671296 0.0244792 0.0490741 0.00841401
24 0.239583 0.29537 0.0197917 0.05 0.0116276
1 0.00442708 0.409259 0.00885417 0.087037 0.0124043
2 0.0125 0.377315 0.025 0.0768519 0.0126344
2 0.270833 0.109722 0.0135417 0.0398148 0.0126641
9 0.502604 0.760648 0.0135417 0.0527778 0.0135965
7 0.21276 0.062963 0.0348958 0.062963 0.0144356
9 0.269271 0.0263889 0.0208333 0.0472222 0.0180136
9 0.442708 0.0875 0.0125 0.0287037 0.0190527
5 0.216146 0.0648148 0.040625 0.0611111 0.0193135
0 0.634896 0.147685 0.009375 0.0509259 0.0279674
1 0.0104167 0.39537 0.0208333 0.114815 0.0280374
2 0.491146 0.106944 0.0177083 0.0509259 0.0321191
9 0.294531 0.0703704 0.00885417 0.0185185 0.035739
2 0.634896 0.146296 0.0114583 0.0537037 0.0379912
9 0.567448 0.0481481 0.0078125 0.0240741 0.0401339
7 0.297135 0.106944 0.0369792 0.0824074 0.0450022
2 0.29349 0.108796 0.0286458 0.0768519 0.0638458
2 0.465625 0.112037 0.01875 0.0388889 0.177976
2 0.479688 0.109722 0.01875 0.0435185 0.20028
2 0.322656 0.0861111 0.0369792 0.0351852 0.323831
2 0.627344 0.120833 0.0255208 0.0509259 0.434827
1 0.2375 0.369907 0.0239583 0.112037 0.446937
2 0.505729 0.104167 0.04375 0.062037 0.635238
2 0.31849 0.121296 0.0505208 0.0703704 0.707941
10 0.204167 0.315741 0.0166667 0.0703704 0.759607
0 0.23776 0.32963 0.0328125 0.144444 0.77097
11 0.729167 0.0430556 0.0270833 0.0564815 0.796963
2 0.729948 0.418981 0.122396 0.171296 0.90922
