9 0.415885 0.00925926 0.0161458 0.0185185 0.00101908
2 0.817187 0.233796 0.009375 0.0435185 0.0010261
12 0.988542 0.500926 0.021875 0.138889 0.00104107
13 0.9875 0.521296 0.0239583 0.174074 0.00107463
0 0.536198 0.261111 0.525521 0.364815 0.00109068
0 0.536458 0.110185 0.0104167 0.0481481 0.00109073
9 0.50026 0.604167 0.0151042 0.0416667 0.00109502
2 0.63099 0.106944 0.0432292 0.0712963 0.00112493
2 0.363542 0.0685185 0.0114583 0.0203704 0.00113513
1 0.0114583 0.35787 0.0229167 0.062037 0.00114107
9 0.571875 0.0324074 0.0145833 0.0592593 0.00115532
0 0.00520833 0.456019 0.0104167 0.234259 0.00117419
2 0.596354 0.424074 0.6625 0.194444 0.00120338
2 0.267448 0.738426 0.0411458 0.0657407 0.00120539
2 0.30026 0.10787 0.0859375 0.0916667 0.00122435
2 0.0263021 0.362037 0.0526042 0.05 0.00126085
0 0.388281 0.25787 0.0244792 0.0342593 0.00135081
2 0.0268229 0.393056 0.0536458 0.117593 0.0014269
9 0.263021 0.0865741 0.00833333 0.0342593 0.00143383
0 0.151823 0.518519 0.0213542 0.0425926 0.0014824
7 0.986458 0.523611 0.0260417 0.187963 0.00155867
2 0.772656 0.111574 0.0151042 0.025 0.00159577
0 0.754948 0.0740741 0.0119792 0.0388889 0.00159767
0 0.263281 0.105556 0.00885417 0.0537037 0.00160117
12 0.692187 0.166204 0.009375 0.0398148 0.00161156
9 0.985677 0.50463 0.0265625 0.138889 0.00166769
11 0.240104 0.0337963 0.021875 0.0638889 0.00174224
11 0.236979 0.0680556 0.0166667 0.0435185 0.00176837
9 0.583594 0.0388889 0.0130208 0.0518519 0.00181633
13 0.970312 0.534259 0.0583333 0.166667 0.00184095
0 0.740365 0.371759 0.0265625 0.0324074 0.00186017
58 0.969271 0.49537 0.03125 0.0944444 0.00188851
0 0.397396 0.517593 0.744792 0.859259 0.00190124
2 0.53125 0.1125 0.0125 0.0416667 0.00192423
9 0.489323 0.980093 0.0171875 0.0398148 0.0020084
2 0.815365 0.0712963 0.0161458 0.0148148 0.00209455
2 0.238281 0.14213 0.0203125 0.037963 0.00214473
2 0.561198 0.105556 0.219271 0.0611111 0.002172
2 0.00494792 0.556019 0.00989583 0.0416667 0.00220811
9 0.293229 0.0537037 0.009375 0.0425926 0.00222506
0 0.73099 0.372222 0.0234375 0.0277778 0.00227177
0 0.274219 0.738889 0.0578125 0.0648148 0.00240162
0 0.266927 0.1 0.0109375 0.0574074 0.00243856
2 0.442448 0.0888889 0.0140625 0.0296296 0.00257153
2 0.414323 0.109259 0.296354 0.0759259 0.00305562
9 0.361979 0.0699074 0.00833333 0.0231481 0.00312119
7 0.788542 0.0652778 0.025 0.062037 0.00335881
0 0.442187 0.0981481 0.0166667 0.0481481 0.00338496
2 0.782031 0.101389 0.0338542 0.0472222 0.00383951
2 0.60625 0.0606481 0.0104167 0.025 0.00441596
2 0.795313 0.0865741 0.0291667 0.0231481 0.00442505
1 0.810156 0.332407 0.0203125 0.0925926 0.00450136
0 0.756771 0.374074 0.0197917 0.0314815 0.0051066
12 0.995052 0.5 0.00885417 0.146296 0.00566723
0 0.713281 0.371759 0.0234375 0.0268519 0.00597437
7 0.970312 0.529167 0.0583333 0.208333 0.00682928
0 0.308594 0.742593 0.0515625 0.0611111 0.00708897
7 0.220313 0.0671296 0.05 0.0583333 0.00771822
2 0.0122396 0.394907 0.0244792 0.121296 0.00808232
9 0.994792 0.518056 0.009375 0.167593 0.00860336
9 0.208854 0.0662037 0.025 0.0472222 0.00861173
0 0.626562 0.130093 0.0270833 0.0638889 0.00869608
2 0.272135 0.111111 0.0140625 0.037037 0.00882275
2 0.813802 0.0759259 0.0182292 0.0148148 0.00922277
5 0.220313 0.0662037 0.0489583 0.0527778 0.0103044
1 0.0046875 0.406481 0.009375 0.0925926 0.0185208
9 0.269271 0.0319444 0.0208333 0.0583333 0.021075
0 0.369792 0.265278 0.01875 0.0268519 0.021979
2 0.786458 0.087963 0.015625 0.0240741 0.0231049
9 0.567187 0.0486111 0.00833333 0.0231481 0.026662
2 0.0046875 0.406019 0.009375 0.0935185 0.0268596
0 0.334635 0.74213 0.0432292 0.0601852 0.0282089
3 0.0104167 0.394444 0.0208333 0.116667 0.0286456
9 0.442448 0.0893519 0.0130208 0.0287037 0.0340371
1 0.0119792 0.393056 0.0239583 0.119444 0.0343273
9 0.502344 0.760648 0.0119792 0.0527778 0.0381153
2 0.293229 0.108333 0.028125 0.0796296 0.0591406
2 0.463281 0.109722 0.0161458 0.0453704 0.0738236
0 0.272396 0.746759 0.0322917 0.0546296 0.0823719
7 0.297917 0.107407 0.0385417 0.0814815 0.117759
2 0.627344 0.120833 0.0255208 0.0509259 0.219092
2 0.322135 0.0861111 0.0380208 0.0351852 0.262611
2 0.473437 0.109259 0.034375 0.0462963 0.268183
2 0.50625 0.10463 0.0416667 0.062963 0.558963
2 0.31849 0.121759 0.0505208 0.0712963 0.653247
10 0.204167 0.31713 0.015625 0.0712963 0.672463
11 0.729167 0.0430556 0.0270833 0.0564815 0.812191
2 0.3875 0.301389 0.0989583 0.132407 0.898605
2 0.619792 0.214815 0.125 0.103704 0.90129
2 0.729948 0.418981 0.122396 0.171296 0.905474
2 0.302083 0.803704 0.184375 0.27963 0.917397
