2 0.815625 0.0699074 0.015625 0.0138889 0.00101324
12 0.988281 0.500463 0.0223958 0.14537 0.00103865
9 0.190365 0.0875 0.00989583 0.0175926 0.00112143
9 0.292969 0.0527778 0.00989583 0.037037 0.00114763
2 0.797396 0.087963 0.0375 0.0333333 0.00120697
0 0.253906 0.131481 0.0171875 0.0537037 0.00126234
9 0.264323 0.0805556 0.0119792 0.0314815 0.00126715
2 0.588021 0.125463 0.009375 0.025 0.0012773
11 0.236198 0.0671296 0.0192708 0.0435185 0.00129373
2 0.646354 0.143056 0.0333333 0.0583333 0.00134545
2 0.817448 0.234259 0.00885417 0.0425926 0.00140608
2 0.291667 0.103704 0.115625 0.0981481 0.00142495
12 0.701302 0.164815 0.0234375 0.037037 0.00144057
7 0.790885 0.0643518 0.0307292 0.0583333 0.00161139
13 0.98776 0.521296 0.0234375 0.17963 0.00180826
2 0.779688 0.102778 0.0291667 0.0444444 0.0020643
2 0.299219 0.0847222 0.0265625 0.0398148 0.00219727
13 0.99401 0.519444 0.0109375 0.172222 0.00219802
9 0.25625 0.075463 0.0104167 0.0435185 0.00229736
7 0.993229 0.518056 0.0125 0.173148 0.0023139
0 0.26276 0.108796 0.00989583 0.0527778 0.00231667
2 0.582031 0.418981 0.684896 0.191667 0.00232268
1 0.00911458 0.349537 0.0182292 0.0972222 0.00234936
0 0.188021 0.109722 0.00729167 0.0472222 0.00246161
7 0.970052 0.530556 0.0588542 0.211111 0.00265425
1 0.810417 0.33287 0.0197917 0.0898148 0.00286508
13 0.970312 0.527315 0.0583333 0.186111 0.00298382
12 0.691927 0.163889 0.00885417 0.0407407 0.00334008
2 0.447656 0.109722 0.365104 0.0842593 0.00337634
0 0.716146 0.372222 0.0229167 0.0277778 0.00360969
2 0.59349 0.126852 0.0161458 0.0222222 0.00370365
0 0.266406 0.0981481 0.0109375 0.0555556 0.00370828
0 0.757292 0.0925926 0.0135417 0.0796296 0.00372117
14 0.483073 0.490741 0.0151042 0.0296296 0.00373203
2 0.239063 0.141204 0.0197917 0.0416667 0.00454082
2 0.815104 0.0759259 0.015625 0.0166667 0.00495563
9 0.217448 0.0564815 0.0255208 0.0444444 0.00501799
18 0.238802 0.141667 0.0192708 0.0407407 0.00522504
2 0.38099 0.107407 0.157813 0.0722222 0.00523971
11 0.240885 0.0328704 0.0213542 0.0638889 0.00529477
12 0.994271 0.503704 0.0104167 0.146296 0.00592605
9 0.994271 0.506944 0.0104167 0.152778 0.0061612
2 0.270312 0.110185 0.0125 0.0388889 0.00631433
2 0.0114583 0.366204 0.0229167 0.0583333 0.00672034
1 0.0140625 0.369907 0.028125 0.0657407 0.00791444
0 0.390625 0.307407 0.0572917 0.037037 0.0083538
2 0.436198 0.0939815 0.0119792 0.0324074 0.00862731
11 0.60651 0.0611111 0.00989583 0.0259259 0.0090261
0 0.635417 0.147685 0.009375 0.0490741 0.0101192
1 0.009375 0.39537 0.01875 0.118519 0.0119683
9 0.49974 0.604167 0.0161458 0.0398148 0.0122983
2 0.363021 0.0791667 0.0135417 0.0416667 0.0131149
1 0.00390625 0.408796 0.0078125 0.087963 0.015633
2 0.340365 0.0875 0.0130208 0.0342593 0.0158716
2 0.635156 0.144907 0.0109375 0.0509259 0.0161752
5 0.220833 0.0675926 0.0510417 0.0537037 0.0168184
9 0.207031 0.0675926 0.0203125 0.0425926 0.0169425
7 0.220833 0.0662037 0.0510417 0.0564815 0.0215141
2 0.785677 0.0912037 0.0151042 0.0212963 0.0253421
0 0.409115 0.30787 0.0328125 0.037963 0.0283384
9 0.114323 0.0240741 0.0140625 0.0388889 0.0320246
2 0.49349 0.105093 0.0213542 0.0564815 0.034732
9 0.567708 0.0486111 0.00833333 0.0231481 0.0409643
2 0.293229 0.112963 0.0270833 0.0685185 0.0500651
9 0.502604 0.760185 0.0125 0.0555556 0.0708892
7 0.296875 0.103704 0.0291667 0.0740741 0.0914136
9 0.26901 0.0351852 0.0213542 0.0666667 0.102863
2 0.627865 0.121296 0.0255208 0.05 0.14281
2 0.322656 0.087037 0.0380208 0.037037 0.216814
2 0.480729 0.108796 0.021875 0.0472222 0.323275
7 0.50625 0.10463 0.04375 0.062963 0.358251
2 0.50625 0.105093 0.04375 0.062037 0.468236
2 0.453385 0.102315 0.0401042 0.062037 0.594977
2 0.382031 0.0828704 0.0286458 0.0472222 0.740425
10 0.204167 0.316204 0.0166667 0.0712963 0.742394
2 0.31875 0.121759 0.05 0.0694444 0.750666
11 0.729167 0.0430556 0.0270833 0.0564815 0.759928
2 0.392969 0.351852 0.127604 0.196296 0.902821
2 0.729948 0.419444 0.122396 0.172222 0.911628
