12 0.701823 0.161111 0.0203125 0.0444444 0.00102974
2 0.340885 0.174074 0.0119792 0.0296296 0.00104254
2 0.278646 0.116667 0.0322917 0.0648148 0.00107615
12 0.692187 0.162963 0.00833333 0.037037 0.00108907
2 0.266667 0.0976852 0.0104167 0.0527778 0.0011494
9 0.244531 0.0828704 0.00677083 0.0305556 0.00115261
9 0.360938 0.0648148 0.0114583 0.0240741 0.00120329
13 0.0135417 0.395833 0.0270833 0.110185 0.00131555
9 0.21901 0.103241 0.00989583 0.0361111 0.00133695
2 0.238542 0.141667 0.01875 0.0388889 0.0014073
12 0.990104 0.513426 0.01875 0.167593 0.00145512
11 0.740104 0.0643518 0.0145833 0.0194444 0.00149331
58 0.952344 0.182407 0.0953125 0.359259 0.00152595
2 0.529948 0.113426 0.0109375 0.0416667 0.00154411
2 0.576302 0.424537 0.674479 0.176852 0.00156068
2 0.00390625 0.418056 0.0078125 0.0675926 0.00166951
12 0.977604 0.498611 0.04375 0.134259 0.00171334
0 0.709896 0.371759 0.0197917 0.0287037 0.00172378
12 0.702083 0.139352 0.0229167 0.0842593 0.00173932
9 0.26276 0.0884259 0.0078125 0.0398148 0.00174168
13 0.00390625 0.412963 0.0078125 0.0759259 0.00189743
32 0.454427 0.314352 0.0078125 0.0138889 0.00195386
2 0.44349 0.105093 0.0192708 0.0324074 0.00196518
13 0.970312 0.521296 0.0583333 0.190741 0.00204108
13 0.986198 0.518056 0.0265625 0.176852 0.00232881
9 0.236979 0.0685185 0.0125 0.0407407 0.00254117
1 0.00885417 0.395833 0.0177083 0.0990741 0.00254168
2 0.545833 0.113426 0.261458 0.075 0.00267094
1 0.0117188 0.370833 0.0234375 0.062037 0.0027341
2 0.3 0.109722 0.09375 0.087963 0.00276846
2 0.292188 0.0685185 0.0104167 0.0166667 0.00280885
2 0.289583 0.0939815 0.0177083 0.0509259 0.00288747
2 0.451823 0.114352 0.131771 0.0712963 0.00293111
2 0.407031 0.114815 0.259896 0.0833333 0.0029816
9 0.265885 0.0361111 0.0234375 0.0685185 0.0030653
9 0.21276 0.0675926 0.0348958 0.0518519 0.00307957
11 0.60651 0.0597222 0.00989583 0.0268519 0.00354069
2 0.485938 0.103241 0.0458333 0.0601852 0.00387797
9 0.293229 0.0546296 0.00833333 0.0407407 0.00415742
12 0.994271 0.494444 0.0104167 0.131481 0.00446394
58 0.967969 0.495833 0.0286458 0.0861111 0.00495557
0 0.28724 0.114352 0.0171875 0.0731481 0.00568574
9 0.992969 0.494444 0.0130208 0.127778 0.00589054
9 0.502344 0.75787 0.0140625 0.0564815 0.0069897
2 0.591927 0.125463 0.0192708 0.025 0.0076274
2 0.35026 0.131944 0.0265625 0.0657407 0.00869288
9 0.207552 0.0671296 0.0182292 0.0435185 0.00959209
2 0.270312 0.112037 0.0125 0.0333333 0.00984432
2 0.295833 0.101389 0.0260417 0.062037 0.0103984
2 0.786719 0.0884259 0.0171875 0.0231481 0.011205
2 0.28776 0.120833 0.0140625 0.0564815 0.0120249
2 0.442448 0.0865741 0.0140625 0.0268519 0.0137578
0 0.290625 0.118056 0.0125 0.0416667 0.0144925
9 0.219792 0.0893519 0.00833333 0.0157407 0.0162904
0 0.756771 0.0861111 0.0125 0.0759259 0.0168818
9 0.442708 0.0865741 0.0125 0.0287037 0.019117
9 0.26901 0.0208333 0.0192708 0.0361111 0.0208712
9 0.567187 0.0476852 0.00833333 0.0231481 0.0240331
9 0.222656 0.0583333 0.0109375 0.0351852 0.0771793
2 0.463802 0.111574 0.0171875 0.0416667 0.0820564
2 0.480729 0.101852 0.025 0.0314815 0.126825
0 0.634375 0.145833 0.0114583 0.0583333 0.134291
2 0.627344 0.121296 0.0255208 0.05 0.237456
2 0.322135 0.0861111 0.0369792 0.0351852 0.273575
2 0.351562 0.114352 0.021875 0.0435185 0.338089
2 0.472917 0.110185 0.034375 0.0444444 0.36241
2 0.509375 0.103704 0.0364583 0.062963 0.548399
11 0.729167 0.0421296 0.0270833 0.0546296 0.718688
2 0.317708 0.122222 0.0510417 0.0685185 0.722997
2 0.489062 0.147222 0.0583333 0.0944444 0.764265
10 0.203906 0.315278 0.0161458 0.0694444 0.790662
2 0.373177 0.184722 0.0755208 0.113889 0.832614
2 0.729688 0.418981 0.122917 0.171296 0.911349
