0 0.555469 0.198148 0.510938 0.246296 0.00101167
0 0.75599 0.124537 0.0182292 0.025 0.00105427
2 0.530729 0.1125 0.0135417 0.0435185 0.00111308
58 0.966927 0.508796 0.0505208 0.130556 0.00112994
0 0.389583 0.170833 0.0239583 0.0361111 0.00114034
7 0.146615 0.0907407 0.0671875 0.0814815 0.00114422
11 0.236979 0.0675926 0.0177083 0.0425926 0.00117161
9 0.583333 0.0430556 0.0135417 0.0398148 0.00117555
0 0.542708 0.309722 0.548958 0.278704 0.00121652
2 0.677083 0.114815 0.123958 0.0777778 0.00122062
9 0.485156 0.0263889 0.0109375 0.0324074 0.00123738
7 0.236458 0.0648148 0.0177083 0.0388889 0.00126855
2 0.0140625 0.396296 0.028125 0.122222 0.00136776
2 0.780729 0.101389 0.0333333 0.0435185 0.00142679
0 0.372135 0.293519 0.0421875 0.0407407 0.0016138
2 0.792448 0.0990741 0.0546875 0.0574074 0.00169058
0 0.730208 0.373148 0.0260417 0.0277778 0.00172463
2 0.579948 0.419444 0.577604 0.188889 0.0017334
0 0.757031 0.375926 0.0213542 0.0314815 0.0017405
0 0.392708 0.293981 0.025 0.037963 0.00174818
0 0.452865 0.508796 0.745313 0.771296 0.00178714
2 0.238021 0.140278 0.01875 0.0416667 0.00181427
2 0.444792 0.108333 0.0229167 0.037037 0.00192316
2 0.648958 0.149074 0.0385417 0.0592593 0.00192855
9 0.502083 0.759722 0.0125 0.0546296 0.00204393
2 0.297917 0.10463 0.0895833 0.1 0.00212886
2 0.656771 0.136111 0.084375 0.0814815 0.00213267
13 0.96224 0.553704 0.0401042 0.0407407 0.00232706
9 0.263542 0.0902778 0.00833333 0.0416667 0.00237342
7 0.970573 0.525926 0.0578125 0.198148 0.00237983
2 0.422917 0.110185 0.313542 0.0833333 0.00248704
9 0.483854 0.0458333 0.00833333 0.025 0.00251879
0 0.361458 0.0712963 0.009375 0.0333333 0.00258881
9 0.0796875 0.161111 0.0114583 0.0277778 0.00272212
2 0.00390625 0.414352 0.0078125 0.0712963 0.00282467
0 0.442187 0.087037 0.0135417 0.0259259 0.0028936
0 0.715104 0.371759 0.0229167 0.0268519 0.00290093
9 0.276563 0.0398148 0.0375 0.0740741 0.00301437
2 0.359375 0.12037 0.0291667 0.0296296 0.00302005
13 0.99375 0.519907 0.0114583 0.173148 0.00308605
2 0.58724 0.1125 0.329688 0.0712963 0.00331318
9 0.99401 0.489815 0.0109375 0.118519 0.0033348
9 0.572917 0.0305556 0.0145833 0.0592593 0.00348303
0 0.267448 0.0990741 0.0109375 0.0555556 0.00350047
0 0.755208 0.0824074 0.0135417 0.0611111 0.00368861
12 0.700781 0.1625 0.0192708 0.0435185 0.0037597
2 0.477344 0.111574 0.124479 0.0675926 0.00376343
2 0.77526 0.114352 0.0213542 0.0342593 0.00380294
7 0.221094 0.0560185 0.0526042 0.0861111 0.00380648
7 0.275781 0.0597222 0.0390625 0.113889 0.00401479
13 0.970312 0.528241 0.0583333 0.186111 0.00405264
2 0.790104 0.087037 0.0229167 0.0259259 0.00444118
12 0.694531 0.162037 0.0119792 0.0407407 0.00455882
9 0.500521 0.604167 0.015625 0.0435185 0.00464368
12 0.99401 0.489815 0.0109375 0.12037 0.00466004
0 0.995833 0.329167 0.00729167 0.0527778 0.00467589
9 0.293229 0.0541667 0.00833333 0.0416667 0.00497058
58 0.968229 0.494444 0.03125 0.0888889 0.00529519
13 0.985937 0.521296 0.0270833 0.177778 0.00600551
1 0.00546875 0.396296 0.0109375 0.107407 0.00633268
2 0.784635 0.0898148 0.0151042 0.0240741 0.00637936
1 0.0114583 0.388426 0.0229167 0.100926 0.00693544
0 0.355729 0.305556 0.021875 0.0277778 0.0078221
5 0.21875 0.0652778 0.0447917 0.0546296 0.00829958
0 0.285417 0.107407 0.0135417 0.0740741 0.0106123
2 0.270833 0.109722 0.0145833 0.037963 0.0111912
9 0.208333 0.0680556 0.0239583 0.0453704 0.0124943
7 0.213021 0.062963 0.0333333 0.0574074 0.0125055
2 0.60599 0.0592593 0.00989583 0.0259259 0.015176
2 0.290104 0.10787 0.0229167 0.0805556 0.0159935
9 0.269271 0.0416667 0.0208333 0.0537037 0.0164259
9 0.442187 0.0865741 0.0135417 0.025 0.0170249
0 0.634896 0.148611 0.009375 0.0509259 0.0193867
2 0.489844 0.106944 0.0171875 0.0509259 0.021601
9 0.566667 0.0476852 0.00833333 0.0231481 0.0316933
7 0.297135 0.106944 0.0369792 0.0805556 0.0336252
9 0.220573 0.0893519 0.00885417 0.0138889 0.0341495
2 0.634896 0.143519 0.0104167 0.0481481 0.036782
2 0.302604 0.106481 0.0427083 0.0796296 0.0478054
2 0.46224 0.111111 0.0130208 0.0407407 0.081833
2 0.321094 0.0856481 0.0390625 0.0361111 0.233557
2 0.471875 0.109259 0.0302083 0.0444444 0.275665
7 0.505469 0.103704 0.0432292 0.062963 0.389455
2 0.505469 0.103241 0.0432292 0.0638889 0.430069
2 0.627083 0.121296 0.0260417 0.0518519 0.472042
10 0.203646 0.315741 0.015625 0.0722222 0.587504
2 0.317969 0.121296 0.0526042 0.0722222 0.718541
11 0.728646 0.0421296 0.0270833 0.0546296 0.820451
2 0.379687 0.183333 0.0645833 0.0907407 0.871044
2 0.729688 0.419444 0.122917 0.172222 0.907545
2 0.377604 0.339815 0.104167 0.148148 0.919383
2 0.745833 0.190278 0.128125 0.110185 0.922536
