9 0.5625 0.0490741 0.0197917 0.0259259 0.00100453
7 0.220833 0.0898148 0.0520833 0.118519 0.00101102
2 0.507552 0.114815 0.285937 0.0888889 0.00105869
32 0.454427 0.314815 0.0078125 0.0148148 0.00108282
9 0.257031 0.0796296 0.0161458 0.0481481 0.00111246
0 0.75651 0.0944444 0.0151042 0.0796296 0.00111462
2 0.242448 0.105556 0.0130208 0.0333333 0.00115536
0 0.2625 0.101389 0.0104167 0.0564815 0.00120112
9 0.995313 0.526852 0.00833333 0.0444444 0.00136045
2 0.660937 0.147685 0.0614583 0.0638889 0.00136753
2 0.29349 0.128704 0.0192708 0.0611111 0.00137918
0 0.816927 0.235185 0.00885417 0.0388889 0.00137943
9 0.236979 0.0648148 0.0166667 0.037037 0.00138824
9 0.559115 0.0282407 0.0213542 0.0509259 0.0014494
11 0.254687 0.0865741 0.0177083 0.0361111 0.00164456
12 0.701302 0.164352 0.0223958 0.037963 0.00167695
2 0.466667 0.0222222 0.021875 0.0222222 0.0016902
2 0.365365 0.0851852 0.0244792 0.0351852 0.00172449
9 0.582812 0.0402778 0.0125 0.0453704 0.00186113
7 0.99349 0.517593 0.0119792 0.17037 0.00186401
0 0.715104 0.370833 0.0239583 0.0268519 0.0019173
9 0.439063 0.199074 0.0114583 0.0388889 0.00195368
2 0.345833 0.111574 0.0125 0.0416667 0.00234557
9 0.263281 0.0875 0.00885417 0.0342593 0.00235499
2 0.429167 0.112037 0.194792 0.0740741 0.00244246
2 0.292969 0.105093 0.0807292 0.087963 0.00244742
9 0.5 0.603704 0.0145833 0.037037 0.00249904
7 0.788542 0.0625 0.025 0.0583333 0.00252913
7 0.972135 0.521759 0.0546875 0.191667 0.00276286
2 0.815104 0.0763889 0.0166667 0.0175926 0.00280019
1 0.00703125 0.37037 0.0140625 0.0592593 0.0031738
1 0.00963542 0.4 0.0192708 0.112963 0.00320128
9 0.217708 0.0782407 0.021875 0.0324074 0.00329719
2 0.782292 0.100926 0.0364583 0.0537037 0.00332305
9 0.994792 0.495833 0.009375 0.136111 0.00341304
0 0.267188 0.0976852 0.0104167 0.0509259 0.00347589
2 0.442448 0.104167 0.0192708 0.037963 0.00348953
2 0.776823 0.10787 0.0244792 0.0342593 0.00404639
12 0.994271 0.49537 0.0104167 0.12963 0.00423822
11 0.23724 0.0689815 0.0161458 0.0435185 0.00431135
7 0.383854 0.0601852 0.040625 0.037037 0.0045892
0 0.75651 0.074537 0.0109375 0.0435185 0.00468561
12 0.692969 0.164352 0.0078125 0.037963 0.0053423
2 0.593229 0.126389 0.0177083 0.0231481 0.00542453
5 0.216146 0.0634259 0.0385417 0.0583333 0.00557283
2 0.238802 0.141667 0.0182292 0.0407407 0.00560919
1 0.00494792 0.403241 0.00989583 0.0990741 0.00642058
11 0.60651 0.0597222 0.00989583 0.025 0.00874569
9 0.213542 0.0587963 0.03125 0.0527778 0.00925484
2 0.372396 0.1125 0.0458333 0.0675926 0.00974633
19 0.441927 0.0875 0.0140625 0.0268519 0.0103325
2 0.442187 0.087037 0.0145833 0.0259259 0.0108394
9 0.571094 0.0314815 0.0140625 0.0592593 0.0108835
2 0.789583 0.0875 0.0208333 0.025 0.0126103
0 0.995573 0.330556 0.0078125 0.0518519 0.0139226
2 0.644531 0.146759 0.0296875 0.0583333 0.0144514
2 0.271354 0.111111 0.0135417 0.037037 0.0144874
7 0.213542 0.0638889 0.0364583 0.0592593 0.014933
9 0.502083 0.760185 0.0125 0.0537037 0.016893
9 0.26875 0.0351852 0.0208333 0.0666667 0.0209187
2 0.489062 0.108333 0.0145833 0.05 0.025797
2 0.634896 0.146296 0.0104167 0.0537037 0.0452667
9 0.567187 0.0481481 0.00833333 0.0240741 0.0528131
2 0.297396 0.107407 0.0354167 0.0814815 0.086975
2 0.361198 0.0662037 0.0140625 0.0212963 0.0954981
2 0.465625 0.111111 0.0177083 0.0407407 0.131408
7 0.296875 0.106944 0.0364583 0.0824074 0.136498
2 0.479167 0.109722 0.0208333 0.0453704 0.237688
2 0.322396 0.0861111 0.0375 0.0351852 0.284764
2 0.627344 0.121296 0.0255208 0.05 0.305315
7 0.505729 0.10463 0.04375 0.062963 0.351267
2 0.385938 0.062963 0.034375 0.0296296 0.42187
2 0.505729 0.10463 0.04375 0.062963 0.470357
2 0.31849 0.122222 0.0505208 0.0703704 0.626826
10 0.204167 0.315741 0.015625 0.0722222 0.659174
2 0.391927 0.103704 0.0380208 0.0537037 0.786562
11 0.728906 0.0430556 0.0265625 0.0583333 0.798976
2 0.363281 0.112037 0.0286458 0.0407407 0.825927
2 0.729427 0.418519 0.122396 0.172222 0.898082
