0 0.731771 0.371296 0.028125 0.0314815 0.00103094
12 0.702083 0.134722 0.0229167 0.0768519 0.00103724
2 0.21875 0.134722 0.059375 0.0564815 0.00109272
2 0.778385 0.100926 0.0265625 0.0444444 0.00109667
2 0.0239583 0.373611 0.0479167 0.0787037 0.00110531
2 0.0476562 0.0828704 0.0598958 0.0509259 0.00110584
9 0.990625 0.513889 0.0177083 0.164815 0.00116109
12 0.363802 0.0671296 0.0119792 0.0231481 0.00117751
7 0.28151 0.0773148 0.0348958 0.143519 0.00124333
9 0.588542 0.0365741 0.015625 0.0509259 0.00124913
2 0.536458 0.111111 0.0114583 0.0462963 0.00128144
9 0.115625 0.0231481 0.015625 0.0388889 0.00128471
12 0.693229 0.1625 0.00729167 0.0416667 0.00129817
12 0.983073 0.501389 0.0296875 0.132407 0.00132096
9 0.56224 0.05 0.0192708 0.0259259 0.00142474
9 0.176563 0.510648 0.0375 0.0416667 0.0014321
2 0.961719 0.55463 0.0380208 0.0407407 0.00145212
9 0.26224 0.0435185 0.0161458 0.0574074 0.00157044
2 0.296615 0.105556 0.0765625 0.0944444 0.00163915
11 0.220313 0.0666667 0.0520833 0.0592593 0.00164428
9 0.995573 0.533333 0.0078125 0.0388889 0.00165513
7 0.971094 0.518981 0.0567708 0.180556 0.00165523
9 0.559115 0.0282407 0.0213542 0.0527778 0.00166444
0 0.632812 0.983796 0.046875 0.0305556 0.00170735
9 0.416146 0.0115741 0.0166667 0.0231481 0.00173476
1 0.00598958 0.360185 0.0119792 0.0925926 0.00175566
2 0.442708 0.0893519 0.0135417 0.0305556 0.00175932
7 0.989583 0.52037 0.0197917 0.185185 0.00177066
12 0.702083 0.164352 0.0208333 0.037963 0.00196496
2 0.00546875 0.0921296 0.0109375 0.0416667 0.00200791
9 0.566406 0.0560185 0.0109375 0.0398148 0.00208324
2 0.408073 0.109722 0.272396 0.0805556 0.00214297
0 0.26224 0.105556 0.00989583 0.05 0.00216415
9 0.207292 0.0680556 0.0208333 0.0416667 0.00223301
9 0.3625 0.0675926 0.009375 0.0277778 0.0023366
9 0.273958 0.0444444 0.0333333 0.087037 0.00241959
2 0.575781 0.108796 0.240104 0.0675926 0.00243897
9 0.267969 0.062963 0.0182292 0.0333333 0.00279583
0 0.441927 0.0976852 0.0171875 0.0490741 0.00279872
9 0.2625 0.0888889 0.00833333 0.0407407 0.00287425
9 0.219792 0.087037 0.0104167 0.0166667 0.0028869
11 0.23724 0.0685185 0.0171875 0.0425926 0.00288751
2 0.684896 0.957407 0.0572917 0.0814815 0.00293117
9 0.994792 0.498611 0.009375 0.136111 0.00333506
9 0.43776 0.199537 0.00885417 0.0361111 0.00346798
9 0.218229 0.0564815 0.0239583 0.05 0.00352043
2 0.241146 0.106944 0.0166667 0.0342593 0.00379708
2 0.034375 0.0685185 0.0208333 0.0222222 0.00389632
0 0.714844 0.370833 0.0244792 0.0287037 0.00393803
9 0.581771 0.0351852 0.0135417 0.0574074 0.00407907
0 0.75599 0.087037 0.0130208 0.0648148 0.00430996
9 0.258854 0.075 0.0135417 0.05 0.00462233
2 0.00651042 0.369444 0.0130208 0.0722222 0.00468394
9 0.252865 0.0856481 0.0140625 0.0361111 0.00469684
2 0.0502604 0.0662037 0.0515625 0.0324074 0.00493097
2 0.480729 0.108333 0.053125 0.0592593 0.00533854
9 0.50026 0.604167 0.0151042 0.0416667 0.00593514
2 0.267708 0.0990741 0.0135417 0.0574074 0.00642898
12 0.994792 0.498148 0.009375 0.137037 0.00670567
5 0.220833 0.0662037 0.05 0.0583333 0.00696014
10 0.442708 0.087963 0.0125 0.0296296 0.00761427
9 0.845833 0.177315 0.00625 0.0268519 0.00808027
9 0.572135 0.0310185 0.0140625 0.0583333 0.00825957
13 0.009375 0.393056 0.01875 0.115741 0.00994218
2 0.238802 0.141667 0.0192708 0.0407407 0.0103174
2 0.635417 0.146296 0.0104167 0.0518519 0.0106644
2 0.271615 0.107407 0.0140625 0.0444444 0.0114626
0 0.635677 0.147685 0.00989583 0.0509259 0.0134947
9 0.26901 0.025 0.0213542 0.0444444 0.0139749
2 0.592708 0.127315 0.0177083 0.0231481 0.0162506
13 0.0046875 0.399074 0.009375 0.101852 0.0170275
11 0.60651 0.0601852 0.00989583 0.0240741 0.018521
2 0.786198 0.0893519 0.0151042 0.0231481 0.020348
7 0.220833 0.0662037 0.0510417 0.0657407 0.0219774
9 0.502344 0.760185 0.0130208 0.0537037 0.0748204
9 0.567187 0.0476852 0.00833333 0.0231481 0.0860268
7 0.298698 0.10787 0.0390625 0.0842593 0.122772
2 0.4625 0.112963 0.0135417 0.037037 0.127289
2 0.321875 0.0875 0.0385417 0.0361111 0.220937
2 0.298698 0.106944 0.0380208 0.0842593 0.256008
2 0.480729 0.108796 0.0239583 0.0453704 0.270922
2 0.627604 0.122222 0.025 0.0518519 0.432464
2 0.50651 0.104167 0.0421875 0.062037 0.593774
2 0.31849 0.120833 0.0505208 0.0712963 0.710575
10 0.204167 0.316204 0.0166667 0.0712963 0.736425
11 0.729427 0.0430556 0.0265625 0.0564815 0.793543
2 0.594271 0.94537 0.239583 0.107407 0.828645
2 0.729688 0.418981 0.122917 0.171296 0.914201
