9 0.560417 0.0305556 0.025 0.0592593 0.00101218
2 0.995052 0.331019 0.00885417 0.0601852 0.00106971
2 0.466927 0.103241 0.0453125 0.0546296 0.00107356
2 0.576823 0.420833 0.582812 0.180556 0.00109865
2 0.401823 0.181481 0.0244792 0.0796296 0.00109924
2 0.352344 0.110648 0.0265625 0.0453704 0.00112454
0 0.717448 0.371296 0.0223958 0.0277778 0.00112843
9 0.293229 0.0537037 0.009375 0.037037 0.00112959
2 0.655469 0.136111 0.0838542 0.0814815 0.00112975
2 0.796094 0.0837963 0.0526042 0.037963 0.00113028
12 0.69974 0.163426 0.0223958 0.0416667 0.00113346
9 0.554427 0.0490741 0.0171875 0.0277778 0.00114366
3 0.470573 0.115278 0.0307292 0.037963 0.00124657
2 0.777344 0.113889 0.0255208 0.0351852 0.0012494
0 0.392969 0.169907 0.0338542 0.0416667 0.0012763
32 0.460156 0.356944 0.0109375 0.0157407 0.00133435
12 0.976562 0.493519 0.0458333 0.12037 0.00136973
11 0.60599 0.0601852 0.00989583 0.0240741 0.00139198
13 0.994531 0.521296 0.00989583 0.168519 0.00143294
7 0.236458 0.0731481 0.01875 0.0537037 0.00145502
1 0.0119792 0.368056 0.0239583 0.0490741 0.00168956
9 0.817448 0.234722 0.00885417 0.0398148 0.00170975
2 0.817708 0.234722 0.00833333 0.0398148 0.00171352
2 0.976302 0.494444 0.0463542 0.12037 0.00184244
2 0.254427 0.0861111 0.0192708 0.0351852 0.00184317
2 0.24349 0.106019 0.0119792 0.0342593 0.00209225
9 0.415885 0.0138889 0.0171875 0.0277778 0.00214668
2 0.463802 0.108796 0.121354 0.075 0.0022412
9 0.589844 0.0425926 0.0130208 0.0462963 0.00231483
2 0.236979 0.0671296 0.0166667 0.0416667 0.00249794
7 0.276823 0.0481481 0.0338542 0.05 0.00253589
9 0.994271 0.491204 0.0104167 0.117593 0.00254292
2 0.383594 0.108333 0.198437 0.0888889 0.00255072
2 0.295573 0.103241 0.0817708 0.0953704 0.0026762
0 0.263021 0.101852 0.009375 0.0537037 0.00277357
32 0.454688 0.314352 0.00729167 0.0138889 0.00286413
2 0.546615 0.1125 0.373437 0.0824074 0.00291726
7 0.270312 0.0314815 0.0239583 0.0574074 0.00322483
13 0.0135417 0.39537 0.0270833 0.116667 0.0034021
9 0.548177 0.0518519 0.0109375 0.0259259 0.00345443
1 0.00911458 0.396296 0.0182292 0.116667 0.00365242
7 0.426302 0.0518519 0.0536458 0.0537037 0.00374883
13 0.96276 0.555556 0.0421875 0.0462963 0.00383966
13 0.971615 0.521296 0.0557292 0.175926 0.0039034
12 0.994531 0.490741 0.00989583 0.12037 0.00412734
1 0.00494792 0.38287 0.00989583 0.102778 0.00423599
13 0.00442708 0.400463 0.00885417 0.102778 0.00426593
12 0.692448 0.164815 0.0109375 0.0407407 0.00446122
9 0.502344 0.759259 0.0130208 0.0555556 0.00453529
9 0.5 0.603241 0.0145833 0.037963 0.00486201
2 0.814062 0.0740741 0.01875 0.0185185 0.00528174
58 0.96849 0.496759 0.0307292 0.0861111 0.00556092
0 0.757812 0.123148 0.0135417 0.0277778 0.00573472
0 0.995573 0.329167 0.0078125 0.0527778 0.006382
2 0.363281 0.0666667 0.0130208 0.0277778 0.0066182
2 0.268229 0.099537 0.0125 0.0564815 0.00680433
0 0.757552 0.0740741 0.0109375 0.0425926 0.00700154
0 0.635156 0.147222 0.00989583 0.0537037 0.00811705
9 0.26901 0.024537 0.0213542 0.0435185 0.00883838
9 0.577083 0.0351852 0.0177083 0.0666667 0.00904251
7 0.276302 0.0657407 0.0380208 0.125926 0.00907918
0 0.36224 0.0694444 0.0109375 0.0314815 0.0104679
2 0.786198 0.0884259 0.0161458 0.025 0.0109189
9 0.582812 0.0347222 0.0145833 0.062037 0.011623
2 0.270312 0.0481481 0.01875 0.037037 0.0117018
2 0.238021 0.141204 0.0177083 0.0416667 0.0125516
2 0.271354 0.108796 0.0135417 0.0398148 0.0126265
2 0.634375 0.140278 0.0125 0.0490741 0.0133092
2 0.592188 0.126852 0.0177083 0.0222222 0.013374
2 0.461198 0.114815 0.0130208 0.0333333 0.0167737
9 0.571094 0.0314815 0.0130208 0.0592593 0.0172232
5 0.220052 0.0657407 0.0505208 0.0611111 0.0390541
7 0.220052 0.0652778 0.0505208 0.062037 0.0429385
0 0.46276 0.115741 0.0130208 0.0314815 0.0467732
2 0.470313 0.113426 0.0270833 0.0361111 0.0496037
2 0.479167 0.112037 0.0177083 0.0407407 0.0643205
0 0.442969 0.0828704 0.0140625 0.037963 0.0733261
7 0.296354 0.10787 0.0354167 0.0824074 0.0874964
2 0.297396 0.107407 0.0354167 0.0814815 0.112232
9 0.567187 0.0481481 0.00833333 0.0240741 0.116933
2 0.410417 0.0625 0.0229167 0.0287037 0.24861
2 0.322135 0.0856481 0.0380208 0.0361111 0.279756
2 0.480729 0.0759259 0.0270833 0.0351852 0.327097
2 0.433854 0.062963 0.0375 0.0333333 0.343452
2 0.627604 0.121296 0.0260417 0.0518519 0.36892
2 0.505729 0.103241 0.0427083 0.0638889 0.508669
2 0.31849 0.120833 0.0505208 0.0712963 0.65215
10 0.203906 0.315741 0.0151042 0.0722222 0.692581
2 0.389844 0.106481 0.0442708 0.0611111 0.79984
11 0.729167 0.0435185 0.0270833 0.0574074 0.806484
2 0.383073 0.177315 0.0630208 0.087963 0.863279
2 0.729688 0.418981 0.122917 0.171296 0.90487
2 0.746094 0.190741 0.127604 0.111111 0.910617
