9 0.429948 0.0416667 0.0078125 0.0240741 0.00100941
58 0.920052 0.185648 0.159896 0.369444 0.00101485
7 0.291927 0.075463 0.0151042 0.0212963 0.00104105
12 0.98724 0.495833 0.0244792 0.130556 0.00104705
2 0.8125 0.0787037 0.0197917 0.0203704 0.0010473
9 0.290365 0.0263889 0.0109375 0.0342593 0.00106239
1 0.176302 0.278704 0.0151042 0.0407407 0.00113144
0 0.26276 0.161111 0.0109375 0.0777778 0.00114086
0 0.526042 0.289815 0.5375 0.468519 0.00114258
2 0.00390625 0.424537 0.0078125 0.0546296 0.00115679
9 0.559375 0.0268519 0.021875 0.0518519 0.00122005
2 0.588281 0.421759 0.614062 0.180556 0.00131001
2 0.991927 0.525463 0.0151042 0.178704 0.00132988
12 0.69375 0.162963 0.00625 0.0388889 0.00134355
1 0.252083 0.308333 0.0208333 0.109259 0.00137383
9 0.36224 0.0703704 0.00885417 0.0222222 0.00139748
9 0.260677 0.049537 0.0130208 0.0435185 0.00140256
7 0.236979 0.0675926 0.0177083 0.0444444 0.00141361
12 0.702344 0.15463 0.0223958 0.0574074 0.00141746
2 0.816927 0.231481 0.00989583 0.0444444 0.0014186
0 0.717969 0.370833 0.0244792 0.0287037 0.00142227
12 0.975 0.5 0.0427083 0.12963 0.00142514
1 0.00390625 0.418519 0.0078125 0.0666667 0.00143972
0 0.755469 0.0912037 0.0151042 0.0805556 0.00171463
2 0.410677 0.107407 0.282813 0.0796296 0.00180262
2 0.569531 0.108333 0.281771 0.0722222 0.00188157
2 0.363802 0.0680556 0.0109375 0.0194444 0.00190539
0 0.995573 0.327315 0.0078125 0.0601852 0.00191648
1 0.271615 0.2875 0.0348958 0.087963 0.00194327
13 0.978385 0.523148 0.0421875 0.181481 0.00204057
13 0.970573 0.565278 0.0578125 0.0916667 0.00204472
2 0.442448 0.0875 0.0130208 0.0287037 0.00205594
11 0.236979 0.0689815 0.0166667 0.0453704 0.00212375
1 0.0078125 0.366667 0.015625 0.0685185 0.00224065
9 0.274219 0.0402778 0.0338542 0.0787037 0.00242989
2 0.470833 0.107407 0.0854167 0.0611111 0.00243004
0 0.442448 0.0976852 0.0171875 0.0490741 0.00244482
9 0.115885 0.0240741 0.0151042 0.0388889 0.00254997
9 0.292708 0.0546296 0.00833333 0.0425926 0.00255216
2 0.286719 0.112963 0.0161458 0.0722222 0.00255596
58 0.96875 0.494907 0.0302083 0.0898148 0.00291003
7 0.148438 0.0916667 0.0697917 0.0814815 0.00309101
9 0.109115 0.0263889 0.0119792 0.0361111 0.00327056
9 0.263021 0.0888889 0.00729167 0.0388889 0.00341524
9 0.576823 0.0337963 0.0161458 0.0638889 0.00343791
0 0.263542 0.104167 0.00729167 0.0490741 0.00365299
9 0.266406 0.099537 0.00989583 0.0564815 0.00369897
7 0.970312 0.528704 0.0583333 0.207407 0.00373127
7 0.99375 0.519907 0.0114583 0.171296 0.00380748
5 0.21276 0.0662037 0.0338542 0.0546296 0.00391163
9 0.270312 0.0476852 0.0208333 0.0546296 0.00401821
2 0.00494792 0.55787 0.00989583 0.0416667 0.00433909
2 0.532292 0.112037 0.0145833 0.0425926 0.00434174
9 0.211719 0.0662037 0.0296875 0.0509259 0.00505361
9 0.584115 0.0439815 0.0119792 0.0416667 0.00556551
2 0.238542 0.14213 0.01875 0.0398148 0.00698383
2 0.269792 0.110185 0.0125 0.0388889 0.00718866
9 0.502344 0.759259 0.0130208 0.0555556 0.00728191
1 0.810417 0.330093 0.0177083 0.0861111 0.00735088
2 0.635156 0.144444 0.0109375 0.05 0.00946197
9 0.570573 0.0314815 0.0130208 0.0592593 0.0106991
12 0.995052 0.495833 0.00885417 0.137963 0.0109549
11 0.60625 0.0597222 0.009375 0.025 0.0121729
0 0.635417 0.147685 0.009375 0.0527778 0.0126683
9 0.269531 0.0226852 0.0203125 0.0416667 0.017049
0 0.757812 0.0712963 0.0104167 0.0425926 0.0173146
2 0.592448 0.126389 0.0182292 0.0231481 0.0180769
9 0.442448 0.0875 0.0119792 0.0287037 0.0181726
2 0.294271 0.106944 0.0302083 0.075 0.0183649
7 0.220573 0.0671296 0.0505208 0.062037 0.0194963
2 0.78724 0.087963 0.0171875 0.0259259 0.0197869
2 0.48776 0.107407 0.0140625 0.05 0.0310872
9 0.440104 0.216667 0.015625 0.0685185 0.0510003
2 0.46224 0.113889 0.0140625 0.0351852 0.066263
9 0.567187 0.0486111 0.00833333 0.025 0.0737223
7 0.299479 0.103241 0.034375 0.0731481 0.0749339
2 0.480469 0.109259 0.0203125 0.0444444 0.208875
2 0.467708 0.110185 0.0229167 0.0425926 0.230915
2 0.322656 0.0861111 0.0369792 0.0333333 0.320305
2 0.627604 0.122222 0.0260417 0.0518519 0.390278
1 0.258854 0.299537 0.0166667 0.0824074 0.488163
2 0.50599 0.103704 0.0421875 0.062963 0.537883
10 0.204167 0.316667 0.015625 0.0703704 0.629932
2 0.31875 0.121759 0.05 0.0694444 0.659455
0 0.260677 0.263889 0.0255208 0.122222 0.730565
11 0.728906 0.0425926 0.0276042 0.0574074 0.788663
2 0.729688 0.419907 0.122917 0.171296 0.909736
