9 0.219792 0.10463 0.0114583 0.0388889 0.00103294
10 0.774479 0.123611 0.01875 0.0453704 0.00103352
9 0.56224 0.05 0.0203125 0.0259259 0.00108
7 0.423698 0.0527778 0.0463542 0.0592593 0.00113671
2 0.778125 0.106944 0.0270833 0.0527778 0.00121313
2 0.263021 0.103241 0.0104167 0.0527778 0.00131504
2 0.639583 0.129167 0.0510417 0.0638889 0.00136053
12 0.971354 0.521296 0.05625 0.181481 0.00138363
7 0.278385 0.0759259 0.0369792 0.144444 0.00143761
2 0.41875 0.0953704 0.125 0.0796296 0.00147659
2 0.614062 0.0837963 0.0385417 0.0805556 0.00157266
2 0.422135 0.112963 0.273438 0.0833333 0.00158645
2 0.226823 0.140741 0.0421875 0.0425926 0.00162221
2 0.214323 0.106481 0.0484375 0.0444444 0.00164238
9 0.254167 0.0865741 0.0145833 0.0361111 0.0017089
9 0.592188 0.0467593 0.0114583 0.0361111 0.00180199
9 0.260677 0.0694444 0.0140625 0.0611111 0.00185387
0 0.731771 0.371759 0.028125 0.0287037 0.00187986
9 0.547917 0.0513889 0.0104167 0.025 0.00196464
9 0.584375 0.0407407 0.0145833 0.0537037 0.00201535
32 0.454688 0.314352 0.00729167 0.0138889 0.00205283
2 0.639583 0.146759 0.01875 0.0509259 0.00206527
7 0.971094 0.524537 0.0567708 0.189815 0.00214721
0 0.101302 0.126852 0.0203125 0.0462963 0.00219712
2 0.774479 0.119444 0.01875 0.037037 0.00222047
9 0.416146 0.0180556 0.0177083 0.0361111 0.00228954
9 0.576823 0.0342593 0.0140625 0.0666667 0.00242857
2 0.00651042 0.0916667 0.0130208 0.0425926 0.00248976
0 0.444271 0.0967593 0.0197917 0.0546296 0.00254186
9 0.23724 0.0708333 0.0151042 0.0453704 0.00256314
1 0.00364583 0.397222 0.00729167 0.103704 0.00260502
9 0.291927 0.0694444 0.0119792 0.0166667 0.00281265
2 0.226823 0.106019 0.0286458 0.037963 0.00294446
2 0.788281 0.0824074 0.0151042 0.0203704 0.0029658
2 0.344792 0.101852 0.0135417 0.0481481 0.0030806
2 0.305469 0.0842593 0.0276042 0.0388889 0.00312208
7 0.219531 0.0652778 0.0505208 0.0824074 0.00323731
9 0.26224 0.0402778 0.0151042 0.062037 0.00327267
2 0.29349 0.104167 0.0713542 0.0935185 0.00330802
5 0.214844 0.062037 0.0380208 0.0592593 0.00379237
9 0.20651 0.0694444 0.0182292 0.0388889 0.00382618
2 0.605208 0.0592593 0.0104167 0.0259259 0.00429377
0 0.709115 0.373611 0.0182292 0.025 0.00431098
9 0.110156 0.024537 0.0109375 0.0342593 0.00449438
2 0.267448 0.0972222 0.0109375 0.0537037 0.00460655
2 0.35625 0.111574 0.121875 0.0768519 0.00503656
2 0.651042 0.15 0.040625 0.0574074 0.00517653
9 0.26276 0.087963 0.00885417 0.037037 0.00540244
9 0.29401 0.0569444 0.00885417 0.0361111 0.00563407
0 0.717708 0.370833 0.021875 0.0268519 0.00567613
2 0.784896 0.0898148 0.0125 0.0203704 0.0066996
2 0.592448 0.124537 0.0171875 0.0268519 0.00676445
0 0.75651 0.0925926 0.0140625 0.0796296 0.00753901
12 0.995313 0.488426 0.00833333 0.121296 0.00794548
11 0.23724 0.0680556 0.0161458 0.0416667 0.00915849
9 0.220313 0.0884259 0.0104167 0.0138889 0.00938932
12 0.973177 0.49537 0.0390625 0.116667 0.00967534
2 0.238542 0.140741 0.01875 0.0407407 0.0115307
0 0.635156 0.148611 0.00885417 0.0490741 0.0123094
2 0.338542 0.087037 0.0135417 0.0314815 0.0200627
2 0.363281 0.0685185 0.0119792 0.0240741 0.0220285
9 0.502604 0.759722 0.0114583 0.0564815 0.0224912
2 0.272396 0.111111 0.0145833 0.0351852 0.027196
9 0.566927 0.0310185 0.0130208 0.0583333 0.0275661
2 0.461719 0.112963 0.0130208 0.0351852 0.0283927
9 0.269271 0.0388889 0.0208333 0.0592593 0.0361211
0 0.442187 0.0828704 0.0125 0.0305556 0.038989
2 0.486719 0.106944 0.0203125 0.0509259 0.041055
9 0.222656 0.0592593 0.0119792 0.037037 0.0747881
9 0.500521 0.602315 0.015625 0.0398148 0.0760045
7 0.295052 0.109259 0.0338542 0.0796296 0.0905717
9 0.567187 0.0481481 0.009375 0.0240741 0.101278
2 0.29401 0.109722 0.0307292 0.0805556 0.180138
2 0.411719 0.0638889 0.0203125 0.0314815 0.256534
2 0.322396 0.0865741 0.0375 0.0342593 0.281023
2 0.627083 0.122222 0.025 0.0518519 0.288922
2 0.477604 0.108796 0.0291667 0.0453704 0.347118
2 0.423438 0.0648148 0.04375 0.0351852 0.352707
2 0.505729 0.103704 0.04375 0.062963 0.5552
2 0.31849 0.120833 0.0505208 0.0712963 0.625292
10 0.204167 0.315278 0.0166667 0.0694444 0.724686
11 0.729427 0.0421296 0.0276042 0.0564815 0.783233
2 0.376042 0.107407 0.0395833 0.0518519 0.802651
2 0.729948 0.418981 0.121354 0.175 0.903763
