1 0.241667 0.29213 0.0302083 0.0935185 0.00101459
11 0.220833 0.0560185 0.053125 0.0805556 0.00101991
2 0.786458 0.103704 0.04375 0.05 0.00103198
2 0.596875 0.114815 0.0125 0.0444444 0.00106042
2 0.544531 0.110648 0.363021 0.0768519 0.00109309
1 0.257552 0.30787 0.0296875 0.0861111 0.00110154
12 0.694792 0.163426 0.00729167 0.037963 0.00110743
13 0.986979 0.519907 0.025 0.176852 0.00116089
9 0.581771 0.0393519 0.0125 0.0472222 0.00117239
2 0.575521 0.425 0.670833 0.17963 0.00117767
9 0.27474 0.0412037 0.0359375 0.0805556 0.00121394
1 0.269271 0.306019 0.08125 0.10463 0.00121503
0 0.442969 0.0981481 0.0171875 0.05 0.0012821
12 0.702083 0.165278 0.0197917 0.037963 0.00131421
9 0.429688 0.0421296 0.00833333 0.0194444 0.00137067
13 0.970573 0.568519 0.0578125 0.0851852 0.0013852
2 0.421615 0.110648 0.221354 0.0694444 0.00140516
12 0.98776 0.499537 0.0234375 0.149074 0.00148162
1 0.810417 0.331019 0.01875 0.0916667 0.00157388
11 0.240365 0.0351852 0.0223958 0.0685185 0.00157992
9 0.5 0.604167 0.0145833 0.0435185 0.00159762
0 0.526042 0.288889 0.552083 0.464815 0.00166317
2 0.777344 0.103241 0.0244792 0.0398148 0.00169106
9 0.415365 0.00787037 0.0151042 0.0157407 0.00188419
7 0.789062 0.0634259 0.0270833 0.0638889 0.00194543
2 0.238281 0.141667 0.0192708 0.0407407 0.00195603
1 0.0122396 0.369444 0.0244792 0.0648148 0.00196908
0 0.717188 0.370833 0.025 0.0305556 0.00200078
7 0.970573 0.522222 0.0578125 0.194444 0.00203921
1 0.00416667 0.4 0.00833333 0.105556 0.00207613
0 0.995573 0.330093 0.0078125 0.0509259 0.00221189
9 0.269531 0.0537037 0.0203125 0.0333333 0.00229776
9 0.113802 0.025463 0.0182292 0.0453704 0.00231426
7 0.991146 0.516667 0.0166667 0.181481 0.00269428
0 0.265885 0.0986111 0.00989583 0.0564815 0.00273794
2 0.817448 0.234259 0.00885417 0.0444444 0.00278268
11 0.236979 0.0694444 0.0177083 0.0462963 0.00290117
1 0.00494792 0.367593 0.00989583 0.0685185 0.0029012
9 0.568229 0.0314815 0.0125 0.0574074 0.00304245
9 0.36224 0.0694444 0.00885417 0.0222222 0.00309953
2 0.28724 0.111574 0.0171875 0.0768519 0.00320598
2 0.442448 0.087963 0.0130208 0.0296296 0.00335028
10 0.223438 0.310648 0.0229167 0.087963 0.00396484
1 0.227865 0.300463 0.0276042 0.0824074 0.00414413
2 0.99349 0.518981 0.0119792 0.171296 0.00450444
2 0.00494792 0.557407 0.00989583 0.0425926 0.00453813
1 0.235417 0.308796 0.053125 0.0972222 0.00457062
0 0.75651 0.087963 0.0119792 0.0703704 0.00487132
2 0.269792 0.109722 0.0114583 0.0398148 0.00609751
9 0.263021 0.087963 0.00729167 0.0388889 0.00617678
2 0.814062 0.075 0.0177083 0.0185185 0.00715252
9 0.442708 0.0884259 0.0125 0.0287037 0.00783499
9 0.439583 0.20463 0.0135417 0.0462963 0.00966484
9 0.269531 0.0226852 0.0203125 0.0416667 0.01003
11 0.60625 0.0601852 0.009375 0.0259259 0.0114751
5 0.220313 0.0657407 0.0510417 0.0574074 0.0134688
9 0.21224 0.0652778 0.0317708 0.0490741 0.014246
12 0.99375 0.514352 0.0114583 0.167593 0.0157085
7 0.315365 0.1125 0.0557292 0.0842593 0.0162922
7 0.220313 0.0657407 0.0510417 0.0611111 0.0199153
2 0.592708 0.127778 0.0177083 0.0222222 0.0225913
2 0.785417 0.0898148 0.0135417 0.0222222 0.0233
2 0.635417 0.144907 0.0114583 0.0527778 0.0314208
9 0.567187 0.0486111 0.00833333 0.0231481 0.0353099
0 0.635417 0.146759 0.0104167 0.0509259 0.0354928
7 0.298177 0.106019 0.0369792 0.0824074 0.13523
2 0.463802 0.1125 0.0151042 0.0398148 0.180278
2 0.322135 0.0861111 0.0369792 0.0333333 0.22667
2 0.627865 0.121296 0.0255208 0.05 0.238632
2 0.479688 0.109722 0.0208333 0.0453704 0.362145
7 0.50625 0.10463 0.0427083 0.062963 0.372795
2 0.50625 0.10463 0.0427083 0.062963 0.439204
1 0.248698 0.321296 0.0192708 0.0888889 0.508661
2 0.31875 0.12037 0.05 0.0722222 0.611106
0 0.248698 0.282407 0.0265625 0.12037 0.77671
10 0.203906 0.316667 0.0171875 0.0703704 0.784272
11 0.729167 0.0435185 0.0270833 0.0555556 0.796172
2 0.729948 0.418519 0.122396 0.172222 0.914756
