2 0.726042 0.513889 0.470833 0.348148 0.00103457
9 0.995052 0.512037 0.00885417 0.0685185 0.00104262
0 0.75625 0.373611 0.021875 0.0342593 0.00106091
0 0.591667 0.471296 0.0239583 0.0333333 0.00109296
2 0.410937 0.109259 0.286458 0.0851852 0.0011843
2 0.363802 0.0671296 0.0119792 0.0194444 0.00126556
2 0.0263021 0.368519 0.0515625 0.0648148 0.0013562
0 0.732292 0.371296 0.0260417 0.0296296 0.00138313
7 0.79349 0.062037 0.0369792 0.0555556 0.00144248
32 0.453646 0.314352 0.00833333 0.0138889 0.00145456
13 0.96276 0.553241 0.0411458 0.0472222 0.00147142
2 0.613802 0.0953704 0.0432292 0.0703704 0.00147392
9 0.415625 0.0101852 0.015625 0.0203704 0.00151571
11 0.605729 0.0597222 0.009375 0.0268519 0.0015502
0 0.752865 0.101389 0.0244792 0.102778 0.00158913
0 0.361458 0.0689815 0.00833333 0.025 0.00160872
2 0.236458 0.0643518 0.0166667 0.0361111 0.00164665
12 0.700781 0.163426 0.0203125 0.0398148 0.00174361
9 0.208594 0.0643518 0.0213542 0.0435185 0.00178317
13 0.994271 0.520833 0.0104167 0.167593 0.00180821
7 0.970833 0.523148 0.0572917 0.192593 0.00181352
9 0.360677 0.0662037 0.00989583 0.0194444 0.00188529
7 0.229427 0.0680556 0.0307292 0.0527778 0.00193538
2 0.572656 0.109722 0.253646 0.0731481 0.00196987
9 0.292188 0.0518519 0.00833333 0.037037 0.00199102
12 0.693229 0.1625 0.00833333 0.0398148 0.00209235
2 0.0268229 0.349537 0.0494792 0.025 0.00217913
0 0.263802 0.0930556 0.00989583 0.0564815 0.00220225
2 0.25625 0.0865741 0.021875 0.0453704 0.00227996
2 0.660156 0.148148 0.0640625 0.062963 0.00239043
2 0.477083 0.108333 0.0770833 0.0648148 0.00248232
7 0.272656 0.0347222 0.0307292 0.0675926 0.00255304
9 0.438281 0.205093 0.00989583 0.0398148 0.00276801
2 0.752604 0.126852 0.0229167 0.0537037 0.00293874
58 0.967708 0.493981 0.0302083 0.0842593 0.00293918
9 0.440885 0.225926 0.0109375 0.0185185 0.0029506
2 0.448177 0.115278 0.0296875 0.0231481 0.00325047
9 0.564583 0.0449074 0.0104167 0.0305556 0.00331142
0 0.715625 0.369444 0.0260417 0.0296296 0.00341221
13 0.970833 0.518981 0.0572917 0.176852 0.00346656
2 0.784375 0.0837963 0.0177083 0.0212963 0.00376653
9 0.219531 0.0898148 0.00885417 0.012963 0.00418673
9 0.99375 0.493056 0.0114583 0.126852 0.00419995
0 0.559375 0.472685 0.0229167 0.0268519 0.00432798
0 0.75599 0.124537 0.0161458 0.0453704 0.00437427
2 0.0140625 0.399074 0.028125 0.101852 0.00452328
2 0.441927 0.0851852 0.0130208 0.0222222 0.00528123
2 0.53125 0.110185 0.015625 0.0462963 0.00534258
1 0.009375 0.399074 0.01875 0.101852 0.00543352
2 0.238281 0.139352 0.0203125 0.0435185 0.00569145
2 0.00390625 0.4125 0.0078125 0.0731481 0.00588812
2 0.28776 0.0805556 0.0182292 0.0351852 0.00594575
2 0.776563 0.102778 0.0239583 0.0296296 0.00636002
13 0.0143229 0.396759 0.0286458 0.106481 0.00738851
7 0.213802 0.0625 0.0630208 0.0731481 0.00757977
0 0.571875 0.471296 0.0333333 0.0296296 0.00838605
9 0.441667 0.0856481 0.0135417 0.0231481 0.00865463
7 0.275781 0.0689815 0.0390625 0.136111 0.0112827
5 0.220052 0.0652778 0.0494792 0.0564815 0.0117773
0 0.755208 0.0842593 0.015625 0.0666667 0.0122894
0 0.628906 0.474074 0.0338542 0.0259259 0.01375
2 0.26875 0.0962963 0.015625 0.0592593 0.0174762
2 0.269531 0.0472222 0.0192708 0.0351852 0.0176328
2 0.591927 0.124537 0.0171875 0.0268519 0.0178043
0 0.634375 0.146296 0.0104167 0.0537037 0.0181657
2 0.783333 0.0902778 0.015625 0.0175926 0.0200477
2 0.291406 0.105093 0.0244792 0.0805556 0.0223823
2 0.289844 0.0717593 0.0151042 0.0157407 0.0237488
2 0.633854 0.144907 0.0125 0.0546296 0.0354981
2 0.461198 0.111574 0.0119792 0.0361111 0.0397724
7 0.504948 0.103241 0.0432292 0.062037 0.358645
2 0.626562 0.121296 0.0260417 0.0537037 0.383244
2 0.321354 0.0847222 0.0375 0.0342593 0.396409
2 0.472135 0.107407 0.0317708 0.0444444 0.415977
2 0.504948 0.102778 0.0432292 0.062963 0.490744
10 0.203646 0.314815 0.015625 0.0703704 0.647575
2 0.317448 0.12037 0.0505208 0.0685185 0.739595
11 0.728385 0.0407407 0.0265625 0.0537037 0.7763
2 0.729427 0.419444 0.123438 0.17037 0.918501
7 0.595052 0.571296 0.183854 0.283333 0.918776
