2 0.0986979 0.259722 0.145313 0.0712963 0.00100491
9 0.556771 0.0236111 0.025 0.0416667 0.00102188
13 0.969792 0.568519 0.05625 0.0740741 0.00103201
9 0.582292 0.037037 0.0145833 0.0481481 0.00104444
9 0.547917 0.0527778 0.0104167 0.0240741 0.00106183
2 0.775521 0.113889 0.021875 0.0351852 0.00107102
2 0.59401 0.117593 0.0161458 0.0351852 0.0011802
2 0.275521 0.111111 0.0229167 0.0555556 0.00123008
0 0.995313 0.323148 0.00833333 0.0574074 0.00127492
2 0.439063 0.099537 0.0177083 0.0416667 0.00129777
2 0.286719 0.0787037 0.0203125 0.0351852 0.00130462
32 0.453906 0.314815 0.00885417 0.0148148 0.00131143
7 0.27526 0.0976852 0.119271 0.106481 0.00133385
0 0.172917 0.274074 0.0166667 0.0314815 0.00135162
2 0.485156 0.0958333 0.0348958 0.0472222 0.00136361
0 0.730469 0.371759 0.0286458 0.0287037 0.0013873
2 0.55599 0.115278 0.180729 0.0805556 0.0014573
9 0.0585938 0.0222222 0.0151042 0.0425926 0.00153455
7 0.230208 0.0847222 0.0739583 0.123148 0.00154194
0 0.263542 0.100926 0.00833333 0.0574074 0.00154987
9 0.275521 0.0439815 0.0385417 0.0861111 0.00155432
9 0.291927 0.0550926 0.00885417 0.037963 0.0016367
0 0.756771 0.374074 0.021875 0.0351852 0.00168961
11 0.240365 0.037037 0.0223958 0.0703704 0.00173457
1 0.0726563 0.159722 0.0244792 0.0361111 0.00181881
9 0.573958 0.0305556 0.015625 0.0574074 0.00184201
0 0.176823 0.27963 0.0130208 0.0296296 0.00228897
9 0.263281 0.0898148 0.0078125 0.0462963 0.00246434
0 0.458854 0.0685185 0.0135417 0.0185185 0.00247045
7 0.970312 0.526852 0.0583333 0.205556 0.00248558
11 0.236979 0.0685185 0.0177083 0.0444444 0.00265886
9 0.115365 0.0226852 0.0161458 0.0398148 0.0030001
2 0.46849 0.131481 0.0546875 0.0685185 0.00311839
9 0.270052 0.05 0.0192708 0.037037 0.0032626
12 0.994271 0.495833 0.0104167 0.136111 0.00368943
9 0.50026 0.602778 0.0151042 0.0444444 0.00380986
9 0.565365 0.0439815 0.00989583 0.0324074 0.00400728
13 0.993229 0.518056 0.0125 0.175 0.00400803
7 0.275521 0.0708333 0.0395833 0.137963 0.00404206
7 0.788021 0.0643518 0.0239583 0.0601852 0.00439901
12 0.702344 0.138426 0.0223958 0.087963 0.00457039
0 0.710156 0.374537 0.0213542 0.025 0.00465244
2 0.267708 0.0990741 0.0114583 0.0574074 0.00476285
58 0.96875 0.493981 0.0291667 0.087963 0.0049474
9 0.217969 0.101852 0.00885417 0.037037 0.00542757
10 0.203906 0.297685 0.0140625 0.0342593 0.00633132
9 0.99349 0.51713 0.0119792 0.176852 0.00651143
9 0.269271 0.0185185 0.021875 0.0333333 0.00659593
2 0.0104167 0.375463 0.0208333 0.149074 0.00672794
5 0.220052 0.0787037 0.0536458 0.0814815 0.00676628
0 0.28776 0.112963 0.0171875 0.0740741 0.00712501
2 0.291146 0.0712963 0.0114583 0.0148148 0.00724849
9 0.108594 0.0263889 0.0119792 0.0342593 0.00754961
13 0.970573 0.519444 0.0578125 0.177778 0.00809686
9 0.502344 0.758333 0.0130208 0.0555556 0.00813807
2 0.238542 0.138889 0.01875 0.0444444 0.00948809
2 0.454688 0.0837963 0.0302083 0.0231481 0.00989909
2 0.0320312 0.274074 0.0640625 0.05 0.0099177
7 0.219792 0.062037 0.0520833 0.0759259 0.011975
2 0.00416667 0.425 0.00833333 0.05 0.013695
9 0.2125 0.0643518 0.0364583 0.0583333 0.0137039
7 0.29375 0.106481 0.0270833 0.0814815 0.0155389
5 0.2125 0.062963 0.034375 0.0555556 0.0158214
0 0.634896 0.147222 0.009375 0.0518519 0.0165448
2 0.270833 0.109722 0.0135417 0.037963 0.0171314
2 0.784635 0.0884259 0.0130208 0.0194444 0.018016
2 0.00911458 0.368981 0.0182292 0.0675926 0.0189369
3 0.0109375 0.353704 0.021875 0.1 0.0191059
9 0.567187 0.0467593 0.00729167 0.0231481 0.0203015
2 0.60651 0.0592593 0.0109375 0.0277778 0.0218897
9 0.220573 0.0888889 0.00989583 0.012963 0.0301938
3 0.0078125 0.387037 0.015625 0.124074 0.0322573
0 0.440885 0.0976852 0.0140625 0.0472222 0.0328048
2 0.291146 0.113426 0.0239583 0.0712963 0.0329771
2 0.634635 0.144907 0.0109375 0.0546296 0.0334295
0 0.75651 0.0888889 0.0140625 0.0833333 0.0356829
2 0.0148437 0.328241 0.0296875 0.141667 0.0567535
2 0.441146 0.0898148 0.0135417 0.0314815 0.101023
2 0.0148437 0.278241 0.0296875 0.0416667 0.1523
2 0.321615 0.0851852 0.0390625 0.0351852 0.360488
2 0.627083 0.121759 0.0260417 0.0527778 0.444426
2 0.509375 0.103704 0.0364583 0.0611111 0.512591
7 0.467969 0.119907 0.0567708 0.0916667 0.705683
2 0.31849 0.120833 0.0505208 0.0694444 0.776619
11 0.728906 0.0421296 0.0265625 0.0527778 0.788148
2 0.729948 0.419444 0.122396 0.17037 0.903764
2 0.110417 0.325 0.220833 0.203704 0.914639
