0 0.253385 0.134259 0.0130208 0.0481481 0.00101857
2 0.0526042 0.0324074 0.03125 0.0574074 0.00102807
9 0.576563 0.0328704 0.0145833 0.0638889 0.00103017
9 0.56224 0.0509259 0.0203125 0.0259259 0.00103204
2 0.560156 0.106481 0.244271 0.0703704 0.00103394
9 0.2625 0.0847222 0.00729167 0.0324074 0.00106483
9 0.363542 0.0685185 0.0125 0.0222222 0.00106725
2 0.653646 0.400926 0.332292 0.212963 0.00107022
9 0.558073 0.0268519 0.0255208 0.05 0.00110798
9 0.975781 0.511574 0.0473958 0.15463 0.00112529
0 0.73099 0.371296 0.0453125 0.0351852 0.00118373
2 0.65625 0.141204 0.078125 0.0824074 0.0011922
9 0.234635 0.0625 0.0213542 0.0342593 0.00119887
9 0.261719 0.0486111 0.0151042 0.0472222 0.00121096
2 0.773177 0.111111 0.0161458 0.0259259 0.00128628
2 0.295833 0.104167 0.0958333 0.100926 0.00146539
7 0.314844 0.0675926 0.0484375 0.0685185 0.00159457
2 0.275521 0.114815 0.0229167 0.0518519 0.00170195
7 0.302344 0.0532407 0.0411458 0.0509259 0.001707
2 0.040625 0.0587963 0.0229167 0.0324074 0.00189046
2 0.278125 0.0708333 0.0229167 0.037963 0.00202305
9 0.995573 0.531482 0.0078125 0.0462963 0.0020556
9 0.500521 0.603241 0.015625 0.037963 0.00207855
9 0.547917 0.0518519 0.0104167 0.0277778 0.00217509
2 0.778906 0.103241 0.0276042 0.037963 0.00218972
32 0.454167 0.315741 0.00833333 0.0148148 0.00235574
9 0.26901 0.0981481 0.0119792 0.05 0.00248163
12 0.983854 0.499074 0.01875 0.124074 0.00271764
7 0.790885 0.062963 0.0296875 0.0574074 0.00282169
1 0.00755208 0.386574 0.0151042 0.125 0.00289616
11 0.23776 0.0680556 0.0151042 0.0416667 0.00292198
9 0.257552 0.0708333 0.00885417 0.0435185 0.00313146
2 0.414844 0.110185 0.114063 0.0555556 0.0032184
2 0.28125 0.0856481 0.0104167 0.0268519 0.00342673
9 0.253125 0.0861111 0.0114583 0.0333333 0.00346386
2 0.592708 0.125926 0.0166667 0.0240741 0.00350543
1 0.00364583 0.412037 0.00729167 0.0796296 0.00360955
0 0.757031 0.375926 0.0192708 0.0277778 0.00365139
9 0.56901 0.0314815 0.0151042 0.0592593 0.00392636
5 0.214062 0.0611111 0.0333333 0.0574074 0.00405159
2 0.64974 0.148611 0.0390625 0.0601852 0.00406417
2 0.298177 0.102315 0.0338542 0.075 0.00422999
9 0.269271 0.0550926 0.0177083 0.0342593 0.00434622
7 0.217708 0.062963 0.04375 0.0611111 0.00441286
2 0.78724 0.0828704 0.0182292 0.0212963 0.00464179
9 0.269531 0.0273148 0.0203125 0.0416667 0.00473932
12 0.994792 0.49213 0.009375 0.121296 0.00481721
1 0.810417 0.338426 0.0208333 0.0990741 0.00495787
2 0.361979 0.121296 0.015625 0.0259259 0.00505674
0 0.707812 0.374074 0.0197917 0.0259259 0.00576628
2 0.270833 0.110648 0.0125 0.0361111 0.0058635
1 0.0671875 0.159722 0.132292 0.0990741 0.00630382
9 0.985677 0.494444 0.0192708 0.116667 0.00642691
9 0.214323 0.0541667 0.0317708 0.0472222 0.00668864
0 0.717708 0.372222 0.025 0.0277778 0.00725635
0 0.635677 0.147685 0.00989583 0.0509259 0.00744529
9 0.503385 0.759722 0.0119792 0.0564815 0.00850108
2 0.448958 0.117593 0.0322917 0.0259259 0.00923457
2 0.269792 0.0472222 0.0197917 0.0407407 0.00929021
2 0.635156 0.145833 0.0109375 0.0527778 0.0105938
9 0.995313 0.490741 0.00833333 0.122222 0.0110079
2 0.372396 0.1125 0.0604167 0.0564815 0.0126036
9 0.221875 0.0601852 0.015625 0.0407407 0.0126441
2 0.238802 0.140741 0.0192708 0.0407407 0.0136686
9 0.207813 0.0671296 0.01875 0.0416667 0.0138362
2 0.814844 0.0763889 0.0171875 0.0175926 0.0144461
11 0.60625 0.0601852 0.0104167 0.0240741 0.0146093
2 0.785937 0.0898148 0.015625 0.0203704 0.0187072
9 0.442969 0.087037 0.0130208 0.0259259 0.0223933
9 0.114844 0.025 0.0151042 0.037037 0.0240445
0 0.757552 0.0958333 0.0151042 0.0824074 0.0285715
2 0.291667 0.116204 0.025 0.062037 0.030323
2 0.461198 0.115278 0.0119792 0.0342593 0.0356059
9 0.567187 0.0486111 0.00833333 0.0231481 0.0516273
2 0.322396 0.0856481 0.0375 0.0342593 0.224974
2 0.627344 0.122222 0.0255208 0.05 0.285196
2 0.473698 0.110185 0.0348958 0.0444444 0.286266
2 0.400781 0.109722 0.0255208 0.0324074 0.435687
7 0.50651 0.105093 0.0421875 0.062037 0.465294
2 0.383854 0.118519 0.05625 0.0277778 0.537277
2 0.30599 0.0541667 0.0296875 0.0416667 0.552059
2 0.31901 0.121759 0.0505208 0.0694444 0.664214
11 0.729427 0.0430556 0.0265625 0.0546296 0.745251
10 0.204167 0.316667 0.0166667 0.0722222 0.766544
7 0.565104 0.375926 0.135417 0.237037 0.902746
2 0.730208 0.418981 0.122917 0.173148 0.903143
