11 0.254167 0.087037 0.0177083 0.0388889 0.00105035
0 0.757292 0.0935185 0.015625 0.0722222 0.00106124
12 0.702083 0.121296 0.021875 0.0462963 0.00106296
58 0.96849 0.497685 0.0307292 0.0935185 0.001171
12 0.976562 0.502778 0.0447917 0.140741 0.0011723
7 0.383073 0.0550926 0.0390625 0.0675926 0.00117837
0 0.18724 0.103704 0.0078125 0.0574074 0.00118254
9 0.580469 0.0333333 0.0140625 0.0574074 0.00128855
9 0.292708 0.0560185 0.00833333 0.037963 0.0012991
7 0.788281 0.0648148 0.0255208 0.0611111 0.00129963
9 0.186979 0.0847222 0.00729167 0.0287037 0.00138369
2 0.282813 0.0777778 0.0208333 0.0333333 0.00145579
11 0.239844 0.0347222 0.0213542 0.0675926 0.00147184
2 0.290885 0.102315 0.0713542 0.0990741 0.00149298
0 0.817187 0.233796 0.00833333 0.0361111 0.00162272
2 0.53125 0.112963 0.0145833 0.0425926 0.00162389
10 0.193229 0.293056 0.0375 0.119444 0.00164422
0 0.757292 0.374537 0.0197917 0.0324074 0.00166918
2 0.263542 0.1 0.0104167 0.0574074 0.00166942
2 0.270573 0.0574074 0.0192708 0.0407407 0.00167721
2 0.653646 0.138426 0.0760417 0.0805556 0.00180975
12 0.701563 0.164815 0.0208333 0.0388889 0.00184931
2 0.38125 0.10463 0.164583 0.0814815 0.00193243
32 0.453906 0.313426 0.00885417 0.0138889 0.00193776
2 0.592708 0.123148 0.0166667 0.0277778 0.00196038
13 0.0109375 0.371759 0.021875 0.0509259 0.0020762
2 0.217969 0.137963 0.0598958 0.0481481 0.00208401
7 0.221615 0.0574074 0.0536458 0.103704 0.00230084
0 0.715104 0.372222 0.021875 0.0259259 0.00239487
13 0.99349 0.518056 0.0119792 0.173148 0.00246443
2 0.771094 0.10787 0.0151042 0.025 0.00254235
2 0.572917 0.109722 0.239583 0.0694444 0.00261022
10 0.175781 0.281019 0.0140625 0.0416667 0.00288028
2 0.814062 0.0759259 0.0177083 0.0203704 0.00298036
9 0.99375 0.516204 0.0114583 0.173148 0.00312932
0 0.263021 0.0916667 0.00833333 0.0481481 0.00320588
13 0.970573 0.522222 0.0578125 0.183333 0.00326387
2 0.447135 0.116204 0.0265625 0.0231481 0.00331526
2 0.48125 0.108796 0.059375 0.0601852 0.00373349
12 0.693229 0.164815 0.00729167 0.0388889 0.00375316
2 0.338281 0.0791667 0.0171875 0.0305556 0.00385927
9 0.269792 0.0490741 0.01875 0.037037 0.00388794
9 0.502083 0.760185 0.0135417 0.0555556 0.00399201
13 0.961719 0.55463 0.0390625 0.0444444 0.0044391
2 0.779427 0.1 0.0307292 0.0444444 0.00446242
0 0.757812 0.0731481 0.0125 0.0481481 0.00459218
9 0.573177 0.0314815 0.0151042 0.0592593 0.00466679
7 0.970573 0.525 0.0578125 0.196296 0.00484126
13 0.986458 0.518056 0.0260417 0.176852 0.00525046
13 0.0046875 0.398611 0.009375 0.10463 0.00527441
2 0.00442708 0.406019 0.00885417 0.0916667 0.00546202
7 0.213802 0.0634259 0.0369792 0.062037 0.00552309
1 0.0078125 0.393056 0.015625 0.108333 0.00569645
9 0.207813 0.0685185 0.0208333 0.0425926 0.0062453
12 0.99375 0.50463 0.0114583 0.15 0.00636158
13 0.0125 0.397222 0.025 0.107407 0.00658818
2 0.60625 0.0597222 0.0104167 0.025 0.00665592
2 0.442187 0.0865741 0.0135417 0.025 0.00781187
2 0.286458 0.113426 0.015625 0.0731481 0.00940532
11 0.23724 0.0685185 0.0161458 0.0425926 0.0094488
9 0.220313 0.0884259 0.0104167 0.0138889 0.00954141
2 0.65 0.149074 0.0395833 0.0574074 0.00966949
7 0.276042 0.0652778 0.0385417 0.126852 0.00973825
9 0.441927 0.0865741 0.0130208 0.025 0.0102464
9 0.217187 0.0652778 0.025 0.0527778 0.0116156
2 0.785937 0.0893519 0.0145833 0.025 0.0138571
2 0.271354 0.10787 0.0145833 0.0416667 0.0139069
9 0.26875 0.0180556 0.0208333 0.0324074 0.0146754
2 0.634896 0.14537 0.0114583 0.05 0.0195052
2 0.238542 0.141204 0.01875 0.0398148 0.0270563
9 0.567187 0.0481481 0.00833333 0.0240741 0.0300064
2 0.0046875 0.55787 0.009375 0.0398148 0.0373475
2 0.488802 0.10787 0.0140625 0.0490741 0.0423959
2 0.298438 0.10463 0.0354167 0.0759259 0.0951161
2 0.363021 0.0671296 0.0114583 0.0342593 0.12371
2 0.464844 0.111574 0.0171875 0.0398148 0.144642
2 0.480469 0.109259 0.0192708 0.0444444 0.233628
2 0.321354 0.0851852 0.0385417 0.0333333 0.300663
7 0.505729 0.103241 0.0427083 0.0638889 0.403541
2 0.505729 0.103241 0.0427083 0.0638889 0.470489
2 0.383594 0.0648148 0.0348958 0.0425926 0.57852
2 0.627083 0.122222 0.0260417 0.05 0.616612
10 0.203906 0.315278 0.0171875 0.0712963 0.729484
2 0.317969 0.121759 0.0526042 0.0712963 0.735454
11 0.728906 0.0425926 0.0276042 0.0555556 0.764448
2 0.729948 0.419907 0.122396 0.171296 0.894932
