2 0.534635 0.166667 0.307813 0.185185 0.00100068
9 0.415885 0.0106481 0.0171875 0.0212963 0.00102539
9 0.589323 0.0402778 0.0140625 0.0416667 0.00103892
13 0.96224 0.561111 0.0411458 0.0518519 0.00106278
2 0.615625 0.421759 0.578125 0.178704 0.00107219
2 0.592448 0.125 0.0171875 0.0259259 0.001096
0 0.530208 0.262963 0.497917 0.396296 0.00118817
0 0.739583 0.37037 0.0260417 0.0314815 0.00118886
2 0.772135 0.114352 0.0140625 0.0305556 0.00119432
2 0.522396 0.110185 0.0375 0.0444444 0.00124628
9 0.258073 0.0726852 0.0119792 0.0435185 0.00124718
2 0.813021 0.0773148 0.0177083 0.0175926 0.00127293
13 0.970833 0.52037 0.0572917 0.172222 0.00128033
12 0.702344 0.163889 0.0213542 0.0407407 0.0012876
2 0.511458 0.149537 0.0552083 0.0527778 0.00129843
9 0.559375 0.0273148 0.0208333 0.0490741 0.00137643
9 0.284375 0.0763889 0.0208333 0.132407 0.00137883
9 0.36276 0.0467593 0.00989583 0.0361111 0.00138413
12 0.995313 0.530556 0.00833333 0.0351852 0.00142136
58 0.96875 0.492593 0.0322917 0.0981481 0.001503
2 0.640365 0.150926 0.0192708 0.062963 0.00151828
7 0.989844 0.517593 0.0192708 0.183333 0.00154241
2 0.289844 0.0726852 0.0151042 0.0157407 0.00154242
7 0.970312 0.519907 0.0583333 0.184259 0.0015747
9 0.261719 0.0305556 0.0140625 0.0555556 0.00159094
2 0.528906 0.105093 0.0140625 0.0398148 0.00163568
12 0.689062 0.168056 0.0135417 0.0342593 0.00167864
1 0.0536458 0.148148 0.0614583 0.0592593 0.00169171
2 0.220052 0.136111 0.0567708 0.0518519 0.0017263
9 0.291927 0.0509259 0.00885417 0.0462963 0.00173097
2 0.661198 0.149074 0.0619792 0.0648148 0.0017896
2 0.79375 0.087037 0.034375 0.0333333 0.00183513
9 0.113542 0.025 0.015625 0.0388889 0.00184436
2 0.329688 0.0689815 0.0208333 0.0305556 0.0018835
2 0.263542 0.106019 0.009375 0.0453704 0.0019618
9 0.548437 0.0537037 0.0114583 0.0259259 0.00196783
2 0.961458 0.556481 0.0385417 0.0425926 0.00205221
9 0.583594 0.0407407 0.0130208 0.0444444 0.00221908
32 0.454688 0.316204 0.00729167 0.0157407 0.00226507
12 0.69349 0.163426 0.00677083 0.0398148 0.00227712
2 0.245833 0.10787 0.0114583 0.0305556 0.00240942
7 0.227865 0.0689815 0.0348958 0.0527778 0.00248701
2 0.299219 0.108796 0.0755208 0.0898148 0.00252069
0 0.757031 0.374074 0.0192708 0.0296296 0.00261075
9 0.500521 0.606019 0.015625 0.0472222 0.00285036
0 0.515365 0.156944 0.0213542 0.0435185 0.00295703
9 0.263542 0.0888889 0.00833333 0.037037 0.00302273
12 0.702344 0.141667 0.0234375 0.0777778 0.00305562
9 0.502604 0.760648 0.0125 0.0527778 0.00316312
2 0.551562 0.113426 0.195833 0.0731481 0.00321125
2 0.0421875 0.147222 0.084375 0.0685185 0.00324298
11 0.60625 0.0601852 0.0104167 0.0240741 0.00352709
2 0.442708 0.0893519 0.0135417 0.0324074 0.00366708
7 0.147917 0.0893519 0.06875 0.0787037 0.00372969
2 0.783854 0.099537 0.0385417 0.0509259 0.00373395
2 0.505469 0.118519 0.0463542 0.0592593 0.00375998
9 0.108594 0.0287037 0.0130208 0.037037 0.00376982
7 0.213021 0.0638889 0.0354167 0.0592593 0.00379092
9 0.994792 0.498611 0.009375 0.141667 0.00388655
2 0.404687 0.108796 0.264583 0.0731481 0.00402637
32 0.460417 0.356944 0.0104167 0.0157407 0.00418113
2 0.26849 0.100463 0.0119792 0.0546296 0.00426192
2 0.0614583 0.0717593 0.0375 0.0268519 0.00485165
9 0.216927 0.0787037 0.0244792 0.0333333 0.00499331
0 0.715365 0.372222 0.0234375 0.0259259 0.00513218
12 0.994271 0.499074 0.0104167 0.135185 0.00519379
9 0.3625 0.0689815 0.009375 0.025 0.00558418
0 0.758594 0.075 0.0109375 0.0444444 0.00583405
11 0.236979 0.0680556 0.0177083 0.0416667 0.00596931
9 0.573177 0.0310185 0.0140625 0.0601852 0.00715788
2 0.521875 0.106944 0.1125 0.0546296 0.00727128
0 0.995833 0.327315 0.00729167 0.0564815 0.007337
9 0.216667 0.0634259 0.040625 0.0583333 0.010383
10 0.442969 0.0888889 0.0130208 0.0314815 0.0108232
0 0.442448 0.0976852 0.0171875 0.0490741 0.0120504
9 0.269531 0.0356481 0.0203125 0.0601852 0.0151709
0 0.756771 0.0962963 0.015625 0.087037 0.0163063
2 0.4875 0.106481 0.0541667 0.0518519 0.0190308
9 0.208333 0.0666667 0.021875 0.0444444 0.0194886
2 0.238802 0.140278 0.0192708 0.0435185 0.0236261
2 0.785937 0.0888889 0.015625 0.0240741 0.0284162
0 0.635677 0.147685 0.00989583 0.0509259 0.0286648
2 0.272135 0.111111 0.0151042 0.037037 0.0311648
2 0.635417 0.145833 0.0114583 0.0527778 0.033932
2 0.292969 0.109259 0.0276042 0.0814815 0.0483984
2 0.483594 0.111574 0.0223958 0.037963 0.0492373
9 0.567187 0.0481481 0.00833333 0.0240741 0.05556
7 0.299219 0.10787 0.0401042 0.0805556 0.0675918
2 0.46276 0.113426 0.0140625 0.0361111 0.0941236
2 0.472917 0.110648 0.0322917 0.0416667 0.269309
9 0.331771 0.0490741 0.00833333 0.0296296 0.285755
2 0.322396 0.0861111 0.0375 0.0351852 0.318216
2 0.627604 0.122685 0.0260417 0.0509259 0.444311
2 0.507552 0.0986111 0.0401042 0.0509259 0.541028
2 0.31849 0.122222 0.0505208 0.0703704 0.700617
11 0.729167 0.0425926 0.0270833 0.0555556 0.750495
10 0.203906 0.316204 0.0161458 0.0712963 0.770181
2 0.503646 0.175 0.075 0.109259 0.860251
2 0.729688 0.419907 0.122917 0.171296 0.918249
