2 0.531771 0.112963 0.0135417 0.0425926 0.00104414
9 0.438542 0.193056 0.015625 0.037963 0.00106502
2 0.565625 0.294444 0.03125 0.0425926 0.00111593
9 0.565885 0.0314815 0.0161458 0.0592593 0.00114057
2 0.747917 0.175 0.0270833 0.0351852 0.0011899
2 0.64401 0.403704 0.356771 0.207407 0.0012245
9 0.97474 0.494444 0.0411458 0.114815 0.00122922
9 0.565625 0.0435185 0.0104167 0.037037 0.00133251
0 0.25599 0.128241 0.0161458 0.062037 0.00138197
2 0.775 0.113889 0.01875 0.0259259 0.00150243
9 0.26901 0.0615741 0.0171875 0.0361111 0.00152449
0 0.258333 0.101389 0.0177083 0.0842593 0.00157588
0 0.56901 0.29213 0.0255208 0.0324074 0.00164303
2 0.56875 0.106481 0.355208 0.0740741 0.0016457
11 0.219271 0.0671296 0.0552083 0.0583333 0.00165611
2 0.363281 0.0680556 0.0119792 0.0231481 0.00170089
9 0.259896 0.037963 0.0125 0.0574074 0.00177015
7 0.983333 0.531482 0.0322917 0.203704 0.00187541
2 0.416406 0.111111 0.307813 0.087037 0.00193983
2 0.463542 0.113426 0.0166667 0.0416667 0.00194003
11 0.240625 0.0333333 0.0229167 0.062963 0.00196962
0 0.114844 0.109722 0.0119792 0.0398148 0.00202175
11 0.235417 0.0689815 0.0208333 0.0472222 0.00224891
2 0.238802 0.136111 0.0203125 0.0518519 0.00247918
7 0.300521 0.106481 0.0770833 0.087037 0.00272809
9 0.995313 0.52963 0.00833333 0.0462963 0.00274349
0 0.265885 0.0972222 0.0119792 0.0555556 0.00276265
13 0.00364583 0.405093 0.00729167 0.0990741 0.00280648
12 0.9875 0.497685 0.021875 0.125 0.00291861
1 0.00390625 0.389815 0.0078125 0.124074 0.00293599
0 0.559115 0.29213 0.0203125 0.0342593 0.00293895
9 0.214844 0.0578704 0.0307292 0.0509259 0.00301495
2 0.443229 0.108796 0.161458 0.0657407 0.00340776
32 0.454427 0.315278 0.0078125 0.0138889 0.00397684
0 0.00364583 0.395833 0.00729167 0.115741 0.00401695
0 0.757031 0.375 0.0182292 0.0277778 0.00447372
9 0.415885 0.0111111 0.0161458 0.0222222 0.00463989
0 0.729948 0.371296 0.0338542 0.0314815 0.00476359
2 0.661979 0.14537 0.0677083 0.087037 0.00478974
9 0.270052 0.0314815 0.0203125 0.0518519 0.00483767
0 0.565625 0.725926 0.176042 0.52037 0.00485048
1 0.810417 0.333796 0.0208333 0.087963 0.00487793
2 0.634635 0.144444 0.0119792 0.0481481 0.0049483
9 0.26224 0.0888889 0.00885417 0.0425926 0.00510986
2 0.270573 0.109722 0.0119792 0.0398148 0.00575959
9 0.995052 0.496296 0.00885417 0.127778 0.00595379
9 0.989323 0.503241 0.0203125 0.134259 0.00603067
9 0.20651 0.0689815 0.0244792 0.0416667 0.00671021
0 0.2625 0.102778 0.009375 0.0555556 0.00683454
2 0.442708 0.0888889 0.0135417 0.0277778 0.00736811
9 0.255469 0.0810185 0.0109375 0.0490741 0.00813463
0 0.635417 0.147685 0.0104167 0.0490741 0.00857462
9 0.567448 0.0481481 0.00885417 0.0240741 0.0101246
9 0.500521 0.602778 0.0145833 0.0388889 0.01212
19 0.442969 0.0884259 0.0130208 0.0268519 0.0131329
9 0.36224 0.0689815 0.00989583 0.0231481 0.0143565
9 0.470313 0.413889 0.009375 0.0277778 0.0158721
11 0.60625 0.0611111 0.009375 0.0240741 0.0167724
0 0.713802 0.371296 0.0203125 0.0259259 0.026495
0 0.442708 0.0986111 0.0145833 0.0472222 0.0275123
2 0.592448 0.131019 0.0192708 0.0212963 0.0510346
5 0.21901 0.0675926 0.0536458 0.0518519 0.0736844
9 0.502604 0.760185 0.0125 0.0555556 0.0802634
2 0.297656 0.109259 0.0359375 0.0851852 0.10939
7 0.297396 0.109259 0.0364583 0.0851852 0.127326
2 0.627865 0.122222 0.0244792 0.0518519 0.240995
2 0.322396 0.0865741 0.0385417 0.0342593 0.32891
2 0.473177 0.110185 0.0338542 0.0444444 0.442163
2 0.505729 0.104167 0.04375 0.062037 0.569364
11 0.729948 0.0439815 0.0265625 0.0583333 0.647401
2 0.319271 0.121296 0.0489583 0.0703704 0.749742
10 0.203906 0.31713 0.0171875 0.0712963 0.765033
2 0.557552 0.338889 0.102604 0.144444 0.896576
2 0.730208 0.419444 0.121875 0.172222 0.914704
