12 0.69375 0.1625 0.00729167 0.037963 0.00104372
7 0.79375 0.0615741 0.0375 0.0583333 0.00106551
1 0.811198 0.333796 0.0182292 0.0935185 0.00108111
0 0.995052 0.266204 0.00885417 0.184259 0.00108785
12 0.702604 0.123611 0.0229167 0.0564815 0.00111899
2 0.289062 0.0865741 0.0229167 0.0472222 0.00112905
2 0.647917 0.147685 0.0354167 0.0583333 0.00114163
2 0.0510417 0.0666667 0.0520833 0.0240741 0.00115867
13 0.972135 0.520833 0.0546875 0.173148 0.00120484
9 0.290104 0.0287037 0.0114583 0.0314815 0.00124352
11 0.221875 0.0675926 0.05 0.0592593 0.00135764
9 0.816927 0.234259 0.00885417 0.0388889 0.00148801
12 0.995313 0.530093 0.00833333 0.0509259 0.00149827
9 0.261979 0.0425926 0.015625 0.0592593 0.00150007
12 0.702083 0.164352 0.0197917 0.037963 0.00152368
9 0.582292 0.0393519 0.0104167 0.0453704 0.00158977
2 0.297656 0.10787 0.0838542 0.0935185 0.0016059
0 0.26276 0.107407 0.00989583 0.0462963 0.0016477
2 0.0328125 0.0671296 0.01875 0.0194444 0.001674
2 0.99375 0.518981 0.0114583 0.169444 0.00169267
2 0.792448 0.0898148 0.0348958 0.0296296 0.00175196
13 0.961719 0.554167 0.0380208 0.0398148 0.00176393
1 0.0236979 0.394444 0.0473958 0.118519 0.00179236
9 0.263021 0.0861111 0.00833333 0.0314815 0.00183733
2 0.439583 0.105093 0.0145833 0.0490741 0.00185558
58 0.969271 0.496759 0.0322917 0.0916667 0.00191171
9 0.292708 0.0527778 0.00833333 0.0425926 0.00195607
2 0.50026 0.112963 0.354688 0.0796296 0.00197666
2 0.239583 0.108796 0.0166667 0.037963 0.00206181
9 0.110937 0.0273148 0.0135417 0.037963 0.0020891
0 0.757552 0.0726852 0.0109375 0.037963 0.00211401
9 0.578906 0.0314815 0.0130208 0.0555556 0.00219185
0 0.756771 0.373148 0.0197917 0.0314815 0.00223855
9 0.252604 0.0856481 0.0125 0.0342593 0.00237263
0 0.756771 0.0916667 0.0135417 0.0759259 0.00261312
9 0.25625 0.075 0.009375 0.0462963 0.00281656
2 0.783854 0.102778 0.0375 0.0462963 0.00288231
2 0.481771 0.102315 0.0270833 0.0564815 0.00307609
2 0.21901 0.137963 0.0588542 0.0481481 0.00314244
0 0.995573 0.330093 0.0078125 0.0527778 0.00315711
2 0.592708 0.125463 0.0166667 0.025 0.00320883
2 0.266667 0.099537 0.0114583 0.0527778 0.00333298
0 0.715104 0.372685 0.025 0.0268519 0.00357161
9 0.50026 0.600926 0.0151042 0.0407407 0.00396153
1 0.00807292 0.37037 0.0161458 0.0648148 0.0043608
2 0.777604 0.107407 0.0239583 0.0314815 0.00462983
9 0.208073 0.0671296 0.0223958 0.0435185 0.00484447
9 0.992448 0.494444 0.0140625 0.12037 0.00487518
9 0.270312 0.049537 0.01875 0.0472222 0.00565675
12 0.992708 0.496296 0.0135417 0.124074 0.00568934
9 0.219531 0.0546296 0.0203125 0.0462963 0.00636924
11 0.236979 0.0685185 0.0177083 0.0425926 0.00689767
11 0.60599 0.0606481 0.00989583 0.025 0.00782716
13 0.0138021 0.396759 0.0276042 0.113889 0.00797021
7 0.220573 0.0643518 0.0515625 0.062037 0.00804309
13 0.00442708 0.400926 0.00885417 0.103704 0.00841998
9 0.569531 0.0319444 0.0109375 0.0583333 0.00898367
2 0.461719 0.0916667 0.0359375 0.0351852 0.00958263
1 0.00989583 0.396296 0.0197917 0.114815 0.00960428
2 0.271615 0.10787 0.0140625 0.0416667 0.0110642
2 0.635156 0.14537 0.0109375 0.0518519 0.0125305
7 0.397135 0.0615741 0.0473958 0.037963 0.0147106
9 0.269531 0.0259259 0.0203125 0.0444444 0.0165089
2 0.341406 0.0893519 0.00989583 0.0287037 0.016753
0 0.635677 0.147222 0.00989583 0.05 0.0170708
2 0.785417 0.0912037 0.0135417 0.0212963 0.0183015
2 0.238542 0.141667 0.01875 0.0407407 0.0184044
2 0.3625 0.0699074 0.0104167 0.0212963 0.0231057
2 0.310677 0.101389 0.0473958 0.0675926 0.0366934
9 0.567187 0.0486111 0.00833333 0.025 0.0687943
9 0.502604 0.760185 0.0125 0.0518519 0.0694058
2 0.442969 0.0851852 0.0151042 0.0240741 0.0898172
2 0.294792 0.108333 0.03125 0.0814815 0.171931
2 0.321875 0.0875 0.0385417 0.0342593 0.242498
2 0.627604 0.122685 0.0260417 0.0509259 0.472649
2 0.397135 0.0657407 0.0463542 0.0296296 0.493012
2 0.509115 0.10463 0.0359375 0.0611111 0.670116
2 0.467448 0.113889 0.0536458 0.0777778 0.735132
10 0.203906 0.316204 0.0171875 0.0712963 0.739145
2 0.31849 0.120833 0.0505208 0.0712963 0.74234
11 0.729167 0.0435185 0.0270833 0.0555556 0.798845
2 0.729948 0.418519 0.122396 0.172222 0.909919
