9 0.253125 0.087963 0.0145833 0.0314815 0.00100256
13 0.970573 0.525 0.0578125 0.188889 0.00103603
2 0.410937 0.106481 0.0197917 0.0574074 0.00106069
2 0.598177 0.423611 0.593229 0.180556 0.00106096
2 0.457031 0.0662037 0.00989583 0.0305556 0.00109035
2 0.785677 0.0851852 0.0223958 0.0314815 0.00109127
13 0.00390625 0.397685 0.0078125 0.110185 0.00119365
9 0.817187 0.237037 0.009375 0.0351852 0.00122102
2 0.65625 0.139352 0.0770833 0.0824074 0.00123343
12 0.701563 0.164815 0.0229167 0.0388889 0.00148484
58 0.96901 0.494907 0.0296875 0.0935185 0.00151197
2 0.976042 0.5 0.046875 0.133333 0.00155206
12 0.995573 0.531018 0.0078125 0.0361111 0.00164488
9 0.416406 0.0106481 0.0151042 0.0212963 0.0016743
0 0.263021 0.106019 0.009375 0.0490741 0.00168576
5 0.213281 0.062963 0.0328125 0.0574074 0.00170744
9 0.266667 0.0976852 0.009375 0.0509259 0.00176748
2 0.298698 0.129167 0.0244792 0.0601852 0.00177579
5 0.220052 0.075463 0.0515625 0.0638889 0.00179072
2 0.363021 0.0861111 0.015625 0.0314815 0.00197639
2 0.7875 0.103241 0.0458333 0.0527778 0.00215718
9 0.109115 0.0273148 0.0119792 0.0342593 0.00220696
12 0.976823 0.499537 0.0453125 0.132407 0.00223856
2 0.296094 0.107407 0.0848958 0.087037 0.00236281
2 0.529427 0.114815 0.426562 0.0759259 0.00243993
9 0.263281 0.0865741 0.0078125 0.0287037 0.00248733
9 0.49974 0.602778 0.0140625 0.0388889 0.00287752
9 0.269271 0.0527778 0.0177083 0.037037 0.00325284
12 0.69401 0.163426 0.0078125 0.0416667 0.00337584
2 0.0341146 0.105093 0.0546875 0.0546296 0.00344053
7 0.146875 0.0916667 0.0645833 0.0777778 0.00365798
9 0.217187 0.0652778 0.0395833 0.0564815 0.00376303
1 0.810938 0.333796 0.0177083 0.0842593 0.00384268
7 0.220313 0.0680556 0.05 0.062037 0.00384674
2 0.345313 0.108796 0.0125 0.0416667 0.0039657
2 0.401042 0.112963 0.239583 0.0740741 0.00402991
2 0.649479 0.149074 0.0375 0.0611111 0.00405556
11 0.60599 0.0597222 0.00989583 0.0268519 0.00472373
7 0.970833 0.525463 0.0572917 0.202778 0.00511564
2 0.776563 0.113889 0.0229167 0.0277778 0.00518799
9 0.99401 0.493519 0.0109375 0.124074 0.00544747
9 0.263281 0.0402778 0.0109375 0.0546296 0.00556478
9 0.219271 0.0888889 0.009375 0.0166667 0.00566506
2 0.442708 0.100926 0.0177083 0.0425926 0.00595149
9 0.570573 0.0314815 0.0130208 0.0592593 0.00667942
9 0.269271 0.037037 0.021875 0.062963 0.00684869
2 0.363021 0.0675926 0.0125 0.0240741 0.00715393
9 0.207552 0.0671296 0.0192708 0.0453704 0.00737324
11 0.236979 0.0671296 0.0166667 0.0398148 0.00745992
0 0.757552 0.075463 0.0109375 0.0472222 0.0078832
2 0.592448 0.126852 0.0182292 0.0240741 0.00803054
12 0.994271 0.494444 0.0104167 0.12963 0.00803996
9 0.21875 0.0555556 0.021875 0.0462963 0.00877533
2 0.271354 0.111111 0.0135417 0.0351852 0.0117797
9 0.501823 0.760648 0.0140625 0.0546296 0.0128965
2 0.238281 0.141204 0.0182292 0.0398148 0.016982
2 0.785156 0.0893519 0.0140625 0.0231481 0.0173983
0 0.756771 0.0912037 0.015625 0.0805556 0.0177953
9 0.584115 0.0347222 0.0130208 0.062037 0.0188809
2 0.634896 0.144444 0.0114583 0.0518519 0.0189985
0 0.442187 0.0865741 0.0135417 0.0268519 0.0345801
9 0.567448 0.0481481 0.00885417 0.0240741 0.0464453
2 0.29401 0.109722 0.0296875 0.0787037 0.0767514
7 0.296875 0.108333 0.0364583 0.0814815 0.0782463
2 0.466146 0.110648 0.0197917 0.0416667 0.178424
2 0.480469 0.109259 0.0213542 0.0444444 0.2412
2 0.322396 0.0861111 0.0375 0.0351852 0.332222
2 0.627604 0.121759 0.025 0.0527778 0.376145
7 0.50651 0.10463 0.0421875 0.062963 0.410823
2 0.50651 0.104167 0.0411458 0.062037 0.443898
2 0.420573 0.0731481 0.0338542 0.0314815 0.486265
10 0.203906 0.315741 0.0161458 0.0722222 0.68102
2 0.366406 0.110648 0.0255208 0.0453704 0.71469
2 0.31849 0.122222 0.0505208 0.0703704 0.736485
11 0.729167 0.0435185 0.0270833 0.0574074 0.781117
2 0.395052 0.106481 0.0432292 0.062963 0.788623
2 0.729688 0.42037 0.122917 0.17037 0.903012
2 0.765625 0.181019 0.1125 0.110185 0.918746
