2 0.277604 0.114352 0.0291667 0.062037 0.00100273
0 0.727344 0.370833 0.0359375 0.0305556 0.0010156
2 0.990625 0.557407 0.0177083 0.109259 0.00103505
0 0.547656 0.291204 0.0161458 0.025 0.00106297
12 0.701302 0.162963 0.0203125 0.037037 0.00106562
32 0.459896 0.355093 0.0104167 0.0157407 0.00111476
0 0.263281 0.103704 0.00885417 0.05 0.00114476
2 0.663802 0.12963 0.0838542 0.0574074 0.0011593
9 0.236458 0.0694444 0.0177083 0.0462963 0.0011679
13 0.970052 0.568519 0.0567708 0.0777778 0.00125683
9 0.263021 0.0402778 0.0166667 0.0583333 0.00141288
9 0.566406 0.0310185 0.0161458 0.0564815 0.00144971
9 0.469531 0.408796 0.00989583 0.0194444 0.00145488
2 0.286719 0.075 0.0182292 0.0296296 0.00150729
2 0.661198 0.147685 0.0661458 0.062037 0.0016847
0 0.755469 0.0921296 0.0151042 0.0787037 0.00172587
2 0.647135 0.391204 0.332812 0.232407 0.00174095
0 0.757031 0.374074 0.0182292 0.0296296 0.00188739
2 0.53099 0.104167 0.0161458 0.0416667 0.00193413
2 0.405469 0.0893519 0.0338542 0.037963 0.00205825
7 0.220313 0.0652778 0.05 0.0601852 0.00223657
2 0.409115 0.110648 0.246354 0.0861111 0.00227189
0 0.36276 0.0712963 0.00885417 0.0314815 0.00255606
2 0.238281 0.137963 0.0182292 0.0444444 0.00256844
9 0.548437 0.0523148 0.0114583 0.0231481 0.00258516
0 0.428906 0.114815 0.0130208 0.0481481 0.00271075
9 0.244792 0.0833333 0.00625 0.0259259 0.0029607
9 0.275 0.0412037 0.0375 0.0805556 0.00305582
2 0.51875 0.108333 0.360417 0.0666667 0.00309144
32 0.453385 0.313426 0.00885417 0.0157407 0.00340901
0 0.282031 0.0861111 0.00677083 0.0277778 0.00341124
7 0.400781 0.110648 0.0505208 0.0805556 0.00343808
1 0.0140625 0.396296 0.028125 0.111111 0.00373526
5 0.220573 0.0652778 0.0484375 0.0509259 0.00386171
0 0.715885 0.37037 0.0255208 0.0277778 0.0041965
2 0.783854 0.0884259 0.0145833 0.0175926 0.004416
9 0.214062 0.0587963 0.0291667 0.0416667 0.00465222
2 0.269271 0.0972222 0.0125 0.0537037 0.00473638
1 0.00546875 0.397222 0.0109375 0.111111 0.00477377
7 0.991406 0.517593 0.0161458 0.174074 0.00483061
9 0.269271 0.0486111 0.01875 0.0361111 0.0065955
9 0.288802 0.0412037 0.0109375 0.0546296 0.00672307
9 0.99401 0.509722 0.0109375 0.160185 0.00690308
7 0.970573 0.523611 0.0578125 0.193519 0.0098712
9 0.565104 0.0449074 0.0104167 0.0305556 0.0107008
2 0.441667 0.0888889 0.0135417 0.0333333 0.0108063
2 0.286458 0.118519 0.015625 0.062963 0.0112934
2 0.291667 0.0703704 0.0104167 0.0166667 0.0114757
9 0.291667 0.0513889 0.009375 0.0472222 0.0128444
0 0.286719 0.116667 0.0161458 0.0685185 0.0128488
0 0.442448 0.0833333 0.0130208 0.0222222 0.0183429
2 0.292708 0.10787 0.025 0.0694444 0.0197198
0 0.634635 0.145833 0.00989583 0.0509259 0.0197637
9 0.26849 0.0236111 0.0213542 0.0435185 0.0282149
2 0.634115 0.143056 0.0119792 0.0490741 0.0287433
9 0.50026 0.600926 0.0151042 0.0388889 0.044647
9 0.501823 0.758796 0.0130208 0.0546296 0.0614427
2 0.429167 0.110185 0.0114583 0.0388889 0.0733418
7 0.505729 0.102778 0.0427083 0.062963 0.0853547
2 0.446354 0.114815 0.0260417 0.0277778 0.128953
2 0.463021 0.110185 0.0135417 0.0407407 0.166879
2 0.475 0.10787 0.03125 0.0453704 0.258138
2 0.321615 0.0837963 0.0369792 0.0342593 0.2813
2 0.627083 0.119444 0.025 0.05 0.335649
2 0.505729 0.102315 0.0427083 0.0638889 0.529188
2 0.401302 0.110648 0.0515625 0.0805556 0.637984
2 0.542448 0.319444 0.110937 0.17037 0.651776
2 0.318229 0.119907 0.0510417 0.0675926 0.770252
10 0.204167 0.314352 0.015625 0.0694444 0.773702
11 0.728646 0.0398148 0.0270833 0.0537037 0.782043
2 0.729427 0.418056 0.123438 0.171296 0.904884
