2 0.578125 0.129167 0.0479167 0.0305556 0.00103836
0 0.572396 0.784259 0.159375 0.414815 0.00105881
0 0.115625 0.109259 0.009375 0.0351852 0.00108836
2 0.0151042 0.130093 0.0291667 0.0305556 0.00110748
2 0.00572917 0.0916667 0.0114583 0.0425926 0.00112928
9 0.441667 0.240278 0.0177083 0.0268519 0.00115152
7 0.298438 0.106481 0.0916667 0.0907407 0.00116575
2 0.802083 0.0787037 0.0375 0.0314815 0.00116739
9 0.565365 0.0425926 0.0109375 0.037037 0.00117075
2 0.99401 0.518519 0.0109375 0.168519 0.00123393
9 0.469531 0.412037 0.00989583 0.0240741 0.00123634
0 0.570052 0.374074 0.0255208 0.037037 0.0012403
13 0.976823 0.521759 0.0453125 0.178704 0.00130544
0 0.557813 0.352778 0.0291667 0.0333333 0.00133316
9 0.990104 0.508333 0.01875 0.153704 0.00139978
9 0.995573 0.535185 0.0078125 0.0444444 0.0014186
2 0.641667 0.123148 0.053125 0.0555556 0.00147608
2 0.56849 0.106481 0.325521 0.0703704 0.00148357
0 0.542448 0.375 0.0213542 0.0425926 0.00156552
2 0.463542 0.112963 0.0166667 0.0425926 0.00159034
0 0.263021 0.105556 0.009375 0.0481481 0.00178169
0 0.00442708 0.361574 0.00885417 0.0842593 0.00182617
2 0.265885 0.0958333 0.0109375 0.0527778 0.00185628
2 0.789583 0.0824074 0.0166667 0.0240741 0.00189629
12 0.98776 0.498611 0.0234375 0.130556 0.00201307
0 0.56849 0.338426 0.0244792 0.025 0.00201414
0 0.581771 0.338426 0.0239583 0.025 0.00204159
9 0.440365 0.216204 0.0203125 0.0787037 0.00204382
9 0.257552 0.0791667 0.0109375 0.0490741 0.00209478
11 0.253125 0.0865741 0.0135417 0.0398148 0.00210929
0 0.758854 0.0731481 0.0104167 0.0462963 0.00224856
2 0.409896 0.109259 0.288542 0.0833333 0.00231022
0 0.550521 0.336111 0.021875 0.0222222 0.00237598
2 0.654948 0.138426 0.0817708 0.0861111 0.00259109
11 0.236198 0.0694444 0.0203125 0.0462963 0.00260928
2 0.635156 0.147222 0.0109375 0.0462963 0.00272314
0 0.570833 0.35463 0.0197917 0.0148148 0.00273963
2 0.792188 0.0884259 0.01875 0.0194444 0.00288903
0 0.757292 0.375 0.01875 0.0296296 0.00291178
32 0.454688 0.315278 0.00729167 0.0138889 0.00305108
9 0.994792 0.498148 0.009375 0.131481 0.00311911
9 0.216667 0.0583333 0.0260417 0.0444444 0.00322986
0 0.757812 0.0921296 0.0135417 0.0842593 0.0033027
2 0.0111979 0.364815 0.0223958 0.0518519 0.0033781
2 0.282552 0.109722 0.0109375 0.0527778 0.00342996
2 0.448438 0.10787 0.130208 0.0638889 0.00351715
11 0.240365 0.0328704 0.0223958 0.062037 0.00386125
2 0.530729 0.110185 0.0135417 0.0444444 0.00393178
9 0.26276 0.0888889 0.00885417 0.0388889 0.0040018
2 0.8125 0.074537 0.021875 0.0194444 0.00411486
2 0.507031 0.0787037 0.0401042 0.037037 0.00420444
9 0.438542 0.196296 0.0135417 0.0333333 0.0044763
2 0.784896 0.0907407 0.0125 0.0185185 0.00481676
12 0.994792 0.498148 0.009375 0.133333 0.00484696
0 0.732552 0.371296 0.0317708 0.0314815 0.00487852
2 0.442708 0.087963 0.0135417 0.0259259 0.00557909
2 0.270312 0.109722 0.0114583 0.037963 0.00559519
9 0.220573 0.0893519 0.00989583 0.012037 0.00600278
9 0.270312 0.0458333 0.01875 0.0435185 0.00635224
0 0.635156 0.149074 0.00989583 0.0462963 0.00647292
9 0.263021 0.037963 0.0104167 0.0574074 0.00662296
2 0.652865 0.406944 0.303646 0.191667 0.0068795
9 0.36224 0.0699074 0.00885417 0.0231481 0.00755175
7 0.219531 0.0694444 0.0546875 0.0592593 0.00800893
2 0.488021 0.0782407 0.0125 0.025 0.00912152
9 0.567708 0.0481481 0.00833333 0.0240741 0.00939783
2 0.239063 0.140741 0.0197917 0.0407407 0.00951821
5 0.220052 0.0680556 0.0526042 0.0509259 0.00954351
1 0.00442708 0.37037 0.00885417 0.0740741 0.0102876
58 0.442969 0.0875 0.0130208 0.025 0.0105761
9 0.207552 0.0680556 0.0203125 0.0398148 0.0110278
9 0.50026 0.604167 0.0151042 0.0416667 0.0130744
1 0.810417 0.338426 0.021875 0.0916667 0.0136977
2 0.531771 0.0791667 0.0166667 0.0175926 0.0142901
0 0.713021 0.371759 0.0197917 0.0268519 0.0176701
0 0.442969 0.0990741 0.0151042 0.0481481 0.0178084
1 0.00885417 0.393981 0.0177083 0.113889 0.0183716
2 0.29349 0.107407 0.0286458 0.0796296 0.0199112
2 0.503646 0.0643518 0.0145833 0.025 0.0208997
11 0.60651 0.0606481 0.00989583 0.0231481 0.0311555
7 0.297656 0.106019 0.0348958 0.0824074 0.0471809
1 0.00442708 0.405556 0.00885417 0.0888889 0.0555678
2 0.592448 0.12963 0.0182292 0.0203704 0.0589945
9 0.502865 0.759722 0.0119792 0.0564815 0.0602835
2 0.527604 0.0814815 0.0145833 0.0259259 0.0829311
2 0.628125 0.121759 0.025 0.0509259 0.243101
2 0.322917 0.087037 0.0385417 0.0351852 0.39768
2 0.50599 0.10463 0.0421875 0.062963 0.503413
2 0.473177 0.110648 0.0328125 0.0435185 0.550971
11 0.729948 0.0430556 0.0265625 0.0564815 0.700965
2 0.31901 0.121759 0.0505208 0.0694444 0.758465
10 0.204167 0.316204 0.0166667 0.0712963 0.82651
2 0.730208 0.418981 0.121875 0.173148 0.912646
2 0.564583 0.381944 0.111458 0.158333 0.916482
