2 0.239063 0.109259 0.0177083 0.0425926 0.00101626
9 0.109896 0.024537 0.0114583 0.0361111 0.00104637
9 0.990625 0.499537 0.0177083 0.141667 0.00107767
58 0.958333 0.30787 0.034375 0.0916667 0.00111352
12 0.980469 0.497685 0.0359375 0.130556 0.00111955
9 0.115104 0.0231481 0.0166667 0.037037 0.00116076
0 0.604688 0.499074 0.040625 0.0388889 0.00116284
11 0.240104 0.0324074 0.021875 0.0611111 0.00116988
2 0.207031 0.115278 0.0348958 0.037963 0.00117633
58 0.995052 0.328241 0.00885417 0.0546296 0.00120415
58 0.9625 0.229167 0.071875 0.258333 0.00124513
11 0.255208 0.0856481 0.0177083 0.0361111 0.00125906
1 0.783073 0.309722 0.0203125 0.0601852 0.0012767
13 0.961719 0.554167 0.0390625 0.0435185 0.00131847
2 0.226042 0.109722 0.0385417 0.0472222 0.00131932
2 0.588281 0.125463 0.0119792 0.025 0.00134736
9 0.757031 0.0930556 0.0130208 0.0787037 0.00158777
13 0.99349 0.518056 0.0119792 0.167593 0.0016057
11 0.224219 0.0680556 0.0453125 0.0546296 0.0016196
9 0.416667 0.0171296 0.0177083 0.0324074 0.00166101
2 0.410156 0.111111 0.279687 0.0833333 0.00173879
2 0.563281 0.110185 0.276563 0.0722222 0.00173889
58 0.969792 0.298148 0.059375 0.12037 0.0017708
58 0.96875 0.492593 0.03125 0.0962963 0.00180097
58 0.927604 0.181019 0.144792 0.356481 0.00180189
0 0.580729 0.497685 0.0291667 0.037963 0.00184698
9 0.267188 0.0972222 0.0114583 0.0555556 0.00185845
0 0.5875 0.500463 0.0604167 0.0453704 0.00187612
2 0.536719 0.112963 0.00989583 0.0425926 0.00207756
2 0.460156 0.110185 0.101562 0.0648148 0.00222515
2 0.78151 0.102778 0.0348958 0.05 0.00229683
9 0.209375 0.0662037 0.0239583 0.0490741 0.00229827
9 0.26276 0.0865741 0.0078125 0.0361111 0.002333
0 0.817708 0.23287 0.00833333 0.0453704 0.00239426
2 0.44401 0.111111 0.0203125 0.0296296 0.0024286
7 0.278125 0.0685185 0.040625 0.131481 0.00246854
9 0.501823 0.759259 0.0119792 0.0537037 0.00247193
2 0.817708 0.23287 0.00833333 0.0435185 0.0025315
7 0.221354 0.0592593 0.0520833 0.0925926 0.00267781
13 0.985156 0.52037 0.0286458 0.17963 0.00276476
9 0.29349 0.0569444 0.0109375 0.0416667 0.002948
9 0.269792 0.0472222 0.0208333 0.0407407 0.00318443
9 0.758073 0.0726852 0.0109375 0.037963 0.00345018
2 0.750521 0.509259 0.484375 0.290741 0.0034516
2 0.775781 0.112037 0.0213542 0.0277778 0.00345634
0 0.715625 0.372222 0.0239583 0.0259259 0.00346858
12 0.994531 0.49213 0.00989583 0.125 0.00361439
9 0.217187 0.0560185 0.0260417 0.0453704 0.00394987
2 0.291927 0.0712963 0.0119792 0.0166667 0.00419657
9 0.269792 0.0217593 0.0197917 0.0342593 0.00425175
2 0.442708 0.0875 0.0135417 0.0268519 0.00427683
2 0.531771 0.1125 0.0135417 0.0416667 0.0043236
0 0.635677 0.146759 0.00989583 0.0527778 0.00490592
9 0.457812 0.0666667 0.00625 0.0259259 0.00498653
0 0.622656 0.501389 0.0380208 0.0453704 0.00514857
2 0.0117188 0.367593 0.0234375 0.0425926 0.00519369
2 0.21901 0.135648 0.0578125 0.0546296 0.00614853
2 0.308594 0.0819444 0.0213542 0.0342593 0.00636316
2 0.271875 0.109259 0.015625 0.0388889 0.00637786
2 0.59375 0.126852 0.0166667 0.0203704 0.00638831
7 0.213542 0.0625 0.0333333 0.0583333 0.0065355
12 0.691406 0.165741 0.00989583 0.0388889 0.00692603
2 0.634375 0.136111 0.0125 0.0518519 0.00699757
9 0.442969 0.087037 0.0130208 0.0259259 0.00852111
2 0.28724 0.114352 0.0171875 0.0731481 0.00920534
2 0.00833333 0.397222 0.0166667 0.109259 0.00984637
11 0.60651 0.0606481 0.0109375 0.025 0.0110686
11 0.23724 0.0675926 0.0171875 0.0407407 0.0113763
1 0.809115 0.330556 0.0223958 0.0944444 0.0132792
9 0.220573 0.0875 0.0109375 0.0175926 0.0135076
2 0.363281 0.0662037 0.0119792 0.025 0.0153854
2 0.238281 0.141204 0.0182292 0.0398148 0.0201608
2 0.786458 0.0893519 0.0166667 0.025 0.0218193
9 0.567187 0.0476852 0.00833333 0.0231481 0.0262101
7 0.296875 0.108333 0.0364583 0.0833333 0.0397602
2 0.298177 0.107407 0.0359375 0.0777778 0.0457709
0 0.00442708 0.398148 0.00885417 0.107407 0.0689452
2 0.464323 0.112037 0.0151042 0.0388889 0.144484
2 0.480469 0.109722 0.0213542 0.0453704 0.266965
2 0.322656 0.0861111 0.0380208 0.0351852 0.284526
2 0.627865 0.122222 0.0255208 0.0518519 0.410936
7 0.50651 0.103704 0.0421875 0.062963 0.424433
2 0.50625 0.103704 0.0416667 0.062963 0.466388
10 0.203906 0.316667 0.0161458 0.0703704 0.608544
2 0.31875 0.121296 0.0510417 0.0703704 0.695191
11 0.729427 0.0430556 0.0265625 0.0564815 0.754805
2 0.729948 0.419444 0.122396 0.172222 0.898159
2 0.59401 0.549537 0.150521 0.208333 0.92594
