46 0.482031 0.490278 0.0140625 0.0268519 0.00101941
0 0.526563 0.275 0.557292 0.438889 0.00112384
2 0.0171875 0.133333 0.0333333 0.0333333 0.00120583
1 0.0231771 0.399074 0.0463542 0.116667 0.00126489
9 0.817187 0.236111 0.00833333 0.0388889 0.00127209
9 0.502865 0.759722 0.0140625 0.0564815 0.00130452
13 0.99349 0.51713 0.0119792 0.169444 0.00132072
1 0.995573 0.328704 0.0078125 0.0555556 0.00133267
0 0.263021 0.107407 0.00833333 0.0462963 0.00135403
9 0.50026 0.602315 0.0151042 0.037963 0.00137212
0 0.758854 0.0717593 0.0104167 0.0435185 0.00142363
0 0.727604 0.371296 0.028125 0.0314815 0.00142684
2 0.813542 0.075463 0.015625 0.0212963 0.00146279
2 0.243229 0.109722 0.0135417 0.0361111 0.00153264
2 0.42474 0.109259 0.296354 0.0925926 0.0015648
13 0.972396 0.521296 0.0541667 0.177778 0.00161071
2 0.780729 0.103704 0.03125 0.05 0.00164439
58 0.91901 0.181481 0.161979 0.361111 0.00164727
9 0.26276 0.0847222 0.0078125 0.0324074 0.0016569
2 0.58099 0.419907 0.679688 0.219444 0.00165953
0 0.995833 0.327778 0.00729167 0.0574074 0.00168973
2 0.655729 0.138426 0.08125 0.0861111 0.00170569
0 0.75625 0.374074 0.0208333 0.0333333 0.00172392
0 0.438542 0.500926 0.85625 0.283333 0.0017391
0 0.417708 0.652778 0.805208 0.611111 0.00181007
2 0.00494792 0.0907407 0.00989583 0.0388889 0.0018281
9 0.235156 0.0662037 0.0203125 0.0416667 0.00183024
9 0.415365 0.00925926 0.0151042 0.0185185 0.00183051
2 0.551562 0.108796 0.371875 0.0712963 0.00186371
2 0.363802 0.0685185 0.0119792 0.0203704 0.001915
7 0.79401 0.0657407 0.0369792 0.0592593 0.00191606
9 0.995052 0.527778 0.00885417 0.05 0.00209278
32 0.453906 0.316667 0.0078125 0.0148148 0.00235334
2 0.00416667 0.423148 0.00833333 0.111111 0.00249326
2 0.444271 0.108796 0.0208333 0.0342593 0.00249453
32 0.460417 0.356944 0.0104167 0.0157407 0.0025019
2 0.443229 0.0888889 0.0145833 0.0296296 0.00258712
0 0.543229 0.269907 0.0197917 0.0305556 0.00273539
9 0.109115 0.0300926 0.0130208 0.0361111 0.00274046
2 0.238802 0.141667 0.0192708 0.0407407 0.00274248
9 0.253906 0.0847222 0.0130208 0.0361111 0.00293566
7 0.302604 0.106481 0.0802083 0.0925926 0.00314412
2 0.267708 0.100463 0.0114583 0.0564815 0.00318858
9 0.458333 0.0652778 0.00729167 0.0305556 0.00355939
11 0.239583 0.0328704 0.0229167 0.062037 0.00357579
2 0.648438 0.149537 0.0375 0.0564815 0.00368455
9 0.115625 0.025 0.0125 0.0407407 0.00380169
2 0.592188 0.125926 0.0177083 0.0259259 0.00438076
2 0.422396 0.108796 0.180208 0.0638889 0.00453745
9 0.258333 0.0740741 0.0104167 0.0425926 0.00532239
2 0.60651 0.0611111 0.00989583 0.0240741 0.00550049
5 0.220313 0.0685185 0.0510417 0.0574074 0.00618694
11 0.2375 0.0699074 0.0166667 0.0453704 0.00659975
9 0.570052 0.0324074 0.0109375 0.0574074 0.00670837
9 0.992708 0.494907 0.0135417 0.123148 0.00703283
12 0.992969 0.496759 0.0130208 0.128704 0.00739286
7 0.220052 0.0671296 0.0515625 0.062037 0.00771397
0 0.714844 0.372685 0.0223958 0.0268519 0.0083026
2 0.340104 0.0884259 0.0114583 0.0287037 0.00853221
9 0.293229 0.0583333 0.0104167 0.0388889 0.00858348
19 0.44349 0.0884259 0.0140625 0.0287037 0.00908522
0 0.333333 0.454167 0.028125 0.0416667 0.00930559
0 0.530729 0.27037 0.021875 0.0240741 0.00937648
0 0.370052 0.452778 0.0473958 0.0444444 0.00965522
7 0.148438 0.0888889 0.0666667 0.0777778 0.0100545
9 0.269792 0.037963 0.0208333 0.0611111 0.010246
9 0.292969 0.0699074 0.0109375 0.0194444 0.0125004
1 0.0111979 0.368056 0.0223958 0.0472222 0.0127092
0 0.349479 0.452778 0.0375 0.0444444 0.0139856
9 0.207813 0.0671296 0.021875 0.0435185 0.0157578
2 0.271354 0.111111 0.0135417 0.037037 0.0166433
9 0.584115 0.0398148 0.0130208 0.0518519 0.0167697
0 0.383854 0.45463 0.03125 0.0388889 0.0170848
0 0.635417 0.149074 0.0104167 0.0481481 0.0222239
2 0.786198 0.0893519 0.0161458 0.025 0.0282573
2 0.635417 0.147222 0.0114583 0.0537037 0.0312981
1 0.00390625 0.411574 0.0078125 0.0861111 0.0374263
1 0.00963542 0.399537 0.0192708 0.113889 0.0403168
2 0.461979 0.113426 0.0135417 0.037963 0.0895766
9 0.567187 0.0481481 0.00833333 0.0240741 0.102588
2 0.295573 0.107407 0.0317708 0.0814815 0.104374
7 0.298698 0.107407 0.0401042 0.0814815 0.126419
2 0.322135 0.087963 0.0380208 0.0351852 0.25424
2 0.480208 0.109722 0.0239583 0.0453704 0.300364
2 0.627865 0.122685 0.0255208 0.0509259 0.345378
7 0.50651 0.105093 0.0421875 0.062037 0.351493
2 0.50651 0.105093 0.0421875 0.062037 0.44313
11 0.729167 0.0425926 0.0270833 0.0555556 0.646871
2 0.31849 0.121759 0.0505208 0.0712963 0.724857
10 0.203646 0.316204 0.0166667 0.0712963 0.815029
2 0.547135 0.313426 0.111979 0.165741 0.87958
2 0.729948 0.42037 0.122396 0.172222 0.910289
2 0.357552 0.499537 0.136979 0.19537 0.937721
