58 0.961979 0.248611 0.075 0.226852 0.0010212
9 0.553906 0.0259259 0.0234375 0.0481481 0.00102333
9 0.995573 0.52963 0.0078125 0.0425926 0.00106331
7 0.971354 0.523148 0.05625 0.2 0.00106334
2 0.580208 0.422685 0.665625 0.187963 0.00107
2 0.294531 0.129167 0.0213542 0.0583333 0.00108073
2 0.746094 0.159722 0.0234375 0.0194444 0.00112424
2 0.407813 0.124074 0.0270833 0.037037 0.00118438
2 0.789583 0.0893519 0.0177083 0.0175926 0.00122252
2 0.291146 0.0726852 0.015625 0.0194444 0.00128345
2 0.576563 0.128704 0.05 0.0333333 0.00130459
58 0.967969 0.490278 0.0307292 0.0990741 0.00137405
9 0.547917 0.0513889 0.0104167 0.025 0.00139641
7 0.221615 0.0555556 0.0536458 0.087037 0.00144309
13 0.0119792 0.367593 0.0239583 0.0518519 0.00151822
2 0.809896 0.0689815 0.0135417 0.0175926 0.00152806
12 0.702604 0.139352 0.0239583 0.0842593 0.00157045
2 0.64401 0.151389 0.0255208 0.062037 0.00165058
2 0.240104 0.106019 0.0177083 0.0342593 0.00165332
2 0.814844 0.0675926 0.0140625 0.012963 0.00171623
2 0.53151 0.114352 0.343229 0.0805556 0.00185032
9 0.5625 0.049537 0.0197917 0.0268519 0.00203479
12 0.966667 0.498611 0.0270833 0.0787037 0.0020862
9 0.279167 0.0768519 0.040625 0.148148 0.00212105
0 0.75625 0.0921296 0.0125 0.0824074 0.00214729
0 0.263281 0.103704 0.00885417 0.0518519 0.00223453
7 0.292969 0.102778 0.0765625 0.101852 0.00224032
9 0.454688 0.314815 0.00729167 0.0148148 0.00224989
2 0.661719 0.150463 0.0640625 0.0657407 0.00238052
2 0.411198 0.112037 0.285937 0.0851852 0.00239608
11 0.23724 0.0685185 0.0161458 0.0444444 0.0025288
0 0.73125 0.371759 0.0333333 0.0287037 0.00260137
9 0.2375 0.0712963 0.0145833 0.0444444 0.00301349
2 0.273698 0.116667 0.0223958 0.0537037 0.00309253
9 0.258594 0.0689815 0.0109375 0.0583333 0.00313701
9 0.253125 0.0875 0.0135417 0.0361111 0.00317818
2 0.774219 0.12037 0.0182292 0.037037 0.00320883
2 0.303906 0.0828704 0.0265625 0.0361111 0.0032339
2 0.453646 0.1125 0.122917 0.0712963 0.00336801
0 0.757552 0.374537 0.0182292 0.0287037 0.00341392
2 0.784375 0.0912037 0.0135417 0.0194444 0.00342048
1 0.00989583 0.392593 0.0197917 0.116667 0.00345232
1 0.0046875 0.407407 0.009375 0.0851852 0.00367327
9 0.29349 0.0518519 0.00885417 0.0444444 0.0038824
9 0.36224 0.0685185 0.00989583 0.0296296 0.00411449
9 0.219271 0.104167 0.0104167 0.0416667 0.00443632
2 0.442708 0.0893519 0.0145833 0.0287037 0.00504159
12 0.974479 0.493056 0.0416667 0.117593 0.00519129
13 0.0132813 0.391667 0.0265625 0.118519 0.00535193
9 0.500521 0.603704 0.0145833 0.0407407 0.00537117
11 0.240104 0.0361111 0.0208333 0.0685185 0.00619305
5 0.213021 0.062037 0.034375 0.0555556 0.00630562
12 0.994792 0.491204 0.009375 0.126852 0.00670732
2 0.269271 0.108333 0.0114583 0.0407407 0.00675016
7 0.213802 0.0634259 0.0369792 0.0564815 0.00694709
2 0.592708 0.127778 0.01875 0.0240741 0.00754724
0 0.716146 0.371296 0.021875 0.0259259 0.00764045
9 0.442969 0.0898148 0.0140625 0.0296296 0.0078043
9 0.221354 0.0560185 0.0177083 0.0472222 0.00799838
9 0.266146 0.0953704 0.0104167 0.0462963 0.0100189
2 0.238281 0.141204 0.0192708 0.0416667 0.0103423
11 0.60599 0.0601852 0.0109375 0.0240741 0.0107959
9 0.207813 0.0662037 0.0208333 0.0453704 0.0115963
9 0.566927 0.0310185 0.0203125 0.0601852 0.012202
2 0.447656 0.1125 0.0286458 0.0324074 0.0234002
0 0.635417 0.148611 0.009375 0.0509259 0.0258463
2 0.460677 0.114815 0.0119792 0.0333333 0.0323834
9 0.220052 0.0875 0.00989583 0.0138889 0.0327333
0 0.174479 0.73287 0.186458 0.500926 0.0483879
9 0.503125 0.759259 0.0125 0.0574074 0.0507586
9 0.567448 0.0486111 0.00885417 0.025 0.060607
2 0.29375 0.108796 0.0302083 0.0824074 0.0758887
7 0.296875 0.108333 0.0354167 0.0833333 0.089272
9 0.269531 0.0365741 0.0223958 0.0694444 0.138274
2 0.322917 0.0851852 0.0375 0.0333333 0.271787
2 0.627604 0.121759 0.025 0.0509259 0.387777
2 0.477083 0.109259 0.0291667 0.0462963 0.414675
2 0.50625 0.103704 0.0427083 0.062963 0.432641
7 0.50625 0.104167 0.0427083 0.0638889 0.454197
2 0.31875 0.121759 0.0510417 0.0694444 0.710951
11 0.729688 0.0444444 0.0270833 0.0574074 0.763595
10 0.204167 0.315741 0.015625 0.0703704 0.774763
2 0.395573 0.137037 0.0536458 0.0740741 0.862098
2 0.730208 0.418519 0.121875 0.174074 0.909208
