2 0.530729 0.112037 0.0135417 0.0444444 0.00102208
2 0.400781 0.188889 0.0276042 0.0888889 0.00104013
10 0.0791667 0.161111 0.0125 0.0277778 0.00104431
2 0.785417 0.0842593 0.0260417 0.0277778 0.0010668
9 0.360677 0.0638889 0.00989583 0.0222222 0.00117236
0 0.446615 0.448611 0.749479 0.550926 0.00118171
0 0.520573 0.323611 0.600521 0.282407 0.00121906
9 0.578906 0.0333333 0.0203125 0.0611111 0.00131415
7 0.146615 0.0907407 0.0671875 0.0796296 0.00132403
12 0.976042 0.497222 0.0447917 0.127778 0.00132553
2 0.00390625 0.415741 0.0078125 0.0703704 0.00141402
0 0.392188 0.166667 0.025 0.0296296 0.00151224
9 0.547656 0.0527778 0.00989583 0.0222222 0.00154369
58 0.967708 0.509722 0.0510417 0.130556 0.00157807
0 0.361458 0.0694444 0.009375 0.0333333 0.00158018
2 0.560938 0.419907 0.5875 0.186111 0.00158493
2 0.297396 0.104167 0.0989583 0.10463 0.00160842
2 0.655729 0.136574 0.0833333 0.0805556 0.00162579
2 0.648698 0.149074 0.0380208 0.0611111 0.00180724
2 0.238281 0.139352 0.0192708 0.0435185 0.00190834
9 0.483854 0.0453704 0.00833333 0.0259259 0.00201025
9 0.415885 0.0101852 0.0161458 0.0203704 0.00205314
0 0.995833 0.327778 0.00729167 0.0574074 0.00206902
7 0.236198 0.0652778 0.0171875 0.037963 0.00207232
9 0.263281 0.0907407 0.0078125 0.0444444 0.00207836
32 0.454427 0.313889 0.0078125 0.012963 0.00211518
9 0.583594 0.0421296 0.0140625 0.0435185 0.00212018
2 0.781771 0.101389 0.0354167 0.0435185 0.00222043
0 0.757031 0.375 0.0203125 0.0314815 0.0022872
1 0.0111979 0.368056 0.0223958 0.0657407 0.00229672
9 0.502083 0.759722 0.0125 0.0546296 0.00231043
2 0.444792 0.110648 0.0229167 0.0324074 0.00246118
0 0.73099 0.373148 0.0255208 0.0259259 0.002507
9 0.276302 0.0416667 0.0369792 0.0777778 0.00252369
1 0.00520833 0.394907 0.0104167 0.113889 0.00252806
2 0.426562 0.109259 0.320833 0.0851852 0.00262832
9 0.292448 0.0537037 0.0078125 0.0425926 0.00262904
7 0.27526 0.0643518 0.0390625 0.125 0.0027271
7 0.221354 0.0569444 0.053125 0.0916667 0.0027992
0 0.442187 0.0875 0.0135417 0.0268519 0.00296916
2 0.583073 0.112037 0.330729 0.0722222 0.00313899
2 0.777083 0.111574 0.0260417 0.0361111 0.00317742
0 0.365104 0.314352 0.0541667 0.0453704 0.00339334
13 0.99401 0.518981 0.0109375 0.171296 0.00341407
13 0.9625 0.554167 0.040625 0.0416667 0.00342204
2 0.472917 0.110185 0.1375 0.0685185 0.0035491
13 0.967969 0.510648 0.0526042 0.134259 0.00392683
0 0.357292 0.312963 0.021875 0.0277778 0.00416337
9 0.572396 0.0310185 0.0145833 0.0583333 0.0041692
0 0.267188 0.0990741 0.0104167 0.0555556 0.00420345
9 0.99401 0.491204 0.0109375 0.119444 0.0046436
0 0.754167 0.0842593 0.0145833 0.0685185 0.00492653
12 0.694531 0.1625 0.0119792 0.0416667 0.00557934
58 0.967969 0.49537 0.0296875 0.0851852 0.0056493
0 0.715104 0.371296 0.0229167 0.0259259 0.00571028
12 0.99401 0.490741 0.0109375 0.122222 0.00573551
12 0.700781 0.162963 0.0192708 0.0425926 0.00586125
13 0.984635 0.518519 0.0296875 0.175926 0.00656536
0 0.394271 0.312963 0.0197917 0.0314815 0.00670364
9 0.50026 0.604167 0.0161458 0.0435185 0.00726596
5 0.215625 0.0648148 0.0385417 0.0555556 0.007399
0 0.28724 0.110648 0.0171875 0.0787037 0.00753351
0 0.283854 0.0893519 0.009375 0.037963 0.00933412
2 0.784375 0.0898148 0.015625 0.0222222 0.00961805
9 0.211979 0.0657407 0.034375 0.0555556 0.00971681
2 0.270312 0.109259 0.0135417 0.0388889 0.0101019
9 0.26849 0.0300926 0.0213542 0.0546296 0.014525
7 0.295052 0.106481 0.0307292 0.0796296 0.0151134
7 0.21276 0.0625 0.0338542 0.0583333 0.0173835
2 0.490104 0.106481 0.0177083 0.0518519 0.0196181
9 0.442448 0.087037 0.0130208 0.0259259 0.0203236
2 0.298438 0.105556 0.034375 0.0759259 0.0243298
2 0.60599 0.0592593 0.00989583 0.0259259 0.033213
0 0.634896 0.149537 0.009375 0.0527778 0.0333559
9 0.220052 0.0902778 0.00885417 0.0138889 0.0345783
9 0.566667 0.0476852 0.00833333 0.0231481 0.036351
2 0.634635 0.146759 0.0109375 0.0546296 0.0453978
2 0.46224 0.110185 0.0130208 0.0425926 0.0856797
2 0.321354 0.0856481 0.0385417 0.0361111 0.288185
2 0.472396 0.108796 0.0302083 0.0453704 0.305778
7 0.505729 0.103241 0.0427083 0.0638889 0.366324
2 0.627083 0.12037 0.0260417 0.05 0.434105
2 0.505729 0.102778 0.0427083 0.0648148 0.478734
10 0.203646 0.315278 0.015625 0.0712963 0.565496
2 0.318229 0.120833 0.0520833 0.0712963 0.739012
11 0.728906 0.0416667 0.0265625 0.0537037 0.829895
2 0.379687 0.188426 0.06875 0.0935185 0.867702
2 0.729688 0.419444 0.122917 0.172222 0.910484
2 0.745573 0.189815 0.127604 0.111111 0.920429
2 0.377865 0.353704 0.107813 0.151852 0.926189
