2 0.453646 0.561574 0.779167 0.434259 0.00101468
0 0.00598958 0.472222 0.0119792 0.225926 0.00101677
9 0.269271 0.0162037 0.0229167 0.0324074 0.00104794
0 0.366146 0.538889 0.0333333 0.0462963 0.00105518
2 0.427604 0.0680556 0.0177083 0.0194444 0.0010873
0 0.691146 0.519907 0.611458 0.376852 0.00110117
2 0.00598958 0.0898148 0.0119792 0.0407407 0.0011163
0 0.469792 0.531018 0.0145833 0.0416667 0.00116326
1 0.490885 0.42963 0.0307292 0.15 0.00119733
1 0.0145833 0.456944 0.0291667 0.226852 0.00120837
0 0.75651 0.373611 0.0234375 0.0361111 0.00123807
0 0.186719 0.1125 0.0078125 0.0472222 0.00130607
1 0.071875 0.151389 0.0322917 0.0490741 0.00131527
0 0.376563 0.536574 0.034375 0.0564815 0.00138016
12 0.986458 0.493519 0.0208333 0.12037 0.00142464
2 0.293229 0.0532407 0.0104167 0.037963 0.00142516
0 0.555469 0.256019 0.458854 0.384259 0.00143149
2 0.770833 0.109722 0.015625 0.0305556 0.00144235
9 0.440885 0.208333 0.0151042 0.0574074 0.00149116
1 0.0273438 0.353704 0.0453125 0.0203704 0.00152439
2 0.415885 0.0185185 0.0171875 0.0314815 0.00156018
9 0.569792 0.0314815 0.0145833 0.0574074 0.00156166
0 0.297396 0.466204 0.532292 0.249074 0.00156511
7 0.786979 0.0606481 0.0229167 0.0564815 0.00158128
0 0.816927 0.234722 0.00885417 0.0342593 0.00164615
2 0.658854 0.126389 0.0895833 0.0601852 0.00166504
7 0.28724 0.0912037 0.100521 0.115741 0.00167853
46 0.481771 0.488889 0.0135417 0.0277778 0.00167926
1 0.0705729 0.451389 0.0546875 0.10463 0.00170006
9 0.415625 0.012037 0.0166667 0.0240741 0.00170433
1 0.120312 0.441204 0.103125 0.0953704 0.00175282
1 0.0101562 0.324537 0.0203125 0.0601852 0.00175416
1 0.0747396 0.450463 0.0140625 0.0435185 0.00180876
0 0.73151 0.372685 0.0265625 0.0287037 0.00185272
58 0.967448 0.511574 0.0463542 0.134259 0.00188151
7 0.236979 0.0675926 0.0166667 0.0425926 0.00193469
1 0.0296875 0.1625 0.059375 0.0805556 0.00195674
58 0.921875 0.183796 0.15625 0.362037 0.00205255
13 0.970312 0.572685 0.0583333 0.0898148 0.00205313
0 0.244271 0.104167 0.00833333 0.0361111 0.00207181
2 0.494271 0.111111 0.38125 0.0777778 0.00210432
1 0.503385 0.339815 0.0276042 0.0685185 0.00217339
1 0.0565104 0.440278 0.113021 0.108333 0.0022483
0 0.369531 0.52037 0.669271 0.446296 0.0022889
2 0.264583 0.1 0.0104167 0.0555556 0.00231189
1 0.0526042 0.1625 0.0677083 0.0712963 0.00235384
11 0.236719 0.0689815 0.0171875 0.0453704 0.0023588
2 0.277604 0.113426 0.0291667 0.0564815 0.00245739
7 0.220573 0.0847222 0.0567708 0.130556 0.00255731
1 0.00546875 0.462037 0.0109375 0.214815 0.00281512
2 0.386979 0.105093 0.21875 0.0824074 0.00288576
9 0.99401 0.490278 0.0109375 0.117593 0.00309049
0 0.26276 0.0912037 0.00989583 0.0472222 0.00321981
2 0.23776 0.141204 0.0192708 0.0398148 0.00335654
2 0.25599 0.0861111 0.0223958 0.0388889 0.00340398
0 0.353385 0.361574 0.619271 0.421296 0.00344151
2 0.779948 0.100926 0.0338542 0.05 0.00358199
58 0.967969 0.493519 0.0307292 0.0851852 0.00393712
0 0.35026 0.544444 0.0317708 0.0537037 0.00432658
2 0.271354 0.0606481 0.01875 0.0361111 0.00459529
2 0.619271 0.42037 0.358333 0.168519 0.00486288
2 0.28151 0.0925926 0.0119792 0.0481481 0.00488206
13 0.99401 0.519907 0.0109375 0.169444 0.00505203
0 0.358854 0.541204 0.0145833 0.0268519 0.00533917
12 0.994531 0.490741 0.00989583 0.118519 0.00546667
1 0.0255208 0.361111 0.0510417 0.0462963 0.00592659
0 0.715625 0.372222 0.0239583 0.0259259 0.00598982
1 0.0111979 0.35463 0.0223958 0.0574074 0.00761757
0 0.410156 0.536111 0.0338542 0.0592593 0.0076982
13 0.976302 0.519907 0.0463542 0.173148 0.00776878
2 0.60625 0.0597222 0.009375 0.0268519 0.00789167
2 0.283854 0.0763889 0.025 0.0287037 0.00912328
2 0.788802 0.0875 0.0182292 0.025 0.00953663
24 0.494271 0.303241 0.03125 0.0731481 0.0100311
13 0.9625 0.554167 0.040625 0.0453704 0.0102237
9 0.217969 0.104167 0.0078125 0.0398148 0.0108152
0 0.75651 0.0888889 0.0130208 0.0814815 0.0110381
9 0.21224 0.0634259 0.0348958 0.0601852 0.0148353
9 0.566406 0.0472222 0.00885417 0.0222222 0.0158089
2 0.286979 0.116667 0.0177083 0.0666667 0.0185218
2 0.271094 0.109722 0.0151042 0.037963 0.020112
1 0.025 0.394444 0.05 0.111111 0.020339
0 0.634635 0.144907 0.0109375 0.0527778 0.022426
7 0.21224 0.062037 0.0348958 0.0611111 0.0230733
5 0.2125 0.062037 0.034375 0.0611111 0.023337
9 0.220313 0.087963 0.0104167 0.012963 0.0305995
7 0.276302 0.0393519 0.0401042 0.0768519 0.0358176
2 0.290885 0.0708333 0.0140625 0.0138889 0.0453642
2 0.29401 0.10463 0.0286458 0.0740741 0.0484008
2 0.486458 0.106944 0.015625 0.0509259 0.050032
24 0.491927 0.307407 0.0223958 0.0444444 0.0539516
1 0.00546875 0.408333 0.0109375 0.0851852 0.0566635
1 0.0992187 0.431481 0.0234375 0.0759259 0.0695545
2 0.325521 0.0532407 0.0177083 0.0305556 0.0986143
2 0.326042 0.075 0.028125 0.0240741 0.102299
2 0.461979 0.1125 0.0135417 0.037963 0.106234
0 0.431771 0.543981 0.0427083 0.0509259 0.114125
1 0.0114583 0.397685 0.0229167 0.10463 0.209483
1 0.0877604 0.447685 0.0348958 0.100926 0.283316
2 0.320052 0.0875 0.0401042 0.0361111 0.299859
2 0.472135 0.109259 0.0317708 0.0444444 0.404348
1 0.0830729 0.460185 0.0192708 0.0648148 0.412804
7 0.50599 0.103241 0.0432292 0.0638889 0.440336
1 0.495052 0.395833 0.0296875 0.0898148 0.446873
2 0.505729 0.103704 0.0427083 0.062963 0.453116
2 0.347656 0.0578704 0.0380208 0.0361111 0.486308
2 0.627083 0.122222 0.0260417 0.0537037 0.500372
2 0.429167 0.102778 0.040625 0.0574074 0.703759
2 0.317969 0.120833 0.0515625 0.0712963 0.747598
11 0.728906 0.0421296 0.0265625 0.0546296 0.763885
0 0.498177 0.341667 0.0390625 0.177778 0.816682
10 0.204167 0.314815 0.015625 0.0703704 0.82142
0 0.0882813 0.400463 0.0401042 0.137963 0.826859
2 0.394792 0.624074 0.2 0.318519 0.831612
2 0.729427 0.42037 0.123438 0.17037 0.911469
