13 0.960938 0.555093 0.0375 0.0398148 0.0010146
7 0.790885 0.0652778 0.0307292 0.062037 0.00113288
9 0.816927 0.234259 0.00885417 0.0407407 0.00115964
14 0.481771 0.490278 0.0145833 0.0287037 0.00117076
9 0.27526 0.0393519 0.0369792 0.0768519 0.00117771
12 0.701302 0.162963 0.0223958 0.037037 0.00120565
13 0.98776 0.518981 0.0234375 0.176852 0.00122358
2 0.817187 0.23287 0.009375 0.0435185 0.0012238
9 0.588542 0.0388889 0.015625 0.0388889 0.00123306
9 0.547917 0.0587963 0.0104167 0.0231481 0.00125371
9 0.50026 0.603241 0.0151042 0.0398148 0.00127884
7 0.970573 0.521296 0.0578125 0.187037 0.00133972
2 0.790365 0.1125 0.0515625 0.0638889 0.00142581
1 0.810938 0.331944 0.01875 0.0861111 0.00146538
2 0.771615 0.117593 0.0140625 0.0388889 0.00150329
1 0.0101562 0.365278 0.0203125 0.0527778 0.00159272
9 0.252865 0.087037 0.0140625 0.0351852 0.00160748
2 0.813542 0.0763889 0.0177083 0.0194444 0.00169676
2 0.0145833 0.39537 0.0291667 0.114815 0.00172825
9 0.29401 0.0537037 0.00989583 0.0388889 0.00179585
9 0.566406 0.0574074 0.0109375 0.0444444 0.00185629
2 0.00546875 0.156481 0.0109375 0.0407407 0.00194138
9 0.583854 0.0351852 0.0145833 0.0518519 0.00200837
2 0.297396 0.123611 0.0239583 0.0712963 0.0020767
2 0.0140625 0.364815 0.028125 0.0462963 0.00212725
2 0.363542 0.0680556 0.0114583 0.0212963 0.00227664
2 0.0411458 0.149537 0.0822917 0.0805556 0.00228231
2 0.240625 0.106481 0.0166667 0.0351852 0.00234723
11 0.236979 0.0675926 0.0177083 0.0425926 0.00242511
2 0.289062 0.0856481 0.0229167 0.0453704 0.0025072
2 0.473437 0.108796 0.0854167 0.0657407 0.00257571
0 0.757812 0.374537 0.01875 0.0305556 0.00260039
2 0.376302 0.10787 0.210938 0.0787037 0.00276093
9 0.263021 0.0884259 0.00729167 0.037963 0.002761
9 0.577604 0.0319444 0.0145833 0.0564815 0.00279479
2 0.559635 0.110648 0.241146 0.0712963 0.00298712
0 0.730208 0.373148 0.025 0.0296296 0.00306627
1 0.0528646 0.151389 0.0609375 0.0638889 0.00307306
0 0.263281 0.103241 0.0078125 0.0509259 0.00308098
9 0.415365 0.0101852 0.0161458 0.0203704 0.00312655
12 0.689583 0.169907 0.0125 0.0324074 0.00318407
0 0.00390625 0.406481 0.0078125 0.0907407 0.00322544
9 0.211198 0.0657407 0.0317708 0.0518519 0.00331844
7 0.989844 0.517593 0.0192708 0.181481 0.00338854
0 0.3625 0.0689815 0.009375 0.0231481 0.00368425
0 0.266927 0.099537 0.0119792 0.0564815 0.00375499
9 0.269271 0.0513889 0.0197917 0.0342593 0.00390466
12 0.692969 0.165741 0.0078125 0.0388889 0.00397165
1 0.00364583 0.409259 0.00729167 0.087037 0.00401756
2 0.238802 0.141204 0.0192708 0.0398148 0.00419371
2 0.290885 0.0763889 0.0192708 0.025 0.00444434
2 0.427344 0.0759259 0.0484375 0.0425926 0.00486702
2 0.445573 0.1 0.0234375 0.05 0.00573108
2 0.00390625 0.409722 0.0078125 0.0861111 0.00646836
0 0.272656 0.780556 0.0411458 0.0555556 0.00669756
0 0.235938 0.783333 0.0520833 0.0537037 0.00711878
11 0.60599 0.0606481 0.00989583 0.025 0.00714007
9 0.269271 0.0203704 0.0208333 0.0351852 0.00863562
2 0.0205729 0.144907 0.0411458 0.0638889 0.00875054
2 0.592188 0.126852 0.0177083 0.0240741 0.00890311
12 0.99349 0.507407 0.0119792 0.153704 0.00896597
0 0.757292 0.075463 0.0114583 0.0472222 0.00967793
9 0.572135 0.0314815 0.0130208 0.0592593 0.0109891
2 0.270833 0.110648 0.0135417 0.037963 0.0112834
0 0.21849 0.786574 0.0432292 0.0546296 0.0157519
2 0.489583 0.106944 0.0166667 0.0509259 0.0166958
0 0.292969 0.778241 0.0442708 0.0564815 0.016713
2 0.786458 0.0898148 0.015625 0.0222222 0.0171105
5 0.220313 0.0689815 0.0510417 0.0601852 0.0195022
0 0.71276 0.373611 0.0203125 0.025 0.0202409
7 0.220313 0.0685185 0.0510417 0.0648148 0.0218782
0 0.44349 0.0865741 0.0151042 0.0287037 0.0247289
0 0.635417 0.146759 0.009375 0.0509259 0.0256175
2 0.635156 0.144907 0.0109375 0.0546296 0.0262741
9 0.502604 0.759722 0.0135417 0.0564815 0.0393147
9 0.567187 0.0481481 0.00833333 0.0240741 0.0775845
2 0.46224 0.110648 0.0140625 0.0416667 0.102402
2 0.298698 0.10787 0.0401042 0.0842593 0.116048
7 0.297917 0.107407 0.040625 0.0833333 0.122036
2 0.434635 0.0689815 0.0296875 0.0268519 0.292503
2 0.472135 0.109259 0.0328125 0.0444444 0.296591
2 0.413021 0.0675926 0.0197917 0.0259259 0.382062
2 0.322135 0.0875 0.0369792 0.037963 0.393736
2 0.627344 0.121296 0.0255208 0.05 0.413292
2 0.50599 0.10463 0.0432292 0.0611111 0.579176
2 0.31849 0.121296 0.0505208 0.0722222 0.702051
10 0.204167 0.316667 0.015625 0.0703704 0.764041
11 0.728906 0.0435185 0.0265625 0.0574074 0.806969
2 0.729948 0.419907 0.122396 0.171296 0.909509
2 0.264583 0.846759 0.202083 0.291667 0.910278
