7 0.989583 0.521296 0.0197917 0.190741 0.00101666
9 0.566146 0.0587963 0.0114583 0.0453704 0.0010359
58 0.967969 0.498148 0.0286458 0.0814815 0.00105614
2 0.817969 0.236111 0.0078125 0.0351852 0.00108042
2 0.580208 0.422222 0.609375 0.177778 0.00110449
9 0.995313 0.529167 0.00833333 0.0398148 0.00111111
2 0.641406 0.151852 0.0223958 0.062963 0.00111407
9 0.29375 0.0560185 0.0104167 0.0416667 0.00117896
12 0.69349 0.163889 0.0078125 0.0388889 0.00118215
9 0.261458 0.0532407 0.0135417 0.037963 0.00118536
13 0.961719 0.555556 0.0390625 0.0425926 0.00120637
58 0.919531 0.18287 0.160938 0.362037 0.0012739
2 0.28724 0.0726852 0.0223958 0.0361111 0.00127708
2 0.994531 0.519444 0.00989583 0.166667 0.00132431
1 0.0445312 0.165278 0.0828125 0.0935185 0.0013643
9 0.116146 0.024537 0.0166667 0.0435185 0.00137425
2 0.24401 0.105556 0.00989583 0.0351852 0.00140984
9 0.5625 0.05 0.0177083 0.0240741 0.00146553
2 0.804427 0.0722222 0.0151042 0.0185185 0.00152267
12 0.702604 0.165278 0.0208333 0.037963 0.0015668
9 0.415625 0.0115741 0.015625 0.0231481 0.00157759
2 0.35625 0.10463 0.0302083 0.0555556 0.00158261
2 0.296354 0.100926 0.09375 0.0907407 0.00169237
32 0.460156 0.358333 0.0109375 0.0148148 0.00170654
0 0.817708 0.236111 0.00729167 0.0333333 0.0017442
9 0.579167 0.0324074 0.0145833 0.0537037 0.00175042
9 0.991406 0.502778 0.0161458 0.144444 0.0017921
2 0.815625 0.0856481 0.0135417 0.0287037 0.00189354
2 0.816667 0.0699074 0.0125 0.0138889 0.0019411
2 0.442969 0.0884259 0.0151042 0.0287037 0.00199174
9 0.258854 0.0703704 0.0125 0.05 0.00209017
9 0.584375 0.0412037 0.0135417 0.0435185 0.00214006
9 0.2625 0.087037 0.00729167 0.0351852 0.00218114
0 0.2625 0.102315 0.009375 0.0546296 0.00218218
2 0.3375 0.0768519 0.0177083 0.0407407 0.00236732
1 0.009375 0.158333 0.01875 0.0444444 0.00239577
9 0.570312 0.0319444 0.0125 0.0583333 0.00239905
9 0.2375 0.0689815 0.0166667 0.0435185 0.00248667
14 0.482292 0.491204 0.0135417 0.0287037 0.0025747
2 0.416146 0.0282407 0.0166667 0.0175926 0.00283127
2 0.774219 0.113889 0.0182292 0.0351852 0.00286405
2 0.59349 0.125463 0.0161458 0.025 0.00288965
9 0.108594 0.0296296 0.0119792 0.037037 0.00305996
2 0.267969 0.1 0.0119792 0.0574074 0.00326636
1 0.0046875 0.466667 0.009375 0.218519 0.00337972
2 0.351823 0.10787 0.105729 0.0657407 0.00348197
2 0.560677 0.109259 0.201562 0.0611111 0.00367989
0 0.715885 0.373148 0.0244792 0.0277778 0.00389149
2 0.446354 0.114352 0.028125 0.0324074 0.00413807
9 0.252604 0.0875 0.0125 0.0342593 0.00441457
2 0.282031 0.1 0.00885417 0.0555556 0.00443421
2 0.798177 0.0856481 0.0276042 0.025 0.00517675
2 0.780208 0.101852 0.0302083 0.0425926 0.00558579
2 0.238542 0.139815 0.01875 0.0444444 0.00597356
12 0.99375 0.494444 0.0114583 0.124074 0.00658009
1 0.0117188 0.36713 0.0234375 0.0490741 0.00685917
0 0.995833 0.326852 0.00729167 0.0574074 0.00701123
9 0.26875 0.0550926 0.0177083 0.0342593 0.00765952
2 0.292188 0.0717593 0.0125 0.0157407 0.00783801
9 0.269531 0.0208333 0.0203125 0.0361111 0.00855256
9 0.176302 0.511574 0.0369792 0.0435185 0.00928646
9 0.50026 0.603241 0.0151042 0.0416667 0.00943519
10 0.442969 0.087963 0.0140625 0.0277778 0.0112753
2 0.271875 0.109259 0.0135417 0.0407407 0.011599
2 0.60599 0.0606481 0.00989583 0.025 0.0129714
2 0.270052 0.0523148 0.0192708 0.0342593 0.0132479
1 0.0231771 0.17963 0.0463542 0.0796296 0.0137316
2 0.813802 0.0759259 0.0171875 0.0166667 0.0141697
9 0.211458 0.0657407 0.03125 0.05 0.0150598
9 0.502604 0.760648 0.0125 0.0527778 0.0152561
2 0.359635 0.0634259 0.0151042 0.0342593 0.01644
2 0.3625 0.0685185 0.0145833 0.0203704 0.0174865
5 0.220052 0.0638889 0.0484375 0.0574074 0.0206061
2 0.634896 0.146296 0.0114583 0.0537037 0.0330636
0 0.635156 0.148148 0.00989583 0.05 0.0370438
7 0.220313 0.0643518 0.05 0.0638889 0.0379443
9 0.566927 0.0486111 0.00885417 0.0231481 0.0414781
1 0.0117188 0.394907 0.0234375 0.121296 0.0458581
2 0.46276 0.112963 0.0151042 0.0388889 0.0477622
0 0.757292 0.0935185 0.015625 0.0777778 0.0530059
1 0.00442708 0.409722 0.00885417 0.0916667 0.0556979
2 0.786458 0.0907407 0.0166667 0.0222222 0.0664305
2 0.3 0.10787 0.0395833 0.0805556 0.129727
7 0.3 0.106019 0.0416667 0.0787037 0.137667
2 0.31901 0.0902778 0.0390625 0.0324074 0.150476
2 0.341927 0.0583333 0.0484375 0.037037 0.309954
2 0.474479 0.109722 0.0364583 0.0453704 0.488536
2 0.627604 0.123148 0.0260417 0.0518519 0.494541
2 0.507031 0.10463 0.0411458 0.062963 0.51027
2 0.31901 0.119444 0.0505208 0.0740741 0.626411
10 0.203906 0.316204 0.0161458 0.0712963 0.730991
11 0.728906 0.0425926 0.0265625 0.0555556 0.780137
2 0.384896 0.112037 0.034375 0.0425926 0.830455
2 0.729948 0.419444 0.122396 0.172222 0.919863
