0 0.43151 0.326389 0.784896 0.299074 0.00100417
0 0.263802 0.0925926 0.00989583 0.0444444 0.00102803
12 0.701823 0.123611 0.0223958 0.0546296 0.00103492
9 0.485677 0.0180556 0.0130208 0.0287037 0.00105332
58 0.96849 0.49537 0.0317708 0.0907407 0.00110379
9 0.582552 0.0388889 0.0140625 0.05 0.00118959
0 0.578906 0.561574 0.204688 0.836111 0.00119735
9 0.995052 0.516667 0.00885417 0.0759259 0.00129859
2 0.445573 0.107407 0.0234375 0.0388889 0.00130908
2 0.292188 0.102778 0.0885417 0.0925926 0.00134663
9 0.548177 0.0578704 0.0109375 0.0231481 0.00135401
9 0.416406 0.0171296 0.0151042 0.0231481 0.0013918
13 0.961719 0.555556 0.0390625 0.0444444 0.00140998
2 0.331771 0.0810185 0.0302083 0.0342593 0.00142051
2 0.201042 0.244444 0.0177083 0.0148148 0.00142392
0 0.18724 0.111574 0.00677083 0.0416667 0.00142513
2 0.0122396 0.39213 0.0244792 0.125 0.00147229
2 0.275 0.111111 0.0229167 0.0592593 0.00147331
1 0.809896 0.331944 0.0197917 0.0935185 0.00153584
2 0.264062 0.100926 0.0104167 0.0555556 0.00157626
2 0.794792 0.0851852 0.03125 0.0296296 0.00157673
11 0.220573 0.0657407 0.0505208 0.0518519 0.00160145
2 0.778646 0.1 0.0291667 0.0444444 0.0017474
13 0.984896 0.521759 0.0291667 0.184259 0.00176871
2 0.770573 0.108796 0.0119792 0.0268519 0.00180313
12 0.701042 0.164352 0.0229167 0.037963 0.00183078
7 0.276302 0.0685185 0.0411458 0.131481 0.00218376
0 0.473698 0.555556 0.691146 0.812963 0.00219553
7 0.146615 0.0925926 0.0713542 0.0796296 0.00221249
2 0.813542 0.0763889 0.0177083 0.0194444 0.00222116
0 0.36224 0.0694444 0.00885417 0.0240741 0.00238312
9 0.756771 0.113426 0.0145833 0.037963 0.00238937
7 0.788281 0.0648148 0.0244792 0.0648148 0.00243984
2 0.655469 0.138426 0.0786458 0.0842593 0.00244263
9 0.501823 0.759722 0.0130208 0.0546296 0.00256163
2 0.641406 0.151852 0.0213542 0.0592593 0.00269806
2 0.416667 0.108796 0.31875 0.0787037 0.00281293
9 0.573177 0.0310185 0.0151042 0.0583333 0.00283251
2 0.292448 0.0689815 0.0119792 0.0175926 0.00285433
7 0.991927 0.518519 0.0151042 0.172222 0.00291141
2 0.516927 0.421296 0.607813 0.181481 0.00299767
9 0.99401 0.503241 0.0109375 0.143519 0.00306166
0 0.391146 0.289815 0.0197917 0.0277778 0.0030691
2 0.592708 0.122685 0.01875 0.0287037 0.00310881
2 0.56901 0.109722 0.222396 0.0657407 0.00346407
0 0.729167 0.372222 0.0260417 0.0296296 0.00388595
0 0.75651 0.374537 0.0213542 0.0305556 0.00394408
2 0.442448 0.0861111 0.0130208 0.0259259 0.00437581
9 0.415104 0.00972222 0.0145833 0.0194444 0.00461829
11 0.236979 0.0671296 0.0166667 0.0416667 0.00490838
9 0.29349 0.0560185 0.00885417 0.0361111 0.00500218
7 0.970573 0.526852 0.0578125 0.198148 0.00525277
2 0.605729 0.0597222 0.0104167 0.0231481 0.00572563
2 0.48151 0.109259 0.0598958 0.0592593 0.00577093
0 0.268229 0.099537 0.0114583 0.0546296 0.00585464
12 0.994271 0.500463 0.0104167 0.139815 0.00618333
12 0.691927 0.164352 0.00885417 0.0398148 0.00680867
9 0.26901 0.0342593 0.0223958 0.062963 0.00728917
2 0.363802 0.0671296 0.0119792 0.0194444 0.00772596
2 0.238542 0.141667 0.0177083 0.037037 0.00858767
0 0.757552 0.0722222 0.0119792 0.0388889 0.00909073
9 0.208333 0.0680556 0.0229167 0.0453704 0.00915464
2 0.286458 0.114352 0.015625 0.0712963 0.00978632
0 0.283594 0.103241 0.0109375 0.0583333 0.010138
2 0.271354 0.108333 0.0145833 0.0407407 0.0106641
0 0.266146 0.831019 0.040625 0.0657407 0.0110887
3 0.00833333 0.393981 0.0166667 0.117593 0.011371
1 0.0109375 0.365278 0.021875 0.0490741 0.0117234
0 0.713542 0.372685 0.021875 0.025 0.0135172
7 0.219792 0.0652778 0.0489583 0.0583333 0.0186692
5 0.221094 0.0680556 0.0494792 0.0564815 0.0187522
1 0.0127604 0.39213 0.0255208 0.117593 0.0237648
7 0.296094 0.107407 0.0369792 0.0833333 0.026743
9 0.566927 0.0476852 0.0078125 0.0231481 0.0271064
9 0.442187 0.087037 0.0125 0.0259259 0.0281679
2 0.785417 0.0888889 0.0145833 0.0240741 0.0294702
2 0.634896 0.148148 0.0114583 0.0537037 0.0297639
0 0.355729 0.290278 0.021875 0.0287037 0.0305684
0 0.24401 0.834259 0.0473958 0.0648148 0.0306958
0 0.378906 0.289815 0.0203125 0.0277778 0.0311852
2 0.296615 0.106944 0.0348958 0.0805556 0.0321492
2 0.00416667 0.410185 0.00833333 0.0833333 0.0357672
2 0.489583 0.107407 0.015625 0.05 0.0380504
1 0.00546875 0.391204 0.0109375 0.119444 0.0444276
0 0.303646 0.82963 0.0489583 0.0722222 0.0604541
2 0.46276 0.1125 0.0140625 0.037963 0.125672
2 0.479167 0.109722 0.0208333 0.0435185 0.203152
0 0.225 0.836574 0.0427083 0.0675926 0.274399
2 0.470052 0.110185 0.0276042 0.0425926 0.295943
2 0.322135 0.0875 0.0369792 0.0361111 0.372773
2 0.627083 0.122222 0.0260417 0.0518519 0.51631
2 0.50599 0.104167 0.0432292 0.062037 0.538774
10 0.203906 0.316204 0.0161458 0.0712963 0.626311
2 0.318229 0.122685 0.0510417 0.0694444 0.754841
11 0.729167 0.0425926 0.0270833 0.0555556 0.768778
2 0.729688 0.419907 0.122917 0.169444 0.912258
2 0.370313 0.328241 0.105208 0.147222 0.917125
2 0.269271 0.873148 0.209375 0.25 0.919963
