0 0.757292 0.374537 0.0197917 0.0342593 0.00100222
5 0.233333 0.0736111 0.0260417 0.0583333 0.00101093
2 0.639063 0.127315 0.0489583 0.0583333 0.00112323
9 0.566406 0.0592593 0.0109375 0.0481481 0.00116275
0 0.73125 0.372222 0.0260417 0.0296296 0.00117441
9 0.253385 0.087037 0.0140625 0.037037 0.00121725
2 0.771875 0.1125 0.0145833 0.0287037 0.00128859
9 0.816927 0.234722 0.00885417 0.0416667 0.00129027
12 0.716667 0.166204 0.0135417 0.0324074 0.00132675
2 0.276302 0.111111 0.0255208 0.0611111 0.00132924
12 0.702083 0.121759 0.0229167 0.0509259 0.00133537
2 0.240885 0.106944 0.0182292 0.037963 0.00133614
5 0.788802 0.062037 0.0265625 0.0611111 0.00137628
12 0.9875 0.518981 0.0239583 0.173148 0.00140944
9 0.414844 0.00972222 0.0151042 0.0194444 0.00144419
2 0.447917 0.10463 0.0270833 0.0425926 0.00149468
7 0.276563 0.0638889 0.0395833 0.124074 0.00152709
2 0.794792 0.0861111 0.0302083 0.0259259 0.001548
12 0.995573 0.52963 0.0078125 0.0351852 0.00164148
2 0.285677 0.0740741 0.0244792 0.0314815 0.00165146
11 0.236979 0.0699074 0.0177083 0.0472222 0.0016548
0 0.263281 0.100463 0.00885417 0.0564815 0.00167364
2 0.338281 0.0787037 0.0171875 0.0296296 0.00168004
9 0.257552 0.0796296 0.0130208 0.05 0.00177251
9 0.263021 0.0893519 0.00833333 0.0398148 0.00177659
12 0.701563 0.164352 0.0229167 0.0398148 0.00181895
1 0.203646 0.488889 0.0291667 0.111111 0.00190316
9 0.502083 0.760185 0.0135417 0.0537037 0.00194416
0 0.215885 0.399537 0.0244792 0.0509259 0.00200902
7 0.788802 0.0634259 0.0265625 0.0657407 0.00204586
58 0.96875 0.493981 0.0302083 0.0898148 0.00208733
2 0.65 0.147222 0.0385417 0.062963 0.00214209
9 0.29349 0.0569444 0.00989583 0.0416667 0.00214973
2 0.414583 0.106481 0.257292 0.0851852 0.00235514
7 0.970573 0.52963 0.0578125 0.212963 0.00254469
7 0.98776 0.521759 0.0234375 0.193519 0.00258901
12 0.975781 0.498611 0.0432292 0.125 0.00262528
2 0.563542 0.109722 0.259375 0.0712963 0.00269294
2 0.266927 0.0990741 0.0109375 0.0555556 0.00274402
11 0.60599 0.0601852 0.00989583 0.0259259 0.0033505
0 0.716146 0.371759 0.0229167 0.0287037 0.00342836
2 0.779688 0.102778 0.0302083 0.05 0.00345706
0 0.283594 0.0962963 0.0109375 0.0407407 0.00348025
2 0.813802 0.075463 0.0171875 0.0157407 0.00361185
2 0.476562 0.108796 0.0666667 0.062037 0.00376586
26 0.214323 0.420833 0.0234375 0.062037 0.0040819
9 0.577083 0.0328704 0.0135417 0.062037 0.00429511
0 0.458594 0.0643518 0.0078125 0.0324074 0.00477588
12 0.692708 0.165278 0.00833333 0.037963 0.00642364
0 0.75625 0.0939815 0.015625 0.0787037 0.00694841
2 0.293229 0.0712963 0.0104167 0.0166667 0.0069791
9 0.210938 0.0657407 0.0291667 0.05 0.00758398
2 0.442708 0.0865741 0.0135417 0.0268519 0.00917781
0 0.217187 0.398148 0.0354167 0.0796296 0.00963679
2 0.270833 0.108796 0.0145833 0.0416667 0.0105803
12 0.994271 0.494907 0.0104167 0.126852 0.0109321
2 0.238281 0.141667 0.0182292 0.0407407 0.0110677
2 0.592448 0.125463 0.0171875 0.0231481 0.0116889
2 0.308594 0.0800926 0.0223958 0.0324074 0.0120091
2 0.635156 0.141204 0.0109375 0.0472222 0.0131596
9 0.56901 0.0310185 0.0140625 0.0583333 0.0169588
1 0.228646 0.465278 0.0125 0.0787037 0.0206324
7 0.298177 0.105556 0.0390625 0.0814815 0.0231844
7 0.220313 0.0666667 0.05 0.062963 0.023349
9 0.269271 0.0356481 0.0229167 0.0675926 0.0277386
1 0.0143229 0.462963 0.0286458 0.22963 0.0293195
10 0.442708 0.087963 0.0125 0.0277778 0.0318892
2 0.785677 0.0888889 0.0140625 0.0240741 0.0325677
5 0.220573 0.0680556 0.0505208 0.0638889 0.0346178
2 0.486719 0.107407 0.0151042 0.05 0.0349788
2 0.291146 0.116667 0.0229167 0.0611111 0.0356284
2 0.3125 0.100463 0.0427083 0.0638889 0.0504912
2 0.36224 0.0675926 0.00989583 0.0240741 0.0589736
2 0.30026 0.105556 0.0369792 0.0777778 0.0602699
9 0.567187 0.0476852 0.00833333 0.0231481 0.0931475
2 0.4625 0.1125 0.0135417 0.037963 0.12817
1 0.0140625 0.403241 0.028125 0.0990741 0.145611
2 0.480208 0.109259 0.0208333 0.0444444 0.256048
2 0.469271 0.109722 0.0260417 0.0435185 0.27946
2 0.378125 0.0643518 0.021875 0.0305556 0.313131
2 0.322396 0.087037 0.0375 0.037037 0.347319
2 0.627083 0.121759 0.0260417 0.0509259 0.437935
1 0.219271 0.490278 0.0260417 0.119444 0.521108
2 0.505729 0.10463 0.0427083 0.0611111 0.608068
2 0.397396 0.0657407 0.0302083 0.0296296 0.621725
2 0.31875 0.121759 0.0510417 0.0712963 0.749852
0 0.217187 0.445833 0.0364583 0.176852 0.773894
11 0.729167 0.0430556 0.0270833 0.0564815 0.804317
10 0.204167 0.315278 0.015625 0.0712963 0.809036
2 0.729948 0.419907 0.122396 0.171296 0.908751
