0 0.75651 0.374537 0.0203125 0.0324074 0.00103206
58 0.919531 0.18287 0.160938 0.360185 0.00103886
2 0.208073 0.10787 0.0380208 0.0398148 0.00104016
9 0.275781 0.0462963 0.0369792 0.0907407 0.00108163
11 0.748438 0.0527778 0.0708333 0.101852 0.00109177
0 0.728646 0.372685 0.0302083 0.0287037 0.00112962
2 0.77474 0.119907 0.0203125 0.0398148 0.0011408
13 0.96276 0.553704 0.0411458 0.0407407 0.00119923
2 0.290625 0.104167 0.090625 0.0935185 0.00125703
7 0.275 0.0680556 0.040625 0.132407 0.00149711
12 0.99349 0.51713 0.0119792 0.169444 0.00151501
9 0.291927 0.0518519 0.00885417 0.0425926 0.00156479
2 0.278646 0.113889 0.0302083 0.0592593 0.00158999
7 0.789583 0.0601852 0.028125 0.0648148 0.00161992
58 0.96875 0.493056 0.0302083 0.0935185 0.00163265
9 0.547917 0.0518519 0.0104167 0.0222222 0.00173087
9 0.976042 0.497685 0.0447917 0.126852 0.00173997
0 0.567969 0.786574 0.0151042 0.0472222 0.00175463
9 0.50026 0.601389 0.0151042 0.0398148 0.00180948
0 0.263281 0.0935185 0.0078125 0.0481481 0.00204616
9 0.269792 0.0509259 0.01875 0.0333333 0.00206078
12 0.692448 0.163426 0.0078125 0.0398148 0.00206836
0 0.622396 0.852778 0.107292 0.0611111 0.00212914
2 0.00416667 0.464352 0.00833333 0.202778 0.00214207
7 0.970833 0.523148 0.0572917 0.192593 0.00215291
2 0.592969 0.122222 0.0182292 0.0314815 0.00231892
9 0.56901 0.0310185 0.0151042 0.0583333 0.00238838
2 0.519531 0.109722 0.394271 0.0731481 0.00246782
9 0.214323 0.0569444 0.0307292 0.0472222 0.00261896
13 0.970833 0.519444 0.0572917 0.174074 0.00268528
2 0.373177 0.0888889 0.0140625 0.0314815 0.00300817
2 0.382031 0.10787 0.184896 0.075 0.00336215
11 0.236719 0.0675926 0.0171875 0.0425926 0.00346846
0 0.5375 0.111574 0.00833333 0.0435185 0.00348305
0 0.716667 0.371759 0.025 0.0268519 0.00368764
0 0.666146 0.853704 0.0510417 0.0685185 0.00378915
2 0.32474 0.105093 0.0401042 0.0509259 0.00386588
2 0.266667 0.0986111 0.0114583 0.0546296 0.00417987
1 0.0138021 0.394444 0.0276042 0.112963 0.00448623
0 0.650521 0.85 0.0489583 0.0462963 0.00459583
2 0.00859375 0.401389 0.0171875 0.100926 0.00469136
0 0.58776 0.860648 0.0671875 0.0564815 0.00474919
9 0.21875 0.102778 0.009375 0.0388889 0.00485051
9 0.20651 0.0689815 0.0182292 0.0398148 0.00531569
2 0.464063 0.107407 0.0854167 0.0592593 0.00535211
12 0.702604 0.139352 0.021875 0.087963 0.0053911
0 0.571615 0.866204 0.0317708 0.0472222 0.0055146
9 0.992969 0.493981 0.0130208 0.126852 0.00562865
9 0.502344 0.759259 0.0130208 0.0574074 0.00617911
2 0.790104 0.0865741 0.01875 0.0194444 0.00637711
9 0.269792 0.0175926 0.0197917 0.0314815 0.00655123
32 0.454167 0.314352 0.00833333 0.0157407 0.00656509
2 0.292708 0.0726852 0.0135417 0.0175926 0.00663996
5 0.220833 0.0648148 0.0489583 0.0537037 0.00677755
2 0.785156 0.0898148 0.0151042 0.0185185 0.00684921
7 0.220052 0.0625 0.0505208 0.0638889 0.00821329
2 0.290365 0.0861111 0.0203125 0.0351852 0.0111357
2 0.414583 0.106944 0.0135417 0.0490741 0.0122227
9 0.219531 0.0902778 0.00885417 0.0157407 0.0126989
1 0.00989583 0.368981 0.0197917 0.0675926 0.0142092
2 0.271615 0.110185 0.0140625 0.037037 0.0143004
2 0.407813 0.103241 0.01875 0.0583333 0.0143034
1 0.00442708 0.399537 0.00885417 0.10463 0.0167812
2 0.60625 0.0597222 0.0104167 0.0268519 0.0208177
2 0.363281 0.0685185 0.0130208 0.0259259 0.0208626
0 0.75651 0.0925926 0.0140625 0.0796296 0.0244522
9 0.567187 0.0472222 0.00833333 0.0240741 0.0245362
0 0.634896 0.148611 0.009375 0.0509259 0.026535
2 0.00390625 0.409259 0.0078125 0.0833333 0.0508974
2 0.466927 0.10787 0.0171875 0.0472222 0.0546794
2 0.291406 0.118519 0.0203125 0.0592593 0.0606337
2 0.322656 0.0865741 0.0369792 0.0361111 0.333365
2 0.627344 0.121296 0.0255208 0.05 0.45155
7 0.505729 0.103241 0.0427083 0.0638889 0.455622
2 0.505729 0.102778 0.0427083 0.0648148 0.484072
2 0.477344 0.108333 0.0276042 0.0462963 0.49282
2 0.394792 0.0986111 0.0427083 0.0675926 0.50838
2 0.440365 0.105556 0.0390625 0.0518519 0.633935
11 0.729167 0.0416667 0.0270833 0.0537037 0.732789
2 0.317969 0.121759 0.0515625 0.0694444 0.773422
10 0.204427 0.315278 0.0161458 0.0694444 0.823455
2 0.623438 0.876852 0.227083 0.238889 0.904792
2 0.729948 0.419907 0.122396 0.171296 0.913321
