0 0.757031 0.127778 0.0119792 0.0388889 0.001004
0 0.714844 0.363426 0.0286458 0.037963 0.00105304
0 0.817187 0.235185 0.00833333 0.0388889 0.00106753
2 0.25651 0.103241 0.0223958 0.0601852 0.00113779
2 0.53151 0.1125 0.0130208 0.0435185 0.00114517
9 0.253385 0.087037 0.0151042 0.0314815 0.0011726
9 0.554948 0.0513889 0.0182292 0.025 0.00118159
12 0.702344 0.163889 0.0234375 0.037037 0.00120361
11 0.222656 0.0671296 0.0473958 0.0527778 0.00122645
12 0.693229 0.162963 0.00729167 0.0407407 0.00124797
9 0.272917 0.0407407 0.0333333 0.0796296 0.00126187
9 0.578125 0.0319444 0.015625 0.0527778 0.00129927
2 0.790104 0.0935185 0.0395833 0.0333333 0.00131367
2 0.338281 0.0796296 0.0151042 0.0314815 0.0013259
9 0.293229 0.0537037 0.009375 0.0388889 0.00134534
2 0.235938 0.105093 0.0166667 0.037963 0.00138233
9 0.583333 0.0375 0.0145833 0.0472222 0.00148118
2 0.5375 0.1125 0.009375 0.0435185 0.00158068
9 0.26224 0.024537 0.0151042 0.0453704 0.00158771
12 0.995313 0.531018 0.00833333 0.037963 0.00161151
9 0.26276 0.0884259 0.0078125 0.0361111 0.00165301
2 0.754167 0.154167 0.0114583 0.0212963 0.00168205
9 0.557552 0.0277778 0.0234375 0.0537037 0.00170744
13 0.970833 0.519907 0.0572917 0.171296 0.00174857
9 0.429688 0.0425926 0.00833333 0.0185185 0.00181859
2 0.958073 0.552315 0.0328125 0.0361111 0.00184091
9 0.269531 0.0509259 0.0192708 0.0314815 0.00202761
9 0.548177 0.0532407 0.0109375 0.025 0.00207386
2 0.573698 0.109722 0.251563 0.0694444 0.00220986
9 0.566927 0.0592593 0.0109375 0.0462963 0.00222586
2 0.401563 0.111574 0.258333 0.0787037 0.00229018
2 0.442969 0.087037 0.0140625 0.0277778 0.00239268
7 0.970573 0.521296 0.0578125 0.187037 0.00241255
2 0.592708 0.125926 0.0166667 0.0240741 0.00245211
2 0.778906 0.121759 0.0265625 0.0472222 0.00262244
13 0.961198 0.555093 0.0380208 0.0416667 0.00267343
39 0.241667 0.891204 0.0208333 0.087963 0.00309891
2 0.0122396 0.364815 0.0244792 0.0462963 0.00318389
1 0.0122396 0.368056 0.0244792 0.0583333 0.00324784
7 0.99401 0.51713 0.0109375 0.169444 0.00325411
0 0.758073 0.0722222 0.00989583 0.0407407 0.00329731
2 0.241927 0.106944 0.0130208 0.0342593 0.00341503
0 0.263281 0.108333 0.00885417 0.0444444 0.00341671
0 0.757031 0.374537 0.0192708 0.0305556 0.00356207
0 0.730469 0.373148 0.0255208 0.0277778 0.00356654
2 0.266927 0.100463 0.0109375 0.0564815 0.00357783
1 0.009375 0.395833 0.01875 0.113889 0.00373185
2 0.648698 0.15 0.0380208 0.0574074 0.0040645
13 0.0138021 0.395833 0.0276042 0.112037 0.00411365
0 0.757031 0.0930556 0.0130208 0.0805556 0.0041509
2 0.363542 0.0685185 0.0114583 0.0222222 0.00508911
13 0.00416667 0.40463 0.00833333 0.0944444 0.00519274
2 0.477604 0.110185 0.0510417 0.0592593 0.0058211
9 0.993229 0.496296 0.0125 0.127778 0.00584352
2 0.777344 0.111111 0.0223958 0.0240741 0.00591653
2 0.238281 0.141667 0.0192708 0.0407407 0.00600644
5 0.220313 0.0675926 0.05 0.0592593 0.00614738
2 0.814323 0.0768519 0.0151042 0.0148148 0.00615642
2 0.780729 0.103241 0.03125 0.0435185 0.00618118
1 0.810677 0.332407 0.0192708 0.0888889 0.00640162
11 0.236979 0.0685185 0.0166667 0.0425926 0.00707093
11 0.60599 0.0611111 0.00989583 0.0240741 0.00713311
12 0.99349 0.500463 0.0119792 0.137963 0.00722351
9 0.415104 0.00925926 0.0135417 0.0185185 0.00789916
2 0.447656 0.115741 0.0286458 0.0222222 0.00832415
9 0.26901 0.0236111 0.0213542 0.0435185 0.00835062
7 0.220052 0.0680556 0.0494792 0.0564815 0.00904862
10 0.442448 0.0875 0.0130208 0.0287037 0.00904959
9 0.3625 0.0694444 0.009375 0.0222222 0.00968903
9 0.567969 0.0314815 0.0119792 0.0574074 0.0103013
9 0.501823 0.759722 0.0130208 0.0527778 0.0114745
2 0.270833 0.111111 0.0125 0.037037 0.0150653
0 0.714063 0.373148 0.0229167 0.0259259 0.015587
0 0.635677 0.148148 0.00989583 0.0518519 0.0160827
9 0.209896 0.0657407 0.0260417 0.0462963 0.0180728
2 0.635156 0.146759 0.0109375 0.0546296 0.0189107
2 0.786198 0.0907407 0.0161458 0.0222222 0.0308823
2 0.298958 0.107407 0.0385417 0.0814815 0.0874256
9 0.567448 0.0486111 0.00885417 0.0231481 0.0884567
7 0.298438 0.107407 0.0395833 0.0814815 0.14837
2 0.46276 0.113426 0.0140625 0.037963 0.209238
2 0.479688 0.110185 0.0208333 0.0444444 0.309349
2 0.470573 0.110648 0.0286458 0.0435185 0.326623
2 0.321875 0.0888889 0.0375 0.037037 0.361124
2 0.627604 0.121296 0.025 0.05 0.361686
2 0.50651 0.10463 0.0421875 0.062963 0.559209
2 0.31875 0.121296 0.05 0.0722222 0.715475
10 0.203906 0.316667 0.0161458 0.0703704 0.776295
11 0.728906 0.0435185 0.0265625 0.0555556 0.801874
2 0.729688 0.419444 0.122917 0.172222 0.907903
