0 0.450781 0.513426 0.770312 0.376852 0.00100454
7 0.148177 0.0902778 0.0661458 0.0805556 0.00104876
9 0.76875 0.0462963 0.021875 0.0907407 0.00106022
9 0.239323 0.037963 0.0213542 0.0740741 0.00107057
13 0.970833 0.534259 0.0572917 0.174074 0.0010784
2 0.528385 0.172685 0.538021 0.212037 0.00109618
9 0.50026 0.604167 0.0151042 0.0416667 0.00111212
2 0.994792 0.376852 0.009375 0.15 0.00114303
2 0.0286458 0.352315 0.0427083 0.0194444 0.00116868
2 0.80599 0.0824074 0.0328125 0.0296296 0.00119476
9 0.990104 0.521759 0.01875 0.178704 0.0012335
2 0.638021 0.149074 0.015625 0.0555556 0.00123361
2 0.83151 0.211111 0.0359375 0.0907407 0.00124742
9 0.278646 0.0708333 0.0364583 0.136111 0.00127683
2 0.655729 0.136111 0.084375 0.0833333 0.00128003
0 0.76224 0.0796296 0.0109375 0.0444444 0.00129203
2 0.83724 0.240278 0.0473958 0.0490741 0.00129801
9 0.236458 0.0625 0.0166667 0.0342593 0.00131159
0 0.263281 0.102778 0.00885417 0.0518519 0.00136322
9 0.995573 0.527315 0.0078125 0.0398148 0.0014602
0 0.390365 0.210648 0.0182292 0.037963 0.00153186
0 0.00885417 0.360185 0.0177083 0.0703704 0.00156908
9 0.290885 0.0717593 0.0130208 0.0157407 0.00157686
9 0.252604 0.0893519 0.0125 0.0324074 0.00158975
0 0.452344 0.311111 0.745313 0.462963 0.00159266
0 0.756771 0.374537 0.0197917 0.0324074 0.0016031
2 0.678906 0.114352 0.128646 0.0731481 0.00164482
2 0.779688 0.106944 0.0291667 0.0416667 0.00164762
0 0.73099 0.372222 0.0234375 0.0277778 0.00165484
11 0.240365 0.0342593 0.0213542 0.0648148 0.00169239
2 0.569531 0.429167 0.630729 0.186111 0.00169911
9 0.502344 0.760185 0.0130208 0.0537037 0.00172433
2 0.363542 0.0675926 0.0114583 0.0203704 0.00172807
9 0.258594 0.0712963 0.0109375 0.0462963 0.00174398
2 0.00442708 0.45787 0.00885417 0.215741 0.00175812
11 0.23724 0.0657407 0.0161458 0.037037 0.00178899
7 0.789323 0.0638889 0.0265625 0.0592593 0.00179356
2 0.301823 0.106944 0.0838542 0.0935185 0.00191913
9 0.567448 0.0319444 0.0130208 0.0564815 0.00202111
2 0.99401 0.52037 0.0109375 0.166667 0.00202636
0 0.713802 0.371296 0.0213542 0.0277778 0.0022714
2 0.647396 0.151852 0.034375 0.0611111 0.00232605
2 0.436458 0.108333 0.333333 0.0814815 0.00233309
0 0.361719 0.0699074 0.00885417 0.025 0.00246798
58 0.96875 0.494907 0.03125 0.087963 0.00254369
2 0.0244792 0.393981 0.0489583 0.117593 0.00261203
2 0.0255208 0.361574 0.05 0.0453704 0.00279496
2 0.592188 0.127315 0.0177083 0.0231481 0.0029753
9 0.21276 0.0648148 0.0338542 0.0555556 0.00302363
9 0.817708 0.235648 0.00833333 0.0416667 0.00325669
9 0.218229 0.0828704 0.0177083 0.025 0.0032659
2 0.5875 0.109722 0.36875 0.0694444 0.00335325
3 0.0234375 0.39537 0.046875 0.112963 0.00368289
1 0.810417 0.331944 0.01875 0.0935185 0.00381765
2 0.466667 0.108796 0.123958 0.0638889 0.0039574
2 0.817969 0.235648 0.00885417 0.0416667 0.0043903
7 0.970833 0.527778 0.0572917 0.201852 0.0044366
2 0.238542 0.141204 0.01875 0.0416667 0.00449181
9 0.263802 0.087963 0.00989583 0.0351852 0.00476553
9 0.266146 0.0981481 0.0104167 0.0518519 0.00481205
0 0.758073 0.123148 0.0130208 0.0296296 0.00500853
9 0.292708 0.0546296 0.009375 0.0444444 0.00515319
9 0.994271 0.494444 0.0104167 0.125926 0.0051847
2 0.270052 0.109722 0.0130208 0.0398148 0.00578503
12 0.701042 0.162963 0.0197917 0.0425926 0.00603556
0 0.285156 0.109259 0.0130208 0.0722222 0.0070656
0 0.363802 0.409259 0.0328125 0.0314815 0.00854871
0 0.442448 0.0967593 0.0171875 0.0472222 0.00897501
9 0.755469 0.0773148 0.0130208 0.0453704 0.0109401
9 0.207813 0.0675926 0.01875 0.0444444 0.0110466
2 0.0119792 0.366667 0.0239583 0.0462963 0.0124324
0 0.392448 0.406019 0.0234375 0.0324074 0.0127417
0 0.351302 0.409722 0.0265625 0.0324074 0.0134053
2 0.813542 0.0740741 0.01875 0.0185185 0.013663
0 0.995573 0.328704 0.0078125 0.05 0.0137431
9 0.442448 0.0888889 0.0140625 0.0314815 0.015881
11 0.60599 0.0597222 0.00989583 0.0231481 0.017734
12 0.69349 0.164352 0.00885417 0.0398148 0.0192575
2 0.488542 0.107407 0.0145833 0.05 0.0307985
1 0.0135417 0.395833 0.0270833 0.112037 0.0335672
0 0.635156 0.149074 0.00885417 0.05 0.0383804
3 0.00442708 0.408333 0.00885417 0.087037 0.0425372
9 0.567187 0.0481481 0.009375 0.0222222 0.0468272
2 0.785417 0.087963 0.015625 0.0240741 0.0486944
2 0.00416667 0.411574 0.00833333 0.0805556 0.0536821
2 0.292969 0.10787 0.0276042 0.0787037 0.0564212
9 0.222656 0.0574074 0.0119792 0.0351852 0.0782202
7 0.298958 0.106944 0.0375 0.0805556 0.0822848
9 0.26875 0.0365741 0.021875 0.0694444 0.0824661
3 0.0106771 0.396296 0.0213542 0.111111 0.0972564
2 0.46224 0.112963 0.0130208 0.037037 0.125399
2 0.477083 0.108796 0.028125 0.0453704 0.273701
2 0.322396 0.0861111 0.0375 0.0351852 0.31691
2 0.627865 0.121296 0.0255208 0.0518519 0.317571
2 0.505729 0.103704 0.04375 0.062963 0.564987
10 0.204167 0.316204 0.015625 0.0712963 0.675976
2 0.31849 0.121759 0.0505208 0.0712963 0.694452
11 0.729167 0.0439815 0.0270833 0.0583333 0.801246
2 0.38099 0.219907 0.0765625 0.102778 0.885435
2 0.729948 0.419444 0.122396 0.17037 0.903789
2 0.740885 0.191667 0.128646 0.111111 0.925905
2 0.371094 0.451389 0.123438 0.178704 0.927679
