2 0.292708 0.106019 0.0916667 0.0990741 0.00102813
0 0.361719 0.0694444 0.00885417 0.0240741 0.00104294
0 0.197135 0.511111 0.0223958 0.1 0.00104308
2 0.27526 0.111111 0.0234375 0.062963 0.00106076
9 0.441667 0.225926 0.00833333 0.0166667 0.00109749
2 0.989844 0.528704 0.0192708 0.17037 0.00110664
12 0.701563 0.164815 0.01875 0.0388889 0.00114425
2 0.596094 0.422222 0.595312 0.181481 0.00115297
24 0.213021 0.48287 0.0177083 0.0268519 0.00116488
0 0.757292 0.123148 0.0135417 0.0407407 0.00119613
11 0.702344 0.12037 0.0213542 0.0462963 0.00120063
1 0.163802 0.521296 0.0171875 0.0425926 0.00120564
9 0.360677 0.0652778 0.00989583 0.0194444 0.00122987
12 0.9875 0.518981 0.0239583 0.176852 0.00123085
2 0.60599 0.0606481 0.0109375 0.0231481 0.00123356
2 0.363542 0.0662037 0.0114583 0.0194444 0.00124362
11 0.222135 0.0657407 0.0484375 0.0574074 0.00129966
24 0.198177 0.500926 0.0192708 0.0611111 0.00133054
1 0.00807292 0.369907 0.0161458 0.102778 0.00136435
1 0.00416667 0.474537 0.00833333 0.186111 0.00137673
0 0.116146 0.505093 0.232292 0.397222 0.00143029
2 0.813021 0.0759259 0.0177083 0.0166667 0.00147026
58 0.968229 0.496759 0.0291667 0.0824074 0.00165099
2 0.648958 0.149537 0.0375 0.0583333 0.00165233
9 0.995313 0.52963 0.00833333 0.0351852 0.00171956
32 0.454427 0.313426 0.0078125 0.0157407 0.00173825
12 0.702344 0.138889 0.0223958 0.087037 0.0017567
2 0.757292 0.118981 0.0135417 0.0342593 0.00179498
13 0.994271 0.519907 0.0104167 0.171296 0.00184349
7 0.276823 0.0657407 0.0401042 0.127778 0.00185805
2 0.407813 0.112037 0.265625 0.0814815 0.00200867
7 0.146094 0.0865741 0.0640625 0.0768519 0.00207621
0 0.197396 0.561111 0.021875 0.133333 0.00208301
0 0.716146 0.371759 0.0229167 0.0268519 0.00218137
2 0.565365 0.111574 0.250521 0.0731481 0.00236935
24 0.173438 0.506481 0.0145833 0.0740741 0.00243109
9 0.415625 0.00833333 0.015625 0.0166667 0.00250991
0 0.266406 0.0976852 0.0109375 0.0546296 0.00280349
2 0.53151 0.1125 0.0140625 0.0416667 0.00289656
2 0.472656 0.111111 0.0713542 0.0648148 0.00290778
12 0.994531 0.494907 0.00989583 0.132407 0.00327537
9 0.572656 0.0310185 0.0151042 0.0583333 0.00342772
2 0.592708 0.125 0.0166667 0.0240741 0.00350053
2 0.777865 0.101389 0.0359375 0.0527778 0.00359597
2 0.442708 0.087037 0.0135417 0.0259259 0.00365274
1 0.0114583 0.369907 0.0229167 0.0527778 0.00374701
24 0.18724 0.469907 0.0338542 0.0638889 0.0038065
0 0.75625 0.0898148 0.0145833 0.0833333 0.00397901
9 0.219531 0.0861111 0.0109375 0.0203704 0.00415628
7 0.98776 0.52037 0.0234375 0.188889 0.00442147
9 0.99401 0.495833 0.0109375 0.130556 0.00444378
0 0.758073 0.0694444 0.0109375 0.0407407 0.00450265
2 0.444531 0.11713 0.0223958 0.0212963 0.00476723
9 0.502083 0.759259 0.0125 0.0555556 0.00477234
11 0.236719 0.0685185 0.0171875 0.0444444 0.00478354
9 0.263021 0.0884259 0.00833333 0.037963 0.00523799
2 0.238542 0.141204 0.01875 0.0416667 0.00530772
2 0.270312 0.107407 0.0135417 0.0407407 0.00549906
7 0.970052 0.529167 0.0588542 0.208333 0.00566129
9 0.292188 0.0708333 0.0125 0.0157407 0.00573881
2 0.28724 0.114815 0.0171875 0.0703704 0.00605374
24 0.186719 0.509722 0.0276042 0.0712963 0.00610228
9 0.458073 0.0638889 0.00677083 0.0296296 0.00701712
9 0.29349 0.0578704 0.00989583 0.037963 0.00737781
9 0.207813 0.0680556 0.0208333 0.0453704 0.00795816
7 0.220313 0.0652778 0.0510417 0.062037 0.00885977
1 0.200521 0.575463 0.015625 0.0953704 0.00905831
1 0.174479 0.577778 0.021875 0.109259 0.0095516
5 0.220313 0.0722222 0.0510417 0.0648148 0.00978897
9 0.219271 0.0518519 0.0208333 0.0425926 0.0111818
1 0.00442708 0.410185 0.00885417 0.087037 0.0132156
2 0.786198 0.087963 0.0161458 0.0240741 0.0150517
9 0.566927 0.0472222 0.0078125 0.0240741 0.017748
2 0.634896 0.147222 0.0104167 0.0537037 0.0197309
0 0.635156 0.148611 0.00885417 0.0527778 0.0205277
1 0.00989583 0.402778 0.0197917 0.103704 0.021239
9 0.221875 0.0615741 0.0125 0.0435185 0.0212505
9 0.442448 0.087037 0.0130208 0.0259259 0.0293692
2 0.488021 0.10787 0.0135417 0.0490741 0.0327794
9 0.26875 0.0356481 0.021875 0.0675926 0.0406064
2 0.297917 0.105093 0.0333333 0.0787037 0.0496902
2 0.461458 0.1125 0.0125 0.0361111 0.100251
24 0.190365 0.491667 0.0223958 0.05 0.129993
2 0.467448 0.110185 0.0234375 0.0425926 0.258773
2 0.479948 0.109259 0.0213542 0.0444444 0.282816
2 0.322396 0.0856481 0.0364583 0.0342593 0.356302
2 0.627083 0.121759 0.025 0.0527778 0.38959
1 0.188021 0.596296 0.03125 0.137037 0.508843
2 0.505469 0.104167 0.0421875 0.062037 0.510011
2 0.31849 0.120833 0.0515625 0.0712963 0.747963
11 0.728906 0.0425926 0.0265625 0.0555556 0.806596
10 0.204167 0.315278 0.015625 0.0712963 0.813224
0 0.18724 0.537037 0.0421875 0.198148 0.822968
2 0.729948 0.418981 0.122396 0.171296 0.902261
