2 0.547656 0.425463 0.567187 0.189815 0.00100993
0 0.792188 0.231019 0.0104167 0.0287037 0.00102057
2 0.0398437 0.0592593 0.0182292 0.0277778 0.00102456
2 0.57526 0.125926 0.0494792 0.0333333 0.00105293
2 0.273698 0.113889 0.0223958 0.0574074 0.00106335
10 0.00807292 0.403704 0.0161458 0.0962963 0.00106806
9 0.76901 0.0472222 0.0203125 0.0925926 0.00109176
9 0.415365 0.00925926 0.0151042 0.0185185 0.0011072
0 0.784115 0.158333 0.0130208 0.0388889 0.00114858
9 0.192708 0.0828704 0.00729167 0.0212963 0.00115829
2 0.78099 0.108333 0.0317708 0.0333333 0.00116112
2 0.361458 0.0782407 0.0114583 0.025 0.00116735
9 0.188021 0.0810185 0.00729167 0.0231481 0.001306
9 0.454427 0.315278 0.0078125 0.0138889 0.00132769
0 0.521615 0.267593 0.553646 0.42037 0.00134511
58 0.917188 0.184259 0.165625 0.362963 0.00137571
1 0.0127604 0.368981 0.0255208 0.0583333 0.00142414
2 0.566927 0.111574 0.330729 0.0712963 0.0014274
0 0.765625 0.168056 0.0125 0.0416667 0.00143465
9 0.429427 0.0375 0.00885417 0.0268519 0.00151442
2 0.448698 0.104167 0.0359375 0.0509259 0.00161459
1 0.00885417 0.402315 0.0177083 0.100926 0.00163373
2 0.638802 0.148148 0.0161458 0.0555556 0.00164723
9 0.553125 0.0509259 0.015625 0.0277778 0.00165112
12 0.973437 0.496759 0.040625 0.121296 0.00175462
0 0.757292 0.375926 0.01875 0.0277778 0.00179827
2 0.814062 0.0768519 0.0166667 0.0166667 0.00184305
0 0.644271 0.148611 0.0270833 0.0564815 0.00186641
9 0.279167 0.0532407 0.0333333 0.100926 0.00186895
7 0.702604 0.11713 0.0229167 0.0453704 0.00188785
2 0.201302 0.243981 0.0171875 0.0138889 0.00200531
2 0.297656 0.132407 0.0192708 0.0537037 0.00225422
0 0.730208 0.372222 0.0291667 0.0277778 0.00237306
2 0.617188 0.114815 0.04375 0.0444444 0.0024258
0 0.534635 0.109722 0.0130208 0.0509259 0.00246766
13 0.0135417 0.39537 0.0270833 0.111111 0.00258304
9 0.995573 0.527778 0.0078125 0.0425926 0.0026754
0 0.28099 0.0916667 0.0078125 0.0314815 0.00268474
2 0.0632813 0.0699074 0.0286458 0.0268519 0.0027427
9 0.757812 0.0763889 0.0125 0.0490741 0.00294538
2 0.291927 0.1 0.0744792 0.0944444 0.00298902
0 0.00390625 0.386111 0.0078125 0.0407407 0.00303131
9 0.548437 0.0527778 0.0114583 0.0259259 0.00303554
5 0.226302 0.0689815 0.0369792 0.0546296 0.0030489
2 0.34401 0.106481 0.0109375 0.0388889 0.00310094
2 0.442708 0.0986111 0.01875 0.0490741 0.00312571
9 0.236979 0.0652778 0.0166667 0.037963 0.0031459
9 0.252865 0.0861111 0.0130208 0.0351852 0.00327734
2 0.673437 0.158333 0.0333333 0.0611111 0.00336805
2 0.46901 0.110185 0.0869792 0.0611111 0.00350391
9 0.266146 0.075463 0.015625 0.0472222 0.00373404
1 0.0046875 0.386574 0.009375 0.102778 0.00382246
9 0.267969 0.0986111 0.0119792 0.0509259 0.00403747
2 0.358854 0.111111 0.1375 0.0722222 0.00403878
9 0.989323 0.497685 0.0192708 0.125 0.00425448
9 0.213021 0.0606481 0.0364583 0.0638889 0.00490242
2 0.363281 0.0675926 0.0119792 0.0203704 0.0051784
0 0.709115 0.374074 0.0192708 0.0240741 0.00529617
2 0.308333 0.0810185 0.021875 0.0324074 0.0054302
0 0.757552 0.0847222 0.0140625 0.0638889 0.0055647
2 0.531771 0.110185 0.015625 0.0462963 0.00579536
9 0.257031 0.074537 0.00989583 0.0453704 0.00623091
11 0.236979 0.0680556 0.0166667 0.0416667 0.00645412
11 0.702344 0.119444 0.0213542 0.0462963 0.00650294
2 0.238542 0.141204 0.01875 0.0416667 0.00656363
9 0.994792 0.49213 0.009375 0.119444 0.00669186
2 0.270573 0.109722 0.0130208 0.037963 0.00692196
2 0.442708 0.0884259 0.0135417 0.0287037 0.00707046
2 0.647656 0.15 0.0359375 0.0574074 0.00735167
9 0.292708 0.0546296 0.0104167 0.0481481 0.00737141
0 0.715885 0.371759 0.0234375 0.0268519 0.00767481
2 0.785417 0.0888889 0.0166667 0.0222222 0.00836198
12 0.985937 0.496296 0.01875 0.12037 0.0091665
9 0.220052 0.087037 0.0109375 0.0148148 0.00922502
9 0.565365 0.0319444 0.0161458 0.0601852 0.0111527
12 0.995313 0.489352 0.00833333 0.121296 0.0121106
5 0.213542 0.0615741 0.0354167 0.0583333 0.0129717
9 0.114063 0.025463 0.0125 0.0398148 0.0131072
9 0.500521 0.603241 0.015625 0.0398148 0.014726
10 0.00390625 0.406944 0.0078125 0.0861111 0.0158951
9 0.292448 0.0703704 0.00989583 0.0185185 0.0159614
0 0.790104 0.155556 0.00833333 0.0314815 0.0161339
9 0.219792 0.0560185 0.0208333 0.0453704 0.016562
2 0.77474 0.112963 0.0182292 0.0222222 0.0209808
9 0.206771 0.0680556 0.0197917 0.0435185 0.0239864
2 0.591927 0.125926 0.0171875 0.0240741 0.0256019
11 0.60599 0.0601852 0.00989583 0.0240741 0.0386423
2 0.290104 0.118056 0.021875 0.0638889 0.0408642
9 0.442708 0.087963 0.0135417 0.0277778 0.048496
0 0.635938 0.148611 0.0104167 0.0509259 0.0523435
2 0.529948 0.0736111 0.0161458 0.0305556 0.0671498
7 0.29974 0.108333 0.0380208 0.0814815 0.0778799
2 0.461719 0.114815 0.0130208 0.0333333 0.0800165
0 0.686719 0.1625 0.0119792 0.0657407 0.0801592
9 0.567187 0.0490741 0.009375 0.0259259 0.120778
9 0.502604 0.760648 0.0125 0.0546296 0.147829
2 0.467969 0.111111 0.0223958 0.0407407 0.20188
2 0.627604 0.12037 0.025 0.0481481 0.247779
2 0.322135 0.0875 0.0380208 0.0361111 0.281872
2 0.479948 0.109259 0.0255208 0.0444444 0.334334
9 0.269531 0.0347222 0.0213542 0.0675926 0.435208
7 0.50651 0.103704 0.0421875 0.0648148 0.436574
2 0.50625 0.103704 0.0416667 0.062963 0.449506
2 0.31849 0.121759 0.0515625 0.0712963 0.587143
11 0.729427 0.0430556 0.0276042 0.0564815 0.779179
10 0.203906 0.316204 0.0161458 0.0712963 0.804343
7 0.739062 0.197222 0.108333 0.148148 0.811328
2 0.373437 0.112037 0.0354167 0.0388889 0.82126
2 0.730208 0.418981 0.121875 0.175 0.911993
