12 0.978125 0.496759 0.0416667 0.130556 0.0010313
2 0.65651 0.148611 0.0567708 0.0601852 0.00105433
12 0.701823 0.162037 0.0192708 0.0444444 0.00108674
7 0.9875 0.52037 0.0239583 0.187037 0.00110445
9 0.360677 0.0662037 0.00989583 0.0212963 0.00114231
7 0.283333 0.0976852 0.0697917 0.108333 0.0011591
2 0.773438 0.101852 0.021875 0.0444444 0.00116253
0 0.361719 0.0685185 0.0078125 0.0259259 0.00127821
9 0.990885 0.502315 0.0171875 0.141667 0.00133279
9 0.548177 0.0527778 0.0109375 0.0240741 0.00134655
2 0.0341146 0.103241 0.0515625 0.0509259 0.00138255
2 0.452604 0.149074 0.0166667 0.0296296 0.00139448
0 0.186719 0.109259 0.0078125 0.0481481 0.00145327
9 0.570833 0.0305556 0.0125 0.0574074 0.00152465
2 0.278906 0.112963 0.0307292 0.0574074 0.00156447
7 0.236719 0.0689815 0.0171875 0.0435185 0.0016477
0 0.757292 0.373148 0.0197917 0.0333333 0.00166008
13 0.970052 0.559722 0.0578125 0.0953704 0.00180809
2 0.801042 0.0842593 0.0375 0.0296296 0.00190913
2 0.255208 0.0875 0.021875 0.037963 0.00191813
32 0.454167 0.312963 0.00833333 0.0185185 0.00198926
0 0.263281 0.0916667 0.00885417 0.0481481 0.00201886
13 0.99401 0.519907 0.0109375 0.171296 0.00224845
9 0.21901 0.102778 0.00885417 0.0407407 0.00225264
2 0.813281 0.0796296 0.0171875 0.0240741 0.00225842
0 0.729427 0.370833 0.0317708 0.0305556 0.00238181
13 0.0130208 0.391667 0.0260417 0.12037 0.00239488
58 0.967448 0.494444 0.0286458 0.0888889 0.00248236
12 0.702083 0.138889 0.0208333 0.0851852 0.00279741
13 0.961458 0.553241 0.0385417 0.0453704 0.00281218
2 0.56276 0.110648 0.213021 0.0694444 0.00287209
1 0.0101562 0.354167 0.0203125 0.075 0.00303604
2 0.00416667 0.408796 0.00833333 0.0861111 0.00320305
1 0.009375 0.393056 0.01875 0.123148 0.00332171
7 0.317708 0.107407 0.053125 0.0907407 0.00348442
2 0.771615 0.10787 0.0161458 0.0268519 0.00381171
9 0.275781 0.037037 0.0380208 0.0722222 0.00382737
2 0.516146 0.139352 0.0135417 0.0453704 0.00389538
13 0.00416667 0.404167 0.00833333 0.0953704 0.00392068
9 0.291406 0.050463 0.00885417 0.0416667 0.00392243
2 0.267448 0.0986111 0.0109375 0.0564815 0.00393722
9 0.21875 0.075463 0.0177083 0.0398148 0.00396483
2 0.291406 0.0712963 0.0119792 0.0148148 0.00407236
2 0.442448 0.0861111 0.0130208 0.0240741 0.00410101
2 0.485417 0.140278 0.0625 0.0527778 0.00441446
12 0.994792 0.490278 0.009375 0.123148 0.00480252
13 0.985156 0.519444 0.0286458 0.17963 0.00559045
5 0.233854 0.0675926 0.021875 0.0481481 0.00573959
0 0.757031 0.0708333 0.0109375 0.0398148 0.00581692
0 0.716406 0.371296 0.0276042 0.0277778 0.00610443
71 0.0252604 0.701389 0.0505208 0.0601852 0.00661357
0 0.75599 0.087037 0.0140625 0.0740741 0.00666789
2 0.53151 0.111111 0.0140625 0.0462963 0.00681523
7 0.789844 0.0634259 0.0286458 0.0583333 0.00702042
9 0.269531 0.049537 0.0192708 0.0305556 0.00836045
2 0.447656 0.130556 0.0234375 0.0425926 0.00863983
2 0.60599 0.0587963 0.00989583 0.0268519 0.00914281
2 0.497917 0.130093 0.05 0.0361111 0.00967232
2 0.270052 0.109722 0.0130208 0.037963 0.0101069
2 0.445573 0.11713 0.0223958 0.0194444 0.0121342
2 0.789323 0.087037 0.0171875 0.0222222 0.0125488
7 0.276563 0.0708333 0.0375 0.139815 0.0127933
7 0.219271 0.0643518 0.0510417 0.0583333 0.0148999
9 0.566927 0.0472222 0.0078125 0.0240741 0.0154228
9 0.442187 0.0861111 0.0135417 0.0240741 0.0174964
2 0.484896 0.106944 0.0489583 0.0490741 0.0181057
9 0.26901 0.0199074 0.0213542 0.0361111 0.0252599
9 0.502344 0.759259 0.0119792 0.0555556 0.026324
2 0.289583 0.11713 0.0208333 0.0638889 0.0264982
9 0.49974 0.601389 0.0140625 0.0398148 0.0310449
5 0.219531 0.0643518 0.0494792 0.0564815 0.0336404
0 0.634115 0.143981 0.0109375 0.0490741 0.066126
2 0.479688 0.100463 0.021875 0.0268519 0.116544
2 0.471094 0.10787 0.0286458 0.0361111 0.21139
2 0.321615 0.0837963 0.0369792 0.0342593 0.34021
2 0.626562 0.118981 0.0260417 0.0490741 0.344106
2 0.507812 0.102778 0.0385417 0.0611111 0.579129
10 0.203906 0.313889 0.0161458 0.0722222 0.6042
2 0.317708 0.121296 0.0510417 0.0685185 0.715614
11 0.729167 0.0412037 0.0270833 0.0509259 0.7927
7 0.486458 0.174074 0.071875 0.12037 0.88345
2 0.729167 0.417593 0.123958 0.172222 0.91358
