2 0.646354 0.409259 0.34375 0.2 0.00109988
2 0.689062 0.17037 0.0145833 0.0351852 0.00112
0 0.533073 0.250926 0.556771 0.394444 0.00112825
9 0.563281 0.0314815 0.0265625 0.0611111 0.00119407
12 0.973437 0.494907 0.0395833 0.117593 0.00126067
2 0.515365 0.1125 0.284896 0.087963 0.00136262
9 0.591667 0.0430556 0.0114583 0.0398148 0.00139197
7 0.971094 0.529167 0.0567708 0.199074 0.0014456
9 0.482812 0.0444444 0.00625 0.0240741 0.00145987
2 0.294792 0.0527778 0.0114583 0.0333333 0.00152528
2 0.773958 0.12037 0.0177083 0.037037 0.00158253
11 0.739323 0.0666667 0.0171875 0.0277778 0.00170262
7 0.279948 0.0731481 0.0390625 0.12963 0.00170803
9 0.260677 0.0398148 0.0130208 0.062963 0.00185773
2 0.276302 0.112963 0.0265625 0.0592593 0.00197791
9 0.276563 0.0361111 0.0354167 0.0685185 0.00204805
0 0.757812 0.375463 0.0177083 0.0287037 0.00207947
13 0.971094 0.526852 0.0567708 0.188889 0.0020844
2 0.00598958 0.0921296 0.0119792 0.0527778 0.00208684
2 0.790625 0.0884259 0.0208333 0.0212963 0.00223206
2 0.795573 0.0638889 0.0390625 0.062963 0.00227776
0 0.689323 0.16713 0.0140625 0.0398148 0.00233189
1 0.811198 0.341204 0.0203125 0.102778 0.00257595
2 0.784635 0.0893519 0.0130208 0.0194444 0.00261893
5 0.208073 0.0680556 0.0265625 0.0435185 0.00271483
11 0.236458 0.0675926 0.01875 0.0425926 0.00288237
11 0.241406 0.0347222 0.0244792 0.0675926 0.00295092
2 0.238802 0.14213 0.0182292 0.0398148 0.00300619
9 0.267708 0.0592593 0.015625 0.0296296 0.00303356
0 0.73099 0.37037 0.0328125 0.0314815 0.00316906
11 0.60625 0.0601852 0.009375 0.0259259 0.00332335
9 0.975 0.498611 0.040625 0.126852 0.0034465
2 0.655729 0.140278 0.0802083 0.0861111 0.00346014
0 0.263021 0.101389 0.009375 0.0546296 0.00346206
9 0.252604 0.0865741 0.0125 0.0361111 0.00358395
9 0.500781 0.602778 0.0151042 0.0388889 0.00361181
2 0.295833 0.075463 0.0208333 0.025 0.00378154
13 0.0125 0.366667 0.025 0.0444444 0.00447924
2 0.296875 0.102315 0.0760417 0.0916667 0.00451814
9 0.995313 0.490741 0.00833333 0.12037 0.00546737
9 0.265885 0.0949074 0.0109375 0.0472222 0.00549205
2 0.40599 0.106481 0.243229 0.0666667 0.00563123
1 0.00859375 0.394907 0.0171875 0.113889 0.00569995
0 0.757812 0.0912037 0.0135417 0.0824074 0.00629775
9 0.269531 0.0416667 0.0203125 0.0518519 0.00720094
9 0.269792 0.0222222 0.0208333 0.0388889 0.00800069
13 0.0140625 0.39537 0.028125 0.111111 0.00869972
9 0.567187 0.0481481 0.009375 0.0240741 0.0106209
2 0.00416667 0.402315 0.00833333 0.0972222 0.0106387
32 0.461198 0.356019 0.0119792 0.0175926 0.0120295
0 0.713281 0.370833 0.0203125 0.0268519 0.0123126
9 0.263021 0.087037 0.00833333 0.0351852 0.0133113
2 0.363021 0.0662037 0.0125 0.0194444 0.0146156
0 0.635677 0.147685 0.00989583 0.0509259 0.0147838
10 0.442448 0.0893519 0.0130208 0.0287037 0.0153794
13 0.00390625 0.402315 0.0078125 0.0953704 0.0154907
2 0.271094 0.109722 0.0140625 0.037963 0.0160482
2 0.35599 0.0666667 0.00885417 0.0185185 0.0212817
0 0.00390625 0.396759 0.0078125 0.108333 0.022892
5 0.219792 0.0666667 0.053125 0.0592593 0.0258364
0 0.442448 0.0976852 0.0151042 0.0453704 0.0284074
7 0.21875 0.0648148 0.0510417 0.0592593 0.0309035
32 0.454688 0.314815 0.00729167 0.012963 0.0337866
2 0.324219 0.0680556 0.0421875 0.0324074 0.0732162
9 0.502604 0.759722 0.0114583 0.0546296 0.0737684
2 0.292969 0.1125 0.0276042 0.0787037 0.164232
2 0.322135 0.087037 0.0369792 0.0277778 0.184798
2 0.628125 0.122222 0.025 0.0518519 0.258966
2 0.473698 0.109259 0.0348958 0.0444444 0.423152
2 0.327344 0.0564815 0.0505208 0.0444444 0.519525
11 0.729948 0.0439815 0.0265625 0.0583333 0.700463
2 0.50599 0.104167 0.0432292 0.062037 0.71313
10 0.204167 0.316667 0.0166667 0.0703704 0.749286
2 0.31849 0.120833 0.0515625 0.0712963 0.755976
2 0.551823 0.290741 0.0921875 0.127778 0.859232
2 0.729427 0.419444 0.123438 0.172222 0.907198
