32 0.460156 0.356944 0.0109375 0.0157407 0.00102716
2 0.532031 0.112963 0.0130208 0.0444444 0.00105774
11 0.232031 0.062963 0.0286458 0.0648148 0.00105868
0 0.728385 0.371759 0.0296875 0.0305556 0.00106352
9 0.989323 0.519444 0.0203125 0.17963 0.00109478
1 0.810417 0.331019 0.0197917 0.0861111 0.00110797
9 0.995052 0.531944 0.00885417 0.0398148 0.00116377
7 0.986979 0.523611 0.025 0.19537 0.00116523
9 0.416667 0.0166667 0.0166667 0.0203704 0.00117799
0 0.740885 0.370833 0.0234375 0.0305556 0.00124722
0 0.75651 0.128704 0.0119792 0.0444444 0.00127687
2 0.80625 0.0726852 0.015625 0.0194444 0.00129771
7 0.149479 0.0884259 0.0708333 0.0787037 0.00130414
9 0.336719 0.0412037 0.00989583 0.0268519 0.00133143
2 0.295312 0.105093 0.08125 0.0898148 0.00135939
2 0.218229 0.128241 0.0604167 0.0694444 0.00138922
12 0.702344 0.163426 0.0223958 0.0398148 0.00143417
2 0.771875 0.113889 0.0135417 0.0296296 0.0015464
2 0.792969 0.0861111 0.0369792 0.0333333 0.00155537
2 0.296354 0.128241 0.0229167 0.062037 0.00155829
12 0.690885 0.166667 0.0109375 0.0351852 0.00157205
12 0.994271 0.518981 0.0104167 0.169444 0.00163376
9 0.264583 0.0310185 0.0197917 0.0583333 0.00167567
9 0.114063 0.025463 0.0145833 0.037963 0.00168732
9 0.588542 0.0412037 0.0145833 0.0416667 0.00170247
7 0.220833 0.0597222 0.0520833 0.0694444 0.00170901
13 0.985417 0.519444 0.028125 0.17963 0.00174392
13 0.0130208 0.366204 0.0260417 0.0435185 0.0017688
9 0.581771 0.0342593 0.0177083 0.0574074 0.00178441
58 0.96875 0.495833 0.03125 0.0898148 0.00182753
0 0.26276 0.106481 0.00885417 0.0462963 0.0018767
9 0.261198 0.0462963 0.0140625 0.0537037 0.00202233
2 0.661198 0.149537 0.0619792 0.0638889 0.00207372
11 0.239844 0.0342593 0.0213542 0.0648148 0.00220996
12 0.69401 0.164352 0.00677083 0.0361111 0.00221783
9 0.109375 0.0282407 0.0125 0.0361111 0.00238965
2 0.525 0.110185 0.265625 0.0703704 0.00244504
0 0.995573 0.330556 0.0078125 0.0518519 0.00249082
9 0.272656 0.0393519 0.0296875 0.0768519 0.00294574
9 0.415885 0.00972222 0.0161458 0.0194444 0.00294974
2 0.42474 0.1125 0.317187 0.0861111 0.00310816
2 0.363542 0.0685185 0.0114583 0.0222222 0.00311596
9 0.458333 0.0652778 0.00729167 0.0305556 0.00326571
0 0.75625 0.374074 0.0208333 0.0296296 0.00330092
1 0.00755208 0.384722 0.0151042 0.100926 0.00331321
12 0.702865 0.137037 0.0234375 0.0814815 0.00332035
9 0.258333 0.0731481 0.0104167 0.0444444 0.00334481
9 0.570052 0.0314815 0.0119792 0.0574074 0.00335717
9 0.502344 0.761111 0.0119792 0.0518519 0.00345271
2 0.442969 0.0884259 0.0140625 0.0305556 0.00353543
0 0.442708 0.0981481 0.01875 0.05 0.00358676
2 0.81276 0.075463 0.0182292 0.0194444 0.00375824
5 0.220313 0.0662037 0.0510417 0.0583333 0.00388782
2 0.780729 0.103241 0.03125 0.0527778 0.00396859
9 0.253125 0.0865741 0.0125 0.0324074 0.00400227
9 0.99401 0.5 0.0109375 0.137037 0.00424241
0 0.715365 0.373148 0.0255208 0.0259259 0.00461559
9 0.221094 0.0657407 0.0494792 0.0537037 0.00474831
9 0.36224 0.0694444 0.00989583 0.0222222 0.0052812
9 0.584115 0.0453704 0.0109375 0.0351852 0.00557862
58 0.442969 0.087963 0.0140625 0.0296296 0.00578866
9 0.266667 0.0976852 0.0104167 0.0490741 0.00597728
13 0.00442708 0.409259 0.00885417 0.0888889 0.00686572
0 0.757031 0.0888889 0.0140625 0.0703704 0.00755864
13 0.0143229 0.397222 0.0286458 0.114815 0.00768428
2 0.286979 0.110648 0.0177083 0.0638889 0.00769509
11 0.236719 0.0675926 0.0171875 0.0407407 0.00778776
9 0.270573 0.0537037 0.0182292 0.0407407 0.00823063
9 0.323438 0.0490741 0.0104167 0.0296296 0.00869351
2 0.291927 0.0731481 0.0109375 0.0166667 0.00907327
32 0.454427 0.316204 0.0078125 0.0157407 0.00940445
9 0.220573 0.0888889 0.00989583 0.012963 0.00989244
9 0.26276 0.0865741 0.0078125 0.0305556 0.0112778
9 0.217969 0.0569444 0.0234375 0.0435185 0.0116741
2 0.60651 0.0601852 0.0109375 0.0240741 0.0121368
2 0.238802 0.138426 0.0203125 0.0472222 0.0155216
9 0.269792 0.0226852 0.0197917 0.0398148 0.0234418
2 0.272135 0.109722 0.0140625 0.037963 0.0239065
9 0.207292 0.0657407 0.01875 0.0407407 0.0311734
7 0.299219 0.10787 0.0390625 0.0824074 0.0327696
2 0.785677 0.0902778 0.0151042 0.025 0.0360517
2 0.49401 0.108333 0.0203125 0.05 0.0386353
2 0.635417 0.146296 0.0114583 0.0518519 0.0432299
0 0.635677 0.148148 0.00989583 0.0481481 0.0472319
2 0.29974 0.107407 0.0380208 0.0777778 0.0596822
9 0.567448 0.0481481 0.00885417 0.0222222 0.0854381
2 0.46224 0.115741 0.0130208 0.0333333 0.0978708
2 0.480729 0.106944 0.0239583 0.0416667 0.131902
2 0.470833 0.1125 0.0291667 0.0398148 0.207272
2 0.627865 0.121759 0.0255208 0.0509259 0.318068
2 0.321875 0.0875 0.0375 0.0342593 0.373725
2 0.506771 0.10463 0.0427083 0.0611111 0.63759
2 0.31849 0.121759 0.0505208 0.0712963 0.720525
11 0.729167 0.0430556 0.0270833 0.0546296 0.754008
10 0.203906 0.316204 0.0161458 0.0712963 0.778261
2 0.508333 0.189352 0.0770833 0.110185 0.886162
2 0.729948 0.42037 0.122396 0.17037 0.915717
