9 0.75651 0.0907407 0.0151042 0.0685185 0.00100574
2 0.363542 0.0671296 0.0114583 0.0175926 0.00102025
7 0.28151 0.0976852 0.111979 0.0935185 0.00103832
2 0.754687 0.156481 0.0104167 0.0185185 0.00110178
7 0.989844 0.521296 0.0192708 0.17963 0.00110686
2 0.575521 0.42037 0.607292 0.183333 0.00114096
12 0.689323 0.164352 0.0130208 0.037963 0.00116229
9 0.3625 0.0703704 0.009375 0.0222222 0.00119488
2 0.58099 0.123611 0.0411458 0.037963 0.00122988
9 0.817187 0.234722 0.00833333 0.0398148 0.00124887
2 0.241406 0.107407 0.0151042 0.0351852 0.00129249
12 0.701823 0.163889 0.0234375 0.037037 0.0013137
2 0.283073 0.0736111 0.0296875 0.0324074 0.0013405
32 0.453646 0.313889 0.009375 0.0148148 0.00134323
58 0.96875 0.49537 0.0302083 0.0944444 0.00134544
9 0.238802 0.0768519 0.0151042 0.05 0.00138689
9 0.257552 0.0810185 0.0151042 0.0490741 0.00148984
11 0.255208 0.087037 0.0177083 0.0388889 0.00149424
10 0.19375 0.295833 0.0364583 0.115741 0.0015025
9 0.581771 0.0388889 0.0125 0.0481481 0.00150345
2 0.21849 0.135185 0.0588542 0.0555556 0.00176292
2 0.653906 0.137963 0.0776042 0.0796296 0.00184806
9 0.274479 0.0393519 0.034375 0.075 0.00219791
0 0.714583 0.372685 0.025 0.0268519 0.00227827
2 0.771354 0.111111 0.0135417 0.0240741 0.00229442
2 0.214583 0.483796 0.0166667 0.0138889 0.00238568
12 0.693229 0.162963 0.00729167 0.0388889 0.00258388
9 0.994792 0.511574 0.009375 0.152778 0.00273435
5 0.220313 0.0925926 0.053125 0.114815 0.00274004
2 0.201042 0.244444 0.0177083 0.012963 0.00304468
0 0.266146 0.0972222 0.0104167 0.0537037 0.00315382
2 0.385938 0.111111 0.205208 0.0740741 0.0032642
7 0.970573 0.528704 0.0578125 0.201852 0.00344753
2 0.495052 0.099537 0.0265625 0.0527778 0.00368815
2 0.779688 0.100463 0.0302083 0.0453704 0.00377516
9 0.292708 0.0662037 0.0114583 0.0231481 0.00393637
2 0.53125 0.1125 0.0135417 0.0435185 0.00394101
7 0.219531 0.0634259 0.0494792 0.0712963 0.00405122
2 0.757031 0.11713 0.0151042 0.0324074 0.00417502
11 0.60651 0.0601852 0.00989583 0.0240741 0.00417571
2 0.432552 0.0638889 0.0119792 0.0296296 0.00477922
11 0.23724 0.0703704 0.0161458 0.0462963 0.00478637
2 0.592708 0.124537 0.0177083 0.0268519 0.00489236
1 0.810156 0.330556 0.0192708 0.0796296 0.00507255
2 0.552344 0.110648 0.195312 0.0638889 0.00549294
9 0.571615 0.0319444 0.0130208 0.0583333 0.00555005
2 0.433333 0.111111 0.078125 0.0555556 0.00630206
9 0.2625 0.0893519 0.00833333 0.0398148 0.00632417
2 0.00520833 0.406481 0.0104167 0.0944444 0.00642426
2 0.8 0.0847222 0.040625 0.0305556 0.00756714
2 0.270573 0.109722 0.0130208 0.0398148 0.00764301
1 0.00885417 0.396759 0.0177083 0.112037 0.00812284
13 0.00572917 0.398611 0.0114583 0.106481 0.00828107
13 0.0140625 0.396759 0.028125 0.112037 0.00855706
12 0.994271 0.502315 0.0104167 0.143519 0.00888824
9 0.29401 0.0555556 0.00885417 0.037037 0.01002
2 0.65 0.149074 0.0385417 0.0574074 0.0101216
2 0.813281 0.0768519 0.0203125 0.0185185 0.0104222
9 0.220833 0.0884259 0.0114583 0.0138889 0.0104238
2 0.28724 0.117593 0.0171875 0.062963 0.0108018
2 0.0046875 0.556944 0.009375 0.0398148 0.015893
10 0.177344 0.278704 0.0151042 0.0425926 0.0165724
5 0.220833 0.0652778 0.0489583 0.0546296 0.0175794
9 0.502083 0.759722 0.0135417 0.0546296 0.0186773
9 0.213281 0.0625 0.0328125 0.0546296 0.0206652
2 0.791406 0.087963 0.0213542 0.0259259 0.0243864
2 0.238802 0.141667 0.0182292 0.0388889 0.0289147
9 0.26875 0.0277778 0.0208333 0.05 0.0332047
7 0.298698 0.105556 0.0369792 0.0777778 0.0344261
2 0.635417 0.146296 0.0114583 0.0555556 0.0381392
2 0.3 0.105556 0.0354167 0.0740741 0.0619085
9 0.567448 0.0481481 0.00885417 0.0240741 0.0742141
0 0.442708 0.0833333 0.0125 0.0296296 0.141134
7 0.458854 0.0722222 0.0447917 0.037037 0.169638
2 0.458594 0.0717593 0.0453125 0.037963 0.176302
2 0.321875 0.0847222 0.0364583 0.0324074 0.328633
2 0.473437 0.109259 0.0322917 0.0462963 0.442057
2 0.50651 0.104167 0.0411458 0.062037 0.55979
2 0.627604 0.121759 0.0260417 0.0509259 0.629743
2 0.31875 0.122222 0.0510417 0.0703704 0.761659
10 0.204167 0.316204 0.0166667 0.0712963 0.763716
2 0.436719 0.11713 0.0484375 0.0324074 0.773562
11 0.728906 0.0435185 0.0265625 0.0574074 0.800961
2 0.729427 0.419444 0.122396 0.17037 0.894601
