9 0.59401 0.0416667 0.00989583 0.0314815 0.00103077
2 0.239844 0.109259 0.0171875 0.0388889 0.00104855
9 0.558333 0.0472222 0.0135417 0.0259259 0.00115784
1 0.0450521 0.161574 0.0901042 0.0990741 0.00120983
9 0.260417 0.0439815 0.0135417 0.0490741 0.00121495
9 0.97474 0.493981 0.0401042 0.112037 0.00124563
9 0.114063 0.0240741 0.0135417 0.0407407 0.00124796
58 0.916667 0.255556 0.166667 0.509259 0.00125135
32 0.454427 0.315278 0.0078125 0.0138889 0.00126723
2 0.80026 0.0777778 0.0421875 0.037037 0.00137516
2 0.0640625 0.0643518 0.0270833 0.0398148 0.00140074
2 0.417708 0.0310185 0.01875 0.0231481 0.00141616
2 0.69349 0.980093 0.176563 0.037963 0.00148173
2 0.772135 0.962037 0.0859375 0.0722222 0.00149109
2 0.238802 0.138889 0.0192708 0.0444444 0.001571
2 0.654688 0.153241 0.0489583 0.0638889 0.00163887
9 0.557552 0.0291667 0.0234375 0.0509259 0.00173942
10 0.774479 0.124074 0.0177083 0.0444444 0.00184454
9 0.26875 0.0583333 0.0166667 0.0351852 0.00196015
2 0.463281 0.112037 0.0161458 0.0444444 0.00233916
9 0.565365 0.0444444 0.0109375 0.0351852 0.00234337
2 0.77474 0.121759 0.0182292 0.0398148 0.00235389
9 0.216146 0.0481481 0.0270833 0.037037 0.00241869
2 0.810938 0.075 0.025 0.0203704 0.00256461
9 0.994271 0.5125 0.0104167 0.156481 0.00259935
11 0.221615 0.062963 0.0505208 0.0648148 0.0028486
9 0.483594 0.0425926 0.00677083 0.0277778 0.00291381
2 0.554427 0.109259 0.278646 0.0722222 0.00327343
2 0.641406 0.124074 0.0536458 0.0592593 0.00334603
2 0.788021 0.0828704 0.0177083 0.025 0.00336172
0 0.263281 0.104167 0.00885417 0.0509259 0.00343991
9 0.252865 0.0851852 0.0119792 0.0388889 0.00352439
9 0.255469 0.0763889 0.00885417 0.0435185 0.00362588
9 0.263021 0.0888889 0.00833333 0.0407407 0.00365647
12 0.985156 0.500463 0.0255208 0.130556 0.00371218
2 0.442969 0.0888889 0.0140625 0.0296296 0.00374812
9 0.50026 0.603241 0.0151042 0.0398148 0.00374885
1 0.810938 0.333333 0.01875 0.087037 0.00390291
0 0.75651 0.374537 0.0192708 0.0287037 0.00419892
9 0.207552 0.0680556 0.0223958 0.0416667 0.00471769
2 0.406771 0.108333 0.269792 0.0833333 0.00476405
0 0.73125 0.371296 0.03125 0.0314815 0.00520244
12 0.994531 0.501389 0.00989583 0.134259 0.00532517
2 0.360417 0.0611111 0.0125 0.0388889 0.00567248
11 0.235677 0.0689815 0.0203125 0.0453704 0.00576477
2 0.268229 0.0990741 0.0135417 0.0574074 0.00587135
2 0.655729 0.138426 0.08125 0.0861111 0.00620175
11 0.241146 0.0356481 0.0229167 0.0675926 0.00622935
2 0.635156 0.146296 0.0109375 0.0537037 0.0067402
2 0.332031 0.0694444 0.0411458 0.0555556 0.00685415
0 0.757292 0.0907407 0.0145833 0.0759259 0.00754318
2 0.458854 0.108796 0.0989583 0.0638889 0.00823146
0 0.180208 0.730093 0.178125 0.484259 0.00826543
2 0.60625 0.0611111 0.0104167 0.0240741 0.00962357
9 0.269271 0.0347222 0.0208333 0.0638889 0.00965782
2 0.364062 0.0685185 0.0114583 0.0203704 0.00989487
1 0.0143229 0.398148 0.0286458 0.109259 0.0101082
12 0.702865 0.139352 0.0234375 0.0842593 0.0114768
9 0.567969 0.0486111 0.00989583 0.0231481 0.0141366
2 0.592188 0.131019 0.01875 0.0212963 0.0151551
0 0.443229 0.0981481 0.015625 0.0481481 0.0155924
2 0.786198 0.0912037 0.0161458 0.0194444 0.0157271
0 0.7125 0.371759 0.0197917 0.0268519 0.0193333
5 0.220573 0.0671296 0.0505208 0.0509259 0.0219197
10 0.443229 0.0884259 0.0135417 0.0287037 0.0246161
7 0.220573 0.0648148 0.0505208 0.0574074 0.0251174
2 0.272135 0.109722 0.0151042 0.0398148 0.0252822
1 0.00364583 0.408796 0.00729167 0.0842593 0.0264802
2 0.309115 0.0962963 0.0578125 0.062963 0.0654234
2 0.313281 0.0537037 0.0203125 0.0240741 0.0858496
2 0.320833 0.0657407 0.0364583 0.0240741 0.100958
9 0.502865 0.760648 0.0130208 0.0527778 0.123838
2 0.295052 0.109722 0.0296875 0.0842593 0.156226
2 0.320833 0.087037 0.0395833 0.0407407 0.234362
2 0.340104 0.0583333 0.0375 0.0407407 0.444161
2 0.628125 0.122685 0.025 0.0527778 0.573565
2 0.473698 0.109722 0.0348958 0.0453704 0.595788
2 0.50599 0.10463 0.0432292 0.062963 0.642889
11 0.729948 0.0425926 0.0265625 0.0555556 0.756214
2 0.702083 0.961574 0.228125 0.0768519 0.75972
2 0.319271 0.120833 0.0489583 0.0712963 0.77744
10 0.204167 0.315741 0.0166667 0.0703704 0.828195
2 0.730208 0.418519 0.122917 0.17037 0.91576
