1 0.103385 0.158796 0.0578125 0.0712963 0.00101536
2 0.781771 0.10787 0.0364583 0.0509259 0.00101667
2 0.817708 0.231481 0.009375 0.0462963 0.00103712
9 0.220573 0.102778 0.0119792 0.037037 0.00105188
2 0.234896 0.105093 0.015625 0.0398148 0.00107555
9 0.5625 0.0467593 0.0197917 0.0324074 0.00113513
2 0.285417 0.102778 0.0916667 0.0907407 0.00113825
2 0.0580729 0.0305556 0.0223958 0.0388889 0.00118474
2 0.240625 0.106944 0.015625 0.0361111 0.00118951
13 0.982292 0.527778 0.034375 0.192593 0.00120207
0 0.26224 0.111111 0.0109375 0.0462963 0.00121986
2 0.65651 0.140741 0.0723958 0.0796296 0.00126972
7 0.971094 0.528241 0.0567708 0.202778 0.0013409
2 0.58776 0.125 0.0119792 0.0259259 0.00140505
1 0.0138021 0.39213 0.0276042 0.121296 0.00142315
2 0.563021 0.111574 0.271875 0.0731481 0.00150414
9 0.252865 0.087037 0.0130208 0.0333333 0.00153093
0 0.756771 0.375 0.0197917 0.0296296 0.00160727
2 0.446615 0.10463 0.0328125 0.0481481 0.00165814
2 0.217969 0.136111 0.0609375 0.0518519 0.00180261
9 0.263542 0.0828704 0.009375 0.025 0.0018708
2 0.538021 0.422222 0.646875 0.183333 0.001925
12 0.702083 0.163889 0.0208333 0.0388889 0.00195881
9 0.416667 0.0134259 0.0166667 0.0268519 0.00198958
0 0.729427 0.370833 0.0401042 0.0324074 0.00202851
2 0.3625 0.0796296 0.0104167 0.0240741 0.00204217
9 0.25651 0.0731481 0.00885417 0.037037 0.00204259
9 0.559375 0.0273148 0.0229167 0.0490741 0.00206227
2 0.773958 0.11713 0.0177083 0.0324074 0.00213109
32 0.483073 0.490741 0.0151042 0.0277778 0.0021323
1 0.810156 0.333796 0.0203125 0.0916667 0.00226494
9 0.995573 0.527315 0.0078125 0.0435185 0.00248058
2 0.415625 0.112037 0.242708 0.0703704 0.00283424
9 0.267448 0.0939815 0.00989583 0.0398148 0.00294534
11 0.2375 0.0671296 0.0166667 0.0416667 0.00371639
2 0.363281 0.0685185 0.0119792 0.0222222 0.00410766
2 0.476562 0.110648 0.06875 0.0601852 0.00426845
9 0.989844 0.499537 0.0192708 0.128704 0.00430427
2 0.346094 0.10787 0.0119792 0.0435185 0.00431076
2 0.78776 0.0837963 0.0151042 0.0212963 0.00446863
9 0.443229 0.2375 0.0135417 0.0361111 0.00480895
12 0.986198 0.497222 0.0192708 0.12037 0.00483352
9 0.995052 0.492593 0.00885417 0.122222 0.00490398
2 0.813542 0.0759259 0.0197917 0.0166667 0.00495945
9 0.114844 0.0236111 0.0140625 0.0398148 0.00546091
2 0.59375 0.125926 0.0145833 0.0240741 0.00564245
0 0.716146 0.371296 0.0239583 0.0277778 0.00585271
12 0.702604 0.139815 0.0229167 0.087037 0.00608419
0 0.757552 0.0902778 0.0119792 0.075 0.006532
12 0.995052 0.490741 0.00885417 0.122222 0.00725338
2 0.649479 0.148611 0.0375 0.0564815 0.00753826
7 0.221094 0.0694444 0.0505208 0.0611111 0.00759475
2 0.353385 0.113426 0.0796875 0.0638889 0.00776714
5 0.221354 0.0675926 0.0489583 0.0518519 0.00815056
2 0.785677 0.0902778 0.0140625 0.0194444 0.00827883
1 0.00390625 0.406944 0.0078125 0.0898148 0.00871135
0 0.442708 0.0976852 0.0166667 0.0453704 0.00886498
9 0.566667 0.0310185 0.0145833 0.0583333 0.00910613
9 0.207292 0.0685185 0.0208333 0.0425926 0.00952696
9 0.565625 0.0416667 0.0104167 0.0388889 0.00967069
11 0.240625 0.0342593 0.0208333 0.062963 0.0108952
9 0.500521 0.602315 0.015625 0.0416667 0.0113747
2 0.272396 0.110185 0.0145833 0.0351852 0.0128479
2 0.442969 0.0875 0.0140625 0.0268519 0.0175778
2 0.635677 0.146759 0.0109375 0.0527778 0.0200794
2 0.238281 0.140741 0.0192708 0.0407407 0.0238136
9 0.220313 0.0884259 0.0104167 0.0138889 0.0242525
9 0.222917 0.0560185 0.0135417 0.037963 0.0253237
0 0.635677 0.148148 0.00989583 0.0481481 0.0283372
9 0.44349 0.0884259 0.0130208 0.0268519 0.0468709
2 0.463021 0.112963 0.015625 0.0388889 0.0478349
9 0.567448 0.0486111 0.00885417 0.025 0.0521267
2 0.299219 0.0638889 0.0182292 0.0296296 0.0586536
7 0.29375 0.110648 0.0291667 0.0787037 0.0775899
9 0.269531 0.0347222 0.0213542 0.0675926 0.0831732
11 0.60599 0.0597222 0.00989583 0.025 0.0953122
2 0.305729 0.0666667 0.0208333 0.0259259 0.10451
2 0.29349 0.1125 0.0276042 0.075 0.133361
2 0.627865 0.121759 0.0255208 0.0490741 0.297072
2 0.322917 0.0861111 0.0375 0.0351852 0.300885
9 0.502865 0.760185 0.0119792 0.0555556 0.368417
2 0.50625 0.104167 0.0427083 0.0638889 0.430684
2 0.474219 0.109722 0.0348958 0.0453704 0.44744
7 0.50625 0.104167 0.0427083 0.0638889 0.455921
2 0.31849 0.122685 0.0505208 0.0694444 0.679499
10 0.204167 0.316667 0.0166667 0.0685185 0.753409
11 0.729948 0.0435185 0.0265625 0.0555556 0.786406
2 0.375521 0.109722 0.034375 0.0453704 0.812101
2 0.730208 0.418981 0.122917 0.171296 0.913962
