2 0.0395833 0.0592593 0.0177083 0.0296296 0.00102099
9 0.560156 0.0300926 0.0255208 0.0564815 0.00105188
9 0.576563 0.0333333 0.0135417 0.0648148 0.00105722
0 0.74401 0.109722 0.0192708 0.0342593 0.00106443
9 0.429427 0.037037 0.00885417 0.0259259 0.00109466
10 0.00833333 0.403704 0.0166667 0.0962963 0.00112315
2 0.452865 0.103704 0.0494792 0.0518519 0.00116791
12 0.973437 0.497222 0.040625 0.122222 0.00116895
2 0.57526 0.126389 0.0494792 0.0324074 0.00118595
2 0.361719 0.0782407 0.0119792 0.0268519 0.00135268
2 0.780208 0.2375 0.0114583 0.025 0.00138579
0 0.520052 0.245833 0.547396 0.371296 0.0014126
9 0.279948 0.0527778 0.0348958 0.1 0.00150311
2 0.576823 0.110185 0.314063 0.0648148 0.0015053
1 0.0127604 0.368981 0.0255208 0.0564815 0.00160282
11 0.702865 0.117593 0.0213542 0.0425926 0.00165412
0 0.757031 0.375926 0.0192708 0.0296296 0.0017815
1 0.00885417 0.402315 0.0177083 0.100926 0.00186649
9 0.415365 0.00972222 0.0151042 0.0194444 0.00193696
9 0.454427 0.315278 0.0078125 0.0138889 0.00194632
7 0.702865 0.115741 0.0223958 0.0425926 0.00208633
9 0.995573 0.528704 0.0078125 0.0407407 0.00212409
58 0.91849 0.183333 0.163021 0.361111 0.00216323
9 0.107813 0.0351852 0.0125 0.0296296 0.00219313
2 0.296094 0.13287 0.0161458 0.0527778 0.00233545
2 0.53151 0.109259 0.0151042 0.0425926 0.00249291
13 0.0135417 0.39537 0.0270833 0.112963 0.00262156
9 0.236719 0.0638889 0.0171875 0.037037 0.00264043
0 0.728906 0.372222 0.0328125 0.0296296 0.00287997
2 0.0640625 0.0703704 0.0270833 0.0259259 0.0029314
9 0.548437 0.0532407 0.0114583 0.025 0.00302232
2 0.293229 0.100926 0.0770833 0.0925926 0.00306038
9 0.213281 0.0606481 0.0369792 0.0638889 0.00374846
2 0.376042 0.111111 0.177083 0.0722222 0.0037744
9 0.266667 0.0773148 0.015625 0.0435185 0.00382636
2 0.282552 0.114352 0.0130208 0.0583333 0.00393149
7 0.220052 0.0685185 0.0494792 0.0574074 0.00394293
2 0.344792 0.106481 0.0114583 0.0388889 0.00397065
2 0.308073 0.0819444 0.0223958 0.0342593 0.00411107
9 0.252604 0.0865741 0.0125 0.0342593 0.00421256
9 0.989323 0.498611 0.0192708 0.126852 0.0044812
13 0.00390625 0.391667 0.0078125 0.05 0.00457063
2 0.474479 0.109722 0.0697917 0.0564815 0.00472884
9 0.267448 0.0986111 0.0109375 0.0490741 0.00480511
2 0.363021 0.0689815 0.0125 0.0212963 0.00488096
11 0.236979 0.0689815 0.0166667 0.0435185 0.00499552
2 0.77474 0.118981 0.0171875 0.0342593 0.005087
9 0.28125 0.0930556 0.00729167 0.0268519 0.00510981
1 0.00442708 0.390741 0.00885417 0.109259 0.0052167
2 0.270573 0.108796 0.0119792 0.0398148 0.00559464
0 0.442448 0.0972222 0.0171875 0.0481481 0.00583932
0 0.708594 0.374074 0.0192708 0.0240741 0.00611288
9 0.292969 0.0541667 0.00989583 0.0472222 0.00641598
9 0.567969 0.0319444 0.0151042 0.0601852 0.00740668
2 0.442708 0.0875 0.0135417 0.0268519 0.00741581
9 0.25625 0.0763889 0.009375 0.0453704 0.00749202
2 0.238802 0.141204 0.0192708 0.0416667 0.00807815
0 0.716667 0.371759 0.0260417 0.0268519 0.0085062
9 0.219792 0.0875 0.0104167 0.0157407 0.0100397
5 0.213802 0.0611111 0.0359375 0.0592593 0.0105035
2 0.785677 0.0888889 0.0161458 0.0240741 0.0106122
12 0.985937 0.497222 0.01875 0.124074 0.012074
12 0.995052 0.49213 0.00885417 0.123148 0.0122823
9 0.292448 0.0699074 0.00989583 0.0194444 0.0140166
10 0.00390625 0.407407 0.0078125 0.0851852 0.017389
2 0.651563 0.151852 0.0416667 0.0518519 0.0180289
0 0.757292 0.0837963 0.0135417 0.062037 0.0235965
9 0.207031 0.0685185 0.0203125 0.0444444 0.0249255
9 0.222396 0.0606481 0.0145833 0.0416667 0.0288314
2 0.290365 0.119907 0.0213542 0.062037 0.0324479
9 0.500521 0.603241 0.015625 0.0398148 0.0341804
2 0.591927 0.125926 0.0171875 0.0240741 0.0392474
11 0.60599 0.0601852 0.00989583 0.0240741 0.0421342
9 0.114063 0.0240741 0.0114583 0.037037 0.0473958
9 0.442969 0.0875 0.0130208 0.0268519 0.0483624
0 0.774479 0.139815 0.0177083 0.0740741 0.0499562
7 0.3 0.108796 0.0375 0.0824074 0.0565541
0 0.635677 0.15 0.00989583 0.0481481 0.0578129
2 0.4625 0.114352 0.0145833 0.0342593 0.0645597
2 0.680208 0.159259 0.0208333 0.05 0.0653639
9 0.502865 0.760648 0.0119792 0.0546296 0.11751
9 0.566927 0.0490741 0.00885417 0.0240741 0.119326
2 0.527865 0.0740741 0.0171875 0.0259259 0.180185
2 0.321875 0.087963 0.0385417 0.037037 0.277858
2 0.627344 0.120833 0.0255208 0.0490741 0.294756
7 0.50651 0.103704 0.0421875 0.0648148 0.425975
9 0.269531 0.0356481 0.0213542 0.0675926 0.429468
2 0.47526 0.109259 0.0359375 0.0444444 0.436419
2 0.50625 0.103241 0.0416667 0.0638889 0.461744
2 0.31849 0.121759 0.0515625 0.0712963 0.601474
10 0.203906 0.316204 0.0161458 0.0694444 0.771302
11 0.729427 0.0425926 0.0276042 0.0574074 0.779712
2 0.372917 0.112037 0.034375 0.0388889 0.823447
7 0.727344 0.203704 0.110937 0.151852 0.906457
2 0.730208 0.418981 0.121875 0.175 0.91484
