0 0.817969 0.2375 0.0078125 0.0342593 0.00101468
9 0.415625 0.0106481 0.015625 0.0212963 0.00101832
9 0.570312 0.0319444 0.0125 0.0564815 0.00103244
2 0.640365 0.151389 0.0203125 0.062037 0.00107135
2 0.595052 0.424074 0.592188 0.181481 0.00108486
2 0.792969 0.102315 0.0536458 0.0527778 0.00111295
0 0.758073 0.111574 0.0140625 0.0583333 0.00112869
9 0.995052 0.533333 0.00885417 0.0425926 0.0013431
9 0.561458 0.050463 0.01875 0.0231481 0.00136284
9 0.583854 0.0439815 0.0125 0.0342593 0.00138189
2 0.961458 0.555556 0.0395833 0.0407407 0.00142002
0 0.757292 0.375463 0.01875 0.0305556 0.00155004
1 0.0078125 0.160185 0.015625 0.0425926 0.00157797
0 0.730729 0.372222 0.03125 0.0314815 0.00160455
2 0.244531 0.106481 0.00989583 0.0333333 0.00164939
1 0.0338542 0.17963 0.028125 0.0574074 0.00173846
0 0.26276 0.103704 0.00885417 0.0518519 0.00175941
9 0.363021 0.0513889 0.0114583 0.0435185 0.00176836
2 0.443229 0.108796 0.06875 0.0472222 0.00181204
2 0.815625 0.0712963 0.0145833 0.0148148 0.00181325
11 0.240104 0.0328704 0.021875 0.062037 0.00188571
7 0.970312 0.519907 0.0583333 0.187963 0.00210479
12 0.702083 0.165278 0.0208333 0.037963 0.0021746
1 0.0046875 0.46713 0.009375 0.215741 0.00234079
9 0.23724 0.0675926 0.0171875 0.0407407 0.00249416
9 0.264844 0.0444444 0.0130208 0.0444444 0.00255919
0 0.529948 0.099537 0.0182292 0.0638889 0.00268332
9 0.115104 0.0240741 0.0145833 0.0425926 0.00269198
12 0.69375 0.163889 0.00729167 0.037037 0.00278626
12 0.99401 0.510648 0.0109375 0.158333 0.00298664
2 0.815365 0.0851852 0.0140625 0.0259259 0.00309276
9 0.258854 0.075 0.0125 0.0555556 0.00313456
2 0.354688 0.10463 0.152083 0.0888889 0.00320534
9 0.269271 0.0212963 0.0208333 0.0351852 0.00326886
2 0.533333 0.108796 0.129167 0.0564815 0.00356315
7 0.993229 0.518519 0.0125 0.166667 0.00367765
9 0.26276 0.087963 0.0078125 0.037037 0.00373078
0 0.36276 0.0634259 0.0109375 0.0361111 0.00403988
2 0.363281 0.0675926 0.0119792 0.0240741 0.00459109
2 0.773177 0.112963 0.0161458 0.0333333 0.0047662
2 0.442708 0.0888889 0.0145833 0.0277778 0.00479059
2 0.339583 0.0888889 0.0114583 0.0277778 0.00494465
9 0.108333 0.0305556 0.0114583 0.037037 0.00508007
2 0.238542 0.139815 0.01875 0.0444444 0.00508507
12 0.702604 0.138889 0.0239583 0.0851852 0.00511071
0 0.715104 0.372685 0.025 0.0287037 0.0055379
2 0.797396 0.0856481 0.0322917 0.025 0.00554624
9 0.253125 0.0875 0.0135417 0.0361111 0.00561005
2 0.59375 0.125 0.0166667 0.0259259 0.0062934
9 0.992969 0.506019 0.0130208 0.149074 0.00640937
9 0.500521 0.605556 0.015625 0.0444444 0.00647534
11 0.60599 0.0601852 0.00989583 0.0259259 0.00667911
2 0.26875 0.100463 0.0125 0.0546296 0.00743073
1 0.0114583 0.368519 0.0229167 0.0518519 0.00822685
1 0.0234375 0.181481 0.046875 0.0722222 0.00940917
2 0.779948 0.103241 0.0296875 0.0453704 0.00986675
0 0.44375 0.099537 0.0177083 0.0509259 0.0111734
10 0.442708 0.087963 0.0135417 0.0259259 0.0117761
9 0.210677 0.0662037 0.0296875 0.0472222 0.0137139
2 0.269531 0.0523148 0.0192708 0.0342593 0.0142787
2 0.813281 0.0759259 0.0192708 0.0166667 0.0145887
5 0.220052 0.0648148 0.0484375 0.0555556 0.015298
0 0.995833 0.325926 0.00729167 0.0537037 0.0176175
9 0.567187 0.0481481 0.00833333 0.0222222 0.0200432
7 0.220573 0.0638889 0.0505208 0.0648148 0.0204808
9 0.177344 0.511111 0.0390625 0.0425926 0.0217445
9 0.502604 0.761574 0.0125 0.0527778 0.0221262
2 0.272135 0.108333 0.0140625 0.0425926 0.0228347
2 0.326562 0.0824074 0.0322917 0.0277778 0.0284873
2 0.635417 0.146759 0.0114583 0.0546296 0.0287726
7 0.314583 0.0606481 0.0375 0.037963 0.0291521
0 0.757812 0.0893519 0.0125 0.0694444 0.0294707
1 0.00416667 0.411574 0.00833333 0.087963 0.0309836
0 0.635417 0.148148 0.0104167 0.05 0.0396333
2 0.00442708 0.410185 0.00885417 0.0925926 0.0405652
1 0.0119792 0.394907 0.0239583 0.121296 0.0454199
2 0.463802 0.111574 0.0171875 0.0416667 0.0569252
2 0.786458 0.0902778 0.015625 0.0212963 0.0594378
2 0.293229 0.113426 0.028125 0.0712963 0.13384
7 0.30599 0.0925926 0.0536458 0.1 0.147738
2 0.528385 0.075463 0.0203125 0.0287037 0.156648
2 0.315365 0.062963 0.0317708 0.0351852 0.16518
2 0.627604 0.122685 0.0270833 0.0509259 0.479828
2 0.473698 0.109722 0.0348958 0.0453704 0.517194
2 0.50651 0.10463 0.0421875 0.062963 0.55841
2 0.31875 0.12037 0.0510417 0.0740741 0.703091
10 0.204167 0.315741 0.015625 0.0703704 0.704234
11 0.728906 0.0425926 0.0265625 0.0555556 0.794002
2 0.401823 0.106019 0.0411458 0.0546296 0.820922
2 0.729948 0.419907 0.122396 0.173148 0.922906
