2 0.817708 0.234259 0.00833333 0.0425926 0.00102658
2 0.439063 0.0824074 0.0302083 0.0518519 0.00103145
2 0.585417 0.125 0.0322917 0.0351852 0.00106231
9 0.995313 0.526389 0.00833333 0.0453704 0.0010721
2 0.240365 0.106481 0.0171875 0.0351852 0.00107659
11 0.239844 0.037963 0.0223958 0.0722222 0.00116797
13 0.960938 0.556019 0.0375 0.0435185 0.00117945
2 0.772917 0.1125 0.015625 0.0268519 0.00119025
58 0.96901 0.498148 0.0307292 0.0888889 0.00120436
0 0.495833 0.0689815 0.0145833 0.0212963 0.00123337
1 0.00911458 0.398148 0.0182292 0.114815 0.00123485
13 0.0140625 0.397685 0.028125 0.112037 0.0012434
5 0.235156 0.0671296 0.0203125 0.0453704 0.00127374
7 0.989583 0.516667 0.0197917 0.183333 0.00135578
7 0.970312 0.52037 0.0583333 0.187037 0.00136611
0 0.36276 0.0800926 0.0109375 0.0231481 0.00141861
0 0.715365 0.37037 0.0255208 0.0277778 0.00142433
2 0.341406 0.116667 0.00989583 0.0462963 0.00142637
9 0.817187 0.234259 0.00833333 0.0425926 0.00143222
9 0.272917 0.0425926 0.0270833 0.0685185 0.0014393
2 0.0140625 0.374074 0.028125 0.0574074 0.00148828
2 0.3 0.127315 0.0239583 0.0638889 0.00154123
12 0.701563 0.164815 0.0208333 0.037037 0.00162416
0 0.26276 0.103241 0.00989583 0.0527778 0.0016803
7 0.788281 0.0643518 0.0255208 0.0601852 0.00168953
2 0.454688 0.112037 0.15 0.0666667 0.00172018
2 0.499219 0.115741 0.372396 0.0814815 0.0017374
9 0.995052 0.493519 0.00885417 0.125926 0.0018004
2 0.363542 0.0703704 0.0125 0.0222222 0.0018373
9 0.263281 0.0875 0.0078125 0.0324074 0.00204152
13 0.00442708 0.402778 0.00885417 0.0981481 0.00205354
9 0.583594 0.0435185 0.0130208 0.0388889 0.00211174
1 0.00572917 0.371296 0.0114583 0.0592593 0.00217977
2 0.00442708 0.380556 0.00885417 0.0407407 0.00219921
2 0.426042 0.0699074 0.0166667 0.0194444 0.00270305
12 0.69349 0.163426 0.00677083 0.037963 0.00271725
2 0.29375 0.105556 0.0760417 0.0833333 0.00275391
11 0.255208 0.0861111 0.01875 0.0351852 0.00275551
2 0.646875 0.147222 0.034375 0.0592593 0.00323696
11 0.236979 0.0680556 0.0166667 0.0435185 0.00339846
2 0.40599 0.110648 0.0848958 0.0601852 0.00344584
1 0.00442708 0.402778 0.00885417 0.0981481 0.00369727
9 0.415625 0.00925926 0.015625 0.0185185 0.0037034
2 0.455469 0.0981481 0.0432292 0.0592593 0.00389465
2 0.78151 0.100463 0.0328125 0.0472222 0.00389619
0 0.267448 0.0990741 0.00989583 0.0518519 0.00443689
2 0.814844 0.0763889 0.0171875 0.0175926 0.00469222
9 0.5 0.603704 0.0145833 0.037037 0.00499342
0 0.75625 0.0898148 0.0145833 0.0722222 0.00552888
12 0.994531 0.496296 0.00989583 0.12963 0.00562073
11 0.60599 0.0601852 0.00989583 0.0240741 0.00613941
9 0.208594 0.0662037 0.0244792 0.0472222 0.00655021
9 0.269792 0.0481481 0.0197917 0.0425926 0.00679304
9 0.572656 0.0319444 0.0140625 0.0601852 0.00703231
5 0.220573 0.0662037 0.0484375 0.0546296 0.00869569
2 0.345573 0.0935185 0.0130208 0.0296296 0.0103584
9 0.26901 0.025463 0.0203125 0.0416667 0.0109146
2 0.592708 0.126389 0.0177083 0.0231481 0.0110308
7 0.220573 0.0671296 0.0494792 0.0601852 0.0116457
0 0.995833 0.329167 0.00729167 0.0546296 0.0122278
7 0.454427 0.0685185 0.0276042 0.0277778 0.0127561
2 0.238542 0.141667 0.0177083 0.0407407 0.0140986
2 0.346094 0.111574 0.0119792 0.0398148 0.0141402
0 0.465625 0.0703704 0.0104167 0.0222222 0.0196524
2 0.271615 0.110185 0.0140625 0.0388889 0.0204337
2 0.488802 0.107407 0.0130208 0.0518519 0.0284203
9 0.502344 0.760648 0.0130208 0.0546296 0.0410318
2 0.78724 0.087963 0.0182292 0.0259259 0.0423497
0 0.635156 0.147685 0.00989583 0.0509259 0.046641
9 0.567448 0.0486111 0.00885417 0.025 0.0602607
2 0.635156 0.146759 0.0109375 0.0527778 0.0613766
2 0.4625 0.113889 0.0125 0.0351852 0.063308
0 0.442708 0.0888889 0.0145833 0.037037 0.0668421
2 0.294531 0.106944 0.0307292 0.0824074 0.091131
2 0.46849 0.111111 0.0244792 0.0425926 0.104478
7 0.295833 0.106481 0.034375 0.0814815 0.141814
2 0.322135 0.0851852 0.0380208 0.0333333 0.181088
2 0.479948 0.108796 0.0223958 0.0453704 0.207073
2 0.444792 0.0685185 0.0333333 0.0277778 0.248386
2 0.627344 0.121296 0.0255208 0.05 0.345511
2 0.50599 0.10463 0.0432292 0.062963 0.521552
2 0.318229 0.121759 0.05 0.0712963 0.642291
10 0.204167 0.316204 0.015625 0.0712963 0.706951
2 0.360156 0.113889 0.0255208 0.037037 0.776952
11 0.728646 0.0430556 0.0270833 0.0583333 0.812536
2 0.389062 0.106019 0.0375 0.0509259 0.816156
2 0.729427 0.418519 0.122396 0.172222 0.902401
