12 0.691146 0.163426 0.0104167 0.0416667 0.00104161
12 0.702344 0.124074 0.0223958 0.0537037 0.0010544
0 0.263021 0.0893519 0.00833333 0.0416667 0.00119607
9 0.272396 0.0333333 0.03125 0.0648148 0.00120473
2 0.402083 0.726852 0.0958333 0.107407 0.00127973
0 0.73099 0.371759 0.0307292 0.0305556 0.00136379
2 0.29349 0.131481 0.0171875 0.0555556 0.00136385
9 0.967188 0.490741 0.0260417 0.0962963 0.0014591
7 0.232812 0.0722222 0.0260417 0.0537037 0.0014634
7 0.223698 0.0587963 0.0598958 0.115741 0.00156422
1 0.0744792 0.1625 0.123958 0.0805556 0.00157824
2 0.660677 0.149537 0.0630208 0.0675926 0.00158362
12 0.702865 0.163889 0.0192708 0.037037 0.00158925
2 0.0122396 0.368056 0.0244792 0.0435185 0.00161551
2 0.00546875 0.123148 0.0109375 0.114815 0.00164096
7 0.473958 0.0638889 0.0541667 0.0555556 0.00164124
9 0.108333 0.0356481 0.0104167 0.0324074 0.00170508
0 0.757031 0.374074 0.0203125 0.0314815 0.00177976
0 0.255469 0.11713 0.0192708 0.0824074 0.00180011
7 0.99401 0.518056 0.0109375 0.171296 0.00181325
2 0.0138021 0.398148 0.0276042 0.107407 0.00181489
2 0.28776 0.0791667 0.0234375 0.0361111 0.00185333
0 0.378646 0.749074 0.0635417 0.0685185 0.00185387
9 0.548177 0.0523148 0.0109375 0.025 0.00188923
0 0.816667 0.233796 0.009375 0.037963 0.00201582
7 0.517448 0.816204 0.792188 0.35463 0.00204871
2 0.775521 0.112963 0.0208333 0.0314815 0.00208358
2 0.780469 0.106481 0.0328125 0.0537037 0.00229158
0 0.00989583 0.398611 0.0197917 0.106481 0.00232049
2 0.553385 0.106019 0.214062 0.0712963 0.00232342
11 0.236719 0.0689815 0.0171875 0.0453704 0.00242209
0 0.263021 0.111111 0.00833333 0.0481481 0.00248351
9 0.415365 0.00972222 0.0161458 0.0194444 0.00249091
9 0.447396 0.2625 0.0114583 0.0435185 0.00268209
9 0.502865 0.759259 0.0119792 0.0555556 0.00281387
2 0.26875 0.0578704 0.0177083 0.0305556 0.00286271
1 0.00572917 0.399537 0.0114583 0.106481 0.00287703
9 0.567448 0.0314815 0.0140625 0.0574074 0.00295056
0 0.758073 0.0712963 0.0109375 0.0425926 0.00299573
1 0.810677 0.330093 0.0192708 0.0953704 0.00339998
9 0.207552 0.0680556 0.0255208 0.0453704 0.00362132
9 0.976562 0.497685 0.04375 0.128704 0.00383316
2 0.379948 0.105093 0.195312 0.0805556 0.00392091
9 0.269531 0.0509259 0.0203125 0.0351852 0.00406637
0 0.358854 0.738889 0.0333333 0.05 0.00420529
2 0.00390625 0.415278 0.0078125 0.0712963 0.00433621
2 0.338542 0.0916667 0.0145833 0.0296296 0.00443995
2 0.10625 0.160185 0.0583333 0.0740741 0.00466605
2 0.238021 0.141667 0.01875 0.0388889 0.00520445
2 0.294531 0.101852 0.0244792 0.0685185 0.00544326
0 0.757292 0.0907407 0.0135417 0.0814815 0.00548776
0 0.715625 0.371759 0.0229167 0.0268519 0.00562214
0 0.3625 0.0675926 0.009375 0.0277778 0.00573454
0 0.00416667 0.401389 0.00833333 0.0972222 0.00633168
2 0.417969 0.105093 0.0713542 0.0601852 0.00766836
7 0.970833 0.527315 0.0572917 0.200926 0.00832772
2 0.363542 0.0671296 0.0114583 0.0212963 0.00860293
9 0.995052 0.491667 0.00885417 0.12963 0.00930682
0 0.282813 0.0925926 0.0104167 0.0388889 0.00978107
2 0.60625 0.0606481 0.0104167 0.025 0.0100931
2 0.785677 0.0898148 0.0161458 0.0222222 0.010526
9 0.26875 0.0189815 0.021875 0.0342593 0.0107823
2 0.271094 0.108796 0.0140625 0.0398148 0.0111522
0 0.634896 0.148148 0.009375 0.05 0.0175257
2 0.634635 0.146296 0.0109375 0.0555556 0.0177563
9 0.113802 0.0240741 0.0151042 0.0407407 0.0190011
2 0.29375 0.0699074 0.0145833 0.0175926 0.0206793
2 0.592188 0.127315 0.0177083 0.025 0.0261212
7 0.21875 0.0671296 0.0489583 0.0546296 0.0262186
2 0.441146 0.0884259 0.0135417 0.0305556 0.031267
5 0.220052 0.0685185 0.0515625 0.0574074 0.0349033
9 0.567187 0.0476852 0.009375 0.0231481 0.0444135
2 0.286458 0.121296 0.0166667 0.0574074 0.045397
0 0.39401 0.737037 0.0359375 0.0518519 0.0640865
2 0.452344 0.110648 0.0286458 0.0398148 0.074396
2 0.320833 0.0912037 0.040625 0.0287037 0.103561
7 0.459375 0.0736111 0.025 0.0324074 0.116222
2 0.48125 0.0740741 0.0302083 0.0407407 0.141273
7 0.48099 0.0726852 0.0317708 0.0398148 0.239105
0 0.315625 0.745833 0.046875 0.0583333 0.333449
2 0.627344 0.121759 0.0255208 0.0509259 0.368843
2 0.320573 0.0615741 0.0359375 0.0361111 0.387101
2 0.472135 0.110648 0.0317708 0.0435185 0.471451
2 0.317969 0.120833 0.0515625 0.0712963 0.64143
10 0.203906 0.316667 0.0161458 0.0722222 0.643259
2 0.505469 0.103241 0.0432292 0.0657407 0.648574
7 0.76224 0.852315 0.258854 0.275 0.692826
11 0.729167 0.0430556 0.0270833 0.0564815 0.743643
2 0.348437 0.814352 0.2125 0.360185 0.749554
2 0.424219 0.106481 0.0328125 0.05 0.840865
2 0.729948 0.419907 0.123438 0.169444 0.911906
