9 0.990104 0.511574 0.01875 0.162037 0.00100954
9 0.440625 0.223148 0.009375 0.0166667 0.00102616
12 0.994531 0.519907 0.00989583 0.163889 0.00106867
9 0.979688 0.495833 0.0395833 0.126852 0.00108082
13 0.970573 0.524074 0.0578125 0.177778 0.00118667
9 0.548177 0.050463 0.0109375 0.025 0.00118987
9 0.261719 0.0486111 0.0140625 0.0453704 0.00120078
9 0.26224 0.0861111 0.00885417 0.037037 0.00124566
12 0.701823 0.164352 0.0203125 0.0398148 0.00128801
9 0.58099 0.0342593 0.0130208 0.0592593 0.00149291
0 0.641927 0.687963 0.0328125 0.0444444 0.00156269
9 0.995573 0.525463 0.0078125 0.0361111 0.00160574
2 0.409635 0.107407 0.296354 0.0833333 0.00172907
1 0.810938 0.327315 0.01875 0.0898148 0.00175447
0 0.716146 0.371296 0.0260417 0.0277778 0.00175784
2 0.363802 0.0671296 0.0119792 0.0194444 0.00183581
2 0.775521 0.116667 0.0208333 0.0351852 0.00189231
9 0.273438 0.0375 0.0322917 0.0731481 0.0019013
7 0.971354 0.523611 0.05625 0.19537 0.0019743
0 0.623177 0.690278 0.0723958 0.0546296 0.00197773
2 0.647656 0.144444 0.0348958 0.0648148 0.00216885
9 0.259635 0.074537 0.0130208 0.0527778 0.00217968
2 0.277344 0.114815 0.0276042 0.0592593 0.00220643
2 0.570573 0.109722 0.240104 0.0712963 0.00232445
12 0.693229 0.164352 0.00729167 0.0398148 0.00246437
0 0.58099 0.688889 0.0369792 0.0462963 0.00251993
9 0.252344 0.0847222 0.0130208 0.0361111 0.002572
2 0.00859375 0.394907 0.0171875 0.115741 0.002597
11 0.240104 0.0351852 0.021875 0.0666667 0.00265391
0 0.756771 0.0902778 0.0145833 0.0842593 0.00287385
9 0.23776 0.0726852 0.0171875 0.0509259 0.00304353
2 0.779688 0.101852 0.0302083 0.0444444 0.00308752
1 0.00546875 0.391204 0.0109375 0.117593 0.00312014
2 0.479167 0.108333 0.0572917 0.062963 0.00325684
9 0.50026 0.602778 0.0151042 0.0388889 0.00330749
9 0.214323 0.0569444 0.0317708 0.0546296 0.00363531
2 0.267708 0.0990741 0.0114583 0.0574074 0.00373598
11 0.60599 0.0592593 0.00989583 0.0259259 0.00408827
2 0.442708 0.087037 0.0135417 0.0259259 0.00411124
9 0.208073 0.0671296 0.0213542 0.0435185 0.00425211
2 0.446094 0.112037 0.0244792 0.0296296 0.00455558
9 0.43776 0.200926 0.00885417 0.0407407 0.00496748
2 0.285937 0.118981 0.0145833 0.062037 0.00558254
9 0.269271 0.0472222 0.0208333 0.0425926 0.00565555
5 0.220833 0.0643518 0.0489583 0.062037 0.00583521
9 0.573177 0.0310185 0.0151042 0.0601852 0.00618516
7 0.21875 0.0615741 0.046875 0.0694444 0.00623606
9 0.994792 0.489352 0.009375 0.119444 0.00680911
2 0.238281 0.140741 0.0182292 0.0425926 0.00683697
0 0.757552 0.0699074 0.0119792 0.0472222 0.00868763
0 0.995833 0.324074 0.00729167 0.0574074 0.0094762
2 0.271354 0.109259 0.0135417 0.0388889 0.00964232
2 0.635156 0.14537 0.00989583 0.0574074 0.00964721
9 0.220313 0.0888889 0.0104167 0.0166667 0.0106771
9 0.442448 0.0865741 0.0130208 0.025 0.0117319
2 0.592708 0.125926 0.0177083 0.0222222 0.0120704
9 0.269271 0.0231481 0.0208333 0.0407407 0.0124718
9 0.502083 0.756481 0.0114583 0.0592593 0.0137078
11 0.23724 0.0694444 0.0161458 0.0444444 0.0144778
2 0.00390625 0.414815 0.0078125 0.0722222 0.0155566
2 0.785937 0.0898148 0.0166667 0.0240741 0.0160763
2 0.288802 0.108333 0.0296875 0.062963 0.0208059
2 0.307031 0.0925926 0.0255208 0.0425926 0.0308855
2 0.485677 0.107407 0.0151042 0.05 0.0415875
9 0.567448 0.0476852 0.0078125 0.0231481 0.0486562
2 0.463281 0.110185 0.0151042 0.0425926 0.109036
2 0.295573 0.0949074 0.0223958 0.0509259 0.12953
2 0.323177 0.087037 0.0369792 0.0351852 0.266452
2 0.472917 0.109259 0.0322917 0.0444444 0.327335
2 0.627604 0.122685 0.025 0.0527778 0.431022
2 0.505729 0.104167 0.04375 0.062037 0.520349
2 0.31849 0.120833 0.0515625 0.0712963 0.74137
10 0.203906 0.316204 0.0161458 0.0694444 0.751837
11 0.729167 0.0439815 0.0260417 0.0564815 0.767835
2 0.729948 0.418981 0.122396 0.173148 0.901429
2 0.608333 0.745833 0.184375 0.267593 0.924071
