2 0.447135 0.108796 0.0390625 0.0435185 0.00100652
2 0.206771 0.111111 0.0385417 0.0481481 0.00104626
9 0.995313 0.529167 0.00833333 0.0324074 0.00106804
0 0.757812 0.373611 0.01875 0.0342593 0.00112317
13 0.994271 0.518981 0.0104167 0.173148 0.00115259
1 0.0127604 0.395833 0.0255208 0.113889 0.00116702
12 0.701823 0.124074 0.0223958 0.0537037 0.00119572
0 0.816927 0.235185 0.00885417 0.0351852 0.00125357
11 0.236719 0.0675926 0.0171875 0.0444444 0.00129202
13 0.972135 0.518519 0.0546875 0.17963 0.00129562
2 0.236719 0.0648148 0.0161458 0.0388889 0.00137344
2 0.263021 0.101389 0.00833333 0.0527778 0.00137978
9 0.0583333 0.0208333 0.0145833 0.037963 0.0014129
0 0.263802 0.0921296 0.00885417 0.0509259 0.00143229
9 0.548177 0.0527778 0.0109375 0.0222222 0.00149913
2 0.436719 0.110185 0.181771 0.0722222 0.0015042
9 0.580729 0.0351852 0.0125 0.0555556 0.00154772
9 0.415104 0.0106481 0.015625 0.0212963 0.00162254
0 0.73151 0.371296 0.0255208 0.0296296 0.001705
0 0.658594 0.900463 0.0682292 0.0916667 0.00173426
2 0.552083 0.111111 0.3 0.0759259 0.0017838
58 0.968229 0.49213 0.0302083 0.0898148 0.00183188
9 0.458854 0.0652778 0.00833333 0.0287037 0.0018516
2 0.0125 0.397685 0.025 0.110185 0.001904
0 0.285417 0.118056 0.0145833 0.0601852 0.00191294
7 0.992969 0.51713 0.0130208 0.175 0.00194882
11 0.240885 0.0393519 0.0234375 0.0768519 0.00209928
9 0.269792 0.0217593 0.0229167 0.0398148 0.0021139
2 0.256771 0.0865741 0.0208333 0.0416667 0.00212974
0 0.707552 0.371759 0.0213542 0.0305556 0.00215917
1 0.0351562 0.17037 0.0526042 0.05 0.0022042
0 0.755729 0.0699074 0.0125 0.0416667 0.00240048
0 0.716667 0.370833 0.0270833 0.0287037 0.0025052
2 0.530469 0.111111 0.0151042 0.0444444 0.00253253
2 0.279948 0.101852 0.0234375 0.062963 0.00253757
2 0.661719 0.149074 0.0661458 0.062963 0.00298524
2 0.00494792 0.409722 0.00989583 0.0842593 0.00302387
9 0.292708 0.0509259 0.00833333 0.0388889 0.00303009
2 0.21849 0.125463 0.0567708 0.0712963 0.00303222
0 0.754948 0.0865741 0.0161458 0.075 0.00306335
7 0.970573 0.522685 0.0578125 0.197222 0.00327614
1 0.00651042 0.402778 0.0130208 0.0962963 0.00365165
2 0.604948 0.0592593 0.0119792 0.0259259 0.00375623
0 0.573698 0.876389 0.0515625 0.0416667 0.0038696
12 0.700521 0.1625 0.021875 0.0398148 0.00408326
9 0.219792 0.0884259 0.009375 0.012037 0.0042056
9 0.994792 0.493056 0.009375 0.136111 0.00447899
9 0.571875 0.0305556 0.0125 0.0574074 0.0045487
7 0.276563 0.0490741 0.0354167 0.087037 0.00481332
2 0.269792 0.0652778 0.0197917 0.0546296 0.00499984
9 0.5 0.600926 0.0145833 0.0407407 0.00513966
0 0.282292 0.0828704 0.00729167 0.0268519 0.0051415
2 0.23724 0.138426 0.0192708 0.0453704 0.00550376
2 0.776823 0.104167 0.0234375 0.0287037 0.00600632
2 0.447917 0.114815 0.0291667 0.0240741 0.0071656
7 0.224219 0.0546296 0.0588542 0.1 0.00770989
2 0.269271 0.0486111 0.01875 0.0342593 0.00780866
5 0.220573 0.0615741 0.0484375 0.0583333 0.00966472
2 0.442187 0.0842593 0.0125 0.0240741 0.0103511
12 0.692187 0.162037 0.00833333 0.0407407 0.0104095
2 0.288542 0.0796296 0.0125 0.0259259 0.011577
2 0.29349 0.111574 0.0171875 0.0509259 0.0116052
2 0.270312 0.108796 0.0135417 0.037963 0.0124353
7 0.21224 0.0606481 0.0328125 0.0583333 0.0126519
2 0.592448 0.125 0.0171875 0.0259259 0.0129671
9 0.565104 0.0449074 0.0104167 0.0324074 0.0138564
0 0.634635 0.146759 0.00989583 0.0527778 0.017855
2 0.783333 0.0888889 0.015625 0.0185185 0.0192529
9 0.442187 0.0851852 0.0125 0.0240741 0.0205438
2 0.634375 0.144444 0.0114583 0.0537037 0.0267194
9 0.502083 0.759722 0.0135417 0.0564815 0.028556
2 0.467708 0.107407 0.0260417 0.0444444 0.0338208
2 0.290625 0.0717593 0.0125 0.0157407 0.0572874
0 0.653906 0.876389 0.0546875 0.0416667 0.0659317
2 0.46276 0.110648 0.0130208 0.0398148 0.134006
2 0.478906 0.108796 0.0213542 0.0435185 0.326711
2 0.505469 0.102778 0.0432292 0.062963 0.384114
2 0.626823 0.121296 0.0255208 0.0537037 0.398578
2 0.321354 0.0856481 0.0364583 0.0361111 0.41737
7 0.505469 0.102778 0.0432292 0.062963 0.486809
2 0.317708 0.119907 0.0510417 0.0694444 0.759186
11 0.728646 0.0402778 0.0270833 0.0527778 0.774711
10 0.203646 0.313889 0.015625 0.0722222 0.80682
2 0.616927 0.901389 0.277604 0.189815 0.882698
2 0.729427 0.418519 0.123438 0.17037 0.906782
