12 0.7 0.162963 0.0239583 0.0407407 0.00112808
7 0.147396 0.0893519 0.065625 0.0805556 0.00118407
0 0.443229 0.0976852 0.01875 0.0472222 0.00121593
2 0.00520833 0.0921296 0.0104167 0.0472222 0.00121986
2 0.576302 0.127778 0.0494792 0.0333333 0.0012486
2 0.655208 0.139352 0.08125 0.0824074 0.00128145
0 0.716927 0.372222 0.0234375 0.0259259 0.00140329
12 0.692708 0.164352 0.0104167 0.0398148 0.00145076
9 0.252604 0.087037 0.0125 0.0333333 0.00147367
11 0.220052 0.0671296 0.0526042 0.0601852 0.00149187
2 0.40599 0.128704 0.0203125 0.0555556 0.00152763
2 0.778906 0.114352 0.0276042 0.0342593 0.00153793
9 0.592708 0.0412037 0.009375 0.0342593 0.00156022
9 0.548177 0.0513889 0.0109375 0.025 0.00167163
13 0.970052 0.57037 0.0567708 0.0740741 0.00167796
2 0.352083 0.1125 0.0208333 0.0398148 0.00171477
9 0.257812 0.075 0.0114583 0.0481481 0.00171825
0 0.635417 0.150926 0.0125 0.062963 0.00176661
1 0.009375 0.399074 0.01875 0.109259 0.00184349
2 0.402344 0.111574 0.261979 0.0805556 0.00186663
58 0.96849 0.496759 0.0307292 0.0861111 0.0018723
2 0.298438 0.129167 0.021875 0.0601852 0.00191473
7 0.442448 0.0884259 0.0140625 0.0287037 0.00198798
0 0.757031 0.124074 0.0151042 0.0277778 0.00204408
2 0.294531 0.103704 0.0869792 0.0944444 0.00207683
2 0.99375 0.51713 0.0114583 0.173148 0.00211325
2 0.794271 0.102778 0.0583333 0.0666667 0.00214265
9 0.817448 0.237037 0.00885417 0.037037 0.00223492
13 0.970833 0.518981 0.0572917 0.176852 0.00229739
2 0.334375 0.113426 0.0229167 0.0546296 0.00251065
9 0.416146 0.0111111 0.0166667 0.0222222 0.00255714
2 0.583333 0.111111 0.28125 0.0703704 0.00266378
0 0.263021 0.105093 0.009375 0.0527778 0.00273646
0 0.267448 0.1 0.0109375 0.0518519 0.00276389
7 0.970573 0.522222 0.0578125 0.190741 0.00278837
9 0.263281 0.0851852 0.00885417 0.0296296 0.00286141
2 0.363542 0.109259 0.0114583 0.0425926 0.00319422
9 0.76901 0.0486111 0.0203125 0.0953704 0.00341372
13 0.0140625 0.39537 0.028125 0.111111 0.00349491
13 0.00442708 0.405556 0.00885417 0.0907407 0.00413126
9 0.992969 0.49213 0.0130208 0.121296 0.00416717
2 0.645833 0.151389 0.0291667 0.0638889 0.00418236
11 0.2375 0.0675926 0.015625 0.0425926 0.00434427
2 0.479688 0.110185 0.0552083 0.062963 0.00466279
12 0.99349 0.494444 0.0119792 0.127778 0.00561707
7 0.473437 0.100926 0.0385417 0.0592593 0.00562168
2 0.785937 0.0898148 0.015625 0.0222222 0.00581654
0 0.995573 0.327315 0.0078125 0.0527778 0.00590508
9 0.50026 0.605556 0.0151042 0.0425926 0.0061261
7 0.482292 0.0810185 0.034375 0.0287037 0.00773378
0 0.36224 0.0763889 0.00989583 0.0342593 0.00775558
9 0.582552 0.0393519 0.0119792 0.0527778 0.00901206
2 0.36875 0.107407 0.0114583 0.0462963 0.00965244
9 0.758073 0.0731481 0.00989583 0.0388889 0.010065
2 0.363281 0.0685185 0.0119792 0.0222222 0.0117476
9 0.572396 0.0314815 0.0135417 0.0592593 0.0121643
2 0.238281 0.140741 0.0182292 0.0407407 0.0123209
2 0.489323 0.10787 0.0140625 0.0490741 0.0132858
2 0.271354 0.110185 0.0135417 0.037037 0.0133045
2 0.286979 0.1125 0.0166667 0.075 0.0134342
2 0.635156 0.144444 0.0109375 0.0518519 0.0134659
9 0.209635 0.0657407 0.0265625 0.0481481 0.015673
11 0.60599 0.0606481 0.00989583 0.025 0.0163823
7 0.219792 0.0666667 0.0510417 0.062963 0.0169224
2 0.48151 0.0703704 0.0296875 0.0222222 0.0173112
5 0.218229 0.0652778 0.0479167 0.0601852 0.0185829
0 0.36901 0.110185 0.00885417 0.0444444 0.0215431
7 0.483333 0.0717593 0.0333333 0.025 0.0258112
2 0.592448 0.128241 0.0171875 0.0212963 0.0270239
9 0.442708 0.0884259 0.0125 0.0268519 0.0290968
9 0.26875 0.0347222 0.021875 0.0675926 0.036923
9 0.502344 0.759722 0.0130208 0.0546296 0.0403032
7 0.297135 0.108333 0.0369792 0.0814815 0.0566927
2 0.298438 0.108796 0.0354167 0.0805556 0.0786241
2 0.4625 0.113426 0.0135417 0.0361111 0.0898461
9 0.567187 0.0476852 0.00833333 0.0231481 0.112264
2 0.471875 0.109722 0.03125 0.0435185 0.233298
2 0.322135 0.0856481 0.0369792 0.0361111 0.330666
7 0.50599 0.103704 0.0421875 0.062963 0.445029
2 0.627865 0.122222 0.0255208 0.0518519 0.453907
2 0.31849 0.121296 0.0505208 0.0722222 0.719002
10 0.204167 0.315741 0.015625 0.0722222 0.7954
11 0.729167 0.0430556 0.0270833 0.0564815 0.80036
2 0.390365 0.125 0.0494792 0.0833333 0.817178
2 0.729688 0.419444 0.122917 0.17037 0.907412
2 0.746354 0.191204 0.128125 0.110185 0.907838
