12 0.684375 0.171759 0.0208333 0.037963 0.00101759
0 0.709115 0.374074 0.0182292 0.0277778 0.00102237
2 0.0125 0.392593 0.025 0.124074 0.00103423
2 0.63776 0.125 0.0473958 0.0611111 0.00104679
2 0.21849 0.131944 0.0598958 0.0583333 0.00104868
2 0.984896 0.584722 0.0291667 0.075 0.00106699
1 0.00755208 0.136111 0.0151042 0.0518519 0.00107733
2 0.679167 0.114352 0.129167 0.0805556 0.00114463
0 0.245833 0.104167 0.009375 0.0324074 0.00115472
2 0.776823 0.0967593 0.0234375 0.0398148 0.00116274
0 0.389323 0.162037 0.0234375 0.0277778 0.00122024
2 0.815625 0.0685185 0.0145833 0.012963 0.00126017
9 0.588802 0.0398148 0.0140625 0.0481481 0.00126801
32 0.454427 0.314815 0.0078125 0.0148148 0.00129535
1 0.0127604 0.366204 0.0255208 0.0564815 0.00130238
2 0.53151 0.1125 0.0140625 0.0416667 0.00131633
2 0.655469 0.138426 0.0838542 0.0842593 0.0013186
9 0.107813 0.0259259 0.0114583 0.0351852 0.00131984
0 0.752344 0.0949074 0.0265625 0.087963 0.00134798
2 0.781771 0.166204 0.0572917 0.0638889 0.00135996
9 0.263281 0.0898148 0.00885417 0.0407407 0.00136101
9 0.817448 0.235185 0.0078125 0.037037 0.00137177
58 0.920833 0.183796 0.158333 0.367593 0.00139734
2 0.447135 0.111111 0.0401042 0.0407407 0.00140193
7 0.220313 0.0884259 0.0541667 0.119444 0.00140867
2 0.536979 0.111574 0.0104167 0.0453704 0.00140928
9 0.559635 0.0273148 0.0223958 0.0509259 0.00143607
0 0.716406 0.371759 0.0223958 0.0268519 0.00148929
2 0.972917 0.524537 0.053125 0.184259 0.00152267
2 0.355469 0.103241 0.0296875 0.0583333 0.00152718
2 0.817448 0.235185 0.0078125 0.037037 0.00155223
9 0.294531 0.0527778 0.00989583 0.037037 0.00174284
9 0.429167 0.0476852 0.009375 0.0305556 0.00177617
9 0.548437 0.0523148 0.0114583 0.0268519 0.00181281
2 0.297396 0.100463 0.0822917 0.0990741 0.00185324
0 0.263281 0.10463 0.00885417 0.05 0.00198654
2 0.442708 0.0861111 0.0145833 0.0259259 0.00202385
2 0.779427 0.113889 0.0286458 0.037037 0.00207356
12 0.70026 0.162963 0.0213542 0.0425926 0.00207769
2 0.79401 0.0842593 0.0442708 0.0333333 0.00211645
2 0.641927 0.151852 0.0223958 0.062963 0.00217989
13 0.99375 0.521296 0.0114583 0.175926 0.00227078
2 0.790104 0.102315 0.05 0.0601852 0.00231364
2 0.832031 0.2125 0.0359375 0.0824074 0.00237099
58 0.96875 0.493981 0.0302083 0.0898148 0.00246761
2 0.407031 0.108333 0.261979 0.0796296 0.00263645
2 0.00546875 0.0976852 0.0109375 0.0564815 0.00276112
2 0.813281 0.075463 0.0192708 0.0212963 0.00278199
12 0.994531 0.497222 0.00989583 0.138889 0.00315667
0 0.995573 0.325926 0.0078125 0.0592593 0.00345517
7 0.991406 0.519907 0.0161458 0.175 0.0034702
9 0.99349 0.49537 0.0119792 0.12963 0.00354774
13 0.0143229 0.390741 0.0286458 0.12037 0.00362894
2 0.594531 0.109722 0.320312 0.0694444 0.00386716
1 0.0419271 0.163889 0.0359375 0.062963 0.00395688
0 0.268229 0.0990741 0.0125 0.0574074 0.00402033
1 0.00546875 0.387963 0.0109375 0.124074 0.00445764
9 0.209635 0.0680556 0.0265625 0.0453704 0.00454588
9 0.576823 0.0319444 0.0151042 0.062037 0.00459322
0 0.746875 0.117593 0.0145833 0.0407407 0.00534683
2 0.605469 0.0597222 0.0109375 0.025 0.0054407
2 0.478906 0.108796 0.0598958 0.062037 0.00610874
0 0.755208 0.0814815 0.0145833 0.0592593 0.00631846
2 0.238802 0.138889 0.0192708 0.0444444 0.00722065
9 0.570312 0.0314815 0.0145833 0.0592593 0.00787472
2 0.00416667 0.409722 0.00833333 0.0842593 0.00803836
13 0.970312 0.531018 0.0583333 0.19537 0.00838439
2 0.447396 0.117593 0.028125 0.0240741 0.00858769
12 0.692969 0.164815 0.0109375 0.0407407 0.0103727
2 0.592188 0.125 0.01875 0.0240741 0.0105205
58 0.442187 0.087037 0.0135417 0.0259259 0.0109867
11 0.23724 0.0662037 0.0161458 0.037963 0.0113337
5 0.220573 0.0625 0.0494792 0.0601852 0.0116184
1 0.0296875 0.153704 0.059375 0.0851852 0.0116412
7 0.970312 0.526852 0.0583333 0.203704 0.014362
7 0.275521 0.05 0.0375 0.0981481 0.0146798
7 0.215365 0.0625 0.0411458 0.062037 0.0149948
0 0.635156 0.149537 0.00885417 0.0546296 0.0154621
2 0.634896 0.147222 0.0104167 0.0555556 0.0201016
2 0.271875 0.110185 0.015625 0.0388889 0.0205411
9 0.26875 0.0351852 0.021875 0.0648148 0.02156
2 0.786198 0.0884259 0.0161458 0.0268519 0.0218788
0 0.757031 0.122685 0.0140625 0.0287037 0.0298305
9 0.567187 0.0481481 0.00833333 0.0240741 0.045303
2 0.291667 0.109722 0.0270833 0.0768519 0.105466
2 0.467187 0.109722 0.021875 0.0435185 0.212334
2 0.320833 0.0875 0.0395833 0.0342593 0.219248
2 0.480469 0.109259 0.0213542 0.0444444 0.281228
2 0.627083 0.119907 0.025 0.0490741 0.380345
7 0.505729 0.103704 0.0427083 0.0648148 0.410157
2 0.505729 0.103241 0.0427083 0.0638889 0.449374
7 0.340104 0.0546296 0.0552083 0.0407407 0.481756
10 0.204167 0.315278 0.015625 0.0712963 0.679904
2 0.31849 0.12037 0.0515625 0.0722222 0.727117
11 0.728906 0.0425926 0.0276042 0.0574074 0.811098
2 0.390885 0.111111 0.0473958 0.0666667 0.82598
2 0.382552 0.19537 0.0671875 0.0981481 0.8886
2 0.729688 0.419907 0.122917 0.171296 0.906888
2 0.745833 0.190278 0.128125 0.112037 0.913878
