11 0.241146 0.0375 0.0239583 0.0712963 0.00101003
9 0.547917 0.0523148 0.0104167 0.0231481 0.00101949
12 0.985677 0.503241 0.0276042 0.147222 0.00103251
2 0.77526 0.111574 0.0203125 0.0305556 0.00107881
2 0.457292 0.0814815 0.0177083 0.0277778 0.00109564
7 0.220313 0.087037 0.0572917 0.124074 0.00110723
2 0.561458 0.116204 0.173958 0.0842593 0.00114943
12 0.701302 0.1625 0.0203125 0.037963 0.00125294
0 0.186979 0.110185 0.00729167 0.0462963 0.00125417
12 0.69349 0.162037 0.00677083 0.0407407 0.00127693
2 0.291667 0.106481 0.0958333 0.0962963 0.00129355
9 0.361979 0.0689815 0.00833333 0.025 0.00131766
2 0.651563 0.148611 0.0479167 0.062037 0.00135384
0 0.458333 0.0648148 0.009375 0.0277778 0.00138669
2 0.403125 0.113889 0.230208 0.0962963 0.00141163
2 0.263542 0.0990741 0.00833333 0.0574074 0.00151755
9 0.583333 0.037963 0.0125 0.0481481 0.00151884
2 0.238542 0.135648 0.0197917 0.0472222 0.00160596
9 0.573698 0.0300926 0.0151042 0.0564815 0.00176087
9 0.414844 0.00925926 0.0151042 0.0185185 0.00181344
32 0.459896 0.356019 0.0104167 0.0138889 0.00203472
7 0.786979 0.062963 0.0239583 0.0592593 0.00203915
2 0.236719 0.0685185 0.0171875 0.0462963 0.00209566
0 0.730208 0.370833 0.0322917 0.0305556 0.00210093
0 0.757552 0.373148 0.0192708 0.0333333 0.00216378
32 0.46901 0.409259 0.0109375 0.0222222 0.00220024
0 0.263802 0.0939815 0.00885417 0.0546296 0.00228629
9 0.26901 0.0185185 0.0213542 0.0314815 0.00270814
2 0.257031 0.087037 0.0203125 0.0462963 0.00279177
13 0.96276 0.552315 0.0411458 0.0453704 0.00302749
2 0.455729 0.0990741 0.021875 0.0333333 0.00326709
13 0.970573 0.566204 0.0567708 0.0824074 0.00350041
0 0.00625 0.266667 0.0125 0.0462963 0.00350766
7 0.277604 0.0467593 0.0364583 0.0453704 0.00353426
9 0.292708 0.0527778 0.00833333 0.037037 0.00381352
1 0.021875 0.165278 0.04375 0.0657407 0.00432461
3 0.00442708 0.387037 0.00885417 0.153704 0.00432584
13 0.992708 0.517593 0.0135417 0.174074 0.00433381
13 0.983073 0.516667 0.0328125 0.177778 0.00443047
58 0.967708 0.49537 0.0291667 0.0851852 0.00477098
0 0.755729 0.0902778 0.0135417 0.0805556 0.0048533
12 0.994271 0.498611 0.0104167 0.143519 0.00495275
0 0.710417 0.372685 0.0197917 0.0268519 0.00577675
7 0.276042 0.0587963 0.0395833 0.106481 0.00636913
32 0.453906 0.313889 0.0078125 0.012963 0.00640826
9 0.442448 0.087037 0.0140625 0.0277778 0.00690442
10 0.00390625 0.473611 0.0078125 0.189815 0.00709054
2 0.269531 0.0657407 0.0203125 0.0537037 0.00711203
9 0.991667 0.515741 0.015625 0.174074 0.00719695
2 0.60625 0.0592593 0.009375 0.0277778 0.00814381
1 0.0442708 0.156944 0.0885417 0.087963 0.0081798
2 0.474479 0.102778 0.053125 0.0388889 0.00841397
9 0.502083 0.758796 0.0135417 0.0564815 0.00929682
9 0.566927 0.0467593 0.0078125 0.0231481 0.00977858
9 0.49974 0.602315 0.0151042 0.0435185 0.0105678
0 0.283854 0.0842593 0.009375 0.0314815 0.0112673
2 0.269271 0.0486111 0.0197917 0.0324074 0.0119356
2 0.270052 0.107407 0.0130208 0.0407407 0.011972
2 0.28724 0.0791667 0.0182292 0.0342593 0.0146074
0 0.288281 0.10787 0.0203125 0.0805556 0.0160746
2 0.442708 0.0875 0.015625 0.0268519 0.0161379
2 0.784896 0.0884259 0.0135417 0.0194444 0.0174056
2 0.289583 0.103704 0.0208333 0.0796296 0.0239775
2 0.00390625 0.40463 0.0078125 0.0925926 0.026041
2 0.291146 0.0708333 0.0125 0.0157407 0.0273381
5 0.220052 0.062037 0.0494792 0.0574074 0.0309588
7 0.219271 0.0625 0.0489583 0.0583333 0.0373321
2 0.634115 0.146296 0.0119792 0.0555556 0.0377408
0 0.634375 0.146759 0.0104167 0.0527778 0.0387502
2 0.442708 0.112963 0.0177083 0.0203704 0.0965613
2 0.627083 0.119907 0.0260417 0.0509259 0.409385
2 0.321354 0.0847222 0.0395833 0.0342593 0.458613
2 0.509115 0.103241 0.0359375 0.062037 0.622352
7 0.475 0.133796 0.0625 0.100926 0.666864
10 0.203906 0.314815 0.0161458 0.0703704 0.749803
11 0.728646 0.0407407 0.0270833 0.0537037 0.781959
2 0.318229 0.119907 0.0510417 0.0694444 0.784492
2 0.729427 0.418056 0.123438 0.171296 0.909633
2 0.0648438 0.30787 0.129688 0.200926 0.913467
