0 0.739323 0.37037 0.0276042 0.0314815 0.00109088
1 0.810417 0.330556 0.0197917 0.087037 0.00114296
2 0.219271 0.126852 0.0583333 0.0722222 0.00116747
7 0.970312 0.525463 0.0583333 0.199074 0.00124643
12 0.702344 0.163426 0.0223958 0.0398148 0.00128753
13 0.985417 0.519907 0.028125 0.178704 0.00129532
9 0.458594 0.0657407 0.0078125 0.0296296 0.00134194
11 0.222135 0.0675926 0.0484375 0.0555556 0.00139746
9 0.995052 0.531944 0.00885417 0.0398148 0.00142448
12 0.690625 0.166667 0.0114583 0.0351852 0.00144572
0 0.75651 0.131481 0.0109375 0.0425926 0.00152408
9 0.989323 0.518981 0.0203125 0.178704 0.00153384
58 0.96875 0.49537 0.03125 0.0888889 0.00158053
2 0.296875 0.129167 0.0229167 0.0601852 0.00160866
7 0.986979 0.524537 0.025 0.197222 0.00172242
7 0.149219 0.0893519 0.0703125 0.0787037 0.00175908
2 0.792448 0.087963 0.0359375 0.0351852 0.0017732
9 0.236198 0.0643518 0.0182292 0.037963 0.00177652
9 0.588542 0.0402778 0.0145833 0.0453704 0.00179365
9 0.502344 0.761111 0.0119792 0.0518519 0.00185468
13 0.0132813 0.366204 0.0265625 0.0435185 0.00187872
2 0.772135 0.113889 0.0140625 0.0296296 0.0018788
12 0.69401 0.164352 0.00677083 0.0361111 0.00195755
2 0.661198 0.15 0.0619792 0.062963 0.0021006
12 0.994271 0.519444 0.0104167 0.17037 0.00210619
9 0.263021 0.0273148 0.0166667 0.0490741 0.00212469
2 0.81276 0.0763889 0.0192708 0.0194444 0.00216026
0 0.26276 0.106019 0.00885417 0.0472222 0.00230685
9 0.260938 0.0467593 0.0135417 0.0527778 0.00231979
2 0.540625 0.109259 0.254167 0.0703704 0.00233208
7 0.220573 0.0583333 0.0515625 0.0759259 0.00247928
2 0.363542 0.0689815 0.0114583 0.0212963 0.00261442
2 0.404427 0.110648 0.242188 0.0694444 0.002922
0 0.75625 0.374074 0.0208333 0.0296296 0.0029252
9 0.272917 0.0393519 0.0302083 0.0768519 0.00293397
9 0.415885 0.00972222 0.0161458 0.0194444 0.00293738
9 0.580469 0.0337963 0.0151042 0.0583333 0.00295264
2 0.442969 0.0884259 0.0140625 0.0305556 0.00298384
12 0.702865 0.136574 0.0234375 0.0805556 0.00299338
0 0.995313 0.331019 0.00833333 0.0527778 0.00324079
9 0.109896 0.0277778 0.0125 0.0351852 0.00333103
1 0.00989583 0.389815 0.0197917 0.112963 0.00412053
2 0.291146 0.074537 0.015625 0.0194444 0.00419917
0 0.715625 0.372685 0.025 0.0268519 0.0042824
9 0.257812 0.0740741 0.0104167 0.0444444 0.00435053
2 0.301823 0.0842593 0.0369792 0.0388889 0.00451859
9 0.570573 0.0314815 0.0119792 0.0574074 0.00462432
9 0.252865 0.0861111 0.0130208 0.0333333 0.00463933
0 0.442708 0.0981481 0.0177083 0.05 0.0046694
2 0.780208 0.103241 0.0302083 0.0527778 0.00488195
11 0.236979 0.0680556 0.0177083 0.0416667 0.00520726
32 0.454427 0.316204 0.0078125 0.0157407 0.00545889
9 0.99401 0.499537 0.0109375 0.136111 0.00578365
9 0.267188 0.0986111 0.0104167 0.0509259 0.00582752
58 0.442969 0.087963 0.0140625 0.0296296 0.00600602
9 0.583594 0.0444444 0.0109375 0.037037 0.00603037
9 0.36224 0.0699074 0.00989583 0.0231481 0.00676437
13 0.00442708 0.410185 0.00885417 0.087037 0.00734001
9 0.270573 0.0564815 0.0182292 0.0351852 0.00738075
0 0.757292 0.0856481 0.0135417 0.0638889 0.00849177
5 0.220833 0.0657407 0.05 0.0537037 0.00869819
13 0.0143229 0.396759 0.0286458 0.112037 0.0091613
2 0.606771 0.0601852 0.0104167 0.0240741 0.0111686
9 0.26276 0.0861111 0.0078125 0.0314815 0.0131048
9 0.21849 0.0564815 0.0223958 0.0444444 0.0142336
2 0.238802 0.138889 0.0203125 0.0481481 0.016272
9 0.269792 0.0222222 0.0197917 0.0388889 0.0209144
2 0.272396 0.110185 0.0145833 0.0388889 0.0267854
2 0.488542 0.108796 0.0125 0.0472222 0.0271897
2 0.785417 0.0902778 0.015625 0.025 0.0325392
9 0.207292 0.0657407 0.01875 0.0407407 0.0390896
2 0.635417 0.146296 0.0114583 0.0518519 0.0411188
0 0.635677 0.148148 0.00989583 0.0481481 0.0506399
2 0.304427 0.110185 0.0494792 0.0851852 0.0711176
9 0.567448 0.0481481 0.00885417 0.0222222 0.0851403
2 0.46224 0.115278 0.0130208 0.0342593 0.103138
7 0.29974 0.106944 0.0421875 0.0824074 0.10498
2 0.480729 0.108796 0.025 0.0453704 0.145077
2 0.470573 0.112037 0.0286458 0.0407407 0.201038
9 0.320833 0.0472222 0.00833333 0.0296296 0.225096
2 0.321615 0.0884259 0.0369792 0.037963 0.320447
2 0.627865 0.121759 0.0255208 0.0509259 0.347423
2 0.507031 0.105093 0.0411458 0.062037 0.567763
2 0.31875 0.121296 0.05 0.0722222 0.692176
11 0.729167 0.0430556 0.0270833 0.0546296 0.751212
10 0.203906 0.315741 0.0161458 0.0703704 0.772829
2 0.511458 0.194444 0.08125 0.112963 0.903159
2 0.729948 0.42037 0.122396 0.17037 0.914828
