0 0.757552 0.125926 0.0109375 0.0388889 0.00103796
2 0.574479 0.128241 0.053125 0.0342593 0.00104589
9 0.258594 0.0763889 0.0130208 0.0490741 0.0010652
9 0.548437 0.0527778 0.0114583 0.0240741 0.0010894
0 0.757031 0.0861111 0.0130208 0.0722222 0.00112852
32 0.454427 0.314352 0.0078125 0.0138889 0.0012075
13 0.986198 0.521759 0.0265625 0.178704 0.00126758
9 0.261719 0.0472222 0.0151042 0.0481481 0.00129053
11 0.231771 0.0648148 0.0291667 0.0481481 0.00130727
13 0.993229 0.518981 0.0125 0.165741 0.00131153
2 0.219531 0.137963 0.0567708 0.0462963 0.00135926
0 0.816667 0.235648 0.00833333 0.037963 0.00136139
2 0.295573 0.108796 0.0838542 0.0898148 0.00136896
2 0.053125 0.148148 0.0677083 0.0592593 0.0014103
2 0.295312 0.135648 0.015625 0.0472222 0.00141952
9 0.429167 0.0435185 0.00833333 0.0259259 0.00146792
9 0.415365 0.0101852 0.0151042 0.0203704 0.00147178
9 0.5625 0.05 0.0177083 0.0240741 0.00148128
2 0.649479 0.149537 0.0375 0.0564815 0.00163771
9 0.23724 0.0685185 0.0161458 0.0444444 0.00174259
2 0.00416667 0.405556 0.00833333 0.0907407 0.0018471
9 0.271615 0.0421296 0.0296875 0.0805556 0.00190549
2 0.547135 0.109259 0.268229 0.0722222 0.00193739
13 0.970312 0.530556 0.0583333 0.17963 0.00196529
2 0.536458 0.108796 0.0104167 0.0490741 0.00204625
9 0.252865 0.0865741 0.0151042 0.0342593 0.00204845
12 0.701823 0.164815 0.0192708 0.037037 0.00210152
0 0.716667 0.372685 0.0239583 0.025 0.00218794
1 0.00546875 0.369907 0.0109375 0.0657407 0.00218962
13 0.0125 0.373611 0.025 0.0731481 0.00224854
12 0.975781 0.498148 0.0421875 0.127778 0.0022772
9 0.503125 0.758333 0.015625 0.0592593 0.00232411
12 0.693229 0.163889 0.00729167 0.0407407 0.0023457
9 0.29349 0.0569444 0.00989583 0.0416667 0.00238035
9 0.116146 0.0226852 0.0145833 0.0361111 0.00245712
2 0.77474 0.124074 0.0192708 0.0462963 0.00248497
9 0.758333 0.0703704 0.0104167 0.0407407 0.00250878
2 0.423958 0.109259 0.191667 0.062963 0.00256091
7 0.970573 0.525926 0.0578125 0.201852 0.00257693
0 0.53151 0.112037 0.0140625 0.0425926 0.0027466
2 0.363281 0.0675926 0.0130208 0.0240741 0.00306159
9 0.994792 0.49213 0.009375 0.128704 0.00319206
2 0.445052 0.116204 0.0223958 0.0231481 0.00323384
13 0.00390625 0.398611 0.0078125 0.10463 0.00324585
5 0.213542 0.0611111 0.0333333 0.0592593 0.00330733
7 0.213281 0.062037 0.0359375 0.0611111 0.00343307
9 0.266667 0.0967593 0.0104167 0.0509259 0.00354344
9 0.210156 0.0652778 0.0255208 0.0490741 0.0043371
9 0.26276 0.087037 0.0078125 0.0351852 0.00437381
9 0.458594 0.0652778 0.0078125 0.0287037 0.00438551
9 0.584375 0.0412037 0.0125 0.0490741 0.00519231
9 0.269271 0.050463 0.0208333 0.037963 0.00562239
2 0.238281 0.139815 0.0182292 0.0425926 0.0058936
9 0.292188 0.0703704 0.0114583 0.0166667 0.00687541
9 0.216146 0.0537037 0.0270833 0.0462963 0.00699823
2 0.271354 0.110648 0.0145833 0.0361111 0.00735174
12 0.995052 0.49213 0.00885417 0.128704 0.0074912
9 0.573177 0.0314815 0.0151042 0.0592593 0.00801195
9 0.442708 0.0861111 0.0135417 0.0259259 0.00931301
2 0.442708 0.0861111 0.0135417 0.0259259 0.0115591
2 0.786198 0.0893519 0.0151042 0.0231481 0.012722
9 0.26901 0.024537 0.0213542 0.0453704 0.0133678
11 0.23724 0.0666667 0.0161458 0.0388889 0.01597
2 0.605729 0.0597222 0.009375 0.025 0.0164363
9 0.220573 0.0888889 0.00989583 0.0148148 0.0165834
2 0.592448 0.127778 0.0171875 0.0203704 0.0189719
2 0.635156 0.148611 0.0109375 0.0546296 0.02058
2 0.460677 0.113889 0.0109375 0.0333333 0.0249227
2 0.489323 0.108333 0.0119792 0.0481481 0.0251847
0 0.635417 0.15 0.009375 0.05 0.0259388
2 0.291146 0.115278 0.0239583 0.0694444 0.0294115
9 0.566667 0.0481481 0.00833333 0.0240741 0.0659374
7 0.298177 0.107407 0.0359375 0.0814815 0.0742613
2 0.465625 0.111574 0.01875 0.0398148 0.159628
2 0.480469 0.110185 0.0182292 0.0425926 0.170532
2 0.321875 0.087037 0.0385417 0.0351852 0.198596
2 0.627344 0.122685 0.0255208 0.0527778 0.349972
7 0.50651 0.103704 0.0421875 0.062963 0.383826
2 0.50625 0.103704 0.0416667 0.062963 0.473538
2 0.31849 0.122222 0.0505208 0.0703704 0.675604
2 0.357292 0.111111 0.0302083 0.0425926 0.759731
10 0.203906 0.316204 0.0161458 0.0712963 0.765832
11 0.729167 0.0435185 0.0270833 0.0574074 0.779086
2 0.503125 0.200463 0.0708333 0.0990741 0.865452
2 0.729948 0.418981 0.122396 0.171296 0.881868
