46 0.482031 0.490741 0.0130208 0.0277778 0.00100463
13 0.970833 0.545833 0.0572917 0.132407 0.00101985
2 0.48776 0.175 0.442187 0.218519 0.00102148
2 0.745052 0.143056 0.0234375 0.0361111 0.00103842
0 0.736458 0.371296 0.0333333 0.0333333 0.00104004
5 0.220313 0.0712963 0.0510417 0.0537037 0.00105793
13 0.985937 0.520833 0.0270833 0.176852 0.00107656
2 0.739844 0.448611 0.513021 0.219444 0.00108196
2 0.21849 0.131019 0.0609375 0.0638889 0.00116599
2 0.655208 0.139815 0.0791667 0.0833333 0.00118936
0 0.559896 0.175463 0.434375 0.206481 0.00119999
9 0.547656 0.0592593 0.00989583 0.0240741 0.00122745
9 0.484375 0.0222222 0.009375 0.0240741 0.0013558
0 0.43724 0.406019 0.676562 0.721296 0.00135904
9 0.56276 0.05 0.0182292 0.0259259 0.00136594
9 0.260156 0.0523148 0.0119792 0.0398148 0.00137158
2 0.813542 0.074537 0.0145833 0.0194444 0.0014519
0 0.26276 0.105556 0.00885417 0.0481481 0.00145751
9 0.415625 0.0101852 0.015625 0.0203704 0.00146451
2 0.242188 0.106944 0.0135417 0.0342593 0.00154592
0 0.75651 0.374074 0.0203125 0.0314815 0.00161281
2 0.698438 0.544444 0.595833 0.372222 0.00172062
1 0.0127604 0.368056 0.0255208 0.0564815 0.00173297
0 0.554167 0.255556 0.527083 0.385185 0.00179548
12 0.994271 0.518981 0.0104167 0.169444 0.00183872
9 0.273438 0.0523148 0.0197917 0.037963 0.00189981
2 0.363802 0.0694444 0.0119792 0.0222222 0.0019857
2 0.771875 0.115278 0.0145833 0.0305556 0.0020582
9 0.23776 0.0717593 0.0151042 0.0453704 0.0020897
1 0.00911458 0.402778 0.0182292 0.107407 0.00211686
0 0.61276 0.544907 0.0494792 0.0472222 0.00211844
12 0.702083 0.151389 0.021875 0.0583333 0.00216574
12 0.69375 0.162963 0.00625 0.0388889 0.00223719
9 0.271354 0.0388889 0.0291667 0.0777778 0.0022536
7 0.970833 0.523611 0.0572917 0.189815 0.00237487
2 0.571615 0.109722 0.246354 0.0657407 0.00242948
11 0.240365 0.0365741 0.0223958 0.0694444 0.00259629
2 0.59401 0.122222 0.0151042 0.0296296 0.00260045
0 0.553125 0.540741 0.04375 0.0518519 0.00260298
0 0.995833 0.325463 0.00729167 0.0527778 0.0026155
7 0.990104 0.52037 0.01875 0.183333 0.00283811
2 0.403646 0.110185 0.263542 0.0759259 0.00307207
1 0.00364583 0.409722 0.00729167 0.087963 0.00346141
1 0.00520833 0.373148 0.0104167 0.0759259 0.00361356
0 0.361719 0.0703704 0.00885417 0.0222222 0.00364957
9 0.258854 0.0736111 0.0114583 0.0472222 0.00466664
2 0.647656 0.149074 0.0380208 0.0574074 0.00505952
0 0.442969 0.0875 0.0140625 0.0287037 0.00539954
9 0.584115 0.0393519 0.0130208 0.0490741 0.00543212
0 0.44349 0.0981481 0.0182292 0.05 0.00556291
9 0.2625 0.087037 0.00729167 0.037037 0.0060329
2 0.635156 0.151852 0.0130208 0.0611111 0.00631055
2 0.782031 0.101852 0.0359375 0.0481481 0.0065695
9 0.26849 0.0587963 0.0151042 0.0287037 0.0067505
11 0.2375 0.0689815 0.0166667 0.0435185 0.00710812
9 0.221354 0.087963 0.0104167 0.012963 0.00731013
2 0.239063 0.140278 0.0197917 0.0435185 0.00742978
0 0.715885 0.372222 0.0255208 0.0277778 0.00904999
9 0.253125 0.0861111 0.0125 0.037037 0.00936127
9 0.567708 0.0328704 0.0125 0.0546296 0.00945158
9 0.269271 0.025 0.021875 0.0462963 0.0102432
2 0.334635 0.0884259 0.0213542 0.0324074 0.0140951
9 0.99349 0.509259 0.0119792 0.151852 0.0144571
11 0.60651 0.0611111 0.00989583 0.0240741 0.0153092
0 0.757031 0.0902778 0.0140625 0.0787037 0.0153214
10 0.443229 0.087963 0.0125 0.0296296 0.0231031
2 0.786979 0.0893519 0.0177083 0.0231481 0.0247486
2 0.271615 0.110185 0.0130208 0.037037 0.024902
9 0.207031 0.0680556 0.0203125 0.0435185 0.0273177
2 0.463021 0.112037 0.015625 0.0407407 0.0602752
0 0.635417 0.148148 0.0104167 0.05 0.0842846
2 0.298958 0.106481 0.0364583 0.0796296 0.126416
7 0.298177 0.106019 0.0380208 0.0787037 0.134363
9 0.567187 0.0481481 0.009375 0.0240741 0.156797
2 0.321875 0.0884259 0.0385417 0.0361111 0.271369
2 0.627604 0.121759 0.0260417 0.0509259 0.398005
2 0.50625 0.105093 0.0427083 0.062037 0.528377
2 0.473177 0.110185 0.0338542 0.0444444 0.539722
2 0.31849 0.121296 0.0505208 0.0703704 0.726877
10 0.203906 0.316667 0.0171875 0.0703704 0.740558
11 0.729427 0.0430556 0.0265625 0.0546296 0.790037
2 0.388281 0.235185 0.0828125 0.105556 0.876391
2 0.730208 0.419444 0.122917 0.17037 0.920597
2 0.577083 0.595833 0.171875 0.262037 0.923153
