0 0.817708 0.236574 0.00729167 0.0342593 0.00101075
2 0.415885 0.0277778 0.0161458 0.0166667 0.00102594
58 0.967969 0.498148 0.0286458 0.0796296 0.00102823
2 0.816667 0.0708333 0.0125 0.0157407 0.00103499
0 0.0804688 0.160648 0.0109375 0.0398148 0.00109151
2 0.58125 0.422222 0.610417 0.177778 0.00110219
2 0.80625 0.0731481 0.0177083 0.0185185 0.00113167
7 0.990104 0.519907 0.01875 0.186111 0.00116619
9 0.589063 0.0430556 0.0145833 0.037963 0.00117726
9 0.995313 0.529167 0.00833333 0.0361111 0.00117966
2 0.817969 0.236111 0.0078125 0.0351852 0.00118156
9 0.260938 0.0532407 0.0125 0.037963 0.00120898
2 0.244531 0.105556 0.00989583 0.0351852 0.00123055
13 0.961719 0.555093 0.0390625 0.0416667 0.00144979
32 0.460156 0.358333 0.0109375 0.0148148 0.00147578
2 0.815365 0.0861111 0.0140625 0.0296296 0.00148379
2 0.99401 0.52037 0.0109375 0.162963 0.00153024
58 0.919531 0.182407 0.160938 0.361111 0.00154017
9 0.115625 0.0240741 0.015625 0.0425926 0.00159748
12 0.702604 0.164815 0.021875 0.037037 0.00166909
2 0.41849 0.101852 0.161979 0.0796296 0.00174054
9 0.29349 0.0560185 0.0109375 0.0416667 0.00174762
9 0.56224 0.05 0.0182292 0.0240741 0.00180872
1 0.009375 0.15787 0.01875 0.0416667 0.00183043
12 0.693229 0.163889 0.00729167 0.0388889 0.00191861
9 0.579687 0.0324074 0.0145833 0.0537037 0.00192015
2 0.288802 0.0875 0.0213542 0.0546296 0.00207113
2 0.442969 0.087963 0.0151042 0.0277778 0.00212181
0 0.263021 0.101389 0.00833333 0.0564815 0.0022062
14 0.482031 0.491204 0.0130208 0.0287037 0.00225835
9 0.584115 0.0412037 0.0130208 0.0435185 0.00231132
9 0.569792 0.0314815 0.0125 0.0574074 0.00234862
9 0.258333 0.0740741 0.0114583 0.05 0.00245875
2 0.444531 0.10463 0.0203125 0.0444444 0.00246141
2 0.772917 0.114815 0.015625 0.0333333 0.00256489
9 0.2375 0.0680556 0.0166667 0.0416667 0.00262269
1 0.0046875 0.466667 0.009375 0.216667 0.00266298
2 0.563802 0.108796 0.205729 0.0638889 0.00269696
9 0.26276 0.087963 0.00677083 0.0351852 0.00275588
9 0.108854 0.0296296 0.0125 0.037037 0.00284331
1 0.0223958 0.181481 0.0447917 0.0851852 0.00285045
7 0.294792 0.0986111 0.0916667 0.0953704 0.00288714
2 0.59349 0.125 0.0161458 0.0259259 0.00293366
0 0.267188 0.1 0.0114583 0.0574074 0.00307581
9 0.482812 0.0444444 0.00729167 0.0277778 0.00322317
2 0.282031 0.0939815 0.0078125 0.0398148 0.00352241
0 0.715625 0.372685 0.025 0.0268519 0.00354717
9 0.99375 0.494907 0.0114583 0.123148 0.00399292
2 0.238542 0.139815 0.01875 0.0444444 0.00451752
9 0.252865 0.0875 0.0119792 0.0342593 0.00498034
12 0.99401 0.496296 0.0109375 0.127778 0.00512556
2 0.780729 0.103241 0.0302083 0.0453704 0.00514553
2 0.802604 0.087037 0.021875 0.0240741 0.00535371
9 0.26875 0.0564815 0.0166667 0.0333333 0.0066144
1 0.0117188 0.367593 0.0234375 0.0481481 0.0067562
10 0.442969 0.0875 0.0140625 0.0268519 0.00768927
9 0.50026 0.603241 0.0151042 0.0416667 0.00780605
9 0.269531 0.0208333 0.0203125 0.0361111 0.00793707
2 0.340885 0.0893519 0.00989583 0.0268519 0.00832784
2 0.271354 0.109722 0.0125 0.0398148 0.0087876
2 0.291927 0.0722222 0.0140625 0.0166667 0.00886503
2 0.270052 0.0527778 0.0192708 0.0351852 0.00887585
7 0.32526 0.100926 0.0661458 0.087037 0.0104749
9 0.502604 0.760648 0.0125 0.0527778 0.0107292
0 0.995833 0.326852 0.00729167 0.0555556 0.0117475
2 0.813021 0.0759259 0.01875 0.0166667 0.012557
2 0.60599 0.0606481 0.00989583 0.025 0.0136862
5 0.220833 0.0657407 0.05 0.0592593 0.0162206
9 0.176302 0.510648 0.0369792 0.0416667 0.0177849
2 0.635156 0.145833 0.0109375 0.0527778 0.0241672
9 0.209115 0.0675926 0.0255208 0.0462963 0.0247587
7 0.220313 0.0648148 0.05 0.062963 0.026529
0 0.635417 0.148148 0.009375 0.05 0.0327495
9 0.566927 0.0486111 0.00885417 0.0231481 0.0422527
1 0.0117188 0.394907 0.0234375 0.121296 0.0448348
2 0.355729 0.0625 0.0125 0.0268519 0.0493342
0 0.757292 0.0907407 0.0145833 0.0740741 0.0545892
1 0.00442708 0.409722 0.00885417 0.0916667 0.0570904
2 0.786458 0.0907407 0.0166667 0.0222222 0.0609054
2 0.301042 0.105093 0.040625 0.0787037 0.12481
7 0.373698 0.087037 0.0484375 0.0925926 0.129432
7 0.29974 0.10463 0.0411458 0.0796296 0.131175
2 0.464063 0.111111 0.0177083 0.0425926 0.158089
2 0.37474 0.0601852 0.0432292 0.0351852 0.211499
7 0.373698 0.0606481 0.0453125 0.0361111 0.23982
2 0.321354 0.0893519 0.0375 0.0342593 0.300322
7 0.506771 0.105093 0.0416667 0.062037 0.335859
2 0.473958 0.109722 0.0354167 0.0453704 0.408671
2 0.50651 0.10463 0.0411458 0.062963 0.478253
2 0.627604 0.122685 0.0260417 0.0509259 0.511736
2 0.31849 0.120833 0.0505208 0.0712963 0.685383
10 0.203906 0.316204 0.0161458 0.0712963 0.729573
2 0.382031 0.112963 0.0317708 0.0407407 0.773246
11 0.728906 0.0430556 0.0265625 0.0564815 0.787563
2 0.729948 0.419444 0.122396 0.172222 0.918135
