9 0.547396 0.0597222 0.0104167 0.0231481 0.00100103
9 0.588542 0.0361111 0.015625 0.0555556 0.00103205
2 0.241146 0.105556 0.015625 0.0351852 0.00108977
2 0.796615 0.0861111 0.0463542 0.0388889 0.00130535
0 0.732031 0.94537 0.0244792 0.0907407 0.00131262
0 0.2625 0.100926 0.009375 0.0555556 0.00136237
9 0.10625 0.0305556 0.0104167 0.0425926 0.0013805
9 0.767969 0.0166667 0.0130208 0.0314815 0.00150209
2 0.780729 0.10463 0.03125 0.0537037 0.0015025
2 0.771875 0.115278 0.0135417 0.0287037 0.00153116
9 0.253385 0.0865741 0.0151042 0.0342593 0.00153118
9 0.258594 0.0726852 0.0130208 0.0453704 0.00154954
2 0.648438 0.147222 0.0354167 0.0574074 0.00156186
2 0.363281 0.0689815 0.0119792 0.0231481 0.00157194
13 0.994531 0.518981 0.00989583 0.169444 0.00157777
2 0.99401 0.518519 0.0109375 0.166667 0.00170888
11 0.240104 0.0347222 0.0208333 0.0657407 0.0017184
9 0.261458 0.0467593 0.0135417 0.0490741 0.00178144
9 0.50026 0.60463 0.0161458 0.0444444 0.00184252
2 0.566146 0.109722 0.236458 0.0675926 0.00185902
0 0.715885 0.372222 0.0244792 0.0277778 0.00195573
9 0.23724 0.0680556 0.0161458 0.0435185 0.0020663
9 0.177865 0.508796 0.0359375 0.0398148 0.00215221
2 0.813802 0.075463 0.0182292 0.0212963 0.00223333
9 0.263021 0.0875 0.00833333 0.0342593 0.00236392
9 0.266927 0.099537 0.0109375 0.0546296 0.00245141
2 0.359115 0.111111 0.140104 0.0685185 0.00259496
58 0.968229 0.497222 0.028125 0.0851852 0.00265348
0 0.995833 0.332407 0.00729167 0.0518519 0.00266063
10 0.196094 0.314352 0.0317708 0.0805556 0.00269026
2 0.238802 0.140278 0.0203125 0.0435185 0.002899
13 0.971094 0.521759 0.0567708 0.180556 0.00310386
13 0.96276 0.555556 0.0401042 0.0444444 0.00314255
9 0.99375 0.50787 0.0114583 0.15463 0.003817
9 0.582031 0.0337963 0.0119792 0.0583333 0.00404997
2 0.0518229 0.0666667 0.0505208 0.0314815 0.00406387
1 0.0117188 0.365278 0.0234375 0.0453704 0.00419241
2 0.78776 0.0833333 0.0140625 0.0259259 0.0043735
12 0.994271 0.502778 0.0104167 0.146296 0.00544593
9 0.571354 0.0310185 0.0125 0.0601852 0.00777638
2 0.270833 0.109259 0.0135417 0.0407407 0.00783627
2 0.442708 0.0875 0.0135417 0.0268519 0.00783818
0 0.442708 0.0958333 0.0166667 0.0453704 0.00842904
9 0.114063 0.025 0.0135417 0.0388889 0.00895256
0 0.757812 0.0717593 0.0104167 0.0453704 0.0099527
2 0.785677 0.0912037 0.0130208 0.0212963 0.0109421
2 0.592969 0.126852 0.0161458 0.0222222 0.0132146
2 0.0359375 0.0643518 0.0208333 0.0231481 0.0132633
5 0.220833 0.0666667 0.05 0.0574074 0.0137727
2 0.635677 0.145833 0.0109375 0.0527778 0.0155095
7 0.220313 0.0662037 0.05 0.0601852 0.0160017
0 0.635677 0.148148 0.00989583 0.05 0.0164778
11 0.60599 0.0601852 0.00989583 0.0240741 0.0203979
9 0.502865 0.759722 0.0119792 0.0546296 0.0209547
9 0.3625 0.0694444 0.009375 0.0240741 0.0229551
9 0.208594 0.0666667 0.0223958 0.0481481 0.023916
9 0.442969 0.0875 0.0130208 0.0268519 0.0253939
9 0.26875 0.0356481 0.0208333 0.0675926 0.0267101
1 0.0106771 0.393981 0.0213542 0.115741 0.0332161
1 0.00442708 0.406019 0.00885417 0.0916667 0.0374591
2 0.314323 0.0981481 0.0390625 0.0611111 0.0403372
9 0.567448 0.0486111 0.00885417 0.025 0.0778436
2 0.3 0.10463 0.0354167 0.0777778 0.1016
7 0.298958 0.103241 0.0364583 0.0768519 0.135945
2 0.464063 0.111111 0.0166667 0.0425926 0.15308
2 0.322135 0.0865741 0.0380208 0.0324074 0.229995
2 0.627865 0.122222 0.0255208 0.0518519 0.268267
2 0.473698 0.109259 0.0338542 0.0444444 0.33722
7 0.507031 0.10463 0.0421875 0.062963 0.414911
2 0.507031 0.104167 0.0411458 0.062037 0.457348
2 0.31875 0.121296 0.05 0.0722222 0.652671
2 0.394792 0.108796 0.0291667 0.0435185 0.738347
10 0.204167 0.316204 0.015625 0.0712963 0.775105
11 0.729427 0.0435185 0.0265625 0.0555556 0.787132
2 0.730208 0.419444 0.121875 0.17037 0.901713
