2 0.49349 0.198148 0.514063 0.274074 0.001031
9 0.259896 0.0731481 0.0125 0.0462963 0.001046
9 0.569531 0.0324074 0.0130208 0.0574074 0.00107314
2 0.796354 0.0833333 0.03125 0.0277778 0.00108329
2 0.777604 0.102778 0.0260417 0.0537037 0.00114704
0 0.358073 0.266667 0.0234375 0.0185185 0.0011565
0 0.46224 0.325463 0.726562 0.249074 0.00118147
2 0.296354 0.106481 0.114583 0.0944444 0.00121737
2 0.264323 0.109259 0.00989583 0.0407407 0.00124276
2 0.654167 0.139815 0.0760417 0.0814815 0.00125949
9 0.500521 0.603241 0.015625 0.0416667 0.00128449
1 0.0651042 0.145833 0.03125 0.0490741 0.00141069
9 0.26276 0.0416667 0.0161458 0.0611111 0.00143284
9 0.188021 0.0865741 0.00729167 0.0305556 0.0014442
13 0.968229 0.5625 0.053125 0.0583333 0.00148127
1 0.0807292 0.152778 0.04375 0.0537037 0.0015801
1 0.0117188 0.346296 0.0234375 0.103704 0.00162821
12 0.976302 0.496296 0.0432292 0.127778 0.00163133
9 0.547917 0.0518519 0.0104167 0.0259259 0.00168657
9 0.190365 0.0925926 0.00989583 0.0277778 0.00170319
2 0.814844 0.0689815 0.0151042 0.0138889 0.0017146
0 0.716146 0.371759 0.0229167 0.0268519 0.00172162
2 0.638802 0.128241 0.0484375 0.0601852 0.00175077
0 0.402865 0.25463 0.0182292 0.0388889 0.00178532
2 0.575 0.424074 0.669792 0.185185 0.00183827
2 0.200521 0.244907 0.01875 0.0138889 0.00190438
58 0.96849 0.492593 0.0296875 0.0925926 0.00205895
9 0.29349 0.0564815 0.00885417 0.0425926 0.00214191
13 0.99349 0.51713 0.0119792 0.173148 0.00225086
2 0.482292 0.10787 0.429167 0.075 0.00228945
2 0.77526 0.122222 0.0203125 0.0425926 0.00230136
2 0.809115 0.0708333 0.0161458 0.0175926 0.00234588
9 0.21901 0.0851852 0.0119792 0.0222222 0.0023597
12 0.701823 0.164352 0.0192708 0.037963 0.002436
7 0.21224 0.062963 0.0348958 0.0592593 0.00266589
1 0.0359375 0.174537 0.0395833 0.0509259 0.0028236
7 0.970573 0.526389 0.0578125 0.212037 0.00284635
9 0.292969 0.0685185 0.00989583 0.0222222 0.00295932
0 0.267188 0.099537 0.0104167 0.0527778 0.00299309
5 0.213281 0.062037 0.0359375 0.0592593 0.00309092
2 0.481771 0.112037 0.0239583 0.0462963 0.00323107
0 0.382552 0.250926 0.0307292 0.0314815 0.00339867
2 0.278906 0.11713 0.0317708 0.0527778 0.00340771
0 0.18776 0.10787 0.0078125 0.0490741 0.00352197
2 0.648177 0.146759 0.0369792 0.0601852 0.0035908
1 0.0127604 0.369444 0.0255208 0.0462963 0.00386621
7 0.294792 0.106481 0.028125 0.0759259 0.00394013
0 0.39401 0.260648 0.0255208 0.0324074 0.0040637
11 0.23724 0.0689815 0.0161458 0.0435185 0.0043526
12 0.994531 0.494444 0.00989583 0.133333 0.00452009
0 0.383854 0.263426 0.028125 0.0287037 0.00488062
9 0.110417 0.0273148 0.0135417 0.0361111 0.00530176
2 0.31224 0.0828704 0.0255208 0.0361111 0.00530366
2 0.332031 0.101389 0.0265625 0.0398148 0.00558703
13 0.970573 0.522685 0.0578125 0.187963 0.00583764
12 0.692448 0.164352 0.0078125 0.037963 0.00589129
0 0.757552 0.0925926 0.0140625 0.0814815 0.005969
2 0.413281 0.10463 0.209896 0.0648148 0.00600823
0 0.363281 0.0671296 0.0119792 0.025 0.00640518
2 0.814583 0.0759259 0.0177083 0.0166667 0.00710751
9 0.114844 0.0236111 0.0130208 0.0361111 0.0082372
0 0.286458 0.113889 0.0145833 0.0611111 0.00861569
1 0.00416667 0.409259 0.00833333 0.0814815 0.00875021
9 0.206771 0.0680556 0.0197917 0.0435185 0.00988091
11 0.605729 0.0592593 0.0104167 0.0222222 0.0113146
2 0.446875 0.0935185 0.0239583 0.0518519 0.0115262
0 0.283854 0.103241 0.009375 0.0472222 0.0117858
9 0.502604 0.758333 0.0125 0.0592593 0.0132904
2 0.238281 0.141204 0.0192708 0.0398148 0.0135078
2 0.592708 0.126852 0.0166667 0.0222222 0.0138549
1 0.00963542 0.397685 0.0192708 0.108333 0.0161349
9 0.269531 0.0361111 0.0213542 0.062963 0.0179013
0 0.635417 0.147685 0.009375 0.0509259 0.0179481
2 0.635156 0.146296 0.0109375 0.0555556 0.0179827
2 0.37526 0.103241 0.0453125 0.0527778 0.020272
2 0.3625 0.0708333 0.0114583 0.0287037 0.0215387
2 0.270052 0.112037 0.0130208 0.0333333 0.0215725
2 0.785417 0.087963 0.0135417 0.0240741 0.0295979
9 0.567448 0.0476852 0.0078125 0.0231481 0.0310354
1 0.05 0.1625 0.0677083 0.0787037 0.0345289
2 0.291146 0.113889 0.0208333 0.05 0.0357806
2 0.441146 0.0884259 0.0114583 0.0287037 0.0381067
2 0.482552 0.0916667 0.0140625 0.0259259 0.0399501
9 0.222917 0.0597222 0.0114583 0.0361111 0.0861139
2 0.321875 0.087037 0.0375 0.0351852 0.332564
7 0.50625 0.103704 0.0427083 0.062963 0.344569
7 0.461979 0.0990741 0.0447917 0.0666667 0.357096
2 0.627604 0.121296 0.025 0.05 0.424551
2 0.461719 0.1 0.0432292 0.0666667 0.447222
2 0.50651 0.104167 0.0421875 0.062037 0.51117
2 0.385156 0.0953704 0.0328125 0.0481481 0.720576
10 0.203646 0.315741 0.0166667 0.0722222 0.773619
2 0.318229 0.122685 0.0510417 0.0694444 0.776512
11 0.729427 0.0425926 0.0265625 0.0555556 0.816666
2 0.379427 0.297222 0.107813 0.168519 0.874172
2 0.729427 0.419907 0.122396 0.169444 0.913826
