2 0.304948 0.130556 0.0307292 0.0574074 0.00101052
1 0.725 0.244444 0.034375 0.0851852 0.00104459
0 0.75651 0.0972222 0.0140625 0.0740741 0.00104584
2 0.0104167 0.0759259 0.0208333 0.0574074 0.00107164
11 0.240885 0.0421296 0.0234375 0.0805556 0.00107166
12 0.692448 0.164352 0.0078125 0.037963 0.00111859
10 0.194792 0.29537 0.034375 0.114815 0.00114317
2 0.0273438 0.1 0.0515625 0.0592593 0.00116741
7 0.788542 0.0643518 0.025 0.062037 0.001201
7 0.0927083 0.0842593 0.176042 0.111111 0.00121677
9 0.107292 0.0291667 0.0114583 0.0361111 0.00125588
0 0.0528646 0.106019 0.0119792 0.0435185 0.00129683
1 0.810677 0.329167 0.0182292 0.0842593 0.0013478
2 0.657292 0.150463 0.0552083 0.0583333 0.00139121
0 0.73151 0.373148 0.0255208 0.0259259 0.00139726
9 0.547917 0.0527778 0.0104167 0.0240741 0.00147625
7 0.290365 0.0990741 0.0963542 0.0944444 0.00149231
0 0.26224 0.0921296 0.0078125 0.0472222 0.00150412
9 0.994792 0.521296 0.009375 0.0759259 0.00154016
2 0.241146 0.104167 0.015625 0.0342593 0.00154913
1 0.736458 0.25 0.01875 0.0518519 0.00154935
13 0.970312 0.568519 0.0572917 0.0759259 0.00163238
13 0.972656 0.522685 0.0536458 0.187963 0.00173629
2 0.780469 0.101852 0.0338542 0.0537037 0.00174761
9 0.269531 0.050463 0.0203125 0.0361111 0.00184477
0 0.846094 0.189352 0.0078125 0.0453704 0.00189025
11 0.220833 0.0643518 0.0510417 0.0583333 0.00189784
2 0.326042 0.10463 0.0385417 0.0425926 0.00192525
2 0.285937 0.0768519 0.0208333 0.0314815 0.0019283
1 0.0132813 0.393981 0.0265625 0.119444 0.00195494
2 0.00677083 0.0902778 0.0135417 0.0435185 0.00203181
2 0.0328125 0.0675926 0.0208333 0.0203704 0.00205112
7 0.983073 0.520833 0.0328125 0.187963 0.0021042
2 0.536719 0.112037 0.00989583 0.0425926 0.0022157
2 0.271354 0.0865741 0.01875 0.0768519 0.0022382
2 0.442448 0.101389 0.0182292 0.0490741 0.00227236
7 0.278646 0.0740741 0.0354167 0.137037 0.00227748
2 0.407031 0.102778 0.202604 0.0703704 0.00230315
9 0.292969 0.0546296 0.0078125 0.0425926 0.0023708
13 0.961979 0.55463 0.0395833 0.0425926 0.00237417
0 0.709375 0.374074 0.01875 0.0259259 0.00243192
13 0.990885 0.517593 0.0171875 0.172222 0.00268089
2 0.532031 0.112037 0.0140625 0.0425926 0.00284206
2 0.0585938 0.102315 0.0401042 0.062037 0.00288355
58 0.96875 0.497222 0.03125 0.0944444 0.00296884
1 0.0296875 0.15787 0.059375 0.0972222 0.00302738
12 0.994531 0.501852 0.00989583 0.148148 0.0030955
2 0.550781 0.106944 0.182812 0.0657407 0.00345106
0 0.716406 0.372222 0.0223958 0.0259259 0.00346837
2 0.238802 0.139352 0.0192708 0.0435185 0.00349129
0 0.995573 0.330093 0.0078125 0.0509259 0.00352682
2 0.00416667 0.407407 0.00833333 0.0907407 0.00373195
2 0.04375 0.0939815 0.071875 0.0824074 0.00409735
2 0.351042 0.104167 0.109375 0.0675926 0.00417254
9 0.579687 0.0324074 0.015625 0.0592593 0.00421819
9 0.992969 0.499074 0.0130208 0.137037 0.00429321
9 0.210677 0.0662037 0.0276042 0.0472222 0.00439124
9 0.502344 0.759259 0.0130208 0.0555556 0.00445495
2 0.290625 0.0726852 0.0125 0.0157407 0.00459749
9 0.26901 0.0194444 0.0213542 0.0333333 0.00464622
0 0.75625 0.0736111 0.0104167 0.0416667 0.00479355
1 0.00442708 0.394444 0.00885417 0.116667 0.00618848
2 0.442448 0.0851852 0.0140625 0.0296296 0.00700072
9 0.573438 0.0305556 0.0135417 0.0592593 0.00815341
0 0.286979 0.113426 0.015625 0.0731481 0.00883285
2 0.60599 0.0592593 0.0109375 0.0259259 0.00890282
2 0.592969 0.124537 0.0171875 0.025 0.0108487
11 0.236979 0.0675926 0.0166667 0.0425926 0.0124789
0 0.635156 0.148611 0.00989583 0.0509259 0.0131637
2 0.789844 0.087963 0.0223958 0.0277778 0.0152135
7 0.219792 0.0634259 0.0510417 0.0805556 0.0161275
2 0.271094 0.109259 0.0151042 0.0388889 0.0166634
2 0.33776 0.0898148 0.0171875 0.0314815 0.017317
5 0.220313 0.0703704 0.0510417 0.0740741 0.0179488
2 0.634635 0.145833 0.0109375 0.0509259 0.0201173
2 0.492448 0.106019 0.0213542 0.0527778 0.0216276
10 0.442448 0.087037 0.0130208 0.0314815 0.028071
0 0.817708 0.234259 0.00833333 0.037037 0.0298052
2 0.477344 0.10463 0.0348958 0.05 0.0422465
7 0.299479 0.105093 0.0416667 0.0787037 0.0483527
2 0.364062 0.0861111 0.0114583 0.05 0.0689598
2 0.300781 0.103241 0.0390625 0.0731481 0.0697923
9 0.566927 0.0481481 0.0078125 0.0240741 0.0801285
2 0.465104 0.111111 0.0177083 0.0388889 0.09488
2 0.453906 0.0680556 0.0192708 0.025 0.15551
2 0.480469 0.109722 0.0171875 0.0435185 0.162818
7 0.50625 0.103704 0.0416667 0.062963 0.297086
2 0.321615 0.0861111 0.0380208 0.0333333 0.325512
2 0.627083 0.122222 0.025 0.0518519 0.487827
2 0.50625 0.103704 0.0416667 0.062963 0.511416
1 0.728125 0.269907 0.0229167 0.0435185 0.522206
2 0.473958 0.0666667 0.0260417 0.0296296 0.559303
2 0.379167 0.0875 0.0322917 0.0490741 0.698959
0 0.728646 0.230556 0.025 0.0888889 0.720513
2 0.31849 0.120833 0.0505208 0.0712963 0.754572
10 0.203906 0.315278 0.0161458 0.0712963 0.791653
11 0.728906 0.0430556 0.0265625 0.0564815 0.821508
2 0.729948 0.418981 0.122396 0.173148 0.897481
