2 0.56224 0.423148 0.535937 0.17963 0.00105055
9 0.588802 0.0402778 0.0151042 0.0509259 0.00105578
13 0.961719 0.556019 0.0390625 0.0453704 0.00108213
1 0.00546875 0.371759 0.0109375 0.0583333 0.00109134
32 0.460156 0.357407 0.0109375 0.0185185 0.00109269
2 0.30625 0.132407 0.0333333 0.0537037 0.00110676
9 0.817187 0.235185 0.00833333 0.0388889 0.00111513
0 0.994792 0.375926 0.009375 0.146296 0.00119274
58 0.969531 0.497685 0.0328125 0.0953704 0.00125274
9 0.995313 0.530093 0.00833333 0.037963 0.00132937
7 0.298958 0.102778 0.102083 0.0907407 0.001361
9 0.258073 0.0763889 0.0140625 0.0472222 0.00136272
2 0.00442708 0.383333 0.00885417 0.037037 0.00137396
0 0.2625 0.104167 0.0104167 0.0509259 0.0014415
2 0.440365 0.087037 0.0151042 0.0296296 0.00148134
9 0.415885 0.0087963 0.0161458 0.0175926 0.00148663
9 0.548177 0.0518519 0.0109375 0.0259259 0.00154924
7 0.789323 0.0643518 0.0265625 0.0601852 0.0015895
9 0.56224 0.050463 0.0192708 0.0268519 0.00169244
0 0.714583 0.370833 0.0239583 0.0287037 0.00171999
7 0.970573 0.520833 0.0578125 0.186111 0.00177335
2 0.239583 0.107407 0.0166667 0.037037 0.00183917
9 0.559115 0.0291667 0.0223958 0.0527778 0.00186801
11 0.2375 0.0685185 0.0166667 0.0444444 0.00187325
9 0.263542 0.0856481 0.00833333 0.0324074 0.00188762
7 0.989583 0.51713 0.0197917 0.182407 0.00189581
2 0.781771 0.103241 0.034375 0.0527778 0.00194704
2 0.466927 0.0226852 0.0223958 0.0231481 0.00203914
2 0.658854 0.147685 0.0583333 0.0675926 0.00206208
13 0.00416667 0.406019 0.00833333 0.0898148 0.00210746
9 0.5 0.604167 0.0145833 0.0398148 0.00242983
2 0.514583 0.114352 0.357292 0.0731481 0.00252682
1 0.00390625 0.40787 0.0078125 0.087963 0.00291871
2 0.218229 0.137037 0.059375 0.0518519 0.00292975
2 0.267708 0.0976852 0.0114583 0.0509259 0.00298758
2 0.458073 0.112963 0.118229 0.0574074 0.00329734
9 0.992708 0.494444 0.0135417 0.122222 0.00371325
9 0.583073 0.0375 0.0119792 0.0490741 0.00440138
58 0.442448 0.0865741 0.0130208 0.025 0.0045359
2 0.398438 0.113426 0.140625 0.0546296 0.00480871
12 0.701823 0.151389 0.0234375 0.062037 0.00487641
12 0.99349 0.496296 0.0119792 0.127778 0.00560526
12 0.693229 0.163889 0.00729167 0.0388889 0.00688296
2 0.640104 0.148148 0.0197917 0.0592593 0.00822509
2 0.340625 0.0851852 0.0229167 0.0518519 0.00841194
2 0.445573 0.111111 0.0192708 0.0314815 0.00857594
2 0.347656 0.110185 0.0171875 0.0444444 0.00936159
0 0.756771 0.0875 0.0135417 0.0694444 0.0118186
11 0.60625 0.0601852 0.0104167 0.0240741 0.0133607
2 0.271615 0.111111 0.0140625 0.037037 0.0143096
2 0.790104 0.087963 0.021875 0.0259259 0.0149906
0 0.995573 0.330093 0.0078125 0.0509259 0.0185304
9 0.570833 0.0314815 0.0135417 0.0592593 0.0200601
7 0.220313 0.0648148 0.05 0.0666667 0.0210297
9 0.26875 0.0347222 0.0208333 0.0657407 0.0241393
9 0.502344 0.760648 0.0119792 0.0546296 0.0262617
2 0.238281 0.141667 0.0182292 0.0388889 0.027455
2 0.489062 0.107407 0.015625 0.05 0.0310806
2 0.592708 0.126852 0.0177083 0.0222222 0.0333673
2 0.635156 0.14537 0.0109375 0.0537037 0.0340514
2 0.29401 0.106019 0.0307292 0.0824074 0.0390554
5 0.220052 0.0657407 0.0494792 0.0611111 0.0429504
2 0.345833 0.0597222 0.0427083 0.0305556 0.13038
9 0.567187 0.0486111 0.00833333 0.025 0.132512
7 0.300521 0.106481 0.0447917 0.0814815 0.147492
2 0.322135 0.0865741 0.0369792 0.0342593 0.197488
2 0.46276 0.114815 0.0140625 0.0333333 0.217342
7 0.35026 0.0592593 0.0494792 0.0333333 0.219384
2 0.479167 0.109722 0.0208333 0.0453704 0.279914
2 0.627344 0.122222 0.0255208 0.0518519 0.333626
2 0.505729 0.104167 0.04375 0.062037 0.422873
7 0.505729 0.104167 0.04375 0.0638889 0.428317
2 0.31849 0.121296 0.0505208 0.0722222 0.610234
2 0.424479 0.112963 0.03125 0.0333333 0.747452
2 0.368229 0.112037 0.0354167 0.0407407 0.757697
10 0.204167 0.316204 0.015625 0.0712963 0.771111
11 0.728906 0.0435185 0.0265625 0.0574074 0.800559
2 0.729688 0.419907 0.122917 0.169444 0.898135
