9 0.5625 0.05 0.0208333 0.0277778 0.00100079
9 0.429688 0.0407407 0.00833333 0.0185185 0.00103682
1 0.0802083 0.149537 0.0583333 0.0564815 0.00103935
0 0.519271 0.309259 0.578125 0.451852 0.00106952
9 0.279948 0.0731481 0.0380208 0.137037 0.00111159
9 0.292708 0.0537037 0.009375 0.0444444 0.00111307
1 0.813542 0.366204 0.0145833 0.0398148 0.00116088
9 0.416146 0.012037 0.015625 0.0240741 0.00119916
0 0.569271 0.248148 0.04375 0.0666667 0.00120645
9 0.441927 0.227778 0.00885417 0.0185185 0.0012218
9 0.995313 0.531482 0.00833333 0.0462963 0.00124963
13 0.970833 0.522685 0.0572917 0.175 0.0012793
9 0.114063 0.0240741 0.0145833 0.0388889 0.00129421
1 0.0760417 0.164352 0.134375 0.0916667 0.0013079
2 0.50026 0.111574 0.314063 0.075 0.00131927
2 0.80625 0.0717593 0.00833333 0.0212963 0.00142877
9 0.214844 0.0606481 0.0390625 0.0657407 0.00147852
2 0.775 0.114815 0.0197917 0.0314815 0.00153186
9 0.582812 0.0337963 0.0177083 0.0638889 0.00157018
2 0.655729 0.141667 0.0822917 0.0851852 0.00157915
12 0.973698 0.496296 0.0401042 0.118519 0.00162968
9 0.236719 0.0611111 0.0171875 0.0314815 0.00163754
2 0.784375 0.106019 0.040625 0.0564815 0.00163783
9 0.548437 0.0481481 0.0114583 0.0277778 0.00163784
2 0.814583 0.0833333 0.015625 0.0222222 0.00167168
9 0.469271 0.410185 0.0104167 0.0240741 0.00173228
2 0.689583 0.168519 0.0135417 0.0388889 0.00174247
0 0.26276 0.110648 0.00989583 0.0416667 0.0017541
0 0.732031 0.372222 0.0348958 0.0314815 0.00178533
2 0.199479 0.246296 0.0229167 0.0148148 0.00206325
0 0.758073 0.375463 0.0182292 0.0287037 0.00209763
0 0.513542 0.221296 0.0104167 0.05 0.0021269
9 0.689583 0.16713 0.0135417 0.037963 0.00222066
9 0.253906 0.087037 0.0130208 0.0333333 0.00223655
2 0.796354 0.0851852 0.0333333 0.0240741 0.00234602
11 0.23724 0.0666667 0.0171875 0.0407407 0.00239987
9 0.590365 0.0333333 0.0151042 0.0611111 0.00242297
2 0.532031 0.111574 0.0130208 0.0416667 0.00264781
2 0.295573 0.107407 0.0911458 0.0833333 0.00277357
0 0.709375 0.373148 0.0197917 0.0277778 0.00291183
9 0.576563 0.0333333 0.0135417 0.0648148 0.0029673
12 0.690365 0.166204 0.0130208 0.0398148 0.00302239
9 0.258333 0.0731481 0.0104167 0.0481481 0.00351453
9 0.267188 0.0949074 0.0104167 0.0453704 0.00356774
2 0.291667 0.0717593 0.0104167 0.0175926 0.00364211
7 0.790365 0.0648148 0.0286458 0.0611111 0.00369718
9 0.989323 0.498148 0.0192708 0.122222 0.00377738
0 0.266146 0.8375 0.10625 0.275 0.0038765
2 0.653385 0.152315 0.0453125 0.062037 0.00404143
9 0.454167 0.3125 0.00833333 0.0212963 0.00417204
2 0.348958 0.110648 0.115625 0.062037 0.00476795
0 0.717188 0.372222 0.0229167 0.0277778 0.00492522
1 0.809375 0.332407 0.021875 0.0907407 0.00558223
2 0.421875 0.110185 0.229167 0.0574074 0.00565893
0 0.178125 0.725926 0.166667 0.466667 0.00570233
11 0.60625 0.0597222 0.009375 0.0231481 0.00623648
2 0.329427 0.0930556 0.0348958 0.0342593 0.00627928
5 0.220573 0.0722222 0.0505208 0.0574074 0.00634966
9 0.220052 0.0865741 0.0109375 0.0157407 0.00674744
9 0.263802 0.0828704 0.0109375 0.0287037 0.00732486
0 0.561198 0.247222 0.0296875 0.037037 0.00743641
12 0.984375 0.496296 0.0166667 0.118519 0.00810145
12 0.995313 0.489352 0.00833333 0.117593 0.00857574
1 0.0135417 0.36713 0.0270833 0.0490741 0.0086013
2 0.363542 0.0680556 0.0114583 0.0212963 0.00902495
2 0.635677 0.148611 0.0109375 0.0546296 0.0101658
0 0.442708 0.0972222 0.0166667 0.0481481 0.0109455
2 0.272135 0.111574 0.0140625 0.0342593 0.0111422
1 0.00390625 0.409259 0.0078125 0.0814815 0.0111689
9 0.571094 0.0319444 0.0151042 0.0601852 0.0112604
2 0.592448 0.127778 0.0182292 0.0222222 0.0130321
2 0.814323 0.0759259 0.0161458 0.0148148 0.0140453
9 0.442969 0.0875 0.0130208 0.0268519 0.0174993
7 0.296875 0.109722 0.0354167 0.0824074 0.0185931
0 0.635677 0.149537 0.00989583 0.0490741 0.0190645
9 0.502604 0.759259 0.0114583 0.0555556 0.0195693
0 0.756771 0.0875 0.0145833 0.0657407 0.0225566
9 0.207552 0.0675926 0.0192708 0.0444444 0.0238692
2 0.461458 0.115278 0.0125 0.0342593 0.0281803
2 0.442708 0.087963 0.0135417 0.0277778 0.0300336
2 0.786458 0.0893519 0.0166667 0.0212963 0.0324582
1 0.00963542 0.395833 0.0192708 0.110185 0.0337179
2 0.238281 0.141204 0.0192708 0.0398148 0.0337489
9 0.222135 0.0537037 0.0151042 0.037037 0.03905
2 0.291667 0.114815 0.025 0.0703704 0.0624634
9 0.567448 0.0486111 0.00885417 0.025 0.0794204
2 0.322396 0.0851852 0.0375 0.0333333 0.265175
9 0.269271 0.0342593 0.021875 0.0648148 0.297883
2 0.475781 0.109259 0.0338542 0.0462963 0.377966
2 0.627604 0.121759 0.025 0.0509259 0.527948
2 0.50599 0.10463 0.0432292 0.062963 0.553902
2 0.350521 0.115741 0.0197917 0.0351852 0.563438
2 0.31901 0.122685 0.0494792 0.0675926 0.713859
11 0.729427 0.0430556 0.0276042 0.0564815 0.758029
2 0.38776 0.0847222 0.0265625 0.037963 0.769031
10 0.203646 0.316204 0.0166667 0.0712963 0.778225
7 0.561198 0.280093 0.106771 0.191667 0.791558
2 0.729948 0.419444 0.122396 0.172222 0.914648
