2 0.307292 0.133796 0.034375 0.0509259 0.00100168
12 0.695833 0.138889 0.0114583 0.0888889 0.00100293
2 0.0138021 0.368519 0.0276042 0.0481481 0.00104222
9 0.5 0.603241 0.0145833 0.037963 0.00107004
0 0.18776 0.116204 0.00677083 0.0398148 0.00114276
7 0.989323 0.518519 0.0203125 0.17963 0.00114321
2 0.217969 0.135648 0.0588542 0.0509259 0.00114327
9 0.995052 0.523148 0.00885417 0.062963 0.00118581
9 0.547917 0.0513889 0.0114583 0.025 0.00122599
9 0.43776 0.201852 0.00885417 0.0333333 0.00127543
2 0.659375 0.138889 0.0697917 0.062963 0.00127626
0 0.361719 0.0805556 0.0109375 0.0259259 0.00127933
1 0.810938 0.328241 0.0177083 0.0824074 0.00128408
7 0.282292 0.062963 0.0458333 0.103704 0.00128785
9 0.5625 0.050463 0.01875 0.0268519 0.00132083
9 0.559115 0.0282407 0.0223958 0.0527778 0.00139329
0 0.263021 0.103704 0.0104167 0.05 0.0014676
12 0.702083 0.13287 0.0229167 0.075 0.00147986
2 0.289062 0.1 0.0916667 0.087037 0.0015019
13 0.961198 0.556019 0.0380208 0.0435185 0.00154581
7 0.28776 0.0615741 0.0442708 0.0453704 0.00154814
0 0.714583 0.37037 0.0239583 0.0277778 0.00156333
7 0.220573 0.0935185 0.0536458 0.12037 0.00160557
9 0.271354 0.0388889 0.028125 0.0740741 0.00172096
58 0.96901 0.499537 0.0317708 0.0916667 0.00183222
0 0.266406 0.0953704 0.00989583 0.0462963 0.0018599
2 0.442448 0.0865741 0.0140625 0.0268519 0.00187306
1 0.00911458 0.398611 0.0182292 0.110185 0.00191185
2 0.575521 0.125463 0.0520833 0.0342593 0.00201257
9 0.415365 0.00833333 0.0151042 0.0166667 0.00206745
0 0.816667 0.233796 0.009375 0.0416667 0.00207753
2 0.542969 0.1125 0.279687 0.0694444 0.00217401
13 0.0145833 0.396759 0.0291667 0.110185 0.00217935
9 0.26276 0.0875 0.00885417 0.0324074 0.00220415
1 0.00546875 0.372685 0.0109375 0.0675926 0.00222998
2 0.780469 0.101852 0.0317708 0.05 0.00223238
7 0.977083 0.519444 0.0447917 0.188889 0.00233005
9 0.99349 0.498148 0.0119792 0.133333 0.00235207
2 0.275781 0.115741 0.0244792 0.0481481 0.00239542
11 0.255729 0.0865741 0.0208333 0.0342593 0.00243639
12 0.701302 0.163889 0.0223958 0.037037 0.00254279
2 0.471875 0.112037 0.0833333 0.0537037 0.00301467
9 0.363281 0.0689815 0.0119792 0.0212963 0.00301536
11 0.236979 0.0685185 0.0166667 0.0444444 0.00378292
2 0.646615 0.147685 0.0338542 0.0601852 0.00382012
7 0.788542 0.0648148 0.025 0.062963 0.00389346
2 0.284115 0.113426 0.0130208 0.0583333 0.00405893
9 0.584896 0.0430556 0.0125 0.0398148 0.00431401
12 0.99401 0.499074 0.0109375 0.137037 0.00438439
13 0.00416667 0.404167 0.00833333 0.0935185 0.00443655
1 0.00416667 0.405093 0.00833333 0.0898148 0.00480983
0 0.282552 0.0884259 0.0078125 0.0231481 0.00482879
2 0.353125 0.113889 0.101042 0.0574074 0.00559462
9 0.215104 0.0569444 0.028125 0.0527778 0.00665226
12 0.693229 0.162963 0.00729167 0.0388889 0.0068171
0 0.995573 0.330556 0.0078125 0.0537037 0.00729995
9 0.442448 0.0884259 0.0130208 0.0268519 0.00817465
7 0.214583 0.0611111 0.0385417 0.0666667 0.00818455
9 0.208594 0.0680556 0.0244792 0.0472222 0.0103236
9 0.269271 0.0472222 0.0197917 0.0425926 0.0110406
2 0.592708 0.126389 0.0177083 0.0231481 0.011551
2 0.270312 0.111111 0.0125 0.0351852 0.0119173
2 0.323698 0.100926 0.0473958 0.0592593 0.0120746
9 0.26901 0.0208333 0.0203125 0.0342593 0.0151091
11 0.60625 0.0597222 0.009375 0.025 0.0159548
9 0.570312 0.0314815 0.0125 0.0592593 0.0160486
2 0.291146 0.114352 0.0239583 0.0638889 0.0170023
0 0.75599 0.0833333 0.0140625 0.0611111 0.0179216
2 0.786458 0.0888889 0.0177083 0.0240741 0.0183578
2 0.238542 0.141667 0.0177083 0.0388889 0.0270576
5 0.220833 0.0666667 0.05 0.0611111 0.0324721
9 0.502344 0.760185 0.0130208 0.0555556 0.0367446
0 0.635417 0.148148 0.009375 0.0537037 0.0370703
2 0.488542 0.10787 0.0145833 0.0490741 0.0413483
7 0.305208 0.105093 0.0427083 0.0787037 0.0456655
2 0.445052 0.114352 0.0223958 0.0231481 0.0516937
2 0.634896 0.147222 0.0104167 0.0555556 0.0537046
2 0.30026 0.0560185 0.0182292 0.0268519 0.106437
9 0.567187 0.0486111 0.00833333 0.025 0.128613
2 0.4625 0.115278 0.0125 0.0324074 0.18317
2 0.322135 0.0856481 0.0380208 0.0342593 0.183805
2 0.479427 0.109722 0.0203125 0.0453704 0.27435
2 0.627083 0.121759 0.025 0.0527778 0.354314
2 0.350521 0.116667 0.0166667 0.0314815 0.403124
2 0.50599 0.104167 0.0432292 0.062037 0.403425
7 0.50599 0.104167 0.0432292 0.062037 0.431598
2 0.318229 0.120833 0.05 0.0712963 0.582248
2 0.419792 0.113426 0.0291667 0.0305556 0.724013
10 0.204167 0.315741 0.015625 0.0722222 0.763782
2 0.373177 0.112037 0.0328125 0.0407407 0.766028
11 0.728906 0.0430556 0.0265625 0.0583333 0.812893
2 0.729688 0.419444 0.122917 0.17037 0.899276
