13 0.96875 0.563426 0.0541667 0.0601852 0.00100974
9 0.415625 0.0087963 0.015625 0.0175926 0.00106317
2 0.53099 0.113426 0.0130208 0.0416667 0.00109865
2 0.772135 0.111574 0.0151042 0.025 0.001174
2 0.526042 0.109722 0.365625 0.0805556 0.00118979
9 0.581771 0.037037 0.0125 0.0537037 0.00119284
9 0.577083 0.0333333 0.0145833 0.062963 0.00121567
2 0.0046875 0.558333 0.009375 0.0407407 0.00126809
9 0.289323 0.0231481 0.0119792 0.0388889 0.00127073
2 0.817187 0.232407 0.009375 0.0462963 0.00128743
9 0.816927 0.23287 0.00885417 0.0472222 0.00129109
7 0.30026 0.106481 0.0890625 0.0925926 0.00136316
2 0.660677 0.148148 0.0619792 0.0648148 0.00139581
0 0.75651 0.0916667 0.0151042 0.0833333 0.00143256
7 0.279687 0.0791667 0.0375 0.0935185 0.00144168
2 0.413021 0.109259 0.228125 0.0722222 0.00145062
12 0.976302 0.500926 0.0453125 0.135185 0.00146183
9 0.3625 0.0481481 0.0104167 0.037037 0.00149719
0 0.717969 0.371296 0.0244792 0.0296296 0.00152207
2 0.976562 0.498148 0.0447917 0.127778 0.00153995
0 0.520052 0.293519 0.538021 0.47963 0.00158072
1 0.0143229 0.393519 0.0286458 0.12037 0.00160607
9 0.236979 0.0712963 0.0177083 0.0481481 0.00162667
9 0.558333 0.024537 0.0208333 0.0453704 0.00169522
2 0.814583 0.075463 0.01875 0.0194444 0.00183595
1 0.146875 0.346759 0.0302083 0.0861111 0.00184729
9 0.440885 0.227315 0.0130208 0.025 0.002101
7 0.146094 0.0888889 0.0661458 0.0777778 0.0021296
9 0.49974 0.602315 0.0140625 0.0416667 0.00225124
58 0.96849 0.496296 0.0296875 0.0888889 0.0026274
9 0.439844 0.197685 0.0140625 0.0342593 0.00263796
1 0.810677 0.332407 0.0182292 0.0888889 0.00272299
2 0.778906 0.101389 0.0296875 0.0472222 0.00275032
13 0.971875 0.523148 0.0552083 0.185185 0.0028099
9 0.263281 0.0912037 0.00885417 0.0416667 0.00308614
2 0.442708 0.087963 0.0135417 0.0296296 0.00312113
0 0.995833 0.325 0.00729167 0.0592593 0.00322042
7 0.99349 0.518519 0.0119792 0.172222 0.00334911
9 0.99349 0.513426 0.0119792 0.163889 0.00350637
2 0.238542 0.14213 0.01875 0.037963 0.00353949
1 0.00625 0.367593 0.0125 0.0703704 0.00379948
0 0.443229 0.0972222 0.0177083 0.0481481 0.00421294
9 0.361979 0.0685185 0.009375 0.0259259 0.00423024
1 0.00494792 0.398611 0.00989583 0.106481 0.00474382
0 0.757812 0.0703704 0.0104167 0.0444444 0.00516282
7 0.970833 0.525926 0.0572917 0.201852 0.00535673
12 0.99401 0.506481 0.0109375 0.151852 0.00562344
2 0.26901 0.104167 0.0109375 0.0472222 0.00592002
1 0.240104 0.314352 0.0385417 0.0824074 0.00592241
9 0.567708 0.0310185 0.0135417 0.0583333 0.00594229
2 0.592708 0.125926 0.0177083 0.0240741 0.00865691
1 0.227604 0.323148 0.028125 0.0962963 0.00908162
11 0.60625 0.0606481 0.0104167 0.0268519 0.00916685
2 0.790365 0.0884259 0.0203125 0.0231481 0.00988531
9 0.442969 0.087963 0.0130208 0.0296296 0.00997584
9 0.502865 0.760185 0.0130208 0.0555556 0.0101528
0 0.266146 0.0990741 0.0104167 0.0555556 0.01088
9 0.207813 0.0671296 0.025 0.0472222 0.0116055
5 0.219531 0.0652778 0.0505208 0.0601852 0.0175191
2 0.469531 0.108333 0.0307292 0.0462963 0.0208727
7 0.21276 0.0638889 0.0369792 0.0574074 0.0241359
0 0.635417 0.146759 0.009375 0.0509259 0.0271896
2 0.635156 0.143519 0.0109375 0.05 0.0291083
2 0.489062 0.107407 0.0145833 0.0518519 0.0331435
9 0.26901 0.0365741 0.0223958 0.0694444 0.0354459
7 0.315104 0.103241 0.0510417 0.0712963 0.0450947
2 0.298177 0.105093 0.0317708 0.0787037 0.0474485
9 0.567187 0.0486111 0.00833333 0.0231481 0.077263
7 0.297135 0.106019 0.0328125 0.0805556 0.10174
2 0.464583 0.112963 0.0145833 0.037037 0.127622
2 0.322135 0.0861111 0.0380208 0.0333333 0.233519
2 0.479948 0.109722 0.0192708 0.0453704 0.297623
2 0.627344 0.121759 0.0255208 0.0509259 0.360325
2 0.505469 0.103704 0.0432292 0.062963 0.542768
1 0.247135 0.331944 0.0223958 0.0953704 0.593513
10 0.204427 0.316204 0.0161458 0.0675926 0.657994
2 0.31849 0.12037 0.0505208 0.0722222 0.665826
0 0.247135 0.289352 0.0286458 0.128704 0.735684
11 0.729167 0.0435185 0.0270833 0.0555556 0.796884
2 0.729688 0.419444 0.122917 0.172222 0.90413
