2 0.639063 0.126389 0.0489583 0.0601852 0.00100678
2 0.792448 0.10463 0.0546875 0.0611111 0.00103187
2 0.229427 0.12963 0.0369792 0.0648148 0.00105914
2 0.352344 0.109722 0.0223958 0.0453704 0.00112879
2 0.578125 0.127315 0.046875 0.0324074 0.00116375
2 0.778646 0.114352 0.0270833 0.0342593 0.00119688
0 0.717188 0.372685 0.0239583 0.0268519 0.0012463
2 0.655729 0.138889 0.08125 0.0851852 0.00125147
9 0.591927 0.0421296 0.0109375 0.0361111 0.00127812
9 0.548177 0.0523148 0.0109375 0.025 0.00131156
12 0.700521 0.163426 0.0239583 0.0416667 0.00131542
13 0.970312 0.570833 0.0572917 0.0768519 0.00131929
9 0.769271 0.0486111 0.0208333 0.0953704 0.00137308
9 0.416406 0.0101852 0.0161458 0.0203704 0.00143381
2 0.0346354 0.108333 0.0515625 0.0574074 0.00160546
1 0.810417 0.32963 0.0197917 0.0851852 0.00168232
13 0.98125 0.518981 0.0364583 0.178704 0.00170767
9 0.260677 0.0490741 0.0119792 0.0462963 0.00171539
58 0.96849 0.496296 0.0307292 0.087037 0.00172041
0 0.2375 0.135648 0.0177083 0.0472222 0.00173751
9 0.258594 0.0740741 0.0119792 0.0481481 0.00179831
9 0.252344 0.087963 0.0130208 0.0333333 0.00190534
2 0.442708 0.0888889 0.0145833 0.0296296 0.00199333
9 0.817448 0.237037 0.0078125 0.037037 0.0020316
13 0.0135417 0.366667 0.0270833 0.05 0.00213147
7 0.99375 0.51713 0.0114583 0.173148 0.00218504
2 0.401302 0.1125 0.258854 0.0787037 0.00221682
0 0.442969 0.0976852 0.0182292 0.0472222 0.00232673
12 0.692448 0.164352 0.0109375 0.0398148 0.00242656
11 0.2375 0.0680556 0.015625 0.0435185 0.00256541
0 0.757292 0.124074 0.0135417 0.0277778 0.00261255
7 0.474219 0.101852 0.0380208 0.0592593 0.0026486
0 0.263021 0.106019 0.009375 0.0509259 0.00268141
0 0.267708 0.100926 0.0104167 0.0537037 0.00271024
9 0.26276 0.0856481 0.0078125 0.0305556 0.00292689
7 0.97474 0.523148 0.0494792 0.192593 0.00294377
7 0.299219 0.107407 0.0828125 0.0925926 0.00294514
2 0.648698 0.149537 0.0359375 0.062037 0.00301389
2 0.403646 0.128241 0.0260417 0.062037 0.00309426
2 0.58151 0.110648 0.260938 0.0657407 0.00349908
2 0.363281 0.109722 0.0119792 0.0435185 0.00449261
9 0.99375 0.494444 0.0114583 0.127778 0.00531852
13 0.0140625 0.395833 0.028125 0.113889 0.00663904
9 0.50026 0.605093 0.0151042 0.0416667 0.00674668
9 0.582552 0.0384259 0.0119792 0.0546296 0.00694126
2 0.785677 0.0898148 0.0151042 0.0222222 0.00694542
9 0.572656 0.0314815 0.0140625 0.0592593 0.00763278
9 0.757812 0.0717593 0.009375 0.0361111 0.00770544
1 0.00911458 0.397685 0.0182292 0.112037 0.00793592
13 0.00416667 0.407407 0.00833333 0.0907407 0.0085668
0 0.995313 0.327315 0.00833333 0.0527778 0.0104164
7 0.219792 0.0675926 0.0510417 0.0611111 0.0120293
5 0.220052 0.0694444 0.0515625 0.0611111 0.0120392
2 0.502865 0.0708333 0.0203125 0.0157407 0.0127318
9 0.442969 0.087963 0.0130208 0.0277778 0.0131559
9 0.210156 0.0666667 0.0265625 0.0462963 0.0132464
9 0.26901 0.0351852 0.0223958 0.0648148 0.0132774
2 0.380729 0.109259 0.0302083 0.05 0.0134376
2 0.288021 0.111574 0.01875 0.0787037 0.0135169
11 0.60599 0.0606481 0.00989583 0.025 0.0149394
2 0.271615 0.110185 0.0140625 0.0388889 0.0156738
2 0.485156 0.0851852 0.0223958 0.0296296 0.0163799
0 0.635677 0.147222 0.00989583 0.0537037 0.018637
2 0.238281 0.140741 0.0182292 0.0407407 0.0196451
2 0.635417 0.145833 0.0114583 0.0546296 0.0198403
2 0.363281 0.0689815 0.0119792 0.0231481 0.0200459
2 0.489062 0.108333 0.015625 0.05 0.0208997
2 0.370573 0.108333 0.0130208 0.0462963 0.0209301
2 0.485156 0.0717593 0.0203125 0.0175926 0.0256867
2 0.592188 0.128241 0.0177083 0.0212963 0.0322517
9 0.502344 0.761574 0.0130208 0.0527778 0.0344763
9 0.567448 0.0481481 0.00885417 0.0240741 0.0880693
2 0.298958 0.108333 0.0375 0.0833333 0.115805
7 0.298438 0.108333 0.0395833 0.0833333 0.136911
2 0.4625 0.113889 0.0135417 0.037037 0.1468
2 0.322135 0.0865741 0.0380208 0.0342593 0.225675
2 0.472656 0.109722 0.0328125 0.0435185 0.268332
7 0.505729 0.103241 0.04375 0.0638889 0.332803
2 0.627865 0.122222 0.0255208 0.0518519 0.432431
2 0.505729 0.103241 0.04375 0.0638889 0.47412
2 0.31875 0.119907 0.05 0.0731481 0.671168
10 0.204167 0.316204 0.015625 0.0712963 0.763996
2 0.390885 0.125926 0.0494792 0.0796296 0.784892
11 0.729167 0.0430556 0.0270833 0.0546296 0.795573
2 0.746354 0.191204 0.128125 0.110185 0.902537
2 0.729948 0.418981 0.122396 0.169444 0.910762
