1 0.171615 0.551389 0.0255208 0.0694444 0.00102294
0 0.798958 0.768056 0.134375 0.408333 0.00103161
2 0.574479 0.127315 0.053125 0.0342593 0.00103922
0 0.141406 0.573148 0.134896 0.203704 0.00107003
2 0.583594 0.422222 0.549479 0.17963 0.00115975
1 0.811198 0.334259 0.0171875 0.0888889 0.00116255
2 0.295833 0.106944 0.084375 0.0990741 0.00117407
1 0.167187 0.649074 0.0291667 0.103704 0.00117442
9 0.817448 0.234259 0.00885417 0.0444444 0.00119219
9 0.559635 0.0277778 0.0213542 0.05 0.0012133
9 0.253385 0.087963 0.0140625 0.0351852 0.0012962
9 0.277865 0.0597222 0.0411458 0.115741 0.00132293
2 0.961198 0.55463 0.0390625 0.0425926 0.00135575
9 0.258594 0.074537 0.0130208 0.0490741 0.00136454
9 0.579427 0.0342593 0.0130208 0.0611111 0.00138823
12 0.817708 0.233796 0.00833333 0.0435185 0.00139134
1 0.0299479 0.15787 0.0598958 0.087963 0.0013962
12 0.702344 0.127315 0.0223958 0.0638889 0.00139993
13 0.984375 0.518981 0.0302083 0.176852 0.00144324
9 0.116406 0.025463 0.0161458 0.0361111 0.00159752
2 0.771875 0.111111 0.0135417 0.0259259 0.00162651
1 0.00963542 0.45787 0.0192708 0.239815 0.00167859
9 0.414844 0.00925926 0.0140625 0.0185185 0.00175828
2 0.407813 0.111111 0.266667 0.0814815 0.00176092
0 0.107292 0.560648 0.214583 0.367593 0.00177462
7 0.990625 0.521759 0.0177083 0.186111 0.00178136
2 0.776302 0.10463 0.0307292 0.0537037 0.0017826
12 0.702083 0.163426 0.021875 0.037963 0.00180258
2 0.532031 0.111574 0.0140625 0.0435185 0.00183035
2 0.444531 0.112037 0.0213542 0.0259259 0.00187545
13 0.963021 0.564815 0.0427083 0.0611111 0.00191827
9 0.355729 0.0217593 0.00625 0.0175926 0.00197892
2 0.571354 0.110185 0.241667 0.0703704 0.0020515
0 0.716146 0.371759 0.0229167 0.0287037 0.00208713
2 0.755729 0.118519 0.0135417 0.0351852 0.00249399
2 0.241146 0.106019 0.0166667 0.0324074 0.00260336
2 0.649479 0.149537 0.0385417 0.0583333 0.00265176
9 0.458073 0.0652778 0.00677083 0.0287037 0.00271721
0 0.995573 0.331481 0.0078125 0.0537037 0.00272738
2 0.815625 0.0694444 0.0145833 0.012963 0.0028702
2 0.442969 0.0875 0.0140625 0.0268519 0.00288336
9 0.3625 0.0694444 0.009375 0.0222222 0.00303616
2 0.478125 0.109722 0.0572917 0.062037 0.00325663
2 0.363542 0.0671296 0.0114583 0.0194444 0.00354422
0 0.282552 0.0935185 0.0078125 0.0351852 0.00386129
12 0.69401 0.163889 0.00677083 0.0388889 0.00406307
2 0.814323 0.074537 0.0171875 0.0175926 0.00429414
0 0.757031 0.0712963 0.0109375 0.0462963 0.00440513
11 0.236979 0.0694444 0.0166667 0.0462963 0.00443973
11 0.60625 0.0601852 0.0104167 0.0240741 0.00466842
7 0.970573 0.525926 0.0578125 0.2 0.00557409
9 0.263802 0.0893519 0.00885417 0.037963 0.00595879
2 0.00494792 0.55787 0.00989583 0.037963 0.00628963
0 0.266406 0.099537 0.0109375 0.0527778 0.00666014
12 0.994531 0.506944 0.00989583 0.15463 0.00693859
0 0.150521 0.902778 0.117708 0.190741 0.007477
7 0.220313 0.0662037 0.05 0.0712963 0.00771713
9 0.209896 0.0680556 0.025 0.0472222 0.00808116
9 0.442708 0.0875 0.0125 0.0268519 0.00944932
9 0.572917 0.0310185 0.0145833 0.0583333 0.00970372
2 0.270312 0.108796 0.0135417 0.0398148 0.0112283
9 0.220573 0.0537037 0.0182292 0.0444444 0.0125962
9 0.502344 0.760648 0.0130208 0.0527778 0.0128855
2 0.238281 0.141204 0.0182292 0.0398148 0.0142333
5 0.220833 0.0685185 0.05 0.0666667 0.015834
1 0.0114583 0.366667 0.0229167 0.0481481 0.0174115
2 0.634896 0.14537 0.0104167 0.0537037 0.0177216
0 0.635156 0.148611 0.00885417 0.0527778 0.0182709
9 0.292708 0.0666667 0.0114583 0.0259259 0.0223359
2 0.592448 0.126389 0.0171875 0.0212963 0.0246057
1 0.00416667 0.416204 0.00833333 0.0675926 0.025023
2 0.785677 0.0888889 0.0140625 0.0222222 0.028448
2 0.488021 0.107407 0.0135417 0.05 0.0363322
2 0.29349 0.110185 0.0276042 0.0703704 0.0447712
7 0.298438 0.106481 0.034375 0.0777778 0.0494048
9 0.567187 0.0476852 0.00729167 0.0231481 0.0740574
1 0.0111979 0.395833 0.0223958 0.108333 0.0948336
9 0.269271 0.0351852 0.021875 0.0648148 0.108461
2 0.46224 0.1125 0.0130208 0.037963 0.133367
24 0.179948 0.513426 0.0286458 0.0824074 0.240541
2 0.472135 0.109259 0.0317708 0.0444444 0.272261
2 0.322396 0.0861111 0.0364583 0.0351852 0.317469
2 0.627083 0.120833 0.025 0.0509259 0.386469
1 0.179427 0.625926 0.0359375 0.144444 0.516082
2 0.505729 0.104167 0.0427083 0.062037 0.535742
2 0.31875 0.121759 0.0510417 0.0694444 0.711029
10 0.203906 0.315741 0.0161458 0.0722222 0.741509
0 0.180469 0.571759 0.0432292 0.213889 0.764143
11 0.729167 0.0430556 0.0270833 0.0564815 0.783993
2 0.729948 0.419907 0.122396 0.171296 0.89644
