1 0.00416667 0.397222 0.00833333 0.112963 0.00104625
1 0.810417 0.331019 0.01875 0.0898148 0.00104653
2 0.0315104 0.0680556 0.0182292 0.0194444 0.00107631
0 0.477083 0.254167 0.571875 0.35463 0.00112328
1 0.269792 0.310185 0.0833333 0.105556 0.00112758
2 0.776823 0.108333 0.0244792 0.0407407 0.00113712
2 0.443229 0.0981481 0.0177083 0.05 0.00115124
9 0.291927 0.0537037 0.00885417 0.0425926 0.00115257
9 0.444271 0.239352 0.009375 0.0231481 0.00121003
13 0.970312 0.542593 0.0583333 0.142593 0.00122318
13 0.986719 0.52037 0.0255208 0.17963 0.00123165
2 0.54349 0.109722 0.351562 0.0768519 0.00123937
0 0.995833 0.326389 0.00729167 0.0601852 0.00125579
2 0.554167 0.425463 0.659375 0.180556 0.00125905
0 0.470313 0.410648 0.607292 0.478704 0.00137071
9 0.36224 0.0689815 0.00885417 0.025 0.00142481
58 0.96849 0.493981 0.0307292 0.0935185 0.00157421
9 0.260417 0.0518519 0.0125 0.0388889 0.00158375
7 0.970833 0.523611 0.0572917 0.197222 0.00158547
12 0.995052 0.530556 0.00885417 0.037037 0.00164079
2 0.42474 0.109259 0.197396 0.0685185 0.00177052
9 0.577083 0.0333333 0.015625 0.0611111 0.00178293
0 0.75625 0.0833333 0.0125 0.0611111 0.0017956
11 0.236719 0.0703704 0.0171875 0.0462963 0.00182533
9 0.50026 0.603704 0.0151042 0.0407407 0.00189236
7 0.989583 0.519907 0.0197917 0.189815 0.00195976
9 0.502344 0.759722 0.0130208 0.0546296 0.00203375
12 0.9875 0.518056 0.0239583 0.175 0.00204155
9 0.582031 0.0365741 0.0119792 0.0527778 0.0021404
2 0.442448 0.0865741 0.0130208 0.0268519 0.00239864
9 0.429427 0.0430556 0.0078125 0.0194444 0.00244539
9 0.757031 0.0726852 0.00989583 0.0416667 0.00248743
0 0.718229 0.369907 0.025 0.0305556 0.00264896
9 0.273438 0.0425926 0.0322917 0.0833333 0.00280359
2 0.814323 0.075 0.0182292 0.0185185 0.00293126
7 0.146354 0.0893519 0.0666667 0.0787037 0.00314231
9 0.415365 0.00833333 0.0151042 0.0166667 0.00319336
11 0.605729 0.0597222 0.009375 0.025 0.00339581
2 0.238281 0.141204 0.0192708 0.0398148 0.00354927
2 0.817448 0.232407 0.00885417 0.0462963 0.00404771
1 0.234635 0.3125 0.0567708 0.0990741 0.00426902
1 0.227344 0.304167 0.0244792 0.0842593 0.00429992
9 0.263021 0.0916667 0.00833333 0.0444444 0.00446281
2 0.288802 0.109722 0.0203125 0.0805556 0.00463612
9 0.56901 0.0314815 0.0130208 0.0574074 0.00498057
10 0.223698 0.308796 0.0213542 0.0861111 0.00510443
9 0.26901 0.0439815 0.0213542 0.0527778 0.00654983
0 0.269271 0.105556 0.0114583 0.0462963 0.00680279
9 0.440885 0.225 0.0130208 0.0351852 0.00778168
9 0.21224 0.0638889 0.0328125 0.0555556 0.00868428
0 0.265885 0.099537 0.00989583 0.0564815 0.00874175
12 0.99375 0.499074 0.0114583 0.137037 0.00884911
9 0.439844 0.202315 0.0140625 0.0398148 0.0089415
2 0.785937 0.0893519 0.0145833 0.0212963 0.0108664
9 0.442708 0.087037 0.0125 0.0277778 0.0129901
9 0.26901 0.0231481 0.0203125 0.0425926 0.0169055
7 0.219792 0.0657407 0.0510417 0.062963 0.0234249
2 0.635156 0.146296 0.0109375 0.0555556 0.0244004
2 0.592448 0.126389 0.0182292 0.0231481 0.0249818
5 0.219271 0.0648148 0.0489583 0.0611111 0.0255437
2 0.4875 0.107407 0.0135417 0.05 0.0299373
9 0.567187 0.0481481 0.00833333 0.0240741 0.0378845
0 0.635417 0.147685 0.009375 0.0527778 0.0381024
2 0.30026 0.105556 0.0359375 0.0796296 0.0784872
7 0.297917 0.10463 0.0364583 0.0814815 0.114087
2 0.465104 0.110648 0.0177083 0.0416667 0.228275
2 0.627344 0.121759 0.0255208 0.0509259 0.262015
2 0.479948 0.109722 0.0203125 0.0453704 0.291525
2 0.322396 0.0856481 0.0364583 0.0342593 0.334035
2 0.505729 0.103704 0.0427083 0.062963 0.506849
1 0.248958 0.321296 0.021875 0.0944444 0.588
2 0.31875 0.120833 0.05 0.0712963 0.649335
10 0.203906 0.316204 0.0171875 0.0712963 0.78707
11 0.728906 0.0435185 0.0276042 0.0574074 0.803131
0 0.249479 0.284722 0.0270833 0.126852 0.818641
2 0.729167 0.419444 0.122917 0.172222 0.904377
