1 0.184635 0.523148 0.0109375 0.0685185 0.001002
12 0.976562 0.499074 0.0447917 0.131481 0.00103276
1 0.158073 0.513889 0.0182292 0.0462963 0.00107069
2 0.65599 0.138426 0.0796875 0.0824074 0.00107157
9 0.277865 0.0666667 0.0411458 0.12963 0.00108282
1 0.171615 0.556019 0.0942708 0.152778 0.00116485
9 0.257292 0.0759259 0.0125 0.05 0.00117457
2 0.604948 0.423148 0.590104 0.181481 0.00117718
2 0.817448 0.234259 0.00885417 0.0407407 0.00117934
13 0.970312 0.527778 0.0583333 0.196296 0.00119255
7 0.147135 0.087037 0.0619792 0.0759259 0.00119939
12 0.701302 0.164815 0.0203125 0.0388889 0.00129359
7 0.789323 0.0638889 0.0265625 0.062963 0.00133923
13 0.9875 0.520833 0.0239583 0.175 0.00134692
1 0.00416667 0.470833 0.00833333 0.182407 0.00139076
1 0.810417 0.328241 0.01875 0.0805556 0.00144628
2 0.641667 0.151389 0.021875 0.062037 0.0014547
0 0.756771 0.117593 0.0135417 0.037037 0.00152833
0 0.215104 0.943519 0.0197917 0.109259 0.00155102
9 0.576563 0.0324074 0.0135417 0.0611111 0.00166854
58 0.968229 0.496296 0.0291667 0.0851852 0.00168244
2 0.409896 0.112037 0.266667 0.0833333 0.0018932
2 0.782812 0.0990741 0.0385417 0.05 0.00200343
2 0.56276 0.111574 0.273438 0.0731481 0.00203825
2 0.794531 0.0837963 0.0307292 0.0287037 0.00214611
9 0.995313 0.528241 0.00833333 0.0509259 0.00216161
11 0.239844 0.0351852 0.0213542 0.0685185 0.00217626
7 0.992969 0.518519 0.0130208 0.17037 0.00234561
2 0.463542 0.111574 0.09375 0.0675926 0.00235423
12 0.702083 0.138889 0.0239583 0.0888889 0.00236297
0 0.716146 0.372222 0.0229167 0.0277778 0.00239617
1 0.00442708 0.360648 0.00885417 0.0805556 0.00240867
2 0.443229 0.106019 0.01875 0.0361111 0.00241044
0 0.75651 0.0837963 0.0151042 0.062037 0.00244162
9 0.415365 0.0087963 0.0151042 0.0175926 0.00248173
2 0.813021 0.0759259 0.01875 0.0185185 0.0025934
1 0.0111979 0.366204 0.0223958 0.0490741 0.00259847
1 0.0450521 0.155093 0.0901042 0.102778 0.00266365
2 0.442969 0.0884259 0.0140625 0.0287037 0.0031087
9 0.263281 0.0875 0.00885417 0.0342593 0.00317396
11 0.60625 0.0601852 0.0104167 0.0240741 0.00346804
12 0.994792 0.49537 0.009375 0.133333 0.00348932
0 0.266667 0.0986111 0.0104167 0.0527778 0.00350707
2 0.531771 0.1125 0.0145833 0.0435185 0.00364907
9 0.3625 0.0689815 0.009375 0.0231481 0.00382228
9 0.217448 0.0662037 0.0442708 0.0546296 0.00382251
2 0.363542 0.0666667 0.0114583 0.0203704 0.0039474
2 0.302344 0.0921296 0.0317708 0.0546296 0.00467486
7 0.970573 0.528241 0.0578125 0.20463 0.00476053
9 0.994531 0.495833 0.00989583 0.126852 0.00499567
5 0.220313 0.0740741 0.0510417 0.0666667 0.00514813
0 0.283073 0.104167 0.00989583 0.0601852 0.00517918
2 0.238542 0.140741 0.01875 0.0425926 0.00571382
12 0.693229 0.164352 0.00729167 0.0398148 0.00584479
1 0.186979 0.548611 0.0166667 0.115741 0.00620328
9 0.458333 0.0648148 0.00729167 0.0314815 0.00665034
0 0.286458 0.114815 0.015625 0.0703704 0.00678808
2 0.270573 0.109259 0.0130208 0.0388889 0.00684218
7 0.220313 0.0689815 0.0510417 0.0638889 0.00690459
11 0.236979 0.0680556 0.0166667 0.0435185 0.00728893
9 0.502344 0.759722 0.0130208 0.0546296 0.00763914
9 0.208333 0.0671296 0.021875 0.0453704 0.00806339
0 0.758073 0.0712963 0.0109375 0.0444444 0.00815145
1 0.213021 0.548148 0.0166667 0.133333 0.00854053
9 0.29375 0.0578704 0.0104167 0.0398148 0.0086901
9 0.570833 0.0310185 0.0145833 0.0583333 0.00878378
9 0.293229 0.0699074 0.0114583 0.0194444 0.00962897
9 0.220313 0.087963 0.009375 0.0148148 0.0101472
24 0.201823 0.45 0.0338542 0.0722222 0.0117347
24 0.193229 0.468519 0.0239583 0.0722222 0.0122023
2 0.592708 0.126852 0.0166667 0.0222222 0.0125264
1 0.009375 0.39537 0.01875 0.12037 0.0142724
9 0.442969 0.0875 0.0130208 0.0268519 0.0181522
0 0.635156 0.148148 0.00885417 0.0518519 0.0202614
1 0.00390625 0.422222 0.0078125 0.0648148 0.0230749
2 0.634896 0.144907 0.0104167 0.0509259 0.0232574
24 0.20651 0.468056 0.0244792 0.0694444 0.0249305
7 0.297917 0.107407 0.0364583 0.0833333 0.030092
2 0.786719 0.087037 0.0161458 0.0240741 0.0309703
2 0.488542 0.106944 0.0145833 0.0509259 0.0360359
2 0.293229 0.108333 0.0270833 0.0777778 0.0416483
9 0.567187 0.0472222 0.00833333 0.0240741 0.0436609
9 0.222396 0.0606481 0.0125 0.0398148 0.0503836
9 0.269271 0.0356481 0.021875 0.0675926 0.0583013
2 0.465625 0.111111 0.01875 0.0407407 0.225245
2 0.479688 0.109259 0.0208333 0.0444444 0.321199
2 0.627344 0.121759 0.0255208 0.0509259 0.34947
1 0.198698 0.561111 0.0265625 0.135185 0.371005
2 0.322656 0.0856481 0.0359375 0.0342593 0.374614
2 0.505729 0.104167 0.0427083 0.062037 0.601111
2 0.31875 0.121296 0.0510417 0.0703704 0.704778
0 0.201302 0.5125 0.0401042 0.197222 0.774237
10 0.204167 0.314815 0.015625 0.0722222 0.780513
11 0.729167 0.0435185 0.0270833 0.0574074 0.793902
2 0.729688 0.419444 0.122917 0.17037 0.907775
