5 0.204948 0.0666667 0.0307292 0.0481481 0.00101098
2 0.535937 0.109259 0.423958 0.0925926 0.00102199
2 0.363542 0.0680556 0.0114583 0.0231481 0.00103499
0 0.571354 0.405093 0.0260417 0.025 0.0010364
0 0.530469 0.314815 0.608854 0.585185 0.0010997
0 0.596094 0.424074 0.0317708 0.0277778 0.00111532
2 0.77474 0.118981 0.0192708 0.0361111 0.00112048
9 0.565885 0.0430556 0.0109375 0.037963 0.00114117
2 0.238802 0.137963 0.0203125 0.0462963 0.00114477
7 0.295833 0.103704 0.0958333 0.0962963 0.00118308
0 0.609375 0.406944 0.025 0.0287037 0.00121064
9 0.817187 0.239815 0.00833333 0.0296296 0.00121592
2 0.811719 0.075 0.0192708 0.0203704 0.00128538
0 0.582812 0.40787 0.028125 0.0305556 0.00136937
9 0.260417 0.0388889 0.0125 0.0592593 0.00139926
9 0.995573 0.531482 0.0078125 0.0407407 0.00143516
13 0.971354 0.530093 0.05625 0.19537 0.00151504
12 0.969271 0.49213 0.0302083 0.102778 0.001525
0 0.573958 0.414815 0.0322917 0.037037 0.00161165
9 0.267448 0.0601852 0.0151042 0.0388889 0.00162683
2 0.641927 0.123148 0.0546875 0.0574074 0.0017404
2 0.379167 0.108796 0.194792 0.0972222 0.00186511
9 0.990104 0.500463 0.01875 0.128704 0.00188547
7 0.970573 0.534722 0.0578125 0.213889 0.00208519
2 0.696875 0.44213 0.420833 0.206481 0.00216627
2 0.217187 0.0523148 0.0260417 0.0453704 0.00221892
11 0.220573 0.0648148 0.0526042 0.0611111 0.00222567
11 0.233073 0.0680556 0.0255208 0.0453704 0.00225054
0 0.263281 0.104167 0.00885417 0.0509259 0.00252093
9 0.266406 0.0972222 0.00989583 0.05 0.0026317
1 0.0109375 0.391667 0.021875 0.118519 0.00284571
9 0.29375 0.0550926 0.0104167 0.0435185 0.00284715
1 0.00364583 0.400926 0.00729167 0.101852 0.00292853
2 0.661458 0.14537 0.0677083 0.0851852 0.00306704
0 0.729688 0.370833 0.0385417 0.0305556 0.00307912
0 0.757031 0.375463 0.0192708 0.0287037 0.00310425
0 0.757292 0.0944444 0.0135417 0.0888889 0.00321701
9 0.255208 0.0805556 0.009375 0.0444444 0.00328956
1 0.0140625 0.365741 0.028125 0.0537037 0.0034086
11 0.240625 0.0342593 0.0229167 0.0666667 0.00341272
9 0.26224 0.0884259 0.0078125 0.0398148 0.00358141
0 0.283073 0.102315 0.00989583 0.0453704 0.00366368
12 0.979427 0.497222 0.0348958 0.124074 0.00378234
9 0.3625 0.0680556 0.009375 0.025 0.00433588
12 0.995052 0.494907 0.00885417 0.125 0.00536338
2 0.280729 0.111111 0.0177083 0.0555556 0.00572447
2 0.292969 0.0708333 0.0109375 0.0175926 0.00599837
9 0.269792 0.0351852 0.021875 0.062963 0.00613275
0 0.635417 0.147685 0.0104167 0.0509259 0.00615237
9 0.567448 0.0481481 0.00885417 0.0240741 0.00639923
9 0.207031 0.0675926 0.0213542 0.0425926 0.00684818
0 0.446094 0.101852 0.0192708 0.05 0.00729948
2 0.592188 0.131481 0.0177083 0.0185185 0.00785676
2 0.617448 0.112037 0.0453125 0.0537037 0.00786152
2 0.310677 0.0814815 0.0234375 0.0333333 0.00899185
2 0.44375 0.0902778 0.0145833 0.0287037 0.0101599
2 0.457292 0.109259 0.0239583 0.0407407 0.0102731
9 0.220573 0.0893519 0.00989583 0.012037 0.0108417
0 0.714583 0.37037 0.021875 0.0259259 0.0113502
2 0.270833 0.111111 0.0125 0.037037 0.0117703
32 0.454427 0.314352 0.0078125 0.0138889 0.0130084
2 0.447396 0.105556 0.0260417 0.0481481 0.0170729
2 0.298438 0.107407 0.0364583 0.0777778 0.0172467
2 0.289844 0.115278 0.0213542 0.0657407 0.0178401
5 0.219792 0.0666667 0.0520833 0.0537037 0.0183936
9 0.502865 0.759722 0.0109375 0.0509259 0.0193133
7 0.220052 0.0652778 0.0526042 0.0583333 0.0204692
11 0.60651 0.0597222 0.00989583 0.025 0.0212458
7 0.30026 0.106944 0.0369792 0.0787037 0.0331641
9 0.500521 0.602315 0.0145833 0.0398148 0.0361348
7 0.429688 0.0625 0.0520833 0.0398148 0.0388743
2 0.41224 0.0662037 0.0182292 0.0268519 0.173921
2 0.628125 0.120833 0.025 0.0509259 0.194058
7 0.50625 0.103704 0.0427083 0.062963 0.328161
2 0.474479 0.108796 0.034375 0.0453704 0.345444
2 0.436458 0.0648148 0.0385417 0.037037 0.34654
2 0.322656 0.0861111 0.0380208 0.0351852 0.38055
2 0.50625 0.103704 0.0427083 0.062963 0.527457
2 0.319271 0.121296 0.05 0.0703704 0.721736
11 0.729688 0.0425926 0.0270833 0.0574074 0.755805
10 0.204167 0.316204 0.0166667 0.0694444 0.835167
2 0.730469 0.419444 0.123438 0.172222 0.910559
2 0.585156 0.461111 0.125521 0.17963 0.911097
