2 0.640104 0.131944 0.0520833 0.0694444 0.00100468
2 0.00494792 0.0884259 0.00989583 0.0361111 0.00102916
2 0.513021 0.361111 0.588542 0.261111 0.00103246
2 0.74349 0.176852 0.0213542 0.0277778 0.00104664
9 0.261979 0.0444444 0.015625 0.0574074 0.00110528
2 0.795313 0.0842593 0.034375 0.0296296 0.00113635
7 0.298698 0.105556 0.0890625 0.0981481 0.00120167
9 0.502865 0.760185 0.0130208 0.0555556 0.00126484
41 0.5 0.602315 0.0145833 0.0361111 0.00127862
13 0.961719 0.55463 0.0369792 0.0388889 0.00132303
2 0.235938 0.105556 0.0177083 0.0388889 0.00138801
2 0.661198 0.146759 0.0682292 0.0805556 0.00139914
2 0.78099 0.103704 0.0317708 0.0518519 0.00141217
9 0.547917 0.0597222 0.0104167 0.025 0.00142021
9 0.767448 0.0171296 0.0130208 0.0324074 0.00147568
9 0.995313 0.529167 0.00833333 0.0398148 0.00148767
9 0.0583333 0.0222222 0.015625 0.0407407 0.00152648
0 0.758333 0.0731481 0.0104167 0.0425926 0.00153239
0 0.421615 0.372222 0.797396 0.664815 0.00154555
0 0.726562 0.371759 0.0302083 0.0305556 0.00160709
0 0.390104 0.518981 0.0260417 0.0435185 0.00163046
2 0.536458 0.110648 0.380208 0.0768519 0.00178669
13 0.99375 0.51713 0.0114583 0.167593 0.00179851
2 0.00416667 0.422685 0.00833333 0.115741 0.00185092
0 0.566146 0.261574 0.0208333 0.025 0.00194473
0 0.995833 0.326852 0.00729167 0.0574074 0.00199412
0 0.558594 0.249074 0.0265625 0.0296296 0.00199447
9 0.263021 0.0847222 0.00833333 0.0305556 0.00208489
2 0.242708 0.108333 0.0135417 0.0351852 0.00208607
2 0.325521 0.10463 0.0395833 0.05 0.00216257
9 0.235417 0.0662037 0.0197917 0.0416667 0.00216427
0 0.559635 0.261111 0.0276042 0.0333333 0.0021787
9 0.817187 0.234722 0.00833333 0.0416667 0.00218155
58 0.920052 0.181481 0.159896 0.362963 0.00226175
32 0.454427 0.315741 0.0078125 0.0148148 0.00231937
2 0.26849 0.100463 0.0119792 0.0564815 0.00237062
0 0.539844 0.249537 0.0234375 0.0305556 0.00243702
13 0.972135 0.52037 0.0546875 0.175926 0.00244291
0 0.75651 0.374074 0.0203125 0.0314815 0.00265583
2 0.776823 0.110185 0.0223958 0.0314815 0.00265872
2 0.81276 0.075463 0.0171875 0.0194444 0.00266968
2 0.648698 0.149537 0.0369792 0.0564815 0.00283259
9 0.458333 0.0652778 0.00729167 0.0305556 0.00299053
2 0.817448 0.234722 0.00885417 0.0416667 0.00306775
2 0.442969 0.0888889 0.0140625 0.0296296 0.00309977
0 0.541927 0.260185 0.0203125 0.0314815 0.00321235
9 0.415625 0.0101852 0.0166667 0.0203704 0.00331294
2 0.416667 0.109722 0.213542 0.0694444 0.00342962
11 0.239844 0.0324074 0.0223958 0.0611111 0.00352378
9 0.110417 0.0300926 0.0145833 0.0398148 0.00372394
2 0.592188 0.126389 0.0177083 0.025 0.00390062
9 0.253906 0.0861111 0.0119792 0.0351852 0.00403192
9 0.21901 0.0662037 0.0463542 0.0490741 0.00416289
9 0.258333 0.0740741 0.0104167 0.0444444 0.00453547
32 0.460156 0.357407 0.00885417 0.012963 0.00472097
11 0.60651 0.0611111 0.00989583 0.0240741 0.00474161
11 0.23776 0.0699074 0.0161458 0.0453704 0.00475502
5 0.220313 0.0685185 0.0510417 0.0574074 0.00495324
9 0.992969 0.493519 0.0130208 0.12037 0.00527585
0 0.328385 0.518519 0.0380208 0.0481481 0.00555804
0 0.375781 0.517593 0.0401042 0.0462963 0.0056607
9 0.29349 0.0583333 0.0109375 0.0407407 0.00616508
7 0.219792 0.0685185 0.0510417 0.0592593 0.00630674
9 0.114583 0.025463 0.0125 0.0435185 0.00659084
0 0.347656 0.51713 0.0567708 0.0509259 0.00726408
9 0.569271 0.0324074 0.0114583 0.0574074 0.00744532
0 0.715104 0.372685 0.0229167 0.0268519 0.00773916
12 0.993229 0.49537 0.0125 0.125926 0.00782496
0 0.53099 0.252315 0.0234375 0.0305556 0.00808431
2 0.238542 0.14213 0.01875 0.0398148 0.00814586
2 0.341146 0.0902778 0.009375 0.0268519 0.00852759
19 0.443229 0.0884259 0.0135417 0.0287037 0.00987163
7 0.148177 0.0912037 0.0651042 0.0805556 0.0135651
2 0.786458 0.0884259 0.015625 0.025 0.0138073
1 0.0106771 0.370833 0.0213542 0.0564815 0.0160794
9 0.29349 0.0699074 0.0109375 0.0194444 0.016607
2 0.271094 0.112037 0.0140625 0.0351852 0.020273
9 0.269531 0.037037 0.0213542 0.0648148 0.021782
9 0.583854 0.0407407 0.0125 0.0537037 0.0253307
9 0.207552 0.0675926 0.0203125 0.0425926 0.0289349
2 0.635417 0.146759 0.0114583 0.0527778 0.0294946
1 0.0135417 0.398611 0.0270833 0.110185 0.0297829
0 0.635677 0.148611 0.00989583 0.0490741 0.0303483
1 0.00442708 0.400463 0.00885417 0.108333 0.0370875
2 0.294792 0.10787 0.0302083 0.0805556 0.0490384
2 0.461979 0.112963 0.0135417 0.0388889 0.092839
7 0.299479 0.107407 0.0375 0.0814815 0.0985658
9 0.567448 0.0486111 0.00885417 0.025 0.12483
2 0.322135 0.0884259 0.0380208 0.0361111 0.254573
2 0.479948 0.110185 0.0234375 0.0444444 0.319562
7 0.50651 0.105093 0.0421875 0.062037 0.364728
2 0.627865 0.122685 0.0255208 0.0509259 0.397414
2 0.50651 0.105093 0.0421875 0.062037 0.431261
11 0.729167 0.0430556 0.0270833 0.0546296 0.661342
2 0.31849 0.121759 0.0505208 0.0712963 0.673507
10 0.203906 0.316204 0.0171875 0.0712963 0.842478
2 0.545313 0.296296 0.107292 0.157407 0.901493
2 0.729948 0.419444 0.122396 0.172222 0.912531
2 0.351823 0.56713 0.150521 0.213889 0.928372
