9 0.76901 0.0458333 0.0223958 0.0916667 0.00102767
2 0.795313 0.0912037 0.0479167 0.0416667 0.00102863
2 0.454167 0.0652778 0.0145833 0.0305556 0.0010922
7 0.236458 0.0694444 0.015625 0.05 0.00109271
9 0.547917 0.0527778 0.0104167 0.0240741 0.00114138
9 0.26276 0.0467593 0.0171875 0.0435185 0.00114204
9 0.244531 0.0875 0.0078125 0.0398148 0.00114459
9 0.190104 0.0875 0.0104167 0.0194444 0.00115736
0 0.757031 0.374537 0.0203125 0.0324074 0.00116263
58 0.968229 0.497685 0.03125 0.0953704 0.00116415
9 0.415104 0.0125 0.015625 0.025 0.00120886
2 0.448177 0.111111 0.0411458 0.0388889 0.00124389
12 0.702083 0.164352 0.0197917 0.0398148 0.00125486
2 0.254167 0.0865741 0.01875 0.0398148 0.00125769
12 0.693229 0.163426 0.00729167 0.037963 0.0012608
7 0.21849 0.0861111 0.0536458 0.12037 0.00130066
2 0.285677 0.0787037 0.0192708 0.0314815 0.00138728
1 0.0114583 0.371759 0.0229167 0.0564815 0.0014487
0 0.186979 0.103241 0.00729167 0.0527778 0.00157878
32 0.453906 0.313426 0.00885417 0.0138889 0.00162246
9 0.264583 0.0282407 0.0197917 0.0546296 0.00163701
2 0.293229 0.103241 0.0802083 0.0990741 0.00165865
2 0.263021 0.0981481 0.0104167 0.0592593 0.00168868
9 0.579427 0.0328704 0.0151042 0.0601852 0.0017344
2 0.653646 0.138426 0.0760417 0.0787037 0.00176929
0 0.75599 0.0865741 0.0130208 0.0675926 0.00179742
2 0.270312 0.0634259 0.01875 0.0435185 0.00180473
0 0.817187 0.233796 0.00833333 0.0361111 0.00182855
9 0.757552 0.0731481 0.0109375 0.0425926 0.00196361
9 0.1875 0.0851852 0.00729167 0.0277778 0.00209743
9 0.292448 0.0550926 0.0078125 0.037963 0.00220666
9 0.275781 0.0393519 0.0380208 0.0768519 0.00225119
11 0.239844 0.0347222 0.0203125 0.0657407 0.00227644
9 0.21849 0.102778 0.00885417 0.0388889 0.00231858
9 0.99349 0.493056 0.0119792 0.125 0.00236274
2 0.53125 0.112963 0.0135417 0.0425926 0.00237312
2 0.772656 0.107407 0.0171875 0.0259259 0.0023834
2 0.38776 0.109259 0.223438 0.0703704 0.00265607
2 0.564323 0.111111 0.245312 0.0703704 0.0028867
2 0.467969 0.0194444 0.0203125 0.0203704 0.00304971
2 0.592708 0.123611 0.0166667 0.0268519 0.00308501
0 0.715104 0.372222 0.021875 0.0259259 0.00319517
1 0.0130208 0.396759 0.0260417 0.110185 0.00330531
0 0.26276 0.0930556 0.00885417 0.0509259 0.00352392
7 0.275781 0.0638889 0.0390625 0.124074 0.00381491
9 0.213542 0.0638889 0.0364583 0.0592593 0.0040661
2 0.477865 0.109722 0.0692708 0.0583333 0.0040949
12 0.994271 0.494444 0.0104167 0.12963 0.004131
2 0.779167 0.100926 0.0302083 0.0425926 0.00420443
2 0.447396 0.116204 0.0270833 0.0212963 0.00463087
2 0.814062 0.0763889 0.0177083 0.0175926 0.00499245
2 0.00416667 0.408333 0.00833333 0.0851852 0.00508422
11 0.23724 0.0675926 0.0161458 0.0407407 0.00520281
10 0.197656 0.309722 0.0307292 0.087963 0.00549003
9 0.269792 0.0490741 0.01875 0.0351852 0.00586229
9 0.501823 0.759722 0.0130208 0.0546296 0.00588996
13 0.970573 0.520833 0.0578125 0.180556 0.00634834
9 0.573438 0.0314815 0.015625 0.0592593 0.00661336
13 0.961979 0.554167 0.040625 0.0453704 0.0070536
1 0.00598958 0.393056 0.0119792 0.110185 0.00729955
2 0.441927 0.0824074 0.0140625 0.0222222 0.00734003
13 0.986198 0.518056 0.0265625 0.178704 0.00819344
2 0.649479 0.149537 0.0395833 0.0564815 0.00860323
2 0.271094 0.106481 0.0140625 0.0444444 0.0098676
5 0.219792 0.0625 0.0458333 0.0601852 0.0104254
2 0.60625 0.0597222 0.0104167 0.025 0.0111893
2 0.285937 0.115741 0.0145833 0.0685185 0.0114077
7 0.213281 0.0615741 0.0359375 0.062037 0.0133377
2 0.238281 0.140741 0.0182292 0.0407407 0.0134272
2 0.785937 0.0893519 0.015625 0.025 0.0141546
2 0.363542 0.0671296 0.0114583 0.0212963 0.0146489
9 0.26849 0.0189815 0.0213542 0.0342593 0.0191507
2 0.634115 0.143981 0.0130208 0.0509259 0.0206822
2 0.392188 0.0662037 0.0229167 0.037963 0.0227322
9 0.21875 0.0893519 0.00833333 0.0138889 0.0248668
10 0.442187 0.0865741 0.0135417 0.025 0.0284177
9 0.567187 0.0476852 0.00833333 0.025 0.0384116
2 0.488281 0.107407 0.0140625 0.05 0.0485197
2 0.298698 0.103704 0.0348958 0.0740741 0.0595054
2 0.0046875 0.557407 0.009375 0.0388889 0.0682082
2 0.465104 0.111111 0.0166667 0.0407407 0.147622
2 0.480208 0.109259 0.0197917 0.0444444 0.259599
2 0.321354 0.0856481 0.0385417 0.0342593 0.31051
7 0.505729 0.103241 0.0427083 0.0638889 0.335887
2 0.50599 0.103241 0.0421875 0.0638889 0.519815
2 0.403385 0.0666667 0.0432292 0.0425926 0.590765
2 0.627083 0.122685 0.0260417 0.0509259 0.596694
2 0.317969 0.121296 0.0526042 0.0703704 0.726363
11 0.728646 0.0425926 0.0270833 0.0555556 0.771444
10 0.203906 0.315278 0.0171875 0.0712963 0.774916
2 0.729427 0.419444 0.122396 0.17037 0.895498
