0 0.757552 0.0921296 0.0119792 0.0787037 0.00107164
13 0.0140625 0.393056 0.028125 0.115741 0.00107687
0 0.255469 0.127315 0.0161458 0.0657407 0.00107971
5 0.220833 0.0925926 0.0552083 0.118519 0.00121757
12 0.965104 0.496759 0.0229167 0.0842593 0.00122396
2 0.660417 0.153704 0.059375 0.0611111 0.00127475
13 0.973177 0.525 0.0526042 0.183333 0.00128974
2 0.563281 0.422222 0.571354 0.17963 0.0013446
9 0.293229 0.0523148 0.009375 0.0472222 0.00138593
0 0.73125 0.371296 0.034375 0.0314815 0.00145874
0 0.566927 0.707407 0.171354 0.553704 0.00156265
0 0.534896 0.286574 0.534375 0.476852 0.00158411
2 0.500521 0.15787 0.028125 0.0361111 0.00159142
9 0.236458 0.0699074 0.01875 0.0472222 0.00171913
9 0.547917 0.050463 0.0104167 0.0268519 0.0017347
2 0.783594 0.0898148 0.0119792 0.0203704 0.00174195
9 0.361458 0.0652778 0.0114583 0.0212963 0.00208553
9 0.570573 0.0314815 0.0151042 0.0592593 0.00216576
2 0.238542 0.142593 0.01875 0.0407407 0.00225853
2 0.559375 0.110185 0.238542 0.0703704 0.00228587
13 0.00390625 0.396296 0.0078125 0.107407 0.00238702
2 0.291927 0.0712963 0.0109375 0.0166667 0.00250779
9 0.255208 0.0856481 0.0125 0.0361111 0.00262408
2 0.363542 0.0666667 0.0125 0.0203704 0.00265456
9 0.260156 0.0402778 0.0130208 0.062037 0.00281509
0 0.263021 0.103241 0.00833333 0.0527778 0.00287673
2 0.446615 0.102778 0.0265625 0.0462963 0.00305993
32 0.454167 0.314815 0.00729167 0.012963 0.0032585
2 0.408854 0.111111 0.282292 0.0833333 0.00334205
9 0.258594 0.0736111 0.0109375 0.0453704 0.00365677
7 0.221094 0.0518519 0.0546875 0.0944444 0.00393248
9 0.500521 0.602315 0.015625 0.0416667 0.00418636
9 0.438281 0.195833 0.0119792 0.0287037 0.0047159
12 0.974219 0.499537 0.0411458 0.126852 0.00486531
2 0.270573 0.110185 0.0119792 0.037037 0.00490305
9 0.266406 0.0976852 0.00989583 0.0527778 0.0049979
9 0.208854 0.0675926 0.0260417 0.0462963 0.00515973
2 0.475521 0.110648 0.0822917 0.0638889 0.00546231
9 0.986198 0.49213 0.0203125 0.113889 0.00572232
11 0.60625 0.0597222 0.00833333 0.0231481 0.00589853
12 0.995052 0.487963 0.00885417 0.114815 0.00592393
9 0.269271 0.0532407 0.0177083 0.037963 0.00651943
0 0.714063 0.371759 0.021875 0.025 0.00666695
9 0.263021 0.087037 0.00833333 0.037037 0.00673991
2 0.532812 0.1125 0.0145833 0.0453704 0.0068286
9 0.502344 0.760185 0.0119792 0.0537037 0.00740274
0 0.630208 0.140278 0.0197917 0.0564815 0.00756922
9 0.995313 0.487963 0.00833333 0.116667 0.00796654
1 0.810156 0.334722 0.0203125 0.0861111 0.00827668
9 0.973958 0.493981 0.0375 0.115741 0.00903519
0 0.635417 0.148611 0.0104167 0.0546296 0.00970217
2 0.591927 0.129167 0.0192708 0.0212963 0.00974105
2 0.442448 0.087037 0.0140625 0.0259259 0.0107373
9 0.442969 0.087963 0.0130208 0.0259259 0.011141
2 0.4625 0.113426 0.0145833 0.0361111 0.0206524
2 0.297135 0.108796 0.0328125 0.0768519 0.0237556
9 0.270312 0.0333333 0.0208333 0.062963 0.0245043
2 0.488802 0.106944 0.0151042 0.0509259 0.0249704
9 0.567187 0.0486111 0.00833333 0.0231481 0.0275997
5 0.216927 0.0671296 0.0453125 0.0564815 0.0293178
2 0.627604 0.122685 0.025 0.0546296 0.16627
2 0.322396 0.0856481 0.0385417 0.0342593 0.372657
2 0.475 0.108796 0.034375 0.0453704 0.381368
2 0.506771 0.10463 0.0427083 0.0611111 0.598578
11 0.729688 0.0435185 0.0270833 0.0574074 0.762704
2 0.318229 0.122685 0.0510417 0.0675926 0.770455
10 0.203906 0.315741 0.0161458 0.0703704 0.774334
2 0.517969 0.183796 0.0619792 0.087963 0.850531
2 0.729688 0.418519 0.121875 0.174074 0.899875
