2 0.588802 0.422222 0.568229 0.181481 0.00101351
9 0.36224 0.0472222 0.00989583 0.037037 0.00104654
24 0.161198 0.530093 0.0182292 0.0675926 0.00104878
0 0.75651 0.123148 0.0119792 0.0407407 0.00106046
7 0.278646 0.0435185 0.0395833 0.0851852 0.00108635
9 0.559635 0.0263889 0.0213542 0.0490741 0.00113857
2 0.652865 0.137963 0.0765625 0.0851852 0.00117108
12 0.817708 0.233796 0.00833333 0.0435185 0.00122177
0 0.172135 0.562037 0.0307292 0.111111 0.00123132
9 0.817448 0.234259 0.00885417 0.0444444 0.00125859
2 0.294792 0.106019 0.0802083 0.0990741 0.00127313
9 0.253385 0.0875 0.0140625 0.0361111 0.00130112
9 0.278125 0.062037 0.0416667 0.12037 0.00133515
9 0.579687 0.0342593 0.0125 0.0611111 0.00138148
2 0.536458 0.110185 0.0114583 0.0481481 0.00144405
9 0.258073 0.075 0.0119792 0.0481481 0.00154406
0 0.111719 0.57037 0.223438 0.448148 0.00163574
12 0.702344 0.126389 0.0223958 0.0601852 0.00167623
2 0.532031 0.111111 0.0140625 0.0425926 0.00169863
1 0.157552 0.5875 0.0151042 0.0638889 0.0016988
2 0.408594 0.111111 0.272396 0.0814815 0.00173888
1 0.810938 0.334259 0.0166667 0.0888889 0.00182988
2 0.445052 0.112037 0.0223958 0.0296296 0.00185278
2 0.771615 0.111111 0.0140625 0.0259259 0.00186494
2 0.961458 0.55463 0.0385417 0.0407407 0.00197299
0 0.715885 0.371759 0.0223958 0.0287037 0.00208094
2 0.815365 0.0699074 0.0151042 0.0138889 0.00213679
7 0.988542 0.521296 0.021875 0.185185 0.00214108
2 0.571615 0.109722 0.241146 0.0694444 0.00215064
2 0.777604 0.104167 0.03125 0.0509259 0.00228407
12 0.701823 0.162037 0.0223958 0.0407407 0.00243679
13 0.98151 0.52037 0.0359375 0.17963 0.0024424
2 0.0046875 0.55787 0.009375 0.037963 0.00253728
0 0.995573 0.331481 0.0078125 0.0537037 0.00256697
9 0.414844 0.00972222 0.0140625 0.0194444 0.0025774
2 0.755729 0.119444 0.0135417 0.0351852 0.00257753
2 0.310937 0.0819444 0.028125 0.0342593 0.00262638
13 0.961719 0.561111 0.0401042 0.0537037 0.00262987
2 0.240365 0.106019 0.0171875 0.0324074 0.00275023
9 0.458073 0.0648148 0.00677083 0.0296296 0.0029213
9 0.355729 0.0217593 0.00625 0.0175926 0.00295169
2 0.442969 0.0875 0.0140625 0.0268519 0.0031309
2 0.478385 0.109722 0.0567708 0.062037 0.00316719
9 0.3625 0.0694444 0.009375 0.0222222 0.00320423
2 0.814062 0.075 0.0177083 0.0185185 0.00332077
9 0.116927 0.025463 0.0161458 0.0361111 0.00338331
2 0.64974 0.149537 0.0390625 0.0583333 0.00341336
2 0.363802 0.0671296 0.0109375 0.0194444 0.00383986
7 0.971094 0.524074 0.0567708 0.196296 0.00432277
0 0.282813 0.0949074 0.00833333 0.0361111 0.00460497
0 0.757031 0.0712963 0.0109375 0.0462963 0.00481868
11 0.60625 0.0601852 0.0104167 0.0240741 0.00493578
11 0.236979 0.0694444 0.0166667 0.0462963 0.00525205
9 0.263802 0.0888889 0.00989583 0.037037 0.00631286
12 0.994531 0.503241 0.00989583 0.14537 0.0063893
7 0.220313 0.0662037 0.05 0.0712963 0.00731817
0 0.266406 0.099537 0.0109375 0.0527778 0.00739699
5 0.220833 0.0675926 0.05 0.0648148 0.00777485
12 0.69401 0.163889 0.00677083 0.0388889 0.00813384
9 0.572135 0.0310185 0.0140625 0.0583333 0.00879869
0 0.15026 0.906018 0.121354 0.184259 0.0100954
2 0.270312 0.108796 0.0135417 0.0398148 0.0104914
9 0.502083 0.760648 0.0125 0.0527778 0.0106525
9 0.208594 0.0685185 0.0213542 0.0444444 0.0115825
9 0.442708 0.0875 0.0125 0.0268519 0.0118045
9 0.220833 0.0537037 0.0177083 0.0444444 0.0148357
0 0.634896 0.148148 0.009375 0.0518519 0.0170171
2 0.238281 0.141204 0.0182292 0.0398148 0.01819
1 0.0114583 0.366667 0.0229167 0.0481481 0.0207886
2 0.634896 0.14537 0.0104167 0.0537037 0.021149
9 0.292969 0.0666667 0.0109375 0.0259259 0.0247091
2 0.785677 0.0888889 0.0140625 0.0222222 0.0255197
2 0.592448 0.126389 0.0171875 0.0212963 0.0265215
1 0.00442708 0.415741 0.00885417 0.0685185 0.0284124
2 0.4875 0.10787 0.0135417 0.0490741 0.0398605
2 0.292708 0.112037 0.0270833 0.0685185 0.0486624
7 0.298438 0.106944 0.0354167 0.0787037 0.0545879
9 0.567187 0.0476852 0.00729167 0.0231481 0.0711254
1 0.0111979 0.396296 0.0223958 0.109259 0.0970697
2 0.461979 0.112963 0.0125 0.037037 0.122482
9 0.269271 0.0351852 0.021875 0.0648148 0.144351
24 0.178125 0.525926 0.0333333 0.0796296 0.165736
2 0.479948 0.109259 0.0213542 0.0444444 0.264188
2 0.322396 0.0865741 0.0364583 0.0342593 0.320011
2 0.627083 0.120833 0.025 0.0509259 0.39145
1 0.176563 0.634259 0.03125 0.144444 0.447963
2 0.505729 0.104167 0.0427083 0.062037 0.535499
2 0.31875 0.121759 0.0510417 0.0694444 0.703942
10 0.204167 0.315741 0.015625 0.0722222 0.715996
0 0.177865 0.570833 0.0442708 0.193519 0.782535
11 0.729167 0.0430556 0.0270833 0.0564815 0.794921
2 0.729948 0.419907 0.122396 0.171296 0.901652
