2 0.574479 0.125926 0.053125 0.0388889 0.0010147
2 0.241406 0.105556 0.0151042 0.0351852 0.00102409
2 0.620833 0.421296 0.473958 0.177778 0.00102947
7 0.990104 0.518519 0.01875 0.183333 0.00104234
0 0.53151 0.227778 0.518229 0.331481 0.00107943
2 0.816146 0.231944 0.0104167 0.0435185 0.00112923
13 0.970833 0.52037 0.0572917 0.172222 0.00114107
9 0.756771 0.115278 0.0135417 0.037963 0.0011419
9 0.415885 0.00925926 0.0161458 0.0185185 0.00116508
2 0.975521 0.500463 0.0479167 0.134259 0.00116845
9 0.977604 0.499537 0.04375 0.132407 0.0012022
2 0.257031 0.0962963 0.0244792 0.0648148 0.00121055
7 0.970833 0.518056 0.0572917 0.178704 0.00122527
12 0.691146 0.166667 0.0104167 0.0388889 0.00128711
9 0.990885 0.510185 0.0171875 0.155556 0.00135114
2 0.655208 0.138426 0.0833333 0.087963 0.00135414
2 0.299479 0.0958333 0.0947917 0.087963 0.00138287
2 0.641667 0.150926 0.021875 0.062963 0.0014163
11 0.239844 0.0356481 0.0234375 0.0694444 0.00142948
11 0.220573 0.0601852 0.0515625 0.0666667 0.00145249
3 0.816146 0.231944 0.0104167 0.0435185 0.00155923
0 0.442708 0.087963 0.0135417 0.0296296 0.00159294
2 0.995573 0.53287 0.0078125 0.0342593 0.00160212
7 0.148438 0.0898148 0.065625 0.0759259 0.00164956
2 0.447656 0.1125 0.0286458 0.0305556 0.00168064
9 0.757292 0.0740741 0.0114583 0.0407407 0.00170723
2 0.255469 0.0861111 0.0203125 0.0351852 0.00174337
9 0.567187 0.0574074 0.0104167 0.0425926 0.0018554
2 0.814583 0.075463 0.0166667 0.0175926 0.00190578
0 0.716406 0.37037 0.0223958 0.0277778 0.00193648
2 0.460677 0.0199074 0.0223958 0.0212963 0.00210078
9 0.500781 0.603704 0.0151042 0.0407407 0.00214462
9 0.263542 0.0398148 0.01875 0.0611111 0.00233515
58 0.968229 0.496759 0.0291667 0.0861111 0.00234357
1 0.00364583 0.418981 0.00729167 0.0657407 0.00247322
13 0.96224 0.556019 0.0401042 0.0453704 0.00247395
1 0.00494792 0.395833 0.00989583 0.112037 0.00250578
9 0.270052 0.0532407 0.0203125 0.0527778 0.00255144
0 0.756771 0.0925926 0.0145833 0.0777778 0.00261411
2 0.292448 0.0888889 0.0213542 0.0518519 0.00268451
1 0.809375 0.330093 0.0197917 0.0842593 0.00273575
9 0.29401 0.0546296 0.00885417 0.037037 0.00276982
1 0.0109375 0.381019 0.021875 0.0916667 0.00295064
13 0.0132813 0.395833 0.0265625 0.113889 0.00304876
2 0.566146 0.10787 0.254167 0.0675926 0.00328381
2 0.408073 0.105093 0.274479 0.0787037 0.00357307
9 0.276563 0.0393519 0.0385417 0.0768519 0.00359762
11 0.60599 0.0597222 0.00989583 0.0231481 0.00410188
12 0.994792 0.499074 0.009375 0.135185 0.00428946
0 0.995573 0.329167 0.0078125 0.0527778 0.00431221
11 0.236458 0.0689815 0.0177083 0.0453704 0.0044936
9 0.263021 0.0884259 0.00833333 0.037963 0.00531123
2 0.284375 0.0777778 0.0239583 0.037037 0.0059276
2 0.238281 0.141204 0.0182292 0.0398148 0.00606532
7 0.275781 0.0425926 0.0390625 0.0814815 0.00630173
2 0.470313 0.106481 0.0833333 0.0592593 0.00720129
0 0.266146 0.0972222 0.0104167 0.0537037 0.00751805
9 0.571615 0.0310185 0.0140625 0.0583333 0.00845828
9 0.994792 0.494444 0.009375 0.131481 0.00851313
2 0.270833 0.107407 0.0125 0.0425926 0.00925785
2 0.591927 0.126389 0.0182292 0.025 0.0102104
9 0.208333 0.0675926 0.0239583 0.0462963 0.01079
2 0.28125 0.0847222 0.00833333 0.0287037 0.0141668
2 0.785677 0.0888889 0.0140625 0.0222222 0.0166181
9 0.502344 0.760648 0.0119792 0.0546296 0.0228087
2 0.488281 0.106944 0.0140625 0.0509259 0.02514
9 0.26875 0.0222222 0.0208333 0.0388889 0.0263603
5 0.220833 0.0689815 0.05 0.0583333 0.027377
10 0.442448 0.087037 0.0130208 0.0277778 0.0280978
2 0.634896 0.145833 0.0114583 0.0527778 0.028499
0 0.635156 0.148148 0.00989583 0.0518519 0.0311441
7 0.220573 0.0680556 0.0505208 0.0583333 0.0338807
9 0.567187 0.0481481 0.00833333 0.0222222 0.0598435
2 0.30026 0.107407 0.0411458 0.0814815 0.0885518
2 0.46224 0.110648 0.0130208 0.0416667 0.0929735
2 0.471875 0.109259 0.03125 0.0444444 0.27104
2 0.321615 0.087963 0.0369792 0.0388889 0.283899
2 0.627344 0.121296 0.0255208 0.0518519 0.332407
2 0.347396 0.062037 0.0510417 0.0333333 0.536875
2 0.317708 0.121296 0.0520833 0.0722222 0.671055
2 0.50599 0.10463 0.0432292 0.0611111 0.690268
10 0.203906 0.316667 0.0161458 0.0722222 0.720993
11 0.729167 0.0430556 0.0270833 0.0564815 0.800599
2 0.506771 0.25 0.078125 0.105556 0.887514
2 0.729688 0.419907 0.122917 0.169444 0.901877
