9 0.75651 0.116204 0.0130208 0.037963 0.00101325
13 0.970312 0.510648 0.05625 0.15463 0.0010168
2 0.588802 0.125463 0.0265625 0.0324074 0.00105738
2 0.0046875 0.365278 0.009375 0.0935185 0.00106532
0 0.756771 0.0921296 0.0135417 0.0824074 0.00107945
12 0.688542 0.166667 0.0145833 0.0388889 0.00113429
1 0.801042 0.318056 0.0291667 0.0861111 0.00115581
0 0.817448 0.236111 0.0078125 0.0407407 0.00123958
7 0.973437 0.525 0.0520833 0.201852 0.00125355
9 0.577344 0.0347222 0.0171875 0.0657407 0.0012545
2 0.641927 0.151852 0.0213542 0.062963 0.00127832
12 0.976562 0.497222 0.0447917 0.127778 0.00133969
13 0.993229 0.519907 0.0125 0.165741 0.00139325
9 0.36224 0.0444444 0.00989583 0.0314815 0.00143335
2 0.295052 0.106944 0.0723958 0.0972222 0.00169532
0 0.154427 0.113426 0.00989583 0.025 0.00170451
0 0.58724 0.436574 0.0244792 0.037963 0.00175271
2 0.779167 0.100463 0.028125 0.0453704 0.00177631
9 0.583854 0.037037 0.0125 0.0592593 0.0018
2 0.549479 0.111111 0.305208 0.0759259 0.00188914
9 0.758073 0.0708333 0.0109375 0.0416667 0.00217708
0 0.579948 0.430093 0.0338542 0.0268519 0.00220722
12 0.692708 0.164815 0.00729167 0.0407407 0.00220949
0 0.714844 0.371759 0.0255208 0.0287037 0.00222588
13 0.985417 0.523148 0.028125 0.187037 0.00225865
9 0.500781 0.602315 0.0151042 0.0416667 0.00244118
0 0.56901 0.430556 0.0244792 0.0296296 0.00251982
7 0.220573 0.0907407 0.0546875 0.131481 0.00252967
2 0.418229 0.111574 0.190625 0.0694444 0.0026833
2 0.0119792 0.36713 0.0239583 0.0490741 0.00283936
9 0.236979 0.0666667 0.0166667 0.0407407 0.0029651
2 0.363542 0.0666667 0.0125 0.0203704 0.00332864
2 0.219531 0.134722 0.0567708 0.0546296 0.00351698
9 0.208854 0.0648148 0.0229167 0.05 0.0036452
9 0.256771 0.075463 0.009375 0.0490741 0.00366309
9 0.251823 0.0856481 0.0130208 0.0342593 0.00374502
9 0.994531 0.493056 0.00989583 0.126852 0.00375474
9 0.266927 0.0981481 0.0109375 0.0537037 0.00384251
0 0.442448 0.0972222 0.0171875 0.05 0.00391715
2 0.00833333 0.395833 0.0166667 0.112037 0.00401623
2 0.00494792 0.55787 0.00989583 0.0398148 0.00427689
9 0.263281 0.0865741 0.00989583 0.0324074 0.00443467
19 0.442708 0.087963 0.0135417 0.0296296 0.00465638
11 0.23724 0.0699074 0.0161458 0.0453704 0.00466472
9 0.416146 0.0106481 0.015625 0.0212963 0.0047423
9 0.571615 0.0319444 0.0140625 0.0601852 0.00474479
0 0.617708 0.435185 0.0197917 0.0407407 0.005226
2 0.442708 0.0884259 0.0145833 0.0305556 0.00558667
9 0.292448 0.0712963 0.0119792 0.0166667 0.00583187
9 0.458073 0.0657407 0.00677083 0.0277778 0.00613039
2 0.685156 0.45 0.358854 0.212963 0.00654768
0 0.635677 0.147685 0.00989583 0.0527778 0.00756033
2 0.300781 0.0935185 0.0328125 0.0574074 0.00778884
2 0.272135 0.106944 0.0161458 0.0435185 0.00884723
9 0.29349 0.0564815 0.00989583 0.0425926 0.00897742
2 0.634896 0.143056 0.0114583 0.0509259 0.00935483
1 0.810156 0.331019 0.0203125 0.0916667 0.0104652
0 0.608333 0.435185 0.028125 0.0388889 0.0155527
2 0.59349 0.126852 0.0171875 0.0222222 0.0157827
11 0.60625 0.0601852 0.0104167 0.0240741 0.0173411
2 0.00416667 0.406481 0.00833333 0.0888889 0.0191263
7 0.213542 0.0615741 0.0333333 0.0601852 0.0192492
9 0.502604 0.760185 0.0125 0.0555556 0.0238919
2 0.786458 0.0893519 0.015625 0.025 0.0239727
9 0.220313 0.0884259 0.0104167 0.0175926 0.0266763
2 0.486979 0.10787 0.0145833 0.0490741 0.0341213
9 0.567448 0.0481481 0.00885417 0.0240741 0.0433038
2 0.238542 0.140278 0.01875 0.0416667 0.0505216
9 0.26901 0.0384259 0.0223958 0.0675926 0.0619992
2 0.293229 0.110185 0.028125 0.0814815 0.0631344
7 0.298438 0.108333 0.0364583 0.0814815 0.0640977
2 0.461719 0.115278 0.0130208 0.0324074 0.0736774
2 0.466927 0.110648 0.0213542 0.0416667 0.162843
2 0.478385 0.108333 0.0255208 0.0462963 0.250957
2 0.322917 0.0865741 0.0375 0.0361111 0.309893
2 0.627865 0.122685 0.0255208 0.0527778 0.332542
2 0.50599 0.104167 0.0421875 0.0638889 0.517453
2 0.31849 0.121296 0.0505208 0.0703704 0.658152
11 0.729427 0.0430556 0.0276042 0.0564815 0.664938
10 0.203906 0.316667 0.0161458 0.0703704 0.711997
2 0.58125 0.480093 0.1375 0.191667 0.889936
2 0.730208 0.419444 0.121875 0.172222 0.894313
