2 0.806771 0.0726852 0.00833333 0.0194444 0.00100662
9 0.429688 0.0402778 0.00833333 0.0194444 0.00100751
32 0.461198 0.353704 0.0119792 0.012963 0.00101393
0 0.523958 0.305093 0.5625 0.486111 0.00103945
7 0.970573 0.527778 0.0578125 0.198148 0.00108418
1 0.813802 0.365278 0.0140625 0.0398148 0.00109848
9 0.292188 0.0537037 0.009375 0.0444444 0.00114933
9 0.46901 0.410185 0.0109375 0.0240741 0.00117176
9 0.236458 0.0625 0.0177083 0.0342593 0.00119042
0 0.74974 0.0986111 0.0276042 0.0898148 0.00124352
2 0.5375 0.110185 0.009375 0.0481481 0.00125267
7 0.220313 0.0587963 0.0520833 0.0768519 0.00125579
9 0.582812 0.0337963 0.01875 0.0638889 0.00136212
0 0.26276 0.110648 0.00989583 0.0416667 0.00141459
9 0.253906 0.087037 0.0140625 0.0333333 0.00146426
2 0.785417 0.104167 0.0427083 0.0546296 0.00148552
2 0.513281 0.109259 0.283854 0.0685185 0.00150248
13 0.970833 0.522222 0.0572917 0.172222 0.00153737
9 0.441406 0.227315 0.00885417 0.0175926 0.00154452
12 0.995313 0.52963 0.00833333 0.0574074 0.00155845
2 0.689323 0.169907 0.0140625 0.037963 0.00161987
9 0.55651 0.0263889 0.0276042 0.0490741 0.00168911
9 0.590104 0.0333333 0.015625 0.0611111 0.00173955
0 0.758073 0.375463 0.0182292 0.0287037 0.0019233
2 0.775 0.116667 0.0197917 0.0333333 0.00193397
9 0.56276 0.0509259 0.0192708 0.0259259 0.0020031
0 0.73151 0.372685 0.0348958 0.0305556 0.00203493
12 0.690365 0.166667 0.0130208 0.0407407 0.00205463
11 0.23724 0.0675926 0.0171875 0.0425926 0.00207259
2 0.197917 0.246296 0.025 0.0148148 0.00215483
12 0.973958 0.498611 0.040625 0.123148 0.00221175
9 0.258854 0.0717593 0.0114583 0.0472222 0.00229197
9 0.548177 0.0481481 0.0109375 0.0277778 0.00254265
9 0.267969 0.0962963 0.0119792 0.0481481 0.00263256
2 0.814323 0.0837963 0.0161458 0.0212963 0.00283723
2 0.292969 0.106019 0.0921875 0.0824074 0.00306627
2 0.291667 0.0717593 0.0114583 0.0175926 0.0030822
7 0.789583 0.0643518 0.0270833 0.0638889 0.00311048
0 0.561979 0.255556 0.0364583 0.0425926 0.0033003
2 0.532292 0.111574 0.0135417 0.0416667 0.00330956
2 0.66224 0.147685 0.0671875 0.0824074 0.00391375
9 0.989323 0.498148 0.0192708 0.122222 0.0044034
1 0.809375 0.332407 0.021875 0.0925926 0.00446078
0 0.00364583 0.406944 0.00729167 0.0861111 0.00460613
0 0.442708 0.0976852 0.0177083 0.0472222 0.00476962
0 0.178646 0.728241 0.169792 0.465741 0.00521759
9 0.264844 0.0805556 0.0130208 0.0333333 0.00529757
0 0.717188 0.372222 0.0239583 0.0277778 0.00570463
9 0.220573 0.0851852 0.0119792 0.0185185 0.00584435
11 0.60599 0.0597222 0.00989583 0.0231481 0.00609659
9 0.454427 0.312037 0.0078125 0.0222222 0.00684048
1 0.00390625 0.407407 0.0078125 0.0851852 0.00690721
1 0.0135417 0.365278 0.0270833 0.0527778 0.00706799
2 0.271875 0.111574 0.0135417 0.0342593 0.00750319
2 0.445833 0.108333 0.14375 0.0518519 0.00783428
2 0.649219 0.15 0.0380208 0.0611111 0.00804261
2 0.592448 0.127778 0.0182292 0.0222222 0.00831117
12 0.984375 0.496759 0.0166667 0.119444 0.00892698
9 0.218229 0.0648148 0.0229167 0.05 0.00960267
12 0.995313 0.487963 0.00833333 0.114815 0.00992021
5 0.220573 0.0708333 0.0505208 0.0546296 0.0107832
2 0.635677 0.149537 0.0109375 0.0546296 0.0131596
2 0.332552 0.106944 0.0473958 0.0509259 0.0136778
9 0.572396 0.0314815 0.0145833 0.0592593 0.0145499
2 0.363281 0.0726852 0.0109375 0.0268519 0.0154653
9 0.502604 0.759259 0.0114583 0.0555556 0.0159398
9 0.442969 0.087037 0.0130208 0.0259259 0.0165618
0 0.635417 0.149537 0.009375 0.0509259 0.0191709
1 0.0114583 0.389815 0.0229167 0.122222 0.0225486
2 0.814062 0.0768519 0.0166667 0.0148148 0.0229601
9 0.207031 0.0680556 0.0203125 0.0435185 0.0250097
2 0.461979 0.114352 0.0135417 0.0342593 0.0250486
2 0.785417 0.0893519 0.015625 0.0231481 0.0285006
9 0.222135 0.0532407 0.0151042 0.0361111 0.0290149
2 0.238281 0.141204 0.0192708 0.0416667 0.0336872
0 0.757031 0.0902778 0.0140625 0.0712963 0.0449959
2 0.442708 0.087037 0.0135417 0.0259259 0.0609368
2 0.292448 0.114352 0.0255208 0.0712963 0.0886941
9 0.567448 0.0481481 0.00885417 0.0240741 0.100876
2 0.348958 0.113889 0.01875 0.0388889 0.282865
2 0.322396 0.0851852 0.0375 0.0333333 0.312799
9 0.269271 0.0342593 0.021875 0.0648148 0.318303
2 0.475 0.109259 0.0354167 0.0462963 0.443156
2 0.627604 0.121759 0.025 0.0509259 0.532222
2 0.50625 0.10463 0.0427083 0.062963 0.532247
11 0.729167 0.0425926 0.0270833 0.0555556 0.733456
2 0.31901 0.122685 0.0494792 0.0694444 0.758157
10 0.203646 0.316204 0.0166667 0.0712963 0.767822
2 0.386719 0.0884259 0.0255208 0.037963 0.808352
7 0.561719 0.285648 0.109896 0.193519 0.821692
2 0.729948 0.418981 0.122396 0.173148 0.913056
