2 0.217969 0.136111 0.0588542 0.05 0.00108733
9 0.439063 0.197222 0.0125 0.0333333 0.00108786
2 0.503385 0.103704 0.0432292 0.0592593 0.00108965
1 0.810938 0.328704 0.0177083 0.0814815 0.00113217
12 0.702083 0.130093 0.0229167 0.0694444 0.00116225
9 0.589063 0.0444444 0.0135417 0.0425926 0.0011903
10 0.197396 0.295833 0.0291667 0.115741 0.00122055
7 0.989062 0.519444 0.0208333 0.181481 0.00122216
2 0.659635 0.139815 0.0692708 0.062963 0.00130317
9 0.548177 0.0513889 0.0119792 0.025 0.00130456
9 0.56224 0.050463 0.0192708 0.0268519 0.00131909
9 0.50026 0.603241 0.0151042 0.037963 0.00137114
2 0.27474 0.114352 0.0223958 0.0490741 0.00138311
9 0.559115 0.0287037 0.0223958 0.0518519 0.00141157
0 0.714583 0.37037 0.0239583 0.0277778 0.00144815
13 0.960938 0.555556 0.0375 0.0444444 0.00152332
2 0.576042 0.125463 0.0520833 0.0342593 0.00168707
58 0.96901 0.499537 0.0317708 0.0916667 0.001785
2 0.442448 0.087037 0.0151042 0.0277778 0.00180259
2 0.292188 0.103704 0.0864583 0.0833333 0.00181172
0 0.26276 0.10463 0.00989583 0.05 0.00188891
2 0.548698 0.112963 0.264062 0.0685185 0.00201121
2 0.0135417 0.367593 0.0270833 0.05 0.00201293
9 0.415365 0.00833333 0.0151042 0.0166667 0.00207317
2 0.266667 0.0958333 0.009375 0.0472222 0.00208315
11 0.255469 0.0865741 0.0203125 0.0342593 0.00210247
0 0.816667 0.234259 0.009375 0.0407407 0.00210539
12 0.701302 0.163889 0.0223958 0.037037 0.0021437
9 0.575781 0.0333333 0.0171875 0.062963 0.00220404
9 0.993229 0.5 0.0125 0.137037 0.00227659
2 0.780729 0.101852 0.0322917 0.05 0.00236649
7 0.976562 0.52037 0.0458333 0.190741 0.00237185
9 0.363281 0.0699074 0.0119792 0.0231481 0.00247103
2 0.291927 0.0731481 0.0171875 0.0166667 0.00259237
9 0.263021 0.087037 0.00833333 0.0333333 0.00295447
2 0.476042 0.112037 0.075 0.0537037 0.00295713
13 0.0145833 0.394907 0.0291667 0.113889 0.00311172
1 0.00572917 0.368981 0.0114583 0.0638889 0.0031263
11 0.236979 0.0685185 0.0166667 0.0425926 0.00317876
0 0.282813 0.0912037 0.00833333 0.0361111 0.00330673
9 0.584375 0.0435185 0.0125 0.0388889 0.00395622
2 0.646615 0.147685 0.0338542 0.0601852 0.00428136
12 0.99401 0.499537 0.0109375 0.137963 0.00433184
7 0.788542 0.0648148 0.025 0.062963 0.00470387
7 0.219531 0.0611111 0.0484375 0.0685185 0.00531613
2 0.363542 0.114815 0.0864583 0.0574074 0.00547577
1 0.00963542 0.394907 0.0192708 0.115741 0.00580234
12 0.69349 0.163426 0.0078125 0.0398148 0.00593227
1 0.00442708 0.401852 0.00885417 0.0981481 0.00600169
0 0.995573 0.330556 0.0078125 0.0537037 0.00777864
9 0.442448 0.087963 0.0130208 0.0277778 0.00994319
9 0.208594 0.0680556 0.0244792 0.0472222 0.0101755
2 0.324219 0.102778 0.0453125 0.0574074 0.0106247
2 0.270312 0.111111 0.0125 0.0351852 0.0107184
2 0.592708 0.126389 0.0177083 0.0231481 0.0110623
9 0.570312 0.0314815 0.0125 0.0592593 0.015873
2 0.786458 0.0888889 0.0177083 0.0240741 0.0181345
0 0.75599 0.0837963 0.0140625 0.062037 0.0187465
11 0.60599 0.0601852 0.00989583 0.0240741 0.0198236
9 0.26875 0.0342593 0.0208333 0.0648148 0.0220676
2 0.292188 0.10787 0.0270833 0.075 0.0227863
2 0.238542 0.141204 0.0177083 0.0398148 0.0238937
5 0.220833 0.0675926 0.05 0.0592593 0.0323001
0 0.635417 0.148148 0.009375 0.0537037 0.0391083
2 0.488802 0.10787 0.0140625 0.0490741 0.040288
9 0.502344 0.760185 0.0130208 0.0555556 0.0479653
2 0.634896 0.147222 0.0104167 0.0555556 0.0541732
7 0.319271 0.106481 0.046875 0.0722222 0.0570054
2 0.444531 0.115278 0.0213542 0.0231481 0.0608642
7 0.321875 0.087963 0.0416667 0.037037 0.0644011
7 0.297656 0.105093 0.0359375 0.0768519 0.0873803
9 0.567187 0.0486111 0.00833333 0.025 0.134924
2 0.322396 0.0856481 0.0375 0.0324074 0.159891
2 0.4625 0.114815 0.0125 0.0333333 0.183945
2 0.479167 0.109722 0.0197917 0.0453704 0.273522
2 0.627083 0.120833 0.025 0.0509259 0.338593
7 0.50599 0.104167 0.0432292 0.062037 0.452452
2 0.351042 0.116667 0.0166667 0.0314815 0.508046
2 0.318229 0.121759 0.05 0.0694444 0.58263
10 0.204167 0.315741 0.015625 0.0722222 0.765782
2 0.418229 0.114352 0.0302083 0.0287037 0.775373
2 0.374479 0.110185 0.0333333 0.0425926 0.786385
11 0.728906 0.0430556 0.0265625 0.0583333 0.811629
2 0.729688 0.419444 0.122917 0.17037 0.897876
