2 0.597656 0.424074 0.618229 0.183333 0.00101164
0 0.739583 0.369907 0.028125 0.0342593 0.00101295
12 0.817708 0.233796 0.00833333 0.0416667 0.00109452
32 0.460156 0.356944 0.00989583 0.0157407 0.00109648
7 0.3 0.106944 0.084375 0.0935185 0.00110801
32 0.452865 0.316667 0.0109375 0.0148148 0.00113365
12 0.702344 0.135185 0.0244792 0.0777778 0.00114562
9 0.26276 0.0300926 0.0161458 0.0564815 0.00116728
12 0.98776 0.52037 0.0234375 0.175926 0.00121454
2 0.794531 0.0837963 0.0307292 0.0287037 0.00126354
9 0.817448 0.234259 0.0078125 0.0388889 0.00128139
2 0.466667 0.124074 0.0333333 0.0444444 0.00132775
2 0.339844 0.0763889 0.0130208 0.025 0.00140078
9 0.429688 0.0425926 0.00833333 0.0222222 0.00143792
12 0.702344 0.164815 0.0203125 0.037037 0.00145009
9 0.219271 0.105093 0.0104167 0.037963 0.00155209
2 0.783594 0.101389 0.0369792 0.0490741 0.00156598
2 0.44375 0.114815 0.358333 0.087037 0.00162734
2 0.775781 0.114352 0.0203125 0.0324074 0.00163749
0 0.758594 0.0717593 0.00989583 0.0361111 0.00163845
9 0.578646 0.0342593 0.0166667 0.062963 0.00172694
0 0.757812 0.087963 0.0125 0.0685185 0.001734
12 0.692187 0.165741 0.009375 0.037037 0.00181006
9 0.364323 0.050463 0.00989583 0.0416667 0.00181597
0 0.757552 0.372685 0.0192708 0.0324074 0.00185069
9 0.252604 0.0856481 0.0125 0.0342593 0.00193606
13 0.0252604 0.374537 0.0505208 0.0731481 0.00193792
2 0.646875 0.147222 0.0354167 0.0611111 0.00203113
1 0.810677 0.332407 0.0203125 0.0925926 0.00207491
58 0.96901 0.494907 0.0307292 0.0916667 0.00207545
9 0.257031 0.075 0.0109375 0.0481481 0.0020814
0 0.263021 0.10463 0.00833333 0.05 0.00218565
9 0.265885 0.0990741 0.0109375 0.0537037 0.00230324
2 0.492188 0.114352 0.0385417 0.0546296 0.0023054
7 0.989062 0.520833 0.0208333 0.187963 0.00236741
5 0.220573 0.0717593 0.0515625 0.0638889 0.00241894
9 0.109635 0.0305556 0.0130208 0.0388889 0.00246266
11 0.240365 0.0337963 0.0223958 0.0638889 0.00253096
9 0.500521 0.603704 0.015625 0.0388889 0.00253337
7 0.969792 0.529167 0.059375 0.20463 0.00253581
9 0.583594 0.0416667 0.0119792 0.0462963 0.00257438
9 0.263021 0.0865741 0.00729167 0.0342593 0.00259888
0 0.714323 0.372222 0.0244792 0.0277778 0.0027426
2 0.238802 0.139352 0.0203125 0.0453704 0.0029792
12 0.994271 0.518981 0.0104167 0.171296 0.00304891
9 0.569271 0.0324074 0.0125 0.0574074 0.00321667
2 0.534115 0.1125 0.126563 0.0712963 0.00329749
2 0.481771 0.150463 0.04375 0.0398148 0.00339709
13 0.00390625 0.423611 0.0078125 0.0564815 0.00341211
9 0.989583 0.516667 0.0197917 0.172222 0.00364029
2 0.81276 0.075463 0.0151042 0.0157407 0.0037231
9 0.270312 0.0476852 0.0197917 0.0416667 0.00402321
1 0.0158854 0.390278 0.0317708 0.117593 0.00420411
9 0.219531 0.0657407 0.0442708 0.05 0.00436167
2 0.454948 0.103704 0.0151042 0.0388889 0.00447684
9 0.116406 0.024537 0.0161458 0.0435185 0.00448516
9 0.995052 0.518056 0.00885417 0.0601852 0.00522467
11 0.236979 0.0680556 0.0177083 0.0435185 0.00559478
9 0.502344 0.760648 0.0119792 0.0509259 0.00592252
7 0.220313 0.0685185 0.0510417 0.062963 0.00637707
2 0.340885 0.0884259 0.00989583 0.0287037 0.0073021
2 0.442969 0.0893519 0.0140625 0.0324074 0.00748287
11 0.60599 0.0597222 0.00989583 0.0231481 0.00908353
9 0.369271 0.0486111 0.00729167 0.0231481 0.00949427
2 0.270833 0.110648 0.0125 0.037963 0.00961563
9 0.269531 0.0291667 0.0213542 0.0509259 0.0100369
1 0.0125 0.373611 0.025 0.062037 0.010283
2 0.592708 0.126852 0.0166667 0.0222222 0.0103139
9 0.216667 0.0569444 0.0260417 0.0490741 0.0104029
9 0.994531 0.49213 0.00989583 0.121296 0.0130227
9 0.208333 0.0662037 0.0197917 0.0435185 0.0138642
9 0.3625 0.0689815 0.00833333 0.0231481 0.0142454
13 0.00625 0.398611 0.0125 0.106481 0.0143521
9 0.442708 0.0888889 0.0125 0.0314815 0.0155345
2 0.444531 0.102315 0.0151042 0.0435185 0.0214727
2 0.786458 0.0898148 0.015625 0.0222222 0.0257866
13 0.0132813 0.396759 0.0265625 0.110185 0.0276613
2 0.635156 0.146759 0.0109375 0.0546296 0.0362605
0 0.635417 0.147222 0.009375 0.0518519 0.0548297
9 0.567448 0.0486111 0.00885417 0.025 0.0683559
9 0.378385 0.0546296 0.00885417 0.0296296 0.100946
2 0.299219 0.108333 0.0390625 0.0851852 0.130996
7 0.298438 0.106944 0.0395833 0.0842593 0.191142
2 0.321615 0.0888889 0.0390625 0.0333333 0.195018
2 0.627344 0.121296 0.0255208 0.05 0.310006
2 0.510417 0.105093 0.034375 0.062037 0.679994
2 0.31875 0.12037 0.05 0.0722222 0.698121
11 0.729427 0.0435185 0.0265625 0.0555556 0.738417
2 0.477083 0.126389 0.05625 0.0861111 0.777114
10 0.204167 0.315278 0.0166667 0.0712963 0.782521
2 0.729688 0.418981 0.122917 0.171296 0.912744
