9 0.26276 0.0902778 0.0078125 0.0435185 0.00102521
0 0.758333 0.118519 0.0125 0.0518519 0.00108938
9 0.995573 0.528241 0.0078125 0.0361111 0.00109327
0 0.361719 0.0740741 0.0130208 0.0296296 0.00117139
13 0.99349 0.518519 0.0119792 0.168519 0.00119017
12 0.693229 0.162963 0.00729167 0.0388889 0.00119219
13 0.96224 0.551852 0.0369792 0.037037 0.00127014
0 0.263021 0.10787 0.00833333 0.0453704 0.00127915
2 0.595052 0.425926 0.607813 0.174074 0.00128906
2 0.815625 0.0689815 0.0135417 0.012037 0.00135466
58 0.967188 0.501852 0.0270833 0.087037 0.00138243
9 0.547917 0.0527778 0.0104167 0.0259259 0.00140832
7 0.300521 0.110185 0.09375 0.087037 0.00146401
0 0.708594 0.373148 0.0192708 0.0259259 0.00151346
12 0.757552 0.0763889 0.00989583 0.0453704 0.00159125
11 0.240625 0.0319444 0.021875 0.0601852 0.00162879
2 0.46901 0.121296 0.0317708 0.0425926 0.00164316
5 0.220052 0.0777778 0.0536458 0.0722222 0.00167768
5 0.213542 0.0615741 0.0333333 0.0564815 0.00168372
13 0.986458 0.518981 0.0260417 0.175 0.00177258
2 0.786458 0.0824074 0.0145833 0.0203704 0.0017761
9 0.573958 0.0314815 0.0145833 0.0611111 0.00181566
2 0.440365 0.1125 0.0182292 0.0305556 0.0018352
0 0.716667 0.371759 0.0239583 0.0268519 0.00192364
2 0.647917 0.148611 0.0354167 0.0583333 0.00226456
12 0.702083 0.156019 0.0229167 0.0527778 0.00227281
2 0.639063 0.125 0.0489583 0.0574074 0.0022768
9 0.252865 0.0847222 0.0130208 0.0361111 0.0022962
7 0.323958 0.087963 0.0447917 0.0481481 0.00229763
2 0.45599 0.116204 0.349479 0.0768519 0.00230207
9 0.363281 0.0717593 0.0119792 0.0287037 0.00239855
9 0.25651 0.0777778 0.00989583 0.0462963 0.00273876
11 0.236979 0.0689815 0.0177083 0.0453704 0.00316578
2 0.814323 0.0740741 0.0161458 0.0166667 0.00318318
2 0.342448 0.111111 0.0078125 0.0444444 0.00346623
2 0.295573 0.075 0.0223958 0.0222222 0.00360217
7 0.220052 0.0643518 0.0515625 0.0731481 0.00362413
9 0.994792 0.490278 0.009375 0.132407 0.00367718
1 0.809635 0.329167 0.0213542 0.0898148 0.00400962
9 0.502604 0.760185 0.0125 0.0537037 0.0041132
12 0.994792 0.494444 0.009375 0.124074 0.00426069
2 0.347656 0.116204 0.106771 0.0694444 0.00476745
9 0.222135 0.087963 0.0119792 0.012963 0.00495144
0 0.757031 0.0944444 0.0130208 0.0814815 0.00509724
9 0.269792 0.0259259 0.0197917 0.0388889 0.00544412
9 0.215625 0.0564815 0.028125 0.0481481 0.0060775
2 0.445052 0.106019 0.0223958 0.0361111 0.00717747
2 0.238802 0.140278 0.0192708 0.0416667 0.00743235
2 0.270312 0.109722 0.0135417 0.037963 0.00767703
2 0.442708 0.0884259 0.0145833 0.0287037 0.00934703
1 0.0114583 0.365741 0.0229167 0.0518519 0.00950514
9 0.207813 0.0666667 0.01875 0.0425926 0.00991782
2 0.785417 0.0902778 0.0145833 0.0194444 0.0105267
10 0.44349 0.0888889 0.0140625 0.0296296 0.0109971
2 0.635417 0.147222 0.0114583 0.0537037 0.0113376
1 0.00390625 0.403241 0.0078125 0.0953704 0.0132926
2 0.452865 0.110185 0.0151042 0.0277778 0.0148065
11 0.60651 0.0606481 0.00989583 0.0231481 0.0252352
1 0.00963542 0.39213 0.0192708 0.119444 0.0259038
0 0.635677 0.147685 0.00989583 0.0490741 0.0287781
2 0.291406 0.111111 0.0244792 0.0740741 0.035168
9 0.567708 0.0481481 0.00833333 0.0240741 0.0442218
2 0.592969 0.127778 0.0171875 0.0222222 0.0636813
7 0.298698 0.106944 0.0390625 0.0842593 0.113735
2 0.322656 0.0888889 0.0390625 0.0388889 0.212913
2 0.627865 0.121296 0.0244792 0.05 0.424757
10 0.203906 0.315741 0.0161458 0.0722222 0.616355
2 0.509635 0.103704 0.0359375 0.062963 0.621494
11 0.729688 0.0430556 0.0260417 0.0564815 0.718264
2 0.370052 0.1125 0.0473958 0.0435185 0.726649
2 0.31875 0.122222 0.05 0.0685185 0.738156
2 0.479948 0.130556 0.0536458 0.0851852 0.780575
2 0.373177 0.20463 0.0828125 0.125926 0.847489
2 0.729688 0.42037 0.122917 0.17037 0.913832
