9 0.430469 0.062037 0.00885417 0.0296296 0.00100204
9 0.291927 0.0527778 0.00989583 0.0388889 0.00101526
9 0.416406 0.00833333 0.0161458 0.0166667 0.00101634
9 0.363021 0.0462963 0.009375 0.0333333 0.00102405
9 0.561719 0.0472222 0.0213542 0.0314815 0.00102884
2 0.784896 0.106481 0.040625 0.0555556 0.00105491
2 0.448438 0.10463 0.0364583 0.0518519 0.00109188
2 0.777083 0.116204 0.0239583 0.0342593 0.00112378
2 0.654948 0.140278 0.0838542 0.0842593 0.00113185
9 0.995573 0.526852 0.0078125 0.0462963 0.00114082
0 0.760156 0.0824074 0.0109375 0.0481481 0.00117852
0 0.390104 0.206944 0.01875 0.0342593 0.00118895
2 0.217969 0.133796 0.0609375 0.0527778 0.00125503
0 0.716406 0.371759 0.0255208 0.0268519 0.00127255
58 0.685156 0.169444 0.0213542 0.0444444 0.00127345
12 0.684115 0.170833 0.0213542 0.0416667 0.00130656
12 0.975781 0.498148 0.0442708 0.127778 0.00134569
1 0.0046875 0.460648 0.009375 0.230556 0.00136901
9 0.252344 0.0888889 0.0130208 0.0351852 0.00137138
1 0.00572917 0.373611 0.0114583 0.113889 0.00137876
2 0.795313 0.0847222 0.04375 0.0324074 0.00143006
2 0.59349 0.125463 0.0171875 0.025 0.00148164
58 0.968229 0.497685 0.0302083 0.087963 0.00148363
2 0.891667 0.109259 0.0239583 0.0240741 0.0015073
9 0.259115 0.075 0.0130208 0.0518519 0.0015108
2 0.83151 0.213426 0.0348958 0.0824074 0.0015548
9 0.236979 0.0638889 0.0166667 0.0351852 0.00160768
9 0.429688 0.0462963 0.00833333 0.0259259 0.00164446
7 0.975 0.526852 0.0489583 0.205556 0.00166046
1 0.0236979 0.393981 0.0473958 0.115741 0.0016738
12 0.70026 0.163889 0.0223958 0.0444444 0.00169984
9 0.559635 0.0287037 0.0223958 0.0555556 0.00172216
2 0.875 0.109259 0.0583333 0.0388889 0.00173527
2 0.388802 0.103704 0.0390625 0.0407407 0.00174474
0 0.995573 0.325463 0.0078125 0.062037 0.00176658
0 0.26276 0.105556 0.00885417 0.0481481 0.00183731
1 0.0447917 0.1625 0.034375 0.0657407 0.00196123
9 0.60625 0.0601852 0.009375 0.0259259 0.00209582
2 0.817708 0.235648 0.00833333 0.0398148 0.00210565
0 0.36276 0.0726852 0.00989583 0.0268519 0.00211383
5 0.220833 0.075463 0.0510417 0.0638889 0.00213301
32 0.454427 0.314352 0.0078125 0.0157407 0.0021897
2 0.438281 0.112037 0.307813 0.0814815 0.00224955
13 0.994531 0.522222 0.00989583 0.17037 0.00237184
9 0.279948 0.0708333 0.0317708 0.136111 0.00239184
2 0.298958 0.10787 0.0864583 0.0953704 0.00247253
9 0.994271 0.494444 0.0104167 0.122222 0.0026494
11 0.23724 0.0666667 0.0161458 0.0407407 0.0027683
0 0.747396 0.118056 0.0135417 0.0416667 0.002806
0 0.266406 0.0990741 0.0109375 0.0555556 0.00296068
2 0.442708 0.0893519 0.0135417 0.0305556 0.0033151
9 0.264583 0.0851852 0.0114583 0.0333333 0.00355184
2 0.458073 0.112037 0.155729 0.0648148 0.00374499
2 0.555208 0.112963 0.382292 0.0703704 0.00400008
2 0.641406 0.151389 0.0213542 0.0638889 0.00412514
2 0.363542 0.0680556 0.0114583 0.0194444 0.00447442
13 0.970573 0.529167 0.0578125 0.186111 0.00452765
1 0.0322917 0.152315 0.0625 0.0898148 0.00458414
12 0.994271 0.49537 0.0104167 0.127778 0.00467043
9 0.5 0.602778 0.0145833 0.0388889 0.00537183
2 0.0135417 0.395833 0.0270833 0.113889 0.00540281
13 0.986198 0.523611 0.0265625 0.180556 0.00543821
7 0.220573 0.0685185 0.0494792 0.0592593 0.00561855
9 0.217708 0.0657407 0.040625 0.0518519 0.00577049
0 0.757552 0.121296 0.0140625 0.0333333 0.00594012
2 0.271354 0.109722 0.0135417 0.0398148 0.00623554
0 0.75651 0.105093 0.0161458 0.0657407 0.00634676
0 0.75599 0.0824074 0.0130208 0.0611111 0.00642591
9 0.578125 0.0333333 0.015625 0.062963 0.0069644
9 0.584635 0.0342593 0.0161458 0.062963 0.00703128
12 0.691146 0.166667 0.0114583 0.0388889 0.007142
2 0.389062 0.0949074 0.0322917 0.0212963 0.00715687
9 0.570052 0.0314815 0.0140625 0.0592593 0.00726276
0 0.442708 0.0986111 0.0166667 0.0509259 0.00874906
2 0.239063 0.140278 0.0197917 0.0416667 0.0107212
1 0.00416667 0.409722 0.00833333 0.0824074 0.0118727
0 0.635677 0.149074 0.00989583 0.0555556 0.0133215
2 0.786198 0.0888889 0.0161458 0.0240741 0.0136128
9 0.220313 0.0884259 0.0104167 0.012037 0.0138211
9 0.442448 0.0875 0.0130208 0.0268519 0.0178755
1 0.00963542 0.395833 0.0192708 0.112037 0.0187875
2 0.635156 0.149537 0.0109375 0.0601852 0.0208546
2 0.00416667 0.409259 0.00833333 0.0851852 0.0238644
9 0.503125 0.760185 0.0145833 0.0592593 0.0271687
9 0.208073 0.0662037 0.0203125 0.0453704 0.0280892
2 0.488021 0.107407 0.0145833 0.05 0.0456138
9 0.567448 0.0486111 0.00885417 0.025 0.053754
2 0.294531 0.106944 0.0307292 0.0805556 0.0993831
7 0.297396 0.106019 0.0385417 0.0824074 0.112983
2 0.46224 0.112963 0.0130208 0.0388889 0.152694
9 0.26875 0.0351852 0.0208333 0.0666667 0.258751
2 0.475 0.108796 0.03125 0.0453704 0.293159
2 0.322656 0.0875 0.0380208 0.037963 0.344554
2 0.627344 0.122222 0.0255208 0.0518519 0.460544
2 0.505469 0.103704 0.0432292 0.062963 0.578521
10 0.204167 0.316204 0.015625 0.0712963 0.639329
2 0.31875 0.121296 0.05 0.0703704 0.748046
11 0.729167 0.0435185 0.0270833 0.0555556 0.821016
2 0.391146 0.126852 0.0489583 0.0722222 0.85388
2 0.380729 0.227315 0.0770833 0.106481 0.868519
2 0.729948 0.419444 0.122396 0.17037 0.909473
2 0.746094 0.190741 0.128646 0.111111 0.914337
