0 0.00442708 0.468519 0.00885417 0.214815 0.00101209
2 0.275521 0.108796 0.025 0.0638889 0.00104719
9 0.500781 0.602315 0.0161458 0.0416667 0.00105856
2 0.641146 0.151389 0.0208333 0.062037 0.00107201
12 0.98776 0.514352 0.0234375 0.167593 0.00109422
0 0.757552 0.374537 0.0203125 0.0305556 0.00111203
9 0.190625 0.0875 0.0104167 0.0212963 0.00115844
2 0.771615 0.108796 0.0151042 0.025 0.00119661
0 0.757812 0.118519 0.0114583 0.0314815 0.00124631
0 0.757292 0.0861111 0.0125 0.0722222 0.00131692
2 0.363802 0.0657407 0.0119792 0.0185185 0.00136622
7 0.277604 0.0759259 0.0395833 0.144444 0.00137515
2 0.288542 0.0828704 0.0208333 0.0453704 0.00139996
9 0.547917 0.0509259 0.0104167 0.0240741 0.00145748
9 0.236979 0.0689815 0.015625 0.0472222 0.00146225
2 0.66224 0.150463 0.0661458 0.0675926 0.00146251
9 0.21901 0.103241 0.00989583 0.0398148 0.00149402
14 0.48099 0.490278 0.0119792 0.0287037 0.00152703
9 0.978125 0.499537 0.0427083 0.136111 0.00156311
9 0.258333 0.0763889 0.0125 0.0527778 0.00157038
0 0.60651 0.362963 0.0130208 0.0333333 0.00157953
0 0.263281 0.099537 0.00885417 0.0564815 0.00162989
9 0.589583 0.0365741 0.0135417 0.0527778 0.0016716
9 0.253125 0.0865741 0.015625 0.0361111 0.00168632
9 0.18776 0.0824074 0.00677083 0.0277778 0.00172016
7 0.970573 0.525926 0.0578125 0.209259 0.00172833
12 0.692708 0.164352 0.00729167 0.0416667 0.00193047
2 0.296354 0.10787 0.0760417 0.0916667 0.00193353
7 0.219271 0.0902778 0.0552083 0.121296 0.00197132
0 0.442708 0.0986111 0.0177083 0.0490741 0.00234458
2 0.558073 0.109722 0.293229 0.0712963 0.00242863
0 0.716146 0.371759 0.0239583 0.0268519 0.00248585
9 0.415885 0.0106481 0.0151042 0.0212963 0.00251669
1 0.810938 0.334259 0.0177083 0.0833333 0.00277957
13 0.971354 0.521296 0.05625 0.185185 0.00282994
2 0.536719 0.112963 0.00989583 0.0425926 0.00283557
2 0.777344 0.102778 0.0328125 0.0481481 0.00302068
2 0.403906 0.111574 0.271354 0.0787037 0.00310146
2 0.0117188 0.366204 0.0234375 0.0453704 0.00357476
9 0.577083 0.0337963 0.0166667 0.0638889 0.0035797
2 0.532292 0.1125 0.0145833 0.0416667 0.00374433
2 0.19974 0.244444 0.0203125 0.0166667 0.0039599
2 0.00859375 0.390741 0.0171875 0.124074 0.00400355
9 0.213802 0.0662037 0.0380208 0.0564815 0.00454457
11 0.236979 0.0685185 0.0166667 0.0425926 0.00461071
12 0.994271 0.516204 0.0104167 0.176852 0.00480388
0 0.554167 0.368981 0.0322917 0.0398148 0.00483018
9 0.293229 0.0578704 0.009375 0.0398148 0.00496744
2 0.305469 0.0824074 0.0234375 0.0351852 0.00514789
9 0.583073 0.0342593 0.0130208 0.0611111 0.00516606
2 0.442708 0.110185 0.134375 0.062963 0.00518332
9 0.994271 0.498148 0.0104167 0.138889 0.00526376
9 0.263021 0.0907407 0.00833333 0.0407407 0.00531554
9 0.207552 0.0675926 0.0203125 0.0444444 0.00537226
9 0.266406 0.0986111 0.0109375 0.0527778 0.00542757
9 0.292448 0.0699074 0.0109375 0.0194444 0.0058184
0 0.591927 0.372222 0.0234375 0.0333333 0.00594156
2 0.593229 0.125 0.0177083 0.0240741 0.00595361
7 0.213542 0.0634259 0.0385417 0.0657407 0.00607243
9 0.757552 0.0712963 0.00989583 0.0425926 0.00616261
2 0.442969 0.0888889 0.0140625 0.0296296 0.00638162
0 0.579427 0.370833 0.0453125 0.037963 0.00652046
2 0.238281 0.141204 0.0182292 0.0416667 0.00665229
9 0.458073 0.0662037 0.00677083 0.0268519 0.00751753
11 0.60599 0.0592593 0.0109375 0.0259259 0.00792428
19 0.442708 0.087037 0.0135417 0.0277778 0.00932511
2 0.271094 0.106944 0.0140625 0.0416667 0.010562
9 0.502865 0.760185 0.0130208 0.0574074 0.0147468
9 0.569271 0.0310185 0.0125 0.0583333 0.0178259
2 0.648958 0.41713 0.29375 0.178704 0.0185846
2 0.635417 0.148611 0.0104167 0.0564815 0.0192189
2 0.786458 0.0898148 0.0166667 0.0240741 0.0201999
9 0.221875 0.062037 0.0135417 0.0481481 0.0207755
9 0.219792 0.0893519 0.009375 0.0175926 0.0211108
2 0.0046875 0.558333 0.009375 0.0388889 0.024659
9 0.26875 0.0365741 0.0229167 0.0675926 0.0260076
2 0.344531 0.109259 0.0109375 0.0425926 0.0281766
0 0.635417 0.149537 0.009375 0.0509259 0.0287945
2 0.48776 0.107407 0.0140625 0.05 0.0382339
2 0.292448 0.108333 0.0276042 0.0796296 0.0619668
2 0.00416667 0.406944 0.00833333 0.0898148 0.0626358
0 0.00442708 0.404167 0.00885417 0.0953704 0.0704273
9 0.567448 0.0476852 0.00885417 0.0231481 0.0889847
7 0.296094 0.107407 0.0359375 0.0833333 0.101265
2 0.4625 0.110648 0.0135417 0.0416667 0.117405
2 0.322656 0.0861111 0.0369792 0.0351852 0.281124
2 0.47474 0.108333 0.0328125 0.0462963 0.28255
2 0.627083 0.121759 0.0260417 0.0509259 0.357083
2 0.505729 0.103704 0.0427083 0.062963 0.528763
10 0.204167 0.315741 0.015625 0.0703704 0.689349
11 0.729167 0.0430556 0.0270833 0.0564815 0.691518
2 0.318229 0.122222 0.0510417 0.0685185 0.706814
2 0.730208 0.419907 0.121875 0.169444 0.901367
2 0.566927 0.412037 0.125521 0.172222 0.914105
