0 0.535156 0.109259 0.0130208 0.0481481 0.00100876
9 0.294271 0.0532407 0.009375 0.037963 0.00102617
9 0.254687 0.0865741 0.015625 0.037963 0.00106677
0 0.539323 0.259259 0.542188 0.424074 0.00107865
2 0.577604 0.424074 0.558333 0.17963 0.00113466
1 0.00416667 0.38287 0.00833333 0.108333 0.00115177
32 0.460677 0.356944 0.0109375 0.0138889 0.00116592
2 0.684375 0.410648 0.0302083 0.136111 0.00118504
74 0.065625 0.109259 0.028125 0.0444444 0.0012166
9 0.572396 0.0310185 0.0145833 0.0601852 0.00131979
2 0.28776 0.0990741 0.0911458 0.0907407 0.00137617
2 0.657031 0.156944 0.0557292 0.0527778 0.0014031
9 0.26276 0.0884259 0.00989583 0.0398148 0.0014121
2 0.655208 0.139352 0.08125 0.087963 0.00149273
9 0.444792 0.243056 0.009375 0.0212963 0.00153741
12 0.701823 0.13287 0.0244792 0.0731481 0.00155172
2 0.773698 0.114815 0.0171875 0.0277778 0.00157656
0 0.691927 0.164352 0.00989583 0.0398148 0.00158232
0 0.758073 0.0865741 0.0119792 0.0712963 0.00164921
2 0.554167 0.107407 0.314583 0.0685185 0.00167717
1 0.00911458 0.394444 0.0182292 0.116667 0.00176989
0 0.730729 0.37037 0.040625 0.0314815 0.0018494
0 0.25651 0.119444 0.0182292 0.0796296 0.00189995
9 0.767969 0.0185185 0.0151042 0.0351852 0.00197076
13 0.0143229 0.36713 0.0286458 0.0490741 0.0020932
0 0.263281 0.106944 0.00885417 0.0509259 0.00223705
12 0.965625 0.496759 0.0239583 0.0842593 0.00236063
0 0.757812 0.374537 0.01875 0.0305556 0.00236748
9 0.258073 0.0759259 0.0119792 0.05 0.00253669
2 0.363281 0.0666667 0.0119792 0.0222222 0.00268767
2 0.4125 0.107407 0.285417 0.0777778 0.00270191
9 0.989323 0.5 0.0203125 0.12963 0.00310875
13 0.0145833 0.393981 0.0291667 0.112037 0.00316854
9 0.438542 0.197685 0.0125 0.0287037 0.00324405
9 0.36224 0.0490741 0.0109375 0.0388889 0.00343192
13 0.00390625 0.404167 0.0078125 0.0916667 0.00387272
2 0.453385 0.107407 0.131771 0.0611111 0.00387327
2 0.591927 0.127778 0.0182292 0.0240741 0.00425561
2 0.294792 0.075 0.0145833 0.0240741 0.00453361
2 0.265625 0.0972222 0.0104167 0.05 0.00469694
2 0.785677 0.0893519 0.0151042 0.0194444 0.00477968
2 0.532292 0.110648 0.015625 0.0453704 0.00488545
32 0.454427 0.313889 0.0078125 0.012963 0.00509122
12 0.995052 0.489352 0.00885417 0.117593 0.00541878
2 0.309375 0.0828704 0.0354167 0.0361111 0.00570531
9 0.995313 0.488889 0.00833333 0.118519 0.00637391
11 0.60599 0.0597222 0.00885417 0.0231481 0.0068468
2 0.442969 0.087963 0.0140625 0.0277778 0.0069109
9 0.261458 0.0356481 0.015625 0.0657407 0.00709941
0 0.713021 0.371296 0.021875 0.0259259 0.00717365
12 0.973958 0.497222 0.0395833 0.122222 0.00747314
2 0.269271 0.109722 0.0104167 0.0398148 0.00788524
0 0.568229 0.70463 0.171875 0.562963 0.00824091
1 0.810938 0.337963 0.0208333 0.0944444 0.00826125
0 0.442969 0.0884259 0.0140625 0.0268519 0.00842746
9 0.500521 0.602778 0.015625 0.0425926 0.00932091
9 0.361979 0.0662037 0.009375 0.0287037 0.00997745
9 0.973437 0.495833 0.0385417 0.119444 0.0101659
9 0.567187 0.0481481 0.00833333 0.0240741 0.0122097
0 0.634375 0.145833 0.0125 0.0490741 0.013979
9 0.502344 0.761111 0.0119792 0.0518519 0.0154429
2 0.461979 0.114352 0.0145833 0.0361111 0.0242719
2 0.486979 0.10787 0.015625 0.0490741 0.0255671
9 0.269531 0.0351852 0.0223958 0.0666667 0.032414
2 0.505469 0.0638889 0.0151042 0.0240741 0.0399614
2 0.290365 0.117593 0.0234375 0.062963 0.0665661
2 0.29401 0.099537 0.0203125 0.0398148 0.0897164
5 0.220052 0.0680556 0.0515625 0.0601852 0.109082
2 0.526563 0.0722222 0.01875 0.0259259 0.121263
2 0.627865 0.122222 0.0244792 0.0518519 0.126129
2 0.475781 0.109259 0.0328125 0.0462963 0.337924
2 0.323177 0.0861111 0.0380208 0.0351852 0.373322
10 0.203906 0.316204 0.0161458 0.0694444 0.658904
2 0.50599 0.10463 0.0421875 0.0611111 0.676201
2 0.318229 0.122222 0.0510417 0.0685185 0.758897
11 0.729948 0.0435185 0.0265625 0.0574074 0.777933
2 0.533854 0.212963 0.0708333 0.101852 0.887427
2 0.729948 0.418519 0.122396 0.174074 0.910038
