0 0.801823 0.662037 0.0546875 0.153704 0.00104149
2 0.428125 0.112037 0.155208 0.0481481 0.00105336
2 0.0398437 0.0597222 0.0192708 0.0268519 0.00106497
0 0.815104 0.228704 0.0125 0.037037 0.00106521
2 0.570833 0.110648 0.369792 0.0787037 0.00108599
2 0.361719 0.0796296 0.0109375 0.0296296 0.00110639
2 0.305469 0.131944 0.0328125 0.0546296 0.00112811
2 0.244792 0.108333 0.0125 0.0314815 0.00113102
0 0.52526 0.175926 0.564062 0.22037 0.00113836
7 0.686979 0.139815 0.0552083 0.0907407 0.00114051
0 0.782552 0.237963 0.0109375 0.0481481 0.00119249
9 0.576302 0.0337963 0.0140625 0.0657407 0.00124274
2 0.549479 0.423148 0.589583 0.183333 0.00124684
7 0.970573 0.528704 0.0578125 0.201852 0.00129374
9 0.188021 0.0791667 0.00729167 0.025 0.00130554
0 0.757552 0.375463 0.0182292 0.0287037 0.00133414
9 0.289583 0.0324074 0.0145833 0.0425926 0.00136992
9 0.76875 0.0435185 0.0208333 0.0851852 0.00147568
9 0.414844 0.00972222 0.0151042 0.0194444 0.00147572
2 0.273958 0.118056 0.0208333 0.0509259 0.00147652
0 0.809635 0.153704 0.00989583 0.0425926 0.00149347
0 0.73151 0.372222 0.0307292 0.0296296 0.00149763
13 0.0127604 0.366204 0.0255208 0.0546296 0.00151849
2 0.784375 0.0902778 0.025 0.025 0.00157492
9 0.551302 0.0578704 0.0130208 0.025 0.00169234
9 0.548958 0.0361111 0.0135417 0.0537037 0.00207079
0 0.514583 0.295833 0.592708 0.497222 0.00214953
2 0.292969 0.105093 0.0828125 0.0953704 0.00243737
9 0.263542 0.0824074 0.0104167 0.0351852 0.00245057
12 0.984375 0.496296 0.0270833 0.124074 0.00250248
2 0.361458 0.0652778 0.0114583 0.0231481 0.00251161
9 0.554167 0.0509259 0.0166667 0.0277778 0.00265353
9 0.363021 0.0657407 0.0125 0.0222222 0.00267047
9 0.277083 0.050463 0.0364583 0.0953704 0.00270604
9 0.195052 0.0777778 0.00885417 0.0314815 0.00274473
9 0.254427 0.0856481 0.0140625 0.0361111 0.00277214
2 0.415104 0.111111 0.246875 0.0703704 0.0028132
2 0.0632813 0.0731481 0.0276042 0.0240741 0.00281572
1 0.00911458 0.393519 0.0182292 0.116667 0.00291258
9 0.990365 0.499537 0.0182292 0.130556 0.00294028
9 0.267969 0.0958333 0.00989583 0.0435185 0.00323639
2 0.471094 0.110185 0.0942708 0.062963 0.00348936
7 0.702604 0.122685 0.0239583 0.0546296 0.00379152
2 0.344271 0.105556 0.0104167 0.0388889 0.00384042
9 0.454427 0.314815 0.0078125 0.012963 0.00399909
0 0.709115 0.374074 0.0192708 0.0240741 0.0040777
2 0.238542 0.14213 0.01875 0.037963 0.00420502
9 0.214062 0.062963 0.034375 0.0555556 0.00423802
0 0.716406 0.371759 0.0223958 0.025 0.00483221
9 0.548437 0.0513889 0.0114583 0.025 0.0050465
13 0.0140625 0.391667 0.028125 0.116667 0.00540497
9 0.258854 0.074537 0.0114583 0.0472222 0.00561587
9 0.995313 0.490278 0.00833333 0.123148 0.00606129
0 0.757292 0.0847222 0.0135417 0.0638889 0.00632098
12 0.994792 0.490741 0.009375 0.12037 0.00677016
2 0.270312 0.112037 0.0114583 0.0333333 0.00689778
9 0.236979 0.0685185 0.0145833 0.0444444 0.00692205
2 0.356771 0.112037 0.078125 0.0648148 0.00693678
9 0.292969 0.0569444 0.0109375 0.0435185 0.00770506
13 0.00390625 0.407407 0.0078125 0.0851852 0.00822413
2 0.445052 0.106481 0.0234375 0.0407407 0.00898851
9 0.113802 0.0226852 0.0140625 0.0398148 0.00931836
9 0.221094 0.0847222 0.0109375 0.0212963 0.0105837
11 0.23724 0.0666667 0.0161458 0.0388889 0.011021
9 0.28125 0.0875 0.00625 0.0231481 0.0116682
2 0.591927 0.126389 0.0161458 0.0231481 0.0136779
2 0.442448 0.0875 0.0140625 0.0268519 0.0138802
2 0.532031 0.110648 0.0151042 0.0453704 0.0184674
9 0.565365 0.0314815 0.0140625 0.0592593 0.0225591
9 0.292708 0.0699074 0.0104167 0.0194444 0.0237699
2 0.289583 0.122222 0.01875 0.0537037 0.024453
9 0.442708 0.0875 0.0135417 0.025 0.0262287
0 0.634896 0.145833 0.0114583 0.0527778 0.0302322
9 0.206771 0.0708333 0.0197917 0.0398148 0.0311108
9 0.500521 0.603241 0.015625 0.0398148 0.0356292
7 0.301562 0.106944 0.040625 0.0805556 0.0488544
11 0.60599 0.0601852 0.00989583 0.0240741 0.0566404
9 0.502344 0.759722 0.0119792 0.0546296 0.133206
2 0.627083 0.120833 0.0260417 0.0490741 0.144418
9 0.222656 0.0574074 0.0109375 0.0333333 0.150677
9 0.566927 0.0486111 0.00885417 0.025 0.166811
9 0.26901 0.0342593 0.0213542 0.0648148 0.183606
2 0.468229 0.110648 0.0229167 0.0416667 0.209458
2 0.322135 0.0865741 0.0380208 0.0361111 0.279439
2 0.479688 0.109259 0.0260417 0.0444444 0.296506
7 0.50599 0.103241 0.0421875 0.0638889 0.449916
2 0.50625 0.103704 0.0416667 0.062963 0.450343
2 0.31849 0.122222 0.0505208 0.0703704 0.639262
10 0.203906 0.316204 0.0161458 0.0712963 0.763133
11 0.729427 0.0435185 0.0276042 0.0555556 0.793035
2 0.375521 0.110648 0.034375 0.0398148 0.817123
2 0.729948 0.418519 0.121354 0.174074 0.897213
7 0.760938 0.192593 0.10625 0.15 0.910248
