2 0.0330729 0.138426 0.0651042 0.113889 0.00100066
9 0.547917 0.0597222 0.0104167 0.0231481 0.00100556
2 0.815625 0.0694444 0.0166667 0.012963 0.00101174
9 0.561979 0.0486111 0.0197917 0.0287037 0.00102894
9 0.416406 0.0087963 0.0161458 0.0175926 0.00103923
9 0.817448 0.236111 0.00885417 0.0407407 0.00105207
2 0.530469 0.112963 0.0119792 0.0425926 0.00107472
2 0.81276 0.0763889 0.0223958 0.0212963 0.00109692
2 0.447135 0.106019 0.0401042 0.0490741 0.00110221
1 0.0447917 0.162037 0.034375 0.0666667 0.00110256
0 0.728906 0.372685 0.0265625 0.0268519 0.0011141
2 0.639063 0.125463 0.05 0.062037 0.0011962
12 0.977083 0.5 0.0447917 0.133333 0.0012198
9 0.990365 0.519907 0.0182292 0.175 0.00127096
9 0.236198 0.0652778 0.0182292 0.0398148 0.00130258
58 0.96849 0.497222 0.0307292 0.0888889 0.00132677
2 0.21849 0.133333 0.0598958 0.0555556 0.00133172
7 0.98151 0.525463 0.0359375 0.206481 0.00133204
2 0.592708 0.125 0.0177083 0.0259259 0.00134285
9 0.995573 0.527315 0.0078125 0.0527778 0.00136059
9 0.559375 0.0291667 0.0229167 0.0564815 0.00140054
2 0.797135 0.0842593 0.0484375 0.0351852 0.00142454
9 0.60599 0.0601852 0.00989583 0.0259259 0.0014752
2 0.655208 0.139815 0.0822917 0.0833333 0.00156561
9 0.363542 0.0680556 0.0114583 0.0194444 0.00161958
2 0.831771 0.213889 0.0354167 0.0833333 0.00162942
9 0.292448 0.0537037 0.00989583 0.0407407 0.00163065
0 0.26276 0.105556 0.00885417 0.0481481 0.00172039
7 0.789844 0.0648148 0.0296875 0.062963 0.00172881
58 0.685156 0.168981 0.0213542 0.0435185 0.00178609
0 0.389062 0.20787 0.0166667 0.0342593 0.00184868
9 0.258854 0.0722222 0.0125 0.05 0.00184923
9 0.252344 0.0884259 0.0130208 0.0342593 0.00187303
0 0.995833 0.326852 0.00729167 0.0611111 0.00190199
2 0.817708 0.235648 0.00833333 0.0398148 0.0019169
9 0.430469 0.0611111 0.00885417 0.0314815 0.00192671
9 0.114844 0.0240741 0.0119792 0.037037 0.00193997
0 0.716146 0.371296 0.025 0.0277778 0.00198552
1 0.0317708 0.14537 0.0625 0.101852 0.00212547
2 0.422135 0.112037 0.299479 0.0759259 0.00219454
2 0.298438 0.106481 0.0854167 0.0962963 0.00228328
0 0.748698 0.121759 0.0171875 0.0361111 0.00233536
32 0.454427 0.314352 0.0078125 0.0157407 0.00245954
5 0.220833 0.0740741 0.0510417 0.062963 0.00246996
9 0.363281 0.0458333 0.00885417 0.0324074 0.00267007
11 0.2375 0.0666667 0.015625 0.0388889 0.00270923
13 0.99349 0.521296 0.0119792 0.175926 0.0029105
9 0.109635 0.025 0.0109375 0.0351852 0.002927
9 0.266406 0.0990741 0.0109375 0.0555556 0.00305484
0 0.3625 0.0726852 0.009375 0.0268519 0.00314605
9 0.99375 0.494907 0.0114583 0.123148 0.00335728
9 0.278125 0.0680556 0.0322917 0.130556 0.0038407
2 0.579687 0.1125 0.338542 0.0694444 0.0038672
9 0.264844 0.0833333 0.0119792 0.0314815 0.00414538
2 0.473437 0.1125 0.0947917 0.0638889 0.00417997
12 0.689583 0.16713 0.0145833 0.0398148 0.00419474
2 0.442448 0.0884259 0.0140625 0.0287037 0.00428703
9 0.577604 0.0337963 0.015625 0.062037 0.00448522
13 0.970573 0.529167 0.0578125 0.187963 0.00459123
12 0.99401 0.496296 0.0109375 0.12963 0.00482232
2 0.641667 0.151852 0.021875 0.062963 0.00488208
9 0.584115 0.0351852 0.0161458 0.0611111 0.00506266
0 0.757031 0.122222 0.0140625 0.0314815 0.0052862
9 0.429427 0.0472222 0.00885417 0.0259259 0.00541009
13 0.985937 0.524074 0.0270833 0.181481 0.00556831
0 0.442448 0.0990741 0.0171875 0.05 0.00560585
0 0.75625 0.0787037 0.0125 0.0537037 0.00575352
2 0.0135417 0.396759 0.0270833 0.113889 0.0058049
9 0.221094 0.0657407 0.0473958 0.0518519 0.00609483
9 0.569271 0.0314815 0.0145833 0.0592593 0.00636052
7 0.220573 0.0685185 0.0494792 0.0592593 0.00681438
2 0.271094 0.110185 0.0140625 0.0388889 0.00755677
9 0.5 0.602778 0.0145833 0.0388889 0.00795095
2 0.238802 0.140278 0.0192708 0.0416667 0.0111163
2 0.786979 0.0884259 0.0177083 0.025 0.0114178
9 0.220573 0.0884259 0.00989583 0.012037 0.014852
1 0.00494792 0.398611 0.00989583 0.108333 0.0160847
9 0.442708 0.0875 0.0135417 0.0268519 0.0187744
2 0.00442708 0.409259 0.00885417 0.0851852 0.0224057
1 0.0140625 0.396759 0.028125 0.112037 0.0240275
0 0.635677 0.148611 0.00989583 0.0546296 0.0267837
9 0.208073 0.0666667 0.0203125 0.0462963 0.0339603
2 0.635417 0.148611 0.0114583 0.0564815 0.0352701
9 0.502865 0.760185 0.0140625 0.0592593 0.0364839
2 0.48776 0.107407 0.0140625 0.05 0.0411679
9 0.567448 0.0486111 0.00885417 0.025 0.0594186
2 0.295052 0.106481 0.0317708 0.0814815 0.100469
7 0.297656 0.106019 0.0390625 0.0824074 0.11683
2 0.46224 0.1125 0.0130208 0.0398148 0.157743
2 0.479948 0.109259 0.0213542 0.0444444 0.288819
9 0.26875 0.0356481 0.0208333 0.0675926 0.297363
2 0.322656 0.087037 0.0380208 0.0388889 0.311969
2 0.627344 0.122222 0.0255208 0.0537037 0.391146
2 0.505729 0.103704 0.04375 0.062963 0.550543
10 0.204167 0.316204 0.015625 0.0712963 0.634331
2 0.31875 0.121296 0.05 0.0703704 0.753943
11 0.729427 0.0435185 0.0276042 0.0555556 0.819179
2 0.391406 0.123611 0.0484375 0.0712963 0.854636
2 0.380729 0.222222 0.075 0.105556 0.877813
2 0.729948 0.419444 0.122396 0.17037 0.909456
2 0.746094 0.190741 0.128646 0.111111 0.912884
