0 0.73099 0.372685 0.0244792 0.0287037 0.00100284
0 0.521615 0.275463 0.298438 0.228704 0.00103124
0 0.263281 0.103241 0.00885417 0.0546296 0.00104927
9 0.253906 0.087037 0.0161458 0.0351852 0.00105848
0 0.985937 0.331944 0.0270833 0.0564815 0.00110996
12 0.701823 0.164815 0.0244792 0.037037 0.00112179
1 0.629167 0.288889 0.0239583 0.0648148 0.00112346
1 0.515104 0.291667 0.288542 0.0944444 0.00113413
0 0.16875 0.759259 0.176042 0.455556 0.00116668
9 0.260417 0.0708333 0.0135417 0.0527778 0.00120178
9 0.442187 0.229167 0.00833333 0.0212963 0.00120261
32 0.453385 0.313889 0.00989583 0.0148148 0.00129932
0 0.757292 0.123148 0.0125 0.0425926 0.00136206
24 0.651042 0.219907 0.0291667 0.0527778 0.00144195
0 0.531771 0.372685 0.321875 0.217593 0.00145614
1 0.65651 0.311574 0.0348958 0.10463 0.00146887
0 0.302344 0.246296 0.408854 0.390741 0.00147049
0 0.361979 0.0675926 0.009375 0.0277778 0.00147602
2 0.816927 0.23287 0.00885417 0.0472222 0.00154728
7 0.788021 0.062963 0.0239583 0.0611111 0.00155217
2 0.297135 0.105093 0.0911458 0.0953704 0.00156859
2 0.654948 0.135648 0.0796875 0.0842593 0.00157577
1 0.451562 0.335185 0.015625 0.0611111 0.00161975
2 0.588281 0.124537 0.0130208 0.0268519 0.00168672
1 0.547396 0.356944 0.302083 0.171296 0.00176207
1 0.810938 0.32963 0.0177083 0.0944444 0.00177937
1 0.443229 0.339815 0.0385417 0.0722222 0.00178644
0 0.816927 0.233796 0.00885417 0.0453704 0.001877
58 0.96875 0.494907 0.03125 0.0898148 0.00192675
2 0.636719 0.41713 0.529688 0.219444 0.0019644
2 0.435677 0.108333 0.0723958 0.0462963 0.0020127
2 0.782292 0.099537 0.0364583 0.0527778 0.00217615
0 0.645312 0.2625 0.01875 0.0990741 0.00220209
0 0.994792 0.264352 0.009375 0.187963 0.00221218
9 0.236719 0.0689815 0.0161458 0.0453704 0.00241332
9 0.260938 0.0509259 0.0125 0.0444444 0.0025902
13 0.971615 0.524074 0.0557292 0.190741 0.00285481
2 0.540104 0.105556 0.16875 0.0592593 0.00287036
12 0.691667 0.165278 0.009375 0.037963 0.00300306
0 0.715885 0.372685 0.0234375 0.0268519 0.00323175
2 0.363281 0.0662037 0.0119792 0.0212963 0.00364676
9 0.214323 0.0615741 0.0338542 0.0583333 0.00391753
2 0.270573 0.110185 0.0130208 0.037037 0.00393918
9 0.29349 0.0569444 0.00885417 0.0398148 0.00393969
9 0.273958 0.0449074 0.0333333 0.087963 0.00404181
9 0.992708 0.507407 0.0135417 0.153704 0.00407224
7 0.992969 0.516204 0.0130208 0.173148 0.00435453
2 0.363802 0.10787 0.150521 0.0694444 0.00436637
9 0.282552 0.0875 0.00677083 0.025 0.00438114
2 0.238542 0.138426 0.01875 0.0435185 0.00443278
9 0.266667 0.0925926 0.009375 0.0444444 0.00459418
9 0.571354 0.0319444 0.0135417 0.0583333 0.00469727
0 0.286458 0.118056 0.0145833 0.0638889 0.00490158
9 0.291406 0.0708333 0.0109375 0.0175926 0.00490198
2 0.593229 0.125 0.015625 0.0240741 0.00520814
7 0.970312 0.525 0.0583333 0.2 0.00543893
9 0.584115 0.037963 0.0119792 0.0518519 0.00563183
9 0.263021 0.0861111 0.00729167 0.0351852 0.00594211
1 0.0122396 0.371296 0.0244792 0.0722222 0.00718469
12 0.992969 0.499537 0.0130208 0.139815 0.00742108
11 0.236979 0.0666667 0.0166667 0.0388889 0.010687
0 0.995313 0.328241 0.00833333 0.0583333 0.0119811
2 0.60599 0.0592593 0.00989583 0.0259259 0.013788
2 0.292708 0.118981 0.021875 0.0601852 0.0140034
9 0.207031 0.0694444 0.0182292 0.0407407 0.0140348
2 0.786979 0.087963 0.01875 0.0259259 0.0147812
9 0.219271 0.0888889 0.00729167 0.0166667 0.0152008
9 0.269271 0.05 0.0197917 0.0407407 0.0158838
2 0.471354 0.0828704 0.0395833 0.0361111 0.0164794
2 0.446875 0.110648 0.0229167 0.0305556 0.0174598
2 0.298698 0.106019 0.0359375 0.0768519 0.0193706
0 0.634896 0.142593 0.0114583 0.05 0.0246477
0 0.75599 0.0907407 0.0140625 0.0777778 0.025028
9 0.269271 0.0305556 0.0208333 0.0574074 0.0303424
2 0.440365 0.0740741 0.0109375 0.0296296 0.034793
0 0.441927 0.0842593 0.0130208 0.0314815 0.0355575
7 0.29974 0.105556 0.0359375 0.0759259 0.0375479
9 0.567187 0.0476852 0.00833333 0.0231481 0.0483602
1 0.638281 0.291667 0.0276042 0.0648148 0.0561316
9 0.222396 0.0578704 0.0114583 0.0342593 0.0622482
2 0.321875 0.0861111 0.0385417 0.0351852 0.251447
1 0.648177 0.290278 0.0192708 0.0694444 0.322242
2 0.473698 0.108796 0.0338542 0.0453704 0.34535
2 0.464323 0.0699074 0.0442708 0.0324074 0.405496
7 0.50651 0.103241 0.0411458 0.0638889 0.428643
2 0.50651 0.103241 0.0411458 0.0638889 0.463145
2 0.627083 0.122685 0.0260417 0.0546296 0.547346
1 0.427083 0.343056 0.0375 0.0805556 0.710267
2 0.31849 0.121296 0.0515625 0.0703704 0.719146
2 0.4125 0.109722 0.034375 0.0416667 0.72492
10 0.204167 0.315278 0.015625 0.0712963 0.725534
11 0.729167 0.0425926 0.0270833 0.0555556 0.775267
0 0.652344 0.253704 0.0307292 0.131481 0.791141
0 0.427604 0.305093 0.0385417 0.112037 0.82065
2 0.729688 0.418981 0.121875 0.173148 0.908187
