2 0.227344 0.101852 0.0317708 0.0388889 0.00100539
2 0.416406 0.0273148 0.0161458 0.0194444 0.00101467
2 0.53099 0.1125 0.0130208 0.0416667 0.00102767
58 0.967188 0.50787 0.046875 0.125 0.00103975
9 0.254687 0.0865741 0.0166667 0.0361111 0.00105255
9 0.192969 0.0851852 0.00677083 0.0185185 0.00110554
32 0.453906 0.313889 0.00885417 0.0166667 0.00111427
7 0.278646 0.0638889 0.0416667 0.122222 0.00115449
2 0.289062 0.100926 0.0979167 0.0944444 0.00118745
14 0.200521 0.24213 0.01875 0.0157407 0.00118823
2 0.649479 0.149074 0.0385417 0.0611111 0.0012
0 0.708594 0.373611 0.0192708 0.0268519 0.00120757
9 0.263542 0.0402778 0.01875 0.062037 0.00129311
2 0.05 0.0587963 0.0510417 0.037963 0.00130712
2 0.24375 0.104167 0.0114583 0.0324074 0.00137821
9 0.547656 0.0583333 0.00989583 0.0240741 0.001383
2 0.292708 0.0759259 0.0177083 0.0240741 0.0014151
0 0.263021 0.103241 0.0104167 0.0509259 0.00141837
9 0.109375 0.0259259 0.0135417 0.037037 0.00146079
0 0.716927 0.371759 0.0234375 0.0268519 0.00146973
9 0.263021 0.0893519 0.00833333 0.037963 0.00149403
12 0.980208 0.498611 0.0354167 0.130556 0.00153841
2 0.813021 0.075 0.0177083 0.0203704 0.00157484
13 0.96276 0.553241 0.0401042 0.0398148 0.00167435
7 0.970573 0.527315 0.0578125 0.206481 0.00176938
9 0.500521 0.602315 0.0145833 0.0416667 0.00181082
0 0.995313 0.331481 0.00833333 0.0462963 0.00186449
2 0.780208 0.102778 0.03125 0.0462963 0.00212142
2 0.405729 0.100463 0.0270833 0.0305556 0.00224732
13 0.970573 0.568056 0.0567708 0.0768519 0.00232947
2 0.0127604 0.396296 0.0255208 0.114815 0.00237828
9 0.0575521 0.0222222 0.0171875 0.0425926 0.00240742
2 0.538802 0.111574 0.270312 0.0675926 0.00240774
13 0.971094 0.518056 0.0567708 0.176852 0.00245244
0 0.36224 0.0685185 0.00989583 0.0259259 0.00252215
9 0.26849 0.099537 0.0119792 0.0546296 0.00273181
9 0.583594 0.037963 0.0130208 0.0537037 0.00273297
9 0.278125 0.0407407 0.0395833 0.0777778 0.00279277
9 0.115625 0.0217593 0.0125 0.037963 0.00327415
1 0.0117188 0.366667 0.0234375 0.0462963 0.00357019
2 0.398438 0.106019 0.0114583 0.0287037 0.00373933
2 0.363542 0.0666667 0.0114583 0.0222222 0.00377346
9 0.458333 0.0648148 0.00729167 0.0259259 0.00378862
2 0.475521 0.109722 0.0802083 0.0509259 0.00382838
0 0.286719 0.113889 0.0161458 0.0722222 0.00383289
9 0.439323 0.193981 0.0119792 0.0324074 0.0038658
9 0.444531 0.235185 0.0109375 0.0333333 0.00407607
0 0.757552 0.0685185 0.00989583 0.0444444 0.00427543
58 0.968229 0.495833 0.028125 0.0898148 0.00443781
2 0.361719 0.111111 0.147396 0.0685185 0.00457467
2 0.0330729 0.0652778 0.0192708 0.0194444 0.00481396
9 0.502604 0.759722 0.0125 0.0564815 0.00492905
9 0.294531 0.0555556 0.00989583 0.037037 0.00506885
11 0.23724 0.0680556 0.0161458 0.0416667 0.00543464
2 0.592188 0.125926 0.0177083 0.0240741 0.00580915
5 0.220833 0.0662037 0.0489583 0.0546296 0.0059604
9 0.99349 0.510185 0.0119792 0.161111 0.00597312
2 0.445573 0.111111 0.0338542 0.0407407 0.00628766
9 0.572917 0.0305556 0.0135417 0.0592593 0.00647236
9 0.220833 0.087963 0.0114583 0.0148148 0.0073306
11 0.605729 0.0592593 0.0104167 0.0259259 0.00762288
9 0.442187 0.0861111 0.0135417 0.0240741 0.00784209
9 0.208073 0.0689815 0.0213542 0.0435185 0.00807778
12 0.994792 0.494907 0.009375 0.137963 0.00845049
7 0.220052 0.0671296 0.0505208 0.062037 0.00975476
2 0.00416667 0.405556 0.00833333 0.0888889 0.0103149
2 0.270573 0.109259 0.0140625 0.0388889 0.010347
2 0.238542 0.139815 0.01875 0.0444444 0.0108405
9 0.269271 0.0476852 0.0197917 0.0435185 0.0121883
2 0.790365 0.0888889 0.0192708 0.0222222 0.0136498
1 0.00546875 0.397222 0.0109375 0.105556 0.0152741
9 0.221615 0.0541667 0.0161458 0.0398148 0.0181507
2 0.468229 0.108333 0.028125 0.0462963 0.0185914
9 0.26901 0.0259259 0.0203125 0.0444444 0.0206097
2 0.634896 0.149537 0.0114583 0.0601852 0.0226123
1 0.0122396 0.391667 0.0244792 0.112963 0.023198
0 0.635156 0.149074 0.00989583 0.0537037 0.0243236
10 0.194792 0.296296 0.0364583 0.112963 0.0295149
9 0.567187 0.0476852 0.00833333 0.0231481 0.0410915
2 0.442448 0.0847222 0.0151042 0.0231481 0.0459774
7 0.297396 0.105556 0.0333333 0.0777778 0.0545578
2 0.298438 0.104167 0.0322917 0.075 0.0565574
2 0.488542 0.107407 0.0145833 0.05 0.0583472
2 0.445573 0.115741 0.0223958 0.0222222 0.0816671
2 0.46224 0.1125 0.0119792 0.037963 0.136485
2 0.50599 0.103704 0.0432292 0.062963 0.206234
2 0.479167 0.109259 0.0229167 0.0444444 0.282462
2 0.322135 0.0865741 0.0369792 0.0361111 0.28576
2 0.627083 0.122222 0.0260417 0.0537037 0.402632
7 0.50599 0.103704 0.0432292 0.062963 0.472119
2 0.31875 0.121296 0.0510417 0.0703704 0.692549
2 0.41224 0.111111 0.0307292 0.0388889 0.732642
10 0.203906 0.314815 0.0161458 0.0703704 0.771765
11 0.728906 0.0425926 0.0265625 0.0555556 0.786493
2 0.729948 0.419444 0.121354 0.17037 0.898809
