2 0.238021 0.0990741 0.0177083 0.0537037 0.00107982
9 0.577865 0.0342593 0.0140625 0.0574074 0.00120536
7 0.990104 0.517593 0.01875 0.183333 0.00123758
0 0.730469 0.372685 0.0265625 0.0287037 0.00127146
13 0.961458 0.556481 0.0385417 0.0425926 0.00127623
9 0.3625 0.0708333 0.009375 0.0231481 0.0014243
9 0.816927 0.234722 0.00885417 0.0398148 0.0014398
12 0.995313 0.527315 0.00833333 0.0472222 0.00153307
9 0.429167 0.0412037 0.00833333 0.0268519 0.00158508
10 0.198698 0.293519 0.0265625 0.118519 0.0016153
2 0.44349 0.087963 0.0151042 0.0296296 0.00166075
7 0.792188 0.0638889 0.0333333 0.0611111 0.0016738
58 0.967708 0.497685 0.0270833 0.0824074 0.0016848
12 0.693229 0.1625 0.00729167 0.0416667 0.00176236
2 0.29401 0.103704 0.0901042 0.0907407 0.00176678
2 0.753906 0.157407 0.0109375 0.0185185 0.00183712
9 0.26276 0.0467593 0.0171875 0.0472222 0.00183743
9 0.266667 0.0967593 0.0104167 0.0546296 0.00195361
2 0.757031 0.114815 0.0151042 0.037037 0.00199298
9 0.583073 0.0425926 0.0109375 0.0407407 0.00211225
11 0.23724 0.0703704 0.0171875 0.0462963 0.00213612
12 0.702083 0.139352 0.0229167 0.0861111 0.00219688
9 0.415104 0.0106481 0.0145833 0.0212963 0.00229532
9 0.109635 0.0263889 0.0109375 0.0361111 0.00237053
9 0.571354 0.0324074 0.0135417 0.0574074 0.00252098
0 0.285156 0.12037 0.0130208 0.0574074 0.00259096
9 0.429688 0.062963 0.00833333 0.0277778 0.0027752
2 0.771354 0.111111 0.0135417 0.0222222 0.00278058
9 0.252865 0.0865741 0.0119792 0.0361111 0.00290545
2 0.218229 0.136574 0.0604167 0.0509259 0.00295279
7 0.220313 0.0643518 0.0510417 0.0824074 0.00298078
2 0.64974 0.149074 0.0390625 0.0574074 0.00322681
9 0.258333 0.0777778 0.0114583 0.0444444 0.00338842
0 0.715365 0.373611 0.0244792 0.025 0.00347448
1 0.809375 0.331019 0.0208333 0.0842593 0.00349825
2 0.546875 0.110185 0.165625 0.0574074 0.00358431
9 0.50026 0.603241 0.0151042 0.0398148 0.00400999
2 0.780469 0.101852 0.0307292 0.0444444 0.00407794
2 0.366927 0.113889 0.159896 0.0666667 0.00414067
2 0.592969 0.124537 0.0171875 0.0268519 0.00423411
2 0.46224 0.115741 0.0151042 0.037037 0.00455517
0 0.458594 0.0648148 0.0078125 0.0314815 0.00466147
9 0.2625 0.0851852 0.00729167 0.0333333 0.00674072
9 0.293229 0.0689815 0.0114583 0.0231481 0.00696826
13 0.0132813 0.397685 0.0265625 0.110185 0.00844836
9 0.269792 0.0490741 0.0197917 0.037037 0.00869971
5 0.220052 0.0796296 0.0505208 0.0814815 0.00962623
2 0.270833 0.112037 0.0125 0.0351852 0.0107968
9 0.2125 0.0657407 0.03125 0.05 0.0109876
2 0.532031 0.1125 0.0140625 0.0435185 0.0117555
2 0.801562 0.0837963 0.040625 0.0305556 0.0120272
2 0.0046875 0.557407 0.009375 0.0407407 0.0123472
9 0.294531 0.0564815 0.00989583 0.0425926 0.0124309
12 0.99349 0.501389 0.0119792 0.141667 0.0130507
13 0.00546875 0.406944 0.0109375 0.0916667 0.014163
9 0.443229 0.0884259 0.0135417 0.0305556 0.0142509
2 0.813802 0.0773148 0.0192708 0.0194444 0.0145445
2 0.482292 0.110185 0.0458333 0.0481481 0.0154564
11 0.60651 0.0606481 0.00989583 0.025 0.0159418
2 0.238281 0.14213 0.0182292 0.037963 0.0165745
0 0.635417 0.147685 0.0104167 0.0490741 0.0174199
5 0.213021 0.0611111 0.0333333 0.0592593 0.0201002
2 0.447917 0.11713 0.0260417 0.0268519 0.0262023
9 0.26901 0.0287037 0.0213542 0.0518519 0.02844
2 0.297135 0.106481 0.0328125 0.0777778 0.0286712
1 0.009375 0.398611 0.01875 0.110185 0.0343608
2 0.635156 0.143981 0.0109375 0.0490741 0.0354576
2 0.790625 0.0884259 0.01875 0.0231481 0.0409992
9 0.567448 0.0481481 0.00885417 0.0240741 0.0561043
9 0.502344 0.760648 0.0130208 0.0527778 0.0611238
7 0.302083 0.104167 0.0354167 0.075 0.0836817
2 0.321615 0.0861111 0.0380208 0.0296296 0.240171
2 0.479948 0.110648 0.0203125 0.0435185 0.276569
2 0.46875 0.111574 0.025 0.0416667 0.279745
2 0.627604 0.122222 0.0260417 0.05 0.508095
2 0.50651 0.104167 0.0411458 0.062037 0.537045
2 0.31901 0.120833 0.0505208 0.0712963 0.718665
10 0.204167 0.315741 0.0166667 0.0722222 0.774963
2 0.392448 0.11713 0.0432292 0.0342593 0.7758
11 0.728906 0.0430556 0.0265625 0.0564815 0.802848
2 0.729688 0.419444 0.122917 0.172222 0.903219
