1 0.0947917 0.147222 0.0239583 0.0462963 0.00101517
0 0.253906 0.132407 0.0130208 0.0518519 0.00104153
7 0.305469 0.0634259 0.0328125 0.0453704 0.00104751
9 0.563021 0.0513889 0.01875 0.0231481 0.00105859
2 0.1 0.137037 0.0208333 0.0314815 0.00106425
0 0.310417 0.920833 0.119792 0.0898148 0.00109147
1 0.0135417 0.383333 0.0270833 0.112963 0.00113334
1 0.0523437 0.16713 0.0630208 0.0731481 0.00115032
11 0.238021 0.0671296 0.015625 0.0398148 0.00116569
2 0.108594 0.134722 0.0432292 0.0416667 0.00122671
2 0.363802 0.0689815 0.0119792 0.0212963 0.00128723
2 0.29375 0.104167 0.084375 0.0990741 0.00128734
7 0.99375 0.521296 0.0114583 0.166667 0.0013148
0 0.242448 0.941667 0.0359375 0.0740741 0.00140758
0 0.0973958 0.136574 0.0322917 0.0453704 0.00142358
2 0.332812 0.0777778 0.028125 0.0296296 0.00151074
2 0.659635 0.152315 0.0619792 0.0638889 0.00152531
2 0.594531 0.126389 0.0130208 0.025 0.00155423
9 0.269792 0.0324074 0.0197917 0.0407407 0.00159238
13 0.0138021 0.39213 0.0276042 0.110185 0.00161032
2 0.0138021 0.39537 0.0276042 0.114815 0.00177994
9 0.502865 0.761574 0.0109375 0.0509259 0.00179131
0 0.0549479 0.139815 0.00989583 0.0277778 0.00184448
11 0.240365 0.0347222 0.0223958 0.0638889 0.00192196
9 0.571094 0.0314815 0.0161458 0.0592593 0.00194594
2 0.55026 0.109259 0.276563 0.0685185 0.00197745
9 0.995573 0.532407 0.0078125 0.0462963 0.00200936
2 0.780208 0.113889 0.0322917 0.062963 0.00211282
9 0.264323 0.0444444 0.00989583 0.0425926 0.00214321
7 0.971615 0.531018 0.0557292 0.202778 0.00222499
0 0.756771 0.0731481 0.009375 0.0407407 0.00228885
2 0.298438 0.0939815 0.040625 0.087963 0.00230845
2 0.267188 0.100463 0.0125 0.0509259 0.00232005
2 0.60651 0.0611111 0.00989583 0.0259259 0.00269811
0 0.26276 0.111574 0.00885417 0.0435185 0.00274615
0 0.096875 0.1375 0.0177083 0.0361111 0.00291373
2 0.00364583 0.408796 0.00729167 0.0861111 0.00291947
9 0.966667 0.500926 0.025 0.0777778 0.00296336
2 0.371875 0.109722 0.173958 0.0768519 0.00299633
1 0.107813 0.160185 0.0520833 0.0703704 0.00305714
0 0.756771 0.374537 0.0197917 0.0287037 0.00317029
58 0.917188 0.250926 0.165625 0.494444 0.00330588
0 0.732813 0.371759 0.0229167 0.0305556 0.00336204
1 0.0820312 0.164352 0.102604 0.0805556 0.00340229
9 0.209115 0.0666667 0.0223958 0.0425926 0.00345759
2 0.616146 0.115278 0.0489583 0.0509259 0.00356755
0 0.757552 0.0935185 0.0119792 0.0814815 0.00393934
1 0.00442708 0.381481 0.00885417 0.138889 0.00433853
7 0.221354 0.0652778 0.053125 0.0675926 0.00452453
62 0.698438 0.685648 0.0635417 0.075 0.00474883
2 0.477344 0.109259 0.0692708 0.0537037 0.00483872
5 0.220833 0.0685185 0.05 0.0537037 0.00510271
2 0.532812 0.0782407 0.0135417 0.0175926 0.00573369
2 0.814844 0.0763889 0.0171875 0.0175926 0.00597422
2 0.411198 0.109722 0.0651042 0.0546296 0.00606513
2 0.239063 0.141204 0.0197917 0.0416667 0.00609714
2 0.778385 0.106481 0.0255208 0.0314815 0.00612459
9 0.995052 0.492593 0.00885417 0.122222 0.00615247
2 0.442448 0.087963 0.0161458 0.0296296 0.00655296
9 0.977083 0.498611 0.04375 0.125 0.00804569
9 0.500521 0.601389 0.0166667 0.0416667 0.00838228
9 0.443229 0.0884259 0.0114583 0.0268519 0.00880905
2 0.310417 0.1 0.0489583 0.0592593 0.0100805
2 0.270573 0.111111 0.0119792 0.037037 0.0103144
0 0.715885 0.371759 0.0255208 0.0287037 0.0111085
2 0.270573 0.0513889 0.0182292 0.0361111 0.0112284
9 0.115104 0.024537 0.015625 0.0361111 0.0167959
0 0.635156 0.148148 0.0109375 0.0481481 0.019677
9 0.567448 0.0490741 0.00885417 0.0222222 0.0214628
0 0.352083 0.931944 0.046875 0.0638889 0.0239998
0 0.31276 0.934722 0.0505208 0.0601852 0.0248799
2 0.528646 0.0791667 0.0135417 0.0268519 0.0261594
2 0.786719 0.0902778 0.0161458 0.0231481 0.0269523
2 0.446354 0.107407 0.021875 0.0351852 0.0293491
7 0.297396 0.103704 0.034375 0.0907407 0.0440147
2 0.307031 0.0773148 0.0244792 0.025 0.0745446
2 0.292708 0.115741 0.025 0.0666667 0.158305
2 0.464844 0.111111 0.0182292 0.0425926 0.184254
2 0.303385 0.0652778 0.0276042 0.0361111 0.211538
2 0.322656 0.0851852 0.0359375 0.0351852 0.243551
0 0.26224 0.938889 0.0526042 0.0722222 0.252219
2 0.50625 0.10463 0.0416667 0.062963 0.352532
2 0.628125 0.121759 0.025 0.0527778 0.382719
2 0.476302 0.109722 0.0328125 0.0453704 0.413648
7 0.50651 0.105093 0.0421875 0.0638889 0.446459
2 0.31875 0.122222 0.05 0.0703704 0.749636
11 0.729427 0.0421296 0.0276042 0.0546296 0.763664
10 0.204167 0.316204 0.0166667 0.0731481 0.816056
2 0.41849 0.111574 0.0307292 0.0416667 0.845258
2 0.300521 0.9 0.252083 0.194444 0.899339
2 0.729948 0.419907 0.123438 0.169444 0.899787
7 0.68724 0.724537 0.222396 0.378704 0.904371
