2 0.442187 0.850926 0.645833 0.281481 0.00100841
9 0.816406 0.233333 0.00989583 0.0425926 0.00103686
46 0.482031 0.490278 0.0130208 0.0287037 0.00106347
11 0.239583 0.0365741 0.021875 0.0694444 0.0010636
2 0.626823 0.416204 0.451562 0.191667 0.00107021
12 0.69349 0.163426 0.00677083 0.0398148 0.00113805
0 0.18776 0.113889 0.0078125 0.037037 0.00118156
0 0.511198 0.331019 0.585938 0.434259 0.00121749
2 0.641667 0.130556 0.0520833 0.0685185 0.00125772
2 0.363542 0.0689815 0.0125 0.0231481 0.00129075
11 0.23724 0.0699074 0.0171875 0.0472222 0.00133421
9 0.273177 0.0532407 0.0244792 0.062037 0.00137296
9 0.458594 0.0652778 0.0078125 0.0324074 0.00137589
2 0.297917 0.105556 0.0864583 0.0944444 0.0014077
2 0.795313 0.0833333 0.0302083 0.0259259 0.00150391
2 0.505469 0.187963 0.471354 0.231481 0.00153567
9 0.50026 0.602778 0.0151042 0.0388889 0.00157604
0 0.263021 0.101389 0.009375 0.0564815 0.00161298
9 0.568229 0.0314815 0.0145833 0.0574074 0.00173921
9 0.109635 0.0277778 0.0130208 0.0351852 0.00183451
0 0.297656 0.793981 0.0182292 0.037963 0.00184451
0 0.732031 0.372222 0.0223958 0.0296296 0.00188549
2 0.238021 0.10787 0.01875 0.0398148 0.00192154
9 0.566406 0.0601852 0.0119792 0.0481481 0.00192838
0 0.301562 0.801389 0.0447917 0.062037 0.00197347
9 0.580729 0.0347222 0.0166667 0.0583333 0.00197847
2 0.771094 0.113426 0.0130208 0.0305556 0.00206215
2 0.0138021 0.397222 0.0276042 0.109259 0.00207116
9 0.292448 0.0541667 0.00989583 0.0472222 0.00207289
9 0.5625 0.05 0.01875 0.0240741 0.00246724
0 0.270312 0.796296 0.0645833 0.0722222 0.00248983
0 0.553125 0.221759 0.0208333 0.0212963 0.00251539
2 0.779427 0.106019 0.0286458 0.0453704 0.0025732
0 0.75651 0.373148 0.0203125 0.0314815 0.00259127
2 0.403906 0.108796 0.273438 0.0768519 0.00264643
2 0.661979 0.14537 0.0677083 0.0833333 0.00268153
7 0.970833 0.524074 0.0572917 0.192593 0.00269099
0 0.442969 0.0972222 0.0182292 0.0481481 0.00275229
9 0.253385 0.0861111 0.0140625 0.037037 0.00292399
0 0.995833 0.326389 0.00729167 0.0564815 0.00317413
0 0.33151 0.814352 0.0473958 0.0342593 0.00330407
2 0.442969 0.0884259 0.0140625 0.0305556 0.00362357
9 0.266146 0.0990741 0.0104167 0.0555556 0.00380334
9 0.584375 0.0439815 0.0125 0.037963 0.00380885
2 0.559896 0.109259 0.266667 0.0703704 0.00380907
9 0.115104 0.024537 0.0135417 0.037963 0.00384741
1 0.009375 0.397222 0.01875 0.112963 0.00395835
9 0.263021 0.087037 0.00833333 0.0351852 0.00408235
9 0.257292 0.074537 0.0104167 0.0453704 0.00412339
12 0.992708 0.513889 0.0135417 0.162963 0.00417468
7 0.99375 0.51713 0.0114583 0.169444 0.00421692
0 0.757552 0.087963 0.0130208 0.0703704 0.00448189
2 0.238281 0.140278 0.0192708 0.0435185 0.00476832
2 0.648698 0.148611 0.0359375 0.0583333 0.00507791
2 0.813021 0.0759259 0.0166667 0.0166667 0.0053019
9 0.502344 0.759722 0.0119792 0.0546296 0.0059332
19 0.442969 0.087963 0.0140625 0.0296296 0.00627314
9 0.992969 0.507407 0.0130208 0.15 0.00680128
2 0.592708 0.125463 0.0177083 0.025 0.00691023
0 0.521875 0.222685 0.0197917 0.0287037 0.00712205
2 0.338542 0.087037 0.0145833 0.0314815 0.00714867
0 0.714844 0.372685 0.0234375 0.0268519 0.00729731
0 0.00416667 0.408333 0.00833333 0.087037 0.00768416
2 0.474219 0.10787 0.0661458 0.0564815 0.00788246
9 0.361979 0.0699074 0.009375 0.0231481 0.00887227
2 0.271875 0.109722 0.0145833 0.0398148 0.0100083
0 0.325521 0.796759 0.0583333 0.0675926 0.0101792
2 0.606771 0.0611111 0.0104167 0.0240741 0.0116455
7 0.220052 0.0675926 0.0515625 0.0666667 0.0161295
2 0.786198 0.0893519 0.0151042 0.0231481 0.0208844
5 0.220573 0.0689815 0.0505208 0.0638889 0.0215233
1 0.0127604 0.368981 0.0255208 0.0546296 0.0243146
2 0.00390625 0.427315 0.0078125 0.0472222 0.0283619
2 0.635677 0.144907 0.0109375 0.0509259 0.0346697
9 0.269271 0.0351852 0.021875 0.0685185 0.0459797
2 0.295833 0.106019 0.0333333 0.0787037 0.0646865
9 0.567448 0.0486111 0.00885417 0.0231481 0.0655186
7 0.299479 0.106481 0.0375 0.0796296 0.104807
2 0.463281 0.110185 0.0161458 0.0444444 0.106738
2 0.321615 0.0884259 0.0390625 0.0324074 0.181154
2 0.476562 0.109259 0.034375 0.0462963 0.375107
2 0.627865 0.121759 0.0255208 0.0509259 0.407199
2 0.506771 0.105093 0.0427083 0.062037 0.552075
2 0.31875 0.121296 0.05 0.0703704 0.699961
10 0.203906 0.316204 0.0161458 0.0712963 0.762332
11 0.729688 0.0425926 0.0270833 0.0555556 0.781814
2 0.729948 0.419907 0.122396 0.171296 0.899327
2 0.535156 0.25463 0.0973958 0.138889 0.901408
2 0.29401 0.856019 0.199479 0.280556 0.929003
