2 0.277083 0.114352 0.0270833 0.0564815 0.00100626
2 0.642708 0.151389 0.0260417 0.0638889 0.00104239
7 0.360156 0.0930556 0.0796875 0.0990741 0.00107967
9 0.548177 0.0527778 0.0109375 0.0240741 0.00109568
32 0.453906 0.314352 0.00885417 0.012037 0.00111492
7 0.277604 0.0907407 0.125 0.118519 0.00111651
9 0.995052 0.521296 0.00885417 0.0611111 0.00119885
2 0.777083 0.103241 0.0260417 0.0416667 0.00120057
9 0.259635 0.0787037 0.0151042 0.0537037 0.00125403
9 0.108333 0.0282407 0.0125 0.0361111 0.00125552
11 0.702344 0.120833 0.0213542 0.0490741 0.00130149
2 0.00677083 0.0907407 0.0135417 0.0481481 0.00130594
9 0.254167 0.0875 0.0177083 0.037963 0.00136685
2 0.592448 0.124074 0.0171875 0.0277778 0.00137557
12 0.701302 0.164815 0.0203125 0.037037 0.001378
2 0.53099 0.1125 0.0130208 0.0416667 0.00137842
2 0.277344 0.0606481 0.0359375 0.0472222 0.00140364
9 0.115104 0.0231481 0.0125 0.0407407 0.00140623
2 0.218229 0.133796 0.059375 0.0564815 0.00141374
9 0.457292 0.0643518 0.00625 0.0305556 0.0015084
0 0.729167 0.372222 0.0302083 0.0277778 0.00163104
13 0.99401 0.518981 0.0109375 0.171296 0.00169321
9 0.290104 0.0291667 0.0114583 0.0435185 0.0017063
13 0.961979 0.553704 0.0395833 0.0388889 0.001713
5 0.786979 0.0490741 0.0291667 0.0962963 0.00172914
12 0.701823 0.143981 0.0234375 0.0768519 0.00174447
2 0.265885 0.100926 0.0140625 0.0555556 0.00178427
9 0.414844 0.00833333 0.0140625 0.0166667 0.00183994
0 0.75599 0.0731481 0.0109375 0.0351852 0.00184063
0 0.757031 0.375 0.0203125 0.0314815 0.00195285
2 0.60625 0.0592593 0.0104167 0.0240741 0.00199795
58 0.96875 0.49537 0.03125 0.0888889 0.00199936
0 0.754427 0.087963 0.0130208 0.0648148 0.00210208
12 0.691667 0.164352 0.009375 0.037963 0.00224329
9 0.99375 0.497222 0.0114583 0.135185 0.00229059
7 0.992969 0.51713 0.0130208 0.171296 0.00237612
11 0.240104 0.0351852 0.0208333 0.0685185 0.0024171
2 0.2875 0.0805556 0.0125 0.0277778 0.00242142
0 0.634635 0.151389 0.0119792 0.062037 0.00242151
2 0.482812 0.103241 0.0572917 0.062037 0.00249705
2 0.575781 0.105093 0.230729 0.0694444 0.00253885
2 0.465885 0.0231481 0.0203125 0.0185185 0.00263963
0 0.803125 0.756019 0.11875 0.452778 0.00272343
14 0.5 0.601852 0.015625 0.0407407 0.00277016
0 0.26875 0.0990741 0.0125 0.0537037 0.00277643
2 0.657812 0.131944 0.08125 0.0768519 0.00308273
9 0.245052 0.0898148 0.0078125 0.0333333 0.00314566
2 0.286719 0.118519 0.0140625 0.0537037 0.0031693
13 0.970573 0.519907 0.0578125 0.175 0.0033517
0 0.285417 0.120833 0.0135417 0.0583333 0.00368207
7 0.332031 0.0921296 0.0557292 0.0953704 0.0036865
9 0.263281 0.0884259 0.00885417 0.037963 0.00370748
9 0.291927 0.0541667 0.00989583 0.0435185 0.00378424
2 0.446094 0.11713 0.0255208 0.0231481 0.00394665
0 0.715885 0.371296 0.0255208 0.0259259 0.00403955
9 0.572656 0.0310185 0.0140625 0.0583333 0.00406861
7 0.78776 0.0550926 0.0265625 0.0842593 0.00419375
7 0.970833 0.524537 0.0572917 0.199074 0.00470609
9 0.275 0.0398148 0.0385417 0.0777778 0.00476959
9 0.584115 0.037963 0.0119792 0.0481481 0.00504996
0 0.282292 0.0865741 0.00729167 0.025 0.0059072
12 0.994792 0.494907 0.009375 0.137963 0.00608118
2 0.238542 0.140278 0.01875 0.0416667 0.00626249
9 0.208854 0.0675926 0.0260417 0.0462963 0.00691749
9 0.215625 0.0560185 0.0270833 0.0472222 0.00851784
2 0.295312 0.1125 0.0208333 0.0546296 0.00896421
5 0.220833 0.0638889 0.0489583 0.0574074 0.00913101
2 0.270833 0.109722 0.0145833 0.037963 0.00918509
2 0.814323 0.0763889 0.0171875 0.0194444 0.00925007
9 0.220313 0.0884259 0.0104167 0.0138889 0.00936761
10 0.442187 0.0861111 0.0135417 0.0259259 0.0101136
7 0.21901 0.0643518 0.0484375 0.0638889 0.0105217
11 0.236979 0.0648148 0.0166667 0.037037 0.0110114
2 0.290885 0.0703704 0.0119792 0.0166667 0.011668
9 0.502344 0.760648 0.0119792 0.0546296 0.014794
2 0.785156 0.0888889 0.0151042 0.0240741 0.0185614
2 0.634375 0.143519 0.0114583 0.0481481 0.0246081
9 0.566927 0.0481481 0.00885417 0.0240741 0.0292788
2 0.490625 0.107407 0.015625 0.05 0.0330237
9 0.26849 0.0333333 0.0213542 0.0611111 0.0461383
2 0.372917 0.0449074 0.0197917 0.0287037 0.0734461
2 0.461979 0.113426 0.0125 0.0361111 0.0772304
2 0.371615 0.0578704 0.0223958 0.0324074 0.104158
2 0.348177 0.0606481 0.0161458 0.0268519 0.150382
2 0.469271 0.110185 0.025 0.0425926 0.212099
2 0.479167 0.109722 0.0197917 0.0435185 0.212779
7 0.361719 0.0532407 0.0421875 0.0435185 0.228397
2 0.321354 0.087037 0.0375 0.037037 0.374491
2 0.505729 0.103704 0.0427083 0.062963 0.416242
7 0.505729 0.103704 0.0427083 0.062963 0.443366
2 0.626823 0.121296 0.0255208 0.0518519 0.593212
2 0.317708 0.120833 0.0510417 0.0712963 0.648777
10 0.203906 0.315278 0.0161458 0.0712963 0.784088
11 0.728906 0.0435185 0.0276042 0.0555556 0.805918
2 0.729427 0.419444 0.122396 0.17037 0.907949
