9 0.548177 0.0513889 0.0109375 0.0268519 0.00100543
13 0.970833 0.523148 0.0572917 0.177778 0.00102754
9 0.429427 0.0398148 0.00885417 0.0203704 0.00103931
2 0.0617188 0.0685185 0.0348958 0.0296296 0.00104819
9 0.26276 0.0907407 0.00989583 0.0425926 0.00105298
9 0.221354 0.0856481 0.0125 0.0194444 0.0010531
1 0.811198 0.338889 0.0192708 0.0962963 0.00111969
7 0.149219 0.0898148 0.0671875 0.0759259 0.00115422
9 0.469531 0.411574 0.00989583 0.0287037 0.00116796
9 0.257552 0.075 0.0119792 0.0407407 0.00118476
0 0.532292 0.283796 0.582292 0.549074 0.00118789
0 0.174479 0.860648 0.0666667 0.208333 0.00131247
12 0.692187 0.163889 0.009375 0.0407407 0.00132649
2 0.452083 0.108796 0.0541667 0.0416667 0.00137261
7 0.219531 0.0949074 0.0536458 0.112037 0.00137596
11 0.236198 0.0694444 0.0192708 0.0462963 0.00143048
2 0.591406 0.108796 0.301562 0.0731481 0.00146874
9 0.294531 0.0564815 0.00989583 0.0333333 0.00147042
12 0.702344 0.131019 0.0234375 0.0657407 0.00151035
9 0.108854 0.025463 0.0114583 0.0361111 0.00159852
2 0.405729 0.109722 0.298958 0.0861111 0.00162177
2 0.297396 0.10463 0.0895833 0.0925926 0.00177053
2 0.292969 0.0689815 0.0109375 0.0175926 0.00191622
2 0.0046875 0.557407 0.009375 0.0388889 0.0019903
0 0.734115 0.370833 0.0348958 0.0305556 0.00201998
9 0.114844 0.0240741 0.0130208 0.037037 0.00203397
9 0.990104 0.5 0.01875 0.127778 0.00232553
11 0.240104 0.0310185 0.021875 0.0583333 0.00233189
2 0.266667 0.0976852 0.0114583 0.0527778 0.00236144
2 0.773958 0.115278 0.0177083 0.0287037 0.00241966
9 0.444531 0.235185 0.0348958 0.133333 0.00248271
12 0.981771 0.498148 0.025 0.124074 0.00252629
1 0.0145833 0.39537 0.0291667 0.111111 0.00280093
9 0.564323 0.0314815 0.0161458 0.0574074 0.00304039
9 0.565365 0.0421296 0.0109375 0.037963 0.00308934
0 0.263021 0.106944 0.00833333 0.0453704 0.00311022
2 0.640365 0.124537 0.0515625 0.0601852 0.00311464
2 0.657292 0.152315 0.0541667 0.0638889 0.00312506
0 0.285417 0.111574 0.0125 0.0601852 0.00319009
5 0.207552 0.0685185 0.0234375 0.0444444 0.00319027
2 0.009375 0.39213 0.01875 0.126852 0.00338858
2 0.478125 0.108333 0.0635417 0.062963 0.00362445
2 0.0135417 0.365741 0.0270833 0.0462963 0.00384376
0 0.757292 0.0912037 0.0125 0.0787037 0.00409118
0 0.757812 0.375 0.0177083 0.0314815 0.00425153
12 0.995052 0.491204 0.00885417 0.119444 0.00488487
0 0.324479 0.66713 0.0364583 0.0564815 0.00492266
0 0.710677 0.373611 0.0203125 0.0268519 0.00499832
9 0.758333 0.0717593 0.009375 0.0398148 0.00503561
9 0.995313 0.490278 0.00833333 0.119444 0.00521316
11 0.60625 0.0601852 0.009375 0.0240741 0.0052592
0 0.635677 0.148148 0.00989583 0.05 0.0053128
2 0.269531 0.111111 0.0119792 0.037037 0.00587533
0 0.00859375 0.399074 0.0171875 0.111111 0.0060564
2 0.635156 0.143981 0.0109375 0.0472222 0.00637283
0 0.442969 0.099537 0.0182292 0.0509259 0.00677166
2 0.592448 0.128241 0.0182292 0.0212963 0.00738645
2 0.238802 0.140278 0.0192708 0.0435185 0.0074207
9 0.415625 0.0125 0.015625 0.025 0.00752461
2 0.786458 0.0898148 0.0166667 0.0203704 0.0083132
9 0.438021 0.197685 0.0145833 0.0546296 0.00971068
2 0.442448 0.0884259 0.0140625 0.0268519 0.0100481
2 0.364323 0.0685185 0.0130208 0.0203704 0.0196375
9 0.567448 0.0486111 0.00885417 0.0231481 0.0229202
2 0.00390625 0.406481 0.0078125 0.0925926 0.0245364
7 0.29974 0.105093 0.0401042 0.0787037 0.0257101
0 0.289844 0.670833 0.0505208 0.0564815 0.0269066
2 0.30026 0.102778 0.0359375 0.0722222 0.031942
0 0.00390625 0.399537 0.0078125 0.108333 0.0372707
5 0.220313 0.0680556 0.0510417 0.0527778 0.0380367
9 0.502604 0.760185 0.0125 0.0555556 0.03966
0 0.307031 0.67037 0.0286458 0.05 0.0419753
9 0.26875 0.0282407 0.0197917 0.0527778 0.0461118
9 0.500521 0.603241 0.0145833 0.0398148 0.101593
2 0.627865 0.120833 0.0244792 0.0509259 0.264384
2 0.322396 0.0865741 0.0385417 0.0361111 0.294148
2 0.50599 0.104167 0.0432292 0.062037 0.506457
0 0.35026 0.667593 0.0421875 0.0537037 0.507167
2 0.474479 0.109722 0.0354167 0.0453704 0.561167
10 0.203906 0.316204 0.0161458 0.0712963 0.741773
11 0.729688 0.0430556 0.0270833 0.0564815 0.746454
2 0.31875 0.121759 0.05 0.0694444 0.756909
2 0.729948 0.42037 0.122396 0.17037 0.914714
2 0.321354 0.733333 0.176042 0.264815 0.920704
