0 0.186719 0.118981 0.00677083 0.0342593 0.00102389
0 0.185937 0.4375 0.028125 0.108333 0.00104496
7 0.486458 0.112037 0.405208 0.0907407 0.00106531
2 0.255729 0.0865741 0.021875 0.0435185 0.0010759
1 0.025 0.356481 0.0489583 0.0333333 0.0010879
2 0.772396 0.107407 0.0166667 0.0259259 0.00113281
0 0.420312 0.353704 0.05625 0.062963 0.00114361
12 0.701563 0.15787 0.0208333 0.0472222 0.00114682
1 0.053125 0.490741 0.0260417 0.0592593 0.0012216
0 0.816927 0.235185 0.00885417 0.037037 0.00124268
2 0.460677 0.111111 0.378646 0.0962963 0.00125436
9 0.444792 0.244444 0.00833333 0.0185185 0.00129672
12 0.9875 0.518056 0.0239583 0.176852 0.00131218
58 0.967969 0.49537 0.0286458 0.0814815 0.00133359
2 0.753385 0.156481 0.0119792 0.0259259 0.00136396
2 0.423438 0.0907407 0.0114583 0.0407407 0.00137084
0 0.443229 0.462037 0.742708 0.290741 0.00138565
1 0.182292 0.469444 0.0302083 0.0907407 0.00139617
0 0.0046875 0.468981 0.009375 0.200926 0.00140454
0 0.105469 0.483333 0.205729 0.231481 0.00142939
1 0.0380208 0.47037 0.028125 0.062963 0.00145577
13 0.970312 0.568981 0.0572917 0.075 0.00146073
2 0.588542 0.423611 0.560417 0.199074 0.00150546
9 0.219792 0.105093 0.0114583 0.0416667 0.00152152
9 0.570052 0.0310185 0.0119792 0.0564815 0.00154734
12 0.99401 0.518056 0.0109375 0.173148 0.00162743
2 0.269271 0.0893519 0.0177083 0.0675926 0.00163472
1 0.0192708 0.171759 0.0364583 0.0601852 0.00166534
0 0.134635 0.409722 0.269271 0.256481 0.00179792
1 0.0375 0.435648 0.0260417 0.0453704 0.00190993
1 0.160156 0.555556 0.0411458 0.114815 0.00191124
0 0.420833 0.0967593 0.0125 0.0564815 0.00192082
2 0.777865 0.100463 0.0286458 0.0398148 0.0020296
9 0.211979 0.0643518 0.0354167 0.0583333 0.0020617
9 0.275521 0.0439815 0.0385417 0.0861111 0.00211024
1 0.2 0.534722 0.0395833 0.115741 0.00222551
9 0.361979 0.0685185 0.00833333 0.0259259 0.00225588
7 0.21901 0.0606481 0.0536458 0.0916667 0.00228376
7 0.236458 0.0643518 0.015625 0.0361111 0.00228923
0 0.755469 0.0875 0.0151042 0.075 0.00230475
0 0.460156 0.645833 0.774479 0.673148 0.00235893
0 0.728906 0.372222 0.0307292 0.0296296 0.00243077
9 0.291927 0.0532407 0.00885417 0.037963 0.00246782
5 0.2125 0.062963 0.0322917 0.0537037 0.00275196
9 0.499479 0.601852 0.0145833 0.0407407 0.00284504
9 0.502083 0.758333 0.0135417 0.0555556 0.00285819
0 0.263542 0.0925926 0.00833333 0.0518519 0.00321112
32 0.453906 0.312963 0.00885417 0.012963 0.00323244
1 0.0140625 0.543519 0.028125 0.0851852 0.00332754
9 0.439583 0.206019 0.0125 0.0509259 0.00344451
7 0.275521 0.0611111 0.0385417 0.12037 0.00357367
1 0.0541667 0.532407 0.0385417 0.0944444 0.00364057
7 0.993229 0.517593 0.0125 0.172222 0.00365902
9 0.269271 0.0476852 0.0197917 0.0361111 0.00448095
2 0.198177 0.243056 0.0234375 0.0157407 0.00468127
24 0.181771 0.444907 0.0302083 0.0787037 0.00488388
1 0.0234375 0.393056 0.046875 0.108333 0.00496803
9 0.220052 0.0888889 0.00885417 0.0111111 0.00506812
2 0.286719 0.0782407 0.0182292 0.0324074 0.0055442
0 0.715625 0.371296 0.0270833 0.0277778 0.00650878
2 0.784896 0.0888889 0.0145833 0.0203704 0.00666523
0 0.283073 0.0888889 0.00989583 0.0388889 0.00692688
2 0.269792 0.108333 0.0125 0.0388889 0.00706893
7 0.970312 0.522685 0.0583333 0.191667 0.00714281
9 0.994271 0.506944 0.0104167 0.15463 0.00745427
2 0.605469 0.0592593 0.00989583 0.0277778 0.00826345
7 0.21276 0.0615741 0.0359375 0.0601852 0.0084503
0 0.383333 0.364352 0.0333333 0.0416667 0.0104345
1 0.102865 0.544444 0.191146 0.124074 0.0107712
0 0.2875 0.110185 0.01875 0.0777778 0.0117652
1 0.00494792 0.559259 0.00989583 0.0462963 0.01213
9 0.566667 0.0467593 0.00833333 0.0231481 0.0133939
2 0.291406 0.106944 0.0255208 0.0787037 0.0135889
9 0.26875 0.0231481 0.021875 0.0425926 0.0142858
2 0.291146 0.0712963 0.0114583 0.0148148 0.0149759
1 0.164844 0.562037 0.0213542 0.1 0.0188568
0 0.365885 0.367593 0.0213542 0.0388889 0.0214787
1 0.0104167 0.368056 0.0208333 0.0657407 0.0391233
1 0.0260417 0.543981 0.0385417 0.100926 0.0410769
0 0.634115 0.144444 0.0119792 0.0518519 0.0449199
2 0.501823 0.10463 0.0401042 0.0555556 0.0457091
1 0.188542 0.539815 0.0177083 0.1 0.0634539
24 0.168229 0.427778 0.0239583 0.0462963 0.101409
1 0.00989583 0.399074 0.0197917 0.101852 0.12114
0 0.425781 0.3625 0.0359375 0.0435185 0.141143
1 0.00546875 0.408333 0.0109375 0.0851852 0.159481
2 0.627083 0.12037 0.025 0.0518519 0.320644
1 0.0429688 0.543519 0.0359375 0.1 0.333074
2 0.476823 0.107407 0.0276042 0.0462963 0.374265
2 0.321354 0.0842593 0.0375 0.0351852 0.379507
1 0.17474 0.552778 0.0348958 0.116667 0.454769
7 0.505469 0.102778 0.0432292 0.062963 0.524126
1 0.0427083 0.553704 0.0177083 0.0796296 0.561233
7 0.44375 0.0944444 0.0458333 0.0722222 0.621522
10 0.204167 0.314352 0.015625 0.0694444 0.683511
2 0.398177 0.43287 0.161979 0.239815 0.723086
2 0.317969 0.12037 0.0515625 0.0685185 0.774798
11 0.728646 0.0407407 0.0270833 0.0518519 0.776267
0 0.177083 0.4875 0.046875 0.210185 0.853019
0 0.0419271 0.486574 0.0484375 0.15463 0.856094
2 0.729688 0.418056 0.123958 0.169444 0.908722
