9 0.59375 0.0416667 0.0114583 0.0388889 0.00102128
9 0.548177 0.0509259 0.0119792 0.0296296 0.00105513
2 0.785937 0.103241 0.0427083 0.0490741 0.00108824
9 0.438021 0.191667 0.0135417 0.0351852 0.00108882
2 0.0661458 0.110185 0.0260417 0.0462963 0.00109336
2 0.77474 0.11713 0.0192708 0.0324074 0.00115287
2 0.238802 0.136574 0.0203125 0.0509259 0.00116991
10 0.774219 0.123611 0.0182292 0.0453704 0.00118837
2 0.463021 0.112963 0.015625 0.0425926 0.00126184
1 0.810938 0.338426 0.0197917 0.0935185 0.00132952
2 0.645833 0.152778 0.028125 0.0611111 0.00133688
2 0.0544271 0.0699074 0.0463542 0.0268519 0.00135419
9 0.552604 0.0444444 0.0135417 0.0351852 0.00145469
12 0.692969 0.162037 0.00885417 0.0407407 0.00161688
2 0.409375 0.110648 0.30625 0.0842593 0.00162863
7 0.99375 0.518056 0.0114583 0.169444 0.00165504
9 0.252604 0.0856481 0.0135417 0.0361111 0.00166127
7 0.970312 0.52963 0.0583333 0.2 0.00174015
0 0.102344 0.124537 0.0161458 0.0564815 0.00179179
12 0.988021 0.502315 0.0229167 0.134259 0.00179981
12 0.701563 0.162963 0.0208333 0.0388889 0.00180323
2 0.798437 0.0662037 0.0416667 0.0490741 0.0018296
2 0.579948 0.109722 0.261979 0.0694444 0.0018427
9 0.560677 0.0310185 0.0244792 0.0601852 0.00190798
13 0.970573 0.529167 0.0578125 0.193519 0.00192036
9 0.415885 0.00925926 0.0151042 0.0185185 0.00201642
1 0.00364583 0.405556 0.00729167 0.0944444 0.00207501
0 0.73125 0.370833 0.0375 0.0324074 0.00213689
9 0.767969 0.0189815 0.0151042 0.0361111 0.00214507
9 0.565625 0.0412037 0.0104167 0.0398148 0.00234364
9 0.989844 0.515741 0.0192708 0.161111 0.00261685
2 0.592188 0.129167 0.0177083 0.0212963 0.00265565
0 0.757292 0.376389 0.0177083 0.0268519 0.00274132
9 0.25625 0.0759259 0.0104167 0.0462963 0.00285474
0 0.758073 0.074537 0.00989583 0.0472222 0.00296883
32 0.454688 0.315278 0.00729167 0.0138889 0.00300256
2 0.363542 0.0685185 0.0114583 0.0222222 0.00307201
2 0.476562 0.109259 0.06875 0.0611111 0.00325869
2 0.643229 0.125 0.05625 0.0611111 0.00334089
11 0.235417 0.0689815 0.021875 0.0472222 0.00340656
9 0.26276 0.0888889 0.00885417 0.0388889 0.00349258
9 0.207031 0.0689815 0.0234375 0.0416667 0.00380944
12 0.702344 0.137037 0.0234375 0.0777778 0.00399402
2 0.442969 0.087037 0.0140625 0.0277778 0.00435492
2 0.794531 0.0805556 0.0296875 0.0240741 0.00439249
2 0.663802 0.156481 0.0640625 0.0666667 0.00459834
11 0.221094 0.0671296 0.0515625 0.0564815 0.00460293
12 0.995052 0.5 0.00885417 0.133333 0.00501543
11 0.240885 0.0342593 0.0223958 0.0648148 0.00503923
0 0.75651 0.0893519 0.0140625 0.075 0.00518664
9 0.219792 0.050463 0.0208333 0.0361111 0.0053019
0 0.263021 0.103241 0.009375 0.0527778 0.00542256
9 0.995052 0.498148 0.00885417 0.133333 0.00552189
2 0.635156 0.144444 0.0109375 0.0481481 0.00584348
2 0.785156 0.0912037 0.0140625 0.0175926 0.00635319
0 0.635417 0.149074 0.009375 0.05 0.00691875
2 0.79401 0.087963 0.0213542 0.0185185 0.0077431
9 0.501042 0.602778 0.015625 0.0407407 0.00805424
9 0.36224 0.0689815 0.00885417 0.0231481 0.00809211
2 0.81276 0.074537 0.0192708 0.0194444 0.00853661
2 0.271354 0.110185 0.0135417 0.0388889 0.00927524
11 0.60625 0.0615741 0.0104167 0.0231481 0.0100567
10 0.443229 0.0865741 0.0135417 0.0268519 0.0111615
0 0.44375 0.0990741 0.0166667 0.0518519 0.0115453
0 0.713281 0.371296 0.0203125 0.0259259 0.0124844
9 0.567708 0.0481481 0.00833333 0.0240741 0.0170502
9 0.26875 0.0337963 0.0208333 0.0638889 0.0520861
5 0.219271 0.0680556 0.0541667 0.0583333 0.0557221
9 0.502865 0.761111 0.0109375 0.0518519 0.0605868
2 0.298698 0.10787 0.0390625 0.0861111 0.18221
2 0.322396 0.0875 0.0385417 0.0361111 0.31934
2 0.628125 0.122222 0.0239583 0.0537037 0.358257
2 0.473958 0.110185 0.034375 0.0444444 0.54536
2 0.50599 0.10463 0.0432292 0.062963 0.592097
2 0.319271 0.122685 0.0489583 0.0694444 0.756821
11 0.729948 0.0435185 0.0265625 0.0574074 0.771597
10 0.204167 0.316667 0.0166667 0.0703704 0.801579
2 0.729948 0.419907 0.122396 0.171296 0.914363
