9 0.26276 0.0444444 0.0171875 0.0518519 0.00102843
9 0.429688 0.0430556 0.00833333 0.0175926 0.00104763
2 0.585156 0.423611 0.546354 0.180556 0.00105581
5 0.236979 0.075 0.0177083 0.0574074 0.00107764
0 0.739583 0.369907 0.0260417 0.0324074 0.00107825
1 0.0104167 0.38287 0.0208333 0.141667 0.00127984
2 0.480469 0.116667 0.395312 0.0944444 0.00130034
1 0.0125 0.371759 0.025 0.0675926 0.00136104
12 0.988021 0.518056 0.0229167 0.173148 0.00137612
11 0.23776 0.0703704 0.0161458 0.0481481 0.00137932
12 0.702344 0.125926 0.0223958 0.0592593 0.00142555
0 0.757031 0.374537 0.0203125 0.0324074 0.00143535
0 0.728385 0.371296 0.0296875 0.0296296 0.00144949
32 0.454688 0.314815 0.00729167 0.0148148 0.00153082
2 0.238281 0.112963 0.0182292 0.0444444 0.00154728
9 0.270052 0.0532407 0.0192708 0.0398148 0.00168454
2 0.804427 0.0842593 0.0151042 0.0222222 0.00174886
0 0.995833 0.329167 0.00729167 0.0564815 0.00178931
1 0.808854 0.329167 0.0229167 0.0842593 0.00179217
12 0.701823 0.161111 0.0223958 0.0425926 0.001874
9 0.588021 0.0402778 0.015625 0.0527778 0.00210629
9 0.253646 0.087963 0.0145833 0.0351852 0.00212856
2 0.582292 0.124074 0.0364583 0.037037 0.0022401
7 0.989844 0.518056 0.0192708 0.180556 0.00240334
58 0.968229 0.498611 0.0291667 0.0861111 0.00244647
9 0.272396 0.037037 0.0291667 0.0722222 0.00247752
2 0.649479 0.149074 0.040625 0.0592593 0.00262528
0 0.263021 0.105093 0.009375 0.0490741 0.00271745
9 0.258073 0.074537 0.0109375 0.0490741 0.00273597
9 0.5 0.604167 0.0145833 0.0416667 0.00275805
12 0.689583 0.168519 0.0125 0.0333333 0.00277763
2 0.780208 0.104167 0.03125 0.0490741 0.00282851
2 0.442969 0.087963 0.0140625 0.0277778 0.0030931
9 0.265625 0.0981481 0.0104167 0.05 0.00309527
13 0.0132813 0.397222 0.0265625 0.111111 0.003142
12 0.69349 0.165278 0.00677083 0.037963 0.00341013
9 0.263542 0.0888889 0.00833333 0.0351852 0.00408579
0 0.756771 0.0861111 0.0114583 0.0648148 0.00443151
0 0.715885 0.370833 0.0255208 0.0287037 0.00454181
9 0.36224 0.0694444 0.00885417 0.0240741 0.00495721
2 0.269792 0.0476852 0.0197917 0.037963 0.00529614
2 0.446094 0.116667 0.0244792 0.0203704 0.00543148
2 0.81849 0.0699074 0.00989583 0.012037 0.00550056
12 0.99401 0.502778 0.0109375 0.140741 0.00577219
2 0.60651 0.0611111 0.00989583 0.0259259 0.00631665
2 0.270573 0.109722 0.0119792 0.0398148 0.00652924
9 0.2125 0.0657407 0.0322917 0.0518519 0.00711546
1 0.00416667 0.403704 0.00833333 0.0944444 0.00718903
2 0.592708 0.126389 0.0166667 0.0231481 0.0079034
2 0.46224 0.113889 0.0182292 0.0388889 0.00803337
2 0.53125 0.112963 0.0135417 0.0425926 0.00836989
2 0.814062 0.0740741 0.0166667 0.0166667 0.00907828
13 0.00416667 0.406481 0.00833333 0.0907407 0.0100593
2 0.486719 0.115741 0.0296875 0.0407407 0.0104687
9 0.581771 0.0356481 0.0145833 0.0583333 0.0118111
9 0.269271 0.024537 0.0208333 0.0416667 0.0126945
2 0.817187 0.233796 0.009375 0.0453704 0.0132795
9 0.443229 0.087963 0.0135417 0.0277778 0.0171289
2 0.46901 0.121296 0.0317708 0.0259259 0.0172011
9 0.573958 0.0314815 0.0145833 0.0592593 0.0195761
7 0.220833 0.0652778 0.05 0.0712963 0.0222533
5 0.220833 0.0675926 0.05 0.0648148 0.0280416
9 0.502865 0.761111 0.0119792 0.0537037 0.0316724
2 0.238802 0.143056 0.0182292 0.037963 0.0343489
2 0.786458 0.0898148 0.015625 0.0222222 0.0352673
0 0.635156 0.147685 0.00989583 0.0509259 0.0378282
7 0.294271 0.109722 0.0302083 0.0842593 0.0407794
2 0.634896 0.146296 0.0114583 0.0537037 0.0465799
2 0.30599 0.0787037 0.0234375 0.0240741 0.072417
9 0.567187 0.0490741 0.00833333 0.0240741 0.0954899
2 0.293229 0.115278 0.0270833 0.0712963 0.14145
2 0.47474 0.103704 0.0276042 0.0333333 0.166361
2 0.627604 0.121296 0.025 0.0481481 0.243219
2 0.322917 0.0865741 0.0364583 0.037963 0.249932
2 0.301562 0.0652778 0.021875 0.0342593 0.30642
2 0.508073 0.10463 0.0390625 0.062963 0.650935
2 0.31849 0.122685 0.0505208 0.0694444 0.711485
10 0.203906 0.315741 0.0171875 0.0722222 0.796533
11 0.729167 0.0430556 0.0270833 0.0546296 0.800886
2 0.477083 0.145833 0.0510417 0.0694444 0.850924
2 0.729948 0.419444 0.122396 0.172222 0.908254
