2 0.275521 0.111574 0.0260417 0.0657407 0.00102491
0 0.258333 0.0976852 0.01875 0.0657407 0.00105081
2 0.8 0.0819444 0.0375 0.0342593 0.00106689
2 0.285156 0.0782407 0.0296875 0.0472222 0.00106936
9 0.591667 0.0425926 0.0114583 0.0388889 0.00120452
0 0.565365 0.251852 0.0161458 0.0314815 0.00124181
2 0.0289063 0.10463 0.0390625 0.0462963 0.00133193
2 0.640885 0.127315 0.0526042 0.062037 0.0013866
0 0.689323 0.16713 0.0140625 0.0398148 0.0014362
9 0.561979 0.0314815 0.028125 0.0611111 0.00144426
13 0.971354 0.524074 0.05625 0.183333 0.00149022
12 0.973437 0.494907 0.0395833 0.117593 0.00160781
11 0.220313 0.0527778 0.0541667 0.0814815 0.00165274
0 0.757552 0.375 0.0182292 0.0296296 0.00183268
9 0.294792 0.0546296 0.0104167 0.0351852 0.00187505
1 0.810938 0.331944 0.0197917 0.0935185 0.00188997
0 0.195312 0.741667 0.140625 0.496296 0.00193164
2 0.773958 0.116667 0.0177083 0.0314815 0.00201137
9 0.207552 0.0689815 0.0244792 0.0416667 0.00231724
2 0.463542 0.106481 0.0541667 0.0518519 0.00234397
2 0.238802 0.141667 0.0182292 0.0407407 0.00235587
11 0.236458 0.0675926 0.01875 0.0425926 0.0024102
11 0.739323 0.0666667 0.0171875 0.0277778 0.00243344
2 0.655729 0.140741 0.0802083 0.0851852 0.00246809
9 0.261198 0.0402778 0.0140625 0.062037 0.00250225
2 0.785417 0.0884259 0.0135417 0.0212963 0.00254216
2 0.00598958 0.0921296 0.0119792 0.0509259 0.00263731
2 0.415104 0.106019 0.295833 0.0731481 0.00265868
0 0.730469 0.37037 0.0338542 0.0314815 0.00268253
9 0.252604 0.0861111 0.0135417 0.037037 0.00274274
2 0.792188 0.087963 0.0208333 0.0222222 0.00297227
11 0.240625 0.0342593 0.0229167 0.0666667 0.00310436
9 0.97474 0.497685 0.0401042 0.125 0.00381139
2 0.265885 0.0962963 0.0109375 0.0518519 0.00382228
11 0.60625 0.0601852 0.009375 0.0259259 0.00411153
2 0.796094 0.0648148 0.0390625 0.0611111 0.00419896
9 0.269531 0.0523148 0.0203125 0.0435185 0.00458633
0 0.263281 0.100926 0.00885417 0.0555556 0.00462314
2 0.292969 0.0810185 0.0213542 0.0342593 0.00481996
9 0.500781 0.602778 0.0151042 0.0388889 0.00510722
13 0.0127604 0.366204 0.0255208 0.0453704 0.00546808
7 0.278125 0.0680556 0.0427083 0.130556 0.00581314
32 0.461198 0.356944 0.0109375 0.0157407 0.00583065
9 0.995313 0.490741 0.00833333 0.12037 0.00597589
1 0.00885417 0.394907 0.0177083 0.115741 0.00663253
9 0.2625 0.0875 0.00833333 0.0361111 0.00677885
0 0.757812 0.0888889 0.0125 0.0777778 0.00684709
2 0.342187 0.0564815 0.0239583 0.0407407 0.00810029
2 0.00416667 0.401389 0.00833333 0.0990741 0.00943768
2 0.270573 0.109259 0.0140625 0.0388889 0.0101314
9 0.567187 0.0486111 0.009375 0.025 0.0107437
2 0.463021 0.113889 0.015625 0.0351852 0.0108729
0 0.713542 0.370833 0.0208333 0.0268519 0.0114032
13 0.0140625 0.394444 0.028125 0.112963 0.0120111
2 0.310417 0.0824074 0.040625 0.0351852 0.0120812
13 0.00390625 0.401852 0.0078125 0.0981481 0.0130315
9 0.269792 0.0236111 0.0208333 0.0398148 0.0131293
0 0.635677 0.148148 0.00989583 0.05 0.0184616
19 0.442708 0.0888889 0.0125 0.0277778 0.0184857
0 0.00416667 0.395833 0.00833333 0.110185 0.0194406
0 0.442708 0.0981481 0.015625 0.0462963 0.0215612
5 0.220313 0.0671296 0.0520833 0.0583333 0.02671
32 0.454427 0.313889 0.00677083 0.012963 0.0329326
7 0.219531 0.0648148 0.0515625 0.0592593 0.0498718
2 0.33724 0.0708333 0.0140625 0.025 0.0798717
9 0.502604 0.760185 0.0114583 0.0537037 0.103485
2 0.299219 0.108333 0.0390625 0.0814815 0.141597
2 0.477604 0.109259 0.0291667 0.0444444 0.203184
2 0.627865 0.121759 0.0244792 0.0509259 0.227237
2 0.322396 0.0861111 0.0385417 0.037037 0.376082
2 0.358073 0.0587963 0.0526042 0.0435185 0.578401
11 0.729948 0.0435185 0.0265625 0.0592593 0.692787
2 0.50625 0.104167 0.0427083 0.062037 0.693344
2 0.31875 0.121296 0.0510417 0.0722222 0.743824
10 0.203906 0.316667 0.0171875 0.0703704 0.752549
2 0.55026 0.278241 0.0880208 0.121296 0.850848
2 0.729688 0.418981 0.122917 0.171296 0.907217
