9 0.58151 0.037963 0.0140625 0.0537037 0.00101835
9 0.5 0.602778 0.0145833 0.0388889 0.00107059
7 0.970573 0.530093 0.0578125 0.206481 0.00113825
2 0.656771 0.137963 0.0770833 0.0851852 0.00113929
2 0.294531 0.104167 0.0890625 0.0972222 0.00116146
9 0.3625 0.0458333 0.009375 0.0342593 0.00120755
13 0.961979 0.553704 0.0385417 0.0388889 0.00124023
58 0.96875 0.497685 0.0302083 0.0916667 0.00128361
0 0.10026 0.703241 0.0213542 0.0712963 0.00131772
7 0.990625 0.516667 0.0177083 0.177778 0.00131814
9 0.236719 0.0675926 0.0161458 0.0444444 0.00140669
0 0.382812 0.275926 0.03125 0.0444444 0.00147279
2 0.364062 0.0671296 0.0114583 0.0194444 0.00151963
7 0.788542 0.0643518 0.0260417 0.062037 0.00154846
7 0.275781 0.0583333 0.0401042 0.112963 0.00162629
0 0.263281 0.0921296 0.00885417 0.0472222 0.00168444
0 0.531771 0.871296 0.0770833 0.242593 0.00169387
9 0.440104 0.218519 0.0135417 0.0462963 0.00169826
2 0.00833333 0.396759 0.0166667 0.115741 0.00171906
13 0.96901 0.564815 0.0536458 0.062963 0.00176409
2 0.60625 0.0597222 0.009375 0.0231481 0.00178533
0 0.350521 0.280093 0.0395833 0.037963 0.00192646
2 0.648438 0.149074 0.0375 0.0574074 0.0019867
2 0.783333 0.101389 0.0385417 0.0509259 0.00209818
1 0.0109375 0.366667 0.021875 0.05 0.00214205
2 0.288021 0.0740741 0.0208333 0.0333333 0.002196
13 0.985677 0.519907 0.0276042 0.176852 0.00221889
2 0.533333 0.421759 0.589583 0.182407 0.0022524
0 0.429427 0.500463 0.769271 0.762037 0.00226217
0 0.361979 0.0694444 0.00833333 0.0240741 0.0022681
2 0.449479 0.114352 0.03125 0.0268519 0.00249384
2 0.238542 0.141204 0.01875 0.0398148 0.00253172
11 0.239583 0.0351852 0.0208333 0.0666667 0.00255744
0 0.730729 0.372685 0.0260417 0.0287037 0.00273124
2 0.41276 0.108333 0.304688 0.0777778 0.00276033
12 0.701563 0.150926 0.0229167 0.0648148 0.00298073
9 0.29401 0.0564815 0.00989583 0.0351852 0.00310319
1 0.0122396 0.393056 0.0244792 0.119444 0.00316938
2 0.570573 0.109259 0.226562 0.0648148 0.00335845
0 0.995313 0.327778 0.00833333 0.05 0.00347708
9 0.572656 0.0310185 0.0151042 0.0583333 0.00423825
0 0.756771 0.375463 0.0197917 0.0287037 0.00478423
2 0.442708 0.0861111 0.0135417 0.0240741 0.00518607
12 0.99401 0.517593 0.0109375 0.172222 0.00566196
0 0.267969 0.099537 0.0109375 0.0546296 0.00628202
2 0.292969 0.0680556 0.0119792 0.0194444 0.00641134
9 0.992969 0.509259 0.0130208 0.155556 0.00691964
9 0.502604 0.759722 0.0114583 0.0546296 0.00701259
2 0.270833 0.107407 0.0135417 0.0425926 0.00732043
2 0.592708 0.124537 0.0177083 0.025 0.00776079
0 0.71276 0.371296 0.0203125 0.0259259 0.00791535
9 0.215104 0.0592593 0.028125 0.0555556 0.0081999
2 0.481771 0.108796 0.053125 0.0564815 0.00834853
0 0.285677 0.114352 0.0151042 0.0712963 0.00841228
0 0.755729 0.0837963 0.0125 0.062037 0.00912417
2 0.00390625 0.405093 0.0078125 0.0935185 0.0098169
7 0.214323 0.0648148 0.0380208 0.0611111 0.00982011
12 0.692448 0.164815 0.0078125 0.0388889 0.00987862
9 0.26875 0.0319444 0.021875 0.0601852 0.0110142
0 0.289844 0.775 0.0276042 0.0611111 0.0119351
9 0.207031 0.0694444 0.0213542 0.0462963 0.0119951
9 0.220313 0.0675926 0.0166667 0.0518519 0.0135744
11 0.23724 0.0662037 0.0161458 0.037963 0.0139083
7 0.295312 0.106944 0.0354167 0.0842593 0.0141977
1 0.00416667 0.393981 0.00833333 0.117593 0.015815
2 0.296094 0.106481 0.0359375 0.0796296 0.0170364
2 0.790104 0.0888889 0.0197917 0.0240741 0.0173711
0 0.635156 0.15 0.00885417 0.0518519 0.0177918
0 0.27526 0.777315 0.0421875 0.0657407 0.0246867
2 0.634896 0.147685 0.0104167 0.0546296 0.0250084
9 0.566927 0.0476852 0.0078125 0.0231481 0.0292399
2 0.488021 0.10787 0.0135417 0.0490741 0.0365118
9 0.442448 0.087037 0.0130208 0.0240741 0.0618404
2 0.46276 0.112037 0.0140625 0.0388889 0.0965208
0 0.325 0.778704 0.0489583 0.0648148 0.127871
0 0.250521 0.781018 0.0395833 0.0657407 0.182617
2 0.470833 0.109722 0.0291667 0.0435185 0.227985
7 0.505729 0.104167 0.0427083 0.062037 0.332434
2 0.321875 0.087037 0.0375 0.0351852 0.37068
2 0.626562 0.121759 0.0260417 0.0509259 0.461381
2 0.505729 0.104167 0.0427083 0.062037 0.498599
10 0.203906 0.315741 0.0161458 0.0703704 0.683098
2 0.318229 0.121296 0.0520833 0.0703704 0.711087
11 0.729167 0.0430556 0.0270833 0.0546296 0.808351
2 0.371354 0.318981 0.101042 0.139815 0.906491
2 0.729688 0.419444 0.122917 0.17037 0.914354
2 0.289844 0.841667 0.196354 0.285185 0.927325
