0 0.557813 0.182407 0.514583 0.216667 0.00104509
11 0.239844 0.0347222 0.0213542 0.0657407 0.0011014
7 0.219792 0.0921296 0.0552083 0.121296 0.00110161
9 0.115885 0.0236111 0.0140625 0.037963 0.00110979
0 0.390365 0.206481 0.0203125 0.0407407 0.00116038
9 0.289844 0.0240741 0.0119792 0.0388889 0.0011697
2 0.299219 0.10463 0.0880208 0.0962963 0.0012403
7 0.276563 0.0722222 0.0375 0.138889 0.00124408
2 0.592448 0.125463 0.0171875 0.025 0.00126757
13 0.983333 0.525 0.0322917 0.185185 0.00127264
9 0.107552 0.0273148 0.0119792 0.0342593 0.00130695
0 0.76276 0.0763889 0.0130208 0.0453704 0.0013179
9 0.253385 0.087037 0.0151042 0.0351852 0.00136413
9 0.291927 0.0523148 0.00989583 0.0472222 0.00136944
9 0.976302 0.496296 0.0453125 0.124074 0.00140505
2 0.994531 0.52037 0.00989583 0.17037 0.00141096
7 0.790365 0.0648148 0.0286458 0.062963 0.00143454
2 0.689323 0.16713 0.0151042 0.0435185 0.00144456
9 0.236979 0.0643518 0.0166667 0.0361111 0.00145004
1 0.0338542 0.156944 0.0541667 0.0824074 0.00145553
1 0.810938 0.333796 0.01875 0.0916667 0.00149906
0 0.451042 0.293981 0.865625 0.439815 0.00150562
9 0.257812 0.0768519 0.0125 0.0481481 0.00152244
0 0.73099 0.371759 0.0276042 0.0287037 0.00153022
0 0.757292 0.374537 0.0208333 0.0324074 0.00156981
2 0.543229 0.424074 0.608333 0.183333 0.00164648
2 0.791927 0.0847222 0.0401042 0.0305556 0.00165557
2 0.363542 0.0662037 0.0114583 0.0212963 0.00172144
9 0.502344 0.760185 0.0130208 0.0537037 0.00172293
2 0.777083 0.114815 0.0239583 0.0351852 0.00174311
2 0.657031 0.136111 0.0838542 0.0833333 0.00175215
2 0.650521 0.151852 0.040625 0.0611111 0.00177917
2 0.447656 0.114352 0.0276042 0.0231481 0.00180052
58 0.96849 0.494444 0.0307292 0.087037 0.00183312
9 0.568229 0.0314815 0.0145833 0.0574074 0.00189782
7 0.99401 0.518981 0.0109375 0.169444 0.00195692
0 0.995573 0.326389 0.0078125 0.0583333 0.00199491
12 0.7 0.163426 0.0229167 0.0453704 0.0020211
0 0.817708 0.235648 0.00833333 0.0416667 0.00205828
2 0.679167 0.115741 0.126042 0.0740741 0.00221725
2 0.426042 0.108796 0.316667 0.0787037 0.00225071
2 0.0255208 0.353241 0.05 0.0287037 0.00239294
7 0.147656 0.0888889 0.0651042 0.0777778 0.0023941
9 0.768229 0.0472222 0.021875 0.0925926 0.00250107
0 0.713802 0.370833 0.0223958 0.0268519 0.00284023
11 0.23724 0.0671296 0.0161458 0.0398148 0.00297879
2 0.238542 0.139815 0.01875 0.0425926 0.00313334
11 0.60599 0.0601852 0.0109375 0.0240741 0.00316296
9 0.263021 0.0893519 0.00833333 0.0398148 0.00332759
7 0.213021 0.0638889 0.0364583 0.062963 0.00359166
0 0.266667 0.0990741 0.0104167 0.0555556 0.00360082
2 0.605469 0.110185 0.327604 0.0666667 0.00399961
0 0.361979 0.0680556 0.009375 0.0305556 0.00405308
2 0.442187 0.087037 0.0135417 0.0277778 0.00405759
7 0.970833 0.527778 0.0572917 0.201852 0.00483453
0 0.757812 0.122685 0.0135417 0.0287037 0.00489228
9 0.275521 0.0388889 0.0375 0.0759259 0.00503392
2 0.814062 0.0759259 0.0177083 0.0166667 0.00513542
2 0.480208 0.108796 0.0645833 0.0601852 0.00633061
9 0.99349 0.49213 0.0119792 0.121296 0.00773353
2 0.271094 0.110185 0.0151042 0.0388889 0.00863807
2 0.2875 0.1125 0.0177083 0.075 0.00911941
9 0.75599 0.0736111 0.0119792 0.0416667 0.00940807
9 0.207552 0.0671296 0.0203125 0.0472222 0.010502
9 0.219792 0.0884259 0.009375 0.0175926 0.0137052
0 0.392448 0.37037 0.0296875 0.0388889 0.0172549
12 0.691667 0.165741 0.0114583 0.0388889 0.0184254
9 0.217448 0.0648148 0.0234375 0.0555556 0.0227296
2 0.785156 0.0884259 0.0151042 0.025 0.023568
9 0.26875 0.0296296 0.021875 0.0555556 0.0247721
2 0.634896 0.14537 0.0104167 0.05 0.0259787
0 0.382812 0.373611 0.028125 0.0342593 0.0261162
9 0.221875 0.0550926 0.015625 0.0435185 0.0272526
0 0.355729 0.372222 0.03125 0.0351852 0.0308017
0 0.635156 0.149074 0.00885417 0.05 0.0320138
2 0.00494792 0.406944 0.00989583 0.087963 0.032117
9 0.442187 0.0875 0.0135417 0.0268519 0.0321965
2 0.488021 0.107407 0.0135417 0.05 0.0374311
9 0.566927 0.0476852 0.00885417 0.0231481 0.0415332
3 0.0101562 0.397685 0.0203125 0.106481 0.0628034
2 0.30026 0.105556 0.0390625 0.0777778 0.0778135
7 0.298438 0.105093 0.0395833 0.0787037 0.0825441
1 0.0127604 0.397222 0.0255208 0.107407 0.0849691
2 0.4625 0.111111 0.0135417 0.0407407 0.125558
2 0.471094 0.109259 0.0307292 0.0444444 0.272916
2 0.322135 0.087963 0.0380208 0.0388889 0.30291
2 0.627604 0.121759 0.025 0.0527778 0.410208
2 0.505729 0.103704 0.0427083 0.062963 0.515651
2 0.318229 0.120833 0.0510417 0.0731481 0.649593
10 0.203906 0.316204 0.0161458 0.0712963 0.708056
11 0.729167 0.0435185 0.0270833 0.0574074 0.79992
2 0.379948 0.209722 0.0734375 0.0953704 0.879817
2 0.729948 0.419907 0.122396 0.169444 0.912
2 0.744271 0.191204 0.128125 0.112037 0.913897
2 0.374219 0.412037 0.117188 0.17037 0.924771
