9 0.26276 0.05 0.0161458 0.0425926 0.00104365
2 0.779167 0.105556 0.0291667 0.0574074 0.00110897
9 0.583854 0.0361111 0.0135417 0.0555556 0.00112766
1 0.00885417 0.313889 0.0177083 0.0425926 0.0011686
9 0.576563 0.0324074 0.0145833 0.062963 0.00120559
9 0.558594 0.0277778 0.0234375 0.05 0.00127014
1 0.0140625 0.389815 0.028125 0.125926 0.00128799
2 0.648177 0.148148 0.0380208 0.0592593 0.00138904
0 0.454427 0.357407 0.857813 0.714815 0.00139247
2 0.00390625 0.420833 0.0078125 0.0601852 0.00142665
7 0.992448 0.51713 0.0140625 0.173148 0.00143106
9 0.291927 0.0509259 0.00989583 0.0407407 0.00146289
0 0.254167 0.132407 0.0145833 0.0555556 0.00150477
7 0.220573 0.0546296 0.0526042 0.0833333 0.00158958
2 0.220833 0.138889 0.0552083 0.0481481 0.00160415
32 0.459896 0.356944 0.0104167 0.0157407 0.0016321
1 0.00442708 0.397222 0.00885417 0.109259 0.00167215
9 0.285937 0.050463 0.0135417 0.0768519 0.00168972
12 0.988542 0.503704 0.021875 0.144444 0.00169477
9 0.415625 0.0111111 0.015625 0.0222222 0.00177396
9 0.263021 0.087963 0.00833333 0.0388889 0.00181152
2 0.275781 0.115741 0.0244792 0.0555556 0.00182415
9 0.548177 0.05 0.0109375 0.0277778 0.00191271
9 0.107552 0.0324074 0.0119792 0.0351852 0.00209279
9 0.113802 0.0259259 0.0171875 0.0425926 0.00214879
0 0.757552 0.121296 0.0130208 0.037037 0.0021635
2 0.817448 0.23287 0.00885417 0.0416667 0.00218663
1 0.0122396 0.364815 0.0244792 0.0481481 0.00234433
0 0.26276 0.10787 0.00885417 0.0490741 0.00237659
13 0.970833 0.523611 0.0572917 0.187963 0.00241655
2 0.299479 0.10463 0.084375 0.0981481 0.00245662
0 0.717708 0.371296 0.0239583 0.0277778 0.00264841
2 0.539323 0.106019 0.195312 0.0675926 0.00285604
0 0.708854 0.372685 0.01875 0.0268519 0.00297423
7 0.377865 0.0564815 0.0713542 0.0648148 0.00304097
2 0.529948 0.111574 0.0119792 0.0416667 0.00335303
2 0.377604 0.104167 0.184375 0.0861111 0.00340315
2 0.495052 0.511574 0.742188 0.293519 0.00342772
2 0.267448 0.0981481 0.00989583 0.05 0.00358031
32 0.454167 0.314815 0.00833333 0.0148148 0.00395612
9 0.99349 0.509259 0.0119792 0.161111 0.00411383
7 0.21224 0.0638889 0.0338542 0.0574074 0.0041583
12 0.692448 0.164352 0.00885417 0.0398148 0.0042617
2 0.461979 0.0685185 0.025 0.0222222 0.00429992
5 0.213802 0.0615741 0.0359375 0.0601852 0.00450053
7 0.970573 0.527778 0.0578125 0.201852 0.0045026
0 0.757031 0.0939815 0.0140625 0.0805556 0.0046572
12 0.994531 0.502778 0.00989583 0.148148 0.00484387
11 0.236979 0.0685185 0.0166667 0.0444444 0.00485051
1 0.0101562 0.347685 0.0203125 0.108333 0.0059252
1 0.810677 0.331481 0.0192708 0.0944444 0.00620337
9 0.220313 0.0856481 0.009375 0.0194444 0.0070383
2 0.814844 0.0759259 0.0171875 0.0166667 0.00735612
2 0.301302 0.0828704 0.0244792 0.0361111 0.0073952
9 0.221354 0.0643518 0.015625 0.0472222 0.00815507
2 0.270312 0.10787 0.0125 0.0398148 0.0084827
9 0.566667 0.0319444 0.0125 0.0583333 0.00956273
11 0.60625 0.0597222 0.009375 0.025 0.0107991
2 0.472396 0.103704 0.0614583 0.0537037 0.0110138
2 0.411458 0.0717593 0.0166667 0.0361111 0.0122276
0 0.634896 0.148611 0.009375 0.0509259 0.0128575
2 0.338281 0.0907407 0.0151042 0.037037 0.013306
2 0.459896 0.103704 0.021875 0.0462963 0.0138927
9 0.206771 0.0694444 0.0208333 0.0425926 0.015763
2 0.634896 0.146759 0.0114583 0.0546296 0.0164251
0 0.354167 0.470833 0.0322917 0.0453704 0.0180478
9 0.26901 0.0351852 0.0223958 0.0666667 0.0184888
2 0.785937 0.0893519 0.0145833 0.0231481 0.0190985
7 0.352083 0.0592593 0.01875 0.0351852 0.0233075
7 0.478385 0.0712963 0.0348958 0.0314815 0.0297031
2 0.295833 0.105556 0.03125 0.0796296 0.0362198
0 0.365885 0.468519 0.0338542 0.0425926 0.0376913
9 0.502604 0.760185 0.0125 0.0537037 0.0403747
2 0.238542 0.141667 0.01875 0.0407407 0.041944
2 0.485938 0.10787 0.0166667 0.0490741 0.0433871
0 0.410417 0.463426 0.0395833 0.0416667 0.0453806
2 0.291927 0.122222 0.0203125 0.0518519 0.0480724
7 0.37526 0.0587963 0.0296875 0.0361111 0.0606464
2 0.459375 0.111574 0.0125 0.0398148 0.0654836
7 0.295833 0.106019 0.0333333 0.0842593 0.0684179
9 0.566927 0.0481481 0.00885417 0.0240741 0.0724319
2 0.401823 0.0685185 0.0317708 0.0407407 0.150008
2 0.364844 0.0652778 0.0140625 0.0268519 0.167605
7 0.398958 0.0680556 0.0364583 0.0416667 0.243178
2 0.351823 0.0625 0.0171875 0.0287037 0.250402
2 0.476823 0.0685185 0.0317708 0.0259259 0.276938
2 0.321615 0.087037 0.0369792 0.037037 0.302295
2 0.472656 0.109722 0.0296875 0.0435185 0.364507
2 0.627344 0.122222 0.0255208 0.0518519 0.37436
2 0.50599 0.103704 0.0421875 0.062963 0.409283
7 0.50599 0.103704 0.0421875 0.062963 0.492817
2 0.317969 0.122222 0.0526042 0.0685185 0.73499
11 0.729167 0.0435185 0.0270833 0.0574074 0.796556
2 0.434375 0.105556 0.0364583 0.0518519 0.804182
10 0.204167 0.316204 0.0166667 0.0712963 0.852767
2 0.384635 0.524537 0.157813 0.260185 0.906171
2 0.729427 0.419907 0.123438 0.171296 0.913029
