9 0.414583 0.00972222 0.0145833 0.0194444 0.00100209
12 0.692187 0.1625 0.00833333 0.0416667 0.00107133
13 0.00416667 0.446296 0.00833333 0.177778 0.00110734
7 0.505469 0.103241 0.0432292 0.0638889 0.00112052
0 0.482552 0.487963 0.0161458 0.0314815 0.0012241
0 0.816927 0.236111 0.00885417 0.0333333 0.00123708
2 0.270573 0.0828704 0.0213542 0.0805556 0.00125902
2 0.530208 0.110185 0.0135417 0.0444444 0.00132212
2 0.299219 0.10787 0.0932292 0.0935185 0.00134788
2 0.776823 0.106481 0.0255208 0.0351852 0.00135589
12 0.9875 0.51713 0.0239583 0.173148 0.00140952
0 0.733073 0.371296 0.0265625 0.0296296 0.00143824
0 0.579948 0.336574 0.0213542 0.0305556 0.0015377
1 0.00885417 0.352315 0.0177083 0.0675926 0.001651
2 0.786458 0.0814815 0.0145833 0.0203704 0.00169796
13 0.970312 0.551389 0.0583333 0.117593 0.00173759
0 0.263542 0.0944444 0.00833333 0.0518519 0.00181422
13 0.985156 0.518981 0.0286458 0.176852 0.00184348
9 0.210938 0.0648148 0.03125 0.0481481 0.00187314
9 0.275781 0.0467593 0.0369792 0.0916667 0.00199845
11 0.236719 0.0675926 0.0171875 0.0425926 0.00213151
2 0.492708 0.108333 0.45625 0.0740741 0.00214508
2 0.605469 0.0583333 0.00989583 0.0277778 0.00219413
32 0.453646 0.314352 0.009375 0.0157407 0.00223291
0 0.756771 0.374074 0.01875 0.0296296 0.00227047
7 0.986979 0.519907 0.025 0.186111 0.00238169
2 0.790625 0.0865741 0.0197917 0.0175926 0.00244526
0 0.547656 0.33287 0.0359375 0.0231481 0.00265332
7 0.275 0.0726852 0.0395833 0.141667 0.00266127
7 0.970312 0.528241 0.0583333 0.206481 0.00270382
9 0.566406 0.0467593 0.00885417 0.0231481 0.00272795
58 0.968229 0.492593 0.0302083 0.0907407 0.00286096
9 0.26875 0.0486111 0.0197917 0.0361111 0.00287794
2 0.285156 0.0791667 0.0171875 0.0324074 0.00307988
0 0.5625 0.338889 0.0416667 0.037037 0.00309152
0 0.283854 0.102778 0.0104167 0.0666667 0.00315328
2 0.395573 0.109722 0.211979 0.0712963 0.00323448
9 0.291667 0.0527778 0.00833333 0.0407407 0.00334509
0 0.755208 0.0916667 0.015625 0.0814815 0.00393557
0 0.528646 0.330093 0.0229167 0.0231481 0.00394368
14 0.482031 0.488889 0.0140625 0.0314815 0.00402653
2 0.3625 0.0699074 0.009375 0.0231481 0.00467617
2 0.646354 0.403704 0.320833 0.198148 0.00482055
9 0.99375 0.503241 0.0114583 0.143519 0.00491012
2 0.405208 0.0916667 0.0302083 0.0481481 0.0055418
2 0.784115 0.0888889 0.0130208 0.0166667 0.00558106
0 0.714583 0.370833 0.0229167 0.0268519 0.00614341
2 0.291667 0.0699074 0.0114583 0.0138889 0.00704168
5 0.220052 0.0652778 0.0505208 0.0527778 0.00743235
2 0.269271 0.105556 0.0114583 0.0425926 0.00773444
7 0.219792 0.0652778 0.0510417 0.0564815 0.00788144
12 0.994271 0.497685 0.0104167 0.136111 0.00813484
2 0.0132813 0.363889 0.0265625 0.0481481 0.00829281
0 0.00416667 0.4 0.00833333 0.105556 0.008724
9 0.50026 0.601389 0.0151042 0.0416667 0.0102407
9 0.26901 0.0175926 0.0213542 0.0314815 0.0117175
2 0.009375 0.394444 0.01875 0.116667 0.0141
2 0.442448 0.0847222 0.0130208 0.0231481 0.0226032
2 0.00390625 0.406019 0.0078125 0.0935185 0.0261953
7 0.295312 0.106019 0.0322917 0.0824074 0.0337113
9 0.502083 0.758796 0.0135417 0.0546296 0.0344479
0 0.633854 0.14537 0.0135417 0.0537037 0.0549318
2 0.292448 0.110648 0.0276042 0.075 0.062534
2 0.461198 0.111111 0.0119792 0.037037 0.077358
2 0.321875 0.0847222 0.0385417 0.0361111 0.355939
2 0.627344 0.119444 0.0255208 0.0481481 0.38262
2 0.471875 0.108796 0.03125 0.0435185 0.420525
2 0.401302 0.104167 0.0484375 0.0768519 0.531597
2 0.505469 0.101852 0.0432292 0.062963 0.542788
2 0.430208 0.106481 0.01875 0.0444444 0.553273
7 0.55026 0.388426 0.126563 0.193519 0.645601
10 0.204167 0.313889 0.015625 0.0685185 0.717107
11 0.728906 0.0407407 0.0276042 0.0537037 0.774571
2 0.318229 0.119907 0.0510417 0.0675926 0.816892
2 0.729427 0.418519 0.123438 0.172222 0.917625
