9 0.252865 0.0865741 0.0140625 0.0342593 0.00100155
2 0.220573 0.10463 0.0151042 0.0407407 0.00106149
2 0.614062 0.087963 0.0395833 0.0888889 0.00109401
9 0.260156 0.0708333 0.0140625 0.0564815 0.00109837
11 0.221094 0.0657407 0.0505208 0.0574074 0.00120022
12 0.690365 0.164352 0.0119792 0.037963 0.00120326
12 0.702083 0.163889 0.0197917 0.037037 0.00122747
2 0.789062 0.0833333 0.0177083 0.0240741 0.00125257
2 0.572135 0.426389 0.611979 0.191667 0.00126626
1 0.00416667 0.383796 0.00833333 0.0712963 0.00137994
2 0.639583 0.129167 0.0510417 0.0638889 0.00143601
0 0.732292 0.372222 0.0291667 0.0296296 0.00143749
2 0.355208 0.10787 0.0291667 0.0490741 0.00153817
9 0.561979 0.05 0.0208333 0.0240741 0.00154479
7 0.971354 0.524074 0.05625 0.188889 0.00160627
2 0.1 0.12963 0.01875 0.0351852 0.00161969
2 0.571094 0.107407 0.260938 0.0740741 0.00175079
2 0.639323 0.14537 0.0182292 0.05 0.00179467
2 0.779427 0.10787 0.0296875 0.0546296 0.00185409
9 0.454688 0.314352 0.00729167 0.0138889 0.0018767
9 0.416406 0.0189815 0.0182292 0.0361111 0.00196582
9 0.263542 0.0884259 0.0104167 0.0398148 0.00198328
2 0.221615 0.10463 0.0432292 0.0407407 0.00205798
9 0.548177 0.0509259 0.0109375 0.0240741 0.00213667
2 0.774219 0.118981 0.0182292 0.037963 0.00218547
0 0.0992187 0.12963 0.0182292 0.0351852 0.0022391
7 0.277083 0.0759259 0.0395833 0.146296 0.00247417
2 0.408854 0.108796 0.26875 0.0768519 0.00248713
9 0.560417 0.0287037 0.0229167 0.0555556 0.00254136
9 0.110937 0.0259259 0.0125 0.0351852 0.00275979
7 0.29401 0.103241 0.0744792 0.0972222 0.00276295
0 0.443229 0.0986111 0.01875 0.0472222 0.00277636
2 0.341406 0.104167 0.0119792 0.0472222 0.00283733
9 0.291406 0.0689815 0.0119792 0.0175926 0.00284041
9 0.213542 0.0634259 0.0333333 0.0564815 0.00331389
9 0.207292 0.0685185 0.0197917 0.0407407 0.00334917
2 0.605208 0.0597222 0.0104167 0.025 0.00363181
2 0.35026 0.109722 0.122396 0.0768519 0.00366546
2 0.592188 0.124537 0.0166667 0.0268519 0.00375834
0 0.756771 0.0935185 0.0145833 0.0814815 0.00386346
2 0.307552 0.0824074 0.0244792 0.0351852 0.00399122
2 0.479167 0.107407 0.0583333 0.0611111 0.00407768
0 0.709375 0.373611 0.0177083 0.025 0.00410314
2 0.00651042 0.0912037 0.0130208 0.0435185 0.00414632
2 0.650781 0.149537 0.0411458 0.0583333 0.00433739
2 0.785156 0.0898148 0.0140625 0.0222222 0.00448605
9 0.29375 0.0569444 0.009375 0.037963 0.00476403
5 0.213802 0.0606481 0.0359375 0.0601852 0.0048675
2 0.26849 0.0986111 0.0119792 0.0527778 0.00508719
0 0.717969 0.371296 0.0203125 0.0259259 0.00590238
2 0.238542 0.140741 0.01875 0.0407407 0.00611643
9 0.220833 0.0884259 0.0114583 0.0138889 0.0061591
7 0.21901 0.0652778 0.0484375 0.0731481 0.00679628
2 0.442708 0.0875 0.0135417 0.0268519 0.00779
9 0.222135 0.0527778 0.0161458 0.0407407 0.00874468
12 0.994792 0.491667 0.009375 0.12037 0.00965846
11 0.23724 0.0680556 0.0161458 0.0416667 0.00970146
2 0.363542 0.0773148 0.009375 0.0305556 0.00974946
2 0.339844 0.087963 0.0119792 0.0296296 0.0112074
7 0.490625 0.0717593 0.0364583 0.037963 0.0120691
9 0.442708 0.087963 0.0125 0.0259259 0.01375
0 0.634896 0.143056 0.0114583 0.0472222 0.0141412
12 0.972917 0.493519 0.0395833 0.114815 0.0155403
2 0.271875 0.110185 0.0145833 0.037037 0.0218367
9 0.502604 0.760185 0.0114583 0.0574074 0.0240042
9 0.566927 0.0314815 0.0119792 0.0574074 0.0240854
9 0.269271 0.0365741 0.021875 0.0638889 0.0347602
7 0.295833 0.109259 0.034375 0.0796296 0.0815727
2 0.46224 0.112037 0.0130208 0.037037 0.0853348
9 0.50026 0.602778 0.0151042 0.0407407 0.0866991
9 0.567187 0.0481481 0.009375 0.0240741 0.127326
2 0.29401 0.110185 0.0296875 0.0796296 0.146812
2 0.322135 0.0856481 0.0380208 0.0342593 0.249672
2 0.627083 0.121296 0.025 0.05 0.254767
2 0.483854 0.0717593 0.021875 0.0324074 0.306728
2 0.477865 0.109259 0.0223958 0.0444444 0.315405
2 0.50599 0.103241 0.0432292 0.0638889 0.591955
2 0.31849 0.122222 0.0505208 0.0703704 0.671603
11 0.729688 0.0425926 0.0270833 0.0574074 0.767026
10 0.204427 0.315278 0.0161458 0.0694444 0.778685
2 0.381771 0.107407 0.0395833 0.0518519 0.789221
2 0.729948 0.418981 0.121354 0.175 0.909434
