58 0.921094 0.184259 0.157813 0.362963 0.00101455
7 0.145313 0.0898148 0.0666667 0.0777778 0.00103234
2 0.270833 0.0638889 0.0208333 0.0537037 0.00103945
13 0.970052 0.506944 0.0557292 0.152778 0.00117129
9 0.360677 0.0652778 0.00989583 0.0212963 0.00121437
0 0.514063 0.137963 0.0125 0.05 0.00132994
2 0.286198 0.0796296 0.0182292 0.0333333 0.00134431
0 0.73125 0.372685 0.028125 0.0287037 0.00135145
7 0.277344 0.074537 0.0348958 0.143519 0.00155948
9 0.291406 0.05 0.00885417 0.0425926 0.00157966
2 0.5625 0.115278 0.219792 0.0824074 0.00160664
2 0.238281 0.140741 0.0192708 0.0407407 0.00164175
0 0.75625 0.374074 0.0229167 0.0351852 0.00171908
7 0.220313 0.0884259 0.0552083 0.125 0.00172278
7 0.291667 0.105093 0.0822917 0.0953704 0.00175758
9 0.548177 0.0532407 0.0109375 0.0231481 0.00176162
11 0.239844 0.0347222 0.0223958 0.0657407 0.00188508
12 0.692448 0.162963 0.0078125 0.0407407 0.00188613
9 0.27526 0.0407407 0.0380208 0.0796296 0.00191126
0 0.264323 0.101852 0.00885417 0.0537037 0.00200568
2 0.275 0.114815 0.0239583 0.05 0.00223627
12 0.702083 0.150463 0.0208333 0.0657407 0.00238233
11 0.220313 0.0657407 0.0520833 0.0555556 0.00239743
9 0.572656 0.0305556 0.0140625 0.0592593 0.00241866
12 0.994792 0.496296 0.009375 0.137037 0.00245376
2 0.814062 0.0740741 0.0177083 0.0203704 0.00246464
2 0.25625 0.0861111 0.0208333 0.037037 0.0024922
9 0.218229 0.104167 0.00833333 0.0398148 0.00252399
7 0.970312 0.529167 0.0583333 0.206481 0.00271803
9 0.99375 0.502778 0.0114583 0.148148 0.00274949
32 0.460156 0.356944 0.0109375 0.0157407 0.00280189
13 0.99375 0.518981 0.0114583 0.175 0.00304966
2 0.291146 0.0722222 0.0145833 0.0148148 0.00324458
2 0.442708 0.0861111 0.0135417 0.0240741 0.00327053
9 0.270052 0.049537 0.0192708 0.0361111 0.003285
7 0.786458 0.0643518 0.021875 0.062037 0.00332378
9 0.263542 0.0902778 0.00833333 0.0435185 0.0037151
2 0.53125 0.1125 0.0145833 0.0435185 0.00414184
2 0.265885 0.0976852 0.0109375 0.0564815 0.0043971
0 0.716146 0.372222 0.025 0.0259259 0.00457528
13 0.96224 0.55463 0.0401042 0.0444444 0.00468916
13 0.970312 0.560648 0.0572917 0.110185 0.00497143
58 0.968229 0.494907 0.0302083 0.0842593 0.00505989
13 0.0145833 0.368981 0.0291667 0.0453704 0.00524558
13 0.0143229 0.396759 0.0286458 0.108333 0.00621352
9 0.26901 0.0263889 0.0223958 0.0490741 0.00647196
13 0.985156 0.52037 0.0286458 0.183333 0.00728009
9 0.213542 0.0638889 0.0375 0.0574074 0.00732217
11 0.2375 0.0694444 0.0166667 0.0444444 0.00834238
2 0.486979 0.1125 0.0333333 0.0435185 0.00842635
0 0.634896 0.146759 0.009375 0.0509259 0.00949799
9 0.5 0.602315 0.0145833 0.0416667 0.00958402
2 0.00390625 0.415741 0.0078125 0.0722222 0.012327
13 0.00390625 0.411574 0.0078125 0.0787037 0.012484
32 0.454427 0.314815 0.0078125 0.012963 0.0126072
2 0.269792 0.111111 0.0125 0.037037 0.0136462
9 0.442448 0.0861111 0.0130208 0.0240741 0.0149153
5 0.21875 0.062963 0.0458333 0.0555556 0.0155143
9 0.220573 0.0875 0.0109375 0.012037 0.0155851
0 0.75651 0.0875 0.0140625 0.0768519 0.0162998
7 0.213021 0.062037 0.0364583 0.0574074 0.0170477
2 0.634375 0.14213 0.0114583 0.0453704 0.0199002
2 0.785677 0.087963 0.0151042 0.0240741 0.0203686
2 0.60625 0.0601852 0.009375 0.0259259 0.0207684
9 0.566927 0.0476852 0.0078125 0.0231481 0.022675
2 0.446875 0.126852 0.025 0.0351852 0.0314422
7 0.295833 0.106944 0.034375 0.0842593 0.0463722
2 0.290104 0.113426 0.021875 0.0712963 0.0490117
9 0.502083 0.759722 0.0125 0.0546296 0.0504508
2 0.471875 0.109259 0.0322917 0.037037 0.0765271
2 0.48099 0.0972222 0.0223958 0.0222222 0.0947277
2 0.321615 0.0842593 0.0359375 0.0333333 0.278565
2 0.627083 0.121296 0.0260417 0.0518519 0.308856
2 0.508594 0.103704 0.0369792 0.0648148 0.562769
2 0.317708 0.121296 0.0510417 0.0703704 0.711578
10 0.203906 0.314815 0.0161458 0.0703704 0.744382
11 0.728646 0.0421296 0.0270833 0.0527778 0.783532
7 0.485677 0.162037 0.0682292 0.114815 0.812289
2 0.729427 0.42037 0.123438 0.17037 0.892315
