0 0.757031 0.372222 0.0213542 0.0333333 0.00100895
2 0.263542 0.104167 0.0104167 0.0490741 0.00103161
9 0.0578125 0.0236111 0.0135417 0.0342593 0.00105706
9 0.2625 0.0893519 0.00833333 0.0398148 0.00107861
9 0.415365 0.0199074 0.0151042 0.0175926 0.0010787
0 0.44349 0.0981481 0.0182292 0.0481481 0.00108838
9 0.5 0.602315 0.0145833 0.0398148 0.00110327
2 0.0643229 0.109722 0.0276042 0.0453704 0.00111005
0 0.0533854 0.106481 0.0119792 0.0425926 0.0011377
2 0.600781 0.419444 0.496354 0.190741 0.00114109
13 0.0117188 0.366667 0.0234375 0.0481481 0.00119429
2 0.576042 0.126389 0.0520833 0.0324074 0.00123282
2 0.302604 0.130093 0.028125 0.0583333 0.00128533
9 0.252604 0.087037 0.0145833 0.0351852 0.00133712
9 0.107813 0.0319444 0.009375 0.0342593 0.00134752
7 0.526563 0.0773148 0.0208333 0.0287037 0.00134968
12 0.701563 0.165741 0.0260417 0.0351852 0.0013601
0 0.695573 0.260185 0.0296875 0.127778 0.00137811
2 0.00598958 0.0912037 0.0119792 0.0398148 0.00141231
9 0.995052 0.532407 0.00885417 0.0518519 0.00152259
2 0.241406 0.10463 0.0161458 0.0314815 0.00170676
9 0.261719 0.0458333 0.0151042 0.0509259 0.00171153
0 0.731771 0.372685 0.0239583 0.0287037 0.00179416
1 0.0307292 0.155556 0.0604167 0.0851852 0.00183255
9 0.430208 0.0314815 0.009375 0.0277778 0.00183976
1 0.0046875 0.461574 0.009375 0.234259 0.0018779
13 0.985677 0.521759 0.0276042 0.182407 0.00204971
9 0.441406 0.22963 0.0109375 0.0277778 0.00205743
2 0.428125 0.105093 0.148958 0.0601852 0.00223097
2 0.995313 0.315741 0.00833333 0.0833333 0.00225956
7 0.970052 0.530093 0.0588542 0.210185 0.00227144
1 0.00963542 0.388426 0.0192708 0.134259 0.00227338
0 0.691927 0.164815 0.00885417 0.037037 0.00227999
2 0.53724 0.108333 0.141146 0.0574074 0.00229925
2 0.0432292 0.0939815 0.0697917 0.0731481 0.0023744
9 0.414844 0.00972222 0.0140625 0.0194444 0.00238849
2 0.502865 0.103241 0.0380208 0.0601852 0.00246615
9 0.270312 0.0574074 0.0197917 0.0407407 0.00261181
9 0.291146 0.0722222 0.0114583 0.0166667 0.00277302
9 0.292969 0.0555556 0.00885417 0.0444444 0.00279482
7 0.988021 0.522222 0.0229167 0.192593 0.00324597
9 0.458594 0.0657407 0.0078125 0.0296296 0.00343301
9 0.992969 0.50463 0.0130208 0.146296 0.00379036
7 0.788542 0.0648148 0.0239583 0.0648148 0.00391446
2 0.0541667 0.0685185 0.0447917 0.0277778 0.00405235
11 0.60625 0.0597222 0.0104167 0.025 0.00409498
9 0.584115 0.0365741 0.0119792 0.0527778 0.00412323
2 0.482031 0.107407 0.0536458 0.05 0.00420099
0 0.286458 0.116204 0.0145833 0.0675926 0.00431201
0 0.535677 0.107407 0.0109375 0.0537037 0.0043821
2 0.00416667 0.405556 0.00833333 0.0962963 0.00454654
2 0.302604 0.087963 0.03125 0.0462963 0.00459434
13 0.0135417 0.393519 0.0270833 0.118519 0.00490668
2 0.635156 0.143056 0.0109375 0.0490741 0.00498894
0 0.755729 0.0893519 0.0114583 0.0694444 0.00500564
9 0.571354 0.0314815 0.0125 0.0592593 0.00500594
12 0.99349 0.503704 0.0119792 0.146296 0.00500745
9 0.756771 0.075463 0.0104167 0.0416667 0.00501928
58 0.96875 0.498148 0.0302083 0.0907407 0.00509025
11 0.23724 0.0666667 0.0171875 0.0407407 0.00544361
0 0.714063 0.372222 0.021875 0.0277778 0.00562262
1 0.00442708 0.395833 0.00885417 0.113889 0.00572306
2 0.531771 0.110185 0.015625 0.0462963 0.00594326
2 0.238802 0.139352 0.0192708 0.0435185 0.0059749
1 0.701042 0.296759 0.0270833 0.0768519 0.00615122
0 0.995573 0.323611 0.0078125 0.0657407 0.00735032
9 0.210938 0.0671296 0.028125 0.0453704 0.00736413
9 0.269271 0.0398148 0.021875 0.0592593 0.00882054
0 0.817448 0.236111 0.00885417 0.0388889 0.00955812
0 0.635677 0.148148 0.00989583 0.05 0.00958907
7 0.220313 0.0680556 0.05 0.0638889 0.0107315
2 0.785417 0.0888889 0.0135417 0.0222222 0.0131353
2 0.442448 0.087037 0.0130208 0.0277778 0.0134538
2 0.593229 0.125926 0.0177083 0.0222222 0.0146016
2 0.270833 0.110648 0.0145833 0.0361111 0.0164083
5 0.220573 0.0680556 0.0505208 0.062037 0.0188552
9 0.26901 0.0199074 0.0203125 0.0342593 0.0196583
9 0.442187 0.087037 0.0125 0.0277778 0.0203827
9 0.502344 0.759722 0.0140625 0.0564815 0.0246095
2 0.29401 0.109259 0.0286458 0.0777778 0.0288552
2 0.36276 0.0708333 0.0109375 0.025 0.0305101
0 0.488021 0.109722 0.0125 0.0453704 0.0397704
7 0.298698 0.106944 0.0380208 0.0824074 0.044856
9 0.567187 0.0481481 0.00833333 0.0240741 0.0775514
1 0.692187 0.3 0.0166667 0.0759259 0.0799374
2 0.479948 0.111111 0.0151042 0.0407407 0.191027
2 0.529427 0.0800926 0.0151042 0.025 0.196462
2 0.466146 0.111111 0.0197917 0.0407407 0.280631
2 0.322396 0.0856481 0.0375 0.0324074 0.306678
1 0.689844 0.283333 0.0151042 0.0462963 0.480573
2 0.627344 0.121296 0.0255208 0.05 0.489812
7 0.50651 0.104167 0.0411458 0.0638889 0.572079
0 0.689583 0.244907 0.0177083 0.0953704 0.645105
2 0.385938 0.0972222 0.0333333 0.0462963 0.69733
2 0.31875 0.121759 0.0510417 0.0712963 0.731409
10 0.204167 0.315741 0.015625 0.0722222 0.771298
11 0.728906 0.0430556 0.0265625 0.0583333 0.778878
2 0.729688 0.418981 0.122917 0.173148 0.91021
