7 0.788542 0.062963 0.0260417 0.0611111 0.00104139
9 0.216146 0.0666667 0.0416667 0.05 0.00104347
0 0.729948 0.371759 0.0286458 0.0305556 0.00105804
7 0.221354 0.0768519 0.05 0.062963 0.00106192
2 0.352865 0.109722 0.0223958 0.0416667 0.00108623
2 0.640885 0.420833 0.385938 0.178704 0.00114812
58 0.967969 0.493981 0.0286458 0.0935185 0.00115393
2 0.289062 0.0935185 0.0208333 0.0611111 0.00115958
10 0.195833 0.294444 0.0322917 0.114815 0.00119081
2 0.79375 0.0861111 0.0302083 0.0277778 0.00124213
0 0.263542 0.100926 0.00833333 0.0537037 0.00126185
13 0.96224 0.553704 0.0401042 0.0407407 0.00127299
2 0.468229 0.0217593 0.0229167 0.0194444 0.00130292
2 0.238542 0.140278 0.01875 0.0416667 0.00136724
2 0.530729 0.112963 0.0114583 0.0407407 0.00143704
0 0.75625 0.375 0.021875 0.0314815 0.00168089
9 0.458333 0.0657407 0.00833333 0.0259259 0.00182937
9 0.29375 0.0560185 0.009375 0.037963 0.00184346
2 0.363802 0.110185 0.0119792 0.037037 0.00196438
2 0.414323 0.116204 0.0151042 0.0324074 0.00201496
13 0.994271 0.519907 0.0104167 0.171296 0.0020295
9 0.252865 0.0861111 0.0140625 0.037037 0.00215968
7 0.970573 0.525463 0.0578125 0.197222 0.00227175
9 0.363021 0.0666667 0.0125 0.0203704 0.0023808
13 0.970312 0.5625 0.0583333 0.0953704 0.00250247
9 0.258594 0.0782407 0.0119792 0.0490741 0.00257553
0 0.286458 0.110648 0.0166667 0.0787037 0.00264906
9 0.266406 0.0976852 0.0109375 0.0546296 0.00265377
2 0.361458 0.0652778 0.0114583 0.0212963 0.00270643
0 0.282813 0.0884259 0.00833333 0.0305556 0.00294377
11 0.740104 0.0662037 0.0166667 0.0212963 0.00298125
2 0.534635 0.111111 0.351562 0.0703704 0.0030273
9 0.502604 0.760185 0.0125 0.0537037 0.00325282
2 0.405729 0.112037 0.21875 0.0611111 0.00352135
0 0.716406 0.372222 0.0234375 0.0259259 0.00369329
9 0.21901 0.0527778 0.0223958 0.0425926 0.00380137
11 0.236979 0.0657407 0.0166667 0.037037 0.00393252
9 0.26276 0.0898148 0.0078125 0.0407407 0.00421979
2 0.269531 0.110648 0.0109375 0.0342593 0.00435289
13 0.986458 0.519444 0.0260417 0.177778 0.00438096
9 0.454167 0.312963 0.00729167 0.0203704 0.00445149
2 0.285417 0.118981 0.0145833 0.0638889 0.00445714
9 0.994531 0.493519 0.00989583 0.127778 0.00472963
9 0.208073 0.0680556 0.0203125 0.0416667 0.00485945
2 0.467448 0.110648 0.101562 0.0546296 0.00544576
2 0.00442708 0.462963 0.00885417 0.233333 0.00573992
9 0.56875 0.0314815 0.0135417 0.0592593 0.00591888
2 0.442448 0.0875 0.0140625 0.0268519 0.00604581
0 0.75651 0.0916667 0.0140625 0.0814815 0.0065336
2 0.292448 0.0726852 0.0119792 0.0157407 0.0075928
11 0.60625 0.0597222 0.009375 0.025 0.0078126
2 0.0109375 0.368056 0.021875 0.0472222 0.00809857
9 0.21849 0.103704 0.00885417 0.0388889 0.00958748
2 0.427344 0.106944 0.0359375 0.0472222 0.0105717
9 0.442448 0.0851852 0.0119792 0.0222222 0.0132773
9 0.222135 0.0606481 0.0119792 0.0361111 0.0153486
2 0.786458 0.0888889 0.0166667 0.0259259 0.0155809
9 0.21875 0.0893519 0.00833333 0.0138889 0.0208606
9 0.26901 0.0356481 0.0223958 0.0657407 0.0233256
2 0.296615 0.101852 0.0338542 0.0703704 0.0235382
7 0.298698 0.100463 0.0338542 0.0675926 0.0293518
0 0.635156 0.148611 0.00885417 0.0527778 0.0324233
2 0.00911458 0.398148 0.0182292 0.109259 0.0330579
2 0.00494792 0.55787 0.00989583 0.0398148 0.0353322
7 0.31849 0.100926 0.0494792 0.0666667 0.0381493
2 0.470573 0.108333 0.0328125 0.0462963 0.0386192
2 0.488542 0.10787 0.0135417 0.0490741 0.0496839
9 0.567187 0.0476852 0.00833333 0.0231481 0.071712
2 0.00416667 0.406019 0.00833333 0.0953704 0.0898183
2 0.321875 0.0875 0.0385417 0.0324074 0.188536
2 0.464323 0.112037 0.0161458 0.0388889 0.202307
2 0.479688 0.109722 0.0177083 0.0435185 0.215077
2 0.627344 0.120833 0.0255208 0.0490741 0.252365
2 0.429948 0.115741 0.0255208 0.0296296 0.525316
2 0.506771 0.103704 0.0416667 0.062963 0.557727
2 0.318229 0.120833 0.0520833 0.0712963 0.661842
11 0.729167 0.0430556 0.0270833 0.0546296 0.757967
2 0.391927 0.127778 0.0557292 0.0944444 0.781766
10 0.204427 0.315741 0.0161458 0.0703704 0.783124
2 0.530208 0.244444 0.090625 0.137037 0.848389
2 0.729427 0.419444 0.122396 0.17037 0.892451
