2 0.44349 0.111111 0.0515625 0.0444444 0.00101871
13 0.00364583 0.419444 0.00729167 0.0685185 0.00105471
2 0.00598958 0.0916667 0.0119792 0.0407407 0.0010589
9 0.110677 0.0268519 0.0140625 0.037037 0.00107437
9 0.989844 0.518056 0.0192708 0.176852 0.00109572
2 0.976823 0.49537 0.0442708 0.125926 0.00110262
1 0.00651042 0.391204 0.0130208 0.125 0.00125178
12 0.692969 0.165278 0.0109375 0.037963 0.00127201
1 0.0101562 0.365278 0.0203125 0.0694444 0.00129351
12 0.9875 0.516667 0.0239583 0.174074 0.00132948
13 0.0135417 0.393056 0.0270833 0.121296 0.00133271
2 0.0432292 0.121759 0.075 0.0898148 0.0013452
9 0.258854 0.0736111 0.0125 0.0453704 0.00136421
13 0.00572917 0.393519 0.0114583 0.12037 0.00138904
13 0.970833 0.534259 0.0572917 0.155556 0.00142222
2 0.789062 0.106944 0.0479167 0.0583333 0.00148769
1 0.810156 0.331019 0.0182292 0.0842593 0.00151237
9 0.236458 0.0643518 0.0166667 0.037963 0.00151642
9 0.29349 0.0523148 0.00885417 0.037963 0.00152908
11 0.253646 0.087963 0.0145833 0.0333333 0.0016045
9 0.415885 0.0101852 0.0161458 0.0203704 0.00181119
7 0.989323 0.51713 0.0203125 0.184259 0.00181666
2 0.65651 0.137963 0.0796875 0.0851852 0.00184371
2 0.814062 0.0759259 0.01875 0.0185185 0.00199632
12 0.977083 0.496759 0.04375 0.128704 0.0020914
9 0.26224 0.0412037 0.0151042 0.0601852 0.00212776
7 0.970833 0.530556 0.0572917 0.214815 0.00212837
9 0.5 0.602778 0.0145833 0.0388889 0.00234823
58 0.968229 0.496296 0.0291667 0.087037 0.00235431
0 0.995833 0.32963 0.00729167 0.0555556 0.00240019
2 0.442708 0.0884259 0.0145833 0.0305556 0.00260905
0 0.266406 0.099537 0.0109375 0.0546296 0.00266737
2 0.530729 0.108333 0.015625 0.0481481 0.00289939
11 0.23724 0.0675926 0.0161458 0.0407407 0.00295496
9 0.263021 0.0875 0.00833333 0.0324074 0.00300524
0 0.846094 0.185185 0.00677083 0.0277778 0.00305969
2 0.0351562 0.106481 0.0515625 0.0555556 0.00314202
0 0.757292 0.0967593 0.015625 0.0824074 0.00317443
2 0.461979 0.114815 0.126042 0.0666667 0.00333824
2 0.77526 0.116204 0.0192708 0.0324074 0.00347123
2 0.565885 0.113889 0.347396 0.0685185 0.00372573
9 0.571354 0.0319444 0.0135417 0.0583333 0.00379551
2 0.649479 0.149074 0.0375 0.0611111 0.00389788
0 0.26276 0.105556 0.00989583 0.05 0.00390995
9 0.583594 0.0351852 0.0130208 0.0592593 0.00401277
11 0.60599 0.0606481 0.00989583 0.025 0.00406621
7 0.146875 0.0912037 0.065625 0.0768519 0.00426925
0 0.443229 0.0981481 0.01875 0.0481481 0.00455921
2 0.357812 0.103704 0.0489583 0.0574074 0.00465121
2 0.365885 0.115278 0.151562 0.0768519 0.00469107
2 0.297917 0.108796 0.0802083 0.0861111 0.00497322
9 0.99375 0.493519 0.0114583 0.125926 0.00537259
5 0.219792 0.0657407 0.0489583 0.0574074 0.0058182
7 0.219792 0.0671296 0.05 0.0657407 0.00592723
0 0.758073 0.123148 0.0130208 0.0277778 0.00654426
0 0.363021 0.0907407 0.0104167 0.0481481 0.00696576
9 0.21276 0.0615741 0.0338542 0.0527778 0.00704665
12 0.994271 0.493519 0.0104167 0.127778 0.00755046
2 0.363802 0.0685185 0.0119792 0.0240741 0.00839188
9 0.757031 0.0828704 0.0130208 0.0564815 0.0104359
2 0.271094 0.110185 0.0130208 0.0388889 0.0113901
2 0.786979 0.0861111 0.0177083 0.0277778 0.0117411
2 0.592448 0.126852 0.0182292 0.0240741 0.0131183
2 0.238802 0.139352 0.0192708 0.0435185 0.0132611
58 0.443229 0.087963 0.0135417 0.0277778 0.0165229
9 0.502083 0.761111 0.0125 0.0537037 0.0207833
2 0.635417 0.143056 0.0114583 0.0490741 0.0214024
2 0.4875 0.10787 0.0135417 0.0490741 0.0287724
9 0.567448 0.0481481 0.00885417 0.0240741 0.0304438
9 0.26875 0.0356481 0.0229167 0.0675926 0.0387195
2 0.529167 0.0814815 0.0166667 0.0259259 0.0436547
7 0.297135 0.108333 0.0369792 0.0814815 0.0962215
2 0.372656 0.108796 0.0223958 0.0472222 0.106128
0 0.368229 0.113426 0.0114583 0.037963 0.107481
2 0.295573 0.109722 0.0317708 0.0805556 0.175931
2 0.464583 0.1125 0.0166667 0.0398148 0.197088
2 0.479688 0.109722 0.0197917 0.0453704 0.309274
2 0.322396 0.0856481 0.0364583 0.0342593 0.357882
2 0.627865 0.121759 0.0255208 0.0527778 0.39247
2 0.50599 0.104167 0.0421875 0.0638889 0.527437
10 0.204167 0.315278 0.015625 0.0731481 0.704615
2 0.31875 0.122222 0.05 0.0703704 0.757949
11 0.729167 0.0435185 0.0270833 0.0574074 0.774011
2 0.395052 0.121759 0.0463542 0.0694444 0.84525
2 0.729948 0.419444 0.122396 0.172222 0.903113
2 0.746354 0.190741 0.128125 0.111111 0.908728
