0 0.75651 0.0717593 0.00989583 0.0398148 0.00104247
0 0.727604 0.370833 0.0395833 0.0324074 0.00107898
9 0.967708 0.497685 0.0270833 0.0935185 0.00107922
1 0.0914062 0.164352 0.0661458 0.075 0.00108002
0 0.756771 0.374074 0.0229167 0.0333333 0.00108201
11 0.239583 0.0351852 0.021875 0.0648148 0.00111276
2 0.271094 0.118519 0.0182292 0.0592593 0.00114867
11 0.129167 0.170833 0.0125 0.0287037 0.00115025
0 0.279167 0.806481 0.0302083 0.0574074 0.00115675
9 0.501562 0.0550926 0.0135417 0.0324074 0.00115755
2 0.791927 0.0898148 0.0348958 0.0314815 0.00115912
1 0.782292 0.303241 0.0208333 0.0712963 0.00126437
7 0.99349 0.519444 0.0119792 0.172222 0.00126493
7 0.29349 0.105093 0.0848958 0.0990741 0.00126563
1 0.0640625 0.164352 0.04375 0.0694444 0.00127255
1 0.00494792 0.160648 0.00989583 0.0435185 0.00140637
7 0.466927 0.0736111 0.0265625 0.0324074 0.00144408
1 0.0140625 0.39537 0.028125 0.109259 0.00153505
9 0.267708 0.0449074 0.0177083 0.0453704 0.00154293
1 0.0234375 0.163889 0.0458333 0.05 0.00158668
12 0.817187 0.234259 0.00833333 0.0407407 0.00159022
12 0.701563 0.139815 0.0239583 0.087037 0.00172082
0 0.255469 0.123148 0.0171875 0.0740741 0.00175333
0 0.75651 0.0962963 0.0130208 0.0888889 0.00184912
2 0.11224 0.155093 0.0453125 0.0638889 0.00196302
2 0.655729 0.138889 0.0791667 0.0851852 0.00200006
2 0.78151 0.105556 0.0317708 0.0518519 0.00213981
2 0.5375 0.1125 0.344792 0.0768519 0.00221323
9 0.548437 0.0518519 0.0114583 0.0277778 0.00233556
9 0.976562 0.499537 0.04375 0.132407 0.0026977
0 0.372396 0.781944 0.0614583 0.0712963 0.00281328
1 0.0690104 0.165278 0.133854 0.087963 0.00291229
7 0.316667 0.0703704 0.0416667 0.0611111 0.00297249
9 0.553646 0.0476852 0.0125 0.0305556 0.00310561
1 0.109115 0.156019 0.0505208 0.062037 0.00315059
2 0.363542 0.0675926 0.0114583 0.0203704 0.00318326
11 0.2375 0.0689815 0.0166667 0.0453704 0.00325688
2 0.639323 0.127315 0.0505208 0.0601852 0.00327326
1 0.0046875 0.391667 0.009375 0.112963 0.0035449
2 0.375 0.111111 0.192708 0.0796296 0.00373884
2 0.470833 0.111111 0.0864583 0.0611111 0.0038374
2 0.218229 0.138426 0.059375 0.0490741 0.00390275
9 0.5625 0.0328704 0.0197917 0.0564815 0.00397354
0 0.26276 0.114352 0.00885417 0.0472222 0.00411593
12 0.692187 0.166204 0.009375 0.0398148 0.00423302
0 0.716146 0.370833 0.0239583 0.0287037 0.00486538
2 0.592448 0.126389 0.0182292 0.025 0.00493135
0 0.31849 0.790741 0.0786458 0.0759259 0.0050392
9 0.500781 0.603704 0.0161458 0.0388889 0.0050756
2 0.648958 0.148611 0.0385417 0.0564815 0.00540514
2 0.472135 0.0824074 0.0328125 0.0277778 0.00553857
9 0.270052 0.0194444 0.0192708 0.0314815 0.0056752
1 0.808073 0.331019 0.0234375 0.0990741 0.00609529
9 0.502604 0.760185 0.0114583 0.0537037 0.00647404
0 0.00364583 0.407407 0.00729167 0.0833333 0.00656369
2 0.60599 0.0611111 0.00989583 0.0240741 0.00681718
9 0.995052 0.494907 0.00885417 0.134259 0.00689721
0 0.635156 0.149074 0.00989583 0.05 0.00714329
7 0.970573 0.531944 0.0578125 0.212037 0.0074896
2 0.338021 0.087963 0.0145833 0.0333333 0.00774957
2 0.270052 0.109259 0.0119792 0.0407407 0.00778279
2 0.442187 0.0875 0.0125 0.0287037 0.0081138
2 0.411979 0.111574 0.0739583 0.0601852 0.00871
2 0.269531 0.0518519 0.0192708 0.0351852 0.00915089
0 0.339844 0.785185 0.0526042 0.0703704 0.0118542
7 0.220573 0.0675926 0.0515625 0.0611111 0.0120333
2 0.635156 0.147685 0.0109375 0.0509259 0.0129013
2 0.48151 0.075463 0.0140625 0.0231481 0.0154766
2 0.786198 0.0898148 0.0161458 0.0222222 0.0166319
2 0.490625 0.0736111 0.0208333 0.025 0.0175061
2 0.454688 0.10787 0.0322917 0.0472222 0.0175743
7 0.309375 0.075463 0.0333333 0.0398148 0.0187165
9 0.114063 0.0236111 0.0145833 0.0398148 0.0249457
5 0.218229 0.0680556 0.046875 0.0546296 0.0250459
0 0.384635 0.79213 0.0380208 0.0509259 0.0308395
2 0.473177 0.0759259 0.0223958 0.0259259 0.0342724
2 0.460417 0.112963 0.015625 0.037037 0.0373761
2 0.238281 0.142593 0.0182292 0.037037 0.0400004
9 0.566927 0.0481481 0.00885417 0.0240741 0.0419057
7 0.306771 0.0592593 0.0322917 0.0314815 0.044791
7 0.29375 0.111574 0.028125 0.0731481 0.0690389
2 0.321875 0.0888889 0.0375 0.0333333 0.148534
2 0.293229 0.112037 0.028125 0.0740741 0.156734
0 0.301823 0.796296 0.0421875 0.0611111 0.175441
2 0.308854 0.0583333 0.0260417 0.0296296 0.214665
2 0.50599 0.102778 0.0432292 0.0666667 0.413306
2 0.473177 0.110185 0.0328125 0.0444444 0.424652
7 0.50599 0.102778 0.0432292 0.0666667 0.452025
2 0.627604 0.123148 0.0260417 0.0518519 0.514254
2 0.318229 0.122222 0.0510417 0.0703704 0.632633
10 0.204167 0.316667 0.0166667 0.0722222 0.680674
11 0.729427 0.0421296 0.0276042 0.0546296 0.778835
7 0.740625 0.822222 0.245833 0.337037 0.80398
2 0.422135 0.108333 0.0328125 0.0462963 0.822245
2 0.336979 0.837963 0.225 0.312963 0.824699
2 0.729948 0.419444 0.122396 0.17037 0.903587
