0 0.534635 0.26713 0.522396 0.426852 0.00100537
9 0.486979 0.0287037 0.0114583 0.0277778 0.00106386
12 0.702344 0.124537 0.0223958 0.0546296 0.00110657
9 0.548177 0.0537037 0.0109375 0.0240741 0.00118897
0 0.441146 0.443981 0.8375 0.452778 0.0012099
9 0.56849 0.0314815 0.0130208 0.0574074 0.00129078
2 0.657031 0.153241 0.0526042 0.0638889 0.00131226
2 0.301302 0.933333 0.0557292 0.127778 0.00134485
9 0.430469 0.0625 0.0078125 0.0305556 0.00136368
2 0.292708 0.106944 0.084375 0.0916667 0.00136931
2 0.282552 0.0717593 0.0276042 0.0324074 0.00141964
2 0.244792 0.107407 0.0114583 0.0351852 0.00143824
13 0.977344 0.518981 0.0442708 0.175 0.00144747
7 0.286458 0.0726852 0.0479167 0.125 0.00149148
1 0.0239583 0.39537 0.0479167 0.116667 0.00151104
7 0.970052 0.52037 0.0588542 0.185185 0.00155425
2 0.794531 0.0847222 0.0317708 0.0287037 0.00164015
58 0.968229 0.494444 0.03125 0.0888889 0.00166853
2 0.817187 0.233796 0.009375 0.0435185 0.00167
12 0.689062 0.167593 0.0135417 0.0351852 0.00167159
12 0.701563 0.156944 0.0229167 0.0509259 0.0017287
0 0.361979 0.0699074 0.009375 0.025 0.00173531
0 0.263281 0.102778 0.00885417 0.0537037 0.001812
9 0.502083 0.760185 0.0125 0.0537037 0.00184142
2 0.770052 0.108333 0.0161458 0.0296296 0.00185277
9 0.429688 0.0467593 0.00833333 0.0231481 0.00199611
9 0.75625 0.110185 0.0166667 0.0462963 0.00200012
7 0.277344 0.0453704 0.0359375 0.0518519 0.00208643
11 0.236719 0.0680556 0.0171875 0.0435185 0.00222567
7 0.992708 0.518519 0.0135417 0.17037 0.0022519
7 0.147396 0.0912037 0.06875 0.0805556 0.0023526
9 0.108073 0.0282407 0.0119792 0.037963 0.00239912
2 0.429948 0.110185 0.325521 0.0814815 0.00251335
2 0.529427 0.419444 0.554688 0.181481 0.00265879
13 0.961198 0.555556 0.0390625 0.0444444 0.00268343
2 0.572135 0.110648 0.274479 0.0731481 0.00276412
12 0.692708 0.164352 0.00729167 0.0416667 0.00279992
2 0.463281 0.110185 0.139062 0.0666667 0.00283067
7 0.788021 0.0657407 0.0239583 0.0648148 0.00289449
2 0.301823 0.125926 0.0265625 0.0648148 0.0029119
2 0.776042 0.0981481 0.034375 0.0462963 0.00305483
9 0.755208 0.0865741 0.015625 0.0657407 0.00314499
2 0.813802 0.0763889 0.0171875 0.0194444 0.00315185
0 0.74375 0.370833 0.0166667 0.0305556 0.00321184
2 0.655729 0.136574 0.0791667 0.0898148 0.00339495
2 0.363802 0.0675926 0.0119792 0.0185185 0.00358726
0 0.75651 0.0731481 0.0130208 0.0407407 0.00394467
2 0.442448 0.087037 0.0130208 0.0259259 0.0040118
12 0.994531 0.512037 0.00989583 0.164815 0.00425435
9 0.26901 0.0226852 0.0213542 0.0398148 0.00437168
0 0.730469 0.372222 0.0223958 0.0277778 0.00453587
0 0.75625 0.374074 0.0208333 0.0314815 0.0049678
9 0.208333 0.0671296 0.021875 0.0472222 0.00516381
9 0.485677 0.0180556 0.0119792 0.0287037 0.00522314
0 0.266406 0.0990741 0.00989583 0.0555556 0.00543981
2 0.592448 0.125 0.0182292 0.0259259 0.00628593
9 0.482552 0.0425926 0.00677083 0.0277778 0.00631798
2 0.270052 0.0481481 0.0192708 0.037037 0.00651722
2 0.60599 0.0601852 0.00989583 0.0240741 0.0067245
2 0.270052 0.108796 0.0119792 0.0416667 0.00746099
0 0.995573 0.327778 0.0078125 0.0574074 0.00756352
2 0.238542 0.141204 0.01875 0.0398148 0.00912912
5 0.220573 0.0675926 0.0494792 0.0592593 0.0104895
7 0.220573 0.0666667 0.0494792 0.0592593 0.0124107
1 0.0122396 0.368981 0.0244792 0.0490741 0.0124337
0 0.353906 0.315278 0.0234375 0.0287037 0.0130348
9 0.415365 0.0101852 0.0151042 0.0203704 0.0133526
0 0.71276 0.373148 0.0203125 0.0240741 0.0159482
0 0.204688 0.956944 0.05625 0.0805556 0.0191883
0 0.371615 0.314815 0.0161458 0.0277778 0.0192082
0 0.379948 0.314815 0.0234375 0.0277778 0.0198636
0 0.635417 0.149074 0.009375 0.0518519 0.0216415
1 0.00442708 0.405556 0.00885417 0.0944444 0.026881
9 0.566927 0.0476852 0.0078125 0.0231481 0.0329365
2 0.635156 0.148148 0.0109375 0.0555556 0.0351916
2 0.488542 0.106944 0.0145833 0.0509259 0.0375501
0 0.221615 0.956019 0.0359375 0.0768519 0.038133
7 0.293229 0.109259 0.028125 0.0777778 0.0510012
9 0.442187 0.0875 0.0125 0.025 0.0636396
1 0.00989583 0.396759 0.0197917 0.112037 0.0670328
2 0.785417 0.087963 0.0145833 0.0259259 0.0795476
0 0.178906 0.960648 0.0609375 0.075 0.0827225
2 0.305469 0.0611111 0.0223958 0.0277778 0.0869353
2 0.46276 0.115741 0.0130208 0.0314815 0.111081
2 0.292188 0.1125 0.0260417 0.0731481 0.120148
2 0.479948 0.109259 0.0203125 0.0444444 0.278968
0 0.251302 0.95787 0.0557292 0.0768519 0.316481
2 0.322656 0.0875 0.0369792 0.0398148 0.371187
2 0.627344 0.121759 0.0255208 0.0527778 0.415019
2 0.50599 0.104167 0.0432292 0.062037 0.489325
10 0.204167 0.316204 0.015625 0.0712963 0.691041
11 0.728906 0.0435185 0.0276042 0.0574074 0.77646
2 0.317969 0.123148 0.0515625 0.0685185 0.779588
2 0.213021 0.930556 0.232292 0.135185 0.87265
2 0.729427 0.419444 0.122396 0.17037 0.905801
2 0.366406 0.35463 0.109896 0.157407 0.907186
