2 0.0291667 0.352778 0.0416667 0.0185185 0.00101263
2 0.52526 0.172685 0.521354 0.213889 0.00105122
13 0.970833 0.536111 0.0572917 0.17037 0.00106626
2 0.83151 0.211111 0.0359375 0.0907407 0.0010751
0 0.542969 0.292593 0.532812 0.459259 0.00108123
2 0.655729 0.136111 0.084375 0.0814815 0.00110329
9 0.239583 0.037963 0.021875 0.0740741 0.00110939
2 0.638021 0.148611 0.015625 0.0546296 0.00111593
7 0.789323 0.0638889 0.0265625 0.0592593 0.00113514
0 0.453906 0.440278 0.864062 0.280556 0.00114469
9 0.23776 0.0726852 0.0130208 0.0416667 0.00119749
9 0.279687 0.0722222 0.0354167 0.138889 0.00122659
2 0.83724 0.240741 0.0484375 0.05 0.00123423
9 0.76901 0.0462963 0.0213542 0.0907407 0.00125564
2 0.676042 0.113889 0.123958 0.0740741 0.00125923
58 0.945833 0.181481 0.108333 0.361111 0.00131012
9 0.502344 0.760185 0.0130208 0.0537037 0.00137659
0 0.263542 0.102778 0.00833333 0.0518519 0.00146317
9 0.252344 0.0898148 0.0130208 0.0314815 0.00146493
0 0.00859375 0.360185 0.0171875 0.0703704 0.00149903
0 0.756771 0.374537 0.0197917 0.0324074 0.00152723
9 0.995573 0.526852 0.0078125 0.0407407 0.00154155
9 0.290885 0.0722222 0.0130208 0.0166667 0.00154784
0 0.390104 0.209259 0.0177083 0.037037 0.00161948
2 0.00442708 0.45787 0.00885417 0.215741 0.00168957
9 0.258594 0.0703704 0.0109375 0.0444444 0.00172059
0 0.730729 0.372685 0.0239583 0.0287037 0.00173105
2 0.363542 0.0675926 0.0114583 0.0203704 0.00176472
11 0.23724 0.0652778 0.0161458 0.0361111 0.00187654
9 0.990365 0.518519 0.0182292 0.172222 0.00190273
11 0.240365 0.0342593 0.0213542 0.0648148 0.00199175
2 0.301823 0.106944 0.0838542 0.0935185 0.00204439
2 0.57474 0.430093 0.619271 0.186111 0.00207283
9 0.567708 0.0319444 0.0125 0.0564815 0.00214289
2 0.99401 0.519444 0.0109375 0.168519 0.00219421
2 0.428125 0.108796 0.313542 0.0805556 0.00231619
2 0.779688 0.106019 0.0291667 0.0416667 0.00231852
0 0.361979 0.0699074 0.009375 0.025 0.00233773
58 0.96875 0.49537 0.03125 0.087037 0.00235624
2 0.648177 0.151852 0.0359375 0.0611111 0.00236996
2 0.0244792 0.393981 0.0489583 0.117593 0.00237532
2 0.0255208 0.361574 0.05 0.0453704 0.00248605
0 0.713542 0.371296 0.021875 0.0277778 0.00253992
9 0.817708 0.235648 0.00833333 0.0416667 0.00273662
2 0.585677 0.109259 0.352604 0.0685185 0.00320618
2 0.442708 0.0888889 0.0145833 0.0314815 0.00321385
2 0.592188 0.127778 0.0177083 0.0222222 0.00333627
9 0.213802 0.0675926 0.0348958 0.0518519 0.00370141
3 0.0234375 0.39537 0.046875 0.112963 0.00371824
2 0.817969 0.235648 0.00885417 0.0416667 0.0037586
0 0.758333 0.122685 0.0125 0.0305556 0.00387534
2 0.465885 0.108333 0.116146 0.062963 0.00394574
2 0.238542 0.141204 0.01875 0.0416667 0.00399901
12 0.701302 0.163426 0.0192708 0.0435185 0.00416589
1 0.810156 0.331944 0.0192708 0.0935185 0.00428835
7 0.970833 0.528241 0.0572917 0.200926 0.00460179
9 0.220313 0.0875 0.0104167 0.0157407 0.00487158
2 0.269792 0.109259 0.0125 0.0388889 0.00530405
12 0.694792 0.164352 0.009375 0.0416667 0.00538629
9 0.263802 0.0875 0.00989583 0.0342593 0.00544124
9 0.292708 0.0546296 0.009375 0.0444444 0.0056726
9 0.265885 0.0981481 0.00989583 0.0518519 0.00594324
9 0.99401 0.494444 0.0109375 0.125926 0.00607492
0 0.442448 0.0967593 0.0171875 0.0472222 0.00714615
0 0.361719 0.415741 0.0588542 0.0407407 0.00715902
2 0.813542 0.0740741 0.0177083 0.0185185 0.00721964
9 0.207813 0.0675926 0.0177083 0.0425926 0.0112748
2 0.0119792 0.366667 0.0239583 0.0462963 0.0113277
0 0.995313 0.329167 0.00833333 0.0509259 0.0124602
9 0.755469 0.0768519 0.0130208 0.0444444 0.0137447
9 0.442448 0.0888889 0.0140625 0.0314815 0.0162322
11 0.60599 0.0597222 0.00989583 0.0231481 0.017276
0 0.348958 0.418519 0.0270833 0.0351852 0.0222424
2 0.489062 0.107407 0.015625 0.05 0.0304218
1 0.0135417 0.395833 0.0270833 0.112037 0.0332401
0 0.635156 0.149074 0.00885417 0.05 0.0345202
0 0.386458 0.414815 0.0354167 0.0388889 0.0359677
3 0.00442708 0.409259 0.00885417 0.0851852 0.0382916
9 0.566927 0.0481481 0.00885417 0.0222222 0.0448551
2 0.785417 0.087963 0.015625 0.0240741 0.0474776
2 0.00416667 0.411111 0.00833333 0.0814815 0.051353
2 0.292969 0.10787 0.0276042 0.0787037 0.0637963
9 0.222656 0.0574074 0.0119792 0.0351852 0.0802519
7 0.297396 0.106481 0.0385417 0.0814815 0.0850346
3 0.0106771 0.396296 0.0213542 0.111111 0.09063
9 0.26875 0.0365741 0.021875 0.0694444 0.0908863
2 0.461979 0.112963 0.0125 0.037037 0.12117
2 0.477604 0.108796 0.0260417 0.0453704 0.271695
2 0.322396 0.0861111 0.0375 0.0351852 0.323009
2 0.627344 0.120833 0.0255208 0.0509259 0.32945
2 0.505729 0.103704 0.04375 0.062963 0.534203
10 0.204167 0.316204 0.015625 0.0712963 0.669909
2 0.31849 0.121759 0.0505208 0.0712963 0.69109
11 0.729427 0.0439815 0.0276042 0.0583333 0.797687
2 0.38151 0.223148 0.0776042 0.103704 0.876636
2 0.729948 0.419444 0.122396 0.17037 0.90243
2 0.370573 0.461111 0.126563 0.181481 0.921222
2 0.739583 0.192593 0.129167 0.111111 0.931049
