13 0.971094 0.52037 0.0567708 0.17037 0.00103765
7 0.970833 0.51713 0.0572917 0.167593 0.00104188
0 0.0596354 0.111111 0.0213542 0.0518519 0.00104534
12 0.701042 0.163889 0.0229167 0.0351852 0.00109243
12 0.98724 0.492593 0.0244792 0.125926 0.0011711
2 0.0385417 0.105093 0.0645833 0.0583333 0.00118424
9 0.5 0.603241 0.0145833 0.037963 0.00132363
2 0.29401 0.100463 0.0869792 0.0972222 0.00132588
2 0.654427 0.138889 0.0796875 0.0833333 0.00134465
2 0.757812 0.118981 0.0135417 0.0361111 0.00135399
7 0.236198 0.0731481 0.0203125 0.0574074 0.00141575
12 0.995313 0.533333 0.00833333 0.062963 0.00145908
2 0.651302 0.151852 0.0411458 0.0574074 0.0014845
2 0.994271 0.519907 0.0104167 0.163889 0.00155962
12 0.361198 0.0634259 0.0109375 0.0268519 0.00156545
2 0.255729 0.0875 0.0208333 0.037963 0.00158284
2 0.77474 0.103241 0.0286458 0.0601852 0.00158956
1 0.00546875 0.388889 0.0109375 0.118519 0.00162286
9 0.272135 0.0388889 0.0296875 0.0759259 0.00163114
2 0.219271 0.13287 0.05625 0.0583333 0.00163643
2 0.902083 0.144907 0.053125 0.0824074 0.00170675
2 0.771354 0.112037 0.0145833 0.0277778 0.00170821
13 0.0138021 0.394444 0.0276042 0.116667 0.00182722
7 0.792448 0.0638889 0.0328125 0.0611111 0.00214674
9 0.361719 0.0662037 0.00885417 0.0305556 0.00220343
11 0.60651 0.0606481 0.00989583 0.025 0.00221847
2 0.00416667 0.408333 0.00833333 0.087037 0.00245415
11 0.236979 0.0699074 0.0166667 0.0472222 0.00246685
2 0.80625 0.0828704 0.015625 0.025 0.00261524
10 0.194271 0.29537 0.0364583 0.116667 0.00278742
9 0.582552 0.0388889 0.0130208 0.0518519 0.002933
0 0.26276 0.101852 0.00989583 0.0555556 0.00299019
2 0.2375 0.118056 0.01875 0.0546296 0.00302977
13 0.00416667 0.407407 0.00833333 0.087037 0.00308865
58 0.96849 0.497222 0.0296875 0.0833333 0.00316175
2 0.885938 0.128241 0.0791667 0.0898148 0.00327085
2 0.54375 0.110648 0.3 0.0712963 0.00343095
0 0.715625 0.37037 0.0239583 0.0277778 0.00348095
0 0.995573 0.326389 0.0078125 0.0601852 0.00364508
2 0.398438 0.110648 0.255208 0.0805556 0.00382984
9 0.565365 0.0444444 0.00989583 0.0351852 0.00421534
2 0.269792 0.0486111 0.0197917 0.0361111 0.00532614
12 0.994271 0.492593 0.0104167 0.124074 0.00582121
2 0.865885 0.106481 0.0380208 0.0481481 0.00679157
9 0.573958 0.0310185 0.0145833 0.0601852 0.00718366
2 0.592448 0.124537 0.0171875 0.0268519 0.00732987
2 0.266146 0.0986111 0.0114583 0.0564815 0.00739449
0 0.758073 0.0722222 0.0109375 0.0425926 0.00764785
12 0.689583 0.16713 0.0135417 0.0361111 0.00776641
2 0.817187 0.231481 0.009375 0.0462963 0.00826709
2 0.460677 0.110648 0.0755208 0.0657407 0.0089758
9 0.26901 0.025 0.0213542 0.0444444 0.0101522
2 0.271615 0.10787 0.0140625 0.0435185 0.0136094
2 0.817187 0.0694444 0.0125 0.0111111 0.0144312
9 0.502865 0.760648 0.0130208 0.0546296 0.0171043
2 0.441667 0.0893519 0.0125 0.0287037 0.0189995
2 0.634896 0.143056 0.0104167 0.0490741 0.0199769
2 0.814323 0.074537 0.0182292 0.0157407 0.0208756
2 0.785677 0.0898148 0.0140625 0.0222222 0.0242518
2 0.238281 0.141204 0.0182292 0.0398148 0.0283292
9 0.567448 0.0481481 0.0078125 0.0240741 0.0288031
7 0.219792 0.0680556 0.0510417 0.0675926 0.0346983
2 0.531771 0.111574 0.0135417 0.0416667 0.0354716
5 0.220313 0.0689815 0.0510417 0.0638889 0.0539841
2 0.322396 0.0851852 0.0385417 0.0351852 0.233312
2 0.479948 0.109722 0.0182292 0.0472222 0.240304
2 0.298958 0.107407 0.0395833 0.0833333 0.265072
2 0.627083 0.121296 0.0260417 0.0537037 0.45659
2 0.505729 0.104167 0.0427083 0.062037 0.64282
2 0.318229 0.120833 0.0510417 0.0712963 0.725645
2 0.458333 0.107407 0.0427083 0.0537037 0.7635
10 0.203906 0.316204 0.0161458 0.0712963 0.784302
11 0.728906 0.0435185 0.0265625 0.0555556 0.820357
2 0.729688 0.419444 0.122917 0.17037 0.905503
