2 0.224219 0.135185 0.0484375 0.0537037 0.00100654
13 0.970312 0.528704 0.0583333 0.17037 0.00103596
9 0.348437 0.0578704 0.0135417 0.025 0.00104882
2 0.57526 0.126852 0.0526042 0.0333333 0.00104928
2 0.238281 0.121759 0.0203125 0.062037 0.0010503
9 0.817187 0.234722 0.00833333 0.0416667 0.0010702
11 0.239583 0.037037 0.021875 0.0703704 0.00108141
2 0.79375 0.087037 0.0322917 0.0351852 0.0012249
2 0.00989583 0.204167 0.0197917 0.0305556 0.00122686
9 0.588542 0.0398148 0.015625 0.0462963 0.00125423
0 0.757292 0.374074 0.0197917 0.0314815 0.0013174
7 0.298958 0.105556 0.0802083 0.0944444 0.00135933
9 0.361198 0.0490741 0.0119792 0.037037 0.00136132
2 0.783333 0.102778 0.0375 0.0574074 0.00141638
7 0.970573 0.523148 0.0578125 0.190741 0.00153122
13 0.986198 0.518981 0.0265625 0.175 0.00163436
12 0.690365 0.16713 0.0119792 0.0361111 0.00164055
9 0.114323 0.024537 0.0140625 0.0398148 0.00167458
58 0.969531 0.494444 0.0328125 0.0925926 0.00169005
9 0.261458 0.0453704 0.0135417 0.0518519 0.00184045
2 0.776823 0.111111 0.0234375 0.0351852 0.00186535
7 0.988542 0.518519 0.021875 0.183333 0.0019138
12 0.98724 0.517593 0.0244792 0.172222 0.00191872
0 0.263021 0.106481 0.00833333 0.0462963 0.00191963
0 0.995833 0.320833 0.00729167 0.062037 0.00196296
2 0.553125 0.113426 0.201042 0.0768519 0.00197448
12 0.702344 0.143981 0.0234375 0.0768519 0.00220104
12 0.994271 0.518981 0.0104167 0.169444 0.00243051
2 0.648177 0.147685 0.0359375 0.0601852 0.00245702
12 0.69375 0.164815 0.00729167 0.037037 0.0024835
9 0.257812 0.0722222 0.0104167 0.0481481 0.00248367
9 0.995052 0.530556 0.00885417 0.0611111 0.00250402
2 0.408333 0.1125 0.261458 0.0861111 0.00313548
1 0.0536458 0.149537 0.059375 0.0601852 0.00330756
9 0.252344 0.0865741 0.0119792 0.0324074 0.00336955
9 0.363802 0.0671296 0.0109375 0.0194444 0.00397829
2 0.00390625 0.409259 0.0078125 0.0944444 0.00399624
9 0.214062 0.0574074 0.0322917 0.05 0.00413364
1 0.0138021 0.368056 0.0276042 0.0453704 0.00426909
9 0.108854 0.0277778 0.0104167 0.0333333 0.00456556
9 0.581771 0.0333333 0.0145833 0.0574074 0.00471988
9 0.266927 0.099537 0.0109375 0.0527778 0.00486263
2 0.442708 0.087037 0.0135417 0.0277778 0.00486427
13 0.00364583 0.40787 0.00729167 0.0953704 0.00502501
0 0.715365 0.372685 0.0234375 0.0268519 0.00522973
1 0.00416667 0.400463 0.00833333 0.110185 0.00536538
2 0.509896 0.111111 0.0802083 0.0648148 0.00537235
9 0.263021 0.0861111 0.00833333 0.0314815 0.0056853
5 0.220833 0.0662037 0.05 0.0546296 0.00571679
32 0.454427 0.315741 0.0078125 0.0166667 0.00597255
2 0.476042 0.112963 0.084375 0.0703704 0.00600349
0 0.442187 0.0962963 0.0166667 0.05 0.00654089
9 0.502344 0.759722 0.0130208 0.0546296 0.00669289
11 0.60625 0.0597222 0.009375 0.0231481 0.00670783
9 0.270052 0.0583333 0.0182292 0.0296296 0.0084674
11 0.236979 0.0699074 0.0177083 0.0453704 0.00851212
9 0.574219 0.0310185 0.0151042 0.0601852 0.00862737
9 0.99349 0.502315 0.0119792 0.141667 0.00886276
7 0.220052 0.0680556 0.0515625 0.062037 0.00941226
9 0.442969 0.0861111 0.0130208 0.0277778 0.00961629
9 0.758594 0.0736111 0.0109375 0.0416667 0.0104875
9 0.207292 0.0666667 0.0208333 0.0444444 0.010943
9 0.220313 0.0884259 0.0104167 0.0138889 0.0117328
0 0.757812 0.0902778 0.0125 0.0731481 0.01224
2 0.785417 0.0898148 0.0135417 0.0222222 0.0124365
2 0.270833 0.108333 0.0135417 0.0407407 0.0136752
2 0.635156 0.145833 0.0109375 0.0546296 0.0223532
13 0.0143229 0.399074 0.0286458 0.112963 0.024639
2 0.238802 0.140741 0.0192708 0.0407407 0.0250788
1 0.0140625 0.396296 0.028125 0.116667 0.0252976
2 0.53125 0.113426 0.0145833 0.0435185 0.0274069
9 0.269271 0.0351852 0.021875 0.0666667 0.0411424
9 0.567448 0.0486111 0.0078125 0.025 0.0620957
2 0.592969 0.127315 0.0171875 0.0231481 0.070555
2 0.296615 0.106944 0.0338542 0.0824074 0.106452
2 0.463281 0.116667 0.0161458 0.0444444 0.138358
7 0.297917 0.107407 0.0364583 0.0814815 0.144865
9 0.352083 0.050463 0.009375 0.0268519 0.166654
2 0.48099 0.0967593 0.0255208 0.0194444 0.193879
2 0.322396 0.0875 0.0385417 0.0361111 0.225767
2 0.627604 0.120833 0.025 0.0509259 0.299046
2 0.47526 0.113889 0.0390625 0.0518519 0.40135
2 0.509635 0.103704 0.0359375 0.062963 0.607311
2 0.31875 0.120833 0.05 0.0712963 0.66703
11 0.729167 0.0435185 0.0270833 0.0574074 0.757551
10 0.203906 0.316204 0.0161458 0.0712963 0.762816
2 0.491406 0.152315 0.0640625 0.0953704 0.851016
2 0.729948 0.419907 0.122396 0.169444 0.915462
