9 0.990365 0.504167 0.0182292 0.15463 0.00105216
2 0.0427083 0.158333 0.084375 0.0907407 0.00107479
9 0.263281 0.0925926 0.00885417 0.0462963 0.00107875
2 0.792448 0.0791667 0.0296875 0.0287037 0.00110533
12 0.701823 0.138889 0.0223958 0.087037 0.0011117
2 0.774219 0.12037 0.0182292 0.0388889 0.00111515
9 0.269792 0.062963 0.0197917 0.0666667 0.00113062
0 0.263542 0.107407 0.00833333 0.0425926 0.00118212
0 0.0807292 0.172685 0.00833333 0.0342593 0.00123259
9 0.115104 0.0240741 0.0135417 0.0388889 0.00124179
9 0.259115 0.0763889 0.0130208 0.0509259 0.00124247
12 0.976042 0.496296 0.04375 0.124074 0.00125986
2 0.217708 0.131019 0.0604167 0.0601852 0.00128865
2 0.57526 0.125926 0.0515625 0.0333333 0.0012957
2 0.605208 0.425463 0.60625 0.175 0.00140176
9 0.254167 0.087037 0.0145833 0.037037 0.00148131
13 0.961458 0.554167 0.0385417 0.0416667 0.00150005
12 0.692187 0.162963 0.00833333 0.0407407 0.00154387
2 0.363542 0.0680556 0.0114583 0.0212963 0.00156761
11 0.236719 0.0680556 0.0171875 0.0435185 0.00181705
2 0.436198 0.111111 0.254687 0.0666667 0.00196905
13 0.986458 0.518519 0.0260417 0.177778 0.00197887
7 0.794792 0.0643518 0.0375 0.0583333 0.00198241
13 0.970312 0.568981 0.0572917 0.0842593 0.00204597
2 0.814323 0.074537 0.0161458 0.0175926 0.00207116
2 0.296615 0.10787 0.0942708 0.0861111 0.00224473
2 0.00416667 0.41713 0.00833333 0.0675926 0.00225197
9 0.29401 0.0555556 0.00885417 0.037037 0.00236921
9 0.994271 0.490278 0.0104167 0.119444 0.00259545
9 0.292448 0.0689815 0.00989583 0.0175926 0.00291
1 0.0046875 0.386111 0.009375 0.103704 0.00299281
7 0.145573 0.0916667 0.0703125 0.0814815 0.00321417
2 0.817448 0.0685185 0.0109375 0.0111111 0.00327571
0 0.710156 0.373611 0.0203125 0.0268519 0.00380881
12 0.994792 0.491204 0.009375 0.125 0.00402846
7 0.220052 0.0662037 0.0505208 0.0657407 0.0041466
1 0.00963542 0.39213 0.0192708 0.123148 0.00436644
9 0.36224 0.0699074 0.00885417 0.0231481 0.00444804
58 0.968229 0.494444 0.0302083 0.0907407 0.00454158
0 0.75625 0.0893519 0.0135417 0.0787037 0.0049756
9 0.206771 0.0671296 0.01875 0.0453704 0.00524935
2 0.784375 0.0902778 0.0135417 0.0194444 0.00650314
9 0.220573 0.087963 0.00989583 0.0148148 0.00668994
1 0.0119792 0.366204 0.0239583 0.0601852 0.00672993
1 0.0583333 0.168519 0.0541667 0.0685185 0.00693119
5 0.220313 0.075463 0.0520833 0.075 0.00713176
9 0.219531 0.0541667 0.0203125 0.0453704 0.00824406
2 0.238542 0.14213 0.0177083 0.0398148 0.00946662
9 0.442448 0.0884259 0.0140625 0.0268519 0.0101081
2 0.371094 0.113889 0.0713542 0.0574074 0.0102543
2 0.442969 0.0865741 0.0151042 0.025 0.0107996
9 0.269271 0.0310185 0.0208333 0.0564815 0.0122347
9 0.222396 0.0634259 0.0125 0.0453704 0.0135581
11 0.60625 0.0597222 0.0104167 0.0231481 0.0143463
2 0.270573 0.110185 0.0130208 0.037037 0.0153743
2 0.592708 0.125 0.0177083 0.0240741 0.0177536
0 0.634896 0.145833 0.0104167 0.0509259 0.0211187
9 0.567448 0.0481481 0.0078125 0.0240741 0.022296
2 0.289583 0.117593 0.021875 0.0666667 0.0387457
7 0.297656 0.10787 0.0380208 0.0842593 0.0539226
2 0.442969 0.111574 0.0182292 0.0268519 0.133562
2 0.627604 0.121759 0.025 0.0509259 0.188355
2 0.322396 0.0865741 0.0375 0.0361111 0.252881
2 0.392708 0.111111 0.0416667 0.0388889 0.43472
2 0.472917 0.113889 0.046875 0.0777778 0.438387
7 0.473177 0.113426 0.0484375 0.0787037 0.448405
2 0.509115 0.104167 0.0359375 0.062037 0.466489
10 0.203906 0.315278 0.0161458 0.0712963 0.703911
2 0.31901 0.121759 0.0505208 0.0675926 0.707557
11 0.729167 0.0425926 0.0270833 0.0555556 0.773077
2 0.371615 0.231944 0.0890625 0.137963 0.879447
2 0.729688 0.42037 0.122917 0.17037 0.910093
