0 0.36224 0.0560185 0.0140625 0.0361111 0.00100548
0 0.26276 0.0907407 0.0078125 0.0425926 0.00102073
9 0.441146 0.225926 0.0125 0.0351852 0.001039
32 0.454427 0.315278 0.0078125 0.0157407 0.00104783
0 0.756771 0.126852 0.0114583 0.037037 0.00106974
9 0.5 0.603241 0.0145833 0.037963 0.00108921
2 0.21849 0.135648 0.0588542 0.0546296 0.0010921
1 0.810417 0.330093 0.0177083 0.0805556 0.00111221
2 0.657552 0.140278 0.0744792 0.0805556 0.00113547
2 0.536458 0.1125 0.0125 0.0453704 0.0011526
0 0.0867188 0.737037 0.173438 0.309259 0.00115296
2 0.00416667 0.475926 0.00833333 0.183333 0.00118965
2 0.0315104 0.105093 0.0515625 0.0527778 0.00119638
7 0.276563 0.0481481 0.0364583 0.087037 0.0012033
12 0.701823 0.123611 0.0223958 0.0527778 0.00121743
0 0.229687 0.82963 0.327083 0.22963 0.00123943
9 0.263542 0.0291667 0.0125 0.0435185 0.0013448
2 0.240885 0.107407 0.0171875 0.037037 0.00135737
0 0.113021 0.668056 0.046875 0.0953704 0.00140379
13 0.961198 0.556019 0.0380208 0.0435185 0.00162112
2 0.559896 0.423148 0.548958 0.181481 0.00162204
12 0.995313 0.525463 0.00833333 0.075 0.00163594
0 0.846615 0.240278 0.00885417 0.0324074 0.00166842
2 0.816667 0.233333 0.0104167 0.0444444 0.00167601
0 0.164583 0.669444 0.329167 0.511111 0.00172245
0 0.756771 0.0740741 0.0125 0.0407407 0.00172283
9 0.269792 0.0523148 0.0197917 0.0361111 0.00178505
2 0.994531 0.519444 0.00989583 0.172222 0.0018223
12 0.701563 0.164352 0.0239583 0.037963 0.00186043
11 0.220833 0.0657407 0.0510417 0.0611111 0.00187041
2 0.269271 0.0601852 0.01875 0.0333333 0.00192401
58 0.968229 0.49537 0.0302083 0.0851852 0.00196785
2 0.3 0.107407 0.075 0.0888889 0.00198904
2 0.442708 0.0865741 0.0135417 0.0268519 0.00207929
9 0.429427 0.0402778 0.0078125 0.0212963 0.00215392
2 0.0122396 0.397685 0.0244792 0.112037 0.00222644
0 0.715885 0.370833 0.0234375 0.0287037 0.00225133
2 0.448177 0.109722 0.0286458 0.037963 0.00230771
9 0.572396 0.0310185 0.0145833 0.0583333 0.00233834
2 0.404427 0.110648 0.264062 0.075 0.00240886
7 0.970573 0.519444 0.0578125 0.185185 0.00248723
12 0.361458 0.0615741 0.0114583 0.0305556 0.0025222
1 0.0229167 0.394907 0.0458333 0.115741 0.00252962
0 0.995573 0.329167 0.0078125 0.0564815 0.00262355
0 0.263281 0.106481 0.00885417 0.0462963 0.00267793
7 0.99401 0.518056 0.0109375 0.171296 0.00269887
0 0.00651042 0.552778 0.0130208 0.0481481 0.00292036
2 0.646615 0.145833 0.0348958 0.0601852 0.0031599
9 0.207552 0.0689815 0.0192708 0.0398148 0.0031707
2 0.564844 0.110185 0.222396 0.0648148 0.00330577
0 0.75625 0.0944444 0.015625 0.0796296 0.00360028
7 0.78776 0.0648148 0.0244792 0.062963 0.00368845
9 0.489062 0.980093 0.015625 0.0398148 0.00369576
2 0.83099 0.235185 0.0390625 0.05 0.00385774
9 0.219271 0.0532407 0.0208333 0.0435185 0.00402737
9 0.269271 0.0189815 0.0197917 0.0305556 0.00420713
9 0.36224 0.0611111 0.0109375 0.0388889 0.00482057
11 0.236719 0.0694444 0.0171875 0.0462963 0.00545694
10 0.442448 0.0865741 0.0130208 0.0268519 0.00642072
5 0.220573 0.0657407 0.0494792 0.0611111 0.00707985
12 0.994531 0.501852 0.00989583 0.144444 0.00743889
2 0.60599 0.0606481 0.0109375 0.0231481 0.00774746
2 0.814844 0.075 0.0171875 0.0185185 0.00777624
12 0.692448 0.164815 0.00885417 0.0388889 0.00864314
2 0.00520833 0.555093 0.0104167 0.0435185 0.00910531
1 0.12474 0.781944 0.0213542 0.112037 0.0102414
2 0.238281 0.141667 0.0182292 0.0407407 0.011627
7 0.220052 0.0652778 0.0505208 0.0657407 0.0130309
2 0.00390625 0.421296 0.0078125 0.0611111 0.0134622
2 0.271875 0.109259 0.0145833 0.0407407 0.0160046
0 0.635417 0.147222 0.0104167 0.0518519 0.016264
2 0.592188 0.124537 0.0166667 0.0268519 0.0181706
1 0.101302 0.789352 0.0276042 0.139815 0.0186306
1 0.0117188 0.36713 0.0234375 0.0509259 0.0187003
1 0.00390625 0.417593 0.0078125 0.0685185 0.0226736
2 0.786198 0.0893519 0.0151042 0.0212963 0.0256407
9 0.567448 0.0486111 0.0078125 0.0231481 0.034095
2 0.634896 0.143519 0.0114583 0.0518519 0.0347442
2 0.488281 0.107407 0.0140625 0.05 0.03577
9 0.502083 0.760648 0.0125 0.0527778 0.0390692
24 0.113021 0.684722 0.0354167 0.0731481 0.0492281
1 0.0104167 0.395833 0.0208333 0.112037 0.0571945
2 0.46276 0.111574 0.0140625 0.0416667 0.146916
2 0.294271 0.106944 0.0302083 0.0805556 0.170962
2 0.472135 0.109722 0.0317708 0.0453704 0.306399
2 0.322396 0.0875 0.0364583 0.037963 0.386511
2 0.627344 0.122222 0.0255208 0.05 0.464444
1 0.111979 0.810648 0.0447917 0.171296 0.617572
2 0.505729 0.104167 0.0427083 0.062037 0.709761
10 0.204167 0.315741 0.015625 0.0722222 0.720417
2 0.318229 0.122685 0.0510417 0.0694444 0.773378
11 0.728906 0.0430556 0.0265625 0.0564815 0.806319
0 0.1125 0.737963 0.0489583 0.240741 0.841077
2 0.729948 0.419907 0.122396 0.171296 0.901482
