9 0.274479 0.0453704 0.0364583 0.087037 0.00105306
0 0.71849 0.975 0.0276042 0.0481481 0.00105429
9 0.261719 0.0240741 0.0140625 0.0407407 0.00108361
0 0.676042 0.971759 0.0947917 0.0546296 0.0011031
9 0.263021 0.0912037 0.00833333 0.0435185 0.00114262
11 0.756771 0.074537 0.0114583 0.0398148 0.00116072
2 0.960938 0.554167 0.0385417 0.0416667 0.001171
0 0.0742188 0.778241 0.124479 0.208333 0.00120914
2 0.809896 0.0800926 0.0260417 0.0287037 0.00126051
2 0.972396 0.517593 0.0541667 0.177778 0.00127645
2 0.816667 0.233333 0.0104167 0.0462963 0.00133294
0 0.0570313 0.806944 0.0661458 0.141667 0.00142755
0 0.846875 0.240741 0.009375 0.0333333 0.00148881
2 0.240885 0.106481 0.0182292 0.0351852 0.00150794
1 0.0932292 0.787037 0.0322917 0.0648148 0.00150987
7 0.990885 0.518981 0.0171875 0.178704 0.00151085
13 0.961198 0.556019 0.0380208 0.0453704 0.00153278
58 0.96849 0.495833 0.0307292 0.0898148 0.0015693
11 0.220833 0.0657407 0.0510417 0.0611111 0.00172703
0 0.75599 0.0935185 0.0140625 0.0777778 0.00174857
12 0.702344 0.130556 0.0234375 0.0666667 0.00177303
9 0.429167 0.0412037 0.00833333 0.0194444 0.00183925
9 0.572396 0.0310185 0.0145833 0.0583333 0.00196909
0 0.102865 0.69537 0.0505208 0.109259 0.00200494
12 0.363281 0.062037 0.0119792 0.0333333 0.00211278
0 0.716927 0.371296 0.0234375 0.0277778 0.00218387
2 0.407813 0.110648 0.269792 0.0768519 0.0022239
2 0.646875 0.146759 0.034375 0.0601852 0.0023117
2 0.83125 0.235648 0.0395833 0.0509259 0.00235755
9 0.5 0.603241 0.0145833 0.037963 0.00241801
0 0.197656 0.756019 0.371354 0.350926 0.0024726
2 0.442708 0.0865741 0.0135417 0.0268519 0.00259849
12 0.702344 0.165278 0.0223958 0.037963 0.00274378
0 0.263281 0.105556 0.00885417 0.0481481 0.00281533
7 0.78776 0.062963 0.0244792 0.0611111 0.00289735
2 0.558073 0.109722 0.193229 0.062037 0.00307441
0 0.995573 0.328241 0.0078125 0.0546296 0.0032667
9 0.208333 0.0680556 0.0208333 0.0453704 0.00333425
2 0.99401 0.517593 0.0109375 0.172222 0.00342053
2 0.447656 0.111111 0.0276042 0.0351852 0.00359896
2 0.53125 0.1 0.0177083 0.0592593 0.00381898
9 0.269792 0.0513889 0.0197917 0.0361111 0.0045119
11 0.236979 0.0703704 0.0166667 0.0462963 0.00453004
2 0.00494792 0.555093 0.00989583 0.0416667 0.00472065
2 0.479688 0.109722 0.0572917 0.0583333 0.00475975
7 0.970573 0.521759 0.0578125 0.191667 0.00537277
9 0.36224 0.0611111 0.0109375 0.0388889 0.0061307
9 0.219792 0.0532407 0.0197917 0.0435185 0.00649033
1 0.0854167 0.819907 0.0166667 0.112037 0.00659642
2 0.814323 0.074537 0.0182292 0.0194444 0.00660605
9 0.26901 0.0199074 0.0203125 0.0324074 0.00750556
12 0.994531 0.506019 0.00989583 0.15463 0.0079242
11 0.60599 0.0601852 0.0109375 0.0240741 0.00831526
9 0.442448 0.087037 0.0130208 0.0259259 0.00835538
12 0.692969 0.164352 0.0078125 0.037963 0.00869981
5 0.220573 0.0652778 0.0494792 0.0601852 0.00904555
9 0.489062 0.980093 0.0166667 0.0398148 0.00951401
2 0.238281 0.141667 0.0182292 0.0407407 0.0105518
2 0.592448 0.124537 0.0171875 0.0268519 0.0106528
7 0.220313 0.0652778 0.05 0.0638889 0.0139829
2 0.00364583 0.423148 0.00729167 0.0574074 0.0141656
1 0.00364583 0.420833 0.00729167 0.062037 0.014323
2 0.271875 0.108796 0.0145833 0.0416667 0.0160526
0 0.635417 0.147222 0.009375 0.0518519 0.0169665
2 0.785417 0.0893519 0.0135417 0.0212963 0.0175309
1 0.0135417 0.365278 0.0270833 0.0509259 0.020733
24 0.102083 0.708333 0.0395833 0.0833333 0.0217225
2 0.490885 0.107407 0.0182292 0.05 0.022781
1 0.00963542 0.393981 0.0192708 0.115741 0.0236898
2 0.634896 0.143519 0.0114583 0.0518519 0.0238536
9 0.567448 0.0486111 0.0078125 0.0231481 0.0257363
9 0.501823 0.760648 0.0130208 0.0527778 0.116833
2 0.298698 0.107407 0.0380208 0.0814815 0.129
2 0.46224 0.1125 0.0130208 0.037963 0.129803
2 0.472135 0.109722 0.0317708 0.0435185 0.279306
2 0.530208 0.0810185 0.0177083 0.025 0.295383
2 0.322656 0.0888889 0.0369792 0.0388889 0.324491
2 0.627344 0.122222 0.0255208 0.0518519 0.432199
1 0.101042 0.841204 0.04375 0.163889 0.693138
2 0.505729 0.103704 0.0427083 0.062963 0.694967
10 0.204167 0.316204 0.015625 0.0712963 0.718549
2 0.31849 0.121759 0.0505208 0.0694444 0.7614
11 0.729167 0.0435185 0.0270833 0.0574074 0.814718
0 0.102344 0.757407 0.0526042 0.237037 0.839508
2 0.680208 0.944444 0.210417 0.111111 0.871767
2 0.729688 0.419907 0.122917 0.171296 0.901229
