2 0.00520833 0.0634259 0.0104167 0.121296 0.00100084
0 0.733073 0.372222 0.0276042 0.0296296 0.0010277
7 0.7875 0.0652778 0.021875 0.062037 0.00103619
2 0.771615 0.111111 0.0140625 0.0259259 0.00103896
2 0.239063 0.1 0.01875 0.0444444 0.00106576
12 0.977083 0.498148 0.0427083 0.131481 0.00107703
9 0.457812 0.0648148 0.00833333 0.0296296 0.00110773
7 0.473177 0.101389 0.0401042 0.062037 0.0011117
9 0.548177 0.0527778 0.0109375 0.0240741 0.00112212
2 0.263542 0.1 0.009375 0.0574074 0.00123473
12 0.689323 0.165278 0.0130208 0.037963 0.00124095
12 0.702083 0.163889 0.0229167 0.037037 0.00125965
2 0.216146 0.0986111 0.04375 0.0490741 0.0012739
7 0.21901 0.0856481 0.0567708 0.123148 0.00130183
0 0.757552 0.374074 0.0203125 0.0314815 0.00130795
13 0.0127604 0.394444 0.0255208 0.114815 0.00133684
2 0.21849 0.1375 0.0588542 0.0490741 0.00134007
9 0.995313 0.521759 0.00833333 0.0490741 0.00135183
2 0.653385 0.138426 0.0786458 0.0805556 0.00138876
9 0.5 0.602315 0.0145833 0.0398148 0.00143428
2 0.203906 0.103704 0.0296875 0.0462963 0.00148524
11 0.222396 0.0736111 0.0458333 0.0583333 0.00151226
2 0.793229 0.0875 0.034375 0.0305556 0.00153293
58 0.96849 0.496759 0.0296875 0.0898148 0.00153609
13 0.970833 0.525463 0.0572917 0.191667 0.00156415
2 0.34375 0.0777778 0.0166667 0.0296296 0.0015811
1 0.0125 0.393981 0.025 0.115741 0.00163546
2 0.399219 0.109722 0.254687 0.0787037 0.0016466
2 0.00520833 0.0925926 0.0104167 0.0518519 0.00181393
2 0.778646 0.103241 0.028125 0.0453704 0.00186234
2 0.811198 0.0763889 0.0192708 0.0194444 0.00189251
10 0.195573 0.295833 0.0338542 0.113889 0.0019178
7 0.29349 0.103241 0.0713542 0.0953704 0.00196019
1 0.811198 0.333333 0.0171875 0.0796296 0.00196573
7 0.370833 0.0587963 0.0302083 0.0712963 0.00201396
7 0.977344 0.525463 0.0442708 0.199074 0.00204088
2 0.503385 0.102315 0.0401042 0.062037 0.00216184
13 0.985937 0.520833 0.0270833 0.178704 0.00225633
0 0.263021 0.0907407 0.00833333 0.0462963 0.00226114
9 0.214844 0.0652778 0.0390625 0.0583333 0.0024312
13 0.961979 0.555093 0.0395833 0.0435185 0.00247428
2 0.575781 0.109722 0.232812 0.0675926 0.00249622
2 0.53125 0.112963 0.0135417 0.0425926 0.00259341
0 0.710156 0.375 0.0203125 0.0259259 0.00278575
2 0.286719 0.0740741 0.0203125 0.0351852 0.00279171
2 0.442708 0.0861111 0.0135417 0.0259259 0.00283343
12 0.69349 0.163426 0.00677083 0.037963 0.0030547
11 0.240365 0.0347222 0.0223958 0.0675926 0.0030677
9 0.99401 0.491204 0.0109375 0.119444 0.0036486
9 0.208073 0.0671296 0.0203125 0.0435185 0.00451174
2 0.480729 0.108796 0.05 0.0583333 0.00452281
9 0.291146 0.0699074 0.0114583 0.0194444 0.00452698
2 0.650521 0.15 0.0395833 0.0574074 0.00454955
9 0.583854 0.0342593 0.0135417 0.0555556 0.00511753
0 0.756771 0.0736111 0.0125 0.0435185 0.0052798
7 0.276302 0.0611111 0.0380208 0.116667 0.00548351
2 0.00442708 0.403241 0.00885417 0.0972222 0.00563652
9 0.502344 0.759259 0.0130208 0.0555556 0.00569704
7 0.215104 0.062963 0.040625 0.0685185 0.00575452
12 0.994271 0.492593 0.0104167 0.125926 0.00607288
9 0.573438 0.0314815 0.0145833 0.0592593 0.00622286
0 0.282552 0.0916667 0.00885417 0.0388889 0.006431
0 0.75599 0.0925926 0.0151042 0.0796296 0.0065739
0 0.286719 0.111111 0.0161458 0.0759259 0.00695069
1 0.0046875 0.397222 0.009375 0.109259 0.00697215
9 0.269792 0.05 0.0197917 0.037037 0.00719032
9 0.292448 0.0569444 0.00885417 0.037963 0.00723025
2 0.60625 0.0601852 0.0104167 0.0240741 0.00762595
9 0.442448 0.0861111 0.0130208 0.0259259 0.00820317
2 0.592448 0.126389 0.0171875 0.0231481 0.0092648
9 0.221094 0.0884259 0.0119792 0.0157407 0.0109859
2 0.271354 0.106019 0.0145833 0.0453704 0.0118334
2 0.238281 0.141667 0.0182292 0.0388889 0.0124552
11 0.23724 0.0680556 0.0161458 0.0435185 0.01482
2 0.635156 0.147222 0.0109375 0.0518519 0.0187005
9 0.26901 0.0240741 0.0213542 0.0425926 0.0198413
0 0.635417 0.149537 0.009375 0.0490741 0.0198679
9 0.222135 0.0652778 0.0130208 0.0509259 0.023053
2 0.785937 0.0893519 0.0145833 0.025 0.0296213
1 0.816927 0.222222 0.0119792 0.0555556 0.0393207
2 0.4875 0.108333 0.0145833 0.0481481 0.0406485
2 0.0046875 0.556944 0.009375 0.0398148 0.0410914
9 0.567448 0.0481481 0.0078125 0.0240741 0.0426784
2 0.299219 0.104167 0.0401042 0.0787037 0.0440415
2 0.313542 0.099537 0.0479167 0.0657407 0.0760065
2 0.48099 0.109259 0.0203125 0.0444444 0.207394
2 0.466667 0.110185 0.0208333 0.0425926 0.209086
2 0.321354 0.0851852 0.0385417 0.0333333 0.268312
2 0.371094 0.0689815 0.0307292 0.0472222 0.329979
7 0.50625 0.102778 0.0416667 0.0648148 0.510156
2 0.627344 0.121759 0.0255208 0.0509259 0.520805
0 0.816146 0.177315 0.0145833 0.0842593 0.710907
2 0.31849 0.121759 0.0515625 0.0694444 0.754599
10 0.203906 0.315741 0.0171875 0.0722222 0.774748
11 0.728906 0.0430556 0.0265625 0.0564815 0.794305
2 0.729948 0.419907 0.122396 0.171296 0.895929
