0 0.730729 0.372222 0.0270833 0.0277778 0.0010097
58 0.920833 0.184722 0.158333 0.362037 0.00117117
2 0.238542 0.141204 0.0197917 0.0416667 0.00129854
11 0.239583 0.0351852 0.0208333 0.0666667 0.0013039
2 0.593229 0.122222 0.0177083 0.0296296 0.00132832
11 0.227865 0.0708333 0.0359375 0.0509259 0.0013372
9 0.360417 0.0652778 0.009375 0.0212963 0.00135581
2 0.551823 0.116667 0.192188 0.0851852 0.00136831
12 0.702083 0.134259 0.021875 0.0777778 0.00142354
0 0.75599 0.373148 0.0234375 0.0351852 0.00150354
9 0.270833 0.0393519 0.0270833 0.0768519 0.00153712
10 0.196615 0.293519 0.0307292 0.112963 0.00153811
2 0.27474 0.114352 0.0234375 0.0509259 0.00178148
2 0.295573 0.109259 0.0765625 0.0907407 0.00189885
12 0.691927 0.163426 0.00885417 0.0398148 0.00190452
9 0.573698 0.0300926 0.0151042 0.0583333 0.00192106
2 0.25599 0.0865741 0.0203125 0.0361111 0.0019416
9 0.548177 0.0537037 0.0109375 0.0240741 0.00213727
2 0.816667 0.0689815 0.0135417 0.0138889 0.00217636
2 0.814323 0.074537 0.0171875 0.0194444 0.00225062
9 0.291667 0.0513889 0.00833333 0.0416667 0.00236448
13 0.964583 0.551852 0.0447917 0.0518519 0.0023905
2 0.291927 0.0708333 0.0130208 0.0138889 0.00248309
0 0.264062 0.100926 0.00833333 0.0555556 0.0025166
10 0.0109375 0.368056 0.021875 0.136111 0.00263213
7 0.970312 0.528704 0.0583333 0.207407 0.0031325
9 0.270052 0.05 0.0192708 0.0351852 0.00330092
12 0.701563 0.164815 0.01875 0.0388889 0.00333488
9 0.236979 0.0680556 0.015625 0.0435185 0.00339487
12 0.99375 0.50463 0.0114583 0.151852 0.00352717
13 0.99349 0.519444 0.0119792 0.175926 0.00364126
0 0.716146 0.372685 0.025 0.025 0.00375087
32 0.460156 0.356481 0.0109375 0.0148148 0.00390957
9 0.991146 0.517593 0.0166667 0.177778 0.00397497
2 0.53125 0.1125 0.0135417 0.0435185 0.00398313
58 0.968229 0.494907 0.0302083 0.0861111 0.00461441
13 0.986458 0.521759 0.0260417 0.182407 0.00557432
9 0.214583 0.0694444 0.0385417 0.0444444 0.00620597
0 0.00911458 0.381481 0.0182292 0.140741 0.00663224
9 0.49974 0.602315 0.0140625 0.0416667 0.00687726
9 0.26901 0.0199074 0.0213542 0.0361111 0.00726713
2 0.442448 0.0861111 0.0140625 0.0240741 0.0078722
2 0.269531 0.110648 0.0119792 0.037963 0.00801696
7 0.786979 0.0634259 0.0229167 0.062037 0.00826897
13 0.970573 0.531018 0.0578125 0.193519 0.00879926
9 0.20651 0.0712963 0.0192708 0.037037 0.00962002
1 0.0078125 0.381944 0.015625 0.139815 0.0101126
11 0.23724 0.0680556 0.0161458 0.0416667 0.0106299
9 0.263281 0.0888889 0.0078125 0.0388889 0.0119344
2 0.46224 0.122222 0.0213542 0.0333333 0.0119471
0 0.635156 0.147222 0.00989583 0.0518519 0.0120172
13 0.0135417 0.384722 0.0270833 0.136111 0.0126671
9 0.219271 0.0888889 0.00833333 0.012963 0.0161499
2 0.786198 0.0875 0.0161458 0.025 0.0173382
32 0.454427 0.314815 0.0078125 0.0148148 0.0173775
9 0.566927 0.0476852 0.0078125 0.0231481 0.019719
2 0.634896 0.142593 0.0114583 0.05 0.0208121
0 0.75651 0.087963 0.0140625 0.0777778 0.0309641
2 0.485156 0.113889 0.0432292 0.0333333 0.0352002
9 0.442448 0.0865741 0.0130208 0.025 0.0353717
9 0.502083 0.759722 0.0125 0.0546296 0.0374303
2 0.60599 0.0597222 0.00989583 0.0268519 0.0378997
13 0.00442708 0.38287 0.00885417 0.134259 0.0419685
7 0.296094 0.106481 0.0328125 0.0833333 0.0463384
2 0.290365 0.113426 0.0223958 0.0712963 0.047566
9 0.222396 0.0583333 0.0125 0.0351852 0.0892985
10 0.00416667 0.382407 0.00833333 0.133333 0.0902265
2 0.480208 0.0953704 0.021875 0.0185185 0.0961204
2 0.446875 0.123611 0.0260417 0.0324074 0.110387
2 0.321615 0.0842593 0.0359375 0.0333333 0.253317
2 0.627083 0.12037 0.0260417 0.0518519 0.316
2 0.508854 0.103704 0.0364583 0.0648148 0.577477
2 0.317969 0.121759 0.0505208 0.0694444 0.696631
10 0.204167 0.314815 0.015625 0.0703704 0.742628
11 0.728646 0.0421296 0.0270833 0.0527778 0.780864
7 0.484375 0.156019 0.0666667 0.112037 0.81039
2 0.729427 0.42037 0.123438 0.17037 0.897528
