9 0.548177 0.0509259 0.0119792 0.0259259 0.00100027
2 0.0177083 0.0717593 0.015625 0.0268519 0.00100929
9 0.441146 0.224537 0.009375 0.0157407 0.00113798
2 0.79375 0.0856481 0.03125 0.0305556 0.00117804
2 0.970312 0.506019 0.0552083 0.15463 0.00122327
2 0.530469 0.111574 0.0130208 0.0435185 0.0012734
2 0.53724 0.110648 0.00989583 0.0472222 0.00127687
2 0.025 0.363426 0.05 0.0509259 0.0013247
12 0.69349 0.1625 0.00677083 0.0398148 0.00144371
9 0.275521 0.0393519 0.0375 0.0768519 0.00150205
7 0.788802 0.0657407 0.0255208 0.062963 0.00155356
2 0.580208 0.421759 0.597917 0.180556 0.00160179
2 0.555208 0.111574 0.191667 0.0842593 0.00162068
2 0.779688 0.104167 0.0291667 0.0546296 0.00164235
11 0.220573 0.0662037 0.0515625 0.0601852 0.00165031
9 0.995313 0.531018 0.00833333 0.0472222 0.00171987
1 0.0140625 0.361574 0.028125 0.0787037 0.00175485
9 0.259115 0.0722222 0.0140625 0.05 0.00176383
9 0.561719 0.0509259 0.0203125 0.0259259 0.00178486
1 0.00572917 0.360648 0.0114583 0.0824074 0.00187891
9 0.416406 0.0134259 0.0171875 0.0268519 0.00188227
12 0.702344 0.136574 0.0234375 0.0805556 0.00190524
7 0.275781 0.0412037 0.0328125 0.0694444 0.00191745
9 0.559635 0.0287037 0.0203125 0.0481481 0.00196974
9 0.588281 0.0384259 0.0161458 0.0472222 0.00201106
2 0.416667 0.0148148 0.0177083 0.0296296 0.00212007
7 0.98776 0.524074 0.0234375 0.192593 0.00216102
9 0.207292 0.0675926 0.0197917 0.0407407 0.00225064
9 0.176563 0.510648 0.0375 0.0416667 0.00240009
0 0.2625 0.103704 0.009375 0.0518519 0.00246128
12 0.702344 0.164352 0.0213542 0.037963 0.00249187
9 0.50026 0.60463 0.0151042 0.0425926 0.00251205
9 0.252604 0.0875 0.0135417 0.0342593 0.00253569
0 0.714323 0.370833 0.0244792 0.0287037 0.00268129
2 0.296875 0.103241 0.0729167 0.0935185 0.0027443
9 0.21849 0.0541667 0.0234375 0.0490741 0.00275045
2 0.239583 0.106944 0.0166667 0.037963 0.00278378
2 0.50651 0.103241 0.0963542 0.0638889 0.00286178
2 0.961979 0.553241 0.0385417 0.0398148 0.00287144
9 0.846094 0.176852 0.00677083 0.0277778 0.00297956
9 0.43776 0.201389 0.00885417 0.0361111 0.00311667
2 0.00546875 0.0921296 0.0109375 0.0435185 0.00319513
11 0.236979 0.0685185 0.0166667 0.0425926 0.00327849
7 0.278646 0.075 0.034375 0.140741 0.00351901
2 0.408594 0.105556 0.253646 0.0925926 0.00377258
2 0.26875 0.0583333 0.0177083 0.0296296 0.00379041
12 0.989062 0.501852 0.0197917 0.135185 0.00380085
2 0.0046875 0.378704 0.009375 0.0518519 0.00425978
2 0.238542 0.140741 0.01875 0.0425926 0.00468008
2 0.0106771 0.369444 0.0213542 0.0666667 0.00548365
1 0.00416667 0.405556 0.00833333 0.0907407 0.00617549
2 0.0536458 0.0675926 0.05 0.0314815 0.00648157
9 0.581771 0.0356481 0.0125 0.0527778 0.00654087
2 0.034375 0.0671296 0.0208333 0.0231481 0.0065717
2 0.442448 0.087963 0.0140625 0.0314815 0.00679149
0 0.442187 0.0958333 0.0166667 0.0490741 0.00693946
13 0.00442708 0.400463 0.00885417 0.100926 0.0075818
9 0.269531 0.0199074 0.0213542 0.0361111 0.00762208
0 0.75599 0.0875 0.0140625 0.0657407 0.00769444
5 0.220573 0.0648148 0.0494792 0.0574074 0.0088711
12 0.994531 0.499537 0.00989583 0.137963 0.00953066
9 0.502344 0.759259 0.0130208 0.0555556 0.0114782
13 0.0143229 0.394907 0.0286458 0.113889 0.0116754
11 0.60599 0.0601852 0.00989583 0.0240741 0.0120902
9 0.573698 0.0310185 0.0151042 0.0601852 0.0121326
0 0.635677 0.147685 0.00989583 0.0509259 0.0124029
1 0.0109375 0.394907 0.021875 0.117593 0.012749
2 0.635156 0.143981 0.0109375 0.0472222 0.0140537
2 0.271354 0.105556 0.0145833 0.0481481 0.0141969
2 0.592448 0.128241 0.0171875 0.0212963 0.0161156
2 0.785937 0.0888889 0.0145833 0.0240741 0.0203422
2 0.489323 0.109259 0.0140625 0.0462963 0.0232343
2 0.363802 0.0680556 0.0119792 0.0212963 0.0317133
7 0.220313 0.0657407 0.0510417 0.0685185 0.0359762
10 0.443229 0.0888889 0.0125 0.0314815 0.0474282
9 0.567187 0.0481481 0.00833333 0.0240741 0.0959492
2 0.475781 0.0731481 0.0390625 0.0388889 0.21903
2 0.471615 0.110185 0.0317708 0.0444444 0.225046
2 0.298438 0.106019 0.0375 0.0805556 0.236854
2 0.322135 0.0888889 0.0390625 0.037037 0.236916
7 0.475521 0.0712963 0.0395833 0.0425926 0.2389
2 0.627344 0.121759 0.0255208 0.0509259 0.4339
2 0.398698 0.0638889 0.0328125 0.0259259 0.464367
2 0.50651 0.103704 0.0411458 0.062963 0.575123
2 0.31849 0.120833 0.0505208 0.0712963 0.692318
10 0.204167 0.316667 0.0166667 0.0703704 0.736215
11 0.729427 0.0425926 0.0265625 0.0555556 0.785155
2 0.729688 0.419444 0.122917 0.172222 0.91664
