2 0.0104167 0.0777778 0.0208333 0.0444444 0.00101397
32 0.453646 0.313889 0.009375 0.012963 0.00101706
58 0.919271 0.183796 0.161458 0.363889 0.00102701
9 0.359896 0.0648148 0.009375 0.0185185 0.00104158
2 0.973698 0.519907 0.0515625 0.175 0.00105087
13 0.96224 0.554167 0.0401042 0.0398148 0.00105659
9 0.0578125 0.0226852 0.015625 0.0416667 0.00105976
0 0.75625 0.0712963 0.0104167 0.0351852 0.00107821
2 0.231771 0.101389 0.025 0.0416667 0.00109994
9 0.263281 0.0472222 0.0182292 0.0518519 0.00111793
12 0.976042 0.506019 0.0458333 0.14537 0.0012319
2 0.776042 0.105093 0.0239583 0.0361111 0.00124474
2 0.254948 0.087963 0.0192708 0.037037 0.00125403
2 0.258333 0.0990741 0.0260417 0.0611111 0.00128984
0 0.754687 0.0912037 0.0135417 0.0731481 0.00132342
2 0.330729 0.075 0.03125 0.0314815 0.00138537
12 0.702083 0.137963 0.0229167 0.087037 0.00142731
2 0.409896 0.105556 0.279167 0.0851852 0.00144471
2 0.00625 0.0884259 0.0125 0.0453704 0.00145422
9 0.241406 0.0893519 0.0130208 0.0361111 0.00145845
9 0.458333 0.0652778 0.00729167 0.0287037 0.00146249
1 0.00442708 0.39537 0.00885417 0.111111 0.00158969
9 0.108594 0.0282407 0.0119792 0.0361111 0.00160993
9 0.548177 0.0527778 0.0109375 0.0222222 0.00161425
2 0.276823 0.0638889 0.0296875 0.037037 0.00161776
0 0.728646 0.372222 0.0322917 0.0296296 0.00163597
11 0.702344 0.119907 0.0213542 0.0472222 0.00163713
11 0.240104 0.0361111 0.021875 0.0685185 0.00165181
2 0.641667 0.151389 0.0229167 0.062037 0.00165698
2 0.658594 0.135185 0.0828125 0.0833333 0.00167635
9 0.115365 0.0236111 0.0119792 0.0398148 0.0017437
7 0.788021 0.0662037 0.025 0.062037 0.00175806
1 0.0119792 0.367593 0.0239583 0.0555556 0.00197487
58 0.96901 0.494907 0.0317708 0.0935185 0.00209893
9 0.18724 0.0902778 0.0078125 0.0416667 0.00210626
9 0.582552 0.037037 0.0130208 0.05 0.00215119
2 0.563802 0.108333 0.232812 0.0703704 0.00216841
2 0.60625 0.0597222 0.0114583 0.025 0.00217286
2 0.464063 0.106944 0.101042 0.0657407 0.00220513
2 0.442448 0.0865741 0.0140625 0.025 0.0022606
2 0.363802 0.0662037 0.0109375 0.0194444 0.00228572
0 0.75625 0.374537 0.0208333 0.0324074 0.00230799
9 0.220313 0.0800926 0.0125 0.0342593 0.00243725
13 0.99349 0.518056 0.0119792 0.173148 0.0025363
9 0.99401 0.516667 0.0109375 0.174074 0.00273645
0 0.186979 0.10463 0.00729167 0.0481481 0.00282021
2 0.238542 0.138426 0.0197917 0.0435185 0.00308864
2 0.814583 0.0768519 0.0166667 0.0203704 0.00317924
2 0.266927 0.100926 0.0151042 0.0537037 0.00347464
7 0.992969 0.51713 0.0130208 0.171296 0.00350272
11 0.23724 0.0657407 0.0171875 0.0388889 0.00351075
9 0.26276 0.0893519 0.0078125 0.0398148 0.00356649
9 0.414844 0.0087963 0.0140625 0.0175926 0.00398494
2 0.592188 0.124537 0.0177083 0.025 0.00417632
9 0.440104 0.208796 0.0125 0.0527778 0.00445708
13 0.970573 0.522685 0.0578125 0.184259 0.00485397
0 0.28099 0.0898148 0.0078125 0.0333333 0.00536876
0 0.714323 0.372222 0.0244792 0.0259259 0.00538854
9 0.572656 0.0310185 0.0140625 0.0583333 0.00572244
7 0.970833 0.525463 0.0572917 0.200926 0.00630894
2 0.446354 0.116667 0.025 0.0222222 0.00640933
9 0.26901 0.050463 0.0192708 0.037963 0.00738352
12 0.994792 0.505556 0.009375 0.159259 0.00756134
5 0.213021 0.0625 0.0333333 0.0583333 0.00830112
9 0.217448 0.0560185 0.0234375 0.0453704 0.00837839
9 0.442187 0.0865741 0.0135417 0.025 0.00876326
9 0.502344 0.759722 0.0119792 0.0527778 0.0108343
9 0.26901 0.0185185 0.0213542 0.0333333 0.0128488
2 0.784896 0.0888889 0.0145833 0.0259259 0.0136972
2 0.315625 0.0717593 0.0375 0.037963 0.0174347
7 0.219792 0.0675926 0.0510417 0.0685185 0.0177935
5 0.220052 0.075463 0.0515625 0.0768519 0.0208941
2 0.292188 0.112963 0.0260417 0.0722222 0.020935
7 0.275781 0.0388889 0.0380208 0.0740741 0.0233011
2 0.634375 0.14537 0.0114583 0.0555556 0.0266127
2 0.297135 0.0597222 0.0151042 0.0305556 0.0271758
2 0.271615 0.109722 0.0151042 0.037963 0.0288401
2 0.489323 0.10787 0.0140625 0.0490741 0.0378902
9 0.566927 0.0476852 0.0078125 0.0231481 0.0451551
2 0.461979 0.113889 0.0125 0.0351852 0.105197
2 0.321354 0.0921296 0.0375 0.0268519 0.176719
2 0.46901 0.110185 0.0203125 0.0425926 0.188952
2 0.479427 0.109722 0.0203125 0.0435185 0.243583
2 0.317969 0.049537 0.0328125 0.037963 0.338896
2 0.505729 0.103704 0.0427083 0.062963 0.426524
7 0.505729 0.103704 0.0427083 0.062963 0.445621
2 0.626823 0.121759 0.0255208 0.0509259 0.588994
2 0.317969 0.120833 0.0515625 0.0712963 0.709695
10 0.203906 0.314815 0.0161458 0.0722222 0.770952
11 0.728646 0.0435185 0.0270833 0.0574074 0.809737
2 0.729427 0.419907 0.122396 0.169444 0.909058
