1 0.0486979 0.450463 0.0973958 0.110185 0.00100074
7 0.316927 0.0597222 0.0515625 0.0657407 0.00103975
1 0.0265625 0.359259 0.0520833 0.0425926 0.00106244
13 0.969792 0.570833 0.0583333 0.0824074 0.00109566
12 0.69349 0.162963 0.00677083 0.0388889 0.00113707
9 0.502083 0.759259 0.0125 0.0555556 0.00119459
7 0.43151 0.0972222 0.0432292 0.0666667 0.00121717
1 0.119792 0.452315 0.11875 0.0990741 0.00121881
0 0.75625 0.374074 0.021875 0.0351852 0.00124433
9 0.192448 0.0861111 0.0078125 0.0185185 0.0012833
0 0.361719 0.0689815 0.00885417 0.0268519 0.00128514
58 0.967708 0.511574 0.0520833 0.136111 0.00130531
2 0.658073 0.128704 0.0859375 0.062963 0.00131172
2 0.466667 0.482407 0.0479167 0.105556 0.00138177
2 0.988281 0.523611 0.0223958 0.171296 0.0013959
0 0.05625 0.0277778 0.0208333 0.0518519 0.00140937
2 0.277344 0.108796 0.0265625 0.0638889 0.00150966
32 0.441927 0.226389 0.0078125 0.0157407 0.00162004
2 0.2625 0.0990741 0.0104167 0.0574074 0.00162582
0 0.613021 0.403241 0.359375 0.191667 0.00164492
0 0.459375 0.0657407 0.0104167 0.0259259 0.00168338
2 0.777344 0.101389 0.0265625 0.0398148 0.00168615
9 0.186979 0.0842593 0.00833333 0.0296296 0.00174469
1 0.0981771 0.431944 0.0296875 0.0675926 0.0018773
7 0.3 0.0791667 0.05625 0.128704 0.00192037
0 0.186719 0.10787 0.0078125 0.0509259 0.00193369
2 0.59375 0.115741 0.015625 0.037037 0.00196434
2 0.510677 0.115741 0.274479 0.0796296 0.00197076
7 0.988542 0.517593 0.021875 0.17963 0.00198673
1 0.0046875 0.441204 0.009375 0.162037 0.00199051
0 0.281771 0.347222 0.489583 0.335185 0.00204684
1 0.479688 0.487037 0.015625 0.0537037 0.002107
2 0.263281 0.575 0.473437 0.325926 0.0021266
9 0.994792 0.524537 0.009375 0.075 0.00224248
0 0.73099 0.372222 0.0255208 0.0296296 0.00227699
2 0.452604 0.551852 0.828125 0.416667 0.00230899
9 0.415104 0.0087963 0.0145833 0.0175926 0.00239349
9 0.572656 0.0305556 0.0140625 0.0592593 0.00240774
11 0.236979 0.0680556 0.0166667 0.0435185 0.00263114
7 0.236458 0.0662037 0.0166667 0.0398148 0.00268038
2 0.786719 0.0828704 0.0171875 0.025 0.00277063
7 0.221875 0.0537037 0.0552083 0.0981481 0.00282209
0 0.26276 0.0907407 0.00885417 0.0444444 0.00282648
12 0.9875 0.519444 0.0239583 0.172222 0.00285773
7 0.970833 0.526852 0.0572917 0.203704 0.00313023
58 0.96849 0.492593 0.0317708 0.0907407 0.0031848
7 0.277344 0.0388889 0.0380208 0.0740741 0.00326396
7 0.788021 0.0615741 0.025 0.0601852 0.00329557
0 0.370573 0.507407 0.0151042 0.0407407 0.00338033
13 0.986458 0.518981 0.0260417 0.173148 0.00339984
0 0.383594 0.503704 0.0453125 0.0518519 0.00344372
9 0.26901 0.0180556 0.0223958 0.0324074 0.00354009
9 0.218229 0.107407 0.00833333 0.0462963 0.00362756
0 0.545833 0.280093 0.477083 0.443519 0.00368315
0 0.708073 0.374537 0.0203125 0.0268519 0.00389003
0 0.358854 0.508333 0.028125 0.0555556 0.0039927
2 0.299219 0.105556 0.0828125 0.0944444 0.00401757
1 0.10625 0.418981 0.0166667 0.0435185 0.00411076
1 0.0203125 0.397222 0.040625 0.107407 0.00414698
2 0.238021 0.139815 0.0197917 0.0425926 0.00420301
0 0.369792 0.397222 0.65625 0.683333 0.00423395
2 0.25599 0.0875 0.0223958 0.0398148 0.0043563
58 0.919792 0.182407 0.159375 0.361111 0.00439267
13 0.970573 0.521296 0.0578125 0.175926 0.00445514
1 0.470052 0.390741 0.0296875 0.1 0.00445721
0 0.717448 0.372222 0.0265625 0.0277778 0.0044671
13 0.9625 0.553241 0.040625 0.0435185 0.00537523
1 0.0111979 0.354167 0.0223958 0.0564815 0.00552521
2 0.286719 0.0740741 0.0182292 0.0277778 0.00567285
2 0.616406 0.425463 0.360938 0.167593 0.00615891
0 0.421354 0.499537 0.0416667 0.0564815 0.00640232
2 0.376563 0.108333 0.194792 0.0740741 0.00664823
9 0.992708 0.513426 0.0135417 0.163889 0.00718496
2 0.784115 0.0888889 0.0130208 0.0203704 0.00738101
2 0.333073 0.0865741 0.0244792 0.0305556 0.00753314
12 0.99375 0.504167 0.0114583 0.147222 0.0084066
0 0.451823 0.481944 0.0598958 0.0990741 0.00842239
2 0.60599 0.0587963 0.00989583 0.0268519 0.00876851
1 0.469271 0.437037 0.046875 0.153704 0.00889186
5 0.2125 0.062037 0.034375 0.0592593 0.0101638
9 0.21276 0.0652778 0.0369792 0.0564815 0.0112725
9 0.566927 0.0472222 0.0078125 0.0240741 0.0124066
2 0.26849 0.050463 0.0192708 0.0361111 0.0136416
0 0.75651 0.0875 0.0130208 0.0787037 0.0142983
7 0.21224 0.062037 0.0338542 0.0592593 0.0167729
2 0.634896 0.145833 0.0114583 0.0564815 0.0182157
2 0.271094 0.108333 0.0140625 0.0388889 0.0218236
0 0.297396 0.0550926 0.0125 0.0324074 0.0286348
24 0.466146 0.31713 0.021875 0.0509259 0.0446699
9 0.21901 0.0898148 0.0078125 0.012963 0.050454
2 0.315885 0.0657407 0.0390625 0.05 0.0619951
0 0.44401 0.506481 0.0432292 0.0518519 0.123564
2 0.292969 0.109722 0.0276042 0.0787037 0.154299
1 0.009375 0.398611 0.01875 0.102778 0.188016
1 0.0783854 0.455556 0.0328125 0.0907407 0.203668
2 0.480469 0.109259 0.0203125 0.0444444 0.24073
2 0.321094 0.087963 0.0380208 0.0351852 0.249866
2 0.311198 0.0532407 0.0348958 0.0342593 0.254462
1 0.0742188 0.473611 0.0203125 0.075 0.278652
2 0.467448 0.109722 0.0234375 0.0435185 0.361269
7 0.50625 0.103241 0.0416667 0.0638889 0.365219
1 0.46276 0.409722 0.0328125 0.0953704 0.36651
2 0.50625 0.103241 0.0416667 0.0638889 0.494191
2 0.627083 0.122222 0.0260417 0.0518519 0.521897
2 0.430729 0.100926 0.040625 0.0611111 0.577502
2 0.317708 0.121296 0.0520833 0.0703704 0.766742
11 0.728646 0.0416667 0.0270833 0.0518519 0.769086
0 0.465625 0.355556 0.040625 0.185185 0.833818
10 0.204167 0.314815 0.015625 0.0703704 0.836367
0 0.0789063 0.410648 0.0401042 0.137963 0.844842
2 0.40599 0.585648 0.193229 0.302778 0.871628
2 0.729427 0.419444 0.123438 0.17037 0.912075
