2 0.809635 0.0921296 0.0234375 0.0342593 0.00102456
2 0.530729 0.1125 0.0114583 0.0416667 0.00103943
2 0.3625 0.106944 0.0364583 0.0472222 0.00110493
2 0.240625 0.10787 0.015625 0.0342593 0.00110726
9 0.554948 0.0296296 0.0265625 0.0555556 0.00112139
9 0.489583 0.980556 0.015625 0.037037 0.00112984
2 0.0583333 0.0296296 0.0208333 0.0351852 0.00118537
2 0.576302 0.125926 0.0494792 0.0351852 0.00119215
13 0.986719 0.525 0.0255208 0.183333 0.00125827
2 0.65651 0.140741 0.0734375 0.0796296 0.00126827
9 0.361458 0.0666667 0.0114583 0.0240741 0.00128115
2 0.297656 0.13287 0.0213542 0.0509259 0.00130366
0 0.73151 0.372222 0.0369792 0.0314815 0.00133547
12 0.69375 0.163426 0.00729167 0.037963 0.00147064
2 0.786979 0.106019 0.0447917 0.0527778 0.00149155
12 0.974219 0.496296 0.0421875 0.12037 0.0015052
2 0.569271 0.111111 0.307292 0.0740741 0.00151622
2 0.46224 0.113426 0.0140625 0.0416667 0.00154736
0 0.00989583 0.384722 0.0197917 0.136111 0.00159728
9 0.278125 0.0726852 0.0364583 0.139815 0.00162273
9 0.547656 0.0523148 0.0109375 0.0287037 0.00173582
11 0.240104 0.0361111 0.0208333 0.0666667 0.00174725
1 0.811198 0.331019 0.0192708 0.0972222 0.00174964
13 0.970573 0.528241 0.0578125 0.193519 0.00179512
32 0.454167 0.314352 0.00833333 0.0157407 0.00186682
12 0.701823 0.1625 0.0203125 0.0416667 0.0019352
7 0.970833 0.526389 0.0572917 0.202778 0.0019436
2 0.523438 0.421759 0.619792 0.180556 0.00195055
9 0.995573 0.526852 0.0078125 0.0462963 0.00198344
0 0.36224 0.0782407 0.00989583 0.025 0.00200275
9 0.293229 0.0569444 0.0114583 0.0398148 0.00212287
9 0.252344 0.087037 0.0130208 0.0351852 0.00213829
9 0.442708 0.234259 0.009375 0.0314815 0.00229037
2 0.77526 0.111574 0.0203125 0.0268519 0.00236492
0 0.442969 0.0976852 0.0171875 0.0453704 0.00269604
2 0.308333 0.0851852 0.0322917 0.0407407 0.00274903
2 0.27526 0.116204 0.0223958 0.0546296 0.00298373
2 0.363281 0.0675926 0.0119792 0.0222222 0.00299009
2 0.294531 0.106944 0.0796875 0.0898148 0.002992
13 0.0138021 0.391667 0.0276042 0.12037 0.00299904
2 0.413802 0.112037 0.239063 0.0685185 0.00322386
9 0.444531 0.243519 0.0119792 0.0481481 0.00326477
9 0.25651 0.074537 0.00885417 0.0416667 0.0033467
0 0.709896 0.373148 0.0197917 0.0259259 0.00337795
2 0.345313 0.106944 0.0114583 0.0416667 0.00342851
9 0.267188 0.0935185 0.0104167 0.0444444 0.00381295
7 0.220573 0.0671296 0.0494792 0.0638889 0.00392898
9 0.265885 0.0796296 0.0151042 0.0314815 0.00405341
0 0.757292 0.0819444 0.0125 0.0583333 0.00406914
0 0.717188 0.371296 0.0239583 0.0277778 0.0042226
9 0.989844 0.5 0.0192708 0.12963 0.00427546
12 0.985677 0.496296 0.0182292 0.12037 0.00438537
9 0.994792 0.49213 0.009375 0.121296 0.00472153
12 0.702604 0.139352 0.0229167 0.087963 0.00473672
2 0.472656 0.110648 0.0755208 0.0583333 0.00502531
2 0.816406 0.14213 0.0161458 0.132407 0.00505418
12 0.816406 0.148611 0.0140625 0.115741 0.0052971
2 0.786979 0.0888889 0.0177083 0.0222222 0.00540654
11 0.23776 0.0675926 0.0161458 0.0407407 0.00541267
9 0.292969 0.0699074 0.0109375 0.0157407 0.00614997
1 0.00416667 0.406481 0.00833333 0.0907407 0.00699004
9 0.50026 0.601852 0.0151042 0.0407407 0.00717942
12 0.995052 0.489815 0.00885417 0.122222 0.00721726
9 0.207031 0.0689815 0.0213542 0.0435185 0.00735733
7 0.816667 0.144444 0.0145833 0.125926 0.00803113
2 0.354427 0.112963 0.0786458 0.062963 0.00812636
9 0.220313 0.0875 0.0104167 0.0138889 0.00844333
2 0.648698 0.148611 0.0380208 0.0564815 0.00867163
9 0.565104 0.0314815 0.0177083 0.0592593 0.00885848
9 0.565625 0.0402778 0.0104167 0.0435185 0.00913162
13 0.00390625 0.407407 0.0078125 0.0851852 0.00947897
0 0.00416667 0.397222 0.00833333 0.107407 0.00953166
2 0.272656 0.110185 0.0151042 0.0351852 0.00954404
9 0.113802 0.024537 0.0151042 0.0416667 0.011229
2 0.816406 0.176389 0.0130208 0.0638889 0.0114534
5 0.213802 0.0625 0.0348958 0.0564815 0.0119946
9 0.222656 0.0532407 0.0140625 0.037963 0.0197202
2 0.592708 0.125 0.0166667 0.0259259 0.0241221
2 0.635156 0.145833 0.0109375 0.0527778 0.0253674
2 0.442969 0.0861111 0.0140625 0.0240741 0.0268258
0 0.635156 0.148148 0.00989583 0.05 0.0303331
2 0.238281 0.140741 0.0182292 0.0407407 0.0369365
9 0.443229 0.087037 0.0125 0.0240741 0.0461242
9 0.567187 0.0486111 0.00833333 0.025 0.0468028
2 0.292708 0.1125 0.0270833 0.0731481 0.0500937
11 0.605729 0.0597222 0.009375 0.025 0.0582762
7 0.299219 0.108796 0.0369792 0.0805556 0.0992164
2 0.50625 0.103241 0.0427083 0.0657407 0.222228
9 0.269271 0.0347222 0.021875 0.0675926 0.267416
2 0.322135 0.0861111 0.0380208 0.0351852 0.267687
2 0.627604 0.120833 0.025 0.0490741 0.347169
9 0.502865 0.759722 0.0119792 0.0546296 0.422591
7 0.50625 0.103704 0.0427083 0.0648148 0.503601
2 0.474219 0.109722 0.0359375 0.0453704 0.51023
2 0.31849 0.122222 0.0505208 0.0703704 0.658426
10 0.203906 0.316204 0.0161458 0.0694444 0.742102
11 0.729688 0.0435185 0.0270833 0.0555556 0.789406
2 0.376042 0.110185 0.034375 0.0425926 0.828156
2 0.729948 0.418519 0.122396 0.172222 0.907243
