2 0.583073 0.422685 0.621354 0.182407 0.00102644
7 0.795052 0.062963 0.0380208 0.0592593 0.00104663
32 0.460677 0.356481 0.0109375 0.0148148 0.00107413
2 0.329427 0.0814815 0.0348958 0.0351852 0.00109243
2 0.652344 0.140741 0.0713542 0.0796296 0.0011138
32 0.453646 0.315741 0.009375 0.0148148 0.00115677
2 0.0328125 0.0643518 0.01875 0.0194444 0.0011592
2 0.297396 0.103704 0.0833333 0.0981481 0.00118582
0 0.757552 0.373611 0.0192708 0.0305556 0.00120727
2 0.227083 0.13287 0.0416667 0.0601852 0.00124882
0 0.995573 0.326852 0.0078125 0.0555556 0.00128159
2 0.285937 0.075 0.021875 0.0314815 0.00129851
58 0.968229 0.494907 0.0302083 0.087963 0.00142951
9 0.816667 0.234722 0.009375 0.0398148 0.00150375
9 0.416406 0.0106481 0.0161458 0.0212963 0.00154329
1 0.811198 0.331481 0.0192708 0.0925926 0.00158421
12 0.988281 0.5 0.0223958 0.133333 0.00158743
2 0.783854 0.104167 0.0385417 0.0546296 0.0016774
11 0.220833 0.0662037 0.0520833 0.0638889 0.00171368
9 0.500521 0.603241 0.015625 0.037963 0.00175919
9 0.290104 0.0259259 0.0114583 0.0351852 0.00180188
2 0.776823 0.112963 0.0234375 0.037037 0.00180733
12 0.995313 0.524537 0.00833333 0.0601852 0.00182351
9 0.28724 0.0435185 0.0151042 0.0759259 0.00188923
2 0.771615 0.113426 0.0140625 0.0287037 0.00194516
0 0.00520833 0.370833 0.0104167 0.0898148 0.00203068
9 0.215365 0.0861111 0.0171875 0.0185185 0.00226727
0 0.716406 0.373148 0.0244792 0.0259259 0.00229325
0 0.26276 0.106481 0.00885417 0.0481481 0.0023537
2 0.45651 0.112963 0.367188 0.0981481 0.0023688
9 0.293229 0.0527778 0.00833333 0.0425926 0.00274324
2 0.79401 0.0851852 0.0338542 0.0314815 0.00277889
2 0.267708 0.1 0.0114583 0.0537037 0.00345227
2 0.363802 0.0694444 0.0109375 0.0222222 0.00381471
9 0.56875 0.0319444 0.0114583 0.0583333 0.00436297
7 0.45625 0.100463 0.0489583 0.0712963 0.00448737
2 0.65026 0.150463 0.0390625 0.0583333 0.00496334
0 0.75651 0.0972222 0.0140625 0.0777778 0.00522671
2 0.0255208 0.352778 0.0489583 0.0222222 0.00562862
2 0.239323 0.106944 0.0161458 0.037963 0.00636963
11 0.23776 0.0689815 0.0161458 0.0435185 0.00682955
2 0.435417 0.0861111 0.0125 0.0277778 0.00746971
7 0.220313 0.0805556 0.0510417 0.0814815 0.00753438
9 0.115104 0.0240741 0.01875 0.0425926 0.00756975
2 0.0252604 0.369444 0.0505208 0.0592593 0.00785684
12 0.994531 0.495833 0.00989583 0.128704 0.00794426
2 0.494271 0.102315 0.0208333 0.0601852 0.00927112
2 0.0122396 0.368519 0.0244792 0.0444444 0.00928053
9 0.502344 0.760185 0.0119792 0.0537037 0.00929887
2 0.271875 0.108333 0.0145833 0.0425926 0.0103588
9 0.36276 0.0694444 0.00885417 0.0240741 0.0109155
2 0.592708 0.126389 0.0177083 0.0231481 0.0120959
5 0.213802 0.062963 0.0359375 0.0611111 0.0122537
12 0.75599 0.0939815 0.0130208 0.075 0.0125462
1 0.0244792 0.39537 0.0489583 0.111111 0.014281
1 0.00572917 0.375463 0.0114583 0.0657407 0.0143924
2 0.339583 0.0902778 0.0125 0.0342593 0.0155794
11 0.60625 0.0592593 0.009375 0.0259259 0.0179388
0 0.635417 0.148148 0.009375 0.0518519 0.0198479
2 0.786198 0.0902778 0.0151042 0.0212963 0.0199402
2 0.635156 0.146296 0.0109375 0.0537037 0.0208146
7 0.21276 0.062963 0.0359375 0.062963 0.0224759
2 0.238281 0.141204 0.0182292 0.0416667 0.0246132
9 0.567448 0.0481481 0.0078125 0.0240741 0.0258313
2 0.288281 0.111111 0.0203125 0.0777778 0.0302402
1 0.009375 0.397222 0.01875 0.109259 0.0365317
0 0.428646 0.0574074 0.00833333 0.0314815 0.0370406
9 0.269531 0.0365741 0.0213542 0.0675926 0.0394858
1 0.00442708 0.404167 0.00885417 0.0953704 0.0471607
9 0.428906 0.0550926 0.0078125 0.0268519 0.09938
2 0.483854 0.108333 0.0166667 0.05 0.116421
2 0.298698 0.106481 0.0411458 0.0814815 0.157078
2 0.322135 0.0893519 0.0380208 0.0398148 0.33856
2 0.627344 0.121296 0.0255208 0.05 0.375218
2 0.50651 0.105093 0.0421875 0.062037 0.526684
2 0.45625 0.100926 0.0479167 0.0703704 0.662039
10 0.203646 0.315741 0.0166667 0.0722222 0.713527
2 0.318229 0.121296 0.0510417 0.0722222 0.745219
11 0.729167 0.0425926 0.0270833 0.0555556 0.81386
2 0.729948 0.418981 0.122396 0.171296 0.908868
