2 0.653646 0.15787 0.0510417 0.0527778 0.00104938
9 0.584896 0.0509259 0.0114583 0.0296296 0.00106512
9 0.29349 0.0518519 0.00885417 0.0425926 0.00108957
7 0.79349 0.0643518 0.0348958 0.0601852 0.00115254
0 0.254427 0.125463 0.0161458 0.0657407 0.00116324
5 0.20651 0.0666667 0.0317708 0.05 0.00116462
0 0.535937 0.274074 0.534375 0.438889 0.00117844
13 0.970833 0.525926 0.0572917 0.187037 0.00124014
2 0.569271 0.423148 0.558333 0.177778 0.00124559
9 0.548177 0.0592593 0.0109375 0.0259259 0.0013486
1 0.00416667 0.393519 0.00833333 0.112963 0.00138491
9 0.253385 0.0856481 0.0140625 0.0361111 0.00142154
2 0.773958 0.122222 0.0177083 0.0407407 0.00148265
32 0.460677 0.356481 0.0109375 0.0148148 0.00148783
2 0.328125 0.0791667 0.0354167 0.0305556 0.00158171
0 0.730729 0.371296 0.0375 0.0314815 0.00173396
9 0.570573 0.0314815 0.0151042 0.0592593 0.0021191
2 0.55599 0.106944 0.276563 0.0675926 0.00211939
9 0.25651 0.075 0.0109375 0.0444444 0.00226227
11 0.220052 0.0675926 0.0526042 0.0592593 0.00231892
0 0.263021 0.106019 0.00833333 0.0472222 0.00242735
11 0.60599 0.0601852 0.00885417 0.0240741 0.00243087
9 0.759115 0.075463 0.00989583 0.0490741 0.00248415
9 0.445052 0.24213 0.00989583 0.0231481 0.00249604
9 0.966667 0.498611 0.0260417 0.0805556 0.00262569
9 0.26276 0.0875 0.00885417 0.0361111 0.00263892
2 0.286198 0.118981 0.0161458 0.062037 0.00290742
2 0.411458 0.106944 0.28125 0.0768519 0.00304555
9 0.266146 0.0962963 0.0104167 0.05 0.00305488
12 0.973698 0.494907 0.0390625 0.117593 0.00312093
0 0.758333 0.0865741 0.0114583 0.0712963 0.00325244
9 0.361979 0.0481481 0.0104167 0.037037 0.00327586
0 0.282031 0.0907407 0.00885417 0.0277778 0.00338688
1 0.811198 0.33287 0.0182292 0.087963 0.00349837
9 0.438542 0.198611 0.0125 0.0287037 0.0038829
2 0.291406 0.0726852 0.0119792 0.0157407 0.0039262
7 0.220313 0.0583333 0.0520833 0.0759259 0.00394676
0 0.567448 0.698148 0.169271 0.57037 0.00402261
11 0.236719 0.0685185 0.0171875 0.0425926 0.00422512
2 0.448438 0.109722 0.0302083 0.0342593 0.00449431
9 0.985677 0.493981 0.0223958 0.117593 0.00494879
2 0.784896 0.0888889 0.0135417 0.0203704 0.00518603
9 0.207292 0.0680556 0.0229167 0.0435185 0.00538143
12 0.995313 0.487963 0.00833333 0.116667 0.00550556
9 0.261719 0.0365741 0.0161458 0.0657407 0.00559241
9 0.442969 0.087037 0.0140625 0.0259259 0.0060883
9 0.500521 0.601852 0.015625 0.0425926 0.00620226
2 0.269792 0.111111 0.0114583 0.037037 0.00628458
0 0.714063 0.372222 0.021875 0.0240741 0.00640476
2 0.470052 0.106944 0.0953125 0.0601852 0.00654543
32 0.454167 0.314352 0.00729167 0.012037 0.00669739
9 0.995573 0.487963 0.0078125 0.118519 0.00752749
0 0.634375 0.147685 0.0114583 0.0527778 0.0082958
9 0.502604 0.760185 0.0125 0.0537037 0.00841119
9 0.973698 0.496296 0.0390625 0.12037 0.00868896
9 0.361719 0.0671296 0.00885417 0.0268519 0.00883323
0 0.533333 0.110185 0.015625 0.0462963 0.00934659
2 0.442708 0.0861111 0.0145833 0.0259259 0.0113462
2 0.290104 0.10787 0.0177083 0.0509259 0.0124013
2 0.592188 0.12963 0.01875 0.0222222 0.0130717
0 0.629427 0.137963 0.0213542 0.0555556 0.0153458
9 0.567187 0.0481481 0.00833333 0.0240741 0.0168759
2 0.461458 0.113426 0.0125 0.0342593 0.0213176
2 0.532812 0.111574 0.015625 0.0453704 0.0249681
9 0.270052 0.0324074 0.0213542 0.0611111 0.0343576
5 0.220313 0.0666667 0.0489583 0.0555556 0.0350632
2 0.48776 0.106944 0.0140625 0.0509259 0.0390137
2 0.299479 0.0972222 0.0260417 0.0537037 0.128422
2 0.627344 0.123148 0.0255208 0.0537037 0.135151
2 0.321094 0.0893519 0.0411458 0.0398148 0.218942
2 0.473437 0.108796 0.0333333 0.0453704 0.368236
2 0.50625 0.103704 0.0427083 0.0611111 0.669929
10 0.203906 0.315741 0.0161458 0.0703704 0.728334
11 0.729688 0.0439815 0.0270833 0.0583333 0.76662
2 0.317708 0.121759 0.0520833 0.0694444 0.770509
2 0.527604 0.202315 0.06875 0.0953704 0.880558
2 0.729688 0.417593 0.121875 0.174074 0.903486
