9 0.588542 0.037963 0.0145833 0.0592593 0.00100476
7 0.220052 0.0847222 0.0546875 0.110185 0.00100966
0 0.548177 0.243056 0.521354 0.339815 0.00100987
0 0.474219 0.416667 0.629687 0.727778 0.00101008
0 0.745052 0.128704 0.0223958 0.0185185 0.00101311
0 0.747656 0.115278 0.0213542 0.0453704 0.00102758
2 0.363281 0.0675926 0.0119792 0.0203704 0.00103182
2 0.379167 0.10463 0.0614583 0.0666667 0.00105052
12 0.699479 0.162037 0.0229167 0.0444444 0.00112032
0 0.75625 0.374074 0.021875 0.0333333 0.00116803
0 0.751302 0.0935185 0.0244792 0.087037 0.00118272
9 0.288802 0.0231481 0.0130208 0.0407407 0.00119136
2 0.7875 0.103704 0.046875 0.0611111 0.00121194
13 0.969531 0.566204 0.0567708 0.0657407 0.00124003
13 0.971354 0.499537 0.0385417 0.125 0.00129052
2 0.676302 0.116667 0.125521 0.0796296 0.00131104
2 0.638542 0.127315 0.05 0.0638889 0.00131882
2 0.891927 0.190278 0.0921875 0.208333 0.00133157
9 0.264062 0.0875 0.0104167 0.0361111 0.00134362
0 0.263021 0.103241 0.00833333 0.0509259 0.00137392
9 0.995313 0.520833 0.00833333 0.0583333 0.0013934
9 0.5 0.602315 0.0145833 0.0398148 0.00148315
2 0.815365 0.0685185 0.0151042 0.0111111 0.0014994
2 0.53125 0.1125 0.0135417 0.0435185 0.00150461
2 0.65625 0.138426 0.0864583 0.0824074 0.00157375
9 0.363021 0.0444444 0.00833333 0.0296296 0.00172177
2 0.777083 0.115278 0.025 0.0342593 0.00174437
0 0.758594 0.108333 0.0151042 0.0555556 0.00175101
0 0.710417 0.372222 0.01875 0.0277778 0.00180073
2 0.371615 0.119444 0.0255208 0.0296296 0.00182597
13 0.961719 0.553241 0.0390625 0.037963 0.00184097
12 0.976302 0.498148 0.0453125 0.127778 0.00184692
58 0.96849 0.49537 0.0307292 0.0907407 0.0019189
1 0.0140625 0.391667 0.028125 0.118519 0.00202379
9 0.58125 0.0337963 0.0177083 0.0638889 0.00206355
2 0.00546875 0.0921296 0.0109375 0.0435185 0.00221737
32 0.454427 0.313889 0.0078125 0.012963 0.00244578
2 0.297135 0.10463 0.0848958 0.0962963 0.00258688
2 0.00859375 0.393981 0.0171875 0.113889 0.00263964
2 0.40625 0.130093 0.0166667 0.0472222 0.00278999
9 0.277604 0.0657407 0.034375 0.125926 0.00292144
11 0.236979 0.0662037 0.0166667 0.0398148 0.00295364
2 0.428906 0.111111 0.323438 0.0722222 0.00305924
0 0.267969 0.0990741 0.0119792 0.0555556 0.00320001
9 0.360938 0.0666667 0.0104167 0.0185185 0.00324488
0 0.36224 0.074537 0.00885417 0.0342593 0.00330847
2 0.442187 0.0865741 0.0135417 0.0268519 0.00335164
9 0.99375 0.491667 0.0114583 0.118519 0.00350656
0 0.75625 0.124074 0.0145833 0.0259259 0.00439232
9 0.574219 0.0310185 0.0161458 0.0601852 0.00447497
13 0.99401 0.521296 0.0109375 0.172222 0.00467886
2 0.645052 0.151389 0.0286458 0.062037 0.00469714
2 0.605729 0.0597222 0.009375 0.025 0.00498466
2 0.238802 0.139815 0.0192708 0.0425926 0.00519638
2 0.58125 0.1125 0.301042 0.0657407 0.00529838
7 0.974219 0.527778 0.0505208 0.203704 0.00552008
12 0.994792 0.490278 0.009375 0.125 0.00618227
7 0.227083 0.0689815 0.0364583 0.0546296 0.00644968
1 0.00442708 0.392593 0.00885417 0.116667 0.00655742
2 0.48125 0.111111 0.0697917 0.0592593 0.00676188
5 0.215104 0.0648148 0.0375 0.0611111 0.00716076
9 0.502604 0.759259 0.0125 0.0574074 0.00751823
13 0.970052 0.529167 0.0588542 0.199074 0.00795735
2 0.270833 0.109259 0.0135417 0.0388889 0.0079894
2 0.785156 0.0898148 0.0161458 0.0240741 0.00859045
12 0.693229 0.164352 0.0104167 0.0398148 0.0100812
0 0.755469 0.0819444 0.0140625 0.062037 0.0116428
7 0.2125 0.0634259 0.0333333 0.0638889 0.0121486
13 0.985417 0.524537 0.028125 0.182407 0.0122113
2 0.00390625 0.410185 0.0078125 0.0814815 0.0140802
9 0.207813 0.0666667 0.0208333 0.0481481 0.0142185
9 0.566667 0.0481481 0.00833333 0.0240741 0.0158121
9 0.220313 0.0888889 0.009375 0.0166667 0.0197582
2 0.634896 0.14537 0.0114583 0.0518519 0.0285295
9 0.442187 0.087037 0.0125 0.0259259 0.0331041
2 0.494271 0.106944 0.025 0.0509259 0.0371283
2 0.461198 0.112963 0.0119792 0.037037 0.0391602
2 0.445573 0.118519 0.0255208 0.0222222 0.0395868
9 0.26849 0.0351852 0.0213542 0.0666667 0.0849627
7 0.295833 0.106019 0.0364583 0.0824074 0.117568
2 0.29375 0.10787 0.0302083 0.0805556 0.122509
2 0.467708 0.109722 0.021875 0.0435185 0.211693
2 0.479948 0.109259 0.0213542 0.0444444 0.250614
2 0.321875 0.0851852 0.0375 0.0351852 0.279561
2 0.626823 0.122685 0.0265625 0.0527778 0.509822
2 0.505469 0.103704 0.0432292 0.062963 0.61482
10 0.204167 0.315278 0.015625 0.0712963 0.706585
2 0.318229 0.121296 0.0520833 0.0703704 0.751768
11 0.729167 0.0421296 0.028125 0.0546296 0.824333
2 0.3875 0.141204 0.053125 0.0768519 0.832777
2 0.379427 0.25787 0.0828125 0.117593 0.89252
2 0.729688 0.419907 0.122917 0.169444 0.916018
2 0.745833 0.190278 0.128125 0.112037 0.916637
