2 0.752865 0.155093 0.0130208 0.0194444 0.00101991
13 0.99349 0.517593 0.0119792 0.17037 0.00102929
0 0.446875 0.32037 0.833333 0.631481 0.00105443
2 0.785417 0.102315 0.040625 0.0509259 0.0010826
7 0.990104 0.519907 0.01875 0.187963 0.00110428
11 0.239583 0.0347222 0.0229167 0.0675926 0.00112799
7 0.288021 0.0763889 0.0385417 0.143519 0.00113678
9 0.995313 0.525926 0.00833333 0.0555556 0.00131294
2 0.232552 0.509722 0.459896 0.202778 0.00152747
9 0.236198 0.0638889 0.0182292 0.037037 0.00158155
2 0.244531 0.106944 0.0119792 0.0342593 0.00161107
32 0.460677 0.356481 0.0109375 0.0166667 0.00163978
13 0.978385 0.522685 0.0421875 0.184259 0.00171503
9 0.291667 0.0282407 0.0104167 0.0398148 0.00176751
0 0.740365 0.370833 0.0244792 0.0324074 0.0018441
2 0.00416667 0.466667 0.00833333 0.214815 0.00194484
7 0.296094 0.10463 0.0838542 0.0962963 0.00195388
2 0.0145833 0.369907 0.0291667 0.0490741 0.00196866
58 0.967969 0.495833 0.0307292 0.087963 0.00198472
12 0.702344 0.137037 0.0234375 0.0833333 0.00202907
12 0.701823 0.163426 0.0234375 0.037963 0.00214792
9 0.273698 0.0375 0.0338542 0.0731481 0.00215827
2 0.46224 0.4875 0.782812 0.223148 0.00219729
2 0.547656 0.110185 0.300521 0.0777778 0.0022639
2 0.447396 0.107407 0.153125 0.0703704 0.00230986
9 0.268229 0.0523148 0.01875 0.0472222 0.00239458
2 0.292188 0.0703704 0.0135417 0.0166667 0.00241079
2 0.547917 0.428704 0.557292 0.187037 0.00255685
0 0.730729 0.372222 0.0239583 0.0277778 0.00256317
9 0.257031 0.0782407 0.0140625 0.0472222 0.00258812
2 0.806771 0.0722222 0.0135417 0.0166667 0.00267327
9 0.252604 0.0861111 0.0135417 0.0351852 0.00282961
1 0.00572917 0.384722 0.0114583 0.0972222 0.00292817
9 0.566927 0.0578704 0.00989583 0.0435185 0.00292947
0 0.348437 0.456481 0.01875 0.037037 0.0029452
0 0.267448 0.0990741 0.0119792 0.0574074 0.00298793
9 0.547917 0.0583333 0.0104167 0.0222222 0.00306994
2 0.592969 0.124537 0.0171875 0.025 0.00311166
9 0.26276 0.0875 0.0078125 0.037963 0.00315305
0 0.263542 0.10463 0.00833333 0.05 0.00318493
12 0.692187 0.164815 0.00833333 0.0388889 0.00328223
0 0.995833 0.327778 0.00729167 0.0574074 0.00354448
9 0.578125 0.0342593 0.01875 0.0611111 0.00369584
0 0.333333 0.456019 0.06875 0.0398148 0.00371464
0 0.75651 0.373611 0.0203125 0.0305556 0.00381006
0 0.306771 0.459259 0.0197917 0.037037 0.00387395
11 0.23724 0.0657407 0.0171875 0.0388889 0.00389362
2 0.382292 0.106481 0.221875 0.0796296 0.00397364
13 0.961979 0.555556 0.0395833 0.0425926 0.00400844
7 0.791146 0.0662037 0.03125 0.0638889 0.00404903
2 0.009375 0.396296 0.01875 0.112963 0.00406205
2 0.238802 0.141667 0.0192708 0.0407407 0.00416028
9 0.994531 0.494907 0.00989583 0.126852 0.00437336
0 0.357292 0.456019 0.0239583 0.0342593 0.00508188
2 0.795313 0.0833333 0.0322917 0.0277778 0.00526414
1 0.00364583 0.412037 0.00729167 0.0777778 0.00570678
12 0.994531 0.497222 0.00989583 0.133333 0.00594063
32 0.453646 0.315278 0.00833333 0.012037 0.00614103
9 0.21901 0.0657407 0.0432292 0.0481481 0.00616923
2 0.44401 0.100463 0.0213542 0.0490741 0.00652393
9 0.29401 0.0537037 0.00989583 0.0388889 0.00668479
9 0.36224 0.0703704 0.00885417 0.0222222 0.00752682
2 0.60625 0.0606481 0.0104167 0.025 0.00753782
5 0.220833 0.0694444 0.0510417 0.0592593 0.00785896
9 0.585156 0.0407407 0.0130208 0.0462963 0.0079777
2 0.00364583 0.418519 0.00729167 0.0666667 0.00815823
2 0.270573 0.110648 0.0130208 0.037963 0.0093804
7 0.220313 0.0694444 0.0510417 0.0592593 0.0103159
9 0.572135 0.0310185 0.0130208 0.0583333 0.0111253
0 0.316406 0.458796 0.0265625 0.037963 0.0115106
2 0.442448 0.0898148 0.0161458 0.0277778 0.0118645
0 0.71224 0.372685 0.0192708 0.025 0.0123637
9 0.502604 0.759722 0.0135417 0.0583333 0.0127024
2 0.814062 0.0759259 0.0177083 0.0166667 0.0143401
9 0.220313 0.0541667 0.01875 0.0472222 0.0161554
9 0.207031 0.0680556 0.0192708 0.0416667 0.0176837
2 0.00494792 0.556481 0.00989583 0.0425926 0.0187319
9 0.26901 0.0273148 0.0213542 0.0509259 0.0212093
0 0.757292 0.0902778 0.0135417 0.075 0.0236307
2 0.4875 0.106481 0.0135417 0.0518519 0.0308285
2 0.634896 0.146759 0.0104167 0.0546296 0.037036
2 0.786198 0.0893519 0.0161458 0.0231481 0.0455903
0 0.635156 0.148148 0.00989583 0.05 0.0590703
2 0.29401 0.106944 0.0307292 0.0824074 0.0790324
2 0.4625 0.112037 0.0135417 0.0388889 0.0974134
9 0.567187 0.0476852 0.00833333 0.0231481 0.0983427
7 0.297917 0.106481 0.040625 0.0833333 0.173828
2 0.471354 0.110185 0.03125 0.0444444 0.243463
2 0.627604 0.121759 0.025 0.0509259 0.295764
2 0.322396 0.0884259 0.0375 0.037963 0.334755
2 0.50625 0.104167 0.0427083 0.062037 0.503427
2 0.31849 0.121296 0.0505208 0.0703704 0.682021
2 0.432552 0.0643518 0.0473958 0.0361111 0.696724
11 0.729167 0.0430556 0.0270833 0.0564815 0.789196
10 0.203906 0.315741 0.0161458 0.0703704 0.836341
2 0.729948 0.419444 0.122396 0.17037 0.913467
2 0.346094 0.505093 0.135937 0.199074 0.927873
