2 0.015625 0.131944 0.0291667 0.0305556 0.00100015
9 0.109635 0.0305556 0.0130208 0.037037 0.00104046
67 0.372917 0.469444 0.0166667 0.0259259 0.00104875
2 0.639844 0.132407 0.0526042 0.0703704 0.00105664
1 0.0424479 0.1625 0.0807292 0.087963 0.00106502
0 0.544531 0.289815 0.544271 0.462963 0.00122146
9 0.115625 0.0259259 0.0125 0.0407407 0.00129944
9 0.429948 0.0518519 0.00885417 0.037037 0.00130715
9 0.758594 0.0717593 0.00989583 0.0416667 0.00131771
9 0.817187 0.235185 0.00833333 0.0407407 0.00133358
2 0.243229 0.109722 0.0135417 0.0361111 0.00133416
58 0.685677 0.168981 0.0203125 0.0472222 0.00135342
9 0.469531 0.413889 0.0109375 0.0259259 0.00135421
2 0.81276 0.0759259 0.0161458 0.0203704 0.00140223
9 0.415365 0.00925926 0.0151042 0.0185185 0.00142447
7 0.148438 0.0800926 0.065625 0.0583333 0.00143941
0 0.75651 0.374074 0.0203125 0.0314815 0.00147186
2 0.00494792 0.0912037 0.00989583 0.0398148 0.00149444
9 0.502865 0.759722 0.0140625 0.0564815 0.0015169
2 0.777083 0.113889 0.0229167 0.0351852 0.00153452
2 0.638542 0.148611 0.015625 0.0546296 0.00154406
32 0.454167 0.316667 0.00729167 0.0166667 0.00160074
2 0.78151 0.103241 0.0328125 0.0490741 0.00164596
7 0.970312 0.531018 0.0583333 0.208333 0.00167289
32 0.460417 0.35787 0.0104167 0.0157407 0.00168321
9 0.235156 0.0662037 0.0203125 0.0416667 0.00170658
2 0.574219 0.124074 0.0546875 0.0351852 0.00180262
2 0.541927 0.10787 0.421354 0.0731481 0.00185936
12 0.99401 0.518981 0.0109375 0.171296 0.00191827
0 0.553906 0.281481 0.0630208 0.0518519 0.00193419
0 0.995833 0.326852 0.00729167 0.0592593 0.00194235
0 0.263021 0.107407 0.00833333 0.0462963 0.00202206
9 0.500521 0.602778 0.0145833 0.037037 0.0021409
2 0.291406 0.0722222 0.0130208 0.0166667 0.00223371
9 0.253906 0.0851852 0.0130208 0.0351852 0.0025781
2 0.266927 0.1 0.0109375 0.0555556 0.00269204
9 0.26276 0.0847222 0.0078125 0.0324074 0.00269299
2 0.648438 0.149074 0.0375 0.0555556 0.00271888
2 0.302344 0.10787 0.0786458 0.0916667 0.00284129
9 0.292969 0.0574074 0.00989583 0.0388889 0.0029873
0 0.333333 0.402315 0.0208333 0.0287037 0.00345977
2 0.363542 0.0680556 0.0125 0.0194444 0.00350706
0 0.564062 0.289352 0.040625 0.0342593 0.00364972
11 0.239583 0.0328704 0.0229167 0.062037 0.00383421
2 0.238802 0.142593 0.0192708 0.0388889 0.00388189
2 0.415365 0.109259 0.197396 0.0648148 0.00432828
9 0.258333 0.0726852 0.0104167 0.0435185 0.00460916
5 0.220573 0.0675926 0.0505208 0.0555556 0.00495434
2 0.443229 0.0884259 0.0145833 0.0287037 0.00505437
9 0.458594 0.0652778 0.00677083 0.0305556 0.00551669
11 0.23724 0.0694444 0.0171875 0.0462963 0.00562042
11 0.60651 0.0611111 0.00989583 0.0240741 0.0057545
9 0.569531 0.0324074 0.0109375 0.0574074 0.00583969
9 0.579687 0.0356481 0.0166667 0.062037 0.00627508
7 0.220052 0.0662037 0.0515625 0.0638889 0.00627774
0 0.715104 0.372222 0.0229167 0.0277778 0.00647732
2 0.592188 0.126852 0.0177083 0.0240741 0.00662036
9 0.269531 0.0407407 0.0213542 0.0574074 0.00680139
2 0.578385 0.413426 0.615104 0.221296 0.00682788
0 0.367969 0.396759 0.0255208 0.037963 0.0068989
0 0.341667 0.397685 0.025 0.0361111 0.00812456
2 0.446615 0.11713 0.0255208 0.0231481 0.0083845
1 0.0111979 0.368056 0.0223958 0.0472222 0.00853408
0 0.548177 0.286574 0.0348958 0.0361111 0.00949782
9 0.992708 0.501389 0.0135417 0.137963 0.00990244
19 0.442969 0.087963 0.0140625 0.0277778 0.011671
9 0.584375 0.0412037 0.0125 0.0509259 0.0118989
9 0.207813 0.0675926 0.0229167 0.0425926 0.0127006
0 0.382552 0.396759 0.0276042 0.037963 0.013795
2 0.271094 0.110648 0.0130208 0.037963 0.0138176
2 0.786458 0.0893519 0.0166667 0.025 0.0180444
2 0.333854 0.087963 0.0229167 0.0333333 0.0205155
0 0.53125 0.286111 0.025 0.0333333 0.0223317
1 0.00390625 0.410185 0.0078125 0.0888889 0.0307427
0 0.635677 0.148611 0.00989583 0.0472222 0.0327932
1 0.009375 0.399537 0.01875 0.113889 0.0328851
9 0.567187 0.0481481 0.00833333 0.0240741 0.0802053
2 0.461719 0.113889 0.0119792 0.0351852 0.116892
2 0.296354 0.10787 0.034375 0.0824074 0.132135
7 0.298177 0.107407 0.0390625 0.0814815 0.151316
2 0.321875 0.0884259 0.0385417 0.0361111 0.264477
2 0.627865 0.122685 0.0255208 0.0509259 0.295322
2 0.479948 0.109722 0.0223958 0.0453704 0.319672
2 0.50651 0.10463 0.0421875 0.0611111 0.494604
11 0.729167 0.0430556 0.0270833 0.0546296 0.651167
2 0.31849 0.121296 0.0505208 0.0722222 0.722221
10 0.203906 0.316204 0.0171875 0.0712963 0.79041
2 0.548958 0.332407 0.116667 0.172222 0.896253
2 0.729948 0.419907 0.122396 0.171296 0.91756
2 0.36224 0.441667 0.126563 0.175926 0.934017
