2 0.792969 0.0884259 0.0161458 0.0175926 0.0010225
2 0.576563 0.127315 0.0489583 0.0342593 0.00106853
2 0.642187 0.133333 0.0520833 0.0685185 0.00107836
0 0.191667 0.087963 0.00833333 0.0203704 0.00112325
9 0.238021 0.075463 0.0135417 0.0398148 0.00115377
9 0.116667 0.0231481 0.0166667 0.0388889 0.00116346
9 0.470052 0.412963 0.00989583 0.0259259 0.00117092
9 0.554427 0.024537 0.0244792 0.0453704 0.00117227
7 0.975521 0.525 0.0479167 0.2 0.00120448
2 0.0565104 0.0310185 0.0203125 0.037963 0.00121474
5 0.211979 0.0652778 0.03125 0.0527778 0.00121568
12 0.69401 0.162963 0.0078125 0.0388889 0.00121687
7 0.213021 0.0662037 0.0354167 0.0546296 0.00125218
2 0.363542 0.0675926 0.0114583 0.0203704 0.00128595
2 0.00416667 0.406944 0.00833333 0.0916667 0.00140276
2 0.569531 0.422222 0.617188 0.183333 0.00141774
13 0.0138021 0.393519 0.0276042 0.12037 0.00143329
9 0.989323 0.496759 0.0203125 0.130556 0.00143619
0 0.75651 0.0773148 0.0109375 0.0546296 0.0014381
12 0.701563 0.161574 0.0208333 0.0435185 0.00143832
12 0.995313 0.528704 0.00833333 0.0388889 0.00155685
9 0.56224 0.0486111 0.0213542 0.0287037 0.00161109
9 0.207813 0.0680556 0.0208333 0.0453704 0.00185427
12 0.967188 0.5 0.0270833 0.0796296 0.00187518
2 0.295573 0.105556 0.0755208 0.0962963 0.00193475
9 0.280208 0.0763889 0.040625 0.149074 0.00197415
2 0.00989583 0.364815 0.0197917 0.0537037 0.00211054
2 0.81276 0.074537 0.0192708 0.0194444 0.0021247
2 0.53724 0.1125 0.353646 0.0787037 0.00212888
13 0.00416667 0.399537 0.00833333 0.10463 0.00221502
0 0.263021 0.106481 0.009375 0.0462963 0.00224346
0 0.36276 0.0685185 0.00885417 0.0277778 0.00233015
32 0.454688 0.314815 0.00729167 0.0148148 0.00241198
0 0.757031 0.375463 0.0192708 0.0305556 0.00252929
9 0.252344 0.0888889 0.0119792 0.0333333 0.00261296
0 0.732292 0.371296 0.0333333 0.0314815 0.00278741
2 0.77474 0.118056 0.0182292 0.0342593 0.00281896
0 0.757031 0.0953704 0.0151042 0.087037 0.00294592
9 0.439844 0.214352 0.0161458 0.075 0.00323401
2 0.274479 0.116204 0.0229167 0.0527778 0.00335211
11 0.2375 0.0680556 0.0166667 0.0416667 0.00355053
9 0.294531 0.0564815 0.00989583 0.0388889 0.00355454
2 0.238542 0.141204 0.01875 0.0416667 0.00358921
12 0.702604 0.139352 0.0239583 0.0861111 0.00370171
2 0.783854 0.0907407 0.0114583 0.0185185 0.00376483
2 0.30599 0.0810185 0.0223958 0.0342593 0.00378995
2 0.409115 0.110185 0.259896 0.0814815 0.00386895
0 0.200781 0.730093 0.138021 0.476852 0.0039896
9 0.2625 0.037963 0.0166667 0.0666667 0.00439249
9 0.221354 0.0865741 0.0104167 0.0175926 0.00444568
2 0.455469 0.10463 0.0484375 0.05 0.00559538
9 0.442969 0.0888889 0.0140625 0.0277778 0.00575847
9 0.222656 0.0638889 0.0119792 0.0444444 0.00658417
9 0.29349 0.0694444 0.00989583 0.0185185 0.00668036
2 0.453646 0.111111 0.108333 0.0666667 0.00676305
2 0.648958 0.148611 0.0364583 0.0564815 0.00690594
9 0.263802 0.0865741 0.0109375 0.0342593 0.00703242
0 0.716406 0.371296 0.0234375 0.0277778 0.00761902
12 0.975521 0.494444 0.0385417 0.118519 0.00782868
11 0.240365 0.0333333 0.0223958 0.0648148 0.00809824
9 0.5625 0.0305556 0.025 0.0592593 0.00820064
9 0.565885 0.037963 0.0109375 0.0462963 0.00948652
2 0.593229 0.125926 0.0177083 0.0259259 0.0103063
9 0.500781 0.603241 0.0140625 0.0398148 0.0106017
12 0.994792 0.491667 0.009375 0.124074 0.0122794
2 0.271615 0.110185 0.0151042 0.037037 0.01368
0 0.635677 0.148148 0.00989583 0.05 0.0140641
2 0.635156 0.146296 0.0109375 0.05 0.0164507
2 0.442969 0.0916667 0.0151042 0.0333333 0.0203731
9 0.567708 0.0476852 0.00833333 0.025 0.0335483
11 0.60625 0.0597222 0.009375 0.025 0.0359794
7 0.294792 0.108333 0.0333333 0.0814815 0.043879
9 0.503385 0.759722 0.0130208 0.0564815 0.0451527
2 0.461198 0.113889 0.0119792 0.0351852 0.0533026
2 0.293229 0.111574 0.0291667 0.0768519 0.114967
9 0.269792 0.0361111 0.0229167 0.0685185 0.136055
2 0.323177 0.0856481 0.0369792 0.0342593 0.287316
7 0.50625 0.104167 0.0427083 0.0638889 0.352383
2 0.627604 0.12037 0.025 0.0481481 0.36737
2 0.50599 0.104167 0.0421875 0.062037 0.487343
2 0.476042 0.109259 0.0333333 0.0462963 0.553733
2 0.31875 0.121296 0.0510417 0.0703704 0.706962
11 0.729948 0.0444444 0.0265625 0.0592593 0.765527
10 0.204427 0.314815 0.0161458 0.0703704 0.806189
2 0.398698 0.110648 0.0484375 0.0675926 0.833111
2 0.730469 0.419444 0.122396 0.172222 0.913884
