2 0.297135 0.103704 0.0869792 0.1 0.00100526
0 0.3375 0.545833 0.0875 0.773148 0.00104859
32 0.453906 0.315741 0.00989583 0.0148148 0.00108848
2 0.0322917 0.0638889 0.01875 0.0203704 0.00111889
2 0.227604 0.132407 0.040625 0.0611111 0.00112356
0 0.757292 0.113426 0.0125 0.0601852 0.00116046
2 0.596094 0.119907 0.0130208 0.0342593 0.00117169
2 0.652865 0.140741 0.0723958 0.0796296 0.00123873
58 0.968229 0.494444 0.0302083 0.0888889 0.00126823
7 0.227083 0.0680556 0.0375 0.0472222 0.00129962
58 0.960677 0.28287 0.0421875 0.14537 0.00132975
2 0.285937 0.074537 0.021875 0.0305556 0.00134916
58 0.995573 0.326852 0.0078125 0.0555556 0.00136582
9 0.816667 0.234722 0.009375 0.0398148 0.00136764
0 0.757292 0.373611 0.01875 0.0305556 0.00137708
1 0.811198 0.331481 0.0192708 0.0925926 0.0014548
12 0.988021 0.5 0.0229167 0.133333 0.00152391
2 0.782812 0.105556 0.0364583 0.0537037 0.00153685
9 0.416146 0.0101852 0.015625 0.0203704 0.00165711
2 0.793229 0.0856481 0.0354167 0.0324074 0.00171978
9 0.290104 0.0268519 0.0114583 0.0351852 0.00185548
0 0.00520833 0.372685 0.0104167 0.0953704 0.00188332
12 0.995313 0.528704 0.00833333 0.0481481 0.00192804
11 0.220833 0.0657407 0.0510417 0.0611111 0.00200619
2 0.771875 0.113889 0.0145833 0.0277778 0.00207695
9 0.215104 0.0861111 0.0177083 0.0185185 0.00212789
9 0.28724 0.0407407 0.0140625 0.0703704 0.00213418
0 0.716406 0.373148 0.0244792 0.0259259 0.00225498
2 0.458073 0.1125 0.367188 0.0972222 0.00232919
0 0.26276 0.106481 0.00885417 0.0481481 0.00248103
9 0.293229 0.0537037 0.00833333 0.0425926 0.00288371
9 0.500521 0.603241 0.015625 0.037963 0.00289964
2 0.363802 0.0689815 0.0109375 0.0231481 0.00302635
0 0.267188 0.1 0.0114583 0.0537037 0.00331196
2 0.0255208 0.353241 0.0489583 0.0231481 0.00442149
9 0.568229 0.0319444 0.0114583 0.0583333 0.00450683
2 0.650521 0.150463 0.0395833 0.0583333 0.00519436
2 0.0252604 0.369444 0.0505208 0.0592593 0.00604047
2 0.239323 0.107407 0.0161458 0.0388889 0.00624967
7 0.220313 0.0805556 0.0510417 0.0814815 0.00709845
9 0.115104 0.0240741 0.01875 0.0425926 0.00711686
2 0.434635 0.0861111 0.0109375 0.0277778 0.0077565
2 0.0122396 0.368519 0.0244792 0.0444444 0.00779057
12 0.994271 0.494907 0.0104167 0.126852 0.00797481
2 0.494792 0.102778 0.021875 0.0592593 0.00819839
11 0.2375 0.0685185 0.0166667 0.0425926 0.00891402
2 0.271875 0.108333 0.0145833 0.0425926 0.00975831
7 0.455729 0.1 0.0489583 0.0703704 0.0105969
12 0.75599 0.0944444 0.0130208 0.0740741 0.010728
5 0.214844 0.062963 0.0380208 0.0611111 0.0107487
2 0.592708 0.126389 0.0177083 0.0231481 0.0117787
9 0.36276 0.0694444 0.00885417 0.0240741 0.0120075
9 0.502344 0.760185 0.0119792 0.0537037 0.0125276
1 0.0242187 0.395833 0.0484375 0.112037 0.0140865
2 0.340365 0.0902778 0.0109375 0.0324074 0.0156762
11 0.60625 0.0592593 0.009375 0.0259259 0.0175288
0 0.635417 0.148148 0.009375 0.0518519 0.0185179
2 0.635156 0.146759 0.0109375 0.0546296 0.0196277
2 0.238281 0.141667 0.0182292 0.0407407 0.0196453
7 0.213021 0.0634259 0.0364583 0.062037 0.0213868
2 0.785937 0.0907407 0.015625 0.0222222 0.0231273
9 0.567448 0.0481481 0.0078125 0.0240741 0.026582
9 0.269531 0.0365741 0.0213542 0.0675926 0.036662
1 0.009375 0.397685 0.01875 0.110185 0.0367979
1 0.00442708 0.404167 0.00885417 0.0972222 0.0453212
0 0.429167 0.0583333 0.00729167 0.0333333 0.0820527
9 0.429167 0.0555556 0.00729167 0.0277778 0.116087
2 0.483333 0.10787 0.0177083 0.0509259 0.125132
2 0.298698 0.106019 0.0411458 0.0805556 0.155558
2 0.322135 0.0893519 0.0380208 0.037963 0.320718
7 0.50651 0.10463 0.0421875 0.0611111 0.364479
2 0.627344 0.121296 0.0255208 0.05 0.388805
2 0.50651 0.10463 0.0421875 0.0611111 0.500044
2 0.455729 0.100463 0.0479167 0.0694444 0.654641
10 0.203646 0.315278 0.0166667 0.0712963 0.715431
2 0.318229 0.121296 0.0510417 0.0722222 0.725796
11 0.729167 0.0425926 0.0270833 0.0555556 0.817867
2 0.729688 0.418981 0.121875 0.171296 0.909116
