9 0.5 0.601852 0.0145833 0.0388889 0.00100772
2 0.591667 0.125463 0.0197917 0.0287037 0.0010477
7 0.99349 0.518519 0.0119792 0.17037 0.0010631
0 0.805729 0.661574 0.0625 0.169444 0.00110188
9 0.188021 0.075463 0.00729167 0.0305556 0.00111045
2 0.780469 0.108796 0.0328125 0.0583333 0.00113882
32 0.482031 0.490278 0.0130208 0.025 0.00118579
1 0.00885417 0.402315 0.0177083 0.0990741 0.00139374
2 0.515365 0.112963 0.272396 0.0777778 0.00143768
2 0.441927 0.0763889 0.0151042 0.0361111 0.00148265
9 0.261458 0.0490741 0.0135417 0.0407407 0.00155241
2 0.454427 0.0643518 0.0171875 0.0324074 0.00159732
13 0.970573 0.523148 0.0578125 0.17963 0.00166538
7 0.220313 0.062037 0.0510417 0.0777778 0.0017096
9 0.548177 0.0513889 0.0109375 0.0231481 0.00173515
2 0.28724 0.0763889 0.0161458 0.0305556 0.00175975
9 0.415365 0.0138889 0.0161458 0.0277778 0.00188163
2 0.634896 0.169907 0.03125 0.110185 0.00202088
2 0.53125 0.112037 0.0135417 0.0444444 0.0020209
10 0.00364583 0.412037 0.00729167 0.0759259 0.00218618
9 0.291927 0.0527778 0.00885417 0.0407407 0.00219886
9 0.2875 0.0759259 0.009375 0.0222222 0.00226958
12 0.985677 0.499537 0.0234375 0.126852 0.00231611
2 0.277344 0.120833 0.0286458 0.0490741 0.00236052
12 0.965365 0.503241 0.0234375 0.0712963 0.00246177
9 0.2875 0.0453704 0.0125 0.0537037 0.00247359
2 0.270833 0.0958333 0.0145833 0.0435185 0.00249625
9 0.218229 0.100926 0.00833333 0.0351852 0.00254855
9 0.24349 0.0796296 0.0078125 0.0407407 0.00255045
2 0.445833 0.112963 0.0239583 0.0222222 0.00256668
0 0.73151 0.372222 0.0276042 0.0296296 0.00270431
2 0.407292 0.110648 0.282292 0.0675926 0.00272951
0 0.757292 0.375926 0.0177083 0.0259259 0.00286502
32 0.454167 0.313889 0.00729167 0.0148148 0.00297549
2 0.00364583 0.414352 0.00729167 0.0731481 0.00305023
2 0.238542 0.140278 0.01875 0.0416667 0.00311179
7 0.639323 0.194907 0.0151042 0.0601852 0.00342771
1 0.00442708 0.390741 0.00885417 0.118519 0.00372842
7 0.30625 0.107407 0.0489583 0.0777778 0.0037578
9 0.572656 0.0310185 0.0151042 0.0601852 0.00377156
0 0.617188 0.209259 0.00833333 0.0296296 0.00396587
2 0.460156 0.108333 0.148438 0.0537037 0.00396741
12 0.973177 0.495833 0.0401042 0.119444 0.00397513
2 0.785937 0.0898148 0.0177083 0.0222222 0.00410218
9 0.986458 0.494907 0.0229167 0.121296 0.00428943
9 0.110417 0.0277778 0.0135417 0.037037 0.00431427
5 0.214062 0.0601852 0.0364583 0.062963 0.0043879
12 0.994792 0.493981 0.009375 0.126852 0.00473978
7 0.971094 0.526389 0.0567708 0.197222 0.0052549
0 0.582031 0.214352 0.0192708 0.0342593 0.00536939
2 0.363281 0.0666667 0.0119792 0.0203704 0.00568524
9 0.995313 0.491204 0.00833333 0.126852 0.00613565
9 0.236979 0.0675926 0.015625 0.0444444 0.0064352
9 0.502865 0.758333 0.0119792 0.0592593 0.00729097
2 0.60599 0.0587963 0.00989583 0.0268519 0.00753991
2 0.269531 0.112037 0.0119792 0.0314815 0.00762281
0 0.75625 0.0912037 0.015625 0.0824074 0.00769178
2 0.643229 0.194444 0.0145833 0.0611111 0.00813534
9 0.973437 0.497222 0.0395833 0.122222 0.00824757
2 0.436198 0.0763889 0.0109375 0.0305556 0.00825837
9 0.213281 0.0523148 0.0328125 0.0490741 0.00908849
0 0.627865 0.134259 0.0234375 0.0518519 0.00964699
0 0.714583 0.370833 0.021875 0.0268519 0.0100668
9 0.270312 0.0472222 0.01875 0.037037 0.0124585
2 0.291667 0.0699074 0.009375 0.0157407 0.013473
9 0.26901 0.0300926 0.0223958 0.0546296 0.0145584
2 0.342448 0.0875 0.0140625 0.0287037 0.0165373
2 0.348437 0.118056 0.0145833 0.037963 0.0196687
9 0.28151 0.0847222 0.00572917 0.0231481 0.0200803
9 0.566927 0.0476852 0.0078125 0.025 0.0270287
2 0.463021 0.111574 0.015625 0.0398148 0.0272104
2 0.290365 0.122222 0.0161458 0.0407407 0.028548
9 0.207031 0.0699074 0.0192708 0.0416667 0.0344715
0 0.442448 0.0856481 0.0130208 0.025 0.0477059
9 0.219531 0.0898148 0.0078125 0.012963 0.0607311
7 0.321094 0.0861111 0.0421875 0.0351852 0.0629277
9 0.221875 0.0578704 0.0125 0.0342593 0.0956793
2 0.321615 0.0837963 0.0369792 0.0324074 0.179351
2 0.627344 0.118519 0.0255208 0.0481481 0.414578
2 0.473177 0.109259 0.0328125 0.0444444 0.459177
2 0.50599 0.103704 0.0432292 0.062963 0.580842
2 0.417448 0.0694444 0.0276042 0.0388889 0.601007
2 0.317969 0.121759 0.0505208 0.0694444 0.609694
10 0.204167 0.315741 0.0166667 0.0703704 0.681501
2 0.358333 0.114352 0.0291667 0.0342593 0.74406
11 0.728906 0.0425926 0.0276042 0.0537037 0.76389
7 0.590365 0.243056 0.105729 0.169444 0.832178
2 0.730208 0.419444 0.122917 0.172222 0.914856
