12 0.700521 0.163889 0.0208333 0.0407407 0.00105227
9 0.50026 0.601852 0.0151042 0.0407407 0.0010826
2 0.523958 0.106944 0.0354167 0.0546296 0.00109418
2 0.448438 0.108796 0.0364583 0.0435185 0.00113833
11 0.236719 0.0675926 0.0161458 0.0425926 0.00115085
2 0.0078125 0.377315 0.015625 0.037963 0.00117441
2 0.00859375 0.399537 0.0171875 0.10463 0.00121388
2 0.530208 0.111574 0.0135417 0.0453704 0.00126229
0 0.816667 0.234722 0.009375 0.037963 0.00135114
12 0.21901 0.108333 0.00989583 0.0481481 0.00138532
9 0.361719 0.0699074 0.0078125 0.025 0.00141571
2 0.421615 0.110648 0.306771 0.0861111 0.00144221
0 0.565885 0.785648 0.0380208 0.0416667 0.00145648
32 0.454167 0.313889 0.00833333 0.0148148 0.00149083
2 0.236458 0.0638889 0.015625 0.0351852 0.00152572
7 0.273958 0.062963 0.0416667 0.12037 0.00159969
58 0.951563 0.200463 0.096875 0.319444 0.00161874
2 0.00416667 0.418519 0.00833333 0.062963 0.00173016
2 0.961979 0.552315 0.0395833 0.0435185 0.00180139
0 0.757292 0.373611 0.0197917 0.0342593 0.00185915
2 0.470313 0.111574 0.0947917 0.0694444 0.00209743
9 0.270312 0.0314815 0.0239583 0.0574074 0.00211011
9 0.415104 0.0101852 0.015625 0.0203704 0.00211704
2 0.785417 0.0893519 0.0239583 0.0231481 0.00216029
13 0.00677083 0.400463 0.0135417 0.0990741 0.00216952
12 0.701302 0.140741 0.0213542 0.0833333 0.00217942
7 0.276563 0.0486111 0.0354167 0.0601852 0.00218345
2 0.783594 0.0837963 0.0161458 0.0212963 0.00221039
2 0.563802 0.111574 0.261979 0.075 0.00222233
2 0.263281 0.0939815 0.00989583 0.0509259 0.00227591
11 0.240365 0.0361111 0.0223958 0.0685185 0.00230655
58 0.967969 0.491204 0.0307292 0.087963 0.00231473
0 0.754427 0.0888889 0.0171875 0.0777778 0.00235782
9 0.548177 0.0523148 0.0109375 0.0231481 0.002522
2 0.286198 0.119444 0.0151042 0.0611111 0.002558
2 0.661719 0.148148 0.0661458 0.0592593 0.0026129
9 0.211719 0.0643518 0.0296875 0.0527778 0.00262811
0 0.708073 0.372222 0.0203125 0.0296296 0.00289801
9 0.292448 0.0518519 0.0078125 0.0407407 0.00303578
0 0.73099 0.370833 0.0276042 0.0305556 0.00304105
9 0.459115 0.0652778 0.0078125 0.0287037 0.00305096
9 0.583594 0.0361111 0.0119792 0.0574074 0.00327826
2 0.255208 0.0875 0.0229167 0.037963 0.00383821
0 0.282552 0.0828704 0.0078125 0.0268519 0.00384728
0 0.717448 0.370833 0.0265625 0.0287037 0.00402392
2 0.269531 0.0486111 0.0192708 0.0361111 0.0041476
7 0.970312 0.519444 0.0583333 0.187037 0.00456116
7 0.993229 0.518519 0.0125 0.174074 0.00564199
2 0.23724 0.138426 0.0192708 0.0453704 0.00690566
2 0.776302 0.10463 0.0234375 0.0277778 0.00705973
9 0.99401 0.505556 0.0109375 0.155556 0.00711852
9 0.56875 0.0305556 0.0114583 0.0574074 0.00747069
2 0.441927 0.0847222 0.0119792 0.025 0.00769036
5 0.220573 0.0634259 0.0484375 0.0601852 0.00776045
2 0.288281 0.0782407 0.0130208 0.0231481 0.00776459
2 0.448177 0.115278 0.0296875 0.0231481 0.00780363
12 0.692448 0.162963 0.0078125 0.0407407 0.00841305
7 0.214844 0.062037 0.0401042 0.0648148 0.00893181
2 0.783073 0.0907407 0.0140625 0.0166667 0.0102426
2 0.291406 0.1125 0.0182292 0.0546296 0.0108723
9 0.219531 0.0893519 0.00885417 0.0138889 0.0122179
2 0.270052 0.108333 0.0140625 0.0388889 0.0136598
0 0.585417 0.786111 0.0447917 0.0388889 0.0156629
9 0.566667 0.0467593 0.009375 0.025 0.0193099
2 0.605729 0.0597222 0.0104167 0.0268519 0.021286
2 0.592188 0.127315 0.0177083 0.025 0.0219527
2 0.634115 0.141667 0.0109375 0.0481481 0.0227728
2 0.46875 0.108333 0.028125 0.0444444 0.0256113
0 0.66276 0.787037 0.0484375 0.0351852 0.028216
9 0.441927 0.0851852 0.0119792 0.0259259 0.0310348
2 0.290625 0.0722222 0.0125 0.0166667 0.0361252
2 0.492708 0.106944 0.0239583 0.0509259 0.0499799
2 0.46276 0.110648 0.0130208 0.0398148 0.128131
2 0.321354 0.0847222 0.0375 0.0342593 0.366721
2 0.626562 0.121296 0.0260417 0.0537037 0.372856
2 0.478646 0.109259 0.0229167 0.0444444 0.385251
2 0.505469 0.102315 0.0432292 0.0638889 0.431496
7 0.505469 0.102778 0.0432292 0.062963 0.453065
7 0.625781 0.859259 0.256771 0.272222 0.456176
10 0.203646 0.314815 0.0145833 0.0722222 0.715797
2 0.317708 0.12037 0.0510417 0.0703704 0.741049
2 0.626042 0.858796 0.257292 0.271296 0.744892
11 0.728646 0.0407407 0.0270833 0.0518519 0.769891
2 0.729167 0.418981 0.123958 0.171296 0.911665
