9 0.990885 0.51713 0.0171875 0.173148 0.00100565
7 0.792188 0.0634259 0.0333333 0.0601852 0.00101781
7 0.236719 0.0736111 0.0192708 0.0546296 0.00102703
9 0.257552 0.0796296 0.0161458 0.0518519 0.00102937
2 0.430729 0.0898148 0.0395833 0.0537037 0.00103641
2 0.3 0.127315 0.0270833 0.0638889 0.00104765
2 0.466146 0.0222222 0.021875 0.0222222 0.00109698
9 0.439063 0.196296 0.0125 0.0333333 0.00113247
2 0.255208 0.0865741 0.0197917 0.037963 0.00116677
2 0.961198 0.556481 0.0380208 0.0425926 0.00126015
9 0.548698 0.0486111 0.0130208 0.025 0.00127536
9 0.589323 0.0425926 0.0140625 0.0444444 0.00137835
11 0.23724 0.0685185 0.0171875 0.0444444 0.00138051
7 0.29375 0.100463 0.09375 0.087963 0.00141162
0 0.361198 0.0731481 0.0130208 0.0296296 0.00156369
9 0.995052 0.533796 0.00885417 0.0657407 0.00156637
13 0.0143229 0.399537 0.0286458 0.112037 0.00160076
12 0.702344 0.131019 0.0234375 0.0712963 0.00161601
7 0.970573 0.518056 0.0578125 0.180556 0.0016867
2 0.269792 0.0546296 0.0197917 0.037037 0.0016993
9 0.558333 0.0287037 0.0229167 0.0518519 0.00174499
2 0.241406 0.106944 0.0151042 0.0361111 0.00188189
7 0.989844 0.516204 0.0192708 0.180556 0.00190169
2 0.648177 0.148611 0.0359375 0.0583333 0.0019436
0 0.23776 0.138426 0.0171875 0.0416667 0.00195796
2 0.346354 0.107407 0.0135417 0.0351852 0.00199215
9 0.36276 0.0481481 0.0109375 0.037037 0.00200009
9 0.267188 0.0351852 0.025 0.0685185 0.00207159
0 0.715104 0.37037 0.025 0.0277778 0.00214597
12 0.701823 0.163426 0.0223958 0.037963 0.00218371
2 0.575781 0.127315 0.0526042 0.0324074 0.00266778
2 0.528385 0.112963 0.317187 0.0722222 0.00266925
2 0.293229 0.0875 0.0302083 0.0472222 0.00281808
9 0.576302 0.0328704 0.0161458 0.062037 0.00285463
2 0.363021 0.0694444 0.0125 0.0222222 0.00308197
1 0.009375 0.4 0.01875 0.111111 0.00311174
9 0.5625 0.050463 0.01875 0.0268519 0.00320005
1 0.0078125 0.368519 0.015625 0.0574074 0.00350841
0 0.26224 0.101389 0.00989583 0.0564815 0.00358003
12 0.69349 0.162963 0.00677083 0.0388889 0.00378333
9 0.5 0.603241 0.0145833 0.037963 0.0038582
0 0.267448 0.0990741 0.0119792 0.0555556 0.00404026
9 0.583594 0.0430556 0.0119792 0.037963 0.00408211
2 0.443229 0.0657407 0.0302083 0.0296296 0.00422481
1 0.00442708 0.406019 0.00885417 0.0935185 0.00477615
9 0.269271 0.05 0.0197917 0.0351852 0.00486725
0 0.75625 0.087963 0.0135417 0.0685185 0.00505137
2 0.36901 0.1125 0.155729 0.0601852 0.00593933
2 0.466406 0.111574 0.0901042 0.0546296 0.00597377
12 0.994271 0.506944 0.0104167 0.149074 0.00641505
2 0.78125 0.100926 0.0333333 0.0481481 0.00738775
2 0.270833 0.110185 0.0135417 0.0388889 0.0107315
11 0.60651 0.0601852 0.00989583 0.0240741 0.0127825
0 0.995573 0.32963 0.0078125 0.05 0.0143787
9 0.570573 0.0314815 0.0130208 0.0592593 0.0150962
2 0.238542 0.141204 0.0177083 0.0398148 0.0162582
9 0.269271 0.0199074 0.0208333 0.0361111 0.0194508
7 0.427865 0.0611111 0.0484375 0.037037 0.0214881
9 0.502083 0.760648 0.0125 0.0546296 0.0235428
2 0.786198 0.0898148 0.0161458 0.0240741 0.0259799
2 0.488802 0.10787 0.0151042 0.0490741 0.0334884
0 0.635417 0.147685 0.009375 0.0509259 0.0335766
2 0.635156 0.145833 0.0109375 0.0509259 0.0437699
7 0.220052 0.0652778 0.0505208 0.062037 0.0458366
2 0.592448 0.128704 0.0182292 0.0222222 0.0528954
5 0.220313 0.0666667 0.0510417 0.0592593 0.0603964
2 0.297135 0.106944 0.0359375 0.0842593 0.0816047
0 0.44349 0.0861111 0.0130208 0.0314815 0.0892391
9 0.567448 0.0486111 0.00885417 0.025 0.107142
2 0.460938 0.113889 0.0125 0.0351852 0.150033
7 0.298177 0.106481 0.0401042 0.0833333 0.208374
2 0.322656 0.087037 0.0380208 0.037037 0.251945
2 0.472656 0.109259 0.0328125 0.0462963 0.318907
2 0.627604 0.121759 0.025 0.0527778 0.33286
2 0.427604 0.0625 0.0479167 0.0342593 0.416786
2 0.505469 0.103704 0.0432292 0.062963 0.492122
2 0.31849 0.121759 0.0505208 0.0712963 0.6431
10 0.203906 0.316204 0.0161458 0.0712963 0.735988
2 0.427604 0.1125 0.03125 0.0361111 0.775915
11 0.728906 0.0430556 0.0265625 0.0564815 0.789836
2 0.368229 0.112963 0.0354167 0.0388889 0.827913
2 0.729688 0.419444 0.122917 0.17037 0.896732
