32 0.460938 0.356019 0.0114583 0.0157407 0.00100072
2 0.772917 0.112037 0.015625 0.0314815 0.00100804
9 0.995573 0.531482 0.0078125 0.0425926 0.00107911
7 0.220573 0.0930556 0.0536458 0.121296 0.00108223
2 0.811458 0.0814815 0.021875 0.0277778 0.00111634
9 0.416406 0.0138889 0.0182292 0.0277778 0.00134615
0 0.448698 0.418519 0.764063 0.751852 0.00141527
9 0.590625 0.0384259 0.0125 0.0490741 0.00144279
9 0.548437 0.05 0.0114583 0.0296296 0.00148649
12 0.701302 0.164352 0.0203125 0.0398148 0.00149538
2 0.652604 0.153241 0.0447917 0.0601852 0.001564
9 0.236719 0.0712963 0.0192708 0.05 0.00156657
0 0.253906 0.131481 0.0140625 0.0555556 0.0016131
12 0.976823 0.496296 0.0442708 0.12963 0.00164533
2 0.816406 0.229167 0.0109375 0.0435185 0.00164951
13 0.99375 0.518056 0.0114583 0.171296 0.00170981
0 0.502083 0.0560185 0.0125 0.0305556 0.00171023
2 0.78125 0.104167 0.0333333 0.0546296 0.00171045
0 0.26276 0.10787 0.00885417 0.0509259 0.00173448
0 0.757031 0.0939815 0.0130208 0.0805556 0.00180023
9 0.583333 0.0356481 0.015625 0.0601852 0.00199873
2 0.578906 0.128241 0.0453125 0.0324074 0.00208923
1 0.0138021 0.395833 0.0276042 0.110185 0.00210338
32 0.453906 0.316204 0.0078125 0.0157407 0.00217499
9 0.109635 0.0273148 0.0151042 0.0361111 0.00221151
9 0.500521 0.602778 0.015625 0.0425926 0.00222007
5 0.229427 0.0722222 0.0338542 0.0555556 0.00224007
9 0.21849 0.105556 0.00885417 0.037037 0.00224078
13 0.971615 0.519907 0.0557292 0.180556 0.00224475
7 0.416667 0.0171296 0.01875 0.0342593 0.00228563
7 0.482292 0.0435185 0.0510417 0.0814815 0.00231547
12 0.69349 0.163889 0.0078125 0.0388889 0.00253067
12 0.702083 0.139352 0.0229167 0.087963 0.00259788
2 0.540104 0.106481 0.192708 0.0740741 0.00271463
0 0.267188 0.0958333 0.009375 0.0472222 0.00303157
9 0.282031 0.0893519 0.0078125 0.0231481 0.00304138
0 0.716927 0.371759 0.0244792 0.0268519 0.00310838
7 0.439063 0.0662037 0.0354167 0.0472222 0.00315227
9 0.253125 0.0861111 0.0135417 0.0351852 0.00315447
0 0.286719 0.116667 0.0151042 0.0592593 0.00318415
0 0.708594 0.372222 0.0203125 0.0277778 0.00334609
9 0.263281 0.0842593 0.00885417 0.0314815 0.00338507
9 0.502865 0.760185 0.0109375 0.0555556 0.00342483
7 0.472917 0.0583333 0.034375 0.0444444 0.00345222
9 0.292188 0.0699074 0.0114583 0.0175926 0.00353025
2 0.497656 0.0625 0.0213542 0.0287037 0.00354646
9 0.292708 0.0541667 0.0104167 0.0453704 0.00365991
7 0.221094 0.0532407 0.0536458 0.087963 0.00366701
1 0.0117188 0.363889 0.0234375 0.0518519 0.00366952
12 0.994792 0.493056 0.009375 0.130556 0.00367832
9 0.995052 0.49213 0.00885417 0.132407 0.00372361
1 0.809635 0.331481 0.0213542 0.087037 0.00430563
9 0.256771 0.0759259 0.0104167 0.0481481 0.00451704
2 0.385417 0.10463 0.189583 0.087037 0.00459054
7 0.789583 0.0638889 0.028125 0.0611111 0.00461782
0 0.351042 0.600463 0.059375 0.0638889 0.00489784
11 0.60599 0.0597222 0.00989583 0.025 0.00505718
7 0.486458 0.062037 0.0260417 0.0407407 0.00527496
9 0.566406 0.0314815 0.0140625 0.0592593 0.00531685
2 0.238802 0.139352 0.0203125 0.0453704 0.00537068
2 0.592188 0.127315 0.01875 0.0231481 0.00595264
2 0.453125 0.0759259 0.0135417 0.0388889 0.0061895
0 0.326042 0.6125 0.025 0.0527778 0.0067376
2 0.286719 0.120833 0.0151042 0.0564815 0.0072503
9 0.115885 0.0236111 0.0151042 0.037963 0.00781981
1 0.00390625 0.411111 0.0078125 0.0777778 0.00784909
0 0.386719 0.603241 0.0338542 0.0416667 0.008988
9 0.206771 0.0680556 0.0229167 0.0453704 0.00947361
2 0.43151 0.0597222 0.0203125 0.0324074 0.0105165
2 0.270833 0.111111 0.0125 0.0333333 0.0119685
0 0.366406 0.603704 0.0411458 0.0462963 0.0133
7 0.213281 0.0662037 0.0359375 0.0546296 0.015757
0 0.635417 0.149074 0.009375 0.05 0.017166
2 0.814583 0.075 0.0177083 0.0166667 0.0184436
2 0.469271 0.0819444 0.0260417 0.0231481 0.0233757
2 0.786198 0.0888889 0.0151042 0.0222222 0.0239934
2 0.291667 0.119907 0.0145833 0.037963 0.0276483
2 0.79349 0.961574 0.306771 0.0731481 0.0290792
5 0.2125 0.0652778 0.0354167 0.0564815 0.0291729
0 0.338542 0.609722 0.0364583 0.0527778 0.0369898
0 0.407292 0.599074 0.0427083 0.05 0.0371069
7 0.299479 0.103241 0.034375 0.075 0.0430458
2 0.444271 0.0837963 0.0114583 0.025 0.0601107
9 0.269531 0.0356481 0.0223958 0.0675926 0.0646257
9 0.567448 0.0486111 0.00885417 0.0231481 0.0655564
7 0.796354 0.961574 0.296875 0.0731481 0.0800035
2 0.484635 0.0652778 0.0213542 0.0324074 0.183017
2 0.466927 0.0675926 0.0203125 0.0259259 0.197407
2 0.43776 0.0680556 0.0328125 0.0416667 0.258006
2 0.322656 0.087037 0.0390625 0.0388889 0.260892
2 0.627344 0.122222 0.0255208 0.0518519 0.287184
2 0.417448 0.0703704 0.0203125 0.0296296 0.355061
7 0.50625 0.103241 0.0427083 0.0657407 0.376043
2 0.371094 0.0615741 0.0432292 0.0305556 0.378914
2 0.50599 0.103241 0.0432292 0.0657407 0.471137
2 0.472917 0.109259 0.034375 0.0462963 0.515936
10 0.203906 0.31713 0.0161458 0.0694444 0.558736
2 0.318229 0.122222 0.0510417 0.0685185 0.621501
2 0.428906 0.106019 0.0348958 0.0509259 0.751042
11 0.729688 0.0421296 0.0270833 0.0564815 0.823542
2 0.372396 0.672222 0.185417 0.314815 0.879028
2 0.729688 0.418981 0.122917 0.173148 0.911645
