9 0.258594 0.0759259 0.0140625 0.0537037 0.00100773
0 0.536719 0.289815 0.518229 0.461111 0.00111226
2 0.0117188 0.364815 0.0234375 0.0481481 0.00112241
2 0.593229 0.124537 0.0177083 0.025 0.00113289
12 0.700781 0.164352 0.0223958 0.037963 0.00115952
7 0.220833 0.0578704 0.0541667 0.0935185 0.00119703
2 0.815104 0.0782407 0.015625 0.0194444 0.00121661
9 0.244792 0.0907407 0.0104167 0.0351852 0.00127865
13 0.970312 0.569907 0.0572917 0.0768519 0.00135141
9 0.252344 0.0884259 0.0140625 0.0361111 0.00147475
9 0.2375 0.0708333 0.0135417 0.0416667 0.00152143
9 0.817187 0.233796 0.00833333 0.0416667 0.001572
1 0.0138021 0.393056 0.0276042 0.117593 0.00160786
11 0.239844 0.0347222 0.0223958 0.0675926 0.001631
58 0.96901 0.495833 0.0307292 0.0935185 0.00170067
0 0.75599 0.0805556 0.0130208 0.0537037 0.00172498
9 0.99401 0.503241 0.0109375 0.147222 0.0017881
2 0.661979 0.151389 0.0635417 0.0657407 0.00179347
0 0.729167 0.372222 0.0260417 0.0277778 0.00188041
0 0.75599 0.374537 0.0223958 0.0324074 0.0019062
9 0.264323 0.0925926 0.0119792 0.0444444 0.00197682
2 0.363802 0.0680556 0.0109375 0.0194444 0.00201319
2 0.788281 0.075463 0.0223958 0.0490741 0.00212251
7 0.992188 0.516667 0.0145833 0.172222 0.00213243
9 0.215625 0.062963 0.0385417 0.0555556 0.00243353
1 0.810677 0.329167 0.0182292 0.087963 0.00254021
9 0.757031 0.0736111 0.0109375 0.0398148 0.0025614
13 0.970833 0.52037 0.0572917 0.17963 0.00263696
12 0.994531 0.5 0.00989583 0.142593 0.00286397
2 0.60599 0.0601852 0.00989583 0.0222222 0.00291044
2 0.553125 0.429167 0.530208 0.176852 0.00291737
9 0.29375 0.0537037 0.009375 0.0444444 0.00295655
11 0.23724 0.0662037 0.0161458 0.0361111 0.00334945
2 0.442448 0.0861111 0.0140625 0.0259259 0.00335771
2 0.238542 0.139352 0.01875 0.0453704 0.00346203
2 0.411979 0.111111 0.279167 0.0814815 0.00355605
0 0.361979 0.0703704 0.00833333 0.0222222 0.00364771
2 0.552344 0.110185 0.249479 0.0685185 0.0037034
2 0.641406 0.150926 0.0203125 0.062963 0.00372825
2 0.297917 0.106944 0.0739583 0.0898148 0.00376094
2 0.785417 0.0884259 0.0145833 0.0231481 0.00377372
0 0.263281 0.103704 0.00885417 0.0518519 0.00405485
7 0.788802 0.0648148 0.0255208 0.062963 0.0040661
9 0.573698 0.0310185 0.0151042 0.0601852 0.00457056
2 0.00416667 0.411111 0.00833333 0.0833333 0.00468704
0 0.713281 0.371759 0.0213542 0.0268519 0.00483718
7 0.970833 0.525463 0.0572917 0.200926 0.00502665
1 0.00442708 0.392593 0.00885417 0.12037 0.00516837
9 0.21875 0.0555556 0.021875 0.05 0.00538509
2 0.463281 0.110648 0.102604 0.062037 0.00545694
9 0.502344 0.759722 0.0119792 0.0564815 0.00569995
7 0.213021 0.0634259 0.0364583 0.0583333 0.00611759
9 0.207292 0.0671296 0.0208333 0.0453704 0.00641622
0 0.384635 0.421296 0.0734375 0.05 0.00674076
0 0.353646 0.426852 0.0333333 0.0462963 0.00736507
0 0.995573 0.327778 0.0078125 0.0555556 0.00753214
12 0.692448 0.164815 0.0078125 0.0407407 0.00835047
9 0.442187 0.0865741 0.0135417 0.025 0.00957939
9 0.220052 0.087963 0.00989583 0.0166667 0.0127015
9 0.566927 0.0476852 0.0078125 0.0231481 0.0201038
0 0.635417 0.149537 0.009375 0.0546296 0.0235728
2 0.271615 0.109259 0.0151042 0.0407407 0.0255002
2 0.635156 0.148611 0.0109375 0.0601852 0.0260804
2 0.486719 0.107407 0.0151042 0.05 0.0309461
9 0.26901 0.0356481 0.0223958 0.0675926 0.0520429
2 0.4625 0.111574 0.0145833 0.037963 0.0659996
0 0.404167 0.420833 0.0333333 0.0416667 0.0714541
7 0.297917 0.106481 0.040625 0.0796296 0.106629
2 0.29375 0.107407 0.0302083 0.0777778 0.119222
0 0.367969 0.424537 0.0359375 0.0416667 0.165504
2 0.472917 0.108796 0.0333333 0.0453704 0.38749
2 0.322917 0.0865741 0.0375 0.0361111 0.411469
2 0.627344 0.122222 0.0255208 0.0518519 0.496362
2 0.505469 0.104167 0.0442708 0.062037 0.543556
2 0.31849 0.121296 0.0505208 0.0703704 0.722082
11 0.728906 0.0430556 0.0276042 0.0564815 0.783286
10 0.203906 0.316204 0.0161458 0.0712963 0.79917
2 0.448177 0.249074 0.102604 0.114815 0.901519
2 0.729688 0.418981 0.122917 0.169444 0.913338
2 0.383073 0.467593 0.132812 0.183333 0.92947
