0 0.532031 0.297222 0.555729 0.501852 0.00107
74 0.0674479 0.109259 0.0223958 0.0407407 0.00109757
9 0.239583 0.0388889 0.021875 0.0759259 0.00113887
9 0.590104 0.0365741 0.0177083 0.0694444 0.00114017
9 0.35651 0.0259259 0.00677083 0.0203704 0.00116005
9 0.244531 0.0884259 0.00989583 0.0342593 0.00121884
9 0.361979 0.0472222 0.0104167 0.0351852 0.00123243
9 0.27526 0.0546296 0.0390625 0.105556 0.0012466
2 0.661979 0.15 0.0645833 0.062963 0.00128143
2 0.788281 0.0810185 0.0151042 0.0212963 0.00134464
2 0.285417 0.119907 0.0145833 0.062037 0.00136044
9 0.288281 0.0800926 0.00989583 0.025 0.00138071
12 0.702083 0.161574 0.0197917 0.0435185 0.00143411
9 0.361198 0.0634259 0.0109375 0.025 0.00143663
0 0.283594 0.112037 0.0140625 0.0703704 0.00152576
9 0.277083 0.0601852 0.0260417 0.0611111 0.00157245
2 0.6 0.423611 0.70625 0.184259 0.00158146
2 0.363281 0.0662037 0.0119792 0.0212963 0.00158576
9 0.291927 0.0541667 0.00989583 0.0453704 0.00172557
58 0.921875 0.185185 0.15625 0.359259 0.00183627
9 0.592448 0.0449074 0.0109375 0.0453704 0.00193822
9 0.214062 0.0615741 0.0333333 0.0546296 0.00194312
9 0.453906 0.313426 0.00885417 0.0157407 0.00197899
13 0.970573 0.523611 0.0578125 0.186111 0.0019919
0 0.26276 0.103241 0.00885417 0.0527778 0.00202404
2 0.55651 0.112963 0.309896 0.0796296 0.0022277
2 0.421615 0.109259 0.309896 0.0888889 0.00224762
9 0.109375 0.024537 0.0104167 0.0361111 0.00229252
9 0.415104 0.0106481 0.015625 0.0212963 0.00238358
2 0.267969 0.10787 0.00885417 0.037963 0.00239419
9 0.583594 0.0365741 0.0130208 0.062037 0.00243493
2 0.327083 0.106944 0.084375 0.0935185 0.0024705
9 0.559115 0.0324074 0.0244792 0.0481481 0.00257499
9 0.576042 0.0342593 0.015625 0.0666667 0.00258558
12 0.985417 0.498148 0.0260417 0.127778 0.00261193
2 0.446354 0.106019 0.034375 0.0472222 0.0026877
9 0.547917 0.05 0.0104167 0.0259259 0.00281477
9 0.291667 0.0703704 0.009375 0.0166667 0.00297
2 0.592708 0.126852 0.01875 0.0240741 0.00304862
2 0.785677 0.0888889 0.0151042 0.0222222 0.00307814
9 0.116146 0.0222222 0.015625 0.037037 0.00327276
0 0.733073 0.371759 0.0369792 0.0305556 0.00339236
12 0.966146 0.498611 0.025 0.0768519 0.00343747
9 0.261719 0.0407407 0.0140625 0.0611111 0.003491
7 0.971094 0.525463 0.0567708 0.199074 0.00349565
12 0.702344 0.140278 0.0234375 0.0861111 0.0036135
0 0.757552 0.376389 0.0182292 0.0287037 0.00423638
1 0.0122396 0.370833 0.0244792 0.0490741 0.00461038
2 0.238281 0.141204 0.0182292 0.0416667 0.00485201
9 0.208073 0.0680556 0.0203125 0.0416667 0.00489637
0 0.361979 0.0671296 0.009375 0.0324074 0.00501209
2 0.473698 0.110185 0.0859375 0.0685185 0.00507984
0 0.716146 0.371296 0.025 0.0259259 0.00538686
11 0.240625 0.0333333 0.0208333 0.0648148 0.00544307
9 0.23724 0.0703704 0.0130208 0.0407407 0.00546162
0 0.757031 0.0925926 0.0130208 0.0851852 0.00583151
2 0.442969 0.0893519 0.0140625 0.0305556 0.00596188
9 0.994531 0.493981 0.00989583 0.126852 0.00639418
2 0.294792 0.115278 0.0208333 0.0583333 0.00763591
12 0.973437 0.494444 0.0385417 0.118519 0.00865649
1 0.00911458 0.398611 0.0182292 0.102778 0.00870229
12 0.994792 0.49213 0.009375 0.125 0.00873696
9 0.280729 0.0875 0.00729167 0.0268519 0.00918311
9 0.219792 0.10463 0.0114583 0.0388889 0.00918442
9 0.257812 0.0777778 0.009375 0.0518519 0.00963723
9 0.570573 0.0314815 0.0140625 0.0592593 0.0103806
2 0.635156 0.144907 0.0109375 0.0527778 0.0114691
9 0.252865 0.0865741 0.0119792 0.0361111 0.0119747
19 0.442969 0.0888889 0.0140625 0.0277778 0.0120515
0 0.635156 0.148148 0.00989583 0.05 0.0123032
0 0.44349 0.0986111 0.0182292 0.0490741 0.0149028
9 0.266406 0.0930556 0.00885417 0.0416667 0.0166683
11 0.60599 0.0592593 0.00989583 0.0259259 0.0172888
1 0.00390625 0.398611 0.0078125 0.100926 0.0175455
9 0.26276 0.0875 0.00885417 0.0361111 0.0187049
9 0.219792 0.0902778 0.00833333 0.0157407 0.040834
9 0.500781 0.602315 0.0140625 0.0398148 0.0479107
2 0.46276 0.112037 0.0151042 0.037037 0.0626994
9 0.269531 0.0356481 0.0223958 0.0675926 0.067708
9 0.567448 0.0476852 0.00885417 0.025 0.0749612
9 0.222917 0.0587963 0.0114583 0.0361111 0.0835742
9 0.503385 0.760648 0.0119792 0.0564815 0.090771
7 0.50625 0.104167 0.04375 0.0638889 0.342449
2 0.322656 0.0856481 0.0380208 0.0361111 0.350098
2 0.627604 0.120833 0.025 0.0490741 0.405488
2 0.475521 0.109259 0.0333333 0.0444444 0.417387
2 0.50599 0.103704 0.0432292 0.062963 0.517257
2 0.318229 0.121296 0.0520833 0.0703704 0.692347
11 0.729688 0.0430556 0.0270833 0.0564815 0.734215
10 0.203906 0.315741 0.0161458 0.0703704 0.800875
2 0.390365 0.160185 0.0598958 0.0814815 0.863085
2 0.730208 0.419444 0.121875 0.172222 0.912833
