9 0.429688 0.0388889 0.00833333 0.0240741 0.00101191
2 0.0549479 0.099537 0.0473958 0.0712963 0.00102885
12 0.689062 0.16713 0.0145833 0.0342593 0.0010305
9 0.5 0.601852 0.0145833 0.0407407 0.00103159
32 0.453906 0.314815 0.00885417 0.0148148 0.0010405
2 0.995052 0.330556 0.00885417 0.062963 0.00104852
13 0.961719 0.555093 0.0390625 0.0416667 0.00106212
12 0.701823 0.165278 0.0234375 0.0361111 0.00106246
2 0.0645833 0.109722 0.0270833 0.0490741 0.00106745
9 0.258854 0.0740741 0.0114583 0.05 0.00111911
7 0.970052 0.530093 0.0588542 0.210185 0.00117663
2 0.301302 0.130556 0.0223958 0.0574074 0.00128602
9 0.441406 0.228704 0.00989583 0.0240741 0.0012984
2 0.00729167 0.119444 0.0145833 0.0907407 0.00130353
0 0.730729 0.372685 0.0260417 0.0287037 0.00131712
2 0.0213542 0.128241 0.0427083 0.106481 0.00131859
1 0.683073 0.290741 0.0307292 0.0851852 0.00133016
13 0.994271 0.518981 0.0104167 0.171296 0.00136377
2 0.588542 0.125463 0.0114583 0.025 0.00137351
0 0.514844 0.261111 0.505729 0.409259 0.00138916
9 0.547917 0.0527778 0.0104167 0.0240741 0.00140049
2 0.225521 0.1375 0.0458333 0.0490741 0.00142666
9 0.817187 0.236111 0.00833333 0.0388889 0.00149284
2 0.438802 0.110185 0.154687 0.0611111 0.00162827
13 0.0135417 0.39213 0.0270833 0.121296 0.00164338
1 0.810417 0.331481 0.01875 0.087037 0.00165564
9 0.263281 0.087963 0.00885417 0.0388889 0.00167455
2 0.253385 0.133796 0.0234375 0.0509259 0.00169464
2 0.551562 0.110648 0.316667 0.0694444 0.00172571
2 0.0447917 0.0731481 0.0635417 0.0444444 0.00174696
7 0.988021 0.52037 0.0229167 0.188889 0.00177284
2 0.239844 0.114815 0.0192708 0.0425926 0.00178194
2 0.26224 0.109722 0.0109375 0.0416667 0.0018764
2 0.0328125 0.0680556 0.0197917 0.0194444 0.00195877
9 0.252604 0.087037 0.0125 0.0351852 0.00199638
2 0.00598958 0.0916667 0.0119792 0.0407407 0.00211302
12 0.69375 0.164815 0.00729167 0.037037 0.00215713
0 0.282552 0.0907407 0.0078125 0.0240741 0.00224982
2 0.502344 0.102778 0.0380208 0.0611111 0.00234717
2 0.358073 0.110648 0.105729 0.0712963 0.00236376
13 0.985156 0.52037 0.0286458 0.17963 0.00251216
1 0.03125 0.15463 0.0614583 0.0814815 0.0026
9 0.292708 0.0560185 0.009375 0.0435185 0.00260197
12 0.994531 0.506944 0.00989583 0.160185 0.00271157
1 0.00416667 0.456019 0.00833333 0.217593 0.00275221
7 0.788542 0.0657407 0.025 0.0666667 0.00279006
9 0.115365 0.0236111 0.0151042 0.0416667 0.00287546
0 0.285417 0.113426 0.0135417 0.062037 0.0031464
58 0.96849 0.497222 0.0307292 0.0925926 0.00318796
0 0.053125 0.106019 0.0114583 0.0416667 0.00320235
2 0.0580729 0.0689815 0.0359375 0.0268519 0.0032141
0 0.756771 0.074537 0.0104167 0.0416667 0.00346166
9 0.99349 0.506019 0.0119792 0.150926 0.0037142
2 0.286458 0.118981 0.0145833 0.062037 0.00376599
1 0.67474 0.276389 0.0348958 0.0564815 0.00387831
9 0.108594 0.0296296 0.00989583 0.037037 0.00413688
9 0.571615 0.0314815 0.0130208 0.0592593 0.00430994
1 0.00416667 0.393519 0.00833333 0.116667 0.00443624
2 0.310417 0.0819444 0.0270833 0.0342593 0.00458915
9 0.292448 0.0722222 0.00989583 0.0166667 0.00481448
0 0.714583 0.372685 0.0229167 0.0268519 0.0048208
0 0.75599 0.0939815 0.0130208 0.0787037 0.0049782
11 0.60625 0.0597222 0.0104167 0.025 0.00510176
9 0.458594 0.0657407 0.0078125 0.0296296 0.00537996
11 0.236979 0.0680556 0.0177083 0.0435185 0.00616505
2 0.59401 0.125463 0.0161458 0.0231481 0.00620556
9 0.2125 0.0643518 0.03125 0.0546296 0.00711847
2 0.442708 0.0884259 0.0135417 0.0305556 0.00903171
0 0.442969 0.0967593 0.0161458 0.0490741 0.00906336
10 0.443229 0.0875 0.0135417 0.0287037 0.00964963
0 0.995573 0.327315 0.0078125 0.0564815 0.0102342
9 0.502865 0.759722 0.0140625 0.0546296 0.0103619
2 0.789583 0.0875 0.0208333 0.0268519 0.0107886
2 0.298438 0.106944 0.034375 0.0768519 0.0111969
0 0.635677 0.146759 0.00989583 0.0546296 0.0112029
7 0.220573 0.0625 0.0505208 0.0805556 0.0133407
5 0.218229 0.0657407 0.0447917 0.062963 0.0165312
2 0.29375 0.119444 0.021875 0.0592593 0.0173093
2 0.238542 0.140741 0.01875 0.0407407 0.0201474
7 0.29974 0.106944 0.0348958 0.0787037 0.0230581
2 0.271354 0.111574 0.0145833 0.0361111 0.0231346
2 0.36276 0.0685185 0.00989583 0.0240741 0.0316847
9 0.26875 0.0356481 0.021875 0.0675926 0.04074
2 0.48724 0.109259 0.0130208 0.0462963 0.0453724
9 0.567187 0.0476852 0.00833333 0.0231481 0.101656
2 0.464844 0.1125 0.0171875 0.037963 0.172157
2 0.479948 0.110648 0.0171875 0.0416667 0.211019
2 0.322396 0.0861111 0.0385417 0.0333333 0.345537
1 0.672135 0.287037 0.0213542 0.0537037 0.431795
2 0.627604 0.122222 0.025 0.0537037 0.46324
7 0.50651 0.104167 0.0421875 0.0638889 0.534521
2 0.31849 0.121759 0.0515625 0.0712963 0.714889
2 0.390365 0.100463 0.0348958 0.0490741 0.739612
10 0.203906 0.315278 0.0161458 0.0712963 0.766354
0 0.674479 0.253704 0.028125 0.103704 0.775745
11 0.729167 0.0430556 0.0270833 0.0564815 0.789289
2 0.729688 0.418981 0.122917 0.173148 0.905888
