2 0.448698 0.108333 0.0317708 0.0425926 0.00100709
7 0.78776 0.0652778 0.0234375 0.0638889 0.00102242
9 0.415625 0.0101852 0.015625 0.0203704 0.00104686
58 0.917969 0.183796 0.164062 0.363889 0.00105372
9 0.577344 0.0337963 0.0151042 0.062037 0.00106491
2 0.595833 0.423611 0.4875 0.173148 0.00107324
58 0.969271 0.489815 0.03125 0.0962963 0.00108302
1 0.811458 0.335185 0.0166667 0.087037 0.00110857
2 0.0617188 0.062037 0.0369792 0.0314815 0.00115973
2 0.363542 0.0675926 0.0114583 0.0222222 0.00117187
0 0.708854 0.373148 0.0208333 0.0277778 0.00118132
2 0.2875 0.0777778 0.01875 0.0333333 0.00118444
9 0.26276 0.0851852 0.0078125 0.0333333 0.00132106
0 0.75625 0.114352 0.0145833 0.0398148 0.00132987
13 0.970573 0.552315 0.0578125 0.113889 0.00136209
2 0.638281 0.149074 0.0151042 0.0555556 0.00137385
12 0.692969 0.163889 0.00677083 0.0407407 0.0014313
2 0.776563 0.115741 0.0239583 0.0425926 0.00143693
2 0.26875 0.0949074 0.0114583 0.0490741 0.00143793
2 0.301042 0.134259 0.021875 0.05 0.001468
0 0.717448 0.371759 0.0234375 0.0268519 0.00150497
2 0.647917 0.149537 0.0364583 0.0564815 0.00150858
12 0.702344 0.164815 0.0203125 0.037037 0.00158314
13 0.986979 0.518981 0.025 0.175 0.00162198
2 0.540625 0.110185 0.289583 0.0740741 0.00180433
2 0.782292 0.10463 0.0364583 0.0592593 0.00185736
2 0.532031 0.112037 0.0140625 0.0425926 0.00201935
9 0.5 0.601852 0.0145833 0.0407407 0.00204588
9 0.29349 0.0564815 0.00989583 0.0425926 0.00210992
9 0.994531 0.493519 0.00989583 0.125926 0.00213987
9 0.428385 0.0314815 0.00989583 0.0314815 0.00233078
11 0.221354 0.0643518 0.05 0.0472222 0.00235358
2 0.275781 0.116667 0.0244792 0.05 0.00243635
9 0.216927 0.0675926 0.0442708 0.0518519 0.00256571
9 0.269531 0.050463 0.0192708 0.0324074 0.00271027
1 0.00520833 0.380093 0.0104167 0.141667 0.00271749
9 0.291927 0.0703704 0.0119792 0.0185185 0.00314114
2 0.442708 0.087963 0.0135417 0.0277778 0.00319876
12 0.994792 0.494907 0.009375 0.130556 0.00321335
2 0.415365 0.110648 0.208854 0.062037 0.00359476
2 0.238281 0.139815 0.0182292 0.0425926 0.00369172
9 0.569531 0.0319444 0.0140625 0.0583333 0.00394075
5 0.220833 0.0652778 0.05 0.0527778 0.00496637
7 0.220313 0.0666667 0.0510417 0.0574074 0.00545694
9 0.207292 0.0680556 0.021875 0.0416667 0.00593109
2 0.60625 0.0597222 0.0104167 0.025 0.0061042
2 0.445833 0.116204 0.0229167 0.025 0.00640483
2 0.00807292 0.39537 0.0161458 0.122222 0.00645141
0 0.756771 0.087037 0.0135417 0.0777778 0.00656675
9 0.458333 0.0662037 0.00729167 0.0287037 0.0072348
9 0.26901 0.0217593 0.0213542 0.037963 0.00758509
9 0.219531 0.0518519 0.0192708 0.0425926 0.00764936
9 0.442448 0.0875 0.0130208 0.0268519 0.00895293
11 0.236979 0.0666667 0.0166667 0.0388889 0.00968074
2 0.785937 0.0888889 0.015625 0.0240741 0.0105686
2 0.324479 0.0981481 0.0447917 0.0425926 0.0116648
2 0.592448 0.126852 0.0171875 0.0222222 0.0124642
9 0.220052 0.0888889 0.00885417 0.0148148 0.0130657
2 0.271615 0.112037 0.0151042 0.0333333 0.0138905
2 0.00416667 0.402778 0.00833333 0.101852 0.0177818
2 0.488802 0.107407 0.0140625 0.05 0.0212655
2 0.290104 0.115741 0.021875 0.0666667 0.0238872
9 0.502604 0.760185 0.0125 0.0537037 0.0259421
7 0.295573 0.10787 0.0338542 0.0842593 0.0341816
9 0.567187 0.0481481 0.00833333 0.0240741 0.0473597
0 0.635417 0.149537 0.009375 0.0527778 0.0536417
2 0.461979 0.111111 0.0125 0.0407407 0.086992
2 0.322396 0.0842593 0.0385417 0.0314815 0.22243
2 0.476562 0.108796 0.0302083 0.0453704 0.236847
2 0.627604 0.122685 0.0260417 0.0546296 0.260728
7 0.50625 0.103704 0.0427083 0.062963 0.41441
2 0.50625 0.103704 0.0416667 0.062963 0.433351
2 0.353906 0.112963 0.0244792 0.037037 0.66757
2 0.31875 0.122685 0.0510417 0.0694444 0.702896
10 0.203906 0.315278 0.0161458 0.0712963 0.740233
11 0.729167 0.0430556 0.0270833 0.0564815 0.769262
2 0.729427 0.419444 0.122396 0.172222 0.87929
2 0.509115 0.218056 0.0796875 0.106481 0.899183
