2 0.236458 0.0939815 0.0166667 0.0601852 0.00100376
2 0.795052 0.0865741 0.0526042 0.0398148 0.001014
12 0.976562 0.497685 0.0458333 0.130556 0.00106202
2 0.655208 0.137963 0.0833333 0.0851852 0.00109559
12 0.995313 0.522685 0.00833333 0.0490741 0.00109564
2 0.285156 0.0805556 0.0203125 0.037037 0.0010999
9 0.817448 0.236574 0.00885417 0.037963 0.0012172
9 0.29401 0.0537037 0.00989583 0.037037 0.00124322
0 0.392448 0.162037 0.0411458 0.05 0.00125561
12 0.69974 0.163889 0.0234375 0.0425926 0.00133967
0 0.23724 0.136574 0.0171875 0.0435185 0.00134476
2 0.813802 0.075 0.0192708 0.0185185 0.00149113
32 0.460156 0.356481 0.0109375 0.0166667 0.00155815
3 0.46901 0.115741 0.0265625 0.037037 0.00160199
9 0.559896 0.0314815 0.0239583 0.0592593 0.00161748
2 0.271615 0.0606481 0.0223958 0.0509259 0.00171578
2 0.254167 0.0861111 0.01875 0.0351852 0.00191669
1 0.00572917 0.383796 0.0114583 0.100926 0.00195973
2 0.642187 0.151852 0.021875 0.062963 0.00204668
2 0.777865 0.113426 0.0255208 0.0324074 0.00210398
7 0.235938 0.0726852 0.0197917 0.0546296 0.00214899
9 0.589844 0.0430556 0.0130208 0.0453704 0.00220679
13 0.994531 0.52037 0.00989583 0.168519 0.00223167
2 0.236719 0.0680556 0.0171875 0.0435185 0.00226606
2 0.241667 0.106019 0.0145833 0.0361111 0.00230097
9 0.994271 0.491204 0.0104167 0.119444 0.00232973
11 0.60599 0.0601852 0.00989583 0.0240741 0.00240606
13 0.970312 0.521759 0.0583333 0.186111 0.00265397
0 0.263021 0.103704 0.009375 0.05 0.00272261
2 0.296875 0.103241 0.0802083 0.0916667 0.00290295
2 0.392188 0.107407 0.236458 0.0759259 0.00292442
32 0.454688 0.314352 0.00729167 0.0138889 0.00300703
9 0.270312 0.0486111 0.0197917 0.037963 0.00311468
13 0.0130208 0.399074 0.0260417 0.111111 0.00347232
9 0.5 0.603241 0.0145833 0.037963 0.00368926
9 0.415885 0.0143519 0.0171875 0.0287037 0.00373956
58 0.968229 0.497222 0.0302083 0.0851852 0.003759
13 0.985677 0.519907 0.0276042 0.175 0.00401253
13 0.963281 0.555556 0.0432292 0.0462963 0.0040676
12 0.994271 0.492593 0.0104167 0.124074 0.00419963
9 0.502344 0.759259 0.0130208 0.0555556 0.00427073
2 0.578125 0.109722 0.258333 0.0712963 0.00446556
2 0.363281 0.0671296 0.0130208 0.0287037 0.00459723
13 0.00442708 0.403241 0.00885417 0.0972222 0.00461753
9 0.209115 0.0675926 0.0276042 0.0481481 0.0048303
0 0.758073 0.124074 0.0130208 0.0259259 0.00521062
12 0.691927 0.164815 0.0109375 0.0407407 0.00534832
0 0.995573 0.329167 0.0078125 0.0546296 0.00543118
9 0.548437 0.0518519 0.0114583 0.0259259 0.00613256
0 0.756771 0.0787037 0.0135417 0.05 0.00637559
7 0.276042 0.0731481 0.0375 0.140741 0.00641673
0 0.361719 0.0708333 0.0109375 0.0287037 0.00676597
9 0.577083 0.0347222 0.0166667 0.0657407 0.00698497
9 0.582812 0.0347222 0.0145833 0.062037 0.00792488
9 0.26901 0.024537 0.0213542 0.0435185 0.00807601
2 0.313281 0.0935185 0.0578125 0.0574074 0.00972045
2 0.591927 0.127315 0.0182292 0.0212963 0.0116968
0 0.635677 0.148148 0.00989583 0.0555556 0.0117469
2 0.477865 0.10787 0.0453125 0.0601852 0.0124924
9 0.56901 0.0319444 0.0130208 0.0583333 0.0161888
2 0.785937 0.0884259 0.0166667 0.025 0.0164639
2 0.634896 0.143056 0.0114583 0.0472222 0.0173414
2 0.238021 0.140741 0.0177083 0.0425926 0.0180157
2 0.494271 0.105556 0.0229167 0.0555556 0.0182057
2 0.271615 0.108796 0.0140625 0.0398148 0.0183199
2 0.463021 0.0740741 0.046875 0.0407407 0.0211041
0 0.463021 0.116667 0.0145833 0.0296296 0.0364879
5 0.220052 0.0671296 0.0505208 0.0583333 0.0398898
2 0.467187 0.114352 0.0208333 0.0361111 0.0403736
7 0.220052 0.0662037 0.0505208 0.0583333 0.0494947
0 0.442708 0.0847222 0.0135417 0.0361111 0.050095
2 0.422917 0.0643518 0.0104167 0.0231481 0.0815824
2 0.479948 0.111574 0.0171875 0.0416667 0.0875112
2 0.297917 0.10787 0.0364583 0.0824074 0.144066
9 0.567187 0.0481481 0.00833333 0.0240741 0.155745
2 0.455469 0.0685185 0.0203125 0.0296296 0.170831
2 0.479688 0.0814815 0.0239583 0.0296296 0.183787
2 0.434375 0.0638889 0.0322917 0.0277778 0.282934
2 0.472396 0.0722222 0.021875 0.0296296 0.288151
2 0.627344 0.120833 0.0255208 0.0509259 0.318529
7 0.50599 0.104167 0.0421875 0.062037 0.337765
2 0.322135 0.0865741 0.0380208 0.037963 0.338711
2 0.50599 0.104167 0.0421875 0.062037 0.46886
10 0.204167 0.315278 0.015625 0.0712963 0.673131
2 0.31901 0.121759 0.0505208 0.0712963 0.723304
2 0.389844 0.105556 0.0442708 0.0592593 0.805841
11 0.729167 0.0430556 0.0270833 0.0564815 0.815462
2 0.383073 0.173611 0.0630208 0.0861111 0.871551
2 0.746094 0.190741 0.127604 0.111111 0.906389
2 0.729427 0.419444 0.122396 0.17037 0.906453
