2 0.615104 0.0962963 0.0489583 0.0796296 0.00100253
0 0.51849 0.606019 0.0119792 0.0361111 0.00109805
9 0.467969 0.408333 0.0130208 0.0277778 0.00110616
2 0.717448 0.49537 0.452604 0.296296 0.00114633
12 0.701042 0.1625 0.021875 0.037963 0.00117483
58 0.967969 0.492593 0.0317708 0.0888889 0.00117625
2 0.655208 0.130556 0.0791667 0.0777778 0.00122535
2 0.363802 0.0657407 0.0119792 0.0166667 0.00123923
13 0.960938 0.558333 0.0385417 0.0518519 0.00128882
9 0.757031 0.121759 0.0151042 0.0416667 0.00138753
1 0.0192708 0.158333 0.0385417 0.087037 0.00146193
0 0.264062 0.0939815 0.0104167 0.0546296 0.0014745
9 0.994792 0.509722 0.009375 0.121296 0.00147654
9 0.501823 0.759259 0.0140625 0.0574074 0.00148221
2 0.0132813 0.395833 0.0265625 0.115741 0.00148891
0 0.548958 0.443981 0.0239583 0.025 0.00150391
2 0.238021 0.137963 0.01875 0.0425926 0.00151171
2 0.792188 0.0592593 0.0322917 0.0518519 0.00151603
13 0.971094 0.521296 0.0567708 0.17963 0.00155961
2 0.413802 0.109259 0.285937 0.0814815 0.00161105
2 0.817187 0.0680556 0.0114583 0.0194444 0.00182558
2 0.52474 0.106019 0.0328125 0.0546296 0.00183389
7 0.794792 0.0583333 0.0395833 0.0537037 0.00207079
0 0.708073 0.371759 0.0234375 0.0305556 0.0021676
9 0.991146 0.509722 0.0166667 0.15463 0.00217171
9 0.755469 0.0902778 0.0161458 0.075 0.00221994
2 0.281771 0.0847222 0.00729167 0.0287037 0.00226958
2 0.577865 0.107407 0.246354 0.0666667 0.00247583
12 0.693229 0.162963 0.00729167 0.0388889 0.00248847
0 0.286458 0.115741 0.015625 0.0648148 0.00279311
9 0.360156 0.0648148 0.00885417 0.0185185 0.00294089
9 0.757031 0.0736111 0.0109375 0.0416667 0.00295135
9 0.21901 0.0888889 0.00885417 0.0111111 0.00296043
0 0.816667 0.232407 0.009375 0.037037 0.00307761
2 0.814583 0.0722222 0.0177083 0.0222222 0.00323631
7 0.992969 0.517593 0.0130208 0.17037 0.00326821
2 0.00390625 0.418981 0.0078125 0.0638889 0.00337788
0 0.56224 0.440278 0.0359375 0.0268519 0.00345014
2 0.48125 0.107407 0.065625 0.0611111 0.00360056
13 0.0138021 0.395833 0.0276042 0.108333 0.00377847
7 0.970573 0.525926 0.0578125 0.198148 0.00394237
9 0.208333 0.0648148 0.0208333 0.0407407 0.0040027
2 0.591667 0.122222 0.0166667 0.0296296 0.00416843
2 0.269792 0.0787037 0.01875 0.0703704 0.00436529
1 0.00364583 0.415741 0.00729167 0.0703704 0.00464226
2 0.269531 0.0490741 0.0192708 0.0351852 0.00497488
0 0.634635 0.147222 0.00989583 0.0555556 0.00507159
12 0.99349 0.502315 0.0119792 0.14537 0.00517166
1 0.0125 0.396759 0.025 0.108333 0.00532803
9 0.26901 0.0333333 0.0223958 0.0611111 0.0053348
7 0.219531 0.0611111 0.0505208 0.0611111 0.00549371
2 0.53125 0.106944 0.0166667 0.0472222 0.00550961
2 0.447656 0.1125 0.0286458 0.0287037 0.00559467
0 0.614583 0.444444 0.0302083 0.0203704 0.00571761
5 0.220052 0.0652778 0.0494792 0.0601852 0.00648451
2 0.442187 0.0837963 0.0135417 0.0231481 0.00650981
9 0.565104 0.0444444 0.0104167 0.0296296 0.00703932
9 0.442187 0.0842593 0.0135417 0.0240741 0.00924265
9 0.291927 0.0472222 0.00885417 0.0388889 0.00985008
2 0.288021 0.0824074 0.0145833 0.0333333 0.0102746
2 0.295573 0.100926 0.0307292 0.0685185 0.0115019
2 0.778906 0.099537 0.0286458 0.0361111 0.0121874
2 0.634115 0.145833 0.0119792 0.0564815 0.0167643
2 0.270573 0.0981481 0.0151042 0.0555556 0.0219648
2 0.290885 0.111111 0.0171875 0.0518519 0.0252498
2 0.783073 0.0884259 0.0192708 0.0212963 0.0273537
2 0.290365 0.0722222 0.0119792 0.0166667 0.0324199
2 0.46276 0.108796 0.0140625 0.0435185 0.137209
2 0.475781 0.106944 0.0307292 0.0472222 0.311682
7 0.505469 0.102315 0.0421875 0.062037 0.35074
2 0.627083 0.119907 0.025 0.0546296 0.444823
2 0.321615 0.0837963 0.0369792 0.0342593 0.463026
2 0.505208 0.101852 0.0416667 0.062963 0.47145
10 0.203125 0.313889 0.015625 0.0703704 0.647125
11 0.728385 0.0393519 0.0265625 0.0546296 0.721689
2 0.317708 0.119907 0.0510417 0.0675926 0.776533
2 0.729167 0.418519 0.122917 0.17037 0.90328
7 0.584375 0.536574 0.176042 0.269444 0.917407
