13 0.952604 0.417593 0.09375 0.153704 0.00106706
2 0.275521 0.116667 0.0260417 0.0574074 0.00112819
2 0.534375 0.114815 0.0125 0.0444444 0.00113723
32 0.454427 0.314352 0.0078125 0.0138889 0.00119916
9 0.264583 0.037037 0.0208333 0.0666667 0.00121066
12 0.9875 0.516667 0.0239583 0.174074 0.0013142
2 0.638021 0.14537 0.0166667 0.0555556 0.00131858
2 0.591667 0.423611 0.636458 0.176852 0.00132575
2 0.30026 0.106944 0.0932292 0.0990741 0.00133425
2 0.471615 0.143056 0.0171875 0.0546296 0.00142037
0 0.449219 0.70463 0.0994792 0.527778 0.00142244
0 0.757812 0.0712963 0.0104167 0.0407407 0.00148282
0 0.75651 0.0902778 0.0130208 0.0787037 0.00152792
9 0.219792 0.102778 0.0114583 0.0407407 0.00157988
0 0.709635 0.373148 0.0203125 0.0277778 0.00159828
9 0.263021 0.0875 0.00833333 0.037963 0.00164957
0 0.26276 0.106481 0.00989583 0.0481481 0.00167167
2 0.342708 0.141204 0.0114583 0.0361111 0.00168795
9 0.272396 0.0421296 0.0291667 0.0824074 0.00176845
9 0.214844 0.0625 0.0348958 0.0546296 0.00180664
2 0.445052 0.110185 0.0223958 0.0296296 0.0018259
0 0.717448 0.371759 0.0223958 0.0268519 0.00182963
13 0.986719 0.517593 0.0255208 0.175926 0.00188053
7 0.970312 0.521759 0.0583333 0.199074 0.00209551
58 0.96901 0.493981 0.0307292 0.0935185 0.0021509
2 0.526823 0.114815 0.258854 0.0814815 0.0021575
12 0.994271 0.518519 0.0104167 0.172222 0.00250464
1 0.00963542 0.35787 0.0192708 0.0861111 0.00261886
9 0.29401 0.0523148 0.00885417 0.0361111 0.00272896
13 0.970312 0.523148 0.0583333 0.181481 0.00285356
2 0.266406 0.0976852 0.00989583 0.0527778 0.00305751
2 0.404427 0.1125 0.253646 0.0805556 0.00318485
1 0.00416667 0.409722 0.00833333 0.0842593 0.0034509
9 0.502083 0.758333 0.0145833 0.0555556 0.00351569
11 0.236979 0.0675926 0.0166667 0.0425926 0.00358377
2 0.532031 0.111574 0.142188 0.0657407 0.00360045
11 0.60625 0.0601852 0.009375 0.0240741 0.00386516
9 0.207813 0.0666667 0.01875 0.0425926 0.00542386
9 0.36224 0.0703704 0.00885417 0.0259259 0.00600725
2 0.344271 0.120833 0.015625 0.0675926 0.0061589
9 0.992188 0.493519 0.0145833 0.124074 0.00626035
2 0.308333 0.0824074 0.03125 0.0351852 0.00699434
1 0.0101562 0.394907 0.0203125 0.115741 0.00738815
2 0.485156 0.111574 0.0661458 0.0638889 0.00745593
2 0.442187 0.0861111 0.0135417 0.0259259 0.00937376
2 0.29375 0.0759259 0.0145833 0.0240741 0.00988436
2 0.50599 0.125 0.0453125 0.0333333 0.0102219
2 0.238542 0.139815 0.01875 0.0407407 0.0112421
2 0.785937 0.087963 0.015625 0.0240741 0.0112482
9 0.442187 0.0865741 0.0125 0.0287037 0.0127863
9 0.567187 0.0476852 0.00833333 0.0231481 0.0129534
2 0.591927 0.125926 0.0182292 0.0240741 0.015471
2 0.288021 0.11713 0.0177083 0.062037 0.0158783
9 0.219792 0.087963 0.009375 0.0166667 0.0168887
2 0.270052 0.110648 0.0119792 0.0342593 0.0193895
9 0.26901 0.0189815 0.0192708 0.0342593 0.0237165
2 0.46276 0.110185 0.0151042 0.0407407 0.0366924
9 0.222396 0.0574074 0.0114583 0.0333333 0.0450867
0 0.635156 0.147685 0.00989583 0.0546296 0.0606398
2 0.296354 0.107407 0.0260417 0.0666667 0.0990821
2 0.627083 0.121296 0.0260417 0.05 0.294941
2 0.323177 0.0861111 0.0369792 0.037037 0.313143
2 0.508594 0.100463 0.0380208 0.0601852 0.404196
2 0.473177 0.108796 0.0338542 0.0453704 0.534733
2 0.497917 0.162037 0.0645833 0.105556 0.595809
2 0.31875 0.121759 0.053125 0.0712963 0.670185
11 0.729688 0.0435185 0.0270833 0.0555556 0.746571
10 0.203906 0.315741 0.0161458 0.0703704 0.828975
2 0.376042 0.169444 0.0666667 0.107407 0.850459
2 0.729688 0.419444 0.122917 0.17037 0.897
