2 0.56901 0.426852 0.582812 0.187037 0.00100311
9 0.3625 0.050463 0.0114583 0.0416667 0.00100891
2 0.75651 0.116204 0.0140625 0.0268519 0.00104365
9 0.817187 0.234259 0.00833333 0.0407407 0.00107224
7 0.659635 0.127315 0.0901042 0.0694444 0.00114103
2 0.722656 0.19213 0.0244792 0.0638889 0.00118509
9 0.186979 0.0851852 0.00729167 0.0296296 0.00120964
2 0.817448 0.233796 0.00885417 0.0416667 0.0012658
9 0.361458 0.062963 0.0114583 0.0259259 0.00127376
2 0.267188 0.0606481 0.015625 0.0342593 0.00127881
0 0.18724 0.10787 0.00677083 0.0435185 0.00134739
2 0.660677 0.124074 0.0932292 0.0611111 0.00137904
9 0.27526 0.0393519 0.0380208 0.0768519 0.00141728
9 0.263021 0.0893519 0.00833333 0.0435185 0.00146765
2 0.592448 0.126389 0.0182292 0.025 0.00146914
0 0.730208 0.372685 0.0260417 0.0287037 0.00148861
0 0.75599 0.375 0.0223958 0.0333333 0.00156957
2 0.238021 0.142593 0.01875 0.0388889 0.00157658
2 0.772917 0.108333 0.0166667 0.0259259 0.00162269
0 0.263021 0.100926 0.00833333 0.0555556 0.00171633
58 0.96875 0.494907 0.0302083 0.0898148 0.00172911
2 0.815365 0.0689815 0.0161458 0.012037 0.00174755
12 0.993229 0.518056 0.0125 0.171296 0.001749
0 0.335938 0.616204 0.0927083 0.0657407 0.00185861
9 0.292708 0.0527778 0.00729167 0.0407407 0.00208155
7 0.276563 0.0717593 0.0375 0.137963 0.00214152
9 0.415885 0.00972222 0.0161458 0.0194444 0.00216506
0 0.267708 0.0981481 0.0114583 0.0592593 0.00216724
0 0.630729 0.135185 0.0229167 0.0777778 0.00216777
32 0.459896 0.356481 0.0104167 0.0148148 0.00218019
2 0.585938 0.107407 0.271875 0.0611111 0.00220236
2 0.415104 0.109259 0.29375 0.0759259 0.00220376
0 0.389583 0.251852 0.0166667 0.0296296 0.00225442
13 0.970052 0.524537 0.0578125 0.180556 0.00230558
9 0.269792 0.049537 0.0197917 0.0361111 0.00235777
9 0.488802 0.980093 0.0161458 0.0398148 0.00257119
9 0.75625 0.0736111 0.0104167 0.0435185 0.00262177
0 0.423698 0.452315 0.786979 0.810185 0.0026349
2 0.443229 0.111574 0.0197917 0.025 0.00265588
9 0.573177 0.0310185 0.0140625 0.0583333 0.00272574
9 0.50026 0.603241 0.0161458 0.0398148 0.00299177
9 0.584115 0.0375 0.0130208 0.0564815 0.0030987
11 0.236979 0.0671296 0.0166667 0.0416667 0.00337162
0 0.638802 0.139815 0.0192708 0.062963 0.00373256
0 0.714844 0.371759 0.0223958 0.0268519 0.00373464
2 0.363542 0.0662037 0.0114583 0.0212963 0.00382909
7 0.970573 0.527778 0.0578125 0.201852 0.00389489
2 0.309115 0.0819444 0.0286458 0.0342593 0.00414714
0 0.3625 0.0662037 0.009375 0.0287037 0.004273
2 0.270312 0.110648 0.0125 0.037963 0.0043513
9 0.26901 0.0231481 0.0213542 0.0425926 0.00441013
2 0.442448 0.087037 0.0140625 0.0259259 0.00453616
2 0.781771 0.0981481 0.034375 0.0444444 0.00485274
5 0.219271 0.0648148 0.0458333 0.0574074 0.00538135
9 0.502083 0.759722 0.0125 0.0546296 0.00542041
9 0.216667 0.0541667 0.0239583 0.0453704 0.00542446
9 0.99375 0.493981 0.0114583 0.128704 0.00552483
2 0.813802 0.0763889 0.0182292 0.0157407 0.00573147
0 0.633854 0.159259 0.0145833 0.0518519 0.00616073
2 0.48099 0.108333 0.0567708 0.0537037 0.00617105
7 0.220052 0.0680556 0.0505208 0.0638889 0.00636949
1 0.0109375 0.363889 0.021875 0.0537037 0.0065428
9 0.207292 0.0685185 0.0197917 0.0425926 0.0067688
2 0.60599 0.0606481 0.00989583 0.025 0.00751048
0 0.286458 0.112963 0.015625 0.0740741 0.00843201
2 0.0046875 0.55787 0.009375 0.0416667 0.0115343
0 0.364062 0.614815 0.0416667 0.0518519 0.0118602
0 0.321094 0.618056 0.0505208 0.0509259 0.0119528
2 0.790625 0.0875 0.0208333 0.0268519 0.0143369
3 0.00833333 0.39213 0.0166667 0.115741 0.0178498
2 0.00911458 0.39213 0.0182292 0.115741 0.0205852
9 0.219531 0.0902778 0.0078125 0.0157407 0.021134
9 0.567448 0.0481481 0.0078125 0.0240741 0.0218268
0 0.305729 0.618981 0.0333333 0.0509259 0.0225979
2 0.488021 0.108333 0.0145833 0.0481481 0.0382411
1 0.00598958 0.389815 0.0119792 0.118519 0.0412275
0 0.633333 0.139815 0.0125 0.0444444 0.0443775
2 0.297656 0.105556 0.0338542 0.0759259 0.0531858
2 0.00442708 0.406481 0.00885417 0.087037 0.0566203
2 0.46276 0.110185 0.0140625 0.0425926 0.074924
9 0.442448 0.087037 0.0130208 0.0259259 0.0768096
2 0.471094 0.109259 0.0296875 0.0444444 0.256988
2 0.627083 0.121296 0.025 0.05 0.32196
2 0.322917 0.0865741 0.0375 0.0361111 0.323805
7 0.505729 0.103704 0.0427083 0.062963 0.407963
2 0.505729 0.103704 0.0427083 0.062963 0.431648
2 0.318229 0.121296 0.0510417 0.0703704 0.721684
10 0.203906 0.315278 0.0161458 0.0712963 0.770913
11 0.728646 0.0425926 0.0270833 0.0555556 0.800752
2 0.729688 0.419444 0.122917 0.17037 0.894241
2 0.669531 0.206019 0.129688 0.102778 0.899426
2 0.386458 0.27963 0.0916667 0.12037 0.901299
2 0.338542 0.672222 0.1625 0.244444 0.928714
