2 0.65651 0.139352 0.0796875 0.0824074 0.00100296
9 0.415625 0.0101852 0.0145833 0.0203704 0.00100439
0 0.538281 0.249537 0.500521 0.360185 0.00102076
9 0.584115 0.0365741 0.0140625 0.0546296 0.00105059
2 0.994792 0.331944 0.009375 0.0601852 0.00109222
0 0.469271 0.67037 0.816667 0.35 0.00122155
0 0.566927 0.561574 0.220313 0.825 0.00124775
7 0.790104 0.0643518 0.0270833 0.0601852 0.00124979
9 0.547917 0.0574074 0.0104167 0.0240741 0.00131737
13 0.980729 0.518519 0.0375 0.175926 0.00133053
2 0.28724 0.0777778 0.0192708 0.0333333 0.00134226
2 0.298438 0.106944 0.090625 0.0953704 0.00136355
2 0.777865 0.109259 0.0265625 0.0407407 0.00137603
2 0.81276 0.0763889 0.0203125 0.0194444 0.0013882
9 0.29349 0.0546296 0.00885417 0.037037 0.00144077
7 0.971094 0.519907 0.0567708 0.187963 0.00154651
12 0.702344 0.126389 0.0223958 0.0583333 0.00156814
2 0.557813 0.421759 0.567708 0.180556 0.00161321
2 0.00833333 0.400463 0.0166667 0.10463 0.00163857
9 0.991146 0.516667 0.0166667 0.174074 0.00174909
7 0.275521 0.0717593 0.0385417 0.139815 0.0018275
0 0.263542 0.101852 0.00833333 0.0537037 0.00184766
12 0.701563 0.164815 0.0197917 0.0388889 0.00201788
11 0.60599 0.0606481 0.00989583 0.0231481 0.00250376
9 0.275 0.0402778 0.0354167 0.0787037 0.00261705
0 0.361719 0.0689815 0.0078125 0.025 0.00261909
7 0.993229 0.516667 0.0125 0.172222 0.00264504
0 0.730208 0.371759 0.0260417 0.0287037 0.00269258
1 0.810677 0.331944 0.0171875 0.087963 0.00279552
2 0.405469 0.109722 0.269271 0.0768519 0.00299436
2 0.442448 0.0856481 0.0130208 0.0268519 0.00314168
2 0.448438 0.109722 0.028125 0.0324074 0.00339207
0 0.995573 0.32963 0.0078125 0.0518519 0.00363739
2 0.565365 0.108796 0.213021 0.062037 0.00366267
0 0.757292 0.375463 0.01875 0.0268519 0.0037908
2 0.291927 0.0722222 0.0130208 0.0166667 0.00382082
9 0.573438 0.0310185 0.0145833 0.0583333 0.00392368
0 0.446094 0.46713 0.810938 0.832407 0.00396925
9 0.817708 0.236574 0.00833333 0.037963 0.00398298
2 0.238542 0.140741 0.01875 0.0425926 0.00418901
0 0.267448 0.1 0.0109375 0.0555556 0.00419259
9 0.220052 0.087037 0.0109375 0.0185185 0.00437154
11 0.236979 0.0671296 0.0166667 0.0398148 0.00473517
7 0.215365 0.0648148 0.0401042 0.0592593 0.00541709
0 0.71276 0.372685 0.0213542 0.025 0.00601039
2 0.270573 0.109259 0.0130208 0.0407407 0.00609545
9 0.219531 0.0652778 0.0203125 0.0509259 0.00626312
0 0.755729 0.0865741 0.0125 0.0657407 0.00635494
12 0.691927 0.164815 0.00885417 0.0388889 0.00658093
2 0.592969 0.124537 0.0171875 0.025 0.00683663
0 0.286979 0.112037 0.0177083 0.0759259 0.00701296
1 0.00442708 0.396296 0.00885417 0.111111 0.00717252
9 0.502604 0.760648 0.0125 0.0546296 0.00756201
2 0.00416667 0.408796 0.00833333 0.0842593 0.00927903
9 0.207292 0.0675926 0.0208333 0.0462963 0.00982302
0 0.634896 0.148148 0.009375 0.0537037 0.0110338
12 0.994531 0.508796 0.00989583 0.156481 0.0116315
2 0.789844 0.087963 0.0203125 0.0240741 0.0117261
9 0.26875 0.0268519 0.021875 0.05 0.0119401
0 0.304167 0.622222 0.0333333 0.05 0.0120372
0 0.344531 0.612037 0.0505208 0.0555556 0.0144612
7 0.296615 0.107407 0.0359375 0.0833333 0.0195039
2 0.634635 0.142593 0.0109375 0.0481481 0.0226632
9 0.442448 0.0861111 0.0130208 0.0277778 0.0294474
9 0.567187 0.0481481 0.00729167 0.0222222 0.0298852
2 0.292708 0.110185 0.028125 0.0759259 0.0323735
0 0.31849 0.618519 0.0473958 0.05 0.0425469
2 0.461979 0.1125 0.0135417 0.0361111 0.0669546
0 0.370573 0.615278 0.0453125 0.0527778 0.124077
0 0.228385 0.874537 0.0588542 0.236111 0.126648
2 0.322396 0.087037 0.0375 0.0351852 0.346783
2 0.472396 0.109259 0.0322917 0.0444444 0.354199
7 0.50625 0.104167 0.0427083 0.062037 0.358371
2 0.626823 0.121759 0.0255208 0.0509259 0.455293
2 0.50599 0.104167 0.0421875 0.062037 0.456693
2 0.318229 0.121296 0.0510417 0.0703704 0.736555
10 0.203646 0.316667 0.015625 0.0703704 0.746135
11 0.729167 0.0430556 0.0270833 0.0564815 0.783536
2 0.384635 0.290278 0.0973958 0.130556 0.889434
2 0.729688 0.42037 0.122917 0.17037 0.912051
2 0.341927 0.672222 0.168229 0.244444 0.928963
