0 0.494271 0.284259 0.627083 0.451852 0.001024
0 0.334115 0.385185 0.0192708 0.0314815 0.00106766
7 0.220313 0.0560185 0.0541667 0.087963 0.00107001
0 0.439323 0.411111 0.829687 0.277778 0.00108163
9 0.6875 0.171296 0.0166667 0.037037 0.00114229
0 0.497917 0.622685 0.613542 0.723148 0.00115458
9 0.588802 0.0402778 0.0151042 0.0472222 0.00125726
2 0.443229 0.0986111 0.0197917 0.0490741 0.00129179
1 0.754687 0.131019 0.01875 0.0509259 0.00129763
9 0.547917 0.0523148 0.0104167 0.025 0.00130407
13 0.970833 0.570833 0.0572917 0.0787037 0.0013227
13 0.98776 0.519907 0.0234375 0.176852 0.00139646
9 0.110156 0.0277778 0.0130208 0.0388889 0.00152595
0 0.75625 0.374074 0.0208333 0.0314815 0.00157595
9 0.361719 0.0680556 0.0119792 0.025 0.00159837
2 0.296094 0.104167 0.0786458 0.0990741 0.00162357
2 0.363542 0.0689815 0.0125 0.0231481 0.00164838
58 0.920052 0.183333 0.159896 0.361111 0.00166156
2 0.0114583 0.368056 0.0229167 0.0453704 0.00168501
2 0.442969 0.0888889 0.0140625 0.0296296 0.00176434
11 0.240365 0.0384259 0.0213542 0.0731481 0.00182382
7 0.990625 0.516204 0.0177083 0.178704 0.00186555
2 0.688281 0.17037 0.0151042 0.0351852 0.00188178
7 0.970833 0.524074 0.0572917 0.192593 0.00188292
9 0.291927 0.0560185 0.00885417 0.0435185 0.00188298
0 0.73099 0.372222 0.0234375 0.0296296 0.00206741
12 0.988281 0.51713 0.0223958 0.173148 0.00212455
7 0.507031 0.105093 0.0421875 0.0638889 0.00214124
2 0.81276 0.075463 0.0151042 0.0194444 0.00214856
2 0.56224 0.10787 0.308854 0.0694444 0.00216578
2 0.413281 0.10787 0.308854 0.0824074 0.0021928
9 0.21276 0.062963 0.0348958 0.0555556 0.00235713
0 0.571875 0.297222 0.03125 0.0333333 0.00236633
2 0.780729 0.106481 0.0322917 0.0537037 0.00237064
7 0.791406 0.0648148 0.0317708 0.0611111 0.0024709
9 0.995052 0.536111 0.00885417 0.05 0.00266953
2 0.238281 0.143056 0.0192708 0.037963 0.00293762
7 0.213542 0.0652778 0.0375 0.0546296 0.00296618
0 0.551562 0.268981 0.0145833 0.0194444 0.00299267
2 0.657292 0.138889 0.0770833 0.0851852 0.00302978
9 0.416406 0.0106481 0.0171875 0.0212963 0.00324744
0 0.390104 0.385648 0.0239583 0.0305556 0.00336298
0 0.36224 0.0689815 0.00989583 0.025 0.00339389
11 0.2375 0.0694444 0.0166667 0.0444444 0.00341205
46 0.48151 0.490741 0.0119792 0.0259259 0.00393422
2 0.99375 0.517593 0.0114583 0.17037 0.00408236
12 0.689062 0.167593 0.0145833 0.0388889 0.00420403
9 0.235677 0.0657407 0.0192708 0.0388889 0.0044877
12 0.994531 0.518519 0.00989583 0.168519 0.00456613
9 0.266146 0.0990741 0.0114583 0.0555556 0.00460964
2 0.30026 0.0884259 0.0338542 0.0472222 0.0046112
9 0.578385 0.0337963 0.0161458 0.062037 0.00465739
9 0.56849 0.0324074 0.0119792 0.0574074 0.00511631
2 0.467708 0.10787 0.0802083 0.062037 0.00534301
9 0.442969 0.087963 0.0140625 0.0296296 0.00541311
9 0.263542 0.0861111 0.0104167 0.0333333 0.00555618
2 0.521875 0.412963 0.563542 0.205556 0.0059728
9 0.257292 0.0736111 0.009375 0.0472222 0.00668481
9 0.252344 0.0865741 0.0130208 0.0342593 0.00708538
9 0.582812 0.0416667 0.0104167 0.0425926 0.007525
0 0.75651 0.0833333 0.0119792 0.0611111 0.00757376
0 0.358073 0.385648 0.0296875 0.0361111 0.00768114
1 0.0127604 0.396759 0.0255208 0.110185 0.00783097
2 0.270833 0.108796 0.0135417 0.0398148 0.00820237
0 0.715885 0.372685 0.0234375 0.0268519 0.0103543
2 0.592708 0.126389 0.0177083 0.025 0.0105198
0 0.379167 0.386574 0.0302083 0.0342593 0.0118009
0 0.557813 0.29537 0.046875 0.0333333 0.0123132
9 0.992969 0.500463 0.0130208 0.137963 0.0131163
0 0.53099 0.294444 0.0244792 0.0277778 0.0152291
1 0.00442708 0.410185 0.00885417 0.0833333 0.0158277
0 0.635156 0.147222 0.00989583 0.0481481 0.0202372
9 0.207552 0.0671296 0.0203125 0.0416667 0.0222444
2 0.60625 0.0611111 0.0104167 0.0240741 0.0241049
2 0.635156 0.144907 0.0109375 0.0509259 0.0251749
2 0.78724 0.0898148 0.0182292 0.0240741 0.0271839
9 0.567187 0.0481481 0.00833333 0.0240741 0.0762001
2 0.295052 0.108796 0.0307292 0.0805556 0.0940473
7 0.298177 0.107407 0.0380208 0.0833333 0.101853
2 0.465104 0.110185 0.01875 0.0444444 0.143978
9 0.26901 0.0351852 0.0213542 0.0666667 0.201645
2 0.322135 0.087963 0.0380208 0.0351852 0.303611
2 0.47526 0.109259 0.0348958 0.0462963 0.4034
2 0.627604 0.122222 0.025 0.05 0.422447
2 0.50651 0.10463 0.0421875 0.062963 0.479149
2 0.318229 0.121759 0.0510417 0.0712963 0.697297
11 0.729167 0.0425926 0.0270833 0.0555556 0.757556
10 0.203646 0.316204 0.0166667 0.0712963 0.771445
2 0.729948 0.42037 0.122396 0.17037 0.918169
2 0.548698 0.338426 0.118229 0.173148 0.919477
2 0.364323 0.427315 0.122396 0.173148 0.928405
