2 0.973698 0.519907 0.0515625 0.175 0.00100162
32 0.453906 0.314352 0.00885417 0.012037 0.00102557
2 0.53099 0.112037 0.0130208 0.0425926 0.00104827
12 0.702083 0.163889 0.01875 0.0388889 0.00107459
2 0.219271 0.129167 0.0572917 0.0638889 0.00107461
2 0.240104 0.103241 0.015625 0.0342593 0.00108594
9 0.240885 0.0893519 0.0140625 0.0361111 0.0010945
2 0.254948 0.087963 0.0192708 0.037037 0.00111104
9 0.0578125 0.0226852 0.015625 0.0416667 0.00112775
13 0.96224 0.55463 0.0401042 0.0407407 0.00113427
0 0.75625 0.0708333 0.0104167 0.0361111 0.00114906
7 0.315885 0.0648148 0.0463542 0.0648148 0.00115464
0 0.803125 0.75463 0.11875 0.444444 0.00118398
2 0.776302 0.10463 0.0244792 0.037037 0.00119353
2 0.232031 0.101852 0.0244792 0.0407407 0.00122023
9 0.458333 0.0657407 0.00729167 0.0277778 0.00122771
12 0.976042 0.505093 0.0458333 0.143519 0.00123667
0 0.36224 0.0689815 0.00885417 0.025 0.00124243
2 0.258594 0.0990741 0.0265625 0.0611111 0.00124323
9 0.26276 0.0893519 0.00885417 0.0398148 0.00125116
0 0.754687 0.0907407 0.0135417 0.0740741 0.00135777
2 0.00625 0.0888889 0.0125 0.0444444 0.00139028
9 0.109115 0.0282407 0.0119792 0.0361111 0.00144672
2 0.658854 0.135648 0.0833333 0.0824074 0.00153915
9 0.18724 0.0902778 0.0078125 0.0416667 0.00154875
12 0.702344 0.137963 0.0223958 0.087037 0.00156201
9 0.548177 0.0523148 0.0109375 0.0231481 0.00164793
2 0.641667 0.151389 0.0229167 0.062037 0.00170041
11 0.702344 0.119907 0.0213542 0.0472222 0.00171367
9 0.115365 0.0236111 0.0119792 0.0398148 0.00173624
2 0.4125 0.108333 0.279167 0.0833333 0.00174944
0 0.728906 0.372222 0.0317708 0.0296296 0.00176423
7 0.788021 0.0662037 0.025 0.062037 0.00179643
1 0.00442708 0.394907 0.00885417 0.112037 0.00191057
7 0.270052 0.0356481 0.0255208 0.0712963 0.00195227
9 0.582292 0.0375 0.0125 0.0490741 0.00205168
2 0.60625 0.0597222 0.0114583 0.025 0.0021046
58 0.96901 0.494907 0.0317708 0.0935185 0.00215708
2 0.442448 0.0865741 0.0140625 0.025 0.00217168
1 0.0119792 0.368056 0.0239583 0.0583333 0.00219345
11 0.240104 0.0356481 0.021875 0.0675926 0.00220754
0 0.75599 0.374537 0.0213542 0.0324074 0.00225871
2 0.561979 0.108796 0.2375 0.0694444 0.0024495
13 0.99375 0.517593 0.0114583 0.172222 0.00250642
0 0.186979 0.105093 0.00729167 0.0472222 0.00265308
2 0.459635 0.108333 0.108854 0.0648148 0.00275442
2 0.277083 0.0657407 0.028125 0.0259259 0.00282429
2 0.814583 0.0763889 0.0166667 0.0212963 0.00285148
9 0.414844 0.0087963 0.0140625 0.0175926 0.00285429
7 0.992969 0.517593 0.0130208 0.17037 0.00299721
2 0.265104 0.102315 0.0125 0.0527778 0.00305155
2 0.238542 0.137963 0.0197917 0.0444444 0.00314717
9 0.275521 0.037963 0.0375 0.0740741 0.00339956
2 0.363542 0.0662037 0.0114583 0.0194444 0.00351308
11 0.23724 0.0662037 0.0171875 0.0398148 0.00374373
2 0.592188 0.124074 0.0177083 0.0259259 0.00451695
9 0.440365 0.210648 0.0140625 0.0583333 0.0046659
13 0.970573 0.522685 0.0578125 0.184259 0.00491107
7 0.970833 0.525463 0.0572917 0.200926 0.00559646
9 0.572656 0.0310185 0.0140625 0.0583333 0.00562642
7 0.288802 0.0606481 0.0484375 0.10463 0.00585353
0 0.714583 0.372222 0.0239583 0.0259259 0.00597194
2 0.446615 0.116667 0.0255208 0.0222222 0.00690604
12 0.994792 0.50463 0.009375 0.157407 0.00736407
9 0.217187 0.0560185 0.0239583 0.0453704 0.00741907
5 0.213281 0.0625 0.0338542 0.0583333 0.0074626
9 0.26901 0.0509259 0.0192708 0.0388889 0.00765992
9 0.442187 0.0865741 0.0135417 0.025 0.00774068
9 0.502344 0.759722 0.0119792 0.0527778 0.0102594
2 0.784896 0.0888889 0.0145833 0.0259259 0.0135088
9 0.26849 0.0185185 0.0213542 0.0333333 0.0155818
7 0.220052 0.0699074 0.0515625 0.0712963 0.0161711
5 0.220052 0.0759259 0.0515625 0.0777778 0.0242642
2 0.309635 0.0773148 0.0307292 0.0324074 0.026341
2 0.634375 0.145833 0.0114583 0.0546296 0.0282356
2 0.271615 0.109722 0.0151042 0.037963 0.0323885
2 0.489062 0.10787 0.0135417 0.0490741 0.0415391
9 0.566927 0.0476852 0.0078125 0.0231481 0.0461488
2 0.292969 0.109722 0.0276042 0.0787037 0.0647603
2 0.461979 0.113426 0.0125 0.0361111 0.112287
2 0.307292 0.0513889 0.0302083 0.037963 0.152273
7 0.307031 0.0532407 0.0307292 0.0398148 0.163401
2 0.46849 0.110185 0.0223958 0.0425926 0.214814
2 0.479688 0.109722 0.0208333 0.0435185 0.240893
2 0.322656 0.0888889 0.0369792 0.0351852 0.279152
7 0.505729 0.103704 0.0427083 0.062963 0.424139
2 0.50599 0.103704 0.0421875 0.062963 0.442222
2 0.626823 0.121759 0.0255208 0.0509259 0.593667
2 0.317969 0.121296 0.0515625 0.0703704 0.720624
10 0.203906 0.314815 0.0161458 0.0722222 0.759911
11 0.728906 0.0435185 0.0276042 0.0574074 0.809498
2 0.729427 0.419907 0.122396 0.169444 0.908587
