7 0.325521 0.0703704 0.0416667 0.0666667 0.00101886
0 0.46901 0.536574 0.0151042 0.0435185 0.00103399
0 0.458594 0.0657407 0.00989583 0.0277778 0.00104413
2 0.593229 0.124074 0.0166667 0.0277778 0.00105623
0 0.186979 0.113426 0.00729167 0.0435185 0.00109701
9 0.292969 0.0550926 0.00989583 0.037963 0.00112023
0 0.697917 0.526389 0.598958 0.393519 0.0011591
9 0.439323 0.205093 0.0130208 0.0490741 0.00118332
13 0.969792 0.573148 0.0572917 0.0833333 0.00121963
0 0.756771 0.374074 0.0239583 0.0351852 0.00129613
12 0.979688 0.497222 0.034375 0.127778 0.00135782
2 0.660156 0.126389 0.0911458 0.0601852 0.0013813
2 0.265104 0.0986111 0.0114583 0.0601852 0.00138356
7 0.349479 0.0523148 0.0520833 0.0509259 0.00140079
9 0.236979 0.0662037 0.0166667 0.0398148 0.00141588
0 0.816927 0.233796 0.00885417 0.0361111 0.00147098
0 0.307292 0.45787 0.561458 0.247222 0.00150685
2 0.770573 0.112037 0.0161458 0.0296296 0.00156955
2 0.276563 0.1125 0.0260417 0.0583333 0.00157689
0 0.244271 0.104167 0.00833333 0.0342593 0.00162753
9 0.572656 0.0310185 0.0151042 0.0583333 0.00163099
7 0.391667 0.101852 0.204167 0.1 0.00167057
1 0.0143229 0.459259 0.0286458 0.231481 0.00172347
7 0.236979 0.0689815 0.0166667 0.0453704 0.0017256
0 0.445312 0.548611 0.0291667 0.0546296 0.00180276
2 0.416146 0.0166667 0.0177083 0.0333333 0.00193504
2 0.255729 0.0856481 0.021875 0.037963 0.00196115
58 0.965885 0.513426 0.0473958 0.132407 0.00197459
2 0.238021 0.138426 0.0197917 0.0453704 0.00201947
0 0.514844 0.253704 0.534896 0.424074 0.00203022
26 0.0895833 0.384722 0.0302083 0.0657407 0.00203852
0 0.73151 0.372685 0.0265625 0.0287037 0.00204709
2 0.26901 0.0513889 0.0192708 0.0361111 0.00214429
32 0.454167 0.314352 0.00833333 0.0157407 0.00221685
9 0.415625 0.012963 0.0166667 0.0259259 0.0022256
58 0.921875 0.183333 0.15625 0.361111 0.0022537
2 0.505469 0.111574 0.344271 0.0787037 0.0022741
2 0.60625 0.0606481 0.009375 0.025 0.00228702
2 0.3875 0.106481 0.221875 0.0851852 0.00230231
2 0.271354 0.0689815 0.0208333 0.0546296 0.0024417
7 0.285937 0.0921296 0.071875 0.115741 0.00249926
2 0.78099 0.0986111 0.0369792 0.0509259 0.00250319
1 0.116406 0.437037 0.0859375 0.087037 0.00254043
1 0.0546875 0.398611 0.108333 0.108333 0.00264394
7 0.219792 0.0875 0.0552083 0.126852 0.00266532
0 0.377083 0.52963 0.689583 0.464815 0.00275131
0 0.36875 0.345833 0.648958 0.491667 0.0027944
9 0.99375 0.493519 0.0114583 0.124074 0.00285645
1 0.0578125 0.434722 0.115625 0.102778 0.00329706
0 0.263021 0.0902778 0.00833333 0.0453704 0.0033595
0 0.369271 0.548148 0.0395833 0.0518519 0.0034951
24 0.498437 0.30463 0.0260417 0.05 0.00358547
1 0.00546875 0.456481 0.0109375 0.207407 0.00359947
7 0.7875 0.0634259 0.0239583 0.0601852 0.00372622
13 0.99401 0.519444 0.0109375 0.17037 0.00394515
7 0.320833 0.099537 0.05625 0.100926 0.00414153
58 0.968229 0.494444 0.0302083 0.0833333 0.00420364
12 0.99401 0.493056 0.0109375 0.125 0.0043663
2 0.285937 0.0768519 0.021875 0.0296296 0.00529988
9 0.217969 0.104167 0.0078125 0.0398148 0.00566088
2 0.636458 0.419444 0.325 0.17037 0.00584885
13 0.970573 0.526389 0.0578125 0.197222 0.00621601
0 0.41224 0.544444 0.0401042 0.0592593 0.00625945
0 0.346615 0.553704 0.0359375 0.0555556 0.0063087
1 0.0109375 0.353704 0.021875 0.0555556 0.00652407
1 0.0252604 0.362963 0.0505208 0.0481481 0.00670831
13 0.985937 0.518056 0.0270833 0.175 0.00690783
0 0.715625 0.372222 0.0229167 0.0259259 0.00707156
0 0.75651 0.0888889 0.0130208 0.0814815 0.00711267
5 0.21276 0.062037 0.0338542 0.0611111 0.0100567
13 0.9625 0.55463 0.040625 0.0462963 0.012447
7 0.219792 0.0680556 0.0510417 0.0601852 0.0142466
2 0.789062 0.0865741 0.0177083 0.025 0.0144279
9 0.566667 0.0476852 0.00833333 0.0231481 0.0157925
24 0.509375 0.306019 0.0229167 0.0583333 0.0178105
2 0.271615 0.110185 0.0151042 0.037037 0.0182728
9 0.2125 0.0643518 0.0354167 0.0583333 0.0186797
7 0.275781 0.0592593 0.0401042 0.116667 0.0275013
2 0.290885 0.0712963 0.0140625 0.0148148 0.029706
0 0.634635 0.144444 0.0109375 0.0518519 0.0333843
7 0.296875 0.106481 0.0364583 0.0833333 0.0349421
1 0.0252604 0.394444 0.0505208 0.111111 0.0384027
9 0.219792 0.0898148 0.00833333 0.012963 0.0408916
0 0.430469 0.550926 0.0432292 0.0537037 0.0508167
2 0.290885 0.112037 0.0244792 0.0740741 0.060573
2 0.486719 0.106944 0.0151042 0.0509259 0.0634994
1 0.00546875 0.407407 0.0109375 0.087037 0.0638221
2 0.304427 0.106481 0.0515625 0.0796296 0.0824
2 0.461979 0.112037 0.0135417 0.0388889 0.115995
1 0.101823 0.428241 0.0171875 0.0712963 0.12258
2 0.334896 0.0569444 0.0208333 0.0305556 0.241208
1 0.0117188 0.398611 0.0234375 0.102778 0.242293
1 0.0867188 0.451389 0.0182292 0.0731481 0.291934
1 0.0914062 0.442593 0.0328125 0.0925926 0.330044
2 0.357552 0.0597222 0.0359375 0.0361111 0.346738
2 0.320573 0.0861111 0.0369792 0.037037 0.366874
7 0.391406 0.633796 0.202604 0.321296 0.380347
2 0.471875 0.109259 0.03125 0.0444444 0.385886
2 0.505729 0.103704 0.0416667 0.062963 0.431314
7 0.505729 0.103241 0.0427083 0.0638889 0.463029
2 0.627083 0.121296 0.0260417 0.0518519 0.499509
1 0.503385 0.390278 0.0276042 0.0935185 0.565694
2 0.428906 0.103241 0.0401042 0.0564815 0.649532
2 0.317969 0.121296 0.0515625 0.0703704 0.667583
2 0.391146 0.634259 0.203125 0.322222 0.689624
11 0.728906 0.0425926 0.0265625 0.0537037 0.775329
0 0.0911458 0.398611 0.040625 0.139815 0.825556
10 0.204167 0.314815 0.015625 0.0703704 0.826843
0 0.505729 0.341667 0.0395833 0.177778 0.833408
2 0.729427 0.419907 0.123438 0.171296 0.913056
