0 0.845833 0.17963 0.00625 0.0259259 0.00106773
32 0.453906 0.314815 0.00885417 0.0166667 0.00109242
13 0.99349 0.518981 0.0119792 0.165741 0.00109467
9 0.429427 0.0384259 0.0078125 0.025 0.00110104
9 0.995313 0.525463 0.00833333 0.037963 0.00110587
9 0.36224 0.0689815 0.00989583 0.025 0.0011159
12 0.988542 0.495833 0.021875 0.125 0.00113541
2 0.65599 0.139815 0.0796875 0.0814815 0.00116538
9 0.261458 0.0467593 0.0145833 0.0490741 0.00123262
7 0.986979 0.518519 0.025 0.188889 0.00125492
0 0.730469 0.371296 0.0307292 0.0296296 0.00127056
2 0.776042 0.102315 0.0302083 0.0583333 0.0012721
2 0.775521 0.118981 0.0208333 0.037963 0.00127451
13 0.985677 0.518981 0.0276042 0.178704 0.00131165
2 0.0109375 0.364815 0.021875 0.0462963 0.0013693
11 0.233854 0.062963 0.0260417 0.0611111 0.00136972
2 0.407813 0.106944 0.290625 0.0842593 0.0013702
9 0.548177 0.0509259 0.0109375 0.0240741 0.00144089
1 0.810938 0.327778 0.01875 0.087037 0.00160889
0 0.597135 0.860185 0.0942708 0.0648148 0.00172174
12 0.701563 0.164815 0.0197917 0.0388889 0.00194109
2 0.648958 0.14537 0.0354167 0.062963 0.0019483
9 0.440365 0.223611 0.00989583 0.0157407 0.0020441
2 0.573438 0.109722 0.25625 0.0712963 0.00207969
9 0.293229 0.0550926 0.00833333 0.0361111 0.00211298
0 0.995052 0.258333 0.00885417 0.185185 0.00216475
2 0.29349 0.0717593 0.0119792 0.0194444 0.00218387
9 0.273698 0.0402778 0.0317708 0.0768519 0.00223931
9 0.2625 0.0861111 0.00833333 0.037037 0.00233158
2 0.475781 0.10787 0.0661458 0.0638889 0.0024369
9 0.258854 0.075463 0.0135417 0.0509259 0.00250029
2 0.266667 0.0981481 0.0104167 0.0555556 0.00272413
9 0.252344 0.0842593 0.0130208 0.0351852 0.00277142
9 0.266406 0.0541667 0.0151042 0.037963 0.00302215
0 0.715625 0.371296 0.0260417 0.0277778 0.00305369
2 0.363802 0.0666667 0.0119792 0.0203704 0.00306185
9 0.2375 0.0708333 0.015625 0.0453704 0.00313443
11 0.239844 0.0351852 0.0223958 0.0666667 0.0032343
9 0.50026 0.602778 0.0151042 0.0407407 0.00373819
9 0.994531 0.488889 0.00989583 0.116667 0.0039117
2 0.442708 0.0865741 0.0135417 0.025 0.00409385
12 0.692708 0.164352 0.00833333 0.0398148 0.00411221
2 0.00885417 0.393519 0.0177083 0.114815 0.00413653
0 0.633073 0.861111 0.0578125 0.0592593 0.00427045
9 0.571354 0.0314815 0.0135417 0.0592593 0.0042953
0 0.285156 0.0925926 0.0109375 0.0314815 0.00437393
9 0.208073 0.0675926 0.0223958 0.0425926 0.00480851
0 0.757031 0.0851852 0.0130208 0.0740741 0.00526555
2 0.445573 0.116204 0.0234375 0.0212963 0.00580708
9 0.215625 0.0583333 0.0291667 0.0518519 0.00589918
1 0.00677083 0.391204 0.0135417 0.115741 0.0059859
12 0.994792 0.489352 0.009375 0.119444 0.00634328
7 0.220052 0.0625 0.0494792 0.0694444 0.00660933
11 0.60599 0.0592593 0.00989583 0.0259259 0.00662414
9 0.489323 0.978704 0.0161458 0.0407407 0.00715787
5 0.221094 0.0648148 0.0494792 0.0592593 0.00778991
9 0.438021 0.201389 0.009375 0.0416667 0.00827947
2 0.305208 0.0814815 0.0229167 0.0333333 0.00835138
0 0.572396 0.856481 0.046875 0.0537037 0.00902012
2 0.286979 0.12037 0.0166667 0.0592593 0.00970932
2 0.271615 0.109722 0.0140625 0.037963 0.00972538
2 0.635156 0.144907 0.00989583 0.0583333 0.00987429
2 0.592708 0.125926 0.0177083 0.0222222 0.010171
2 0.238281 0.141667 0.0182292 0.0407407 0.0113804
0 0.995833 0.323148 0.00729167 0.0555556 0.0119308
9 0.220573 0.0888889 0.0109375 0.0166667 0.0128038
9 0.269271 0.025 0.0208333 0.0444444 0.0143918
9 0.442708 0.0865741 0.0125 0.0231481 0.0229209
11 0.23724 0.0689815 0.0161458 0.0435185 0.022955
2 0.00390625 0.413426 0.0078125 0.075 0.0233656
2 0.786198 0.0888889 0.0161458 0.0259259 0.0244423
2 0.29375 0.087037 0.021875 0.0333333 0.0276056
2 0.292448 0.118981 0.0161458 0.0453704 0.0302813
9 0.567448 0.0476852 0.0078125 0.0231481 0.0627202
2 0.46224 0.112963 0.0119792 0.037037 0.118132
9 0.502604 0.760648 0.0114583 0.0527778 0.131661
2 0.46875 0.109259 0.0239583 0.0425926 0.190839
2 0.322917 0.087037 0.0375 0.0351852 0.281146
2 0.479688 0.109259 0.021875 0.0444444 0.343195
7 0.505729 0.103704 0.04375 0.062963 0.355361
2 0.627604 0.122685 0.025 0.0546296 0.454603
2 0.50599 0.103704 0.0432292 0.062963 0.472103
2 0.317969 0.120833 0.0515625 0.0712963 0.681495
11 0.729427 0.0435185 0.0265625 0.0555556 0.755113
10 0.203906 0.316204 0.0161458 0.0694444 0.802215
2 0.729948 0.419907 0.122396 0.171296 0.902573
2 0.607552 0.881019 0.214062 0.230556 0.904665
