0 0.816927 0.234722 0.00885417 0.037963 0.00101992
9 0.581771 0.0402778 0.0125 0.0453704 0.00102997
9 0.21901 0.0717593 0.0171875 0.0453704 0.00105022
9 0.440104 0.211111 0.0125 0.0611111 0.00105517
1 0.0697917 0.488426 0.0375 0.0583333 0.00106093
2 0.325521 0.375463 0.0177083 0.0361111 0.00113085
1 0.0223958 0.518056 0.0177083 0.087963 0.0011419
58 0.967969 0.494444 0.0286458 0.0814815 0.00117492
0 0.0976562 0.483333 0.188021 0.240741 0.00119875
0 0.634896 0.167593 0.0166667 0.109259 0.0012051
9 0.360938 0.0666667 0.0104167 0.0222222 0.00122066
0 0.17526 0.404167 0.350521 0.243519 0.00125836
0 0.0205729 0.393056 0.0401042 0.136111 0.00127323
9 0.292188 0.0550926 0.00833333 0.0361111 0.00128128
0 0.420312 0.100463 0.0135417 0.0527778 0.0013082
13 0.970312 0.568981 0.0572917 0.075 0.00131242
1 0.0544271 0.490741 0.0213542 0.062963 0.00133782
1 0.0794271 0.505556 0.0078125 0.0185185 0.00135246
2 0.588802 0.420833 0.563021 0.197222 0.00139931
2 0.772656 0.106944 0.0171875 0.0268519 0.00142707
7 0.459635 0.110648 0.376563 0.0990741 0.00144633
1 0.0242187 0.358333 0.0473958 0.0333333 0.00151718
2 0.814323 0.0763889 0.0182292 0.0194444 0.00153047
2 0.255469 0.0861111 0.0223958 0.0425926 0.00178826
1 0.17526 0.553241 0.0369792 0.132407 0.00179324
9 0.570573 0.0310185 0.0119792 0.0564815 0.00179687
24 0.0416667 0.470833 0.025 0.0546296 0.00186905
12 0.98776 0.518056 0.0234375 0.176852 0.00213503
2 0.198698 0.243056 0.0223958 0.0157407 0.00218275
2 0.753906 0.155093 0.0119792 0.025 0.00221481
7 0.216406 0.0851852 0.0598958 0.114815 0.00234822
2 0.269531 0.0472222 0.0192708 0.0351852 0.00237441
0 0.166146 0.455093 0.0239583 0.106481 0.00253563
0 0.728385 0.372685 0.0307292 0.0287037 0.00255026
2 0.777865 0.1 0.0286458 0.0407407 0.00266778
2 0.269531 0.0907407 0.0182292 0.0685185 0.00293926
0 0.361979 0.0689815 0.00833333 0.025 0.00308141
0 0.435937 0.638889 0.815625 0.672222 0.0031719
0 0.75599 0.0888889 0.0151042 0.0759259 0.00319264
7 0.229427 0.0782407 0.0317708 0.0675926 0.00335638
32 0.453646 0.313889 0.00833333 0.012963 0.00336007
7 0.236458 0.0652778 0.015625 0.037963 0.00348517
1 0.0106771 0.486574 0.0213542 0.180556 0.00360465
1 0.028125 0.431019 0.04375 0.0601852 0.00367357
24 0.154948 0.468519 0.0380208 0.0796296 0.00372203
9 0.501823 0.758796 0.0130208 0.0546296 0.00385239
0 0.263802 0.0935185 0.00885417 0.0537037 0.0042064
0 0.0101562 0.476852 0.0203125 0.181481 0.00439964
7 0.992708 0.517593 0.0135417 0.174074 0.0044355
9 0.49974 0.601389 0.0151042 0.0398148 0.0046499
2 0.286719 0.0787037 0.0182292 0.0333333 0.00510461
1 0.0635417 0.527315 0.0385417 0.0787037 0.00528218
0 0.396094 0.356019 0.0296875 0.0416667 0.00539765
1 0.166146 0.543981 0.0208333 0.10463 0.00546602
0 0.380469 0.35787 0.0265625 0.037963 0.00562854
0 0.708854 0.374074 0.0208333 0.0277778 0.00581185
1 0.0182292 0.375 0.0364583 0.0574074 0.00613763
0 0.716927 0.371759 0.0276042 0.0287037 0.00640697
7 0.275 0.0703704 0.0395833 0.138889 0.0069615
7 0.971354 0.519907 0.05625 0.187963 0.00710563
2 0.784375 0.0898148 0.0145833 0.0203704 0.00766808
2 0.458333 0.103704 0.0229167 0.0555556 0.00797934
1 0.0101562 0.363426 0.0203125 0.0768519 0.00817288
9 0.26875 0.0222222 0.021875 0.0388889 0.00821512
9 0.99375 0.513426 0.0114583 0.167593 0.00825472
2 0.270052 0.106481 0.0130208 0.0407407 0.00872976
0 0.288802 0.110185 0.0213542 0.0796296 0.00935304
2 0.605469 0.0592593 0.00989583 0.0277778 0.0100399
7 0.288021 0.106019 0.0197917 0.0805556 0.0102405
0 0.284115 0.0986111 0.0119792 0.0601852 0.0112713
7 0.219792 0.0611111 0.05 0.0574074 0.0113767
2 0.290885 0.0708333 0.0119792 0.0157407 0.0123189
9 0.566667 0.0467593 0.00833333 0.0231481 0.0127471
1 0.0872396 0.543519 0.156771 0.124074 0.014145
1 0.140625 0.584722 0.021875 0.0861111 0.0141507
0 0.410937 0.356019 0.021875 0.0416667 0.0152772
1 0.0533854 0.523611 0.0171875 0.0824074 0.0246962
0 0.422135 0.356019 0.0359375 0.0416667 0.0253176
2 0.291667 0.113426 0.0260417 0.0731481 0.0303004
0 0.36224 0.358333 0.0223958 0.0407407 0.03044
1 0.0101562 0.548148 0.0203125 0.0722222 0.0441398
2 0.504427 0.104167 0.0453125 0.0583333 0.0443
1 0.0460938 0.54213 0.0390625 0.119444 0.0664882
0 0.634115 0.144907 0.0119792 0.0546296 0.0811553
1 0.0252604 0.54537 0.0359375 0.116667 0.0890971
1 0.0109375 0.397685 0.021875 0.10463 0.153365
1 0.00520833 0.410648 0.0104167 0.0824074 0.180765
2 0.478646 0.107407 0.0239583 0.0462963 0.281729
2 0.627083 0.119907 0.025 0.0509259 0.329748
1 0.0398437 0.548148 0.0192708 0.107407 0.365613
2 0.321875 0.0847222 0.0375 0.0342593 0.388328
24 0.144792 0.445833 0.0302083 0.0564815 0.414832
1 0.15 0.575926 0.0364583 0.101852 0.426524
7 0.504948 0.102778 0.0442708 0.062963 0.518069
7 0.445573 0.0944444 0.0473958 0.0722222 0.653984
10 0.204167 0.314352 0.015625 0.0712963 0.691175
2 0.318229 0.12037 0.0510417 0.0685185 0.784009
2 0.391667 0.425 0.164583 0.237037 0.784608
11 0.728646 0.0407407 0.0270833 0.0518519 0.78725
0 0.153646 0.499074 0.0489583 0.203704 0.832488
0 0.0390625 0.49213 0.0489583 0.152778 0.850307
2 0.729688 0.417593 0.123958 0.168519 0.910327
