9 0.43776 0.201852 0.00989583 0.0277778 0.00105364
2 0.291667 0.0976852 0.102083 0.0990741 0.00107409
0 0.515104 0.255556 0.603125 0.448148 0.00110734
9 0.261458 0.0375 0.015625 0.0638889 0.00112066
13 0.971354 0.526389 0.05625 0.187963 0.00118517
7 0.971354 0.525463 0.05625 0.193519 0.00125444
9 0.564844 0.0305556 0.0182292 0.0574074 0.00131096
0 0.640104 0.15 0.0177083 0.0574074 0.00142976
0 0.258854 0.103704 0.01875 0.087037 0.00151526
9 0.255208 0.0796296 0.0125 0.0462963 0.00152436
2 0.791406 0.102315 0.0557292 0.0768519 0.00154912
7 0.794531 0.0606481 0.0411458 0.0675926 0.00157155
13 0.0117188 0.36713 0.0234375 0.0435185 0.00165921
2 0.654948 0.138426 0.0828125 0.087963 0.00169232
9 0.565365 0.0435185 0.00989583 0.037037 0.00170841
2 0.238802 0.140278 0.0192708 0.0435185 0.00174594
9 0.294531 0.049537 0.0109375 0.0416667 0.00181495
2 0.640104 0.125 0.0510417 0.0592593 0.00188511
0 0.263281 0.0888889 0.00885417 0.0407407 0.00195797
2 0.285677 0.0884259 0.0390625 0.0546296 0.00197954
2 0.784635 0.0893519 0.0119792 0.0194444 0.00201897
2 0.00546875 0.0921296 0.0109375 0.0527778 0.00219328
11 0.233594 0.0694444 0.0255208 0.0481481 0.00269901
0 0.73151 0.370833 0.0359375 0.0324074 0.00270779
2 0.521875 0.101389 0.135417 0.0694444 0.00288811
0 0.757031 0.376389 0.0192708 0.0268519 0.00299696
1 0.00885417 0.398148 0.0177083 0.111111 0.00300619
2 0.428385 0.101389 0.295312 0.087963 0.00315843
11 0.219792 0.0518519 0.0552083 0.0851852 0.00316115
9 0.217448 0.0555556 0.0265625 0.0462963 0.00329563
12 0.702083 0.138889 0.0239583 0.0851852 0.00333284
2 0.265625 0.0958333 0.0104167 0.0509259 0.00351091
2 0.795313 0.0638889 0.0385417 0.062963 0.00382003
9 0.361979 0.0675926 0.00833333 0.0277778 0.00394153
2 0.00390625 0.406019 0.0078125 0.0916667 0.00399149
2 0.795573 0.0847222 0.0276042 0.0268519 0.00410963
7 0.463802 0.0638889 0.0442708 0.0425926 0.00411395
9 0.967708 0.504167 0.0270833 0.075 0.00447159
13 0.0138021 0.396759 0.0276042 0.110185 0.00456631
11 0.60651 0.0611111 0.00989583 0.0259259 0.00484812
32 0.454427 0.313889 0.0078125 0.0148148 0.0052345
1 0.809375 0.338426 0.0229167 0.0972222 0.00665259
9 0.994531 0.518056 0.00989583 0.169444 0.00699698
7 0.219531 0.0657407 0.0536458 0.0574074 0.0073336
1 0.00416667 0.390741 0.00833333 0.118519 0.00754902
2 0.283854 0.100926 0.0166667 0.0537037 0.00810684
0 0.714323 0.371296 0.0213542 0.0259259 0.00827171
2 0.269531 0.111111 0.0109375 0.037037 0.00843953
9 0.50026 0.603241 0.0151042 0.0398148 0.00864737
2 0.321875 0.1 0.0458333 0.0481481 0.00916245
11 0.240885 0.0328704 0.0223958 0.0638889 0.0094249
9 0.975 0.5 0.040625 0.12963 0.0101408
0 0.44401 0.099537 0.0182292 0.0472222 0.0108469
9 0.269792 0.0351852 0.0208333 0.0611111 0.0114319
9 0.567448 0.0486111 0.00885417 0.0231481 0.0132914
0 0.442708 0.0898148 0.0135417 0.0296296 0.0139966
0 0.75625 0.0912037 0.015625 0.075 0.0143562
2 0.289323 0.108333 0.0182292 0.0481481 0.0158763
2 0.305729 0.0814815 0.025 0.0333333 0.0173411
0 0.635417 0.149537 0.009375 0.0490741 0.0175201
2 0.277344 0.110185 0.0244792 0.0481481 0.0225724
2 0.47474 0.0810185 0.0380208 0.0324074 0.0344138
5 0.219792 0.0662037 0.053125 0.0564815 0.0440419
9 0.502865 0.760648 0.0119792 0.0527778 0.107947
2 0.295573 0.0907407 0.0203125 0.0462963 0.133083
2 0.627865 0.121296 0.0244792 0.05 0.207439
2 0.473698 0.108796 0.0348958 0.0472222 0.243629
2 0.323177 0.0856481 0.0369792 0.0361111 0.443557
2 0.463542 0.0648148 0.0427083 0.037037 0.473117
2 0.50651 0.104167 0.0421875 0.062037 0.684007
11 0.729948 0.0435185 0.0276042 0.0592593 0.723136
2 0.317969 0.122222 0.0515625 0.0685185 0.774991
10 0.204167 0.316204 0.0166667 0.0712963 0.82453
2 0.540104 0.231019 0.075 0.106481 0.863134
2 0.730208 0.419444 0.122917 0.172222 0.91102
