9 0.560677 0.05 0.0182292 0.0259259 0.00105528
12 0.995573 0.530556 0.0078125 0.0351852 0.00110489
2 0.776042 0.099537 0.0239583 0.0435185 0.00113027
9 0.439323 0.200463 0.0130208 0.0398148 0.00116742
1 0.810677 0.328241 0.0182292 0.0861111 0.00116855
9 0.292708 0.0560185 0.00833333 0.037963 0.00117016
7 0.279427 0.0740741 0.0338542 0.140741 0.00117287
2 0.976562 0.498148 0.0447917 0.127778 0.00121199
9 0.26224 0.0467593 0.0151042 0.0509259 0.00122126
2 0.00520833 0.0865741 0.0104167 0.037963 0.00128661
11 0.60625 0.0601852 0.0104167 0.0240741 0.00131362
10 0.00520833 0.462963 0.0104167 0.22963 0.00135607
9 0.50026 0.602778 0.0151042 0.0407407 0.0013655
9 0.548177 0.0509259 0.0109375 0.0259259 0.00137951
2 0.240885 0.106944 0.0171875 0.0324074 0.00140441
2 0.294271 0.10787 0.0791667 0.0935185 0.00141874
7 0.993229 0.518519 0.0125 0.168519 0.00156023
12 0.976302 0.501389 0.0442708 0.134259 0.00167055
13 0.0046875 0.458333 0.009375 0.22963 0.00167532
9 0.275781 0.0407407 0.0380208 0.0796296 0.00170875
2 0.332812 0.0787037 0.0270833 0.0296296 0.00180629
1 0.0109375 0.366204 0.021875 0.0472222 0.00190073
5 0.220052 0.0777778 0.0515625 0.0685185 0.00201372
9 0.440625 0.221759 0.0125 0.0398148 0.00204461
2 0.405469 0.111574 0.267188 0.0787037 0.00210793
9 0.584896 0.0402778 0.0135417 0.0453704 0.00211419
2 0.657031 0.1375 0.0786458 0.0842593 0.00213493
10 0.199479 0.296296 0.025 0.112963 0.0022607
2 0.442708 0.0861111 0.0135417 0.0259259 0.00237921
0 0.757031 0.374074 0.0192708 0.0314815 0.00253334
0 0.263281 0.105093 0.00885417 0.0490741 0.00256717
0 0.725 0.373148 0.0333333 0.0277778 0.00267741
9 0.458073 0.0643518 0.00677083 0.0305556 0.00273468
32 0.454167 0.315741 0.00833333 0.0148148 0.00278988
9 0.3625 0.0689815 0.009375 0.0231481 0.00279096
0 0.266406 0.0986111 0.0109375 0.0546296 0.00291997
2 0.309635 0.0939815 0.0515625 0.0583333 0.0030606
7 0.973177 0.522685 0.0526042 0.193519 0.00312897
9 0.220573 0.0662037 0.0463542 0.0527778 0.00331662
2 0.56901 0.110185 0.218229 0.0648148 0.00337045
2 0.21875 0.136111 0.0583333 0.0518519 0.00354497
12 0.701563 0.164815 0.0197917 0.0388889 0.00354963
9 0.263021 0.0884259 0.00833333 0.0361111 0.00372969
12 0.692448 0.164352 0.0078125 0.0398148 0.00393263
7 0.788021 0.0657407 0.025 0.062963 0.00413371
9 0.573438 0.0314815 0.0145833 0.0592593 0.00422957
7 0.220052 0.0703704 0.0505208 0.062963 0.00450385
2 0.592188 0.126389 0.0177083 0.0231481 0.00465888
2 0.449219 0.115741 0.0307292 0.0259259 0.00469856
1 0.0122396 0.395833 0.0244792 0.117593 0.005017
2 0.48099 0.110648 0.0536458 0.0583333 0.00514324
9 0.269271 0.0472222 0.0208333 0.0462963 0.00515547
11 0.239844 0.0337963 0.0203125 0.0657407 0.00517187
12 0.701823 0.142593 0.0234375 0.0814815 0.00597211
9 0.216406 0.0574074 0.0265625 0.05 0.00658642
0 0.755208 0.0898148 0.0145833 0.0703704 0.00659312
9 0.221094 0.0888889 0.0109375 0.0148148 0.00699207
2 0.00416667 0.401852 0.00833333 0.107407 0.00741519
9 0.502344 0.759259 0.0130208 0.0574074 0.00780909
0 0.714583 0.374537 0.025 0.0231481 0.00805085
9 0.442448 0.0865741 0.0130208 0.0268519 0.00870832
12 0.994531 0.495833 0.00989583 0.132407 0.00889583
11 0.23724 0.0666667 0.0161458 0.0388889 0.00963401
2 0.363542 0.0671296 0.0114583 0.0212963 0.00978882
9 0.207292 0.0680556 0.0197917 0.0435185 0.0105617
9 0.26875 0.0226852 0.0208333 0.0398148 0.0109979
2 0.270833 0.110185 0.0135417 0.0388889 0.0120274
0 0.635156 0.146296 0.00989583 0.0518519 0.0127816
1 0.00442708 0.396759 0.00885417 0.113889 0.0131309
2 0.238542 0.141204 0.01875 0.0398148 0.0132664
2 0.634635 0.143981 0.0109375 0.0527778 0.0189094
2 0.288281 0.112037 0.0192708 0.0759259 0.0241303
2 0.814844 0.0768519 0.0171875 0.0185185 0.030595
9 0.566927 0.0481481 0.0078125 0.0240741 0.040005
2 0.785937 0.0888889 0.0145833 0.0240741 0.0489067
2 0.298438 0.10787 0.0375 0.0787037 0.0958231
2 0.464844 0.112963 0.0171875 0.037037 0.207007
2 0.321615 0.0875 0.0380208 0.0342593 0.292205
2 0.480469 0.109722 0.0213542 0.0453704 0.293034
7 0.50651 0.103704 0.0421875 0.062963 0.344747
2 0.50625 0.103704 0.0416667 0.062963 0.496285
2 0.627083 0.121759 0.025 0.0509259 0.515234
2 0.31849 0.12037 0.0505208 0.0740741 0.72985
10 0.203906 0.315741 0.0161458 0.0722222 0.780324
11 0.728906 0.0430556 0.0276042 0.0564815 0.780975
2 0.729427 0.419444 0.122396 0.17037 0.904007
