9 0.292969 0.0550926 0.00885417 0.0342593 0.0010057
0 0.403385 0.271296 0.0234375 0.0259259 0.00101771
13 0.967448 0.563889 0.0526042 0.0611111 0.00106352
1 0.0247396 0.389815 0.0494792 0.127778 0.00106508
2 0.497917 0.198148 0.494792 0.274074 0.00112949
12 0.715885 0.163889 0.0119792 0.0351852 0.00113002
2 0.972917 0.50787 0.0520833 0.15463 0.00126218
2 0.00572917 0.0837963 0.0114583 0.0527778 0.00132451
9 0.252865 0.0856481 0.0140625 0.0361111 0.0013644
2 0.805208 0.0717593 0.0114583 0.0194444 0.00138139
1 0.0140625 0.365278 0.028125 0.0490741 0.00141203
0 0.263021 0.109722 0.009375 0.0453704 0.00143294
9 0.264062 0.0856481 0.0104167 0.0342593 0.00152147
2 0.815104 0.0699074 0.015625 0.0157407 0.00156835
2 0.295052 0.103704 0.0973958 0.0907407 0.0017019
2 0.653125 0.139352 0.078125 0.0805556 0.00170717
12 0.701823 0.133333 0.0234375 0.0740741 0.00178535
2 0.266667 0.0986111 0.0114583 0.0546296 0.00197857
2 0.293229 0.0712963 0.0145833 0.0166667 0.00200339
0 0.716667 0.371759 0.0229167 0.0268519 0.00205016
0 0.392448 0.268981 0.0296875 0.0324074 0.00212853
2 0.646615 0.144907 0.0348958 0.0601852 0.00221471
9 0.258073 0.0740741 0.0109375 0.0444444 0.00224344
7 0.99349 0.516667 0.0119792 0.174074 0.00240018
12 0.701302 0.164352 0.0234375 0.037963 0.00240682
7 0.459896 0.100926 0.04375 0.0666667 0.00246063
13 0.970833 0.522685 0.0572917 0.189815 0.0026416
7 0.790365 0.0652778 0.0296875 0.062037 0.0027668
0 0.757552 0.0930556 0.0140625 0.0787037 0.00278943
9 0.216927 0.0513889 0.0255208 0.0416667 0.00279597
2 0.589583 0.424074 0.573958 0.188889 0.00279782
2 0.779688 0.102778 0.0291667 0.0481481 0.00287981
12 0.977083 0.500463 0.0427083 0.137963 0.0028933
0 0.380729 0.268519 0.0270833 0.0277778 0.00313544
2 0.794792 0.0847222 0.03125 0.0287037 0.00343254
11 0.2375 0.0680556 0.0166667 0.0435185 0.00391883
12 0.817708 0.234722 0.00833333 0.0416667 0.00393431
7 0.970573 0.525 0.0578125 0.201852 0.00399393
0 0.361719 0.0685185 0.0119792 0.0259259 0.00419569
9 0.5 0.603241 0.015625 0.037963 0.00468674
9 0.220833 0.087963 0.0114583 0.012963 0.0047883
1 0.00911458 0.396296 0.0182292 0.114815 0.00526838
2 0.417188 0.105093 0.25 0.0675926 0.00679315
12 0.994531 0.502315 0.00989583 0.150926 0.00680843
0 0.00390625 0.406019 0.0078125 0.0916667 0.00684015
5 0.219271 0.0643518 0.0479167 0.0546296 0.0069148
1 0.00390625 0.406481 0.0078125 0.0925926 0.00756973
12 0.691927 0.164815 0.00989583 0.0407407 0.00776897
11 0.60599 0.0601852 0.00989583 0.0222222 0.00780148
2 0.814583 0.0768519 0.0166667 0.0166667 0.00802302
7 0.220052 0.0657407 0.0505208 0.062963 0.00812893
9 0.206771 0.0689815 0.021875 0.0416667 0.00842593
1 0.810677 0.330093 0.0203125 0.0916667 0.00982995
0 0.635417 0.147685 0.0104167 0.0509259 0.00992921
2 0.634896 0.147685 0.0114583 0.0546296 0.0119162
2 0.270833 0.111574 0.0135417 0.0361111 0.0127555
2 0.238542 0.140278 0.01875 0.0416667 0.0140051
2 0.48125 0.106019 0.0166667 0.0527778 0.0159928
9 0.113802 0.025463 0.0171875 0.0398148 0.0172066
2 0.372396 0.103704 0.05625 0.0574074 0.0176007
2 0.592969 0.127778 0.0171875 0.0203704 0.0204496
9 0.567708 0.0476852 0.00833333 0.0231481 0.0227645
2 0.479948 0.0958333 0.00989583 0.0324074 0.0236546
2 0.296354 0.105556 0.0333333 0.0759259 0.0239796
2 0.291927 0.125926 0.0203125 0.0518519 0.0339988
2 0.785417 0.087963 0.0145833 0.0240741 0.0352853
2 0.36224 0.0703704 0.0119792 0.0259259 0.0364298
9 0.502604 0.760185 0.0125 0.0555556 0.0373829
7 0.297135 0.103704 0.0338542 0.0740741 0.0395748
9 0.26875 0.0347222 0.0208333 0.0657407 0.0684827
2 0.322135 0.087037 0.0380208 0.0351852 0.273154
2 0.628125 0.121296 0.025 0.0518519 0.416854
2 0.459896 0.1 0.0427083 0.0648148 0.496691
2 0.505729 0.10463 0.04375 0.0611111 0.549296
2 0.317708 0.121759 0.0520833 0.0694444 0.742298
10 0.204167 0.315741 0.015625 0.0722222 0.759978
2 0.383854 0.0925926 0.03125 0.0481481 0.789271
11 0.729427 0.0430556 0.0265625 0.0564815 0.802973
2 0.382812 0.309259 0.111458 0.174074 0.903562
2 0.729688 0.419444 0.121875 0.172222 0.909229
