0 0.00494792 0.550463 0.00989583 0.0546296 0.00104843
0 0.229687 0.382407 0.0208333 0.0740741 0.00105582
2 0.254948 0.087963 0.0182292 0.037037 0.00105886
2 0.552604 0.424537 0.64375 0.180556 0.00106387
2 0.648698 0.146296 0.0359375 0.0648148 0.00107922
9 0.566146 0.0638889 0.0114583 0.0574074 0.00108837
0 0.756771 0.374537 0.0208333 0.0324074 0.00109947
7 0.989583 0.518519 0.0197917 0.188889 0.00113475
12 0.995573 0.52963 0.0078125 0.0333333 0.00122505
7 0.970573 0.522222 0.0578125 0.194444 0.00126141
12 0.98099 0.497685 0.0359375 0.130556 0.00127777
2 0.65599 0.139815 0.0786458 0.0814815 0.00129
9 0.502083 0.759259 0.0135417 0.0555556 0.0014219
2 0.813542 0.075463 0.0166667 0.0175926 0.00144834
7 0.478125 0.0944444 0.0385417 0.0685185 0.00145432
0 0.00520833 0.471759 0.0104167 0.217593 0.00145742
7 0.788021 0.062963 0.0239583 0.0648148 0.00148585
11 0.23724 0.0703704 0.0171875 0.0481481 0.00150471
0 0.36224 0.0671296 0.00989583 0.0287037 0.00153338
2 0.593229 0.122685 0.0166667 0.0287037 0.00159577
2 0.777865 0.0990741 0.0265625 0.0407407 0.00163353
0 0.444271 0.0986111 0.0197917 0.0490741 0.00164274
2 0.0046875 0.556019 0.009375 0.0435185 0.00175048
2 0.755469 0.119444 0.0182292 0.037037 0.00175479
0 0.263542 0.100926 0.00833333 0.0555556 0.00218424
2 0.40651 0.105093 0.267188 0.0824074 0.00223542
0 0.716406 0.372222 0.0234375 0.0277778 0.00242912
2 0.564844 0.107407 0.238021 0.0685185 0.00248191
11 0.60599 0.0592593 0.00989583 0.0259259 0.00258916
2 0.280469 0.0662037 0.0296875 0.0361111 0.00284873
12 0.701823 0.165278 0.0192708 0.037963 0.00295941
0 0.754948 0.0921296 0.0161458 0.0787037 0.00319256
2 0.473958 0.106019 0.0708333 0.062037 0.00338103
1 0.0140625 0.453704 0.028125 0.257407 0.00352442
0 0.442708 0.087963 0.0135417 0.0296296 0.00372403
1 0.00520833 0.373148 0.0104167 0.107407 0.00377757
10 0.217448 0.356944 0.0234375 0.0675926 0.00380711
2 0.266667 0.0990741 0.0114583 0.0574074 0.00443802
1 0.0046875 0.466204 0.009375 0.226852 0.00461372
7 0.271615 0.0388889 0.0296875 0.0759259 0.00560596
2 0.363281 0.0657407 0.0119792 0.0203704 0.0059089
9 0.994531 0.491667 0.00989583 0.12037 0.00596944
0 0.220313 0.359722 0.03125 0.075 0.00609467
9 0.58151 0.0337963 0.0140625 0.0601852 0.00616126
0 0.458333 0.0648148 0.00729167 0.0296296 0.00639682
2 0.276042 0.0296296 0.0385417 0.0574074 0.00640756
2 0.26901 0.0194444 0.0223958 0.0351852 0.00651635
0 0.283594 0.0865741 0.00989583 0.0305556 0.00671993
12 0.691406 0.165741 0.00989583 0.0388889 0.00775246
12 0.994792 0.490278 0.009375 0.128704 0.00790402
2 0.238021 0.140278 0.0177083 0.0416667 0.00801185
2 0.269792 0.10787 0.0125 0.0416667 0.00802074
2 0.634896 0.143519 0.0104167 0.0537037 0.00892822
7 0.28099 0.0532407 0.0411458 0.0935185 0.0107656
0 0.635417 0.146759 0.009375 0.0546296 0.0115768
9 0.442708 0.0875 0.0125 0.0287037 0.0127268
2 0.307552 0.0694444 0.0307292 0.0444444 0.0128389
24 0.215885 0.375463 0.0223958 0.062037 0.0135197
2 0.785156 0.0888889 0.0130208 0.0222222 0.0142655
5 0.217448 0.0648148 0.0442708 0.0648148 0.0164946
2 0.269271 0.0476852 0.0197917 0.0416667 0.0166669
9 0.571875 0.0310185 0.0145833 0.0583333 0.0181238
1 0.0127604 0.37037 0.0255208 0.05 0.0191456
7 0.220573 0.0569444 0.0515625 0.087963 0.0234255
1 0.00416667 0.40787 0.00833333 0.087963 0.0374953
2 0.488021 0.109259 0.0145833 0.0462963 0.0385402
2 0.29349 0.10787 0.0286458 0.0787037 0.0480302
9 0.567187 0.0472222 0.00833333 0.0240741 0.0673343
2 0.486198 0.075463 0.0182292 0.0268519 0.10169
1 0.0117188 0.399537 0.0234375 0.10463 0.101971
2 0.4625 0.112037 0.0135417 0.0388889 0.112916
2 0.478385 0.110648 0.0182292 0.0416667 0.172429
2 0.322135 0.0875 0.0380208 0.0324074 0.193897
2 0.46901 0.110185 0.0244792 0.0425926 0.322842
2 0.50651 0.102778 0.0442708 0.0648148 0.414931
7 0.50651 0.102778 0.0442708 0.0648148 0.430772
1 0.219792 0.455093 0.0260417 0.115741 0.462807
2 0.626823 0.122222 0.0255208 0.0518519 0.521722
10 0.204167 0.3125 0.015625 0.0657407 0.582005
2 0.307552 0.0518519 0.0296875 0.0388889 0.583276
2 0.31849 0.121759 0.0515625 0.0712963 0.757197
0 0.21875 0.412037 0.034375 0.172222 0.770771
11 0.728906 0.0430556 0.0276042 0.0564815 0.782191
2 0.729688 0.419444 0.122917 0.17037 0.909147
