0 0.196354 0.126852 0.0145833 0.0425926 0.00101492
12 0.702344 0.129167 0.0223958 0.062037 0.00101512
2 0.238281 0.106019 0.0151042 0.037963 0.00104452
12 0.69401 0.162963 0.00677083 0.0407407 0.00107519
0 0.578906 0.185185 0.474479 0.237037 0.00109056
32 0.454688 0.316204 0.00833333 0.0157407 0.00116377
0 0.26276 0.101389 0.00885417 0.0564815 0.00118452
2 0.490365 0.458796 0.625521 0.250926 0.0012198
9 0.273438 0.0384259 0.0322917 0.075 0.00133165
9 0.415885 0.0115741 0.0161458 0.0231481 0.00139749
0 0.540885 0.32963 0.564062 0.564815 0.00144885
9 0.108854 0.0291667 0.0125 0.0398148 0.0014826
2 0.660937 0.150926 0.0604167 0.062963 0.00149783
9 0.817969 0.237037 0.0078125 0.0351852 0.00150029
9 0.548698 0.0527778 0.0119792 0.0277778 0.00156797
2 0.771875 0.11713 0.0135417 0.0342593 0.00177277
12 0.99375 0.517593 0.0114583 0.17037 0.00185806
2 0.777865 0.109259 0.0255208 0.037037 0.00190121
0 0.730469 0.372685 0.0244792 0.0305556 0.00199078
7 0.990885 0.51713 0.0171875 0.180556 0.00200042
7 0.970573 0.528704 0.0578125 0.201852 0.00203766
2 0.575 0.10787 0.245833 0.0675926 0.00207042
2 0.813281 0.0759259 0.0130208 0.0203704 0.00221052
9 0.551823 0.0587963 0.0130208 0.025 0.0022586
0 0.756771 0.374074 0.0197917 0.0314815 0.00227771
9 0.235677 0.0634259 0.0192708 0.0361111 0.00230937
9 0.220052 0.0657407 0.0494792 0.0555556 0.00239378
9 0.115104 0.024537 0.0135417 0.0416667 0.0024168
9 0.502083 0.760648 0.0135417 0.0546296 0.00242652
2 0.238542 0.143519 0.01875 0.037037 0.00255749
9 0.576302 0.0342593 0.0151042 0.0648148 0.00256257
9 0.56224 0.0518519 0.0192708 0.0259259 0.0026573
0 0.584635 0.422222 0.0390625 0.0407407 0.00266861
9 0.583333 0.0398148 0.0125 0.0518519 0.00294647
2 0.402344 0.108333 0.284896 0.0777778 0.00300511
2 0.78724 0.0842593 0.0171875 0.0203704 0.00302033
0 0.995833 0.327315 0.00729167 0.0527778 0.00305043
0 0.757552 0.0819444 0.0109375 0.0583333 0.00307311
11 0.23776 0.0657407 0.0161458 0.037037 0.00322508
9 0.258854 0.0712963 0.0114583 0.0444444 0.00328259
9 0.361979 0.0699074 0.00833333 0.0231481 0.00358085
9 0.458333 0.0648148 0.00729167 0.0333333 0.00358792
9 0.758073 0.0726852 0.00989583 0.0416667 0.00361944
2 0.677344 0.452315 0.399479 0.221296 0.00436235
9 0.266146 0.0986111 0.0104167 0.0546296 0.00452575
2 0.59375 0.124537 0.015625 0.0268519 0.00465006
9 0.265104 0.0375 0.0145833 0.062037 0.00490118
11 0.240625 0.0324074 0.0208333 0.062963 0.00501886
9 0.253385 0.0856481 0.0130208 0.0342593 0.00514914
9 0.266406 0.0583333 0.0140625 0.0296296 0.00527011
1 0.00885417 0.405093 0.0177083 0.10463 0.00545073
2 0.295312 0.0731481 0.021875 0.0166667 0.00587626
0 0.443229 0.0981481 0.01875 0.0481481 0.0066116
11 0.60651 0.0615741 0.0109375 0.025 0.00812772
2 0.298698 0.0865741 0.0307292 0.0435185 0.00831478
9 0.26901 0.024537 0.0213542 0.0435185 0.00931856
9 0.443229 0.0893519 0.0135417 0.0287037 0.0110582
9 0.263281 0.0851852 0.0078125 0.0333333 0.0113861
9 0.992448 0.502778 0.0140625 0.140741 0.0117272
2 0.270833 0.110648 0.0125 0.037963 0.0121257
1 0.00416667 0.412963 0.00833333 0.0851852 0.013259
0 0.714583 0.372685 0.0229167 0.0287037 0.0141088
0 0.536719 0.419444 0.0338542 0.0444444 0.0153137
9 0.215625 0.062963 0.0270833 0.0425926 0.0161859
2 0.785937 0.0907407 0.0145833 0.0203704 0.017565
1 0.0119792 0.370833 0.0239583 0.0657407 0.0176434
9 0.571094 0.0319444 0.0130208 0.0601852 0.0177118
2 0.635677 0.146296 0.0109375 0.0518519 0.0265153
9 0.208073 0.0666667 0.0203125 0.0425926 0.0355083
0 0.635677 0.147685 0.00989583 0.0472222 0.0362365
2 0.294792 0.107407 0.0302083 0.0814815 0.0623066
2 0.463281 0.1125 0.0161458 0.0398148 0.0641847
7 0.296615 0.106481 0.0348958 0.0814815 0.0962351
9 0.567187 0.0490741 0.009375 0.0240741 0.187711
2 0.628125 0.123148 0.025 0.0518519 0.30357
2 0.321875 0.087037 0.0375 0.0333333 0.328322
7 0.50651 0.105093 0.0421875 0.062037 0.368436
2 0.50651 0.10463 0.0421875 0.062963 0.443887
2 0.473437 0.109722 0.0354167 0.0453704 0.446729
10 0.203906 0.318056 0.0171875 0.0675926 0.607622
11 0.729427 0.0430556 0.0265625 0.0546296 0.745176
2 0.31875 0.122685 0.0510417 0.0712963 0.776902
2 0.379687 0.285185 0.09375 0.124074 0.897886
2 0.729688 0.42037 0.122917 0.172222 0.918022
2 0.557292 0.471759 0.146875 0.221296 0.926081
