0 0.414062 0.296296 0.021875 0.0388889 0.0010023
12 0.689323 0.166667 0.0130208 0.0351852 0.00106497
58 0.96849 0.49537 0.0296875 0.0888889 0.0010673
12 0.702344 0.129167 0.0223958 0.0638889 0.00108464
9 0.483333 0.0449074 0.00833333 0.025 0.00110081
13 0.974479 0.519444 0.0510417 0.174074 0.0011321
1 0.0117188 0.365741 0.0234375 0.0592593 0.00126132
0 0.442708 0.0976852 0.0177083 0.0472222 0.00127577
9 0.261979 0.0439815 0.015625 0.0564815 0.00130931
2 0.590104 0.418519 0.563542 0.192593 0.00137429
9 0.29349 0.0546296 0.00989583 0.0425926 0.00137908
12 0.69375 0.164352 0.00729167 0.0361111 0.00145548
12 0.701823 0.159259 0.0223958 0.0462963 0.00149768
2 0.00494792 0.55787 0.00989583 0.0416667 0.00158512
2 0.442969 0.087963 0.0140625 0.0277778 0.00161211
13 0.961458 0.55463 0.0385417 0.0407407 0.00161687
0 0.151562 0.518519 0.0208333 0.0407407 0.00163197
0 0.995052 0.260648 0.00885417 0.186111 0.00163227
2 0.792448 0.0912037 0.0369792 0.0342593 0.00163626
7 0.30026 0.10787 0.0796875 0.0916667 0.00168945
9 0.50026 0.606019 0.0151042 0.0453704 0.00174546
9 0.573177 0.0319444 0.0151042 0.0583333 0.00175029
0 0.75625 0.0921296 0.015625 0.0768519 0.00194938
58 0.920573 0.182407 0.158854 0.355556 0.0021895
1 0.00416667 0.411574 0.00833333 0.0824074 0.00222144
2 0.639583 0.127315 0.0510417 0.0638889 0.00228432
9 0.257031 0.0759259 0.0119792 0.0481481 0.00230853
0 0.757292 0.0740741 0.0114583 0.0407407 0.00233583
2 0.773177 0.113889 0.0161458 0.0333333 0.00245016
2 0.573698 0.106481 0.249479 0.0685185 0.00248053
9 0.235677 0.0643518 0.0182292 0.037963 0.00250447
2 0.593229 0.126389 0.0177083 0.025 0.00254251
9 0.253646 0.087037 0.0145833 0.0351852 0.00262396
2 0.411719 0.10787 0.289062 0.0787037 0.00263898
9 0.269531 0.0537037 0.0203125 0.0462963 0.0026491
2 0.241406 0.108333 0.0182292 0.0351852 0.00268749
11 0.23724 0.0685185 0.0161458 0.0425926 0.00296057
2 0.238542 0.139352 0.0197917 0.0435185 0.00298388
0 0.744792 0.371759 0.0166667 0.0305556 0.00300198
9 0.99375 0.499074 0.0114583 0.133333 0.00308499
5 0.219792 0.0666667 0.0489583 0.0555556 0.00308743
0 0.727865 0.372222 0.0276042 0.0277778 0.00311521
7 0.220313 0.0680556 0.0489583 0.0546296 0.0034354
2 0.661979 0.15 0.0666667 0.0722222 0.00347123
9 0.269792 0.0356481 0.0239583 0.0694444 0.00366871
1 0.810677 0.331481 0.0203125 0.0907407 0.00369985
2 0.814062 0.0768519 0.0177083 0.0148148 0.00392031
0 0.755469 0.375 0.0223958 0.0314815 0.00409817
12 0.994271 0.499074 0.0104167 0.135185 0.0041668
7 0.789583 0.0648148 0.028125 0.0611111 0.00457182
9 0.361979 0.0703704 0.00833333 0.0222222 0.00504506
0 0.195052 0.902778 0.0442708 0.0685185 0.00509232
0 0.266146 0.099537 0.0104167 0.0546296 0.00531765
9 0.502865 0.760648 0.0140625 0.0527778 0.00577409
32 0.454948 0.315278 0.0078125 0.0138889 0.00596353
9 0.263281 0.0884259 0.0078125 0.0361111 0.00650145
32 0.460938 0.357407 0.0104167 0.0148148 0.00663435
0 0.995833 0.327778 0.00729167 0.05 0.00726196
2 0.782552 0.103241 0.0338542 0.0509259 0.00744044
2 0.647396 0.148611 0.034375 0.0601852 0.00764378
9 0.269792 0.0217593 0.0197917 0.0361111 0.00946645
0 0.714844 0.373148 0.0255208 0.0259259 0.00992961
0 0.241146 0.904167 0.046875 0.0657407 0.0100118
0 0.405729 0.296296 0.0229167 0.0333333 0.0119495
2 0.60651 0.0606481 0.0109375 0.025 0.0124343
0 0.635417 0.147685 0.009375 0.0527778 0.0135897
2 0.635156 0.14537 0.0109375 0.0555556 0.0143561
2 0.486719 0.108333 0.0130208 0.05 0.0177018
9 0.442708 0.0884259 0.0135417 0.0268519 0.0185678
0 0.371875 0.297685 0.0229167 0.0305556 0.0203384
9 0.208333 0.0671296 0.0239583 0.0453704 0.0228756
2 0.272135 0.109722 0.0151042 0.0398148 0.023428
2 0.786719 0.0888889 0.0182292 0.0240741 0.0263001
9 0.566927 0.0486111 0.0078125 0.0231481 0.0277968
0 0.38125 0.298611 0.0229167 0.0305556 0.0358887
0 0.390885 0.296759 0.0234375 0.0324074 0.0389801
2 0.463021 0.111111 0.0145833 0.0425926 0.0754644
2 0.298438 0.10787 0.0385417 0.0842593 0.108394
0 0.276563 0.901389 0.0447917 0.0675926 0.155527
7 0.297917 0.107407 0.0385417 0.0833333 0.169048
2 0.322396 0.087037 0.0385417 0.0333333 0.220863
2 0.472656 0.109722 0.0328125 0.0453704 0.280005
0 0.214844 0.906482 0.0515625 0.0685185 0.462331
2 0.627604 0.122222 0.025 0.0518519 0.540766
2 0.50599 0.10463 0.0432292 0.062963 0.590313
2 0.31875 0.120833 0.05 0.0731481 0.65917
10 0.203906 0.316667 0.0161458 0.0703704 0.727063
11 0.729167 0.0430556 0.0270833 0.0546296 0.8117
2 0.242188 0.902778 0.215625 0.190741 0.898791
2 0.565625 0.221759 0.117708 0.106481 0.907931
2 0.729688 0.418519 0.122917 0.17037 0.914302
2 0.388802 0.335185 0.106771 0.142593 0.919654
