2 0.771354 0.1125 0.0145833 0.0305556 0.00100562
2 0.592708 0.125 0.015625 0.0259259 0.00104216
12 0.995313 0.530556 0.00833333 0.0425926 0.00108403
1 0.00546875 0.388426 0.0109375 0.119444 0.00108507
13 0.966146 0.555093 0.0489583 0.0527778 0.00111397
2 0.00494792 0.406944 0.00989583 0.087963 0.00114678
7 0.277604 0.0662037 0.0395833 0.128704 0.00118814
2 0.652083 0.149537 0.0447917 0.062037 0.0011975
9 0.5 0.602778 0.0145833 0.0388889 0.00121
0 0.757292 0.119907 0.0135417 0.0361111 0.00128687
2 0.219531 0.134259 0.0567708 0.0555556 0.00134624
7 0.970573 0.521296 0.0578125 0.183333 0.0013739
32 0.460677 0.356019 0.0109375 0.0175926 0.00137555
7 0.986979 0.518056 0.025 0.180556 0.00139621
2 0.773438 0.101852 0.0239583 0.0481481 0.00147893
13 0.00442708 0.405093 0.00885417 0.087963 0.00154618
12 0.701563 0.163426 0.0208333 0.0398148 0.00156577
9 0.276302 0.0388889 0.0369792 0.0740741 0.00158656
13 0.986979 0.518056 0.025 0.173148 0.00160304
10 0.19401 0.295833 0.0369792 0.115741 0.00175167
9 0.361979 0.0680556 0.009375 0.0268519 0.00179077
2 0.454948 0.101852 0.0182292 0.0314815 0.00181968
2 0.235938 0.102778 0.0177083 0.05 0.00191216
12 0.689062 0.167593 0.0135417 0.0351852 0.00199306
2 0.25625 0.087037 0.0208333 0.0407407 0.00206042
32 0.454427 0.314352 0.0078125 0.0138889 0.00214271
2 0.807292 0.0708333 0.0104167 0.0157407 0.00219262
11 0.236979 0.0699074 0.0166667 0.0453704 0.00222026
12 0.69349 0.164352 0.00677083 0.037963 0.00245794
0 0.717708 0.371296 0.0260417 0.0277778 0.00257017
0 0.442969 0.087963 0.0151042 0.0333333 0.00277084
2 0.396615 0.116204 0.257812 0.0861111 0.00289154
2 0.452344 0.113426 0.0380208 0.0435185 0.00289333
2 0.277865 0.113426 0.0286458 0.0601852 0.0030342
2 0.817187 0.231019 0.009375 0.0435185 0.0035755
0 0.265885 0.0986111 0.00989583 0.0546296 0.00408902
2 0.564583 0.117593 0.240625 0.0777778 0.00420374
2 0.813802 0.074537 0.0171875 0.0157407 0.00444538
58 0.968229 0.497222 0.0302083 0.0851852 0.00490882
12 0.702083 0.137963 0.0229167 0.087037 0.0049919
9 0.503125 0.760185 0.0125 0.0537037 0.00577952
11 0.60651 0.0601852 0.00989583 0.0259259 0.00578593
0 0.285156 0.0935185 0.0119792 0.0425926 0.0061945
2 0.816667 0.0680556 0.0135417 0.0101852 0.00634685
12 0.99401 0.502315 0.0109375 0.143519 0.00636705
2 0.269792 0.0490741 0.01875 0.0351852 0.00695894
2 0.269792 0.107407 0.0125 0.0425926 0.00730038
9 0.442448 0.0875 0.0130208 0.0324074 0.00731526
2 0.471615 0.100926 0.0359375 0.0296296 0.00769788
0 0.758073 0.0712963 0.00989583 0.0388889 0.00805037
9 0.269271 0.0217593 0.0197917 0.037963 0.0115902
2 0.785677 0.0898148 0.0140625 0.0222222 0.0175976
9 0.574219 0.0310185 0.0151042 0.0601852 0.0215188
7 0.220573 0.0671296 0.0505208 0.0731481 0.0235083
2 0.442448 0.114352 0.0171875 0.0212963 0.0245084
2 0.634896 0.143981 0.0104167 0.0509259 0.0263625
2 0.238542 0.142593 0.0177083 0.037037 0.0278159
2 0.291146 0.118981 0.0208333 0.0583333 0.0302014
2 0.481771 0.1 0.0197917 0.0277778 0.0324977
5 0.220833 0.0699074 0.05 0.0712963 0.0438443
2 0.297656 0.104167 0.0348958 0.0824074 0.0719854
2 0.53125 0.113426 0.0145833 0.0416667 0.0738716
9 0.567187 0.0481481 0.00729167 0.0240741 0.0816795
2 0.323177 0.0847222 0.0369792 0.0342593 0.251601
2 0.307031 0.0777778 0.0213542 0.0333333 0.27573
2 0.627344 0.121296 0.0255208 0.05 0.490631
2 0.507292 0.103241 0.0375 0.062037 0.550091
2 0.317969 0.121296 0.0515625 0.0703704 0.743484
10 0.203906 0.315741 0.0161458 0.0722222 0.789148
11 0.729167 0.0430556 0.0270833 0.0564815 0.818795
2 0.469271 0.123148 0.0458333 0.0648148 0.846986
2 0.729948 0.418519 0.122396 0.17037 0.904871
