9 0.977865 0.496759 0.0432292 0.132407 0.00104431
2 0.235417 0.102315 0.015625 0.0416667 0.00105815
2 0.746615 0.540278 0.496354 0.371296 0.00105938
2 0.0265625 0.368056 0.0520833 0.0675926 0.00106028
0 0.630208 0.476389 0.0375 0.037963 0.00107338
9 0.360938 0.0662037 0.0104167 0.0194444 0.00109806
2 0.813802 0.075463 0.0192708 0.0212963 0.00110291
2 0.6125 0.0921296 0.0416667 0.075 0.00112527
5 0.236458 0.0648148 0.0166667 0.0407407 0.00116396
2 0.416146 0.110648 0.292708 0.0861111 0.00126735
32 0.453646 0.313889 0.009375 0.0148148 0.00134051
9 0.415625 0.00972222 0.015625 0.0194444 0.00137279
2 0.0143229 0.399537 0.0286458 0.10463 0.00137392
13 0.961458 0.552315 0.0385417 0.0435185 0.00140117
9 0.990104 0.518981 0.01875 0.175 0.00145992
9 0.208594 0.0662037 0.0234375 0.0435185 0.00156163
7 0.789844 0.0611111 0.0296875 0.0537037 0.00157837
13 0.99375 0.51713 0.0114583 0.171296 0.00158534
0 0.263542 0.0930556 0.009375 0.0527778 0.00160183
0 0.732292 0.371296 0.025 0.0296296 0.00164456
58 0.967708 0.493056 0.0302083 0.0861111 0.00168457
0 0.75625 0.374074 0.0208333 0.0333333 0.00182193
2 0.448438 0.115741 0.0302083 0.0222222 0.00183811
2 0.466406 0.109259 0.107813 0.0666667 0.00183904
2 0.571875 0.110185 0.264583 0.0740741 0.00193347
2 0.255729 0.0856481 0.0229167 0.0398148 0.00195943
7 0.970833 0.523148 0.0572917 0.190741 0.00199912
2 0.0270833 0.349074 0.05 0.0259259 0.00208264
9 0.220052 0.0884259 0.00989583 0.0138889 0.00209426
2 0.660677 0.147685 0.0661458 0.0638889 0.00216213
12 0.701302 0.1625 0.0203125 0.0398148 0.00222961
2 0.218229 0.128241 0.0604167 0.0675926 0.00223809
2 0.60599 0.0597222 0.00989583 0.0268519 0.00256343
0 0.580469 0.481944 0.0348958 0.0342593 0.00267436
12 0.69349 0.161574 0.00677083 0.0398148 0.0027277
9 0.438021 0.20463 0.0104167 0.0407407 0.00275233
9 0.440885 0.226389 0.0109375 0.0194444 0.00276811
0 0.75651 0.122222 0.0151042 0.0425926 0.00279867
2 0.00390625 0.412037 0.0078125 0.0759259 0.00280121
7 0.275521 0.0703704 0.0395833 0.138889 0.00314037
2 0.28776 0.0787037 0.0182292 0.0314815 0.00315924
0 0.63125 0.487037 0.0322917 0.0203704 0.00320001
13 0.00442708 0.40463 0.00885417 0.0888889 0.00327072
13 0.970833 0.518981 0.0572917 0.176852 0.00328772
9 0.564844 0.0449074 0.00989583 0.0287037 0.00330819
7 0.215365 0.0634259 0.0619792 0.10463 0.00364329
1 0.00989583 0.399537 0.0197917 0.100926 0.00381306
0 0.715365 0.369907 0.0255208 0.0287037 0.0041143
9 0.292188 0.0518519 0.00833333 0.0388889 0.00419702
0 0.567187 0.480093 0.028125 0.0305556 0.00458993
13 0.0145833 0.397685 0.0291667 0.10463 0.00501407
9 0.26875 0.0296296 0.021875 0.0537037 0.00523453
9 0.994792 0.491667 0.009375 0.127778 0.00547022
2 0.441927 0.0851852 0.0130208 0.0222222 0.00590745
2 0.776302 0.103704 0.0234375 0.0296296 0.006254
7 0.219531 0.062963 0.0484375 0.0555556 0.00744894
2 0.53151 0.110185 0.0151042 0.0462963 0.00748044
2 0.26849 0.0967593 0.0140625 0.0583333 0.00869965
0 0.755469 0.0902778 0.0161458 0.0768519 0.00912975
0 0.28724 0.110648 0.0171875 0.0787037 0.00947174
2 0.290365 0.0712963 0.0130208 0.0148148 0.0107571
2 0.269271 0.0467593 0.01875 0.0361111 0.0108745
5 0.219792 0.0652778 0.05 0.0583333 0.0108904
9 0.441667 0.0861111 0.0135417 0.0240741 0.0115669
2 0.238542 0.138426 0.0197917 0.0453704 0.0123123
2 0.291927 0.106481 0.0244792 0.0722222 0.0126916
2 0.592188 0.125463 0.0166667 0.0268519 0.0146226
2 0.783333 0.0893519 0.0145833 0.0175926 0.0199167
0 0.634115 0.146296 0.00989583 0.0537037 0.024623
2 0.633594 0.144907 0.0119792 0.0546296 0.040286
2 0.46276 0.109259 0.0140625 0.0425926 0.146396
2 0.471615 0.10787 0.0307292 0.0435185 0.350383
2 0.321094 0.0847222 0.0380208 0.0342593 0.388534
2 0.626562 0.121296 0.025 0.0537037 0.393643
2 0.504948 0.102778 0.0432292 0.062963 0.531386
10 0.203906 0.314815 0.0161458 0.0703704 0.668072
2 0.317969 0.12037 0.0505208 0.0685185 0.743107
11 0.728385 0.0407407 0.0265625 0.0537037 0.74866
7 0.597917 0.583796 0.186458 0.286111 0.913644
2 0.729427 0.419907 0.123438 0.171296 0.916147
