9 0.991146 0.509722 0.0166667 0.160185 0.00101847
12 0.995573 0.528704 0.0078125 0.0481481 0.00102327
14 0.48151 0.489352 0.0130208 0.0268519 0.00102692
7 0.990104 0.519444 0.01875 0.188889 0.00104923
2 0.363542 0.0675926 0.0114583 0.0203704 0.00109582
2 0.752865 0.155556 0.0130208 0.0185185 0.00111468
2 0.463542 0.0930556 0.0729167 0.0805556 0.00119988
9 0.3625 0.0481481 0.0104167 0.0388889 0.00124851
9 0.5 0.602778 0.0145833 0.037037 0.00127791
2 0.777865 0.106481 0.0265625 0.0351852 0.00130271
2 0.221615 0.1375 0.0536458 0.0509259 0.00130316
0 0.440885 0.64537 0.827604 0.503704 0.00132314
2 0.770312 0.111111 0.0125 0.0296296 0.00139824
0 0.131771 0.910648 0.0833333 0.175 0.00141938
58 0.967969 0.495833 0.0317708 0.0898148 0.00158209
2 0.463021 0.113889 0.0166667 0.0407407 0.00160963
2 0.482292 0.506019 0.739583 0.234259 0.00163475
13 0.975521 0.522222 0.0479167 0.183333 0.00166156
0 0.297917 0.484259 0.015625 0.0351852 0.00170653
11 0.23724 0.0675926 0.0171875 0.0425926 0.00174493
7 0.295573 0.103704 0.0848958 0.0962963 0.0017515
2 0.549479 0.428241 0.55 0.186111 0.00185196
12 0.702344 0.135648 0.0234375 0.0787037 0.00185468
12 0.701823 0.163426 0.0234375 0.037963 0.00200722
9 0.252865 0.0865741 0.0140625 0.0361111 0.00202446
2 0.0138021 0.368056 0.0276042 0.0490741 0.00204054
9 0.26276 0.0888889 0.00885417 0.0407407 0.00210372
9 0.547917 0.0587963 0.0104167 0.0231481 0.00225223
9 0.257031 0.0777778 0.0151042 0.05 0.00230605
32 0.460677 0.356481 0.0109375 0.0166667 0.00236074
9 0.291927 0.0277778 0.00885417 0.0314815 0.00258749
2 0.00416667 0.47037 0.00833333 0.201852 0.00268601
2 0.243229 0.106944 0.0125 0.0342593 0.00271176
2 0.808854 0.0722222 0.0166667 0.0185185 0.00273434
0 0.73099 0.372222 0.0234375 0.0277778 0.00276139
12 0.691927 0.164815 0.00885417 0.0388889 0.00280516
2 0.292708 0.0703704 0.0114583 0.0166667 0.00292575
0 0.995833 0.328704 0.00729167 0.0555556 0.00293086
0 0.263281 0.10463 0.00885417 0.05 0.00293788
9 0.27474 0.0393519 0.0359375 0.0768519 0.00299751
2 0.592969 0.124537 0.0171875 0.025 0.00307552
0 0.756771 0.374074 0.0197917 0.0296296 0.00359431
2 0.535156 0.105556 0.160938 0.0666667 0.00359767
9 0.566927 0.0587963 0.00989583 0.0453704 0.00362857
13 0.961979 0.555556 0.0395833 0.0425926 0.00386082
2 0.797917 0.0824074 0.0354167 0.0277778 0.00387094
2 0.385938 0.10463 0.227083 0.0777778 0.00437284
0 0.446875 0.1 0.0270833 0.05 0.00451066
2 0.00494792 0.556019 0.00989583 0.0435185 0.00473094
32 0.453906 0.315278 0.0078125 0.0138889 0.00495104
9 0.578385 0.0347222 0.0182292 0.0601852 0.00522118
2 0.304948 0.0833333 0.0286458 0.037037 0.00596941
2 0.60651 0.0601852 0.00989583 0.0240741 0.00600621
12 0.994531 0.497685 0.00989583 0.134259 0.00641626
7 0.791667 0.0657407 0.03125 0.062963 0.00665143
9 0.361979 0.0689815 0.00833333 0.025 0.00676559
9 0.29349 0.0523148 0.00989583 0.0435185 0.00739155
1 0.0145833 0.396296 0.0291667 0.109259 0.00763389
9 0.21849 0.0550926 0.0223958 0.0490741 0.00951726
1 0.00442708 0.397222 0.00885417 0.107407 0.0102818
2 0.0145833 0.396759 0.0291667 0.110185 0.0105477
2 0.270573 0.109722 0.0130208 0.0398148 0.0109884
9 0.585417 0.0398148 0.0125 0.0462963 0.0117638
9 0.572135 0.0310185 0.0130208 0.0583333 0.013296
0 0.71224 0.372685 0.0192708 0.025 0.0135774
9 0.207292 0.0680556 0.0208333 0.0435185 0.0141179
2 0.238802 0.141667 0.0192708 0.0407407 0.0143914
2 0.814062 0.0763889 0.0177083 0.0157407 0.0146603
0 0.44401 0.0888889 0.0140625 0.0296296 0.0149819
0 0.307031 0.48287 0.0223958 0.0361111 0.0154794
0 0.757031 0.0921296 0.0130208 0.0787037 0.0160942
5 0.221094 0.0699074 0.0505208 0.0583333 0.0170893
7 0.220573 0.0699074 0.0505208 0.062037 0.0198363
2 0.00390625 0.42037 0.0078125 0.062963 0.0235001
0 0.320312 0.480556 0.0322917 0.0388889 0.0288297
9 0.26875 0.024537 0.0208333 0.0453704 0.0290387
2 0.635156 0.146296 0.0109375 0.0537037 0.0294846
9 0.502604 0.760185 0.0135417 0.0574074 0.0315439
2 0.785937 0.0898148 0.015625 0.0222222 0.0365482
0 0.635417 0.147685 0.009375 0.0490741 0.0366683
0 0.361458 0.477778 0.0364583 0.037037 0.0423339
2 0.29349 0.106481 0.0296875 0.0796296 0.0747998
7 0.297656 0.105556 0.0401042 0.0814815 0.105912
9 0.567187 0.0476852 0.00833333 0.0231481 0.107348
2 0.627604 0.122222 0.025 0.05 0.307335
2 0.322135 0.087963 0.0380208 0.037037 0.338397
2 0.473698 0.108333 0.0348958 0.0462963 0.364752
2 0.453385 0.0662037 0.0484375 0.0361111 0.454805
2 0.50599 0.104167 0.0432292 0.062037 0.566024
2 0.31849 0.121759 0.0505208 0.0694444 0.680559
11 0.729167 0.0430556 0.0270833 0.0564815 0.800352
10 0.204167 0.315741 0.015625 0.0703704 0.832063
2 0.729688 0.419444 0.122917 0.17037 0.912882
2 0.341406 0.531018 0.141146 0.206481 0.927658
