0 0.753906 0.0824074 0.0286458 0.0833333 0.00107808
9 0.21875 0.103241 0.00833333 0.037963 0.00109299
12 0.701563 0.164815 0.0229167 0.037037 0.00110819
2 0.21901 0.126852 0.0578125 0.0648148 0.00111671
9 0.263281 0.0875 0.0078125 0.0416667 0.00114324
1 0.0302083 0.153704 0.0604167 0.0888889 0.00117653
1 0.582812 0.28287 0.310417 0.125 0.00120644
0 0.756771 0.374074 0.0229167 0.0333333 0.00123163
1 0.671354 0.284259 0.0364583 0.0666667 0.00123284
1 0.650781 0.149537 0.0421875 0.0601852 0.0012584
7 0.236198 0.0675926 0.0171875 0.0444444 0.00128609
13 0.961719 0.552778 0.0390625 0.0388889 0.00133113
0 0.35 0.273611 0.421875 0.476852 0.00136002
2 0.466927 0.0212963 0.0213542 0.0185185 0.0013964
0 0.730729 0.373148 0.025 0.0277778 0.00142796
7 0.290365 0.0990741 0.0848958 0.109259 0.00144408
32 0.453906 0.3125 0.0078125 0.0138889 0.00146798
1 0.617188 0.360185 0.3125 0.148148 0.00154962
2 0.593229 0.123148 0.015625 0.0277778 0.00158574
2 0.430469 0.109259 0.0703125 0.0425926 0.00175632
5 0.786458 0.0476852 0.028125 0.0953704 0.00198322
2 0.655729 0.136574 0.0770833 0.0842593 0.00199674
1 0.0046875 0.393519 0.009375 0.116667 0.00202783
1 0.0114583 0.359259 0.0229167 0.0555556 0.00222479
9 0.26875 0.0981481 0.0125 0.0555556 0.00233623
2 0.334375 0.0805556 0.0239583 0.0333333 0.00236225
2 0.00390625 0.416667 0.0078125 0.0722222 0.00239884
1 0.688021 0.319907 0.0208333 0.0490741 0.00242673
2 0.567187 0.10787 0.290625 0.0694444 0.00248665
2 0.456771 0.0638889 0.009375 0.0296296 0.00249811
7 0.21276 0.0643518 0.0369792 0.0583333 0.00255596
0 0.995052 0.331944 0.00885417 0.0509259 0.00262238
0 0.683854 0.205093 0.0291667 0.062037 0.00266727
58 0.96875 0.495833 0.03125 0.0898148 0.00290261
2 0.635938 0.4125 0.370833 0.232407 0.00308147
7 0.220313 0.062037 0.0520833 0.0962963 0.00311313
1 0.674479 0.263426 0.0489583 0.0824074 0.00333235
0 0.816927 0.234722 0.0078125 0.037963 0.00343724
9 0.213542 0.062037 0.034375 0.0592593 0.00355119
0 0.709375 0.375 0.0177083 0.0240741 0.00358717
2 0.78125 0.102315 0.0354167 0.0509259 0.00375374
2 0.371615 0.108333 0.122396 0.0685185 0.00385378
0 0.282552 0.0865741 0.0078125 0.0305556 0.00397641
9 0.292448 0.0564815 0.00885417 0.0407407 0.00407421
0 0.716667 0.373148 0.0239583 0.0259259 0.00431553
7 0.78724 0.0486111 0.0265625 0.0935185 0.00438095
13 0.992969 0.518519 0.0130208 0.175926 0.00449584
9 0.991667 0.507407 0.015625 0.155556 0.00475011
11 0.236979 0.0657407 0.0166667 0.0388889 0.0050656
7 0.992188 0.517593 0.0145833 0.175926 0.00554904
2 0.475521 0.10787 0.065625 0.0509259 0.00602961
2 0.290625 0.0708333 0.0114583 0.0157407 0.00604178
2 0.444531 0.0847222 0.0213542 0.025 0.00632132
9 0.269531 0.0518519 0.0192708 0.037037 0.00663723
2 0.23776 0.140741 0.0182292 0.0407407 0.00704836
7 0.275781 0.0689815 0.0390625 0.136111 0.0076727
2 0.270833 0.109722 0.0135417 0.037963 0.00809798
13 0.970573 0.522685 0.0578125 0.184259 0.00839055
2 0.789323 0.0861111 0.0192708 0.0240741 0.00884922
9 0.584115 0.0365741 0.0119792 0.0564815 0.00928717
9 0.571875 0.0310185 0.0135417 0.0583333 0.00947194
2 0.605729 0.0587963 0.0104167 0.0268519 0.00979038
2 0.288281 0.112963 0.0171875 0.0685185 0.0103354
9 0.269531 0.0180556 0.0213542 0.0324074 0.0123417
0 0.441927 0.0861111 0.0130208 0.0259259 0.0128003
9 0.206771 0.0694444 0.0197917 0.0407407 0.0130568
7 0.970833 0.526852 0.0572917 0.2 0.013782
0 0.755729 0.0893519 0.0145833 0.0768519 0.0144167
2 0.295052 0.106481 0.0317708 0.0759259 0.0163967
2 0.363542 0.0648148 0.0125 0.0185185 0.0170445
1 0.679688 0.300463 0.0260417 0.0787037 0.017534
9 0.221615 0.0643518 0.0140625 0.0490741 0.0196254
2 0.446354 0.115278 0.025 0.025 0.0231513
7 0.298698 0.105556 0.0369792 0.0759259 0.0282751
9 0.567187 0.0472222 0.00833333 0.0240741 0.0431936
9 0.220052 0.0898148 0.0078125 0.0148148 0.0434126
0 0.634635 0.146296 0.0109375 0.0537037 0.0541554
2 0.488802 0.106944 0.0140625 0.0509259 0.0586559
2 0.461979 0.113426 0.0114583 0.0361111 0.0905825
2 0.467708 0.109259 0.0197917 0.0425926 0.14994
2 0.479167 0.109259 0.021875 0.0444444 0.220805
2 0.321354 0.0865741 0.0385417 0.0361111 0.291778
2 0.386198 0.0648148 0.0182292 0.0185185 0.336932
7 0.50599 0.103241 0.0421875 0.0638889 0.420474
2 0.50599 0.103704 0.0421875 0.062963 0.463228
1 0.678906 0.272222 0.0203125 0.0703704 0.469044
2 0.627083 0.121296 0.0260417 0.0518519 0.496437
2 0.409896 0.110185 0.0354167 0.0388889 0.613488
2 0.407031 0.0625 0.0432292 0.0324074 0.639026
10 0.204167 0.314815 0.015625 0.0703704 0.646484
2 0.317969 0.121296 0.0515625 0.0703704 0.73132
0 0.683333 0.239352 0.0291667 0.117593 0.764532
1 0.483073 0.33287 0.0338542 0.0768519 0.780999
11 0.728646 0.0421296 0.0270833 0.0546296 0.786315
0 0.482812 0.297222 0.0354167 0.112963 0.803939
2 0.729688 0.419444 0.122917 0.172222 0.912705
