1 0.00989583 0.381019 0.0197917 0.14537 0.00100939
12 0.702344 0.124074 0.0223958 0.0555556 0.00102849
0 0.738542 0.369907 0.028125 0.0324074 0.00105117
2 0.585156 0.423611 0.544271 0.178704 0.00105667
9 0.261719 0.0467593 0.0151042 0.0472222 0.00109496
1 0.0125 0.373148 0.025 0.0703704 0.00125956
12 0.988021 0.518056 0.0229167 0.173148 0.00126507
9 0.990885 0.518519 0.0171875 0.172222 0.00127525
2 0.488542 0.116204 0.379167 0.0916667 0.00136723
12 0.701823 0.161574 0.0223958 0.0416667 0.00141322
0 0.728646 0.371296 0.0291667 0.0296296 0.00143195
9 0.269792 0.0541667 0.01875 0.037963 0.00150151
0 0.757031 0.374537 0.0203125 0.0324074 0.00159666
5 0.23776 0.0708333 0.0161458 0.0490741 0.00162802
32 0.454688 0.314815 0.00729167 0.0148148 0.00165985
1 0.808854 0.329167 0.0229167 0.0842593 0.00168658
2 0.238281 0.110648 0.0182292 0.0416667 0.00176755
0 0.995833 0.329167 0.00729167 0.0564815 0.00177297
2 0.583854 0.124074 0.0333333 0.037037 0.00211199
9 0.253906 0.087963 0.0151042 0.0351852 0.00217755
9 0.588281 0.0402778 0.0151042 0.0509259 0.00217925
2 0.802865 0.0847222 0.0171875 0.0212963 0.00222688
2 0.649479 0.149074 0.0395833 0.0592593 0.00228297
7 0.990104 0.518056 0.01875 0.178704 0.00229085
9 0.273177 0.0375 0.0307292 0.0731481 0.00233049
12 0.689583 0.168519 0.0125 0.0333333 0.00236648
2 0.99375 0.518056 0.0114583 0.169444 0.00243537
58 0.968229 0.498611 0.0291667 0.0861111 0.0025449
0 0.263281 0.103704 0.00885417 0.0518519 0.00257045
2 0.442969 0.087963 0.0140625 0.0277778 0.00273898
9 0.258333 0.075463 0.0114583 0.0509259 0.0027617
9 0.5 0.604167 0.0145833 0.0416667 0.00283274
13 0.0130208 0.397222 0.0260417 0.111111 0.00292081
2 0.445573 0.123148 0.0255208 0.0259259 0.00293155
12 0.69349 0.166204 0.00677083 0.037963 0.0029414
9 0.265625 0.0990741 0.0104167 0.0518519 0.00325651
9 0.263021 0.0898148 0.00833333 0.037037 0.00345565
2 0.780469 0.104167 0.0307292 0.0490741 0.00345583
9 0.36224 0.0689815 0.00885417 0.025 0.00424996
0 0.715625 0.370833 0.025 0.0287037 0.00445007
0 0.757031 0.087037 0.0119792 0.0666667 0.00493377
12 0.99401 0.502315 0.0109375 0.139815 0.00545364
2 0.269531 0.0472222 0.0203125 0.0388889 0.00548643
2 0.81849 0.0699074 0.00989583 0.012037 0.0055528
2 0.270312 0.10787 0.0114583 0.0435185 0.00585774
1 0.00416667 0.404167 0.00833333 0.0953704 0.00706316
2 0.491927 0.110185 0.0296875 0.0481481 0.00748641
2 0.592708 0.126389 0.0166667 0.0231481 0.00790951
2 0.60651 0.0611111 0.00989583 0.0259259 0.00887943
2 0.53099 0.112963 0.0140625 0.0425926 0.00948301
13 0.00416667 0.406481 0.00833333 0.0907407 0.0103968
2 0.814062 0.0740741 0.0166667 0.0166667 0.0110901
9 0.582031 0.0356481 0.0151042 0.0583333 0.0114817
2 0.817187 0.233796 0.009375 0.0453704 0.0127265
9 0.269531 0.0231481 0.0203125 0.0388889 0.0133375
7 0.220833 0.0611111 0.0510417 0.0759259 0.0135061
9 0.443229 0.087963 0.0135417 0.0277778 0.0146488
2 0.466927 0.112037 0.0265625 0.0425926 0.0172442
2 0.238802 0.142593 0.0182292 0.0388889 0.0184725
9 0.573958 0.0314815 0.0145833 0.0592593 0.0194406
9 0.502865 0.761111 0.0119792 0.0537037 0.0327225
2 0.785937 0.0898148 0.015625 0.0222222 0.0373541
0 0.635156 0.147685 0.00989583 0.0509259 0.0383088
2 0.634896 0.146296 0.0114583 0.0537037 0.0463231
5 0.220833 0.0671296 0.05 0.0675926 0.0503299
9 0.567448 0.0490741 0.0078125 0.0240741 0.0965074
2 0.292969 0.114352 0.0265625 0.0731481 0.124128
2 0.47526 0.103241 0.0296875 0.0324074 0.222159
2 0.627604 0.121759 0.025 0.0490741 0.250177
2 0.322917 0.087037 0.0364583 0.0388889 0.311116
2 0.302344 0.0652778 0.0234375 0.0342593 0.455348
2 0.508073 0.10463 0.0390625 0.062963 0.654127
2 0.31849 0.122685 0.0505208 0.0694444 0.706776
10 0.203906 0.315741 0.0171875 0.0722222 0.795231
11 0.729167 0.0430556 0.0270833 0.0546296 0.800758
2 0.477865 0.147222 0.0526042 0.0722222 0.864263
2 0.729948 0.419444 0.122396 0.172222 0.907887
