2 0.655208 0.138889 0.08125 0.0851852 0.0010197
2 0.654167 0.151389 0.05 0.062037 0.00104067
9 0.566667 0.0587963 0.0114583 0.0453704 0.00106113
0 0.23776 0.137037 0.0182292 0.0481481 0.00108018
0 0.817187 0.237037 0.00833333 0.0333333 0.00109491
7 0.479427 0.075 0.0338542 0.0388889 0.00112815
9 0.261458 0.0527778 0.0135417 0.037037 0.00112985
2 0.775521 0.118981 0.0208333 0.0472222 0.0011378
9 0.294792 0.0527778 0.0114583 0.0407407 0.00115894
9 0.429688 0.0435185 0.00833333 0.0185185 0.00117607
2 0.579427 0.423148 0.607813 0.177778 0.0012158
2 0.640885 0.151389 0.0213542 0.062037 0.00121721
9 0.5625 0.050463 0.01875 0.025 0.00121849
0 0.728906 0.372685 0.0328125 0.0305556 0.00121869
13 0.970573 0.522222 0.0578125 0.168519 0.00122492
2 0.788802 0.111574 0.0484375 0.0657407 0.0012378
13 0.961979 0.555556 0.0395833 0.0425926 0.00126348
12 0.689062 0.166667 0.0135417 0.037037 0.00127945
9 0.547396 0.0601852 0.0104167 0.0240741 0.00133257
58 0.920052 0.183333 0.159896 0.362963 0.00133732
7 0.294792 0.105093 0.0885417 0.0916667 0.00136563
9 0.995052 0.533796 0.00885417 0.0490741 0.00138836
2 0.445833 0.111574 0.0489583 0.0416667 0.00144251
2 0.99375 0.519907 0.0114583 0.163889 0.00151086
58 0.96901 0.497685 0.0307292 0.0842593 0.00155226
32 0.460417 0.358333 0.0104167 0.0148148 0.00155913
7 0.970312 0.522222 0.0583333 0.190741 0.00158139
2 0.244792 0.106481 0.0104167 0.0351852 0.00161008
7 0.989844 0.518056 0.0192708 0.184259 0.00167173
1 0.00885417 0.158796 0.0177083 0.0398148 0.0017074
12 0.69349 0.163889 0.0078125 0.0388889 0.00177744
9 0.579167 0.0328704 0.0135417 0.0527778 0.00178981
14 0.482031 0.491204 0.0130208 0.0287037 0.00180647
9 0.23724 0.0680556 0.0171875 0.0416667 0.00193358
12 0.702344 0.165278 0.0203125 0.037963 0.00195689
1 0.0046875 0.459259 0.009375 0.203704 0.00206782
2 0.816146 0.0708333 0.0135417 0.0157407 0.00207153
9 0.569531 0.0324074 0.0119792 0.0574074 0.00210688
0 0.2625 0.106944 0.009375 0.0472222 0.00217397
9 0.26276 0.0856481 0.0078125 0.0324074 0.00237838
9 0.583333 0.0425926 0.0114583 0.0388889 0.00253456
2 0.593229 0.124537 0.0166667 0.0268519 0.00262015
9 0.115625 0.0240741 0.0145833 0.0425926 0.00309564
9 0.415365 0.0101852 0.0151042 0.0203704 0.00322664
9 0.258594 0.0717593 0.0109375 0.0453704 0.00357935
2 0.398698 0.111111 0.226562 0.0740741 0.0035877
2 0.815625 0.0851852 0.0135417 0.0277778 0.00394106
1 0.0226563 0.180556 0.0453125 0.0722222 0.00404683
2 0.36224 0.0685185 0.00989583 0.0240741 0.00429935
0 0.44401 0.0814815 0.0171875 0.0333333 0.00435833
2 0.800521 0.0856481 0.0354167 0.0268519 0.00458311
9 0.108333 0.0305556 0.0114583 0.037037 0.00472196
2 0.548177 0.109722 0.175521 0.062037 0.00474355
9 0.992969 0.501389 0.0130208 0.137963 0.00474394
1 0.0119792 0.365278 0.0239583 0.0453704 0.00506599
0 0.715885 0.372685 0.0244792 0.0268519 0.00525992
12 0.993229 0.501389 0.0125 0.139815 0.00546619
9 0.26901 0.0546296 0.0182292 0.0351852 0.00651517
9 0.252865 0.087963 0.0119792 0.0333333 0.00673124
2 0.780469 0.103241 0.0307292 0.0472222 0.00921046
11 0.60599 0.0601852 0.00989583 0.0259259 0.00986079
10 0.44401 0.0875 0.0140625 0.0324074 0.010522
2 0.340625 0.0902778 0.0104167 0.0268519 0.0107406
0 0.444271 0.0986111 0.0197917 0.0546296 0.0119372
9 0.26875 0.0398148 0.0208333 0.0555556 0.0122592
2 0.479167 0.0819444 0.0291667 0.0287037 0.0126435
9 0.502083 0.760648 0.0125 0.0527778 0.0127265
0 0.995833 0.326852 0.00729167 0.0555556 0.0129075
2 0.272135 0.110648 0.0130208 0.0398148 0.0133949
9 0.500521 0.60463 0.015625 0.0444444 0.013993
5 0.220573 0.0675926 0.0505208 0.0574074 0.0144299
9 0.208594 0.0680556 0.0244792 0.0435185 0.0165623
2 0.814062 0.0759259 0.0177083 0.0166667 0.0176954
2 0.238542 0.141204 0.01875 0.0416667 0.0179856
0 0.757292 0.0898148 0.0135417 0.0703704 0.0194574
9 0.177344 0.511111 0.0390625 0.0425926 0.0197759
7 0.220313 0.0662037 0.05 0.0601852 0.0204971
2 0.446875 0.0731481 0.0177083 0.0222222 0.0238901
1 0.00416667 0.411111 0.00833333 0.0888889 0.0278943
2 0.635156 0.147222 0.0109375 0.0537037 0.0283672
0 0.635156 0.148148 0.00989583 0.05 0.0359584
2 0.00442708 0.409722 0.00885417 0.0935185 0.0376404
1 0.0122396 0.393981 0.0244792 0.123148 0.0396689
9 0.567187 0.0486111 0.00833333 0.0231481 0.0482422
2 0.786719 0.0902778 0.0161458 0.0231481 0.0698249
2 0.295573 0.106944 0.0328125 0.0824074 0.0917288
7 0.297135 0.106019 0.0369792 0.0824074 0.222981
2 0.471354 0.0717593 0.028125 0.0287037 0.25195
2 0.322135 0.0888889 0.0369792 0.0351852 0.285904
2 0.471875 0.111111 0.03125 0.0425926 0.382882
2 0.627604 0.123148 0.0260417 0.0518519 0.50383
2 0.507031 0.105093 0.0401042 0.062037 0.538345
2 0.31875 0.120833 0.05 0.0712963 0.657545
10 0.203906 0.315741 0.0161458 0.0722222 0.762302
11 0.729167 0.0425926 0.0270833 0.0555556 0.780832
2 0.397135 0.108796 0.0380208 0.0490741 0.830626
2 0.729948 0.419444 0.122396 0.172222 0.921239
