9 0.557292 0.0203704 0.025 0.0388889 0.00102043
9 0.438542 0.194444 0.0114583 0.0333333 0.00102176
2 0.298958 0.130556 0.03125 0.0555556 0.00102861
9 0.273698 0.0384259 0.0317708 0.0731481 0.00103517
9 0.220313 0.103704 0.0114583 0.037037 0.00104306
2 0.0549479 0.0657407 0.0453125 0.0333333 0.00105455
9 0.988802 0.521759 0.0213542 0.176852 0.00107543
0 0.194531 0.125463 0.0130208 0.0435185 0.00108266
7 0.278385 0.0393519 0.0380208 0.0712963 0.00114234
0 0.619531 0.474074 0.0359375 0.0277778 0.00115929
1 0.0046875 0.365741 0.009375 0.0722222 0.00126821
2 0.77474 0.115278 0.0192708 0.0287037 0.00127168
2 0.808854 0.0736111 0.0208333 0.0231481 0.00129703
2 0.661458 0.158796 0.05625 0.062037 0.00129785
2 0.288021 0.0958333 0.0239583 0.075 0.00135081
1 0.00911458 0.39537 0.0182292 0.124074 0.00135998
0 0.51875 0.3375 0.63125 0.649074 0.00138107
12 0.967448 0.499537 0.0265625 0.0768519 0.00140244
0 0.609115 0.471296 0.0223958 0.0277778 0.00140797
0 0.256771 0.100463 0.0197917 0.0787037 0.00141093
32 0.460417 0.35787 0.0114583 0.0157407 0.00142142
2 0.397135 0.110648 0.274479 0.0861111 0.00154299
13 0.981771 0.530093 0.0354167 0.19537 0.00157322
0 0.585417 0.471296 0.01875 0.037037 0.00164924
9 0.267969 0.0611111 0.0151042 0.0388889 0.00167365
2 0.575 0.106481 0.240625 0.0685185 0.00168832
7 0.404167 0.108796 0.252083 0.0953704 0.00170692
0 0.593229 0.469907 0.0260417 0.0324074 0.00176463
9 0.29349 0.0546296 0.0109375 0.0444444 0.00179778
7 0.971875 0.533796 0.0552083 0.210185 0.0018556
2 0.726042 0.498148 0.5375 0.27037 0.00186152
2 0.53151 0.106481 0.0151042 0.0462963 0.00186535
1 0.0135417 0.366667 0.0270833 0.0592593 0.00197826
9 0.25625 0.0796296 0.0114583 0.0481481 0.00198599
2 0.641667 0.123148 0.0541667 0.0574074 0.00203211
9 0.995313 0.530093 0.00833333 0.0472222 0.0020998
9 0.252865 0.0875 0.0119792 0.0416667 0.00213227
0 0.626042 0.106944 0.0270833 0.0768519 0.00220669
9 0.2625 0.087963 0.00833333 0.0407407 0.00248943
0 0.756771 0.375463 0.0197917 0.0287037 0.00299379
11 0.241406 0.037037 0.0255208 0.0722222 0.00310033
2 0.654688 0.138889 0.0802083 0.0907407 0.00312202
1 0.00364583 0.405093 0.00729167 0.0953704 0.00319622
2 0.790625 0.0893519 0.0177083 0.0157407 0.00326588
2 0.215625 0.0527778 0.0291667 0.0481481 0.00329549
9 0.269792 0.0236111 0.0208333 0.0416667 0.00337288
12 0.978385 0.5 0.0421875 0.131481 0.00349546
12 0.702604 0.135185 0.0239583 0.0740741 0.00363394
7 0.299479 0.101852 0.0833333 0.0907407 0.00379596
9 0.270312 0.0453704 0.0197917 0.0425926 0.00388281
2 0.796875 0.0615741 0.040625 0.0490741 0.00417536
11 0.220313 0.0643518 0.053125 0.0583333 0.00419254
9 0.26276 0.0314815 0.0109375 0.0574074 0.00423031
9 0.994531 0.496296 0.00989583 0.125926 0.00426061
0 0.263021 0.102315 0.009375 0.0564815 0.00464238
0 0.732292 0.370833 0.0302083 0.0305556 0.00467191
12 0.994271 0.498611 0.0104167 0.130556 0.00489384
9 0.567708 0.0476852 0.009375 0.0231481 0.00555445
0 0.639583 0.472222 0.0270833 0.0277778 0.0058329
9 0.208073 0.0671296 0.0234375 0.0435185 0.00587888
2 0.270312 0.110185 0.0125 0.0388889 0.00752145
2 0.592448 0.130556 0.0182292 0.0185185 0.00780631
2 0.284115 0.109722 0.0140625 0.0712963 0.00805975
32 0.454427 0.315741 0.0078125 0.012963 0.00813944
0 0.635156 0.148611 0.00989583 0.0490741 0.00856207
2 0.617448 0.112037 0.0453125 0.0555556 0.00882905
2 0.458854 0.111574 0.015625 0.0361111 0.00951805
2 0.291406 0.0726852 0.0151042 0.0175926 0.00984339
0 0.757031 0.0949074 0.0140625 0.0861111 0.014422
0 0.714583 0.371296 0.0197917 0.0259259 0.017108
2 0.529167 0.0837963 0.0208333 0.0305556 0.0208911
11 0.60651 0.0601852 0.00989583 0.0259259 0.0274141
9 0.502865 0.760185 0.0119792 0.0518519 0.0322081
2 0.527865 0.0740741 0.0182292 0.0203704 0.0383701
10 0.442969 0.0912037 0.0130208 0.0305556 0.0387999
5 0.220833 0.0671296 0.0510417 0.0546296 0.0429449
7 0.220573 0.0662037 0.0515625 0.0601852 0.0498992
0 0.44401 0.100463 0.0161458 0.0490741 0.0740709
2 0.30026 0.10787 0.0380208 0.0842593 0.112709
7 0.299479 0.107407 0.0385417 0.0851852 0.130874
2 0.628125 0.120833 0.025 0.0509259 0.199357
2 0.364062 0.0652778 0.0166667 0.0268519 0.211234
2 0.391667 0.062037 0.0458333 0.037037 0.31256
7 0.391927 0.0625 0.0453125 0.037963 0.313829
2 0.322396 0.087037 0.0385417 0.037037 0.354128
2 0.473698 0.109259 0.0338542 0.0444444 0.444147
2 0.50651 0.10463 0.0421875 0.062963 0.550031
2 0.31901 0.121759 0.0494792 0.0694444 0.721303
11 0.729688 0.0425926 0.0270833 0.0555556 0.772561
10 0.204167 0.316204 0.0166667 0.0694444 0.829013
2 0.730469 0.419444 0.122396 0.172222 0.916443
2 0.609896 0.525463 0.136458 0.197222 0.927039
