2 0.817448 0.233333 0.00885417 0.0388889 0.0010561
9 0.18724 0.0726852 0.00885417 0.0453704 0.00107027
1 0.0195312 0.175926 0.0380208 0.0648148 0.00110862
0 0.817187 0.233796 0.00833333 0.037963 0.00113074
7 0.429688 0.10787 0.302083 0.0953704 0.00113951
2 0.238542 0.137963 0.01875 0.0425926 0.00114492
9 0.444531 0.244444 0.0078125 0.0185185 0.00115531
0 0.186719 0.116204 0.0078125 0.0398148 0.00118581
2 0.300781 0.125926 0.0244792 0.0648148 0.00119053
2 0.773177 0.108333 0.0171875 0.0277778 0.00119396
13 0.978125 0.518519 0.0427083 0.174074 0.00120005
1 0.0421875 0.429167 0.0239583 0.0583333 0.00120129
1 0.00963542 0.349537 0.0192708 0.100926 0.00124734
13 0.970312 0.568519 0.0572917 0.0777778 0.00129175
1 0.0205729 0.532407 0.0411458 0.0907407 0.00130701
2 0.458594 0.109722 0.386979 0.0935185 0.00147744
9 0.547656 0.0523148 0.00989583 0.0231481 0.00149976
58 0.96875 0.493056 0.03125 0.0916667 0.00152442
0 0.148177 0.415741 0.289062 0.235185 0.00166851
12 0.701823 0.137037 0.0213542 0.087037 0.00169526
12 0.98776 0.518056 0.0234375 0.173148 0.00170843
7 0.219531 0.0615741 0.0526042 0.087963 0.00179634
9 0.502083 0.758333 0.0135417 0.0555556 0.00186136
0 0.317708 0.318056 0.613542 0.580556 0.00187039
1 0.0127604 0.442593 0.0255208 0.190741 0.00202791
9 0.236458 0.0680556 0.015625 0.0435185 0.00203068
2 0.264062 0.0990741 0.009375 0.0574074 0.00206031
2 0.494792 0.44213 0.608333 0.230556 0.00208181
7 0.993229 0.518056 0.0125 0.171296 0.00209836
7 0.278646 0.0833333 0.0333333 0.0685185 0.00212317
0 0.427865 0.65 0.773438 0.644444 0.00218532
2 0.255469 0.0865741 0.0213542 0.0398148 0.00225871
1 0.0354167 0.513889 0.015625 0.0574074 0.00227962
1 0.00442708 0.462963 0.00885417 0.183333 0.00236578
12 0.994271 0.518519 0.0104167 0.17037 0.00238548
1 0.00494792 0.55787 0.00989583 0.0416667 0.00254135
7 0.291406 0.1 0.0661458 0.0981481 0.00256324
9 0.582031 0.0393519 0.0119792 0.0453704 0.00258158
32 0.453906 0.313889 0.00885417 0.012963 0.00258528
9 0.439844 0.208333 0.0130208 0.0555556 0.00265033
7 0.236458 0.0657407 0.015625 0.0388889 0.00273726
9 0.291667 0.0532407 0.009375 0.0416667 0.00280712
0 0.263802 0.0939815 0.00989583 0.0546296 0.00292102
2 0.778125 0.100926 0.028125 0.0425926 0.0030282
0 0.254167 0.402315 0.0458333 0.0805556 0.00305638
0 0.36224 0.0685185 0.00885417 0.0259259 0.00353301
1 0.144531 0.515278 0.236979 0.123148 0.00360765
24 0.246875 0.41713 0.05 0.0990741 0.0036764
9 0.269792 0.0481481 0.0197917 0.037037 0.00388511
0 0.75625 0.087963 0.0145833 0.0759259 0.00412221
7 0.972656 0.519907 0.0536458 0.184259 0.00448345
0 0.709896 0.374537 0.0197917 0.025 0.00505024
2 0.198437 0.243056 0.0229167 0.0157407 0.00508797
9 0.56875 0.0314815 0.0135417 0.0574074 0.00511111
2 0.634635 0.150463 0.0119792 0.062037 0.00572139
2 0.453125 0.0958333 0.0302083 0.062037 0.00587573
0 0.717188 0.371759 0.0270833 0.0287037 0.00613532
0 0.401302 0.388889 0.0213542 0.0388889 0.00695118
2 0.291406 0.0703704 0.0109375 0.0148148 0.00725084
5 0.21276 0.0625 0.0338542 0.0564815 0.00826138
9 0.99401 0.499537 0.0109375 0.137963 0.00850913
0 0.420052 0.0888889 0.0078125 0.0259259 0.00882475
0 0.284635 0.103241 0.0140625 0.0657407 0.00939701
2 0.60599 0.0597222 0.00989583 0.0268519 0.0116146
9 0.26849 0.0194444 0.0223958 0.0333333 0.0123633
1 0.247135 0.499074 0.0338542 0.0944444 0.0126898
24 0.264583 0.381019 0.0270833 0.037963 0.012791
7 0.21224 0.062037 0.0348958 0.0592593 0.0138968
1 0.0247396 0.372222 0.0494792 0.0648148 0.0142463
9 0.2125 0.0625 0.0333333 0.0546296 0.0146742
7 0.286979 0.101852 0.021875 0.0759259 0.0152428
7 0.275781 0.0666667 0.0390625 0.131481 0.0156584
2 0.270312 0.108333 0.0135417 0.0407407 0.016903
9 0.21849 0.104167 0.00885417 0.037963 0.0191399
2 0.785156 0.0893519 0.0151042 0.0212963 0.0215179
1 0.0757812 0.489352 0.0223958 0.0583333 0.0273363
0 0.236458 0.477778 0.0291667 0.137037 0.0323349
9 0.219271 0.0893519 0.00833333 0.012037 0.0359694
9 0.567187 0.0472222 0.00833333 0.0240741 0.0459114
0 0.634896 0.147222 0.009375 0.0518519 0.0541957
2 0.290885 0.113426 0.0244792 0.0712963 0.0546802
0 0.43776 0.389815 0.0369792 0.0425926 0.0745068
1 0.00442708 0.408333 0.00885417 0.0851852 0.116447
1 0.0130208 0.384722 0.0260417 0.0805556 0.164318
0 0.375781 0.394444 0.0265625 0.0444444 0.186839
1 0.0565104 0.516667 0.0411458 0.109259 0.276447
2 0.627083 0.12037 0.0260417 0.0518519 0.371613
2 0.321875 0.0851852 0.0375 0.0351852 0.379193
2 0.476823 0.10787 0.0276042 0.0453704 0.427424
7 0.505208 0.103241 0.04375 0.062037 0.428559
1 0.0492188 0.527315 0.0223958 0.0861111 0.455833
2 0.505208 0.102315 0.04375 0.0638889 0.488367
24 0.2375 0.393056 0.0260417 0.0472222 0.489524
7 0.442708 0.0972222 0.0489583 0.0685185 0.503862
1 0.23776 0.52037 0.0369792 0.0962963 0.605057
2 0.317969 0.120833 0.0515625 0.0694444 0.77404
11 0.728906 0.0416667 0.0276042 0.0518519 0.786874
0 0.0523437 0.467593 0.0442708 0.15 0.828243
10 0.204167 0.315278 0.015625 0.0694444 0.830492
0 0.25026 0.452315 0.0557292 0.182407 0.852674
2 0.411198 0.460185 0.165104 0.251852 0.909523
2 0.729948 0.418519 0.122396 0.17037 0.913573
