9 0.446354 0.261574 0.015625 0.0546296 0.00100238
2 0.640885 0.128241 0.0536458 0.0638889 0.0010778
9 0.548177 0.0518519 0.0109375 0.0259259 0.00111386
0 0.539583 0.166204 0.0177083 0.0342593 0.00111738
2 0.576042 0.422222 0.591667 0.17963 0.00111818
11 0.240365 0.0365741 0.0223958 0.0694444 0.00113254
9 0.430208 0.0412037 0.00833333 0.0212963 0.00113741
12 0.701563 0.140741 0.0239583 0.0851852 0.00121922
9 0.758333 0.074537 0.009375 0.0472222 0.00122005
0 0.534115 0.281481 0.542188 0.462963 0.00128558
0 0.727344 0.370833 0.0463542 0.0324074 0.001309
1 0.0570313 0.174074 0.0567708 0.062963 0.00130942
9 0.438542 0.196759 0.0135417 0.0342593 0.00134233
0 0.254687 0.126389 0.0166667 0.0657407 0.00136705
13 0.971094 0.525463 0.0567708 0.186111 0.00157336
0 0.285156 0.108333 0.0140625 0.0722222 0.00180228
0 0.568229 0.692593 0.166667 0.581481 0.00185584
9 0.571354 0.0310185 0.0145833 0.0601852 0.00197393
9 0.445312 0.241204 0.0114583 0.0268519 0.0020103
0 0.757552 0.0888889 0.0119792 0.0740741 0.00205493
9 0.29375 0.0537037 0.009375 0.0425926 0.00206632
9 0.60625 0.0601852 0.00833333 0.0240741 0.00215525
2 0.559115 0.109259 0.271354 0.0703704 0.00231388
9 0.253385 0.0861111 0.0130208 0.037037 0.00232496
9 0.967448 0.498611 0.0276042 0.0824074 0.00243704
13 0.00390625 0.393519 0.0078125 0.111111 0.00250643
9 0.25651 0.075463 0.00989583 0.0453704 0.00275663
2 0.292448 0.0712963 0.0109375 0.0166667 0.00292124
2 0.532031 0.1125 0.0140625 0.0435185 0.00305895
11 0.220313 0.0648148 0.053125 0.0666667 0.00314934
9 0.260677 0.037963 0.0130208 0.0648148 0.00344871
12 0.973958 0.49537 0.040625 0.118519 0.00353189
2 0.410417 0.110648 0.284375 0.0805556 0.00357794
2 0.784375 0.0898148 0.0125 0.0185185 0.00362446
0 0.263021 0.103241 0.00833333 0.0527778 0.00385371
9 0.989583 0.496759 0.0197917 0.125 0.00406756
9 0.266146 0.0972222 0.0104167 0.0537037 0.00468502
9 0.269531 0.0523148 0.0192708 0.0416667 0.0047255
2 0.448438 0.108796 0.0291667 0.0342593 0.00530474
2 0.270052 0.109259 0.0119792 0.0407407 0.00572295
9 0.2625 0.0875 0.00833333 0.0361111 0.00587608
0 0.714583 0.371759 0.0229167 0.025 0.00611959
2 0.470052 0.110185 0.0921875 0.062963 0.00625875
5 0.208854 0.0685185 0.0270833 0.0444444 0.00637045
1 0.810417 0.334722 0.0197917 0.0842593 0.006504
32 0.454167 0.314815 0.00729167 0.012963 0.00748528
9 0.361719 0.0671296 0.00885417 0.0268519 0.00755103
9 0.995573 0.487963 0.0078125 0.118519 0.00786183
9 0.975 0.496759 0.0416667 0.123148 0.00829268
2 0.442708 0.0865741 0.0135417 0.0268519 0.00881099
0 0.634896 0.148148 0.0104167 0.0537037 0.00892759
9 0.502344 0.760648 0.0130208 0.0527778 0.00902204
9 0.500521 0.602778 0.015625 0.0407407 0.00979644
0 0.627083 0.135185 0.0260417 0.0611111 0.010566
2 0.592188 0.129167 0.01875 0.0212963 0.015881
9 0.442708 0.0865741 0.0125 0.0268519 0.0160048
9 0.270052 0.0324074 0.0213542 0.0611111 0.0220596
9 0.567187 0.0486111 0.00833333 0.0231481 0.0230623
2 0.4625 0.112037 0.0145833 0.0388889 0.0251216
2 0.298438 0.10787 0.0354167 0.0787037 0.0334174
5 0.220573 0.0685185 0.0515625 0.0592593 0.0844951
2 0.627604 0.123148 0.025 0.0537037 0.116326
2 0.322396 0.0851852 0.0385417 0.0333333 0.365198
2 0.473698 0.109259 0.0338542 0.0444444 0.418556
2 0.50651 0.10463 0.0421875 0.0611111 0.654059
10 0.203906 0.316204 0.0161458 0.0694444 0.740041
11 0.729688 0.0435185 0.0270833 0.0574074 0.769333
2 0.318229 0.122685 0.0510417 0.0675926 0.771503
2 0.519531 0.188426 0.0640625 0.0898148 0.866784
2 0.729688 0.418519 0.121875 0.174074 0.90663
