9 0.107813 0.0259259 0.0114583 0.0351852 0.00101498
0 0.708854 0.374074 0.0177083 0.0277778 0.00101822
32 0.460156 0.356944 0.00989583 0.0157407 0.00105696
12 0.684375 0.171759 0.0208333 0.037963 0.00105995
9 0.499219 0.602778 0.0151042 0.0388889 0.00112589
1 0.0554687 0.156019 0.0630208 0.075 0.00115675
2 0.775781 0.0953704 0.0213542 0.0388889 0.00116743
11 0.240104 0.0351852 0.021875 0.0685185 0.0011821
2 0.973698 0.523148 0.0515625 0.181481 0.00119255
9 0.817448 0.235648 0.0078125 0.037963 0.00125111
7 0.220313 0.0902778 0.0552083 0.126852 0.00127791
2 0.446875 0.111111 0.0395833 0.0407407 0.00128088
7 0.236979 0.0703704 0.015625 0.0462963 0.00129446
9 0.416146 0.0125 0.0166667 0.025 0.00131087
0 0.716927 0.371759 0.0234375 0.0268519 0.00134136
9 0.559896 0.0277778 0.021875 0.0518519 0.00134141
2 0.63776 0.125 0.0463542 0.0592593 0.00134181
2 0.78151 0.167593 0.0578125 0.0648148 0.0013486
2 0.655729 0.138426 0.084375 0.0824074 0.00135132
2 0.815365 0.0685185 0.0151042 0.012963 0.00142281
9 0.589323 0.0402778 0.0140625 0.0472222 0.00145969
0 0.759635 0.0814815 0.0119792 0.0481481 0.00146778
2 0.219792 0.137037 0.0572917 0.05 0.00150087
2 0.678385 0.114352 0.127604 0.0787037 0.00152024
9 0.548437 0.0523148 0.0114583 0.0268519 0.00152104
2 0.797917 0.0842593 0.0510417 0.0388889 0.00157342
32 0.454427 0.315278 0.0078125 0.0157407 0.00158694
2 0.409375 0.106019 0.261458 0.0787037 0.00171631
2 0.442708 0.0861111 0.0145833 0.0259259 0.00177657
9 0.429167 0.0453704 0.009375 0.0277778 0.00181199
58 0.921094 0.184722 0.157813 0.367593 0.00181332
0 0.263281 0.106481 0.00885417 0.0481481 0.00181499
2 0.817708 0.235185 0.00833333 0.0388889 0.00181764
9 0.263281 0.0875 0.0078125 0.037963 0.00182231
2 0.295573 0.0708333 0.0161458 0.0175926 0.00197618
0 0.752083 0.0953704 0.0239583 0.087037 0.002007
2 0.00546875 0.0925926 0.0109375 0.0481481 0.00201608
12 0.700521 0.162963 0.021875 0.0425926 0.00202114
2 0.832031 0.213426 0.0359375 0.0824074 0.00206462
9 0.270312 0.0518519 0.0208333 0.0407407 0.00216768
2 0.605729 0.0597222 0.0104167 0.0268519 0.00219223
2 0.8125 0.0768519 0.0229167 0.0240741 0.00222994
13 0.99401 0.52037 0.0109375 0.174074 0.00234046
58 0.96875 0.494907 0.03125 0.0898148 0.00238238
2 0.782552 0.110648 0.0348958 0.0435185 0.00241439
2 0.642969 0.150926 0.0244792 0.0648148 0.00265183
7 0.992448 0.519444 0.0140625 0.174074 0.00284065
2 0.33099 0.1125 0.0286458 0.0601852 0.00297172
2 0.357552 0.0972222 0.0338542 0.0703704 0.00309259
12 0.994531 0.497222 0.00989583 0.138889 0.0032517
13 0.0143229 0.390278 0.0286458 0.121296 0.00361961
0 0.995573 0.325463 0.0078125 0.0583333 0.00364376
2 0.599479 0.110185 0.31875 0.0703704 0.00365071
0 0.266927 0.0981481 0.00989583 0.0537037 0.00374896
9 0.581771 0.0328704 0.0197917 0.062037 0.00376121
2 0.792448 0.101389 0.0546875 0.062037 0.00377738
1 0.0421875 0.164352 0.0364583 0.0601852 0.00380052
1 0.00520833 0.387963 0.0104167 0.124074 0.00381607
9 0.992969 0.495833 0.0130208 0.130556 0.00383412
9 0.220573 0.0851852 0.0140625 0.0185185 0.00383909
7 0.220313 0.075463 0.0510417 0.062037 0.00476063
9 0.210417 0.0662037 0.0270833 0.0490741 0.00486443
2 0.480469 0.108796 0.0578125 0.062037 0.00520766
0 0.748177 0.115741 0.0151042 0.0444444 0.00565472
0 0.357552 0.062963 0.00885417 0.0185185 0.00613395
13 0.970312 0.530556 0.0583333 0.194444 0.00726044
9 0.572135 0.0310185 0.0151042 0.0601852 0.00750547
2 0.00416667 0.409259 0.00833333 0.0833333 0.00760933
2 0.447135 0.116667 0.0276042 0.0240741 0.00884029
1 0.0302083 0.152315 0.0604167 0.087963 0.00891438
0 0.755208 0.0782407 0.0135417 0.0509259 0.00919026
12 0.692708 0.165278 0.0104167 0.0398148 0.00928346
7 0.970573 0.527778 0.0578125 0.2 0.00934491
5 0.220313 0.0625 0.0479167 0.0601852 0.0107726
58 0.442187 0.087037 0.0135417 0.0259259 0.011352
7 0.275781 0.0560185 0.0380208 0.108333 0.0114775
0 0.635156 0.149537 0.00885417 0.0546296 0.0116687
11 0.23724 0.0662037 0.0161458 0.037963 0.0121749
2 0.592448 0.125 0.0182292 0.0240741 0.0124402
2 0.238542 0.139815 0.01875 0.0425926 0.0142757
9 0.26901 0.0342593 0.0223958 0.0648148 0.0146372
7 0.2125 0.0611111 0.0333333 0.0611111 0.0153134
2 0.271354 0.110185 0.0145833 0.037037 0.0154246
0 0.75625 0.12037 0.0166667 0.0351852 0.0156741
2 0.786198 0.0884259 0.0161458 0.0268519 0.0171225
0 0.3625 0.0717593 0.0104167 0.0324074 0.0174243
2 0.635156 0.146759 0.0109375 0.0564815 0.0181048
2 0.316667 0.0527778 0.03125 0.037037 0.0381327
9 0.567448 0.0481481 0.0078125 0.0240741 0.0381411
2 0.292448 0.109259 0.0276042 0.0759259 0.0727599
2 0.321094 0.0875 0.0380208 0.0287037 0.176241
2 0.466927 0.109722 0.0213542 0.0435185 0.192487
2 0.480729 0.109259 0.021875 0.0444444 0.283906
7 0.328906 0.0532407 0.0536458 0.0398148 0.320059
2 0.627344 0.119907 0.0255208 0.0490741 0.400539
2 0.50599 0.103704 0.0421875 0.0648148 0.406578
7 0.50599 0.103704 0.0421875 0.0648148 0.447729
10 0.204167 0.315278 0.015625 0.0712963 0.679861
2 0.31849 0.12037 0.0515625 0.0722222 0.741635
11 0.729167 0.0430556 0.0270833 0.0583333 0.801931
2 0.390885 0.112963 0.0473958 0.0666667 0.817218
2 0.382031 0.198148 0.0682292 0.0981481 0.902561
2 0.729688 0.42037 0.122917 0.17037 0.907247
2 0.745833 0.190278 0.128125 0.112037 0.912503
