9 0.497917 0.762963 0.021875 0.0666667 0.00104981
9 0.591146 0.0333333 0.0166667 0.0555556 0.00105654
2 0.0453125 0.0583333 0.0291667 0.037037 0.00110932
2 0.614062 0.0888889 0.0395833 0.0925926 0.0011283
9 0.2375 0.0782407 0.0177083 0.0564815 0.00113052
2 0.655469 0.139352 0.0828125 0.0842593 0.0011402
0 0.263021 0.105093 0.009375 0.0490741 0.00114363
2 0.0078125 0.117593 0.015625 0.107407 0.00115117
0 0.594792 0.119444 0.0135417 0.0351852 0.00120006
10 0.775 0.124537 0.0177083 0.0453704 0.00125666
9 0.547917 0.0518519 0.0104167 0.0240741 0.0012851
2 0.27474 0.111574 0.0234375 0.0583333 0.00130887
2 0.230469 0.10463 0.0276042 0.0388889 0.00143521
0 0.75651 0.375 0.0192708 0.0296296 0.00146256
9 0.5625 0.05 0.0197917 0.0240741 0.00147668
2 0.291667 0.0726852 0.0166667 0.0175926 0.00149537
7 0.970833 0.524074 0.0572917 0.196296 0.00159135
11 0.240625 0.0398148 0.021875 0.0777778 0.0018797
9 0.577083 0.0337963 0.0145833 0.0657407 0.0018973
7 0.289323 0.0990741 0.0796875 0.0962963 0.00191353
9 0.582812 0.0412037 0.0125 0.0472222 0.00192008
2 0.639323 0.126852 0.0494792 0.0611111 0.00193585
12 0.967448 0.500463 0.0276042 0.0805556 0.00211908
1 0.00416667 0.387037 0.00833333 0.124074 0.00217329
9 0.21901 0.104167 0.00989583 0.0416667 0.00220079
2 0.782552 0.0921296 0.0109375 0.0175926 0.00224934
2 0.566406 0.108796 0.242188 0.0768519 0.00233612
9 0.278906 0.0759259 0.0338542 0.146296 0.00235759
12 0.702344 0.161574 0.0203125 0.0435185 0.00240412
0 0.00390625 0.392593 0.0078125 0.118519 0.00245597
2 0.0606771 0.0703704 0.0317708 0.0296296 0.0024804
9 0.293229 0.0564815 0.009375 0.037037 0.00254328
2 0.241146 0.104167 0.015625 0.0324074 0.00255958
9 0.995313 0.499537 0.00833333 0.134259 0.00291228
2 0.774219 0.121296 0.0182292 0.0407407 0.00300295
9 0.594792 0.0416667 0.0104167 0.0351852 0.0030105
0 0.732813 0.372222 0.0270833 0.0277778 0.00314346
2 0.592188 0.124074 0.0166667 0.0277778 0.00320639
9 0.990104 0.5 0.01875 0.131481 0.003275
2 0.465104 0.105093 0.0697917 0.0509259 0.00337978
2 0.398438 0.109259 0.213542 0.0777778 0.00362046
9 0.258594 0.0736111 0.0109375 0.0509259 0.00364233
2 0.651042 0.152315 0.040625 0.0657407 0.00391158
9 0.252344 0.0861111 0.0130208 0.0351852 0.00396967
9 0.216927 0.0532407 0.0265625 0.0416667 0.00420438
2 0.00598958 0.0921296 0.0119792 0.0490741 0.00431774
2 0.267448 0.0976852 0.0119792 0.0546296 0.00451051
0 0.710156 0.373148 0.0192708 0.0259259 0.00483628
0 0.757292 0.119444 0.0114583 0.037037 0.0048614
11 0.605469 0.0601852 0.0109375 0.0277778 0.00539541
11 0.2375 0.0689815 0.0166667 0.0453704 0.00553324
12 0.702865 0.139352 0.0234375 0.0861111 0.00575401
9 0.208073 0.0675926 0.0223958 0.0425926 0.00579716
12 0.975521 0.495833 0.0416667 0.119444 0.00666641
2 0.492448 0.099537 0.0203125 0.0509259 0.00682351
2 0.634896 0.146296 0.0104167 0.0537037 0.00685778
9 0.264062 0.0828704 0.0125 0.0435185 0.00686163
2 0.305729 0.0814815 0.021875 0.0333333 0.00821383
2 0.238281 0.140741 0.0192708 0.0407407 0.00839293
7 0.219531 0.0662037 0.0494792 0.0675926 0.00866023
0 0.716667 0.371296 0.0208333 0.0259259 0.00872246
9 0.566667 0.0314815 0.0135417 0.0574074 0.00924762
12 0.995052 0.490741 0.00885417 0.124074 0.00983533
0 0.75651 0.0921296 0.0140625 0.0824074 0.0104586
9 0.220313 0.087963 0.0104167 0.0148148 0.0109951
5 0.216406 0.0643518 0.0411458 0.0546296 0.0116492
9 0.417188 0.0199074 0.0177083 0.037963 0.0122227
0 0.361719 0.0689815 0.00989583 0.0268519 0.0177534
2 0.271875 0.109259 0.0145833 0.0388889 0.0194766
9 0.500521 0.602778 0.0145833 0.0388889 0.0306767
9 0.113542 0.0259259 0.0166667 0.0407407 0.0308204
9 0.502604 0.759722 0.0114583 0.0564815 0.0375007
9 0.567448 0.0476852 0.00885417 0.0231481 0.0722613
0 0.44401 0.0893519 0.0140625 0.037963 0.0908673
2 0.294792 0.109259 0.03125 0.0814815 0.133521
2 0.442708 0.0648148 0.028125 0.0277778 0.15693
7 0.457812 0.0643518 0.0520833 0.037963 0.19037
9 0.269792 0.0361111 0.021875 0.0666667 0.237147
2 0.322396 0.0851852 0.0385417 0.0333333 0.263459
2 0.456771 0.0643518 0.053125 0.0361111 0.336221
2 0.473177 0.107407 0.0348958 0.0481481 0.45382
2 0.627344 0.122685 0.0255208 0.0527778 0.472679
2 0.50599 0.104167 0.0432292 0.062037 0.55604
2 0.31901 0.121759 0.0505208 0.0694444 0.723769
11 0.729688 0.0435185 0.0270833 0.0555556 0.759707
10 0.204167 0.315278 0.0166667 0.0675926 0.771397
2 0.389844 0.105093 0.0421875 0.0546296 0.82202
2 0.730208 0.418981 0.121875 0.175 0.914555
