2 0.534375 0.111574 0.01875 0.0453704 0.00101608
1 0.0109375 0.366204 0.021875 0.0472222 0.00110348
2 0.659375 0.140741 0.0729167 0.0777778 0.00111545
13 0.985417 0.522685 0.028125 0.180556 0.00118412
1 0.00494792 0.398148 0.00989583 0.105556 0.00118509
7 0.973698 0.525463 0.0515625 0.199074 0.00118924
58 0.919531 0.185185 0.160938 0.362963 0.00123297
9 0.989323 0.501852 0.0203125 0.140741 0.00128044
0 0.3625 0.0712963 0.009375 0.0296296 0.0013145
0 0.263281 0.103241 0.00885417 0.0527778 0.00137551
58 0.968229 0.491204 0.03125 0.102778 0.00138055
9 0.548437 0.0462963 0.0125 0.0277778 0.00144792
2 0.55026 0.422222 0.588021 0.183333 0.00154522
12 0.995313 0.528704 0.00833333 0.037037 0.00170047
2 0.363802 0.0675926 0.0119792 0.0203704 0.00186978
2 0.541927 0.111574 0.355729 0.0787037 0.00187451
5 0.213802 0.0652778 0.0359375 0.0546296 0.00188271
9 0.252344 0.0865741 0.0130208 0.0342593 0.00193341
2 0.774479 0.118519 0.01875 0.0351852 0.00197778
9 0.561979 0.0486111 0.0208333 0.0268519 0.00200006
9 0.440104 0.213889 0.0145833 0.0759259 0.00200947
2 0.238281 0.138889 0.0192708 0.0444444 0.00204483
9 0.293229 0.0564815 0.009375 0.0388889 0.00217964
9 0.23776 0.0726852 0.0140625 0.0435185 0.00228033
32 0.454688 0.314352 0.00729167 0.0138889 0.00231264
9 0.260156 0.0560185 0.0140625 0.0824074 0.00236282
2 0.783333 0.0912037 0.0114583 0.0175926 0.00246652
9 0.278385 0.074537 0.0401042 0.14537 0.00252837
2 0.294531 0.102778 0.0755208 0.0981481 0.00285213
0 0.757292 0.375463 0.01875 0.0287037 0.00286808
0 0.73099 0.371296 0.0286458 0.0296296 0.00344905
2 0.411979 0.110185 0.26875 0.0833333 0.0037621
9 0.213802 0.0648148 0.0328125 0.0574074 0.00380873
2 0.453906 0.10463 0.0567708 0.0518519 0.003893
2 0.274219 0.116204 0.0234375 0.0546296 0.00410657
11 0.23724 0.0685185 0.0171875 0.0444444 0.00416769
12 0.986198 0.492593 0.0244792 0.12037 0.0049042
2 0.291927 0.0699074 0.0109375 0.0175926 0.00495792
0 0.756771 0.0921296 0.0135417 0.0824074 0.00496821
11 0.240365 0.0351852 0.0223958 0.0685185 0.00538873
12 0.702865 0.140741 0.0234375 0.0851852 0.00587842
2 0.455208 0.110648 0.108333 0.0675926 0.00613533
9 0.500521 0.602315 0.0145833 0.0398148 0.00625852
2 0.302865 0.0814815 0.0244792 0.0351852 0.00627856
9 0.263802 0.0861111 0.0109375 0.0351852 0.0063334
0 0.18151 0.729167 0.171354 0.487963 0.00672754
2 0.593229 0.126389 0.0177083 0.025 0.00794871
12 0.973958 0.49537 0.040625 0.12037 0.00801459
7 0.214323 0.0611111 0.0369792 0.0666667 0.00812338
9 0.560938 0.0305556 0.0270833 0.0592593 0.00912415
9 0.221354 0.0865741 0.0114583 0.0175926 0.00963843
9 0.565885 0.0375 0.0109375 0.0472222 0.0108084
2 0.442708 0.0898148 0.0145833 0.0296296 0.0108542
0 0.715885 0.371296 0.0223958 0.0259259 0.0109956
2 0.270312 0.108333 0.0135417 0.0407407 0.0110554
12 0.994792 0.490278 0.009375 0.123148 0.0120177
9 0.223177 0.0564815 0.0140625 0.0444444 0.0133047
2 0.648698 0.148148 0.0369792 0.0555556 0.0140828
0 0.635938 0.147685 0.0104167 0.0509259 0.0163117
2 0.444531 0.102778 0.0203125 0.0444444 0.017541
2 0.635156 0.14537 0.0109375 0.05 0.0178246
9 0.443229 0.0884259 0.0135417 0.0268519 0.0231944
11 0.60599 0.0597222 0.00989583 0.025 0.0341397
9 0.567448 0.0481481 0.00885417 0.0240741 0.0391672
9 0.503385 0.759722 0.0130208 0.0564815 0.0641505
2 0.461198 0.113426 0.0119792 0.0361111 0.0736578
2 0.29375 0.110185 0.0302083 0.0777778 0.14729
9 0.269531 0.0361111 0.0223958 0.0685185 0.182101
2 0.627604 0.12037 0.025 0.0481481 0.332709
2 0.322917 0.0851852 0.0375 0.0333333 0.355089
2 0.473958 0.108333 0.034375 0.0462963 0.479671
2 0.505729 0.103704 0.0427083 0.062963 0.539452
11 0.729948 0.0444444 0.0265625 0.0592593 0.770389
2 0.31901 0.121759 0.0505208 0.0694444 0.773086
10 0.204427 0.315278 0.0161458 0.0712963 0.820338
2 0.398698 0.113426 0.0494792 0.0675926 0.856648
2 0.730208 0.419444 0.121875 0.172222 0.909289
