2 0.778646 0.105556 0.0291667 0.0481481 0.0010082
2 0.240104 0.10463 0.0166667 0.0388889 0.00109258
2 0.640885 0.151389 0.0203125 0.062037 0.00109989
0 0.73125 0.371759 0.0291667 0.0305556 0.00117005
12 0.702083 0.152778 0.0239583 0.0592593 0.00117013
2 0.6625 0.150926 0.0645833 0.062963 0.00118522
2 0.219531 0.127778 0.0578125 0.0666667 0.0012165
9 0.23724 0.0731481 0.0171875 0.0537037 0.00129558
7 0.293229 0.105093 0.0760417 0.0953704 0.00142395
2 0.73151 0.463426 0.535937 0.258333 0.00143429
7 0.278906 0.0763889 0.0380208 0.143519 0.00147246
0 0.620573 0.406944 0.0130208 0.0305556 0.00147425
10 0.197396 0.313426 0.03125 0.0787037 0.00153242
2 0.532031 0.112963 0.0140625 0.0425926 0.00156368
0 0.757031 0.374537 0.0203125 0.0305556 0.00157722
9 0.988281 0.513889 0.0223958 0.162963 0.00167202
2 0.288281 0.0768519 0.0192708 0.0314815 0.00170722
9 0.547917 0.0513889 0.0104167 0.025 0.00175993
12 0.99401 0.519444 0.0109375 0.172222 0.0017962
2 0.201302 0.243519 0.0171875 0.0166667 0.00182181
9 0.589323 0.0375 0.0130208 0.0527778 0.00182769
2 0.53724 0.1125 0.00989583 0.0435185 0.0018362
13 0.971615 0.525 0.0557292 0.188889 0.00189674
7 0.993229 0.518056 0.0125 0.171296 0.00195973
2 0.427865 0.111111 0.294271 0.0907407 0.0020742
12 0.692969 0.163426 0.0078125 0.0435185 0.00220542
2 0.59349 0.124074 0.0182292 0.0259259 0.0022238
0 0.757292 0.0861111 0.0125 0.0722222 0.00225747
0 0.263281 0.100463 0.00885417 0.0564815 0.00226593
9 0.21849 0.100926 0.00989583 0.0444444 0.00230731
2 0.548177 0.111111 0.305729 0.0740741 0.00231942
0 0.576042 0.40787 0.0645833 0.0435185 0.00238983
9 0.415885 0.0101852 0.0151042 0.0203704 0.00241171
0 0.716406 0.371296 0.0255208 0.0277778 0.00251388
9 0.255729 0.0773148 0.0125 0.0472222 0.00253644
9 0.252604 0.0861111 0.0145833 0.0351852 0.0027214
9 0.577604 0.0342593 0.0177083 0.0648148 0.0032216
0 0.556771 0.408333 0.0270833 0.0333333 0.00373024
2 0.363802 0.0662037 0.0119792 0.0194444 0.00380226
2 0.426562 0.111111 0.169792 0.0666667 0.00381417
0 0.442448 0.0972222 0.0171875 0.0481481 0.00384545
11 0.23724 0.0689815 0.0161458 0.0435185 0.0038916
7 0.970573 0.526852 0.0578125 0.205556 0.00395294
9 0.270573 0.0425926 0.0223958 0.0648148 0.00435283
2 0.00859375 0.391667 0.0171875 0.124074 0.00439541
9 0.266146 0.0986111 0.0104167 0.0527778 0.00451744
9 0.263021 0.0902778 0.00833333 0.037963 0.00470085
1 0.810677 0.33287 0.0192708 0.0916667 0.00473971
2 0.0111979 0.366667 0.0223958 0.0444444 0.00480054
7 0.220833 0.0638889 0.0510417 0.0907407 0.00484028
9 0.583854 0.0356481 0.0135417 0.0601852 0.00516029
9 0.2125 0.0648148 0.034375 0.0592593 0.00522963
9 0.29375 0.0574074 0.009375 0.0425926 0.00589753
9 0.292708 0.0708333 0.0114583 0.0194444 0.00601631
9 0.757552 0.0717593 0.0109375 0.0453704 0.00601685
0 0.596875 0.40787 0.0385417 0.0361111 0.00635946
0 0.580729 0.406944 0.03125 0.0305556 0.0072778
9 0.458073 0.0657407 0.00677083 0.0277778 0.00749635
2 0.308594 0.0814815 0.0203125 0.0333333 0.00851424
2 0.442969 0.0888889 0.0140625 0.0296296 0.00865025
2 0.271354 0.107407 0.0145833 0.0425926 0.00943268
9 0.994271 0.503241 0.0104167 0.14537 0.00950631
2 0.65599 0.441667 0.299479 0.196296 0.0108776
9 0.269271 0.0236111 0.0208333 0.037963 0.0123058
19 0.442969 0.087037 0.0140625 0.0277778 0.0126252
9 0.502604 0.759722 0.0125 0.0564815 0.01363
9 0.569792 0.0314815 0.0125 0.0592593 0.0136316
2 0.786198 0.0898148 0.0161458 0.0240741 0.0161794
11 0.60625 0.0597222 0.0104167 0.0268519 0.0183235
2 0.238542 0.140278 0.01875 0.0416667 0.0196913
2 0.635417 0.149074 0.0104167 0.0555556 0.0201676
7 0.213021 0.0611111 0.0333333 0.0611111 0.021495
0 0.635417 0.149074 0.009375 0.05 0.0221491
2 0.0046875 0.558333 0.009375 0.0388889 0.0256451
2 0.00442708 0.406944 0.00885417 0.0916667 0.0340997
2 0.48776 0.107407 0.0140625 0.05 0.036541
9 0.21901 0.0884259 0.00885417 0.0194444 0.0438828
0 0.00442708 0.396759 0.00885417 0.110185 0.046487
2 0.292448 0.109722 0.0276042 0.0768519 0.0499289
9 0.567448 0.0481481 0.00885417 0.0240741 0.0736034
7 0.296615 0.106944 0.0369792 0.0842593 0.0764628
2 0.461979 0.1125 0.0125 0.037963 0.135916
2 0.476042 0.108796 0.0302083 0.0453704 0.286009
2 0.322917 0.0856481 0.0375 0.0361111 0.324008
2 0.627604 0.121759 0.0260417 0.0509259 0.371213
2 0.50599 0.103704 0.0432292 0.062963 0.533806
10 0.204167 0.315741 0.015625 0.0703704 0.688565
11 0.729427 0.0430556 0.0276042 0.0564815 0.691741
2 0.31849 0.122222 0.0515625 0.0685185 0.694644
2 0.729948 0.419907 0.122396 0.171296 0.894944
2 0.576823 0.454167 0.133854 0.184259 0.919064
