2 0.665365 0.148611 0.0598958 0.0805556 0.00100094
9 0.56224 0.049537 0.0203125 0.0287037 0.00101679
1 0.810677 0.340278 0.0203125 0.0935185 0.00105116
2 0.614583 0.0967593 0.05 0.0990741 0.00105261
32 0.483073 0.49213 0.0151042 0.0287037 0.00106906
1 0.0497396 0.162963 0.0619792 0.0796296 0.00107844
2 0.566406 0.109259 0.338021 0.0796296 0.00108856
11 0.240104 0.0384259 0.021875 0.0731481 0.00117119
7 0.970573 0.52963 0.0578125 0.205556 0.00117504
7 0.988802 0.523148 0.0213542 0.188889 0.00118077
2 0.219792 0.130556 0.0572917 0.062963 0.00119995
9 0.576563 0.0333333 0.0135417 0.0648148 0.00125594
7 0.352865 0.0523148 0.0453125 0.0564815 0.00129394
7 0.272917 0.0416667 0.0291667 0.0814815 0.00129641
2 0.58776 0.125463 0.0223958 0.0342593 0.00139718
9 0.416406 0.0138889 0.0161458 0.0277778 0.00140771
12 0.966406 0.5 0.0244792 0.0759259 0.00144793
9 0.252865 0.0842593 0.0130208 0.0351852 0.00151048
0 0.263021 0.10463 0.0104167 0.0518519 0.00154149
9 0.108854 0.0291667 0.015625 0.037963 0.00156753
9 0.114583 0.025463 0.0145833 0.0416667 0.00161837
2 0.409635 0.108796 0.252604 0.0787037 0.00167096
9 0.264062 0.0824074 0.0114583 0.0407407 0.00168607
2 0.596354 0.12037 0.0114583 0.0333333 0.00179221
2 0.0460938 0.0643518 0.0265625 0.0268519 0.0018075
12 0.975 0.491667 0.0427083 0.112963 0.00192468
9 0.995313 0.52963 0.00833333 0.05 0.00194031
0 0.73125 0.371296 0.0364583 0.0314815 0.00195765
2 0.782292 0.108333 0.0364583 0.0425926 0.00200094
2 0.442448 0.104167 0.0296875 0.0490741 0.00209554
0 0.757031 0.375926 0.0182292 0.0277778 0.00213763
9 0.817448 0.235648 0.00885417 0.037963 0.00213831
2 0.7875 0.0824074 0.0145833 0.0222222 0.00219587
2 0.457031 0.108333 0.116146 0.0666667 0.00220299
2 0.238802 0.106019 0.0192708 0.037963 0.0022192
0 0.660417 0.113889 0.0114583 0.0296296 0.00233397
2 0.20026 0.129167 0.0296875 0.0416667 0.00237632
2 0.527865 0.423611 0.622396 0.187963 0.00238868
9 0.990104 0.503704 0.01875 0.140741 0.00243321
2 0.0609375 0.0712963 0.0364583 0.0240741 0.00245542
2 0.292448 0.0731481 0.0171875 0.0222222 0.00247804
12 0.702604 0.135185 0.0239583 0.0759259 0.00249161
2 0.588021 0.125 0.0104167 0.0259259 0.00251358
9 0.294792 0.0569444 0.0114583 0.037963 0.00258853
2 0.238542 0.137963 0.0197917 0.0462963 0.00262308
11 0.236979 0.0689815 0.0177083 0.0453704 0.00268454
9 0.26849 0.0981481 0.0119792 0.0537037 0.00285723
12 0.702083 0.164815 0.0197917 0.037037 0.00289853
9 0.559375 0.0273148 0.0229167 0.0490741 0.00303827
2 0.46276 0.114815 0.0151042 0.0388889 0.00318723
2 0.352604 0.107407 0.0927083 0.0777778 0.00322437
0 0.757552 0.0740741 0.0109375 0.0425926 0.00340785
12 0.693229 0.164352 0.00833333 0.037963 0.00352818
2 0.0567708 0.0319444 0.0260417 0.0398148 0.00353574
1 0.10651 0.145833 0.0494792 0.0675926 0.00355687
0 0.707031 0.374074 0.0182292 0.0240741 0.00368598
2 0.77474 0.112963 0.0192708 0.0259259 0.00370529
2 0.790104 0.0893519 0.0177083 0.0175926 0.00376978
9 0.256771 0.0712963 0.00833333 0.0407407 0.00380006
0 0.716927 0.371759 0.0244792 0.0287037 0.00398542
1 0.06875 0.15787 0.127083 0.0972222 0.00401432
2 0.648438 0.149537 0.0375 0.0601852 0.0043871
12 0.9875 0.496296 0.0208333 0.124074 0.0052504
2 0.442708 0.0902778 0.0145833 0.0324074 0.00535396
1 0.00677083 0.37037 0.0135417 0.062963 0.00635278
2 0.349219 0.105556 0.0192708 0.05 0.00745388
0 0.757031 0.0939815 0.0140625 0.0805556 0.00753835
9 0.208594 0.0666667 0.0213542 0.0444444 0.00774504
9 0.568229 0.0314815 0.015625 0.0592593 0.00780652
2 0.814062 0.075 0.01875 0.0166667 0.00786202
2 0.34349 0.0875 0.0151042 0.037963 0.00787968
5 0.221354 0.0712963 0.05 0.0648148 0.00788384
2 0.784635 0.0912037 0.0119792 0.0175926 0.00795343
9 0.221615 0.0518519 0.0171875 0.0407407 0.0082276
1 0.0138021 0.369907 0.0276042 0.0527778 0.00837169
7 0.221094 0.0680556 0.0505208 0.0675926 0.0102646
2 0.592969 0.125926 0.0151042 0.0240741 0.0109854
12 0.994792 0.493519 0.009375 0.125926 0.0111428
2 0.272135 0.110185 0.0151042 0.037037 0.0112219
9 0.443229 0.0907407 0.0135417 0.0333333 0.013691
1 0.00963542 0.396759 0.0192708 0.112037 0.0141769
0 0.442708 0.0986111 0.0177083 0.0490741 0.0164343
9 0.500521 0.603241 0.015625 0.0398148 0.0179044
1 0.00364583 0.410185 0.00729167 0.0814815 0.0216444
11 0.60625 0.0606481 0.009375 0.0231481 0.0246727
0 0.635417 0.148148 0.009375 0.05 0.0334687
9 0.502865 0.760185 0.0119792 0.0555556 0.0650184
9 0.567187 0.0486111 0.009375 0.025 0.0771395
2 0.297656 0.106944 0.0369792 0.0842593 0.0784627
9 0.26901 0.0351852 0.0213542 0.0666667 0.119973
2 0.321615 0.087963 0.0390625 0.0333333 0.150616
2 0.338281 0.0597222 0.0182292 0.0324074 0.177338
7 0.299479 0.107407 0.0427083 0.0833333 0.182352
2 0.627604 0.120833 0.025 0.0490741 0.194635
2 0.474219 0.109722 0.0348958 0.0453704 0.370845
2 0.50625 0.10463 0.0427083 0.062963 0.414208
7 0.506771 0.10463 0.0427083 0.062963 0.423041
2 0.359115 0.0638889 0.0317708 0.0333333 0.470214
2 0.31875 0.121296 0.05 0.0722222 0.634636
2 0.37474 0.108333 0.0369792 0.05 0.754636
11 0.729688 0.0435185 0.0270833 0.0574074 0.760633
10 0.203906 0.316204 0.0161458 0.0694444 0.820062
2 0.729948 0.419444 0.122396 0.172222 0.918153
