46 0.481771 0.489815 0.0135417 0.0277778 0.00100792
1 0.0231771 0.398611 0.0463542 0.117593 0.00102837
58 0.920573 0.181944 0.158854 0.360185 0.00111516
13 0.99349 0.51713 0.0119792 0.169444 0.00112873
9 0.817187 0.236111 0.00833333 0.0388889 0.00115774
7 0.793229 0.0652778 0.0354167 0.0583333 0.00116223
2 0.0174479 0.135185 0.0338542 0.0351852 0.00123154
1 0.0492188 0.152778 0.0682292 0.0666667 0.00123827
1 0.995573 0.328704 0.0078125 0.0555556 0.00132672
13 0.978646 0.521759 0.0416667 0.180556 0.00137067
0 0.0557292 0.123148 0.0135417 0.05 0.00143923
9 0.415625 0.00972222 0.015625 0.0194444 0.00146619
2 0.655469 0.138426 0.0817708 0.0861111 0.00147824
2 0.24375 0.109722 0.0125 0.0361111 0.00150485
2 0.778646 0.110185 0.0270833 0.0462963 0.00156333
0 0.75651 0.374074 0.0203125 0.0314815 0.00158574
0 0.263021 0.107407 0.00833333 0.0462963 0.00158816
0 0.391927 0.435185 0.0203125 0.0407407 0.00159105
9 0.109375 0.0300926 0.0125 0.0361111 0.00162633
0 0.758854 0.0722222 0.0104167 0.0444444 0.00163992
9 0.503125 0.760185 0.0145833 0.0592593 0.00167174
0 0.554427 0.29537 0.0421875 0.0703704 0.00171944
0 0.995833 0.327315 0.00729167 0.0583333 0.00172039
2 0.363802 0.0689815 0.0119792 0.0194444 0.00175013
2 0.548437 0.108333 0.39375 0.0740741 0.00176254
9 0.115625 0.025463 0.0125 0.0398148 0.00179655
9 0.234896 0.0652778 0.0208333 0.0398148 0.00180647
0 0.445833 0.501852 0.86875 0.366667 0.00182114
2 0.00494792 0.0907407 0.00989583 0.0388889 0.00184986
9 0.26276 0.0847222 0.0078125 0.0324074 0.00202414
2 0.00416667 0.422222 0.00833333 0.112963 0.00208139
2 0.238802 0.141667 0.0192708 0.0407407 0.0022903
9 0.995052 0.527778 0.00885417 0.05 0.00231597
2 0.301823 0.106481 0.0807292 0.0925926 0.00244995
32 0.460417 0.35787 0.0104167 0.0157407 0.00255672
32 0.453646 0.31713 0.00833333 0.0157407 0.00268909
9 0.253906 0.0847222 0.0130208 0.0361111 0.00275216
2 0.267448 0.1 0.0109375 0.0555556 0.00278688
9 0.5 0.602778 0.0145833 0.037037 0.00292745
2 0.443229 0.0888889 0.0145833 0.0296296 0.00293958
2 0.648438 0.149537 0.0375 0.0564815 0.00327302
2 0.583073 0.42037 0.649479 0.218519 0.00342476
2 0.301562 0.0912037 0.0333333 0.0527778 0.00354182
11 0.239844 0.0328704 0.0223958 0.062037 0.00380066
2 0.592188 0.125926 0.0177083 0.0259259 0.00385687
2 0.419531 0.108796 0.194271 0.0657407 0.0038651
9 0.458333 0.0652778 0.00729167 0.0305556 0.00394445
2 0.445312 0.116204 0.0229167 0.0231481 0.00457712
2 0.60651 0.0611111 0.00989583 0.0240741 0.00501158
9 0.469271 0.410648 0.009375 0.025 0.0051387
12 0.994271 0.495833 0.0104167 0.132407 0.00536468
0 0.368229 0.4375 0.0354167 0.0416667 0.00560919
7 0.148177 0.0856481 0.0661458 0.0712963 0.00565736
9 0.258333 0.0736111 0.0104167 0.0416667 0.0057382
11 0.2375 0.0699074 0.0166667 0.0453704 0.00587483
5 0.220573 0.0685185 0.0505208 0.0574074 0.00600663
0 0.715365 0.372685 0.0223958 0.0268519 0.00644281
7 0.220052 0.0671296 0.0515625 0.062037 0.00672808
9 0.570312 0.0324074 0.0114583 0.0574074 0.00707803
19 0.443229 0.087963 0.0135417 0.0277778 0.00742522
9 0.992708 0.497685 0.0135417 0.130556 0.00774065
9 0.269792 0.0388889 0.0208333 0.0611111 0.00860467
0 0.382031 0.438889 0.0276042 0.037037 0.00998336
1 0.0114583 0.368056 0.0229167 0.0472222 0.0109931
2 0.339063 0.0875 0.0135417 0.0305556 0.0112293
9 0.292969 0.0694444 0.0109375 0.0203704 0.0118509
0 0.34401 0.436574 0.0296875 0.0416667 0.0128712
9 0.208073 0.0671296 0.0223958 0.0435185 0.0133456
2 0.271094 0.111111 0.0130208 0.037037 0.0137558
0 0.529948 0.274537 0.0244792 0.0305556 0.014146
0 0.558333 0.275926 0.0458333 0.0351852 0.0185799
2 0.786458 0.0893519 0.0166667 0.025 0.0208498
9 0.584375 0.0398148 0.0125 0.0537037 0.0210707
0 0.635417 0.149074 0.0104167 0.0481481 0.0224937
2 0.635417 0.147222 0.0114583 0.0537037 0.0296903
1 0.009375 0.399537 0.01875 0.113889 0.0345915
1 0.00390625 0.410648 0.0078125 0.087963 0.035886
2 0.294531 0.107407 0.0307292 0.0796296 0.0765232
2 0.461979 0.113426 0.0125 0.037963 0.0810868
7 0.298438 0.107407 0.0395833 0.0814815 0.0835899
9 0.567448 0.0481481 0.0078125 0.0240741 0.0996622
2 0.322135 0.087037 0.0380208 0.0351852 0.265449
2 0.479948 0.109722 0.0234375 0.0453704 0.302144
7 0.50651 0.105093 0.0421875 0.062037 0.343749
2 0.627865 0.122685 0.0255208 0.0509259 0.346501
2 0.50651 0.105093 0.0421875 0.062037 0.451063
11 0.729167 0.0425926 0.0270833 0.0555556 0.666613
2 0.31849 0.121759 0.0505208 0.0712963 0.727272
10 0.203906 0.316204 0.0171875 0.0712963 0.807603
2 0.729948 0.42037 0.122396 0.172222 0.913926
2 0.548177 0.318056 0.113021 0.165741 0.920183
2 0.359115 0.483333 0.133854 0.190741 0.93444
