2 0.291927 0.102778 0.0984375 0.0925926 0.00100248
2 0.792969 0.102315 0.0567708 0.062037 0.00102663
12 0.702083 0.160648 0.0229167 0.0435185 0.00111037
2 0.578906 0.123611 0.0453125 0.037963 0.00111164
13 0.961979 0.555556 0.0395833 0.0407407 0.00113281
9 0.990885 0.518056 0.0171875 0.175 0.00122766
7 0.970312 0.522685 0.0583333 0.191667 0.00123876
2 0.754948 0.156944 0.0109375 0.0194444 0.00125805
0 0.457812 0.0671296 0.009375 0.0287037 0.00128523
2 0.0617188 0.0685185 0.0317708 0.0222222 0.00128889
0 0.85625 0.0847222 0.0125 0.0194444 0.00132236
9 0.109896 0.0263889 0.0125 0.0361111 0.00134398
7 0.472917 0.0925926 0.0458333 0.0703704 0.00139836
1 0.0236979 0.394907 0.0473958 0.117593 0.00140307
9 0.582292 0.0430556 0.0114583 0.0398148 0.00142923
0 0.73125 0.372222 0.0239583 0.0296296 0.00146462
9 0.26276 0.0435185 0.0171875 0.0537037 0.00152834
11 0.239583 0.0324074 0.021875 0.0611111 0.00162823
1 0.1 0.151852 0.0520833 0.0592593 0.00172926
9 0.272656 0.0388889 0.0307292 0.0759259 0.0017481
9 0.995313 0.533796 0.00833333 0.0398148 0.0017502
1 0.0890625 0.156944 0.0302083 0.0453704 0.0017515
7 0.990625 0.517593 0.0177083 0.17963 0.00195824
9 0.415104 0.00833333 0.0145833 0.0166667 0.00198205
9 0.429427 0.0472222 0.00885417 0.0166667 0.00217563
9 0.257292 0.0791667 0.0125 0.0435185 0.00219954
2 0.218229 0.136574 0.0604167 0.0509259 0.00223921
9 0.253125 0.0865741 0.0135417 0.0361111 0.00226058
9 0.266146 0.0967593 0.0104167 0.0546296 0.00234958
2 0.531771 0.112963 0.0135417 0.0425926 0.00237382
2 0.75651 0.116667 0.0151042 0.0333333 0.00240103
9 0.570833 0.0324074 0.0135417 0.0574074 0.00242801
9 0.817448 0.235185 0.0078125 0.0388889 0.0025729
11 0.23724 0.0685185 0.0171875 0.0425926 0.00296943
0 0.715104 0.373148 0.025 0.0259259 0.003294
2 0.64974 0.149537 0.0390625 0.0564815 0.00346766
2 0.288021 0.10463 0.01875 0.0722222 0.00348611
9 0.294271 0.0555556 0.009375 0.037037 0.00365954
2 0.285156 0.123148 0.0130208 0.0518519 0.00370423
1 0.810156 0.333333 0.0203125 0.087037 0.00373173
2 0.816667 0.0717593 0.0135417 0.0157407 0.00407083
2 0.554688 0.109722 0.185417 0.062037 0.00430542
2 0.397135 0.112037 0.154687 0.0592593 0.00438761
2 0.270573 0.110185 0.0130208 0.0388889 0.0052868
9 0.269271 0.0472222 0.0208333 0.0407407 0.00562587
2 0.0109375 0.37037 0.021875 0.0537037 0.00630448
2 0.592708 0.124537 0.0177083 0.0268519 0.00652891
7 0.220052 0.0671296 0.0505208 0.0601852 0.00785136
2 0.798177 0.0842593 0.0380208 0.0296296 0.0082525
9 0.2625 0.087037 0.00729167 0.0351852 0.00852596
11 0.60651 0.0601852 0.00989583 0.0240741 0.00867191
12 0.99401 0.509722 0.0109375 0.156481 0.0103302
5 0.220573 0.0689815 0.0505208 0.062037 0.0114761
2 0.781771 0.100926 0.0322917 0.0444444 0.011732
2 0.46849 0.108796 0.0338542 0.0472222 0.0123967
9 0.502604 0.760648 0.0135417 0.0546296 0.0136651
9 0.211719 0.0657407 0.0296875 0.0462963 0.0141497
9 0.269271 0.025 0.0208333 0.0444444 0.0143482
2 0.0046875 0.55787 0.009375 0.0398148 0.0146603
0 0.441927 0.0865741 0.0119792 0.0287037 0.0147713
13 0.0125 0.39537 0.025 0.112963 0.0155901
2 0.00598958 0.40463 0.0119792 0.1 0.0176828
2 0.813802 0.0759259 0.0192708 0.0166667 0.0190295
2 0.238542 0.141667 0.01875 0.0388889 0.0220191
13 0.00598958 0.400463 0.0119792 0.102778 0.0225127
0 0.635677 0.148148 0.00989583 0.0481481 0.0237748
2 0.488021 0.108796 0.0135417 0.0472222 0.029128
1 0.009375 0.396296 0.01875 0.112963 0.0359041
2 0.635417 0.146296 0.0114583 0.0537037 0.0361496
9 0.567448 0.0486111 0.00885417 0.025 0.0444414
7 0.29974 0.10463 0.0380208 0.0777778 0.0494904
2 0.786719 0.0898148 0.0171875 0.0240741 0.0593654
2 0.301302 0.10463 0.0348958 0.0759259 0.0691433
2 0.459635 0.116667 0.0130208 0.0314815 0.157162
2 0.482812 0.0717593 0.0239583 0.0324074 0.255883
2 0.321875 0.0851852 0.0364583 0.0314815 0.291263
2 0.478385 0.110185 0.0213542 0.0444444 0.34905
2 0.627344 0.122222 0.0265625 0.05 0.494154
2 0.50599 0.10463 0.0421875 0.0611111 0.626405
10 0.204167 0.316204 0.0166667 0.0712963 0.730696
2 0.31875 0.122222 0.0510417 0.0703704 0.73736
2 0.429688 0.11713 0.0510417 0.0342593 0.794438
11 0.729167 0.0435185 0.0270833 0.0574074 0.800191
2 0.729427 0.418981 0.123438 0.171296 0.890127
