2 0.242708 0.106019 0.0125 0.0342593 0.00101912
0 0.732031 0.370833 0.0276042 0.0305556 0.00105386
9 0.990885 0.511574 0.0171875 0.163889 0.0011449
12 0.984635 0.500463 0.0255208 0.132407 0.00126305
0 0.263021 0.1 0.009375 0.0574074 0.00128559
9 0.415625 0.0087963 0.015625 0.0175926 0.00128626
9 0.176823 0.511111 0.0380208 0.0388889 0.00128724
14 0.201302 0.243056 0.0171875 0.0175926 0.00130007
9 0.75651 0.0731481 0.00989583 0.0407407 0.00131203
9 0.273698 0.0407407 0.0338542 0.0796296 0.0013684
10 0.192969 0.293056 0.0359375 0.117593 0.00138629
2 0.813802 0.075 0.0182292 0.0203704 0.00141293
1 0.985156 0.333333 0.0286458 0.0537037 0.00146345
9 0.582292 0.0361111 0.0135417 0.0537037 0.00154359
9 0.50026 0.603704 0.0151042 0.0407407 0.00154656
9 0.577083 0.0324074 0.0145833 0.0611111 0.001561
13 0.961979 0.55463 0.0375 0.0407407 0.00157721
2 0.238281 0.141667 0.0192708 0.0407407 0.00159513
9 0.253906 0.0861111 0.0161458 0.0351852 0.00160182
2 0.290885 0.101852 0.0921875 0.087037 0.00163055
13 0.971354 0.52037 0.05625 0.174074 0.00164953
2 0.288021 0.0777778 0.0197917 0.0296296 0.00166348
2 0.536979 0.113426 0.0104167 0.0416667 0.00166488
12 0.995573 0.538426 0.0078125 0.0527778 0.00183267
2 0.0117188 0.366204 0.0234375 0.0453704 0.00188721
1 0.995052 0.331481 0.00885417 0.0592593 0.00193646
2 0.0398437 0.0648148 0.0182292 0.0203704 0.00203494
2 0.53151 0.112963 0.0140625 0.0425926 0.00209315
9 0.263021 0.0893519 0.00833333 0.0398148 0.00214769
14 0.483073 0.491667 0.0151042 0.0296296 0.0023019
9 0.266927 0.0990741 0.0109375 0.0555556 0.00235451
11 0.23724 0.0689815 0.0161458 0.0435185 0.00236354
2 0.557031 0.108796 0.242188 0.0675926 0.0023919
0 0.458333 0.0643518 0.00729167 0.0305556 0.0024881
58 0.96849 0.496759 0.0286458 0.087963 0.00297095
0 0.715104 0.371759 0.0239583 0.0268519 0.00297102
2 0.0333333 0.0634259 0.0177083 0.0175926 0.00308778
2 0.649479 0.148148 0.0375 0.0574074 0.00322196
2 0.422396 0.103704 0.210417 0.0611111 0.00342544
9 0.269531 0.0537037 0.0192708 0.0314815 0.00455415
9 0.570052 0.0310185 0.0130208 0.0583333 0.00550596
0 0.995833 0.331481 0.00729167 0.0518519 0.00579028
1 0.0135417 0.394907 0.0270833 0.112037 0.00588608
0 0.55625 0.55 0.0229167 0.1 0.00597348
2 0.786719 0.0888889 0.0151042 0.0222222 0.00600699
0 0.288021 0.110648 0.01875 0.0787037 0.00618875
2 0.269792 0.10787 0.0125 0.0416667 0.0063581
2 0.363802 0.103704 0.0640625 0.0555556 0.0068554
12 0.994531 0.501389 0.00989583 0.14537 0.0084225
9 0.26901 0.0236111 0.0203125 0.0416667 0.00871937
1 0.00416667 0.406944 0.00833333 0.087963 0.00893252
11 0.60625 0.0587963 0.009375 0.025 0.00924209
9 0.210156 0.0652778 0.0265625 0.0490741 0.0106637
2 0.339583 0.0912037 0.0145833 0.0287037 0.0150239
0 0.442187 0.0953704 0.015625 0.0462963 0.0160915
5 0.220833 0.0666667 0.05 0.0574074 0.0166489
7 0.220313 0.0671296 0.05 0.0583333 0.0183131
2 0.635677 0.146759 0.0109375 0.0546296 0.018625
2 0.592708 0.126389 0.0166667 0.0231481 0.0196326
0 0.635677 0.148148 0.00989583 0.05 0.0204165
9 0.502604 0.759722 0.0125 0.0546296 0.0235487
9 0.111458 0.025463 0.0145833 0.0398148 0.0238156
2 0.442708 0.0898148 0.0135417 0.0333333 0.0266623
9 0.567448 0.0481481 0.00885417 0.0240741 0.0605343
2 0.363281 0.0726852 0.0130208 0.025 0.073521
2 0.30026 0.106019 0.0380208 0.0787037 0.0866417
7 0.298698 0.105093 0.0390625 0.0787037 0.0869135
2 0.46224 0.110185 0.0130208 0.0425926 0.128215
2 0.321875 0.087037 0.0375 0.0351852 0.319585
2 0.627865 0.121296 0.0255208 0.0518519 0.338576
2 0.474479 0.108333 0.034375 0.0462963 0.382727
7 0.50651 0.104167 0.0421875 0.0638889 0.421855
2 0.50651 0.103704 0.0421875 0.062963 0.460494
2 0.31875 0.120833 0.05 0.0712963 0.71938
11 0.729427 0.0439815 0.0265625 0.0564815 0.772898
10 0.203906 0.315741 0.0161458 0.0703704 0.779936
2 0.382031 0.0851852 0.0276042 0.0407407 0.787197
2 0.729688 0.418981 0.122917 0.171296 0.903204
