1 0.810938 0.328241 0.0177083 0.0824074 0.00104785
2 0.30599 0.133796 0.0317708 0.0509259 0.0010479
9 0.439063 0.197685 0.0125 0.0342593 0.00107108
2 0.289062 0.0810185 0.021875 0.0361111 0.00110399
9 0.589063 0.0439815 0.0135417 0.0435185 0.00110426
2 0.503385 0.103704 0.0432292 0.0592593 0.00111564
0 0.361979 0.0814815 0.0104167 0.0277778 0.00111812
2 0.217969 0.136111 0.0588542 0.05 0.00116535
9 0.995052 0.51713 0.00885417 0.0824074 0.00120385
7 0.988802 0.519907 0.0213542 0.182407 0.00124528
9 0.5625 0.050463 0.01875 0.0268519 0.00129877
9 0.547917 0.0513889 0.0114583 0.025 0.00130574
2 0.659635 0.139815 0.0692708 0.062963 0.00133021
12 0.702083 0.131481 0.0229167 0.0722222 0.00134107
2 0.442187 0.087037 0.0145833 0.0277778 0.00139041
9 0.559115 0.0287037 0.0223958 0.0518519 0.0013907
2 0.27474 0.114815 0.0213542 0.0481481 0.00147684
13 0.961198 0.555556 0.0380208 0.0444444 0.00151173
0 0.714583 0.37037 0.0239583 0.0277778 0.00152148
0 0.26276 0.105556 0.00989583 0.0481481 0.00164688
2 0.0138021 0.368519 0.0276042 0.0518519 0.00165782
7 0.292708 0.104167 0.0875 0.0842593 0.00167109
11 0.255469 0.0865741 0.0203125 0.0342593 0.00178477
2 0.266667 0.0958333 0.009375 0.0472222 0.0018526
58 0.96901 0.499537 0.0317708 0.0916667 0.0018602
0 0.816667 0.234259 0.009375 0.0407407 0.00198333
2 0.575521 0.125463 0.0520833 0.0342593 0.00199958
2 0.547396 0.112963 0.269792 0.0685185 0.00209581
9 0.415365 0.00833333 0.0151042 0.0166667 0.00212357
9 0.575781 0.0333333 0.0171875 0.062963 0.00212909
9 0.26276 0.0865741 0.00885417 0.0324074 0.00221072
12 0.701302 0.163426 0.0223958 0.037963 0.00230625
7 0.974219 0.52037 0.0505208 0.190741 0.00243272
2 0.780729 0.101852 0.0322917 0.05 0.00252964
1 0.00546875 0.368981 0.0109375 0.0657407 0.0028509
2 0.473437 0.112037 0.0802083 0.0537037 0.00285335
13 0.0145833 0.394907 0.0291667 0.113889 0.00290034
9 0.363281 0.0694444 0.0119792 0.0222222 0.0030898
2 0.291667 0.0722222 0.0135417 0.0148148 0.00349073
11 0.236979 0.0685185 0.0166667 0.0425926 0.00362408
0 0.282552 0.0884259 0.0078125 0.025 0.00373552
9 0.584375 0.0435185 0.0125 0.0388889 0.00386239
7 0.788542 0.0648148 0.025 0.062963 0.00403949
2 0.646615 0.147685 0.0338542 0.0601852 0.00424096
1 0.00963542 0.394907 0.0192708 0.117593 0.00433952
12 0.99401 0.499537 0.0109375 0.137963 0.00436242
2 0.355208 0.114815 0.102083 0.0592593 0.00468161
1 0.00442708 0.4 0.00885417 0.1 0.00510683
12 0.693229 0.162963 0.00729167 0.0388889 0.00604434
0 0.995573 0.330093 0.0078125 0.0546296 0.00773785
9 0.442448 0.087963 0.0130208 0.0277778 0.00867624
9 0.208594 0.0680556 0.0244792 0.0472222 0.0100124
2 0.270312 0.111111 0.0125 0.0351852 0.0113685
2 0.592708 0.126389 0.0177083 0.0231481 0.0117542
7 0.220573 0.0666667 0.0494792 0.062963 0.0120638
9 0.569792 0.0314815 0.0125 0.0592593 0.0156959
0 0.75599 0.0837963 0.0140625 0.062037 0.018102
11 0.60599 0.0601852 0.00989583 0.0240741 0.0187933
2 0.786458 0.0888889 0.0177083 0.0240741 0.019009
9 0.26875 0.0342593 0.0208333 0.0648148 0.0208375
2 0.291927 0.108333 0.0265625 0.0740741 0.0217487
2 0.238542 0.140741 0.0177083 0.0407407 0.0280592
5 0.220833 0.0675926 0.05 0.0592593 0.0285421
9 0.502344 0.760185 0.0130208 0.0555556 0.0337428
0 0.635417 0.148148 0.009375 0.0537037 0.03593
2 0.488802 0.10787 0.0140625 0.0490741 0.0392427
2 0.634896 0.147222 0.0104167 0.0555556 0.0542942
7 0.31875 0.107407 0.0479167 0.0740741 0.0588694
7 0.321615 0.087963 0.0421875 0.037037 0.0599679
2 0.444531 0.115278 0.0223958 0.0231481 0.0803957
7 0.297917 0.105093 0.0364583 0.0768519 0.085776
9 0.567187 0.0486111 0.00833333 0.025 0.131818
2 0.322396 0.0856481 0.0375 0.0324074 0.157434
2 0.4625 0.114815 0.0125 0.0333333 0.180584
2 0.479167 0.109722 0.0197917 0.0453704 0.275245
2 0.627083 0.121759 0.025 0.0527778 0.356736
2 0.350521 0.116667 0.0166667 0.0314815 0.423465
7 0.50599 0.104167 0.0432292 0.062037 0.437771
2 0.318229 0.121296 0.05 0.0703704 0.568557
2 0.41875 0.113889 0.0291667 0.0296296 0.73672
10 0.204167 0.315741 0.015625 0.0722222 0.754564
2 0.373698 0.111574 0.0317708 0.0398148 0.783975
11 0.728906 0.0430556 0.0265625 0.0583333 0.812972
2 0.729688 0.419444 0.122917 0.17037 0.899467
