9 0.816667 0.233333 0.009375 0.0425926 0.00112049
2 0.816927 0.23287 0.00989583 0.0435185 0.00112202
0 0.715885 0.37037 0.0244792 0.0277778 0.00113104
9 0.547917 0.0513889 0.0114583 0.0268519 0.00113336
9 0.5625 0.050463 0.0197917 0.0268519 0.00116423
9 0.558854 0.0273148 0.021875 0.0509259 0.00117064
0 0.486458 0.0712963 0.0145833 0.0222222 0.00117668
1 0.009375 0.396759 0.01875 0.115741 0.00122169
2 0.536719 0.111574 0.0109375 0.0453704 0.00122899
7 0.788542 0.0638889 0.025 0.0611111 0.00124405
2 0.299219 0.13287 0.0213542 0.0527778 0.0012458
2 0.53125 0.1125 0.0135417 0.0435185 0.00128492
0 0.263021 0.103704 0.009375 0.05 0.00131547
13 0.986719 0.518056 0.0255208 0.175 0.00134247
2 0.658594 0.140278 0.0661458 0.062037 0.00134399
0 0.3625 0.0791667 0.0114583 0.025 0.00135723
2 0.0046875 0.40463 0.009375 0.0962963 0.00138933
2 0.814323 0.0773148 0.0171875 0.0194444 0.00140301
2 0.958073 0.555556 0.0317708 0.0425926 0.0014085
9 0.109375 0.0287037 0.0125 0.0351852 0.00147517
9 0.272656 0.0402778 0.0265625 0.0657407 0.00152795
58 0.96875 0.498611 0.0302083 0.087963 0.00156907
9 0.995052 0.518056 0.00885417 0.0805556 0.00158352
12 0.701563 0.164815 0.0197917 0.037037 0.00172106
2 0.291927 0.105093 0.0890625 0.087963 0.00183558
1 0.00572917 0.368981 0.0114583 0.0657407 0.00184175
9 0.115365 0.024537 0.0119792 0.037963 0.001954
2 0.491406 0.0717593 0.0182292 0.0175926 0.00198507
2 0.584896 0.126389 0.034375 0.0305556 0.00202833
2 0.540885 0.113426 0.281771 0.0731481 0.00204815
7 0.989323 0.516204 0.0203125 0.182407 0.00204987
12 0.69349 0.162963 0.00677083 0.0388889 0.00210049
2 0.442187 0.0875 0.0145833 0.0268519 0.00217204
13 0.961458 0.556944 0.0385417 0.0435185 0.00221392
7 0.970573 0.519907 0.0578125 0.186111 0.00226208
11 0.255469 0.0861111 0.0192708 0.0351852 0.00230676
9 0.263281 0.0875 0.0078125 0.0342593 0.00236812
0 0.266927 0.0976852 0.00989583 0.0509259 0.00249291
9 0.363542 0.0703704 0.0114583 0.0222222 0.00263416
1 0.0046875 0.4 0.009375 0.101852 0.00270588
9 0.99375 0.505093 0.0114583 0.147222 0.00287267
2 0.467448 0.111574 0.0817708 0.0564815 0.00290665
9 0.5 0.603241 0.0145833 0.037963 0.00292206
2 0.409896 0.110648 0.105208 0.0564815 0.00315065
9 0.415365 0.0087963 0.0151042 0.0175926 0.00337976
2 0.780729 0.100926 0.0322917 0.05 0.00350121
11 0.60625 0.0601852 0.0104167 0.0240741 0.00367424
12 0.994271 0.5 0.0104167 0.138889 0.00385412
2 0.467969 0.10787 0.0369792 0.0472222 0.0040534
11 0.23724 0.0680556 0.0161458 0.0416667 0.00441153
9 0.219792 0.0833333 0.0166667 0.0240741 0.00458979
9 0.583854 0.0402778 0.0125 0.0453704 0.00504981
0 0.520573 0.0708333 0.00989583 0.0194444 0.00575801
9 0.442187 0.087963 0.0125 0.0259259 0.00648512
0 0.75625 0.0888889 0.0145833 0.0703704 0.00686211
2 0.647396 0.148148 0.034375 0.0592593 0.00690833
9 0.269531 0.0481481 0.0192708 0.0388889 0.00733179
2 0.33151 0.1 0.0390625 0.0462963 0.00740874
5 0.220313 0.0652778 0.0479167 0.0564815 0.00783901
9 0.217187 0.0587963 0.025 0.0509259 0.00866923
7 0.220313 0.0666667 0.05 0.062963 0.00893203
9 0.207552 0.0666667 0.0223958 0.0481481 0.00956759
2 0.270573 0.110185 0.0130208 0.037037 0.0101549
9 0.26901 0.0236111 0.0203125 0.037963 0.0111241
2 0.238542 0.140741 0.0177083 0.0407407 0.0128235
9 0.572656 0.0319444 0.0140625 0.0601852 0.0139595
0 0.995573 0.32963 0.0078125 0.0537037 0.0140751
2 0.592448 0.126389 0.0182292 0.0231481 0.019998
0 0.635417 0.148611 0.009375 0.0527778 0.0273171
2 0.786719 0.087963 0.0171875 0.0259259 0.0304432
2 0.489062 0.108796 0.0135417 0.0472222 0.031419
2 0.293229 0.106481 0.0291667 0.0796296 0.0337621
2 0.460677 0.115278 0.0109375 0.0324074 0.0449273
7 0.317708 0.108333 0.0510417 0.0777778 0.0455591
2 0.348437 0.113889 0.0135417 0.0351852 0.0551182
2 0.635156 0.147222 0.0109375 0.0537037 0.0573654
9 0.567448 0.0486111 0.00885417 0.025 0.082933
9 0.502083 0.760648 0.0125 0.0546296 0.0848562
2 0.444792 0.11713 0.0239583 0.0212963 0.0892651
7 0.295833 0.106944 0.034375 0.0824074 0.0946385
2 0.404948 0.114815 0.0130208 0.0277778 0.123411
2 0.465885 0.112037 0.0182292 0.0388889 0.135264
2 0.322396 0.0851852 0.0375 0.0333333 0.165139
2 0.478385 0.110648 0.0182292 0.0435185 0.235585
2 0.505729 0.103241 0.0427083 0.0638889 0.263615
2 0.627083 0.122685 0.025 0.0527778 0.350647
7 0.50599 0.103704 0.0432292 0.0648148 0.454925
2 0.31849 0.122222 0.0505208 0.0703704 0.609414
2 0.358073 0.113426 0.0244792 0.0361111 0.722475
2 0.384115 0.10787 0.0338542 0.0453704 0.781366
10 0.203906 0.315278 0.0151042 0.0712963 0.789182
11 0.728906 0.0430556 0.0265625 0.0564815 0.81973
2 0.729688 0.418519 0.121875 0.172222 0.89526
