9 0.582552 0.0351852 0.0140625 0.0592593 0.00100421
9 0.428906 0.0398148 0.00885417 0.0240741 0.00100422
11 0.220573 0.0666667 0.0515625 0.0611111 0.00101307
2 0.220313 0.136574 0.05625 0.0490741 0.00105977
9 0.288542 0.0712963 0.0125 0.0296296 0.00106284
2 0.275521 0.116204 0.025 0.0509259 0.00110654
2 0.536198 0.111111 0.0119792 0.0462963 0.00116331
9 0.576302 0.0328704 0.0151042 0.0638889 0.00118495
9 0.3625 0.0458333 0.0104167 0.0342593 0.00120177
9 0.557552 0.0268519 0.0244792 0.0444444 0.00120905
7 0.791146 0.0634259 0.0302083 0.0601852 0.00123692
9 0.263802 0.0810185 0.00989583 0.037963 0.00127469
2 0.58125 0.126389 0.0395833 0.0342593 0.00132272
32 0.453906 0.313889 0.0078125 0.0166667 0.00140613
1 0.801302 0.319444 0.0338542 0.0925926 0.00141505
0 0.253906 0.134259 0.0119792 0.05 0.00144404
0 0.279687 0.110185 0.01875 0.0611111 0.00152831
12 0.691667 0.165741 0.009375 0.0388889 0.00162804
9 0.975781 0.499537 0.0442708 0.123148 0.00163158
9 0.547917 0.0509259 0.0104167 0.0259259 0.00180901
0 0.564583 0.32963 0.0458333 0.0574074 0.00182579
2 0.539844 0.108333 0.251563 0.0685185 0.00184395
2 0.639583 0.130093 0.0510417 0.0638889 0.00191309
1 0.00572917 0.385648 0.0114583 0.130556 0.00236513
7 0.220573 0.0592593 0.0505208 0.0740741 0.00250157
9 0.3625 0.0689815 0.009375 0.025 0.00255163
2 0.363542 0.0675926 0.0114583 0.0203704 0.00257377
0 0.285677 0.121296 0.0130208 0.0574074 0.00269401
2 0.444792 0.109722 0.05625 0.0416667 0.00270985
9 0.503125 0.759259 0.0125 0.0555556 0.00287439
0 0.706771 0.374537 0.0208333 0.0268519 0.00296418
0 0.718229 0.372685 0.0239583 0.0268519 0.00298249
1 0.101302 0.158333 0.0640625 0.0796296 0.00299253
12 0.995313 0.525926 0.00833333 0.0518519 0.00300757
12 0.96276 0.502778 0.0182292 0.0685185 0.00302666
9 0.257552 0.0726852 0.00885417 0.0435185 0.00358058
9 0.253125 0.0861111 0.0114583 0.0333333 0.00369866
9 0.26849 0.0967593 0.0109375 0.0453704 0.00391543
9 0.290365 0.0509259 0.0192708 0.0555556 0.00416146
9 0.571094 0.0314815 0.0140625 0.0592593 0.00417407
2 0.442708 0.0847222 0.0135417 0.0231481 0.00438819
11 0.23724 0.0694444 0.0161458 0.0444444 0.00473068
2 0.269792 0.111111 0.0114583 0.0351852 0.00483573
2 0.449219 0.115741 0.0317708 0.0240741 0.0052916
1 0.00364583 0.410185 0.00729167 0.0814815 0.00530639
9 0.500781 0.603241 0.0151042 0.0361111 0.00561127
2 0.65 0.148148 0.0385417 0.0592593 0.00564132
2 0.635677 0.147685 0.00989583 0.0509259 0.0057285
12 0.979948 0.500926 0.0234375 0.125926 0.00578699
0 0.756771 0.0912037 0.0135417 0.0768519 0.0060204
9 0.984635 0.493981 0.0161458 0.113889 0.00618793
12 0.994792 0.491667 0.009375 0.12037 0.00690524
2 0.592448 0.126852 0.0182292 0.0222222 0.00724472
9 0.208333 0.0685185 0.0229167 0.0444444 0.00960355
2 0.785937 0.0888889 0.015625 0.0222222 0.00972368
9 0.995573 0.487963 0.0078125 0.118519 0.00978486
2 0.815104 0.0763889 0.0166667 0.0175926 0.010494
11 0.60599 0.0592593 0.00989583 0.0240741 0.01068
9 0.442969 0.0861111 0.0130208 0.0259259 0.0108035
1 0.809635 0.342593 0.0223958 0.103704 0.0145955
2 0.238802 0.141667 0.0182292 0.0407407 0.0150489
2 0.291406 0.125926 0.0151042 0.0425926 0.0155597
9 0.115104 0.025 0.0145833 0.037037 0.017422
9 0.282552 0.0865741 0.0078125 0.025 0.0178261
1 0.0679687 0.160648 0.131771 0.0990741 0.0196103
5 0.213021 0.062037 0.034375 0.0611111 0.026471
9 0.29375 0.0569444 0.0104167 0.0435185 0.0340981
9 0.269531 0.0319444 0.0213542 0.0583333 0.0349186
2 0.4625 0.112037 0.0145833 0.0388889 0.0467754
9 0.567187 0.0486111 0.00833333 0.0231481 0.0474568
2 0.397135 0.100926 0.0286458 0.0277778 0.134442
2 0.322396 0.0875 0.0375 0.0361111 0.306906
2 0.627344 0.120833 0.0255208 0.0490741 0.373369
2 0.393229 0.112037 0.0479167 0.0388889 0.428818
2 0.50599 0.103704 0.0421875 0.062963 0.43305
7 0.50625 0.103704 0.0427083 0.062963 0.456103
2 0.473698 0.109722 0.0348958 0.0453704 0.478808
2 0.31875 0.12037 0.0510417 0.0703704 0.550189
10 0.204167 0.316204 0.0166667 0.0712963 0.713087
11 0.729427 0.0430556 0.0265625 0.0546296 0.781089
7 0.563802 0.3625 0.132812 0.230556 0.893319
2 0.729427 0.418519 0.122396 0.174074 0.904181
