12 0.98724 0.500926 0.0234375 0.137037 0.00101039
0 0.730469 0.370833 0.0286458 0.0324074 0.00104002
0 0.757812 0.373611 0.0197917 0.0342593 0.00105557
2 0.44349 0.106019 0.0359375 0.0490741 0.00110121
1 0.0046875 0.462963 0.009375 0.216667 0.00112619
0 0.708594 0.374074 0.0223958 0.0277778 0.00122999
9 0.547656 0.0597222 0.00989583 0.0231481 0.00124158
2 0.0578125 0.0263889 0.0177083 0.0453704 0.00133024
2 0.648177 0.147222 0.0369792 0.0574074 0.00138079
0 0.26224 0.10463 0.00989583 0.0537037 0.00143595
14 0.482552 0.491204 0.0140625 0.0287037 0.0014808
11 0.240365 0.0361111 0.0213542 0.0685185 0.00148666
9 0.767708 0.0166667 0.0125 0.0314815 0.0015356
2 0.771875 0.115278 0.0135417 0.0287037 0.0015385
2 0.78099 0.10463 0.0317708 0.0537037 0.00160036
9 0.261198 0.0476852 0.0130208 0.0490741 0.00167915
10 0.196354 0.313426 0.0322917 0.0824074 0.00171686
9 0.177865 0.508333 0.0348958 0.0388889 0.00176186
9 0.263021 0.0856481 0.00833333 0.0305556 0.00178468
2 0.565365 0.110185 0.240104 0.0685185 0.00179183
2 0.99401 0.519907 0.0109375 0.165741 0.00189857
2 0.798437 0.0828704 0.04375 0.0342593 0.00194924
2 0.363542 0.0689815 0.0114583 0.0231481 0.00203456
9 0.252604 0.0851852 0.0135417 0.0333333 0.00204908
9 0.257812 0.0703704 0.0104167 0.0425926 0.00211004
9 0.995313 0.5375 0.00833333 0.0787037 0.00211493
9 0.107292 0.0291667 0.0114583 0.0453704 0.00217425
58 0.96849 0.495833 0.0296875 0.0842593 0.00224424
13 0.96224 0.555556 0.0390625 0.0425926 0.00240951
0 0.716667 0.372685 0.0239583 0.0268519 0.00248877
11 0.23776 0.0685185 0.0161458 0.0425926 0.00254021
2 0.363021 0.111574 0.148958 0.0694444 0.00272714
13 0.971354 0.521296 0.05625 0.17963 0.00275248
0 0.995833 0.331944 0.00729167 0.0527778 0.00281004
9 0.577344 0.0319444 0.0151042 0.062037 0.00285758
2 0.813802 0.075 0.0192708 0.0203704 0.00328281
2 0.0520833 0.0657407 0.05 0.0314815 0.00329342
9 0.582292 0.0347222 0.0114583 0.0564815 0.0033066
1 0.0117188 0.365741 0.0234375 0.0462963 0.0035626
2 0.238802 0.139815 0.0203125 0.0444444 0.00359839
2 0.480469 0.110185 0.0598958 0.0555556 0.00416702
9 0.267448 0.1 0.00989583 0.0537037 0.00420759
9 0.99375 0.509722 0.0114583 0.158333 0.00434547
2 0.788021 0.0833333 0.0145833 0.0259259 0.00532835
12 0.994271 0.502315 0.0104167 0.14537 0.00661745
2 0.442708 0.0884259 0.0135417 0.0287037 0.00805101
2 0.271094 0.10787 0.0130208 0.0416667 0.00811395
9 0.570833 0.0314815 0.0125 0.0592593 0.00846358
0 0.758073 0.0717593 0.00989583 0.0453704 0.00876392
5 0.220833 0.0671296 0.0510417 0.0601852 0.00891621
0 0.442708 0.0967593 0.0166667 0.0472222 0.0090734
9 0.210417 0.0657407 0.0260417 0.0481481 0.00927623
2 0.0356771 0.0643518 0.0203125 0.0212963 0.0108455
2 0.785677 0.0912037 0.0130208 0.0212963 0.0119236
9 0.113542 0.025 0.0145833 0.0388889 0.0134942
7 0.220573 0.0643518 0.0505208 0.0657407 0.0135626
2 0.592969 0.127315 0.0161458 0.0212963 0.0182575
9 0.502865 0.759722 0.0119792 0.0546296 0.0185634
11 0.60599 0.0601852 0.00989583 0.0240741 0.0195046
9 0.3625 0.0699074 0.009375 0.0231481 0.0196681
0 0.635677 0.148148 0.00989583 0.05 0.0224934
1 0.00963542 0.394907 0.0192708 0.113889 0.0247526
2 0.635156 0.146759 0.0109375 0.0546296 0.0252032
9 0.442969 0.0875 0.0130208 0.0268519 0.0290099
9 0.269531 0.0375 0.0213542 0.0657407 0.033195
1 0.00442708 0.406481 0.00885417 0.0925926 0.0390824
2 0.316146 0.0967593 0.0375 0.0583333 0.0400248
9 0.567448 0.0486111 0.00885417 0.025 0.0779886
2 0.299479 0.106019 0.034375 0.0805556 0.0973464
7 0.298698 0.104167 0.0348958 0.0787037 0.136921
2 0.4625 0.111574 0.0135417 0.0416667 0.139264
2 0.627865 0.122222 0.0255208 0.0518519 0.232011
2 0.322135 0.0865741 0.0380208 0.0324074 0.252876
2 0.479167 0.109722 0.0260417 0.0453704 0.31343
7 0.507031 0.10463 0.0421875 0.062963 0.435302
2 0.507031 0.104167 0.0411458 0.062037 0.436422
2 0.31875 0.121296 0.05 0.0722222 0.680299
2 0.394271 0.108796 0.0302083 0.0435185 0.763598
11 0.729167 0.0435185 0.0260417 0.0555556 0.790157
10 0.204167 0.316204 0.015625 0.0712963 0.79829
2 0.729688 0.419444 0.121875 0.17037 0.900793
