2 0.657812 0.413889 0.439583 0.190741 0.00100258
2 0.530729 0.112037 0.0125 0.0425926 0.00104328
0 0.73099 0.372222 0.0265625 0.0277778 0.0010545
2 0.43151 0.0638889 0.00885417 0.0259259 0.00107502
9 0.3625 0.0444444 0.009375 0.0314815 0.00115181
2 0.00546875 0.0902778 0.0109375 0.0416667 0.00117112
2 0.771094 0.110648 0.0161458 0.0287037 0.00123975
9 0.219792 0.103704 0.0114583 0.0388889 0.00127425
12 0.701302 0.164352 0.0192708 0.037963 0.00128932
9 0.990885 0.518981 0.0171875 0.176852 0.00134219
2 0.398438 0.10463 0.25625 0.0833333 0.00141432
2 0.445573 0.115278 0.0234375 0.0231481 0.00142045
0 0.717708 0.372222 0.0270833 0.0277778 0.00145932
7 0.970312 0.529167 0.0583333 0.206481 0.00159782
2 0.291146 0.0694444 0.0104167 0.0148148 0.0017016
7 0.992188 0.519907 0.0145833 0.176852 0.00171384
0 0.75651 0.374537 0.0213542 0.0324074 0.00173939
2 0.814583 0.0773148 0.0166667 0.0194444 0.00180257
2 0.532031 0.183796 0.0130208 0.0194444 0.00181011
0 0.709115 0.373148 0.0192708 0.0277778 0.00185735
7 0.7875 0.0648148 0.0229167 0.0592593 0.00189438
9 0.18724 0.0819444 0.0078125 0.0268519 0.00192859
0 0.755729 0.0921296 0.015625 0.0787037 0.0019354
9 0.360417 0.0638889 0.009375 0.0222222 0.00193935
9 0.236719 0.0680556 0.0161458 0.0435185 0.00194742
7 0.276302 0.0550926 0.0380208 0.110185 0.00199485
2 0.0132813 0.387037 0.0265625 0.133333 0.00219125
9 0.263281 0.0912037 0.0078125 0.0435185 0.00222846
7 0.0578125 0.135648 0.107292 0.125 0.00223747
0 0.266667 0.0986111 0.0104167 0.0564815 0.00229211
58 0.967708 0.494444 0.028125 0.0907407 0.00245186
9 0.56875 0.0314815 0.0125 0.0574074 0.00245279
2 0.779167 0.101852 0.0333333 0.0518519 0.00254732
9 0.276042 0.0393519 0.0375 0.0768519 0.00265709
2 0.238542 0.140741 0.01875 0.0407407 0.00291077
2 0.561979 0.106019 0.217708 0.0694444 0.00351953
13 0.96224 0.554167 0.0401042 0.0398148 0.00384122
11 0.236719 0.0648148 0.0161458 0.037037 0.00384593
13 0.00442708 0.394444 0.00885417 0.111111 0.00428764
0 0.284635 0.0990741 0.0119792 0.0574074 0.0043332
12 0.691667 0.163889 0.009375 0.0388889 0.00445598
2 0.269271 0.110185 0.0114583 0.037037 0.00541473
12 0.993229 0.508796 0.0125 0.158333 0.00546502
1 0.00833333 0.355093 0.0166667 0.0787037 0.00571023
9 0.292188 0.0537037 0.00729167 0.0388889 0.00572942
13 0.970312 0.565278 0.0572917 0.0824074 0.00582963
9 0.214583 0.0675926 0.0385417 0.0518519 0.00590948
13 0.0140625 0.391204 0.028125 0.119444 0.00592228
13 0.0122396 0.365741 0.0244792 0.0518519 0.00628389
9 0.5 0.602778 0.015625 0.0444444 0.00662668
9 0.269271 0.0513889 0.0197917 0.0361111 0.0068902
13 0.992708 0.518056 0.0135417 0.173148 0.00717903
13 0.973958 0.518056 0.0510417 0.176852 0.0071868
0 0.755469 0.0726852 0.0119792 0.0435185 0.00724906
2 0.441667 0.0837963 0.0125 0.025 0.00725842
9 0.502344 0.760648 0.0130208 0.0601852 0.00836413
1 0.0143229 0.368519 0.0286458 0.0537037 0.00864061
2 0.285677 0.11713 0.0140625 0.0657407 0.0100102
9 0.20651 0.0680556 0.0182292 0.0398148 0.0101822
2 0.00390625 0.419444 0.0078125 0.062963 0.0104712
1 0.00989583 0.388889 0.0197917 0.125926 0.0107886
2 0.786198 0.0875 0.0161458 0.0231481 0.0110535
7 0.288802 0.106481 0.0296875 0.0814815 0.011521
2 0.29375 0.10463 0.0302083 0.0722222 0.0122959
9 0.26901 0.0180556 0.0213542 0.0324074 0.0154435
10 0.442187 0.087037 0.0125 0.0240741 0.0178581
2 0.44974 0.0703704 0.0171875 0.0296296 0.0258995
2 0.60625 0.0597222 0.0104167 0.0268519 0.0297907
9 0.219792 0.0893519 0.00833333 0.0157407 0.0350603
9 0.566667 0.0476852 0.00833333 0.0231481 0.0423203
0 0.635156 0.148611 0.00885417 0.0527778 0.0593982
9 0.222396 0.0578704 0.0114583 0.0342593 0.0790958
2 0.463281 0.111574 0.0151042 0.037963 0.108506
2 0.46901 0.0694444 0.0317708 0.0296296 0.203568
2 0.47526 0.102315 0.0338542 0.0583333 0.245051
2 0.321875 0.0851852 0.0375 0.0351852 0.291362
2 0.626823 0.119907 0.0255208 0.0509259 0.383579
10 0.204167 0.315741 0.015625 0.0703704 0.616322
2 0.504948 0.103704 0.0432292 0.0611111 0.627111
2 0.318229 0.121759 0.0510417 0.0694444 0.67968
11 0.728906 0.0416667 0.0276042 0.0537037 0.797443
7 0.488802 0.216667 0.0963542 0.140741 0.837891
2 0.729427 0.419444 0.123438 0.17037 0.91103
