9 0.560417 0.0490741 0.0229167 0.0314815 0.00100244
2 0.272917 0.115741 0.01875 0.0555556 0.0010369
2 0.00885417 0.383796 0.0177083 0.137963 0.00105103
0 0.567708 0.263426 0.0364583 0.0546296 0.00106079
7 0.970833 0.528704 0.0572917 0.2 0.00106625
0 0.295312 0.272685 0.059375 0.165741 0.00106765
9 0.469792 0.412037 0.0104167 0.0240741 0.00109784
12 0.963802 0.5 0.0203125 0.0777778 0.00113575
2 0.0541667 0.0694444 0.0447917 0.0240741 0.00117505
13 0.970833 0.524537 0.0572917 0.180556 0.00124069
7 0.789583 0.0648148 0.0270833 0.0611111 0.00124184
2 0.688542 0.167593 0.0145833 0.0407407 0.0012732
2 0.639583 0.126389 0.05 0.0564815 0.00128412
9 0.429688 0.0407407 0.00833333 0.0185185 0.00135028
9 0.267708 0.0625 0.01875 0.0824074 0.00153675
0 0.253906 0.131481 0.0130208 0.0518519 0.0015702
9 0.973698 0.516667 0.0515625 0.17037 0.00157317
2 0.291146 0.0699074 0.0125 0.0157407 0.00157927
2 0.520573 0.109722 0.289062 0.0694444 0.00158538
9 0.548437 0.0490741 0.0114583 0.0296296 0.00162528
2 0.814844 0.0851852 0.0161458 0.0259259 0.00163459
0 0.757552 0.375 0.0192708 0.0296296 0.00166434
2 0.776302 0.113889 0.0223958 0.0351852 0.00169062
1 0.0130208 0.387963 0.0260417 0.103704 0.00181298
9 0.261719 0.0574074 0.0161458 0.0481481 0.00187187
11 0.236719 0.0657407 0.0171875 0.0388889 0.00188133
9 0.214062 0.0634259 0.0364583 0.0546296 0.00194367
9 0.29349 0.0527778 0.00885417 0.0388889 0.00194741
9 0.995313 0.527778 0.00833333 0.0481481 0.00194991
0 0.174479 0.726852 0.189583 0.483333 0.00207306
1 0.810156 0.336111 0.0203125 0.1 0.00209612
2 0.785156 0.106019 0.0411458 0.0583333 0.0021721
2 0.642969 0.151852 0.0244792 0.0611111 0.00220157
9 0.415365 0.0101852 0.0151042 0.0203704 0.00221541
2 0.53125 0.111111 0.0125 0.0407407 0.00221881
9 0.557031 0.0236111 0.0255208 0.0453704 0.00234035
2 0.60625 0.0601852 0.009375 0.0240741 0.00239827
0 0.559896 0.264352 0.028125 0.037963 0.00240093
0 0.00859375 0.400926 0.0171875 0.103704 0.0024294
0 0.756771 0.0949074 0.015625 0.0824074 0.00247147
0 0.73099 0.372222 0.0296875 0.0296296 0.00255071
9 0.108333 0.0319444 0.0114583 0.0398148 0.00280675
9 0.454427 0.312963 0.0078125 0.0185185 0.00295733
2 0.79401 0.0865741 0.0328125 0.025 0.00303466
9 0.216667 0.0810185 0.0208333 0.0268519 0.00307915
7 0.220052 0.0671296 0.0505208 0.0546296 0.00318648
0 0.263542 0.113426 0.00833333 0.0435185 0.00327654
0 0.708594 0.373148 0.0171875 0.0277778 0.00461914
2 0.298177 0.108796 0.0796875 0.0805556 0.00479663
5 0.220313 0.0712963 0.0510417 0.0537037 0.00490811
9 0.572135 0.0314815 0.0151042 0.0592593 0.0054312
12 0.690104 0.166204 0.0125 0.0416667 0.00558845
0 0.717188 0.371296 0.0229167 0.0277778 0.00562312
12 0.980208 0.499537 0.0270833 0.125 0.00656642
2 0.34974 0.109722 0.0901042 0.0601852 0.0069759
2 0.66224 0.149537 0.0671875 0.0768519 0.00701332
9 0.989844 0.498611 0.0192708 0.123148 0.00704443
2 0.814323 0.0768519 0.0151042 0.0148148 0.00734912
9 0.113542 0.0263889 0.015625 0.0453704 0.00752388
2 0.270573 0.110185 0.0119792 0.037037 0.00761613
0 0.441927 0.0958333 0.0161458 0.0472222 0.0077021
2 0.449479 0.108796 0.13125 0.0546296 0.00783248
2 0.238281 0.141204 0.0182292 0.0398148 0.00857572
12 0.995052 0.490741 0.00885417 0.12037 0.00885682
0 0.00390625 0.398148 0.0078125 0.107407 0.0124392
2 0.363021 0.0712963 0.0104167 0.0240741 0.0137597
1 0.00364583 0.408796 0.00729167 0.0842593 0.0140022
9 0.502604 0.759259 0.0114583 0.0555556 0.0150588
2 0.592188 0.127778 0.0177083 0.0222222 0.0152378
2 0.00390625 0.408333 0.0078125 0.087037 0.0171527
9 0.206771 0.0694444 0.0208333 0.0425926 0.0190304
2 0.32526 0.102778 0.0484375 0.0611111 0.0193457
2 0.786979 0.0898148 0.0177083 0.0240741 0.0194212
9 0.442708 0.0865741 0.0125 0.0287037 0.0206854
2 0.442708 0.087037 0.0135417 0.0277778 0.0235319
9 0.567187 0.0486111 0.00833333 0.025 0.0310481
2 0.464063 0.112037 0.0177083 0.0407407 0.0326754
9 0.222135 0.0601852 0.0119792 0.037037 0.0353987
0 0.635417 0.150463 0.009375 0.0527778 0.0400585
7 0.296354 0.109722 0.0385417 0.0824074 0.0423207
2 0.291146 0.1125 0.0260417 0.075 0.069016
9 0.26901 0.0347222 0.0213542 0.0657407 0.138653
2 0.346875 0.116204 0.0145833 0.0342593 0.153905
2 0.321875 0.0851852 0.0375 0.0333333 0.248102
7 0.506771 0.104167 0.0427083 0.0638889 0.317679
2 0.627344 0.122222 0.0255208 0.05 0.502695
2 0.473958 0.109259 0.034375 0.0462963 0.508168
2 0.50625 0.103704 0.0427083 0.062963 0.517904
10 0.203646 0.316204 0.0166667 0.0712963 0.699282
2 0.31849 0.123148 0.0505208 0.0685185 0.758559
11 0.729167 0.0425926 0.0270833 0.0555556 0.764476
2 0.386719 0.0944444 0.0265625 0.0388889 0.806689
7 0.561979 0.296759 0.114583 0.202778 0.870915
2 0.729688 0.419444 0.123958 0.172222 0.91482
