0 0.750781 0.0981481 0.0296875 0.0944444 0.00102432
0 0.728646 0.371296 0.0364583 0.0314815 0.0010661
2 0.72526 0.55787 0.545313 0.397222 0.00112176
2 0.816667 0.232407 0.009375 0.0407407 0.00112696
2 0.605208 0.0587963 0.0104167 0.0268519 0.0011289
2 0.813802 0.0699074 0.0182292 0.0231481 0.00115412
0 0.579427 0.920833 0.0265625 0.152778 0.00120404
2 0.786719 0.0819444 0.0151042 0.0231481 0.00123773
7 0.786979 0.0606481 0.0239583 0.0638889 0.00136749
9 0.363021 0.0476852 0.0104167 0.0361111 0.00140017
9 0.995052 0.526389 0.00885417 0.0398148 0.00141742
9 0.569271 0.0310185 0.015625 0.0583333 0.00141778
11 0.236979 0.0666667 0.0166667 0.0407407 0.00153725
2 0.263281 0.105556 0.0078125 0.0444444 0.00154005
7 0.232812 0.0666667 0.0239583 0.05 0.0015802
12 0.701823 0.153704 0.0203125 0.0574074 0.00161513
9 0.211198 0.0634259 0.0276042 0.0490741 0.00162406
13 0.9625 0.553704 0.040625 0.0462963 0.0017297
9 0.276823 0.0467593 0.0338542 0.0490741 0.00174157
13 0.99401 0.518519 0.0109375 0.172222 0.00176306
9 0.502083 0.760185 0.0114583 0.0518519 0.00178557
0 0.756771 0.374074 0.01875 0.0314815 0.00184545
7 0.991146 0.517593 0.0166667 0.174074 0.00185522
2 0.0122396 0.367593 0.0244792 0.0518519 0.00185583
9 0.439063 0.202778 0.0125 0.0555556 0.00189882
0 0.572656 0.541204 0.0276042 0.037963 0.0020914
2 0.53125 0.106481 0.015625 0.0462963 0.00211241
2 0.541406 0.109259 0.327604 0.0722222 0.00214703
9 0.415104 0.0101852 0.015625 0.0203704 0.0022792
2 0.238281 0.138426 0.0192708 0.0435185 0.00236888
2 0.289062 0.0805556 0.028125 0.037037 0.00242349
2 0.295573 0.106019 0.0880208 0.0935185 0.00256528
2 0.270052 0.0532407 0.0182292 0.0398148 0.00256648
13 0.970573 0.569907 0.0578125 0.0824074 0.0025695
13 0.986198 0.517593 0.0265625 0.177778 0.00269999
9 0.548177 0.0532407 0.0109375 0.0212963 0.00273551
0 0.597917 0.559259 0.06875 0.05 0.00299322
13 0.970573 0.514815 0.0578125 0.17037 0.00305553
9 0.220313 0.0884259 0.009375 0.012037 0.00359856
9 0.994531 0.501852 0.00989583 0.148148 0.00402038
0 0.285156 0.118981 0.0151042 0.062037 0.00425304
2 0.376563 0.108796 0.179167 0.075 0.00426984
0 0.716406 0.371296 0.0244792 0.0277778 0.00428205
0 0.633333 0.561111 0.0489583 0.0555556 0.00441867
2 0.469531 0.107407 0.0765625 0.0574074 0.00463869
0 0.577344 0.556019 0.0390625 0.0509259 0.00518557
2 0.00859375 0.407407 0.0171875 0.0925926 0.00540271
7 0.970833 0.524074 0.0572917 0.198148 0.00559013
9 0.288021 0.0435185 0.0104167 0.0462963 0.00596877
0 0.269531 0.0990741 0.0130208 0.0555556 0.00620831
2 0.785937 0.0893519 0.015625 0.0175926 0.00671414
7 0.220052 0.0601852 0.0494792 0.0648148 0.00713104
9 0.269792 0.0472222 0.01875 0.0388889 0.00745971
5 0.220833 0.062963 0.0489583 0.0574074 0.00838596
0 0.282552 0.0962963 0.00885417 0.0462963 0.00865424
9 0.566406 0.0472222 0.00885417 0.0240741 0.00984384
1 0.00885417 0.403704 0.0177083 0.0944444 0.00997117
2 0.269792 0.108796 0.0125 0.037963 0.0100996
9 0.26875 0.0263889 0.0208333 0.0435185 0.0108782
2 0.634375 0.14537 0.0114583 0.0537037 0.0121794
2 0.363802 0.0699074 0.0119792 0.0231481 0.0127614
2 0.276042 0.108796 0.0229167 0.0472222 0.0132952
0 0.634896 0.146296 0.009375 0.0537037 0.0160068
2 0.295052 0.0740741 0.0182292 0.0203704 0.018838
0 0.75625 0.0916667 0.015625 0.0814815 0.0219239
0 0.3625 0.0703704 0.009375 0.0240741 0.0252127
2 0.00390625 0.411111 0.0078125 0.0796296 0.0327406
0 0.443229 0.0939815 0.0135417 0.0398148 0.0723024
2 0.460938 0.1125 0.0114583 0.0361111 0.0899813
2 0.297396 0.101852 0.021875 0.0555556 0.201447
2 0.467448 0.108796 0.0213542 0.0435185 0.221509
2 0.478906 0.108333 0.0223958 0.0444444 0.29027
2 0.627604 0.118981 0.025 0.0527778 0.301302
2 0.322396 0.0847222 0.0364583 0.0342593 0.33726
7 0.397656 0.0967593 0.0442708 0.0712963 0.360478
2 0.397656 0.0976852 0.0442708 0.0712963 0.441348
7 0.505469 0.102778 0.0421875 0.062963 0.442719
2 0.505469 0.102778 0.0421875 0.062963 0.463881
2 0.432813 0.109722 0.0322917 0.0435185 0.57095
11 0.728646 0.0407407 0.0270833 0.0518519 0.755335
10 0.204167 0.313889 0.015625 0.0703704 0.766881
2 0.317969 0.12037 0.0515625 0.0703704 0.779744
2 0.600781 0.620833 0.171354 0.263889 0.887475
2 0.729427 0.418056 0.123438 0.171296 0.913677
