12 0.689844 0.166204 0.0130208 0.0361111 0.0010704
2 0.264062 0.105556 0.009375 0.0481481 0.00111545
0 0.18776 0.111111 0.00677083 0.0444444 0.00112094
0 0.635417 0.150926 0.0114583 0.062963 0.00117429
9 0.26276 0.0435185 0.0171875 0.0574074 0.00126206
9 0.29349 0.0555556 0.00885417 0.0407407 0.00130296
2 0.775 0.120833 0.0208333 0.0416667 0.00133724
9 0.263021 0.087037 0.00833333 0.0351852 0.00143948
12 0.693229 0.163889 0.00729167 0.0388889 0.00145544
0 0.716667 0.372222 0.0229167 0.0259259 0.00164895
2 0.585156 0.426852 0.706771 0.183333 0.00167215
12 0.702344 0.130556 0.0223958 0.0666667 0.00172146
7 0.970312 0.52963 0.0583333 0.212963 0.00175757
13 0.961979 0.554167 0.0395833 0.0398148 0.00182345
2 0.298958 0.105556 0.108333 0.0851852 0.00192713
2 0.440365 0.106944 0.0140625 0.0509259 0.0019533
9 0.547917 0.0518519 0.0104167 0.0259259 0.00195589
2 0.27526 0.115278 0.0265625 0.0564815 0.00198822
0 0.457031 0.33287 0.719271 0.463889 0.00198894
2 0.639063 0.128704 0.05 0.062963 0.00199884
9 0.571094 0.0324074 0.0130208 0.0592593 0.00211177
2 0.200781 0.244444 0.0182292 0.012963 0.00218194
9 0.253385 0.0842593 0.0130208 0.037037 0.0022293
2 0.339323 0.0782407 0.0140625 0.0287037 0.00224211
13 0.99349 0.518056 0.0119792 0.171296 0.00231115
2 0.292448 0.0699074 0.00989583 0.0175926 0.00241458
12 0.974479 0.496296 0.040625 0.122222 0.00247221
1 0.0135417 0.370833 0.0270833 0.0527778 0.00251154
12 0.701823 0.164352 0.0192708 0.037963 0.00267547
58 0.96849 0.493519 0.0296875 0.0925926 0.00281748
2 0.813802 0.075 0.0182292 0.0185185 0.00294341
9 0.258073 0.0763889 0.0109375 0.0472222 0.0030443
0 0.266927 0.0986111 0.0109375 0.0546296 0.00315583
2 0.649479 0.148148 0.0375 0.0592593 0.00319636
9 0.110156 0.0282407 0.0140625 0.037963 0.00322908
11 0.605729 0.0597222 0.009375 0.0212963 0.00388838
2 0.448177 0.109722 0.358854 0.075 0.00431777
0 0.35651 0.244444 0.0192708 0.0259259 0.00434607
13 0.970573 0.534259 0.0578125 0.168519 0.00481645
2 0.592969 0.125926 0.0171875 0.0259259 0.00494731
2 0.372396 0.111111 0.169792 0.0703704 0.00500887
11 0.236979 0.0699074 0.0177083 0.0472222 0.00519139
2 0.309635 0.0824074 0.0213542 0.0351852 0.00551398
7 0.213802 0.0652778 0.0390625 0.0564815 0.00551443
12 0.994792 0.493519 0.009375 0.133333 0.00675957
2 0.490885 0.105093 0.0140625 0.0601852 0.00690366
1 0.009375 0.396759 0.01875 0.108333 0.00865351
2 0.238281 0.141204 0.0192708 0.0416667 0.00871379
0 0.757552 0.0935185 0.0151042 0.0814815 0.00884168
1 0.00416667 0.406944 0.00833333 0.0861111 0.00887158
5 0.219792 0.0652778 0.0510417 0.0601852 0.00956178
12 0.758073 0.0921296 0.0151042 0.0824074 0.00990446
9 0.206771 0.0675926 0.0197917 0.0444444 0.0102036
2 0.635417 0.147685 0.009375 0.0509259 0.0112374
9 0.114844 0.0231481 0.0119792 0.037037 0.0112598
1 0.0505208 0.161111 0.0677083 0.0796296 0.012229
0 0.285417 0.113889 0.0135417 0.0666667 0.0161133
9 0.269271 0.0361111 0.0208333 0.0611111 0.0161326
2 0.785417 0.087037 0.0145833 0.0240741 0.0178004
2 0.269792 0.111111 0.0125 0.0351852 0.0184432
2 0.297135 0.106481 0.0328125 0.0740741 0.0236974
2 0.290104 0.117593 0.021875 0.0592593 0.0288542
0 0.441667 0.102315 0.015625 0.0583333 0.0294706
0 0.36276 0.0689815 0.00989583 0.025 0.0299836
2 0.441927 0.0884259 0.0140625 0.025 0.0314314
9 0.502344 0.759259 0.0130208 0.0574074 0.0397401
9 0.567448 0.0481481 0.0078125 0.0240741 0.0407886
9 0.222656 0.0597222 0.0109375 0.0361111 0.102371
2 0.322135 0.087037 0.0369792 0.0351852 0.336674
2 0.465365 0.101852 0.0453125 0.0722222 0.499724
2 0.627604 0.121759 0.025 0.0509259 0.517763
2 0.507031 0.10463 0.0411458 0.062963 0.546363
2 0.31849 0.122222 0.0515625 0.0685185 0.769671
11 0.729427 0.0425926 0.0265625 0.0555556 0.79885
2 0.390625 0.102315 0.034375 0.0509259 0.8078
10 0.203906 0.315741 0.0171875 0.0722222 0.819198
2 0.374479 0.277315 0.102083 0.15463 0.894756
2 0.729688 0.419907 0.122917 0.171296 0.912834
