2 0.817187 0.234722 0.009375 0.0416667 0.0010023
7 0.790365 0.0625 0.0307292 0.0583333 0.00102061
0 0.727083 0.370833 0.03125 0.0287037 0.00106165
2 0.300781 0.130093 0.0265625 0.0583333 0.00109665
9 0.817187 0.234722 0.009375 0.0416667 0.00112533
13 0.961198 0.556019 0.0380208 0.0416667 0.00119427
0 0.2375 0.138426 0.0177083 0.0416667 0.00121205
0 0.361719 0.074537 0.0119792 0.025 0.00124465
5 0.221094 0.0925926 0.0536458 0.114815 0.00128266
9 0.995313 0.530093 0.00833333 0.0416667 0.00128728
9 0.363281 0.0699074 0.0130208 0.0231481 0.00131333
9 0.29401 0.0546296 0.00989583 0.0462963 0.00135351
9 0.548437 0.05 0.0125 0.0240741 0.00151698
9 0.253646 0.0861111 0.015625 0.0333333 0.00156131
9 0.3625 0.0467593 0.0104167 0.0342593 0.00168845
9 0.576302 0.0328704 0.0161458 0.062037 0.00180396
9 0.558854 0.0287037 0.0229167 0.0518519 0.00185127
9 0.440365 0.211111 0.0119792 0.0462963 0.00189712
11 0.2375 0.0685185 0.0166667 0.0444444 0.00205263
7 0.970573 0.519444 0.0578125 0.183333 0.00206053
9 0.439323 0.196759 0.0119792 0.0342593 0.00222097
7 0.989062 0.516667 0.0208333 0.181481 0.00239693
0 0.715885 0.37037 0.0255208 0.0277778 0.00247873
9 0.257812 0.0763889 0.0125 0.0416667 0.00252052
12 0.702083 0.1625 0.0229167 0.0398148 0.00263354
9 0.267188 0.0388889 0.0260417 0.0740741 0.00263483
12 0.702344 0.134259 0.0234375 0.0777778 0.00267184
9 0.992969 0.505093 0.0130208 0.143519 0.00270867
0 0.2625 0.104167 0.009375 0.0509259 0.00278747
9 0.583594 0.0435185 0.0119792 0.0388889 0.00284887
1 0.0143229 0.394907 0.0286458 0.110185 0.00285155
2 0.552865 0.108796 0.213021 0.0657407 0.00292204
7 0.284375 0.0768519 0.0416667 0.144444 0.00295916
2 0.647396 0.148148 0.034375 0.0592593 0.00311832
9 0.415625 0.00925926 0.015625 0.0185185 0.0031595
2 0.364844 0.1125 0.129688 0.0601852 0.00334009
12 0.69375 0.162963 0.00729167 0.0388889 0.0035711
2 0.431771 0.109722 0.0697917 0.0472222 0.0037913
2 0.584115 0.127315 0.0359375 0.0305556 0.00408566
9 0.266406 0.0958333 0.00989583 0.0472222 0.00409934
1 0.00755208 0.368519 0.0151042 0.062963 0.00411506
9 0.5625 0.050463 0.01875 0.0268519 0.00422214
1 0.00390625 0.40787 0.0078125 0.0916667 0.00471543
2 0.480729 0.0875 0.0239583 0.0324074 0.00511124
12 0.99401 0.502315 0.0109375 0.139815 0.00535752
7 0.220573 0.0592593 0.0505208 0.0703704 0.00536118
9 0.2625 0.0851852 0.00729167 0.0314815 0.00552613
9 0.269271 0.0490741 0.0208333 0.0388889 0.00569774
2 0.346354 0.110185 0.0135417 0.037037 0.00615557
0 0.75651 0.0884259 0.0140625 0.0694444 0.00684018
2 0.782031 0.101389 0.0338542 0.0490741 0.00713322
0 0.282031 0.0875 0.0078125 0.025 0.00748727
2 0.270833 0.111111 0.0125 0.0351852 0.00825742
7 0.314583 0.112963 0.0572917 0.0703704 0.00902008
0 0.995573 0.329167 0.0078125 0.0509259 0.0104681
9 0.49974 0.603241 0.0140625 0.037963 0.0109494
9 0.210677 0.0666667 0.0296875 0.0481481 0.0120451
11 0.60651 0.0601852 0.00989583 0.0240741 0.0151731
2 0.238542 0.141204 0.0177083 0.0398148 0.0171555
9 0.56875 0.0319444 0.0125 0.0583333 0.0172067
9 0.502083 0.760185 0.0125 0.0555556 0.0182578
0 0.442187 0.0842593 0.0114583 0.0388889 0.0190874
9 0.269271 0.0212963 0.021875 0.037037 0.0198902
2 0.786458 0.0898148 0.0177083 0.0240741 0.0274914
2 0.4875 0.108333 0.015625 0.0481481 0.0284816
0 0.635417 0.148148 0.009375 0.0518519 0.0296937
5 0.217448 0.0648148 0.0432292 0.0555556 0.0344494
2 0.592448 0.127778 0.0182292 0.0222222 0.0408054
2 0.635156 0.145833 0.0109375 0.0527778 0.0469155
2 0.459115 0.115278 0.0151042 0.0324074 0.156334
9 0.567448 0.0486111 0.00885417 0.025 0.161226
2 0.322656 0.087037 0.0380208 0.037037 0.178555
7 0.298958 0.109722 0.040625 0.087963 0.192626
7 0.461719 0.0717593 0.0515625 0.0361111 0.241852
2 0.627604 0.122222 0.025 0.0518519 0.287862
2 0.472396 0.111574 0.03125 0.0416667 0.293599
2 0.505729 0.10463 0.0427083 0.062963 0.547759
2 0.31849 0.121759 0.0505208 0.0712963 0.574578
2 0.363281 0.113889 0.0265625 0.037037 0.682826
2 0.38151 0.117593 0.0223958 0.0296296 0.722947
10 0.203906 0.316204 0.0161458 0.0712963 0.749838
2 0.428646 0.112963 0.03125 0.0351852 0.773433
11 0.728906 0.0430556 0.0265625 0.0583333 0.790212
2 0.729688 0.419444 0.122917 0.17037 0.894567
