9 0.593229 0.0412037 0.0104167 0.0361111 0.00104111
9 0.548177 0.0513889 0.0119792 0.0287037 0.0010579
58 0.95625 0.314815 0.0875 0.392593 0.00106182
2 0.0546875 0.0699074 0.0458333 0.0268519 0.00110833
2 0.77474 0.117593 0.0192708 0.0333333 0.00118969
9 0.254687 0.0865741 0.015625 0.0398148 0.0012131
2 0.646094 0.152315 0.0286458 0.062037 0.00131169
10 0.774219 0.123611 0.0182292 0.0453704 0.0013475
7 0.795313 0.0625 0.0385417 0.0564815 0.00135084
2 0.463281 0.112963 0.0161458 0.0425926 0.00136224
9 0.415885 0.00925926 0.0151042 0.0185185 0.00136748
7 0.970312 0.529167 0.0583333 0.199074 0.00143886
9 0.989844 0.52037 0.0192708 0.17037 0.00146066
58 0.963281 0.260185 0.0723958 0.207407 0.00151779
9 0.768229 0.0189815 0.015625 0.0361111 0.00158285
9 0.552604 0.0449074 0.0135417 0.0342593 0.00158802
9 0.438281 0.191667 0.0130208 0.0351852 0.0016082
2 0.409896 0.110648 0.309375 0.0824074 0.00161513
7 0.99375 0.518056 0.0114583 0.169444 0.00163722
13 0.970573 0.528241 0.0578125 0.189815 0.00165205
12 0.691927 0.161574 0.00989583 0.0416667 0.00166319
9 0.558854 0.0310185 0.0239583 0.0583333 0.00177073
2 0.797396 0.0625 0.0416667 0.0546296 0.0018339
12 0.98776 0.502315 0.0234375 0.134259 0.00187606
12 0.701563 0.1625 0.0208333 0.0398148 0.00192722
2 0.582812 0.109259 0.260417 0.0666667 0.00194424
0 0.730469 0.370833 0.0390625 0.0324074 0.00194939
9 0.565365 0.0416667 0.0109375 0.0388889 0.00219068
9 0.257031 0.0759259 0.0109375 0.0462963 0.0022739
2 0.238802 0.136574 0.0203125 0.0509259 0.00227702
5 0.204948 0.0675926 0.0338542 0.05 0.00238855
2 0.298177 0.106019 0.0807292 0.0898148 0.00244721
2 0.363802 0.0685185 0.0109375 0.0222222 0.00261571
0 0.757292 0.375926 0.0177083 0.0277778 0.0026434
9 0.26276 0.0902778 0.00885417 0.0416667 0.00268638
11 0.234115 0.0694444 0.0234375 0.0481481 0.00295814
0 0.758333 0.0726852 0.009375 0.0435185 0.00296231
32 0.454688 0.315278 0.00729167 0.0138889 0.00299307
2 0.591927 0.129167 0.0182292 0.0212963 0.00300389
1 0.00364583 0.407407 0.00729167 0.0888889 0.00321095
11 0.240625 0.0337963 0.021875 0.0638889 0.00324844
2 0.794792 0.0787037 0.03125 0.0277778 0.00336519
2 0.642708 0.125 0.0552083 0.0611111 0.00350146
11 0.219531 0.0662037 0.0546875 0.0583333 0.00377945
0 0.75625 0.0888889 0.0145833 0.0759259 0.00379079
1 0.810677 0.339815 0.0203125 0.0907407 0.00379431
2 0.479948 0.108796 0.0619792 0.0583333 0.00382088
9 0.994531 0.505093 0.00989583 0.14537 0.00408981
9 0.216406 0.0532407 0.0276042 0.0416667 0.00445311
12 0.702344 0.136574 0.0234375 0.0768519 0.00450791
2 0.634896 0.143056 0.0114583 0.0490741 0.00463169
9 0.207031 0.0689815 0.0234375 0.0416667 0.00515671
2 0.442708 0.087037 0.0135417 0.0277778 0.00516573
2 0.664062 0.156019 0.0645833 0.0675926 0.00535068
0 0.635677 0.149074 0.00885417 0.05 0.00579038
12 0.995052 0.500463 0.00885417 0.136111 0.00583671
2 0.791146 0.0884259 0.01875 0.0175926 0.0063299
0 0.263021 0.102778 0.009375 0.0537037 0.00650651
2 0.8125 0.0736111 0.0197917 0.0194444 0.00676659
10 0.443229 0.0865741 0.0135417 0.0268519 0.0072507
9 0.501042 0.602778 0.015625 0.0407407 0.00761512
2 0.785937 0.0907407 0.015625 0.0185185 0.00770234
2 0.271094 0.109259 0.0130208 0.0407407 0.00800344
11 0.60599 0.0611111 0.00989583 0.0240741 0.00837261
9 0.36224 0.0689815 0.00885417 0.0231481 0.0084082
0 0.44349 0.1 0.0171875 0.0518519 0.0109832
0 0.713281 0.371759 0.0203125 0.025 0.0120381
9 0.567708 0.0486111 0.00833333 0.025 0.0162297
9 0.26901 0.0337963 0.0213542 0.0657407 0.0518251
9 0.502865 0.761574 0.0109375 0.0527778 0.0572918
5 0.219531 0.0666667 0.0526042 0.0574074 0.0584868
2 0.298177 0.108333 0.0380208 0.087037 0.16045
2 0.627865 0.121759 0.0244792 0.0527778 0.315513
2 0.322656 0.087037 0.0380208 0.037037 0.343009
2 0.473958 0.110185 0.034375 0.0444444 0.565837
2 0.50599 0.10463 0.0432292 0.062963 0.596102
2 0.319271 0.122222 0.0489583 0.0685185 0.741971
10 0.204167 0.316667 0.0166667 0.0703704 0.762619
11 0.729948 0.0435185 0.0265625 0.0574074 0.772266
2 0.729948 0.419907 0.122396 0.171296 0.912311
