12 0.701823 0.131019 0.0223958 0.0675926 0.00106773
2 0.815365 0.0685185 0.0151042 0.012963 0.00113415
9 0.18776 0.0847222 0.00677083 0.0305556 0.00113632
7 0.220833 0.0527778 0.0552083 0.0907407 0.00116324
2 0.809896 0.0708333 0.0166667 0.0175926 0.00117003
9 0.260156 0.075463 0.0130208 0.0472222 0.0011718
1 0.0257812 0.175 0.0380208 0.05 0.00122148
9 0.263542 0.0884259 0.00833333 0.0398148 0.00123242
2 0.775521 0.120833 0.0208333 0.0416667 0.00128232
9 0.190365 0.0925926 0.00989583 0.0277778 0.00129449
9 0.569531 0.0324074 0.0140625 0.0592593 0.00133612
1 0.0752604 0.15787 0.0505208 0.0694444 0.00134179
2 0.639063 0.129167 0.0489583 0.062037 0.00136383
13 0.96224 0.55463 0.0401042 0.0407407 0.00141611
1 0.0122396 0.348148 0.0244792 0.103704 0.00143859
2 0.264583 0.108333 0.009375 0.0425926 0.0014591
0 0.716406 0.371759 0.0234375 0.0268519 0.00176209
12 0.976823 0.496759 0.0432292 0.130556 0.00176214
2 0.579427 0.425 0.672396 0.185185 0.00181918
58 0.96849 0.492593 0.0296875 0.0907407 0.00195085
9 0.547917 0.0518519 0.0104167 0.0259259 0.00200415
9 0.217448 0.0787037 0.0171875 0.0333333 0.00202812
0 0.463802 0.333333 0.718229 0.335185 0.00213216
2 0.200521 0.243981 0.01875 0.0157407 0.00222348
12 0.702083 0.164352 0.0197917 0.037963 0.00227569
2 0.296094 0.106944 0.0963542 0.0861111 0.00233801
2 0.438021 0.106944 0.015625 0.0509259 0.00238781
13 0.99349 0.517593 0.0119792 0.174074 0.00257474
7 0.970573 0.526389 0.0578125 0.210185 0.00277987
9 0.292969 0.0671296 0.00989583 0.025 0.00288933
0 0.267448 0.0986111 0.0109375 0.0546296 0.00296261
0 0.1875 0.108796 0.00729167 0.0490741 0.00299554
0 0.757031 0.0916667 0.0140625 0.0796296 0.00330642
1 0.0130208 0.368981 0.0260417 0.0472222 0.00357347
2 0.647917 0.146759 0.0364583 0.0601852 0.00372718
7 0.211719 0.0643518 0.0348958 0.0564815 0.00383671
2 0.278646 0.116667 0.03125 0.05 0.00390547
2 0.814062 0.0759259 0.0177083 0.0166667 0.00394822
9 0.110156 0.0273148 0.0130208 0.0361111 0.00399371
2 0.439583 0.108333 0.291667 0.0722222 0.00405116
12 0.691927 0.164352 0.00885417 0.037963 0.00413516
2 0.328385 0.105556 0.0338542 0.0462963 0.00419758
2 0.311458 0.0828704 0.025 0.0361111 0.00425573
11 0.23724 0.0694444 0.0161458 0.0444444 0.0045079
12 0.994531 0.493981 0.00989583 0.132407 0.00482546
0 0.363281 0.0671296 0.0119792 0.025 0.00499336
5 0.213021 0.062963 0.0364583 0.0574074 0.00502611
0 0.357292 0.249074 0.0197917 0.0259259 0.00505715
0 0.371615 0.247685 0.0317708 0.0324074 0.00523891
13 0.970573 0.522685 0.0578125 0.189815 0.00632742
9 0.206771 0.0680556 0.0208333 0.0435185 0.0070207
9 0.115104 0.0236111 0.0125 0.0361111 0.00718268
1 0.00416667 0.407407 0.00833333 0.0851852 0.00733318
2 0.360938 0.109259 0.0989583 0.0666667 0.00781284
7 0.296354 0.108333 0.0322917 0.0777778 0.00900348
2 0.238542 0.141204 0.01875 0.0398148 0.00975726
9 0.502604 0.758333 0.0125 0.0592593 0.0110441
2 0.592708 0.126852 0.0166667 0.0222222 0.0117088
11 0.605729 0.0597222 0.009375 0.0212963 0.0125388
9 0.269531 0.0342593 0.0203125 0.0574074 0.0134078
0 0.383594 0.248148 0.0276042 0.0351852 0.0139198
0 0.284115 0.108796 0.0109375 0.0583333 0.0149525
1 0.00989583 0.396759 0.0197917 0.108333 0.0156442
2 0.785417 0.087963 0.0135417 0.0240741 0.016845
2 0.635156 0.145833 0.0109375 0.0564815 0.0193467
0 0.635417 0.147685 0.009375 0.0509259 0.020061
1 0.0513021 0.161574 0.0682292 0.0787037 0.02271
2 0.36276 0.0699074 0.00989583 0.0268519 0.0230486
2 0.296094 0.108796 0.0307292 0.0731481 0.0254761
2 0.270312 0.112037 0.0135417 0.0333333 0.0325917
9 0.567448 0.0476852 0.0078125 0.0231481 0.0402044
2 0.442187 0.0884259 0.0135417 0.025 0.0402775
2 0.289844 0.120833 0.0203125 0.0564815 0.0540962
9 0.222917 0.0597222 0.0114583 0.037963 0.104958
2 0.322396 0.087037 0.0375 0.0351852 0.298545
2 0.463542 0.101852 0.04375 0.0703704 0.360065
2 0.627604 0.121759 0.025 0.0509259 0.412311
7 0.463802 0.100926 0.0432292 0.0703704 0.457774
2 0.50625 0.10463 0.0427083 0.062963 0.521724
2 0.31849 0.122222 0.0505208 0.0685185 0.765265
2 0.388281 0.0981481 0.0328125 0.0481481 0.770585
10 0.203646 0.315741 0.0166667 0.0722222 0.803878
2 0.377344 0.288889 0.105729 0.162963 0.812769
11 0.729427 0.0430556 0.0265625 0.0546296 0.815358
2 0.729688 0.42037 0.122917 0.17037 0.91151
