0 0.757292 0.375 0.0197917 0.0314815 0.00100489
9 0.469271 0.411574 0.0104167 0.0268519 0.00102401
7 0.220313 0.0587963 0.053125 0.0842593 0.00103156
2 0.439063 0.0962963 0.05625 0.0814815 0.00104993
0 0.263281 0.108796 0.0078125 0.0416667 0.00106303
9 0.976042 0.518519 0.046875 0.175926 0.00111283
9 0.547917 0.0273148 0.0104167 0.0324074 0.001122
1 0.811198 0.335648 0.0192708 0.102778 0.00116384
2 0.782812 0.106019 0.0385417 0.0657407 0.00119956
9 0.560417 0.0282407 0.0239583 0.0546296 0.00121388
2 0.513281 0.109722 0.332812 0.075 0.00122813
2 0.238542 0.141204 0.01875 0.0398148 0.00131765
9 0.286198 0.0467593 0.0130208 0.0527778 0.00133387
0 0.599219 0.213889 0.0223958 0.037037 0.00140219
2 0.277083 0.115741 0.0291667 0.0574074 0.00145433
9 0.263542 0.0851852 0.00833333 0.0314815 0.00146868
9 0.50026 0.602778 0.0151042 0.0388889 0.00147756
7 0.439844 0.0652778 0.0390625 0.0472222 0.0015166
2 0.00364583 0.413889 0.00729167 0.0722222 0.00161532
9 0.21276 0.0555556 0.0338542 0.0537037 0.00167283
9 0.576302 0.0333333 0.0130208 0.0648148 0.00167287
0 0.732292 0.372685 0.0302083 0.0305556 0.00169152
7 0.789323 0.0657407 0.0265625 0.062963 0.00172768
9 0.292708 0.0537037 0.00833333 0.0425926 0.00179014
2 0.298698 0.130556 0.0203125 0.0574074 0.001827
9 0.26849 0.0976852 0.0119792 0.0509259 0.00198901
2 0.592708 0.128704 0.021875 0.0296296 0.00200273
12 0.966927 0.504167 0.0265625 0.0768519 0.00200621
7 0.208854 0.0666667 0.0291667 0.0518519 0.0020795
9 0.547917 0.0490741 0.0104167 0.0259259 0.00218694
0 0.361979 0.0800926 0.0114583 0.0268519 0.00226693
2 0.36901 0.110648 0.163021 0.0657407 0.00234322
2 0.654948 0.137037 0.0807292 0.0796296 0.00252089
2 0.363542 0.0675926 0.0114583 0.0222222 0.00261546
12 0.692187 0.165278 0.00833333 0.037963 0.00279395
0 0.286458 0.111111 0.0166667 0.0740741 0.00281273
2 0.461979 0.107407 0.195833 0.0574074 0.0028168
5 0.219271 0.0717593 0.0520833 0.0564815 0.00288408
9 0.768229 0.0166667 0.0145833 0.0314815 0.00296272
0 0.641146 0.206481 0.0104167 0.0351852 0.00315298
0 0.607552 0.206944 0.0234375 0.0305556 0.00335754
12 0.986198 0.494907 0.0223958 0.121296 0.00355701
1 0.0046875 0.3875 0.009375 0.121296 0.00376204
9 0.271615 0.0398148 0.0265625 0.0722222 0.00387377
9 0.994792 0.494444 0.009375 0.125926 0.00403671
2 0.605729 0.0597222 0.0104167 0.0268519 0.00422359
13 0.00416667 0.398611 0.00833333 0.100926 0.00452091
9 0.292969 0.0689815 0.00885417 0.0157407 0.00456825
0 0.670052 0.187963 0.0119792 0.05 0.00504882
2 0.670833 0.186111 0.0114583 0.0462963 0.00505677
13 0.0138021 0.393519 0.0276042 0.114815 0.0052366
9 0.113281 0.024537 0.0140625 0.037963 0.00526155
7 0.970833 0.528704 0.0572917 0.205556 0.00553049
2 0.53099 0.110648 0.0130208 0.0416667 0.00615388
11 0.2375 0.0685185 0.015625 0.0425926 0.00638935
0 0.709375 0.373611 0.0197917 0.025 0.00643072
12 0.974219 0.496759 0.0369792 0.123148 0.00644325
12 0.995052 0.491204 0.00885417 0.125 0.00666321
9 0.219792 0.0875 0.00833333 0.0157407 0.00671095
9 0.207031 0.0694444 0.0213542 0.0425926 0.00728816
9 0.570573 0.0310185 0.0171875 0.0601852 0.00731673
0 0.716406 0.372222 0.0223958 0.0259259 0.00734881
2 0.270052 0.111574 0.0130208 0.0342593 0.00875607
2 0.447135 0.106481 0.0276042 0.0425926 0.00888628
2 0.452083 0.0824074 0.0166667 0.0240741 0.00890144
2 0.789323 0.0875 0.0192708 0.0268519 0.00954329
9 0.502604 0.758796 0.0114583 0.0564815 0.0104171
9 0.565625 0.0425926 0.0104167 0.0388889 0.0119478
2 0.342969 0.0898148 0.0119792 0.0296296 0.0141073
9 0.270312 0.049537 0.0197917 0.0398148 0.0148339
0 0.757031 0.0925926 0.0140625 0.0814815 0.0159228
9 0.222396 0.0583333 0.0125 0.0388889 0.0166489
7 0.293229 0.110185 0.028125 0.0759259 0.0205069
2 0.461719 0.1125 0.0130208 0.0361111 0.0363928
0 0.441667 0.0819444 0.0135417 0.025 0.0424589
2 0.289583 0.116204 0.021875 0.0657407 0.0462612
2 0.34974 0.113889 0.0171875 0.0351852 0.0570495
7 0.322135 0.087037 0.0421875 0.037037 0.064489
9 0.567187 0.0481481 0.00833333 0.0240741 0.0739686
2 0.322396 0.0851852 0.0375 0.0333333 0.165914
2 0.627083 0.122685 0.0260417 0.0527778 0.379141
2 0.476042 0.109259 0.0322917 0.0444444 0.394308
2 0.440104 0.0703704 0.0364583 0.037037 0.472705
2 0.505729 0.103704 0.04375 0.062963 0.555069
2 0.317708 0.122685 0.0510417 0.0694444 0.567656
10 0.204167 0.315741 0.015625 0.0703704 0.733811
2 0.36224 0.113426 0.0296875 0.0361111 0.739061
11 0.728906 0.0430556 0.0276042 0.0564815 0.775246
7 0.616927 0.234259 0.110937 0.164815 0.838056
2 0.729948 0.42037 0.122396 0.172222 0.91495
