7 0.147396 0.0893519 0.0677083 0.0787037 0.0010075
0 0.730208 0.373148 0.0270833 0.0296296 0.00102484
2 0.65625 0.1375 0.0802083 0.0824074 0.00103745
12 0.701302 0.164815 0.0192708 0.0388889 0.00105008
7 0.473698 0.0972222 0.0567708 0.0703704 0.00106157
12 0.693229 0.163426 0.00729167 0.0416667 0.00109074
2 0.277083 0.113426 0.028125 0.0564815 0.00110168
0 0.361979 0.0694444 0.009375 0.0259259 0.00112085
1 0.642187 0.351389 0.166667 0.0972222 0.00113717
2 0.673958 0.418981 0.277083 0.213889 0.00115013
0 0.817187 0.235648 0.00833333 0.0361111 0.00117059
0 0.529688 0.112037 0.0114583 0.0444444 0.00121076
12 0.701823 0.141204 0.0223958 0.0842593 0.00128404
2 0.788281 0.0819444 0.0203125 0.0287037 0.00128557
2 0.408333 0.75787 0.028125 0.0898148 0.00129218
0 0.0802083 0.113889 0.0125 0.0425926 0.00133397
9 0.583073 0.0375 0.0130208 0.0527778 0.00137004
0 0.379687 0.649537 0.604167 0.689815 0.00138631
3 0.00520833 0.450926 0.0104167 0.216667 0.00140519
0 0.201042 0.3125 0.0177083 0.062037 0.00140798
0 0.101823 0.701852 0.0255208 0.0722222 0.001447
1 0.0466146 0.156944 0.0828125 0.0842593 0.00147782
11 0.236719 0.0685185 0.0171875 0.0444444 0.00148363
9 0.49974 0.600926 0.0151042 0.0425926 0.00150135
9 0.439063 0.203241 0.0125 0.0472222 0.00152479
2 0.59375 0.118519 0.0166667 0.0351852 0.00159081
7 0.219792 0.0921296 0.053125 0.125 0.00159264
0 0.253646 0.767593 0.0510417 0.0648148 0.00161364
9 0.244271 0.0861111 0.00729167 0.0388889 0.00176007
9 0.263021 0.0467593 0.0166667 0.0472222 0.00176781
1 0.0179687 0.37037 0.0348958 0.0518519 0.00177619
7 0.27526 0.0699074 0.0390625 0.136111 0.0018622
0 0.429948 0.256019 0.435937 0.393519 0.00189669
0 0.377604 0.37963 0.516667 0.209259 0.00199473
2 0.363542 0.0666667 0.0114583 0.0203704 0.00203418
0 0.00989583 0.3625 0.0197917 0.136111 0.00207493
1 0.0234375 0.393981 0.046875 0.110185 0.00222705
9 0.236719 0.0657407 0.0161458 0.0388889 0.0023436
2 0.290365 0.0717593 0.0130208 0.0157407 0.00235901
2 0.38125 0.109722 0.189583 0.0805556 0.00242968
9 0.275521 0.0435185 0.0375 0.0851852 0.00244234
58 0.96875 0.493519 0.03125 0.0888889 0.00245091
9 0.291927 0.0527778 0.0078125 0.0425926 0.00249824
0 0.44401 0.472222 0.610937 0.348148 0.00253934
2 0.553646 0.106944 0.171875 0.0601852 0.00278094
13 0.991667 0.516667 0.015625 0.174074 0.00331231
2 0.409115 0.108796 0.105729 0.0601852 0.00359128
9 0.573438 0.0310185 0.015625 0.0583333 0.00368664
1 0.581771 0.312037 0.0270833 0.0907407 0.00389331
9 0.263281 0.0902778 0.0078125 0.0435185 0.00401013
0 0.322656 0.756944 0.0453125 0.0731481 0.00414572
0 0.716406 0.372685 0.0234375 0.0268519 0.00432125
9 0.502344 0.759722 0.0130208 0.0564815 0.00438463
32 0.453906 0.313889 0.00885417 0.0148148 0.00443977
0 0.267708 0.0986111 0.0114583 0.0564815 0.00453282
2 0.238281 0.140741 0.0182292 0.0425926 0.00477161
0 0.0536458 0.106481 0.0104167 0.0407407 0.00496832
13 0.970833 0.525463 0.0572917 0.187963 0.00510857
2 0.784896 0.0884259 0.0145833 0.0231481 0.00515209
9 0.219531 0.0796296 0.0161458 0.0333333 0.0055137
24 0.573958 0.260185 0.0270833 0.0685185 0.00576625
7 0.788021 0.0634259 0.0260417 0.0675926 0.00600859
2 0.485417 0.106944 0.0520833 0.0509259 0.00714103
9 0.209375 0.0689815 0.0270833 0.0435185 0.00720276
0 0.2125 0.322685 0.0364583 0.0601852 0.00741654
9 0.991146 0.512963 0.0166667 0.166667 0.00784948
5 0.220833 0.0643518 0.0489583 0.0601852 0.00790999
1 0.0109375 0.356481 0.021875 0.062963 0.00997576
7 0.970573 0.527778 0.0578125 0.205556 0.0101199
7 0.220052 0.0675926 0.0505208 0.0592593 0.0102086
2 0.60599 0.0601852 0.00989583 0.0259259 0.0104008
2 0.270052 0.110185 0.0130208 0.037037 0.0122547
2 0.290885 0.116204 0.0223958 0.0657407 0.012516
0 0.286198 0.114352 0.0151042 0.0657407 0.0139798
0 0.75651 0.087963 0.0140625 0.0796296 0.015483
7 0.296354 0.105093 0.034375 0.0787037 0.0166359
9 0.26875 0.0347222 0.021875 0.0657407 0.0176319
0 0.345573 0.760648 0.0505208 0.075 0.0176926
0 0.201823 0.297685 0.0140625 0.0361111 0.0179049
9 0.566927 0.0476852 0.0078125 0.0231481 0.0183358
0 0.635156 0.149537 0.00885417 0.0527778 0.0200226
2 0.297135 0.102778 0.0328125 0.0703704 0.0254501
2 0.441667 0.0898148 0.0135417 0.0314815 0.0300421
0 0.23776 0.766204 0.0348958 0.0731481 0.0313323
3 0.00572917 0.405556 0.0114583 0.0888889 0.0429348
3 0.0130208 0.398611 0.0260417 0.10463 0.0601674
2 0.483594 0.110185 0.0192708 0.0444444 0.0624649
2 0.50599 0.101852 0.0421875 0.0666667 0.103258
7 0.485677 0.0708333 0.0286458 0.0361111 0.147821
2 0.46276 0.111574 0.0130208 0.037963 0.179275
1 0.0106771 0.39537 0.0213542 0.107407 0.197661
2 0.321615 0.0851852 0.0369792 0.0333333 0.277474
2 0.484375 0.0708333 0.0260417 0.0361111 0.288454
2 0.472396 0.110185 0.0302083 0.0407407 0.362981
2 0.627083 0.121296 0.0260417 0.05 0.457305
1 0.575781 0.342593 0.0223958 0.0814815 0.476995
7 0.50599 0.101852 0.0411458 0.0666667 0.484771
2 0.421094 0.10463 0.0369792 0.0518519 0.632853
2 0.318229 0.121296 0.0510417 0.0703704 0.667406
11 0.728646 0.0425926 0.0270833 0.0537037 0.723933
0 0.577344 0.292593 0.0348958 0.146296 0.825008
2 0.300521 0.827778 0.253125 0.333333 0.829148
0 0.213542 0.353241 0.0395833 0.119444 0.829306
1 0.213021 0.39537 0.0416667 0.087037 0.860435
2 0.729688 0.420833 0.122917 0.169444 0.907948
