7 0.989323 0.519907 0.0203125 0.182407 0.00101057
0 0.757552 0.374537 0.0203125 0.0324074 0.00107163
2 0.275781 0.108796 0.0244792 0.0638889 0.00107494
9 0.271615 0.0328704 0.0276042 0.0638889 0.00109908
9 0.23724 0.0689815 0.0140625 0.0435185 0.00113677
13 0.0119792 0.395833 0.0239583 0.106481 0.00116315
2 0.652865 0.137963 0.0776042 0.0814815 0.00116788
2 0.794531 0.0925926 0.0453125 0.0462963 0.00117713
7 0.788281 0.0634259 0.0244792 0.0601852 0.00121265
2 0.813542 0.0768519 0.0177083 0.0222222 0.00121583
10 0.195573 0.294444 0.0338542 0.116667 0.00121827
11 0.253646 0.0865741 0.0166667 0.0398148 0.00127449
2 0.202083 0.10787 0.0260417 0.0435185 0.00130017
2 0.291146 0.101389 0.0729167 0.0953704 0.00138706
2 0.467448 0.0185185 0.0203125 0.0203704 0.00141982
2 0.263542 0.0986111 0.0104167 0.0583333 0.00146794
12 0.701823 0.164815 0.0203125 0.0388889 0.00147789
9 0.547917 0.0523148 0.0104167 0.0231481 0.00154114
2 0.376563 0.103241 0.172917 0.0805556 0.00157672
1 0.810938 0.33287 0.0177083 0.0805556 0.00163888
11 0.221615 0.075 0.0473958 0.0592593 0.00167167
0 0.817187 0.235185 0.00833333 0.0351852 0.00167445
32 0.453906 0.313426 0.00885417 0.0138889 0.00167996
2 0.771094 0.109259 0.0161458 0.0259259 0.00170257
7 0.215104 0.0657407 0.040625 0.0814815 0.00176824
9 0.5 0.601389 0.015625 0.0398148 0.00184761
58 0.968229 0.495833 0.0302083 0.0861111 0.00187738
0 0.263281 0.0925926 0.00885417 0.05 0.00189545
13 0.970573 0.523148 0.0578125 0.188889 0.00204596
13 0.99375 0.518981 0.0114583 0.173148 0.00225838
1 0.0046875 0.398148 0.009375 0.105556 0.00226929
13 0.00416667 0.401852 0.00833333 0.0981481 0.00229646
9 0.99375 0.500463 0.0114583 0.141667 0.00231655
2 0.00442708 0.40787 0.00885417 0.087963 0.00237094
2 0.283594 0.0726852 0.0234375 0.0324074 0.0025295
2 0.64974 0.15 0.0401042 0.0555556 0.00290551
9 0.291146 0.0675926 0.0114583 0.0203704 0.00297133
0 0.713542 0.372685 0.021875 0.0268519 0.0029818
9 0.582292 0.0342593 0.0125 0.0574074 0.00306802
2 0.570833 0.108333 0.221875 0.0666667 0.00312346
7 0.970573 0.525 0.0578125 0.2 0.00322327
2 0.269271 0.0486111 0.0197917 0.037963 0.00327833
13 0.961719 0.555093 0.0401042 0.0435185 0.00330147
2 0.592969 0.124074 0.0171875 0.0277778 0.00347723
2 0.779167 0.101389 0.03125 0.0453704 0.00366632
12 0.69349 0.163426 0.00677083 0.0398148 0.00373863
7 0.276042 0.0606481 0.0385417 0.115741 0.00374811
0 0.755469 0.0902778 0.0140625 0.0768519 0.00377214
13 0.986979 0.519444 0.025 0.177778 0.00393798
2 0.445312 0.115741 0.0239583 0.0203704 0.00403245
2 0.338281 0.0791667 0.0192708 0.0305556 0.00415388
9 0.217187 0.0671296 0.0427083 0.0527778 0.00418549
2 0.60625 0.0597222 0.0104167 0.0268519 0.00427177
2 0.53151 0.1125 0.0140625 0.0416667 0.0047839
12 0.99401 0.497685 0.0109375 0.137963 0.00482754
11 0.240365 0.0342593 0.0213542 0.0666667 0.00482938
9 0.502344 0.759259 0.0130208 0.0555556 0.00547957
2 0.442448 0.0861111 0.0140625 0.0240741 0.00617697
0 0.284375 0.100926 0.0114583 0.0611111 0.00661293
9 0.572656 0.0314815 0.0140625 0.0592593 0.00692819
2 0.481771 0.106944 0.046875 0.0546296 0.0069772
9 0.207292 0.0685185 0.01875 0.0425926 0.00716646
9 0.292969 0.0555556 0.0078125 0.037037 0.00782302
2 0.271354 0.106481 0.0145833 0.0444444 0.00977506
2 0.238542 0.141204 0.01875 0.0398148 0.0103348
2 0.308854 0.0810185 0.0229167 0.0324074 0.0106647
2 0.363021 0.0657407 0.0145833 0.0314815 0.0107202
9 0.26901 0.0189815 0.0213542 0.0342593 0.0109155
2 0.789844 0.087963 0.0203125 0.0277778 0.0111546
11 0.23724 0.0666667 0.0161458 0.0407407 0.011761
9 0.220833 0.0893519 0.0104167 0.0157407 0.0127146
2 0.288542 0.10787 0.01875 0.0731481 0.0134469
9 0.442448 0.0865741 0.0130208 0.025 0.019096
2 0.634896 0.147222 0.0114583 0.0537037 0.0194351
9 0.567187 0.0481481 0.00833333 0.0240741 0.0463595
2 0.0046875 0.556944 0.009375 0.0398148 0.0470467
2 0.488802 0.107407 0.0140625 0.05 0.0500971
9 0.222135 0.0615741 0.0119792 0.0398148 0.0516915
2 0.300521 0.103241 0.0364583 0.0712963 0.0680616
7 0.377083 0.0643518 0.034375 0.0453704 0.087668
2 0.480729 0.109259 0.0208333 0.0444444 0.218909
2 0.466667 0.110185 0.021875 0.0425926 0.251862
2 0.321354 0.0856481 0.0385417 0.0324074 0.291359
7 0.505729 0.103241 0.0427083 0.0638889 0.385623
2 0.377344 0.0671296 0.0296875 0.0398148 0.420054
2 0.505729 0.103241 0.0427083 0.0638889 0.482365
2 0.627083 0.121759 0.0260417 0.0509259 0.545049
10 0.203906 0.315278 0.0171875 0.0712963 0.682139
2 0.317969 0.121296 0.0526042 0.0703704 0.733021
11 0.728646 0.0430556 0.0270833 0.0564815 0.788362
2 0.729688 0.42037 0.122917 0.17037 0.905503
