1 0.0544271 0.161574 0.0328125 0.0731481 0.00101429
0 0.255208 0.115741 0.0197917 0.0851852 0.00103272
0 0.995313 0.327315 0.00833333 0.0564815 0.00106845
9 0.294271 0.0569444 0.0104167 0.0398148 0.00115214
9 0.565885 0.062037 0.0140625 0.0518519 0.00118171
1 0.103125 0.15787 0.0614583 0.0712963 0.00126527
9 0.583594 0.0342593 0.0161458 0.0592593 0.00127524
0 0.816406 0.235185 0.00989583 0.0388889 0.00136667
12 0.702344 0.125926 0.0223958 0.0592593 0.00145703
0 0.75625 0.374537 0.021875 0.0324074 0.00146803
2 0.661458 0.15 0.0635417 0.0666667 0.00151951
2 0.109375 0.159259 0.05 0.0722222 0.00153285
2 0.280729 0.0652778 0.034375 0.0398148 0.0015392
12 0.690625 0.163889 0.0114583 0.0425926 0.0015602
0 0.1875 0.110648 0.00729167 0.0453704 0.00157593
2 0.77526 0.11713 0.0203125 0.0361111 0.00159444
9 0.577083 0.0328704 0.0145833 0.0638889 0.00161474
2 0.00572917 0.121296 0.0114583 0.105556 0.00169664
9 0.49974 0.604167 0.0151042 0.0416667 0.00169899
0 0.73125 0.371759 0.0322917 0.0305556 0.00182294
2 0.00520833 0.0921296 0.0104167 0.0490741 0.00190313
2 0.538281 0.106481 0.174479 0.0666667 0.00194146
1 0.0132813 0.368056 0.0265625 0.0435185 0.00195631
0 0.263021 0.109722 0.00833333 0.0472222 0.0019667
12 0.702083 0.160648 0.0229167 0.0435185 0.0020582
9 0.563021 0.049537 0.01875 0.025 0.00207789
2 0.00989583 0.397222 0.0197917 0.109259 0.00225915
2 0.289583 0.0819444 0.0135417 0.0305556 0.0025197
1 0.810677 0.332407 0.0192708 0.0925926 0.00264034
11 0.236719 0.0694444 0.0182292 0.0481481 0.00265125
9 0.415365 0.0101852 0.0161458 0.0203704 0.00274837
1 0.00598958 0.396296 0.0119792 0.111111 0.00299511
2 0.279167 0.121759 0.034375 0.0601852 0.00309605
0 0.313281 0.701852 0.0442708 0.0703704 0.00346286
2 0.388542 0.10463 0.201042 0.0833333 0.00360411
1 0.0125 0.388426 0.025 0.0972222 0.00371219
0 0.717708 0.372222 0.025 0.0277778 0.00406106
2 0.297396 0.100463 0.0291667 0.0657407 0.00427034
9 0.114063 0.0236111 0.0135417 0.0398148 0.00432687
7 0.970573 0.531482 0.0578125 0.211111 0.00443738
0 0.708854 0.374074 0.0197917 0.0259259 0.0044446
2 0.270052 0.108333 0.0119792 0.0407407 0.00450488
9 0.571354 0.0314815 0.015625 0.0592593 0.00508619
9 0.966667 0.493056 0.025 0.0916667 0.00520054
0 0.757292 0.0888889 0.0135417 0.0796296 0.0054118
2 0.421615 0.10463 0.0880208 0.0611111 0.00569516
0 0.282292 0.0865741 0.00833333 0.0268519 0.006004
2 0.00390625 0.412963 0.0078125 0.0740741 0.00651348
9 0.208594 0.0680556 0.0276042 0.0472222 0.00655611
2 0.292188 0.0699074 0.0114583 0.0194444 0.00754141
2 0.785937 0.0898148 0.0166667 0.0222222 0.00767846
0 0.00390625 0.404167 0.0078125 0.0916667 0.00787757
9 0.269531 0.0189815 0.0213542 0.0342593 0.00886929
2 0.270312 0.05 0.0197917 0.037037 0.00973211
1 0.075 0.159722 0.120833 0.0824074 0.0103042
2 0.363281 0.0652778 0.0119792 0.0212963 0.0103235
9 0.502604 0.759259 0.0114583 0.0555556 0.011221
9 0.975521 0.498611 0.0427083 0.128704 0.0123045
2 0.238542 0.142593 0.0177083 0.0388889 0.0131231
2 0.634635 0.147222 0.0109375 0.0555556 0.0135439
2 0.60625 0.0606481 0.0104167 0.0268519 0.0148181
0 0.635156 0.148611 0.00989583 0.0509259 0.0175535
9 0.995052 0.492593 0.00885417 0.127778 0.0177136
9 0.447656 0.262963 0.0109375 0.0444444 0.0181495
2 0.441146 0.0726852 0.0229167 0.0361111 0.0188071
7 0.220052 0.0657407 0.0515625 0.0666667 0.021356
2 0.453906 0.1125 0.0234375 0.0398148 0.0245261
0 0.395573 0.692593 0.0421875 0.05 0.0298127
2 0.592188 0.127315 0.0177083 0.0231481 0.0308663
2 0.290104 0.128704 0.0177083 0.0462963 0.0430043
2 0.441146 0.0875 0.015625 0.0324074 0.043534
9 0.567448 0.0481481 0.00885417 0.0240741 0.0464974
2 0.327604 0.075 0.040625 0.0537037 0.0532941
5 0.220052 0.0675926 0.0515625 0.0611111 0.0569192
7 0.441927 0.075463 0.0213542 0.037963 0.0594389
2 0.528906 0.075 0.0192708 0.0296296 0.0666592
2 0.483854 0.0805556 0.015625 0.0259259 0.0747393
0 0.329427 0.69537 0.0463542 0.0555556 0.143073
2 0.321615 0.0898148 0.0411458 0.0388889 0.227805
2 0.334375 0.0611111 0.0375 0.0333333 0.262315
2 0.627344 0.122222 0.0255208 0.0518519 0.335709
2 0.47474 0.111111 0.0359375 0.0444444 0.379272
7 0.467708 0.0722222 0.0416667 0.0407407 0.417372
2 0.50599 0.10463 0.0432292 0.062963 0.56975
10 0.203906 0.317593 0.0161458 0.0685185 0.599719
2 0.31849 0.121296 0.0515625 0.0703704 0.644877
7 0.777083 0.885185 0.270833 0.212963 0.659228
11 0.729167 0.0435185 0.0270833 0.0574074 0.722607
2 0.357292 0.766204 0.203125 0.347222 0.779326
2 0.425521 0.106019 0.0333333 0.0509259 0.821882
2 0.729688 0.420833 0.123958 0.169444 0.919679
