10 0.194271 0.294907 0.0354167 0.113889 0.00100774
0 0.851823 0.24213 0.0182292 0.037963 0.0010724
13 0.0046875 0.459259 0.009375 0.233333 0.00108417
2 0.445312 0.109722 0.0458333 0.0416667 0.00109943
7 0.970573 0.523611 0.0578125 0.19537 0.00110946
2 0.203646 0.108333 0.028125 0.0407407 0.00112845
0 0.75651 0.0981481 0.0140625 0.0777778 0.00114164
0 0.995573 0.328704 0.0078125 0.0574074 0.00115209
9 0.261979 0.0444444 0.0145833 0.0537037 0.00118278
9 0.44349 0.237963 0.00989583 0.0277778 0.00119979
2 0.219271 0.132407 0.0572917 0.0555556 0.00123333
9 0.50026 0.601389 0.0151042 0.0398148 0.00123456
13 0.960938 0.553704 0.0375 0.0388889 0.00124443
7 0.290885 0.102315 0.0984375 0.0953704 0.00129104
9 0.263542 0.0902778 0.00833333 0.0398148 0.00130167
2 0.59375 0.125926 0.0145833 0.0240741 0.0013092
0 0.053125 0.104167 0.0104167 0.0398148 0.00131453
32 0.460417 0.355556 0.0114583 0.0166667 0.00133932
2 0.242188 0.105093 0.0145833 0.0324074 0.0014114
9 0.107552 0.0296296 0.0109375 0.0407407 0.00141688
9 0.2625 0.0236111 0.015625 0.0416667 0.00145702
2 0.81224 0.0763889 0.0130208 0.0175926 0.00146899
7 0.220313 0.0865741 0.0541667 0.117593 0.0014823
2 0.264062 0.10463 0.009375 0.0481481 0.00152228
9 0.27474 0.0430556 0.0359375 0.0824074 0.00156427
9 0.115885 0.0236111 0.0151042 0.0416667 0.00158013
1 0.650521 0.270833 0.0166667 0.0305556 0.00158518
0 0.171354 0.10787 0.00833333 0.0324074 0.00161352
0 0.833854 0.216667 0.0427083 0.0925926 0.00162357
9 0.439844 0.206481 0.0130208 0.0444444 0.00165381
1 0.0109375 0.365741 0.021875 0.0407407 0.00173723
7 0.989844 0.516204 0.0192708 0.180556 0.00179893
2 0.56849 0.109259 0.229687 0.0648148 0.00182966
13 0.986719 0.518056 0.0255208 0.176852 0.00188287
9 0.0583333 0.0222222 0.015625 0.0407407 0.00194991
9 0.292188 0.0537037 0.00833333 0.0425926 0.00201411
9 0.582292 0.0365741 0.0114583 0.0527778 0.00202867
0 0.757812 0.373611 0.0197917 0.0324074 0.00212159
0 0.471875 0.245833 0.397917 0.371296 0.00212604
9 0.991927 0.515741 0.0151042 0.17037 0.00221937
0 0.732031 0.373148 0.0244792 0.0259259 0.00224449
58 0.968229 0.498611 0.0291667 0.0898148 0.00227902
0 0.285677 0.107407 0.0151042 0.0777778 0.0023616
2 0.292188 0.0717593 0.0104167 0.0138889 0.00244661
9 0.547917 0.0523148 0.0104167 0.0231481 0.00246065
2 0.00572917 0.0916667 0.0114583 0.0462963 0.00262187
0 0.846094 0.189815 0.0078125 0.0388889 0.00274943
2 0.501302 0.102778 0.0369792 0.0592593 0.0028076
2 0.355469 0.112037 0.136979 0.0703704 0.00284989
2 0.444531 0.111111 0.0213542 0.0277778 0.00365288
2 0.478646 0.109722 0.059375 0.0527778 0.00370166
7 0.78776 0.0560185 0.0255208 0.0861111 0.00371974
12 0.992969 0.509722 0.0130208 0.160185 0.00418469
9 0.441406 0.228241 0.00989583 0.0231481 0.00448553
2 0.29349 0.109259 0.0307292 0.0833333 0.00458647
0 0.75599 0.074537 0.0109375 0.0435185 0.00469243
9 0.458333 0.0666667 0.00833333 0.0259259 0.00470553
1 0.00416667 0.401852 0.00833333 0.0981481 0.0049865
0 0.715365 0.372222 0.0223958 0.0240741 0.00503129
1 0.642187 0.287963 0.0322917 0.0740741 0.0051713
32 0.453906 0.313889 0.00885417 0.0148148 0.00560279
9 0.269792 0.0486111 0.0197917 0.0398148 0.0058842
2 0.442708 0.087037 0.0145833 0.0259259 0.00599612
9 0.502604 0.759259 0.0125 0.0555556 0.00623673
1 0.810677 0.328241 0.0182292 0.0916667 0.00646472
2 0.60599 0.0592593 0.00989583 0.0259259 0.00744627
1 0.00859375 0.390741 0.0171875 0.114815 0.00760155
9 0.572135 0.0314815 0.0140625 0.0592593 0.00769925
9 0.215885 0.0555556 0.0276042 0.0462963 0.00782606
7 0.215365 0.062963 0.0411458 0.062963 0.00787887
2 0.285417 0.119444 0.0135417 0.062963 0.00794541
2 0.238281 0.140278 0.0182292 0.0416667 0.00836563
9 0.208594 0.0680556 0.0223958 0.0435185 0.00964678
0 0.817187 0.236111 0.00833333 0.0388889 0.0100363
11 0.23724 0.0666667 0.0161458 0.0388889 0.0101678
5 0.220573 0.062963 0.0484375 0.0592593 0.0101991
9 0.26901 0.0199074 0.0203125 0.0342593 0.0104306
2 0.788542 0.0875 0.0208333 0.0287037 0.0136513
2 0.271615 0.109259 0.0151042 0.0388889 0.0176893
19 0.442969 0.0875 0.0130208 0.0268519 0.0180706
2 0.363802 0.0671296 0.0109375 0.0212963 0.0325092
0 0.635156 0.149074 0.00989583 0.05 0.0375576
7 0.297396 0.106481 0.0354167 0.0777778 0.0390922
2 0.486458 0.109259 0.0145833 0.0462963 0.0613363
9 0.567187 0.0481481 0.00833333 0.0240741 0.109146
2 0.465625 0.111111 0.0177083 0.0388889 0.16329
2 0.322396 0.0856481 0.0375 0.0342593 0.226519
2 0.479688 0.110185 0.01875 0.0425926 0.263015
2 0.627344 0.121759 0.0255208 0.0527778 0.355558
1 0.636458 0.300926 0.0208333 0.05 0.53235
7 0.506771 0.104167 0.0416667 0.0638889 0.540323
2 0.317969 0.121296 0.0515625 0.0703704 0.645599
2 0.396354 0.106481 0.0354167 0.0481481 0.70934
0 0.639844 0.2625 0.0276042 0.102778 0.756991
10 0.204167 0.315278 0.0166667 0.0712963 0.787322
11 0.729167 0.0425926 0.0270833 0.0555556 0.79655
2 0.729688 0.419444 0.122917 0.172222 0.893102
