7 0.229427 0.087963 0.0328125 0.0759259 0.00103616
2 0.58776 0.124074 0.0119792 0.0296296 0.00107266
7 0.792969 0.062037 0.0348958 0.0574074 0.00107968
2 0.641406 0.150926 0.0213542 0.0648148 0.00108031
2 0.817708 0.233796 0.00833333 0.037963 0.00112026
0 0.539583 0.209722 0.015625 0.0305556 0.00112552
0 0.995573 0.326389 0.0078125 0.0546296 0.0011709
11 0.236719 0.0699074 0.0182292 0.0472222 0.00117757
7 0.22474 0.0574074 0.0598958 0.112963 0.00117829
9 0.271615 0.0398148 0.0286458 0.0740741 0.00120905
7 0.6125 0.087963 0.0416667 0.0796296 0.00125639
13 0.0210938 0.396759 0.0421875 0.113889 0.00140332
2 0.770573 0.113426 0.0130208 0.0342593 0.00141686
9 0.253125 0.0842593 0.0145833 0.0333333 0.00143383
58 0.969792 0.494907 0.0333333 0.0953704 0.00144853
9 0.415885 0.00972222 0.0161458 0.0194444 0.00146681
2 0.610417 0.0740741 0.03125 0.0537037 0.00150787
0 0.26224 0.102315 0.00989583 0.0564815 0.00163637
7 0.147396 0.0907407 0.0666667 0.0722222 0.00166678
0 0.741406 0.37037 0.0234375 0.0314815 0.00166803
9 0.258854 0.0726852 0.0114583 0.0472222 0.00171196
0 0.730469 0.371759 0.0276042 0.0305556 0.00183227
2 0.658854 0.149537 0.0583333 0.0657407 0.00196232
9 0.5 0.602315 0.0145833 0.037963 0.00204157
2 0.550521 0.109259 0.272917 0.0722222 0.00214973
9 0.584896 0.0402778 0.0145833 0.0472222 0.00225962
2 0.400521 0.109259 0.25625 0.0777778 0.00234109
12 0.691667 0.165741 0.009375 0.0388889 0.00235963
12 0.99401 0.493981 0.0109375 0.123148 0.00241443
2 0.442969 0.0893519 0.0140625 0.0305556 0.00249358
9 0.288802 0.0449074 0.00989583 0.0416667 0.00256467
2 0.0130208 0.394444 0.0260417 0.116667 0.00274664
2 0.616667 0.114815 0.0479167 0.05 0.00280477
2 0.21849 0.133796 0.0588542 0.0583333 0.0030711
9 0.361719 0.0699074 0.00885417 0.0231481 0.00313555
9 0.2625 0.0847222 0.00729167 0.0305556 0.00327332
2 0.59349 0.124074 0.0161458 0.0277778 0.00334054
9 0.296094 0.05 0.0109375 0.037037 0.00342138
13 0.96224 0.55463 0.0411458 0.0425926 0.00346648
0 0.757031 0.373148 0.0192708 0.0296296 0.00348939
9 0.992969 0.498611 0.0130208 0.132407 0.00393205
2 0.780208 0.102778 0.0302083 0.0481481 0.00396199
2 0.442187 0.10787 0.13125 0.0601852 0.00465011
2 0.267188 0.0990741 0.0114583 0.0555556 0.0048634
9 0.269271 0.0222222 0.0197917 0.0296296 0.0051426
9 0.571875 0.0314815 0.0135417 0.0592593 0.00595461
2 0.282031 0.0939815 0.0078125 0.0342593 0.00607364
9 0.502604 0.760648 0.0114583 0.0527778 0.00664301
9 0.270573 0.0523148 0.0203125 0.0361111 0.00773299
2 0.606771 0.0606481 0.0104167 0.025 0.00795906
0 0.714583 0.371296 0.0239583 0.0277778 0.00882322
0 0.443229 0.0962963 0.0166667 0.0462963 0.00932348
10 0.443229 0.0884259 0.0135417 0.0305556 0.0112839
2 0.271354 0.109259 0.0135417 0.0388889 0.0129688
0 0.75599 0.0884259 0.0130208 0.0768519 0.0137068
1 0.00390625 0.413889 0.0078125 0.0777778 0.0138167
2 0.332031 0.0888889 0.0265625 0.0351852 0.0139945
9 0.207813 0.0685185 0.021875 0.0444444 0.0147574
2 0.238281 0.141204 0.0182292 0.0416667 0.0174563
13 0.0135417 0.370833 0.0270833 0.0583333 0.0174751
1 0.0130208 0.385185 0.0260417 0.0888889 0.0212983
2 0.813021 0.0768519 0.0177083 0.0185185 0.0226647
7 0.220313 0.0689815 0.0520833 0.0564815 0.0228625
5 0.219792 0.0740741 0.0520833 0.0648148 0.0242851
0 0.635677 0.147222 0.00989583 0.05 0.0242997
2 0.635417 0.146296 0.0114583 0.0537037 0.0256722
2 0.00390625 0.413889 0.0078125 0.0759259 0.0258197
9 0.567708 0.0481481 0.00833333 0.0240741 0.0453849
2 0.785937 0.0902778 0.015625 0.0231481 0.066364
2 0.301042 0.106481 0.0375 0.0814815 0.105728
7 0.307813 0.108333 0.0552083 0.0833333 0.146109
2 0.465625 0.1125 0.01875 0.0398148 0.151939
2 0.321354 0.0944444 0.0385417 0.0351852 0.174188
2 0.480208 0.109722 0.0229167 0.0453704 0.267739
9 0.303646 0.0476852 0.00833333 0.0287037 0.356425
2 0.627865 0.121759 0.0255208 0.0509259 0.420095
2 0.50651 0.105093 0.0411458 0.062037 0.463754
2 0.31875 0.12037 0.05 0.0722222 0.640768
10 0.203906 0.315741 0.0161458 0.0722222 0.667772
11 0.729427 0.0435185 0.0265625 0.0555556 0.800467
2 0.526302 0.228241 0.0901042 0.128704 0.887827
2 0.729688 0.42037 0.122917 0.172222 0.917816
