7 0.288542 0.102315 0.096875 0.0990741 0.00100558
7 0.970833 0.526389 0.0572917 0.199074 0.00100662
13 0.00494792 0.463889 0.00989583 0.22963 0.00101368
2 0.44974 0.106481 0.0348958 0.0462963 0.00102394
9 0.258594 0.075463 0.0119792 0.0527778 0.00110696
2 0.61224 0.418981 0.503646 0.193519 0.00114809
0 0.757812 0.373148 0.0208333 0.0333333 0.00120176
13 0.961198 0.554167 0.0380208 0.0398148 0.00121179
2 0.771354 0.112037 0.0135417 0.0314815 0.00122526
7 0.788542 0.0657407 0.025 0.0648148 0.00124024
2 0.81224 0.0777778 0.0182292 0.0203704 0.00126778
0 0.522656 0.250926 0.492188 0.388889 0.00128278
0 0.73151 0.372222 0.0244792 0.0277778 0.00128387
2 0.0382813 0.130556 0.0744792 0.12037 0.00128564
9 0.547656 0.0527778 0.00989583 0.0240741 0.00130291
2 0.253646 0.133796 0.021875 0.0509259 0.00130856
32 0.453906 0.315278 0.00885417 0.0157407 0.00134795
5 0.221615 0.0893519 0.0557292 0.123148 0.00137474
2 0.22526 0.136111 0.0463542 0.05 0.00140673
1 0.0078125 0.407407 0.015625 0.140741 0.0014082
2 0.783333 0.0981481 0.0385417 0.05 0.00142962
9 0.0578125 0.024537 0.0135417 0.0342593 0.00144027
9 0.443229 0.236574 0.0104167 0.0305556 0.00145735
13 0.985417 0.522222 0.028125 0.175926 0.0015292
2 0.239583 0.117593 0.0197917 0.05 0.00155654
1 0.810677 0.331019 0.0182292 0.0861111 0.00167929
9 0.263281 0.0888889 0.00885417 0.0388889 0.00171132
7 0.986719 0.522685 0.0255208 0.191667 0.00171146
2 0.0638021 0.109722 0.0286458 0.0490741 0.0017184
2 0.00598958 0.0912037 0.0119792 0.0416667 0.00171998
0 0.817187 0.235648 0.00833333 0.0398148 0.00178783
2 0.26224 0.10787 0.0109375 0.0453704 0.00180955
9 0.292708 0.0560185 0.009375 0.0435185 0.00189868
2 0.04375 0.0861111 0.0666667 0.0666667 0.00190516
2 0.358594 0.111111 0.133854 0.0722222 0.00194903
2 0.502083 0.103241 0.0375 0.0601852 0.0019778
2 0.0328125 0.0675926 0.021875 0.0203704 0.00203791
9 0.252865 0.0875 0.0130208 0.0361111 0.00206598
2 0.565625 0.110185 0.275 0.0666667 0.00212413
2 0.461198 0.110185 0.103646 0.0574074 0.00216903
0 0.053125 0.106019 0.0114583 0.0435185 0.00242468
13 0.0135417 0.393519 0.0270833 0.118519 0.0024443
9 0.99375 0.495833 0.0114583 0.126852 0.00252862
58 0.968229 0.498611 0.0291667 0.087963 0.00255557
9 0.50026 0.602315 0.0151042 0.0398148 0.00264112
2 0.0585938 0.0694444 0.0348958 0.0259259 0.00269147
9 0.441406 0.229167 0.00989583 0.025 0.00285731
0 0.282552 0.0884259 0.0078125 0.0231481 0.00288753
9 0.292448 0.0722222 0.00989583 0.0166667 0.00307904
9 0.115104 0.0240741 0.015625 0.0407407 0.00319696
2 0.594271 0.125463 0.015625 0.0231481 0.00326859
1 0.66901 0.278704 0.0348958 0.0592593 0.0035102
9 0.571354 0.0319444 0.0135417 0.0583333 0.00369153
12 0.99375 0.499074 0.0114583 0.135185 0.0037216
0 0.715104 0.372685 0.0229167 0.0268519 0.00384837
2 0.304427 0.0814815 0.0265625 0.0333333 0.00400228
0 0.286198 0.118519 0.0140625 0.062963 0.00422135
1 0.0309896 0.15463 0.0619792 0.0833333 0.00432009
0 0.756771 0.075 0.0104167 0.0425926 0.004545
9 0.458594 0.0657407 0.0078125 0.0296296 0.00521868
1 0.00416667 0.457407 0.00833333 0.231481 0.00535136
9 0.108333 0.0291667 0.009375 0.0361111 0.0055977
11 0.236979 0.0680556 0.0177083 0.0435185 0.0060124
0 0.75599 0.0935185 0.0130208 0.0796296 0.00608701
11 0.60625 0.0597222 0.0104167 0.025 0.006099
2 0.442969 0.0893519 0.0140625 0.0305556 0.00658501
0 0.443229 0.0976852 0.0177083 0.0509259 0.00702472
1 0.00442708 0.388889 0.00885417 0.12037 0.00811262
58 0.443229 0.087963 0.0135417 0.0296296 0.00913298
0 0.995573 0.327315 0.0078125 0.0564815 0.0112319
0 0.635938 0.147222 0.0104167 0.0518519 0.0113436
2 0.299479 0.106019 0.034375 0.0768519 0.0167058
7 0.220573 0.0634259 0.0505208 0.0787037 0.0176765
2 0.238542 0.140741 0.01875 0.0407407 0.0182698
2 0.363021 0.0689815 0.009375 0.0231481 0.0205719
2 0.790365 0.0875 0.0213542 0.0268519 0.0217803
2 0.271354 0.111111 0.0145833 0.037037 0.0222585
9 0.502865 0.759722 0.0140625 0.0546296 0.0260301
5 0.21276 0.0625 0.0338542 0.062037 0.0281147
7 0.29974 0.105556 0.0348958 0.0759259 0.0347897
2 0.48724 0.108796 0.0130208 0.0472222 0.0429351
9 0.26901 0.0356481 0.0223958 0.0675926 0.0430484
9 0.567187 0.0481481 0.00833333 0.0240741 0.120726
2 0.465104 0.112037 0.0177083 0.0388889 0.160264
2 0.479688 0.110185 0.0177083 0.0425926 0.211578
2 0.322656 0.0861111 0.0380208 0.0333333 0.323415
2 0.627344 0.122222 0.0255208 0.0537037 0.44501
1 0.66224 0.292593 0.0223958 0.0537037 0.501783
7 0.50651 0.104167 0.0421875 0.0638889 0.517751
2 0.392188 0.102778 0.034375 0.05 0.663031
2 0.31849 0.121296 0.0515625 0.0722222 0.697869
0 0.664583 0.256944 0.0260417 0.100926 0.75844
10 0.203906 0.315741 0.0161458 0.0722222 0.77272
11 0.729167 0.0430556 0.0270833 0.0564815 0.783289
2 0.729688 0.419444 0.122917 0.172222 0.908005
