10 0.774479 0.123611 0.01875 0.0453704 0.00100296
12 0.702604 0.1375 0.0229167 0.0787037 0.00107865
9 0.469792 0.411111 0.0104167 0.0314815 0.00118749
13 0.970833 0.520833 0.0572917 0.186111 0.00121426
7 0.971094 0.523148 0.0567708 0.203704 0.00121956
12 0.701823 0.163889 0.0192708 0.0388889 0.00127505
7 0.214844 0.0625 0.0401042 0.0731481 0.00130409
10 0.195573 0.314815 0.0338542 0.0722222 0.00130445
12 0.995313 0.522685 0.00833333 0.0638889 0.00136086
12 0.967188 0.497685 0.0270833 0.0805556 0.00150833
2 0.791146 0.0884259 0.01875 0.0175926 0.00156401
9 0.117448 0.0217593 0.0161458 0.0398148 0.00159411
0 0.611719 0.829167 0.0734375 0.312037 0.0015984
9 0.361198 0.0657407 0.0109375 0.0203704 0.001662
2 0.774479 0.12037 0.01875 0.0388889 0.00166603
9 0.548177 0.0509259 0.0109375 0.0240741 0.00167516
12 0.986719 0.497222 0.0244792 0.131481 0.00171472
2 0.661458 0.150463 0.0635417 0.0657407 0.00177187
2 0.273698 0.115741 0.0244792 0.0611111 0.0018029
11 0.23724 0.0666667 0.0161458 0.0407407 0.00183603
2 0.295052 0.104167 0.0786458 0.100926 0.00186655
0 0.263281 0.101852 0.00885417 0.0537037 0.00190251
2 0.238021 0.141204 0.01875 0.0398148 0.0019221
2 0.42474 0.1125 0.310937 0.087963 0.0019361
2 0.638802 0.144444 0.0182292 0.05 0.00214538
1 0.00494792 0.380093 0.00989583 0.0898148 0.0021891
9 0.23724 0.0689815 0.0140625 0.0398148 0.00231228
9 0.260938 0.0416667 0.0135417 0.0592593 0.00272973
0 0.75625 0.0925926 0.0145833 0.0833333 0.00320298
0 0.730469 0.372222 0.0296875 0.0277778 0.00330809
11 0.240104 0.0356481 0.021875 0.0694444 0.00347937
0 0.757552 0.374537 0.0171875 0.0287037 0.00348565
2 0.593229 0.126389 0.01875 0.025 0.00355977
9 0.29349 0.0541667 0.00885417 0.037963 0.00390743
2 0.784115 0.0902778 0.0130208 0.0175926 0.00391478
9 0.558073 0.0263889 0.0255208 0.0509259 0.00481774
32 0.454427 0.314352 0.0078125 0.0157407 0.00542134
9 0.263802 0.0875 0.00885417 0.0361111 0.00562182
9 0.442708 0.087037 0.0145833 0.0259259 0.00590576
12 0.974219 0.493981 0.0411458 0.123148 0.00657671
0 0.716146 0.371296 0.021875 0.0259259 0.00674616
12 0.994792 0.490278 0.009375 0.126852 0.00814035
9 0.207552 0.0671296 0.0203125 0.0435185 0.0097891
2 0.270052 0.108333 0.0130208 0.0388889 0.00996727
2 0.442448 0.087037 0.0161458 0.0259259 0.0101265
0 0.634896 0.142593 0.0114583 0.0462963 0.0109555
11 0.60599 0.0592593 0.00989583 0.0259259 0.0115064
9 0.221094 0.0875 0.00989583 0.0175926 0.0118716
9 0.566146 0.0333333 0.0114583 0.0555556 0.0138261
9 0.500521 0.602778 0.0145833 0.0407407 0.0196854
2 0.488542 0.107407 0.0145833 0.05 0.0250597
0 0.175 0.73287 0.185417 0.487963 0.0281069
9 0.269792 0.0365741 0.0229167 0.0675926 0.0346817
9 0.567448 0.0476852 0.00989583 0.025 0.0370822
9 0.222917 0.0583333 0.0114583 0.0351852 0.0797687
2 0.446615 0.116204 0.0265625 0.025 0.0840567
7 0.295833 0.107407 0.034375 0.0851852 0.0898443
9 0.502865 0.759259 0.0119792 0.0574074 0.0994513
2 0.461979 0.111574 0.0125 0.0398148 0.123179
2 0.29401 0.108333 0.0307292 0.0833333 0.125229
2 0.627604 0.12037 0.025 0.0481481 0.27185
2 0.322656 0.0856481 0.0380208 0.0342593 0.316744
2 0.478646 0.108796 0.0239583 0.0453704 0.329267
7 0.505729 0.103704 0.04375 0.062963 0.361788
2 0.505729 0.103704 0.04375 0.062963 0.49371
2 0.31875 0.121759 0.0510417 0.0694444 0.740022
11 0.729427 0.0435185 0.0265625 0.0555556 0.746814
10 0.204167 0.315278 0.015625 0.0694444 0.796538
2 0.396615 0.129167 0.0526042 0.0712963 0.844214
2 0.730208 0.418056 0.121875 0.175 0.912771
