9 0.245052 0.0898148 0.00677083 0.0296296 0.00106607
0 0.153906 0.113426 0.00989583 0.025 0.00107868
9 0.29349 0.0550926 0.0078125 0.0324074 0.00111816
2 0.53099 0.111574 0.0140625 0.0435185 0.00113977
12 0.976042 0.502315 0.0458333 0.137963 0.00115715
9 0.261198 0.0472222 0.0130208 0.0444444 0.00116609
2 0.658333 0.139352 0.0802083 0.0787037 0.00117324
12 0.701302 0.121759 0.0213542 0.0435185 0.00122574
2 0.577344 0.125926 0.0473958 0.037037 0.00126353
2 0.97474 0.52037 0.0494792 0.177778 0.00126356
7 0.788021 0.0574074 0.0270833 0.0796296 0.00128459
13 0.00390625 0.392593 0.0078125 0.12037 0.00136536
2 0.741146 0.133333 0.0302083 0.0240741 0.00137337
1 0.00416667 0.389815 0.00833333 0.12963 0.00139338
9 0.489062 0.978704 0.015625 0.0425926 0.00140945
7 0.145573 0.0907407 0.0661458 0.0796296 0.00142282
9 0.548177 0.0527778 0.0109375 0.0240741 0.00145215
9 0.583073 0.0356481 0.0151042 0.0583333 0.00146449
2 0.60599 0.0601852 0.00989583 0.0240741 0.00146837
2 0.21849 0.0981481 0.0546875 0.0703704 0.00149243
13 0.96224 0.554167 0.0401042 0.0398148 0.00150993
9 0.263021 0.0893519 0.00833333 0.0361111 0.00151513
2 0.783854 0.10463 0.0395833 0.0555556 0.00152289
0 0.817187 0.236111 0.00833333 0.0388889 0.00156844
2 0.292188 0.0708333 0.0177083 0.0157407 0.00166032
9 0.416146 0.00925926 0.015625 0.0185185 0.00169079
2 0.747917 0.131481 0.028125 0.0148148 0.00179812
0 0.754948 0.128241 0.0203125 0.0194444 0.00181935
0 0.267188 0.0990741 0.0104167 0.0537037 0.00198359
12 0.70026 0.161111 0.0223958 0.0444444 0.0019875
13 0.992188 0.518981 0.0145833 0.175 0.00220457
2 0.342448 0.108333 0.00885417 0.0444444 0.00228678
2 0.219531 0.132407 0.0567708 0.0574074 0.00236139
58 0.96849 0.495833 0.0296875 0.0935185 0.00252013
2 0.294792 0.106481 0.0885417 0.0925926 0.00255331
0 0.263281 0.105093 0.00885417 0.0472222 0.00255662
9 0.572917 0.0314815 0.0145833 0.0592593 0.00257743
9 0.269792 0.0518519 0.01875 0.0388889 0.00281418
7 0.992448 0.518056 0.0140625 0.175 0.00290617
2 0.776563 0.115278 0.0239583 0.0324074 0.00293527
11 0.236979 0.0675926 0.0166667 0.0407407 0.00304148
2 0.0078125 0.0898148 0.015625 0.0444444 0.00310122
2 0.564323 0.109259 0.213021 0.0666667 0.00315144
5 0.216927 0.0638889 0.0401042 0.0611111 0.0032328
2 0.446875 0.106481 0.025 0.0388889 0.00333224
2 0.369271 0.111111 0.15625 0.0777778 0.00380852
9 0.499479 0.601389 0.0145833 0.0398148 0.00390631
13 0.970573 0.526852 0.0578125 0.183333 0.00446006
2 0.648698 0.146759 0.0380208 0.0583333 0.00461184
7 0.220052 0.0666667 0.0505208 0.0777778 0.00470613
7 0.970833 0.525 0.0572917 0.194444 0.00522867
2 0.442448 0.0847222 0.0140625 0.0231481 0.00557249
12 0.992969 0.511111 0.0130208 0.162963 0.00561751
9 0.215365 0.0560185 0.0276042 0.0509259 0.00595808
9 0.208594 0.0680556 0.0223958 0.0472222 0.00610499
2 0.363281 0.0675926 0.0119792 0.0240741 0.00615898
2 0.0341146 0.10463 0.0505208 0.0518519 0.00653722
2 0.269531 0.110648 0.0109375 0.0361111 0.00685237
0 0.756771 0.0805556 0.0135417 0.0592593 0.00958007
9 0.219271 0.0893519 0.00833333 0.0175926 0.0104241
9 0.26875 0.0351852 0.0229167 0.0666667 0.0109167
2 0.785417 0.0898148 0.0177083 0.0240741 0.0115766
9 0.566927 0.0481481 0.00885417 0.0240741 0.0119211
9 0.501562 0.760648 0.0135417 0.0546296 0.0120318
9 0.442187 0.0861111 0.0135417 0.0240741 0.021873
2 0.480729 0.108333 0.0427083 0.0555556 0.0249396
2 0.238021 0.139815 0.01875 0.0425926 0.0270029
2 0.488281 0.107407 0.0140625 0.05 0.0290691
2 0.592188 0.126852 0.0177083 0.0240741 0.0316254
2 0.634115 0.141667 0.0119792 0.0462963 0.0345194
7 0.297396 0.107407 0.0364583 0.0814815 0.0397072
7 0.474219 0.0981481 0.0380208 0.0611111 0.0493807
2 0.480729 0.0712963 0.0239583 0.0203704 0.0495002
2 0.292448 0.111574 0.0265625 0.0694444 0.0513761
2 0.465885 0.111111 0.0192708 0.0388889 0.122375
2 0.480208 0.109722 0.0208333 0.0435185 0.205206
2 0.321875 0.0856481 0.0364583 0.0361111 0.318584
2 0.505729 0.103704 0.0427083 0.062963 0.405393
7 0.505729 0.104167 0.0427083 0.0638889 0.431324
2 0.626823 0.123148 0.0255208 0.0518519 0.453984
2 0.36875 0.108333 0.0229167 0.0444444 0.496957
10 0.203906 0.315741 0.0151042 0.0722222 0.685854
2 0.318229 0.121759 0.0510417 0.0694444 0.726006
11 0.728906 0.0430556 0.0276042 0.0564815 0.781333
2 0.396354 0.112963 0.0447917 0.0685185 0.812857
2 0.729688 0.42037 0.122917 0.17037 0.897886
2 0.746354 0.190278 0.127083 0.113889 0.90756
