58 0.96849 0.496296 0.0317708 0.0907407 0.00100409
2 0.815104 0.0703704 0.0166667 0.0148148 0.00106156
1 0.0450521 0.146759 0.0765625 0.0657407 0.00107516
0 0.715625 0.364815 0.0291667 0.0388889 0.00110836
2 0.445833 0.106019 0.0229167 0.0416667 0.00116582
9 0.548177 0.0587963 0.0109375 0.025 0.0011688
0 0.253646 0.801852 0.00833333 0.012963 0.00118907
2 0.264323 0.100463 0.0109375 0.0583333 0.00122495
1 0.0114583 0.362037 0.0229167 0.0759259 0.00124622
7 0.276302 0.0652778 0.0411458 0.126852 0.00126685
9 0.416146 0.0175926 0.015625 0.0222222 0.00126905
9 0.990365 0.521759 0.0182292 0.180556 0.00127644
0 0.469531 0.593056 0.691146 0.710185 0.00132669
2 0.276563 0.110648 0.0260417 0.062037 0.0013607
12 0.989062 0.505093 0.0208333 0.14537 0.00140615
9 0.995052 0.507407 0.00885417 0.0962963 0.00141445
2 0.333594 0.0805556 0.0265625 0.0333333 0.00142323
12 0.701823 0.164815 0.0203125 0.0388889 0.0015623
2 0.795052 0.0842593 0.0328125 0.0296296 0.0016523
2 0.295052 0.10463 0.0828125 0.0944444 0.00167887
9 0.502083 0.759722 0.0135417 0.0546296 0.00170932
2 0.773698 0.102315 0.0359375 0.0564815 0.00175108
2 0.770573 0.110648 0.0130208 0.0287037 0.00176137
13 0.96224 0.555093 0.0401042 0.0453704 0.00191689
12 0.69349 0.1625 0.00677083 0.0416667 0.00194166
9 0.483073 0.0402778 0.0078125 0.0305556 0.00195877
0 0.389062 0.304167 0.0333333 0.0324074 0.00199106
9 0.75625 0.1125 0.0145833 0.0398148 0.00201955
2 0.653646 0.151389 0.0479167 0.0601852 0.00209373
7 0.146094 0.0916667 0.0703125 0.0796296 0.00212836
13 0.984896 0.521759 0.0291667 0.186111 0.00223676
0 0.739323 0.370833 0.0265625 0.0324074 0.00233552
2 0.65625 0.138889 0.0770833 0.0833333 0.00244402
2 0.60599 0.0597222 0.00989583 0.025 0.00251903
7 0.991667 0.518519 0.015625 0.175926 0.00264359
2 0.423177 0.109259 0.323438 0.0814815 0.00266418
2 0.641146 0.151852 0.0208333 0.0611111 0.00270208
2 0.0130208 0.398148 0.0260417 0.111111 0.00272055
2 0.522396 0.42037 0.59375 0.183333 0.00288345
9 0.485938 0.0208333 0.0125 0.0324074 0.0029491
0 0.36224 0.0694444 0.00885417 0.0240741 0.00301022
9 0.569271 0.0310185 0.0135417 0.0583333 0.00317131
2 0.570052 0.110185 0.234896 0.0685185 0.0033129
12 0.702083 0.14213 0.0229167 0.0805556 0.00332662
7 0.98099 0.525926 0.0369792 0.205556 0.00351863
7 0.788281 0.0643518 0.0234375 0.0638889 0.00359079
9 0.107552 0.0282407 0.0109375 0.0361111 0.00359554
2 0.476823 0.109259 0.0828125 0.062963 0.00409684
0 0.729688 0.372222 0.025 0.0277778 0.00416137
0 0.75651 0.374537 0.0213542 0.0305556 0.00445304
2 0.442448 0.0861111 0.0130208 0.0259259 0.0046918
9 0.415104 0.00925926 0.0145833 0.0185185 0.00540547
11 0.236979 0.0675926 0.0166667 0.0407407 0.00543339
2 0.813802 0.0759259 0.0171875 0.0185185 0.00551575
9 0.29349 0.0564815 0.00989583 0.0388889 0.00635355
2 0.592448 0.124074 0.0192708 0.0277778 0.00646708
5 0.220833 0.0662037 0.0479167 0.0564815 0.00688779
2 0.238542 0.141667 0.01875 0.0388889 0.00713704
0 0.266927 0.099537 0.00989583 0.0546296 0.00716752
12 0.994531 0.499074 0.00989583 0.138889 0.00717691
0 0.228125 0.89537 0.0541667 0.0833333 0.00787333
7 0.214323 0.0657407 0.0369792 0.0574074 0.0086156
9 0.209115 0.0666667 0.0234375 0.0481481 0.00897767
2 0.28724 0.1125 0.0171875 0.075 0.00910716
2 0.271354 0.108796 0.0145833 0.0416667 0.00928115
2 0.363802 0.0671296 0.0119792 0.0194444 0.00949853
0 0.379687 0.296759 0.025 0.0342593 0.0107467
0 0.757552 0.0717593 0.0119792 0.037963 0.0107664
7 0.296094 0.106944 0.0359375 0.0842593 0.0120347
9 0.292969 0.0675926 0.00989583 0.0203704 0.0121128
0 0.713281 0.372685 0.0213542 0.025 0.0168009
9 0.26901 0.0347222 0.0223958 0.0657407 0.01698
1 0.0138021 0.396296 0.0276042 0.111111 0.0173868
3 0.00911458 0.395833 0.0182292 0.112037 0.0176188
0 0.355208 0.3 0.021875 0.0296296 0.0202324
0 0.372917 0.299537 0.0177083 0.0287037 0.0203613
2 0.635156 0.146759 0.0109375 0.0546296 0.020457
9 0.442187 0.087037 0.0125 0.0259259 0.024702
1 0.00598958 0.392593 0.0119792 0.116667 0.0265597
2 0.00416667 0.410185 0.00833333 0.0814815 0.0287426
0 0.284635 0.1125 0.0130208 0.0731481 0.0293737
2 0.298177 0.107407 0.0359375 0.0814815 0.0302126
9 0.566927 0.0476852 0.0078125 0.0231481 0.036345
2 0.492969 0.106944 0.0213542 0.0509259 0.037983
0 0.24401 0.888426 0.0484375 0.0675926 0.0392009
2 0.785417 0.087963 0.0145833 0.0259259 0.0437381
0 0.203125 0.89537 0.04375 0.0722222 0.0927894
2 0.4625 0.114352 0.0135417 0.0342593 0.126972
2 0.46849 0.111111 0.0244792 0.0407407 0.22705
2 0.479167 0.109722 0.0208333 0.0435185 0.252209
0 0.279167 0.891667 0.0510417 0.0703704 0.265993
2 0.322135 0.087963 0.0369792 0.037037 0.390042
2 0.505729 0.104167 0.04375 0.062037 0.51373
2 0.627083 0.122222 0.0260417 0.0518519 0.538948
10 0.203906 0.316204 0.0161458 0.0712963 0.569573
2 0.318229 0.122685 0.0510417 0.0694444 0.745252
11 0.728906 0.0430556 0.0265625 0.0564815 0.775519
2 0.729427 0.419444 0.122396 0.168519 0.909587
2 0.36901 0.341204 0.106771 0.150926 0.916828
2 0.243229 0.9 0.220833 0.196296 0.922919
