0 0.756771 0.374537 0.021875 0.0342593 0.00100946
2 0.00963542 0.0851852 0.0192708 0.037037 0.00101955
9 0.548177 0.0509259 0.0119792 0.0259259 0.00103164
2 0.640625 0.151852 0.01875 0.062963 0.00105777
2 0.654427 0.1375 0.0807292 0.087963 0.00107312
32 0.454167 0.315741 0.00833333 0.0148148 0.00108435
9 0.441146 0.224537 0.009375 0.0157407 0.00111806
9 0.845833 0.177315 0.00625 0.0268519 0.00114521
2 0.463281 0.114352 0.0161458 0.0398148 0.0011586
9 0.50026 0.60463 0.0151042 0.0425926 0.00118396
2 0.467969 0.105093 0.0786458 0.0546296 0.00119828
2 0.44349 0.103704 0.0203125 0.0425926 0.00124355
2 0.79375 0.0851852 0.03125 0.0296296 0.00129675
9 0.275521 0.0412037 0.0375 0.0805556 0.00130368
7 0.224479 0.0990741 0.04375 0.0962963 0.00134179
1 0.0143229 0.361574 0.0286458 0.0787037 0.00136304
0 0.00572917 0.360648 0.0114583 0.0805556 0.00136608
7 0.970833 0.506481 0.05625 0.159259 0.001373
12 0.694531 0.161574 0.0078125 0.0416667 0.0013867
2 0.53724 0.111111 0.00989583 0.0462963 0.00140314
2 0.779688 0.105093 0.0291667 0.0564815 0.00149589
2 0.530729 0.111574 0.0125 0.0435185 0.00152771
2 0.583594 0.421759 0.599479 0.180556 0.0015822
9 0.561719 0.0509259 0.0203125 0.0259259 0.00168494
9 0.259375 0.0726852 0.0135417 0.0509259 0.00172176
9 0.416146 0.0134259 0.0166667 0.0268519 0.00173052
2 0.554688 0.112037 0.19375 0.0851852 0.00182599
7 0.275781 0.0421296 0.0328125 0.0712963 0.00184458
9 0.559635 0.0287037 0.0203125 0.0481481 0.00187966
9 0.207031 0.0680556 0.0213542 0.0416667 0.00193296
7 0.788542 0.0657407 0.0260417 0.062963 0.00193688
9 0.995313 0.531944 0.00833333 0.037963 0.00194049
12 0.702344 0.136574 0.0234375 0.0805556 0.00201375
2 0.457812 0.0819444 0.0458333 0.0342593 0.00203141
9 0.252865 0.0875 0.0140625 0.0342593 0.00229991
9 0.176563 0.510648 0.0375 0.0416667 0.00237469
0 0.26276 0.104167 0.00885417 0.0509259 0.00241253
7 0.98724 0.523611 0.0244792 0.193519 0.00247328
9 0.217708 0.0546296 0.025 0.0481481 0.00257006
9 0.990625 0.50463 0.0177083 0.144444 0.00263233
9 0.43776 0.201852 0.00885417 0.037037 0.00265645
12 0.702344 0.164352 0.0213542 0.037963 0.0026579
0 0.714323 0.371296 0.0244792 0.0296296 0.00266028
12 0.98724 0.517593 0.0244792 0.172222 0.00266659
2 0.297917 0.103704 0.0739583 0.0925926 0.00283637
2 0.96224 0.553704 0.0390625 0.0407407 0.00284738
2 0.510417 0.102315 0.109375 0.0675926 0.00286799
9 0.588281 0.0398148 0.0151042 0.0462963 0.00306656
11 0.236979 0.0689815 0.0166667 0.0435185 0.00306899
7 0.278906 0.074537 0.0338542 0.139815 0.0031105
2 0.238802 0.107407 0.0171875 0.0388889 0.00342409
2 0.408333 0.105556 0.259375 0.0944444 0.00372677
2 0.26901 0.0597222 0.0182292 0.0305556 0.0037973
2 0.00546875 0.0925926 0.0109375 0.0444444 0.00388514
2 0.0046875 0.378241 0.009375 0.0509259 0.00422244
2 0.0346354 0.0675926 0.0213542 0.0222222 0.00447821
1 0.00416667 0.405556 0.00833333 0.0907407 0.00472241
2 0.0528646 0.0675926 0.0526042 0.0314815 0.00494247
2 0.238542 0.141667 0.01875 0.0407407 0.00503132
9 0.269531 0.0194444 0.0213542 0.0351852 0.00705055
12 0.994271 0.497222 0.0104167 0.133333 0.00871167
13 0.00442708 0.396759 0.00885417 0.110185 0.00941699
2 0.0145833 0.368981 0.0291667 0.0583333 0.00992812
9 0.582812 0.037037 0.0125 0.05 0.0101818
0 0.75599 0.0884259 0.0140625 0.0675926 0.0106579
5 0.220313 0.0708333 0.0510417 0.0712963 0.0106915
9 0.502344 0.759259 0.0130208 0.0555556 0.0110131
1 0.0111979 0.394907 0.0223958 0.115741 0.0114073
9 0.573698 0.0310185 0.0151042 0.0601852 0.0129205
11 0.60625 0.0601852 0.0104167 0.0240741 0.0133756
13 0.0145833 0.39537 0.0291667 0.112963 0.0139795
0 0.443229 0.0888889 0.0125 0.0333333 0.0146742
2 0.592448 0.128241 0.0171875 0.0212963 0.0165635
0 0.635677 0.148148 0.00989583 0.05 0.0177463
2 0.271615 0.106481 0.0151042 0.0462963 0.018088
2 0.635417 0.14537 0.0104167 0.05 0.0186428
2 0.364062 0.0685185 0.0114583 0.0222222 0.0222544
2 0.785937 0.0893519 0.0145833 0.0231481 0.0223784
2 0.490885 0.106481 0.0161458 0.0537037 0.0268717
7 0.220313 0.0662037 0.0510417 0.0694444 0.0372225
9 0.567187 0.0481481 0.00833333 0.0240741 0.0951594
2 0.388021 0.0634259 0.0166667 0.0231481 0.128005
2 0.471615 0.109722 0.0328125 0.0453704 0.206166
2 0.322135 0.0884259 0.0390625 0.037963 0.242958
2 0.297917 0.106481 0.0375 0.0796296 0.253085
7 0.471615 0.0740741 0.0463542 0.0444444 0.25706
2 0.471354 0.075 0.0447917 0.0444444 0.262238
2 0.409375 0.0657407 0.034375 0.0259259 0.429965
2 0.627344 0.121296 0.0255208 0.0518519 0.46028
2 0.50599 0.104167 0.0421875 0.062037 0.626538
2 0.31849 0.120833 0.0505208 0.0712963 0.696251
10 0.204167 0.31713 0.0166667 0.0712963 0.741981
11 0.729688 0.0425926 0.0270833 0.0555556 0.791099
2 0.729688 0.419444 0.122917 0.172222 0.919786
