2 0.679688 0.128704 0.123958 0.0574074 0.00102822
0 0.553385 0.259722 0.520312 0.376852 0.00108441
9 0.995052 0.523148 0.00885417 0.0648148 0.00110376
9 0.5 0.603241 0.0145833 0.0398148 0.0011121
9 0.559635 0.0291667 0.0234375 0.0546296 0.001117
9 0.5625 0.05 0.01875 0.0240741 0.00113506
13 0.994531 0.52037 0.00989583 0.172222 0.00133847
1 0.00494792 0.460648 0.00989583 0.228704 0.00134259
2 0.592708 0.125463 0.0177083 0.025 0.00144121
2 0.0127604 0.127778 0.0223958 0.0259259 0.0014926
2 0.607813 0.418981 0.601042 0.19537 0.00149359
7 0.984115 0.523148 0.0307292 0.196296 0.00155414
2 0.60599 0.0601852 0.00989583 0.0240741 0.00159656
2 0.783333 0.110648 0.0364583 0.0472222 0.00160263
9 0.2625 0.0439815 0.0166667 0.0509259 0.00161242
2 0.298958 0.105556 0.0875 0.0925926 0.00162302
0 0.994531 0.259259 0.00989583 0.187037 0.00165397
9 0.25651 0.0782407 0.0130208 0.0509259 0.00167516
9 0.991146 0.512963 0.0166667 0.164815 0.0016787
2 0.363542 0.0685185 0.0114583 0.0203704 0.00170954
2 0.994271 0.375926 0.0104167 0.15 0.0017768
13 0.970312 0.529167 0.0583333 0.176852 0.00181861
13 0.985677 0.52037 0.0276042 0.17963 0.00189775
13 0.0255208 0.363889 0.0510417 0.0537037 0.00203317
7 0.146094 0.0893519 0.0682292 0.0787037 0.00212121
0 0.730208 0.371759 0.025 0.0287037 0.00215401
0 0.75625 0.110185 0.0177083 0.0574074 0.00222079
0 0.442708 0.0884259 0.0135417 0.0287037 0.00237533
9 0.252604 0.087037 0.0135417 0.0351852 0.00237565
0 0.757031 0.374074 0.0192708 0.0314815 0.00246014
2 0.648438 0.149537 0.0385417 0.062037 0.00255998
9 0.108594 0.0263889 0.00989583 0.0342593 0.00261604
9 0.292969 0.0523148 0.00885417 0.0435185 0.00279675
9 0.26276 0.087963 0.0078125 0.037037 0.00302732
0 0.757812 0.0722222 0.0104167 0.0388889 0.00308613
0 0.3625 0.0708333 0.009375 0.0231481 0.0033145
0 0.266406 0.0986111 0.0109375 0.0546296 0.00346765
2 0.410677 0.110648 0.275521 0.075 0.00347678
1 0.0132813 0.366667 0.0265625 0.0462963 0.00355388
9 0.217969 0.0662037 0.0432292 0.0527778 0.00378207
2 0.776042 0.115278 0.0208333 0.0305556 0.00435779
9 0.502344 0.760185 0.0130208 0.0537037 0.00454809
0 0.757292 0.124537 0.0135417 0.0268519 0.00455983
2 0.238281 0.138889 0.0182292 0.0444444 0.00481671
2 0.595312 0.110185 0.294792 0.0648148 0.00483607
0 0.71276 0.37037 0.0213542 0.0277778 0.00528363
9 0.578125 0.0328704 0.015625 0.0583333 0.00603128
12 0.70026 0.1625 0.0213542 0.0416667 0.0060994
9 0.583594 0.0347222 0.0130208 0.0546296 0.0063968
12 0.99375 0.497685 0.0114583 0.132407 0.00661613
5 0.220573 0.0731481 0.0505208 0.0666667 0.00744771
0 0.995313 0.325 0.00833333 0.0425926 0.00964916
9 0.442708 0.087963 0.0135417 0.0277778 0.00998701
9 0.572656 0.0310185 0.0140625 0.0583333 0.0104367
2 0.995052 0.327778 0.00885417 0.05 0.0107223
2 0.480469 0.110185 0.0536458 0.0574074 0.0112038
2 0.271094 0.110648 0.0140625 0.037963 0.0114637
7 0.220052 0.0722222 0.0505208 0.0666667 0.0121472
2 0.785417 0.0888889 0.0145833 0.0222222 0.0126779
1 0.00442708 0.407407 0.00885417 0.0888889 0.0133059
12 0.69401 0.162037 0.00885417 0.0388889 0.0138868
9 0.207813 0.0675926 0.0208333 0.0444444 0.0145043
9 0.26901 0.0287037 0.0213542 0.0518519 0.0197139
13 0.0145833 0.39537 0.0291667 0.114815 0.0244058
1 0.0174479 0.39537 0.0348958 0.112963 0.0340599
9 0.567448 0.0476852 0.0078125 0.0231481 0.0452033
0 0.634896 0.148611 0.0114583 0.0583333 0.0648113
2 0.463021 0.112963 0.015625 0.0388889 0.069991
2 0.299479 0.109259 0.0416667 0.0851852 0.0955229
7 0.297656 0.106944 0.0401042 0.0824074 0.139075
2 0.480469 0.109722 0.0203125 0.0453704 0.246566
2 0.470833 0.109722 0.0291667 0.0435185 0.317547
2 0.322396 0.0884259 0.0385417 0.0398148 0.319117
2 0.627604 0.12037 0.025 0.05 0.419878
10 0.204167 0.316204 0.015625 0.0712963 0.53701
2 0.505729 0.10463 0.0427083 0.062963 0.581182
2 0.31849 0.120833 0.0505208 0.0712963 0.736753
11 0.729167 0.0435185 0.0270833 0.0574074 0.817038
2 0.382552 0.160185 0.0567708 0.0814815 0.872867
2 0.378385 0.290741 0.0911458 0.127778 0.895819
2 0.729948 0.419444 0.122396 0.172222 0.908536
2 0.745833 0.190741 0.128125 0.111111 0.911474
