0 0.757812 0.127315 0.0145833 0.0416667 0.00101399
9 0.109115 0.0273148 0.0119792 0.0342593 0.00106475
2 0.616667 0.424537 0.614583 0.187963 0.00108851
0 0.717188 0.371759 0.0229167 0.0287037 0.00109503
9 0.192708 0.0865741 0.00729167 0.0194444 0.00110674
2 0.816927 0.234722 0.00989583 0.037963 0.00125999
11 0.255469 0.0865741 0.0192708 0.0342593 0.00128214
12 0.977344 0.506944 0.0442708 0.150926 0.00130448
0 0.263542 0.105556 0.009375 0.0481481 0.00134364
5 0.225521 0.0736111 0.0395833 0.0564815 0.00134753
7 0.219531 0.0916667 0.0557292 0.12963 0.00135454
9 0.261198 0.0472222 0.0130208 0.0462963 0.00136497
2 0.447656 0.108796 0.0421875 0.0435185 0.00158447
9 0.261719 0.0277778 0.0140625 0.05 0.00161154
9 0.415365 0.0087963 0.0151042 0.0175926 0.00163244
9 0.23724 0.0708333 0.0151042 0.0435185 0.00163595
2 0.295573 0.130093 0.0203125 0.0583333 0.00168688
2 0.772917 0.109259 0.015625 0.0240741 0.00176864
2 0.75625 0.118056 0.015625 0.0324074 0.00184021
12 0.702344 0.125463 0.0223958 0.0583333 0.00186224
2 0.295573 0.101852 0.0921875 0.0925926 0.00186295
0 0.267188 0.0981481 0.0104167 0.0518519 0.00188119
2 0.605729 0.0606481 0.0104167 0.025 0.00197093
9 0.995052 0.525463 0.00885417 0.0675926 0.00207495
7 0.28099 0.0773148 0.0369792 0.141667 0.00220953
2 0.659375 0.148611 0.0583333 0.0638889 0.0022671
2 0.21901 0.1375 0.0578125 0.0490741 0.00227055
2 0.346094 0.110648 0.0130208 0.0398148 0.00248498
2 0.527604 0.113426 0.33125 0.0768519 0.00260524
1 0.0046875 0.353241 0.009375 0.0824074 0.00263132
1 0.0111979 0.363889 0.0223958 0.062963 0.00268002
9 0.756771 0.074537 0.0104167 0.0435185 0.00271586
13 0.970312 0.52963 0.0583333 0.190741 0.00275666
9 0.263281 0.0865741 0.0078125 0.0324074 0.00291548
2 0.441667 0.111574 0.145833 0.0657407 0.00335825
9 0.213281 0.0611111 0.0338542 0.0611111 0.00337269
9 0.99349 0.5125 0.0119792 0.165741 0.00341293
12 0.691927 0.163889 0.00885417 0.0388889 0.00357191
13 0.0130208 0.389815 0.0260417 0.124074 0.00387125
9 0.270052 0.0523148 0.0192708 0.0398148 0.00396303
2 0.0320312 0.106944 0.0546875 0.0564815 0.00397952
9 0.583594 0.0356481 0.0130208 0.0583333 0.00441815
12 0.701563 0.165278 0.01875 0.037963 0.00448391
2 0.639844 0.150463 0.0182292 0.062037 0.00452448
7 0.991927 0.518981 0.0151042 0.175 0.00483103
2 0.777865 0.110185 0.0255208 0.037037 0.00492046
2 0.363542 0.0722222 0.0125 0.0333333 0.00499851
2 0.84974 0.141667 0.118229 0.109259 0.00516988
1 0.00885417 0.385185 0.0177083 0.137037 0.00526754
7 0.214844 0.062963 0.0401042 0.0648148 0.00558822
2 0.309896 0.0555556 0.0208333 0.0277778 0.00567295
2 0.357031 0.108796 0.0776042 0.0675926 0.00635777
2 0.592448 0.125 0.0171875 0.0259259 0.00683619
2 0.444271 0.112037 0.0208333 0.0296296 0.00684711
12 0.994271 0.506481 0.0104167 0.155556 0.00687938
11 0.23724 0.0680556 0.0161458 0.0416667 0.00702438
9 0.572917 0.0310185 0.0145833 0.0583333 0.00798707
2 0.363281 0.0851852 0.0130208 0.0296296 0.00852245
1 0.00442708 0.393056 0.00885417 0.115741 0.00867748
9 0.220313 0.087037 0.0104167 0.0203704 0.00910087
9 0.26901 0.0337963 0.0223958 0.062037 0.00914327
9 0.441927 0.0861111 0.0130208 0.0259259 0.0128281
2 0.238542 0.140741 0.0177083 0.0425926 0.0155782
9 0.207292 0.0689815 0.01875 0.0416667 0.0165647
2 0.7875 0.0884259 0.0208333 0.0231481 0.0173613
2 0.271615 0.110185 0.0151042 0.037037 0.0175133
9 0.502083 0.759722 0.0125 0.0564815 0.0178784
7 0.970573 0.527778 0.0578125 0.203704 0.01887
2 0.442448 0.0856481 0.0140625 0.025 0.0216449
9 0.221615 0.0592593 0.0140625 0.0444444 0.0300703
2 0.488281 0.108333 0.0151042 0.0481481 0.0332125
9 0.567187 0.0481481 0.00833333 0.0240741 0.0365716
2 0.635417 0.148611 0.009375 0.0546296 0.0371475
7 0.295052 0.108333 0.0317708 0.0814815 0.0408546
2 0.373437 0.0847222 0.0125 0.0231481 0.0450931
2 0.461719 0.1125 0.0130208 0.037963 0.0573969
2 0.291927 0.112963 0.0255208 0.0722222 0.062569
7 0.326042 0.0694444 0.040625 0.0481481 0.108867
2 0.321875 0.0865741 0.0385417 0.0361111 0.130045
2 0.505469 0.104167 0.0432292 0.0638889 0.228572
2 0.479427 0.109722 0.0213542 0.0435185 0.24124
2 0.46849 0.110185 0.0244792 0.0425926 0.250694
7 0.505469 0.104167 0.0432292 0.0638889 0.456132
2 0.626823 0.123148 0.0255208 0.0518519 0.459016
2 0.31849 0.121759 0.0515625 0.0712963 0.673122
10 0.204167 0.315741 0.015625 0.0722222 0.71687
11 0.728906 0.0430556 0.0276042 0.0564815 0.770959
2 0.39401 0.10463 0.0380208 0.0537037 0.774515
2 0.363281 0.111574 0.0276042 0.0398148 0.794327
2 0.806771 0.146759 0.0322917 0.100926 0.826446
2 0.729688 0.419907 0.122917 0.171296 0.906856
