13 0.963802 0.555556 0.0442708 0.05 0.00103061
12 0.701823 0.163889 0.0234375 0.037037 0.00103644
11 0.220313 0.0680556 0.0520833 0.0583333 0.0010416
2 0.635677 0.140741 0.0213542 0.0592593 0.00104523
12 0.977865 0.500926 0.0421875 0.135185 0.00107138
2 0.584375 0.420833 0.615625 0.180556 0.0011158
2 0.804688 0.0847222 0.0364583 0.0342593 0.00115642
2 0.778125 0.106019 0.0270833 0.0435185 0.00119853
2 0.223698 0.0865741 0.0432292 0.0787037 0.00120857
2 0.21875 0.133796 0.0583333 0.0583333 0.00131797
2 0.286198 0.0990741 0.0973958 0.0925926 0.00133515
32 0.453646 0.313889 0.009375 0.0148148 0.00135373
11 0.255729 0.087037 0.01875 0.0407407 0.00135657
2 0.467969 0.0185185 0.0213542 0.0222222 0.00138604
13 0.985677 0.522222 0.0276042 0.181481 0.0014241
12 0.692969 0.1625 0.0078125 0.0398148 0.00148677
0 0.45625 0.0643518 0.0114583 0.0324074 0.0015085
2 0.771094 0.111111 0.0140625 0.0259259 0.00152649
7 0.988802 0.524537 0.0213542 0.187963 0.0015368
2 0.363802 0.0657407 0.0119792 0.0185185 0.00156494
9 0.58099 0.0356481 0.0130208 0.0527778 0.00160738
2 0.282813 0.0717593 0.0291667 0.0342593 0.00166388
2 0.291667 0.0694444 0.0135417 0.0166667 0.00171519
2 0.201042 0.243519 0.0177083 0.012963 0.00175442
9 0.276823 0.0398148 0.0390625 0.0759259 0.00197108
2 0.275 0.113426 0.021875 0.0527778 0.00197182
2 0.239583 0.106481 0.0177083 0.0351852 0.00202839
10 0.19375 0.29537 0.0364583 0.114815 0.00203097
2 0.653385 0.138889 0.0734375 0.0777778 0.00204836
2 0.535677 0.112037 0.00989583 0.0444444 0.00205451
7 0.277083 0.0652778 0.0395833 0.125 0.00240542
2 0.757031 0.116204 0.0151042 0.0324074 0.00249218
9 0.994531 0.514815 0.00989583 0.164815 0.00272407
2 0.214583 0.483796 0.0166667 0.0138889 0.00281343
11 0.60651 0.0597222 0.00989583 0.025 0.00281438
2 0.592969 0.124074 0.0171875 0.0277778 0.00301002
9 0.26276 0.0902778 0.0078125 0.0435185 0.00363699
0 0.715365 0.373148 0.0244792 0.0259259 0.00382102
2 0.544792 0.112037 0.276042 0.0685185 0.00383161
7 0.970052 0.531944 0.0588542 0.212037 0.00399121
11 0.23724 0.0703704 0.0161458 0.0462963 0.00409443
2 0.380208 0.111111 0.194792 0.0740741 0.00421489
0 0.266667 0.0981481 0.0104167 0.0555556 0.00434164
2 0.53125 0.111574 0.0135417 0.0416667 0.00459993
2 0.00520833 0.401852 0.0104167 0.101852 0.00516592
2 0.813542 0.0768519 0.0197917 0.0203704 0.00535457
2 0.310156 0.0814815 0.0317708 0.0333333 0.005437
9 0.220573 0.0875 0.0109375 0.0157407 0.00545598
1 0.810156 0.32963 0.0192708 0.0777778 0.0063685
13 0.00572917 0.397222 0.0114583 0.107407 0.00721452
9 0.572656 0.0314815 0.0140625 0.0592593 0.00738259
12 0.99375 0.501389 0.0114583 0.141667 0.0079526
2 0.466406 0.111111 0.0723958 0.0555556 0.00820989
10 0.176563 0.279167 0.0145833 0.0453704 0.00822189
9 0.269271 0.0467593 0.0208333 0.0416667 0.00850126
9 0.294531 0.0546296 0.00885417 0.037037 0.00902585
2 0.429427 0.111111 0.0598958 0.0537037 0.00929298
2 0.270312 0.109259 0.0125 0.0407407 0.00933501
13 0.0143229 0.39537 0.0286458 0.111111 0.0104632
1 0.00911458 0.395833 0.0182292 0.113889 0.0104696
2 0.785937 0.0893519 0.0135417 0.0231481 0.0109802
2 0.286198 0.117593 0.0151042 0.062963 0.0113829
2 0.64974 0.149074 0.0380208 0.0574074 0.0127802
9 0.213802 0.0615741 0.0317708 0.0546296 0.0138707
2 0.0046875 0.556481 0.009375 0.0407407 0.0155145
7 0.220052 0.0694444 0.0515625 0.0648148 0.0224816
5 0.220573 0.0671296 0.0494792 0.0546296 0.0226828
9 0.502083 0.759722 0.0135417 0.0546296 0.0246632
9 0.26875 0.025 0.0208333 0.0444444 0.0252307
2 0.238281 0.141667 0.0182292 0.0388889 0.0274424
2 0.635417 0.146759 0.0114583 0.0546296 0.0339748
0 0.442969 0.0861111 0.0109375 0.0277778 0.0529306
9 0.567448 0.0481481 0.00885417 0.0240741 0.0567062
2 0.3 0.105093 0.0364583 0.075 0.0913718
2 0.322135 0.0847222 0.0369792 0.0324074 0.339233
2 0.478646 0.109259 0.0260417 0.0444444 0.378608
2 0.50625 0.103704 0.0416667 0.062963 0.52083
2 0.445052 0.115278 0.0421875 0.0361111 0.6406
2 0.627604 0.121759 0.0260417 0.0509259 0.645634
2 0.424479 0.0662037 0.0447917 0.0305556 0.755948
2 0.31875 0.121759 0.0510417 0.0694444 0.778125
10 0.204167 0.315278 0.0166667 0.0712963 0.792778
11 0.729167 0.0435185 0.0270833 0.0574074 0.809989
2 0.729688 0.419444 0.122917 0.17037 0.89399
