11 0.239583 0.0351852 0.021875 0.0685185 0.00105963
9 0.989583 0.518056 0.0197917 0.176852 0.00108065
2 0.0429688 0.120833 0.0755208 0.087963 0.00108672
0 0.238021 0.137037 0.0177083 0.0444444 0.0011197
13 0.0138021 0.39537 0.0276042 0.118519 0.0011455
12 0.692708 0.165278 0.0104167 0.037963 0.00117014
13 0.00416667 0.400463 0.00833333 0.108333 0.00117103
2 0.789062 0.108333 0.0479167 0.0555556 0.00118472
2 0.814583 0.0768519 0.01875 0.0185185 0.00122885
1 0.0104167 0.366204 0.0208333 0.0638889 0.00125323
13 0.9875 0.518981 0.0239583 0.176852 0.00125604
9 0.29375 0.0537037 0.009375 0.037037 0.00127875
0 0.758854 0.0805556 0.0114583 0.0462963 0.0013332
13 0.970833 0.526852 0.0572917 0.17037 0.00133874
7 0.971094 0.522222 0.0567708 0.192593 0.00134691
7 0.989844 0.516667 0.0192708 0.181481 0.00135526
12 0.9875 0.516667 0.0239583 0.174074 0.00137538
2 0.65651 0.137963 0.0796875 0.0851852 0.00149867
0 0.995573 0.331481 0.0078125 0.0518519 0.0015445
1 0.00520833 0.393056 0.0104167 0.119444 0.00155336
11 0.254167 0.087963 0.015625 0.0333333 0.00163816
9 0.458333 0.0652778 0.00729167 0.0305556 0.00173487
9 0.5 0.603241 0.0145833 0.037963 0.00176347
0 0.846094 0.186111 0.00677083 0.0277778 0.00182393
9 0.261719 0.0421296 0.0140625 0.0564815 0.00183827
9 0.416146 0.0101852 0.0166667 0.0203704 0.0019313
9 0.263021 0.0884259 0.00833333 0.0342593 0.00199414
0 0.536458 0.106944 0.0104167 0.0546296 0.00200176
12 0.977344 0.496296 0.0432292 0.127778 0.00203734
2 0.64974 0.149074 0.0369792 0.0611111 0.00221685
1 0.810156 0.331944 0.0182292 0.0842593 0.00222096
0 0.44349 0.0990741 0.0182292 0.0481481 0.00222241
2 0.0346354 0.107407 0.0515625 0.0574074 0.00226964
2 0.266406 0.1 0.0109375 0.0555556 0.00232091
0 0.757552 0.0962963 0.0151042 0.0833333 0.00290617
11 0.2375 0.0666667 0.015625 0.0407407 0.00308037
2 0.442708 0.087963 0.0145833 0.0296296 0.00321165
2 0.53125 0.110185 0.0145833 0.0462963 0.00336266
9 0.583854 0.0351852 0.0135417 0.0592593 0.00345169
11 0.60599 0.0606481 0.00989583 0.025 0.00355723
2 0.579687 0.113426 0.322917 0.0675926 0.00365802
9 0.110156 0.0263889 0.0130208 0.0361111 0.00369898
9 0.571354 0.0319444 0.0135417 0.0583333 0.00371841
2 0.77526 0.116204 0.0192708 0.0324074 0.00382715
2 0.380729 0.114352 0.189583 0.0787037 0.00394318
58 0.968229 0.497222 0.028125 0.0833333 0.00399817
7 0.146875 0.0912037 0.0666667 0.0787037 0.00409676
2 0.298698 0.108333 0.0807292 0.087037 0.00429546
0 0.263021 0.106019 0.009375 0.0490741 0.00441683
2 0.472656 0.113889 0.0848958 0.0648148 0.00455056
9 0.99349 0.494444 0.0119792 0.127778 0.00495242
2 0.358333 0.103704 0.0489583 0.0574074 0.00528606
0 0.758333 0.123611 0.0135417 0.0268519 0.00555473
2 0.535417 0.0851852 0.0114583 0.0240741 0.00610445
0 0.36276 0.0865741 0.00989583 0.0416667 0.00658894
7 0.219792 0.0675926 0.0510417 0.062963 0.00753235
12 0.994531 0.491204 0.00989583 0.130556 0.00758544
2 0.363281 0.0685185 0.0119792 0.0240741 0.00796384
9 0.757292 0.0824074 0.0125 0.0555556 0.0085918
9 0.213281 0.0615741 0.0328125 0.0509259 0.00867569
2 0.786198 0.0875 0.0161458 0.025 0.00935558
2 0.270573 0.109722 0.0130208 0.0398148 0.00947294
5 0.219792 0.0675926 0.0510417 0.0592593 0.0110141
9 0.442708 0.0875 0.0135417 0.0268519 0.0113043
2 0.238802 0.139352 0.0192708 0.0435185 0.0125396
2 0.634896 0.140278 0.0114583 0.0472222 0.0128058
0 0.36875 0.115741 0.0125 0.0425926 0.013091
9 0.502344 0.761111 0.0130208 0.0537037 0.0204627
2 0.53099 0.087963 0.0171875 0.0240741 0.02112
9 0.567448 0.0481481 0.00885417 0.0240741 0.0298456
9 0.26875 0.0356481 0.0229167 0.0675926 0.0303288
2 0.48724 0.10787 0.0140625 0.0490741 0.0372418
2 0.592708 0.128704 0.0177083 0.0222222 0.0451416
2 0.36901 0.114352 0.0109375 0.0361111 0.0895102
7 0.297917 0.108333 0.0385417 0.0814815 0.0896568
2 0.372917 0.108796 0.0208333 0.0472222 0.0950891
2 0.295312 0.109722 0.0322917 0.0805556 0.146039
2 0.464583 0.1125 0.0166667 0.0398148 0.215174
2 0.479427 0.109722 0.0203125 0.0453704 0.301216
2 0.627604 0.121759 0.025 0.0546296 0.361145
2 0.322135 0.0851852 0.0369792 0.0333333 0.367161
2 0.50651 0.104167 0.0421875 0.0638889 0.530493
10 0.204167 0.315278 0.015625 0.0731481 0.684394
2 0.31901 0.122222 0.0505208 0.0703704 0.761888
11 0.729167 0.0439815 0.0270833 0.0564815 0.777819
2 0.394271 0.123148 0.046875 0.0703704 0.843619
2 0.729948 0.419907 0.122396 0.171296 0.902302
2 0.746354 0.190741 0.128125 0.111111 0.906173
