7 0.236979 0.0703704 0.015625 0.0481481 0.00102045
2 0.288021 0.0759259 0.0197917 0.0314815 0.0010223
2 0.6625 0.150926 0.0645833 0.062963 0.00102339
9 0.21901 0.100926 0.0109375 0.0444444 0.00104843
9 0.560417 0.0291667 0.0229167 0.0564815 0.0010686
0 0.579427 0.411111 0.0369792 0.037037 0.0010848
9 0.361198 0.0643518 0.0109375 0.0212963 0.00108948
9 0.18776 0.0828704 0.00677083 0.0268519 0.0011701
9 0.2375 0.0731481 0.0177083 0.0518519 0.0011884
0 0.73151 0.371759 0.0286458 0.0305556 0.00121434
9 0.415625 0.00972222 0.0145833 0.0194444 0.00122149
2 0.241146 0.106481 0.015625 0.037037 0.00122891
0 0.756771 0.0902778 0.0125 0.0805556 0.00124103
1 0.802344 0.320833 0.0286458 0.0898148 0.0012501
2 0.219271 0.12963 0.0572917 0.062963 0.00134795
9 0.988281 0.497685 0.0223958 0.139815 0.00136372
12 0.702083 0.144907 0.0239583 0.075 0.00136583
2 0.303646 0.132407 0.034375 0.0537037 0.00139856
2 0.201302 0.243519 0.0171875 0.0166667 0.00149748
2 0.53724 0.112963 0.00989583 0.0425926 0.00150228
2 0.532031 0.112963 0.0140625 0.0425926 0.00155569
13 0.973698 0.523611 0.0515625 0.186111 0.00161517
9 0.547917 0.0513889 0.0104167 0.025 0.00165531
0 0.519531 0.466204 0.0140625 0.128704 0.00171077
0 0.757292 0.374537 0.0197917 0.0305556 0.00183116
12 0.99401 0.518981 0.0109375 0.171296 0.001839
2 0.59349 0.124074 0.0182292 0.0277778 0.00195252
2 0.559115 0.110648 0.292188 0.075 0.00201515
9 0.589323 0.0361111 0.0130208 0.0555556 0.00215037
2 0.405469 0.111574 0.273438 0.0824074 0.00224099
12 0.692969 0.163426 0.0078125 0.0416667 0.00225942
0 0.716406 0.371296 0.0255208 0.0277778 0.00244318
0 0.263281 0.100463 0.00885417 0.0564815 0.00253625
7 0.970573 0.527778 0.0578125 0.205556 0.00257921
2 0.00494792 0.369907 0.00989583 0.0898148 0.0026337
0 0.559115 0.421296 0.0265625 0.037037 0.00263476
0 0.56901 0.419907 0.0276042 0.0324074 0.00272951
7 0.219792 0.087037 0.0541667 0.12037 0.00291378
2 0.363802 0.0666667 0.0119792 0.0203704 0.00303607
9 0.252344 0.0861111 0.0140625 0.0351852 0.00331629
1 0.0132813 0.394444 0.0265625 0.114815 0.00337696
9 0.25599 0.0763889 0.0109375 0.0472222 0.00338768
9 0.757292 0.0717593 0.0104167 0.0453704 0.00350444
2 0.445573 0.110648 0.126563 0.0657407 0.0035181
9 0.577083 0.0342593 0.0166667 0.0648148 0.00401927
0 0.617708 0.424074 0.0166667 0.0388889 0.00402116
11 0.236979 0.0689815 0.0166667 0.0435185 0.0044323
2 0.00911458 0.391667 0.0182292 0.124074 0.00444506
0 0.5875 0.421759 0.046875 0.0342593 0.00479365
9 0.208333 0.0662037 0.021875 0.0472222 0.00515993
9 0.29375 0.0574074 0.009375 0.0425926 0.00538806
9 0.292448 0.0712963 0.0119792 0.0185185 0.00545272
19 0.442708 0.087037 0.0135417 0.0277778 0.00567061
2 0.442708 0.0898148 0.0135417 0.0333333 0.0057889
2 0.0111979 0.366204 0.0223958 0.0435185 0.00581214
9 0.263021 0.0888889 0.00833333 0.0351852 0.00601251
2 0.307292 0.0814815 0.021875 0.0333333 0.00619195
9 0.584115 0.0351852 0.0140625 0.0611111 0.0064998
9 0.500781 0.602315 0.0151042 0.0416667 0.00673226
9 0.458073 0.0657407 0.00677083 0.0277778 0.00674827
9 0.266146 0.0976852 0.009375 0.0509259 0.00681624
2 0.271354 0.108333 0.0135417 0.0407407 0.00697271
9 0.994531 0.502778 0.00989583 0.144444 0.00750048
1 0.810417 0.332407 0.0197917 0.0925926 0.00777232
2 0.740625 0.447222 0.469792 0.211111 0.00826624
7 0.314063 0.1125 0.05625 0.0861111 0.0137388
0 0.442187 0.0976852 0.015625 0.0509259 0.014664
0 0.605469 0.421759 0.0234375 0.0342593 0.0151639
2 0.786458 0.0893519 0.0166667 0.0231481 0.0155
9 0.570573 0.0314815 0.0130208 0.0592593 0.0156615
2 0.0046875 0.55787 0.009375 0.0398148 0.0162397
2 0.635417 0.147685 0.0104167 0.0527778 0.0163396
7 0.213021 0.0615741 0.0333333 0.0601852 0.0163527
0 0.635417 0.148611 0.009375 0.0490741 0.018173
2 0.238542 0.140278 0.01875 0.0416667 0.0182985
11 0.60599 0.0597222 0.0109375 0.025 0.0207338
9 0.269271 0.037037 0.021875 0.0666667 0.0211972
2 0.00442708 0.406481 0.00885417 0.0925926 0.0250797
9 0.502865 0.759722 0.0130208 0.0564815 0.0281802
9 0.219792 0.087963 0.0104167 0.0185185 0.0294433
0 0.00442708 0.396759 0.00885417 0.110185 0.0396189
2 0.486458 0.107407 0.015625 0.05 0.0423943
2 0.292708 0.108796 0.028125 0.0805556 0.0429488
9 0.567448 0.0481481 0.00885417 0.0240741 0.0730875
7 0.297396 0.107407 0.0385417 0.0851852 0.0813146
2 0.461979 0.112963 0.0125 0.037037 0.126383
2 0.322917 0.0861111 0.0375 0.0351852 0.277759
2 0.476562 0.108333 0.0291667 0.0462963 0.303615
2 0.627344 0.121296 0.0255208 0.0518519 0.320981
7 0.50599 0.103704 0.0432292 0.062963 0.342667
2 0.505729 0.103704 0.0427083 0.062963 0.494421
2 0.318229 0.121296 0.0510417 0.0703704 0.620342
10 0.204167 0.316204 0.015625 0.0712963 0.659784
11 0.729427 0.0435185 0.0276042 0.0574074 0.686653
2 0.729688 0.419907 0.122917 0.171296 0.891131
2 0.579167 0.466667 0.135417 0.187037 0.900782
