2 0.784115 0.0907407 0.0130208 0.0185185 0.00100791
0 0.528906 0.275463 0.559896 0.434259 0.00100844
2 0.723958 0.426389 0.548958 0.237963 0.0010376
9 0.565104 0.0314815 0.0166667 0.0592593 0.00107556
12 0.985937 0.520833 0.0270833 0.171296 0.00116543
2 0.683854 0.411574 0.028125 0.128704 0.00118911
9 0.972917 0.529167 0.053125 0.187963 0.00119023
9 0.565625 0.0435185 0.0104167 0.037037 0.00123305
0 0.25599 0.129167 0.0161458 0.0601852 0.00124763
0 0.757812 0.0930556 0.0145833 0.0805556 0.00131137
0 0.258333 0.100463 0.0177083 0.0824074 0.00135207
0 0.566406 0.726852 0.174479 0.518519 0.00141249
32 0.460677 0.356944 0.0109375 0.0157407 0.00143908
2 0.749479 0.173148 0.0260417 0.0351852 0.0014506
9 0.26901 0.0606481 0.0171875 0.0361111 0.00156482
9 0.259896 0.0384259 0.0125 0.0564815 0.00163183
2 0.640104 0.388426 0.326042 0.225 0.00173691
2 0.463281 0.113426 0.0161458 0.0416667 0.0017724
11 0.219792 0.0675926 0.0541667 0.0574074 0.00181318
2 0.774219 0.116204 0.0171875 0.0305556 0.00188218
7 0.984115 0.531018 0.0307292 0.202778 0.00195233
11 0.240885 0.0328704 0.0234375 0.0638889 0.00202018
2 0.564062 0.10787 0.321875 0.0712963 0.00205711
9 0.469792 0.414815 0.00833333 0.0203704 0.00217163
2 0.415365 0.111111 0.302604 0.0851852 0.00232741
0 0.114844 0.109722 0.0119792 0.0398148 0.00234795
7 0.29974 0.10463 0.0796875 0.087037 0.00244624
0 0.265885 0.0972222 0.0119792 0.0555556 0.00250673
9 0.995313 0.529167 0.00833333 0.0453704 0.00254039
11 0.235677 0.0689815 0.0203125 0.0453704 0.00264714
13 0.00364583 0.40463 0.00729167 0.1 0.00283644
0 0.545313 0.314352 0.028125 0.0453704 0.00286202
9 0.416146 0.0115741 0.0166667 0.0231481 0.00323214
9 0.215885 0.0564815 0.0286458 0.05 0.00323951
1 0.00390625 0.389815 0.0078125 0.124074 0.00324505
9 0.220573 0.0875 0.0109375 0.0157407 0.00373269
2 0.238802 0.137037 0.0203125 0.05 0.00385864
32 0.454427 0.315278 0.0078125 0.0138889 0.00433986
2 0.661719 0.144907 0.0671875 0.0861111 0.0044456
2 0.363281 0.0680556 0.0119792 0.0231481 0.00457059
0 0.757031 0.375 0.0182292 0.0277778 0.00462461
2 0.634635 0.144444 0.0119792 0.0481481 0.00484959
0 0.729688 0.371296 0.034375 0.0314815 0.00491695
2 0.456771 0.109259 0.125 0.0648148 0.00494211
0 0.00364583 0.39537 0.00729167 0.116667 0.00506556
9 0.26224 0.0888889 0.00885417 0.0425926 0.00540516
1 0.810417 0.333796 0.0208333 0.087963 0.00542624
9 0.268229 0.0342593 0.0197917 0.0648148 0.00565179
2 0.270312 0.109722 0.0125 0.0398148 0.00576001
0 0.2625 0.102315 0.009375 0.0564815 0.00622773
9 0.989323 0.503241 0.0203125 0.134259 0.00629672
9 0.995052 0.495833 0.00885417 0.126852 0.00650894
2 0.532812 0.111574 0.015625 0.0453704 0.00736324
9 0.255469 0.0810185 0.0109375 0.0490741 0.00796472
9 0.206771 0.0685185 0.0229167 0.0407407 0.00872959
9 0.36224 0.0689815 0.00989583 0.0231481 0.00888497
0 0.569792 0.311574 0.025 0.025 0.00893987
0 0.635417 0.147685 0.0104167 0.0490741 0.00912863
9 0.567448 0.0481481 0.00885417 0.0240741 0.0107345
2 0.442708 0.0888889 0.0135417 0.0296296 0.0109637
9 0.500521 0.602778 0.0145833 0.0388889 0.0113958
10 0.442969 0.0884259 0.0130208 0.0268519 0.0121848
11 0.60625 0.0611111 0.009375 0.0240741 0.0193975
0 0.713542 0.371296 0.0208333 0.0259259 0.0260908
0 0.442708 0.0986111 0.0145833 0.0472222 0.0332107
2 0.592448 0.130556 0.0192708 0.0203704 0.0502515
5 0.21901 0.0675926 0.0536458 0.0518519 0.0613551
9 0.502604 0.759722 0.0125 0.0564815 0.0978583
2 0.297917 0.108796 0.0354167 0.0842593 0.0991718
7 0.297396 0.108796 0.0364583 0.0842593 0.142422
2 0.627865 0.121759 0.0244792 0.0509259 0.241074
2 0.322396 0.087037 0.0385417 0.0351852 0.33459
2 0.472917 0.110185 0.0333333 0.0444444 0.427686
2 0.505469 0.104167 0.0432292 0.062037 0.580099
11 0.729948 0.0435185 0.0265625 0.0574074 0.661749
2 0.319271 0.121759 0.0489583 0.0694444 0.739768
10 0.203906 0.31713 0.0171875 0.0712963 0.747803
2 0.558333 0.344907 0.103125 0.147222 0.912775
2 0.730208 0.419444 0.121875 0.172222 0.915623
