2 0.00494792 0.0939815 0.00989583 0.0398148 0.00101384
2 0.640365 0.151389 0.0203125 0.062037 0.00103032
2 0.595312 0.424074 0.589583 0.181481 0.00105523
9 0.561458 0.05 0.01875 0.0240741 0.00106814
0 0.817969 0.2375 0.0078125 0.0342593 0.00107151
2 0.79349 0.101389 0.0536458 0.0509259 0.00108859
9 0.570052 0.0314815 0.0130208 0.0574074 0.00110018
0 0.758333 0.111574 0.0145833 0.0583333 0.0011852
9 0.583594 0.0444444 0.0130208 0.0351852 0.00124605
9 0.363021 0.050463 0.0114583 0.0416667 0.00132117
2 0.961458 0.555556 0.0395833 0.0407407 0.00136974
0 0.528385 0.0981481 0.0182292 0.0703704 0.00146356
9 0.264323 0.0425926 0.0119792 0.0388889 0.00148218
1 0.0078125 0.160648 0.015625 0.0435185 0.00151507
0 0.757292 0.375463 0.01875 0.0305556 0.00153734
9 0.995313 0.534722 0.00833333 0.0416667 0.00156873
0 0.730729 0.372222 0.03125 0.0314815 0.00157416
1 0.0117188 0.357407 0.0234375 0.0685185 0.00162014
2 0.277865 0.0537037 0.0338542 0.0388889 0.00165464
2 0.441406 0.109722 0.0786458 0.0472222 0.00173465
1 0.0338542 0.17963 0.0291667 0.0574074 0.00174225
0 0.26276 0.10463 0.00989583 0.05 0.00189615
2 0.292448 0.101389 0.0744792 0.0935185 0.0018977
2 0.244271 0.106481 0.0104167 0.0333333 0.00198842
9 0.269271 0.0203704 0.0208333 0.0333333 0.00202332
9 0.23724 0.0680556 0.0171875 0.0416667 0.00220691
11 0.240365 0.0314815 0.0223958 0.0592593 0.00221514
7 0.970312 0.519907 0.0583333 0.187963 0.00224902
12 0.702083 0.165278 0.0208333 0.037963 0.0022558
2 0.815885 0.0712963 0.0140625 0.0148148 0.00243371
1 0.0046875 0.46713 0.009375 0.215741 0.00244575
9 0.115104 0.0240741 0.0145833 0.0425926 0.0024807
0 0.36276 0.0638889 0.0109375 0.0351852 0.00269735
9 0.259375 0.075 0.0135417 0.0555556 0.00273421
12 0.69375 0.163889 0.00729167 0.037037 0.00276253
9 0.2625 0.087037 0.00833333 0.0388889 0.00279218
2 0.363281 0.0680556 0.0119792 0.0231481 0.00313365
7 0.299219 0.0888889 0.0536458 0.103704 0.00325982
2 0.398438 0.108333 0.223958 0.0666667 0.00346968
2 0.815365 0.0847222 0.0140625 0.0268519 0.00365675
2 0.544792 0.109259 0.159375 0.0592593 0.00366133
7 0.99349 0.518056 0.0119792 0.165741 0.00382489
2 0.442708 0.0888889 0.0145833 0.0277778 0.00418539
9 0.253385 0.087037 0.0140625 0.037037 0.00428422
2 0.773177 0.112963 0.0161458 0.0314815 0.00466046
12 0.702604 0.140278 0.0239583 0.0824074 0.00475852
9 0.108333 0.0300926 0.0114583 0.037963 0.00497932
2 0.238542 0.140278 0.01875 0.0453704 0.00544317
0 0.715365 0.373148 0.0244792 0.0277778 0.00561566
9 0.500521 0.605093 0.015625 0.0453704 0.00564028
2 0.798698 0.0847222 0.0317708 0.025 0.00582541
0 0.44401 0.099537 0.0182292 0.0509259 0.0074773
2 0.338542 0.0875 0.0145833 0.0324074 0.00757168
9 0.993229 0.506944 0.0125 0.150926 0.00782232
2 0.59375 0.125 0.0166667 0.0259259 0.0079799
11 0.60625 0.0601852 0.009375 0.0259259 0.00925822
1 0.0234375 0.181481 0.046875 0.0722222 0.00978861
2 0.779688 0.103241 0.0291667 0.0453704 0.00984532
9 0.210677 0.0662037 0.0296875 0.0472222 0.0121433
10 0.442708 0.0875 0.0135417 0.0268519 0.0124356
2 0.510417 0.0689815 0.01875 0.0157407 0.0126907
5 0.220833 0.0666667 0.05 0.0592593 0.0162821
0 0.995833 0.325926 0.00729167 0.0537037 0.0173242
2 0.813281 0.0759259 0.0192708 0.0166667 0.0175678
2 0.269792 0.0518519 0.0197917 0.0333333 0.0204446
2 0.271875 0.109259 0.0135417 0.0388889 0.0216836
9 0.502604 0.761574 0.0125 0.0527778 0.0231862
9 0.567187 0.0486111 0.00833333 0.0231481 0.0232597
7 0.220573 0.0625 0.0505208 0.0675926 0.0233337
9 0.177083 0.511111 0.0385417 0.0425926 0.0245843
2 0.635417 0.146759 0.0114583 0.0546296 0.0277686
1 0.00416667 0.411574 0.00833333 0.087963 0.0305294
0 0.757812 0.0898148 0.0125 0.0703704 0.0312421
7 0.30625 0.0699074 0.0302083 0.0435185 0.0353847
2 0.00442708 0.410185 0.00885417 0.0925926 0.0399329
0 0.635417 0.148148 0.0104167 0.05 0.0412324
1 0.0119792 0.394907 0.0239583 0.121296 0.0459579
2 0.463542 0.111574 0.0166667 0.0416667 0.0566309
2 0.786458 0.0902778 0.015625 0.0212963 0.063662
2 0.527865 0.075 0.0192708 0.0277778 0.142421
2 0.321615 0.0875 0.0369792 0.0305556 0.152254
2 0.294531 0.111574 0.0296875 0.075 0.178088
2 0.30625 0.0601852 0.0291667 0.037037 0.224891
2 0.627865 0.122685 0.0265625 0.0509259 0.493472
2 0.473958 0.110185 0.0354167 0.0444444 0.530668
2 0.50599 0.105093 0.0411458 0.062037 0.685542
10 0.204167 0.315741 0.015625 0.0703704 0.7123
2 0.31875 0.119907 0.05 0.0731481 0.715701
11 0.728906 0.0425926 0.0265625 0.0555556 0.800172
2 0.402083 0.106019 0.0416667 0.0546296 0.815903
2 0.729948 0.419907 0.122396 0.173148 0.92138
