9 0.576563 0.0319444 0.0135417 0.0601852 0.00101307
9 0.566927 0.0578704 0.0109375 0.0453704 0.0010641
7 0.279948 0.074537 0.0380208 0.143519 0.00116366
58 0.96849 0.497222 0.0296875 0.0888889 0.00116858
9 0.559896 0.0273148 0.0208333 0.0472222 0.00119865
9 0.440104 0.197222 0.0114583 0.0314815 0.00120576
13 0.971094 0.52037 0.0567708 0.17037 0.00129641
7 0.970573 0.518519 0.0578125 0.183333 0.0013533
7 0.989323 0.516667 0.0203125 0.183333 0.00140213
2 0.223438 0.1375 0.0479167 0.0509259 0.00141633
7 0.296354 0.105556 0.078125 0.0962963 0.00147679
9 0.253385 0.0884259 0.0161458 0.0361111 0.00149647
2 0.813542 0.0763889 0.0177083 0.0175926 0.00150606
0 0.755729 0.0930556 0.0145833 0.0805556 0.0015323
2 0.413281 0.110648 0.284896 0.0824074 0.00159194
11 0.240104 0.0342593 0.0208333 0.0666667 0.00177915
2 0.655208 0.1375 0.0802083 0.087963 0.00186266
2 0.00651042 0.0916667 0.0130208 0.0444444 0.00188902
2 0.56875 0.109722 0.246875 0.0712963 0.00205028
1 0.160938 0.67963 0.0177083 0.111111 0.00206091
9 0.35625 0.0194444 0.00729167 0.0185185 0.00209887
0 0.442708 0.0990741 0.0177083 0.0518519 0.00220134
0 0.104948 0.575463 0.209896 0.415741 0.00230154
2 0.363542 0.0680556 0.0114583 0.0212963 0.0023798
2 0.242188 0.105093 0.0125 0.0324074 0.00240366
0 0.995313 0.32963 0.00833333 0.0574074 0.00253957
1 0.154948 0.661111 0.0286458 0.140741 0.00268489
0 0.715885 0.371759 0.0234375 0.0287037 0.00272135
2 0.475521 0.109722 0.0666667 0.0638889 0.002743
9 0.29349 0.0574074 0.00989583 0.0388889 0.00278994
24 0.176302 0.562037 0.0286458 0.0851852 0.00301653
12 0.701823 0.148611 0.0223958 0.0694444 0.00304884
2 0.442708 0.087037 0.0135417 0.0259259 0.00375046
5 0.220833 0.0777778 0.0520833 0.0722222 0.00442395
12 0.693229 0.164352 0.00729167 0.0398148 0.00444515
9 0.502083 0.760185 0.0125 0.0518519 0.00444939
9 0.263802 0.0916667 0.00989583 0.0425926 0.00485677
9 0.21276 0.0671296 0.0348958 0.0509259 0.00486931
0 0.146354 0.913426 0.114583 0.171296 0.00517809
2 0.65026 0.150463 0.0390625 0.0583333 0.00529646
0 0.263021 0.102778 0.009375 0.0518519 0.00548284
9 0.36224 0.0699074 0.00885417 0.0231481 0.00572334
9 0.567708 0.0314815 0.0145833 0.0574074 0.00588026
9 0.220573 0.0875 0.0109375 0.0157407 0.00598405
0 0.266927 0.100463 0.0109375 0.0546296 0.00637786
12 0.994792 0.499074 0.009375 0.138889 0.00668758
7 0.220052 0.0685185 0.0505208 0.0685185 0.00673883
2 0.00494792 0.557407 0.00989583 0.0388889 0.00726111
11 0.236979 0.0680556 0.0166667 0.0416667 0.00760327
1 0.00364583 0.418981 0.00729167 0.062037 0.00813667
2 0.785937 0.0902778 0.0145833 0.0212963 0.0104421
0 0.635417 0.148611 0.009375 0.0527778 0.0120009
2 0.270833 0.106944 0.0135417 0.0435185 0.0128146
2 0.592708 0.124537 0.0166667 0.025 0.0132555
9 0.442448 0.0875 0.0130208 0.0268519 0.0152129
11 0.60625 0.0601852 0.0104167 0.0240741 0.0155833
9 0.207292 0.0694444 0.01875 0.0425926 0.0168337
1 0.0130208 0.398148 0.0260417 0.103704 0.016931
2 0.635156 0.14537 0.0109375 0.0537037 0.0181776
9 0.221875 0.0541667 0.015625 0.0398148 0.0254084
2 0.238542 0.141667 0.0177083 0.0388889 0.0302567
2 0.48776 0.107407 0.0140625 0.05 0.0317351
1 0.177344 0.646759 0.0255208 0.136111 0.0455432
9 0.567187 0.0476852 0.00833333 0.0231481 0.0710864
2 0.295052 0.106944 0.0317708 0.0824074 0.0915057
24 0.16875 0.546296 0.03125 0.0722222 0.0964863
9 0.26875 0.0342593 0.0208333 0.0648148 0.0968755
7 0.297656 0.106481 0.0390625 0.0814815 0.127909
2 0.461979 0.114352 0.0125 0.0342593 0.136438
2 0.322135 0.0865741 0.0369792 0.0342593 0.262732
2 0.479948 0.108796 0.0223958 0.0453704 0.286918
1 0.166667 0.657407 0.0364583 0.148148 0.424145
2 0.627344 0.121759 0.0255208 0.0509259 0.491361
2 0.505469 0.104167 0.0432292 0.062037 0.582244
2 0.318229 0.120833 0.0510417 0.0712963 0.650896
10 0.204167 0.315741 0.015625 0.0722222 0.758454
0 0.167708 0.602778 0.0447917 0.224074 0.763244
11 0.729167 0.0430556 0.0270833 0.0564815 0.790795
2 0.729948 0.419444 0.122396 0.172222 0.895535
