2 0.283073 0.0962963 0.109896 0.0925926 0.00100905
0 0.75651 0.374537 0.0203125 0.0324074 0.00100976
2 0.2625 0.106481 0.009375 0.0462963 0.00104222
2 0.654948 0.137037 0.0807292 0.0814815 0.00106722
32 0.454167 0.314815 0.00729167 0.012963 0.00110091
7 0.971094 0.526852 0.0567708 0.196296 0.00112759
12 0.701302 0.164352 0.0192708 0.0398148 0.00114173
2 0.10026 0.136574 0.0359375 0.0472222 0.00116123
7 0.786979 0.062037 0.0229167 0.0592593 0.00120374
0 0.602865 0.456481 0.0515625 0.0592593 0.00132873
1 0.0138021 0.39537 0.0276042 0.109259 0.00135796
9 0.261979 0.0490741 0.0145833 0.0425926 0.00146857
9 0.984635 0.499537 0.0213542 0.128704 0.00149789
2 0.00598958 0.121759 0.0119792 0.100926 0.00152391
13 0.970833 0.524537 0.0572917 0.184259 0.00158812
9 0.292708 0.05 0.00833333 0.0333333 0.00162304
0 0.192188 0.739815 0.1625 0.488889 0.00165902
2 0.554688 0.108796 0.271875 0.0694444 0.00187787
2 0.00572917 0.0916667 0.0114583 0.0444444 0.00207878
9 0.565885 0.0310185 0.0171875 0.0564815 0.00215191
2 0.798698 0.0842593 0.0380208 0.0333333 0.00227971
9 0.548177 0.05 0.0109375 0.0259259 0.00230058
2 0.634375 0.143981 0.0125 0.0583333 0.00241725
11 0.236719 0.0662037 0.0171875 0.0398148 0.00256378
9 0.99401 0.511111 0.0109375 0.159259 0.00274671
2 0.278906 0.118056 0.0307292 0.0527778 0.00279
62 0.603125 0.456944 0.0520833 0.062037 0.00283133
12 0.985677 0.498148 0.0192708 0.125926 0.0028724
0 0.708594 0.372222 0.0213542 0.0277778 0.00300834
1 0.00625 0.395833 0.0125 0.10463 0.00308245
2 0.153385 0.0481481 0.0223958 0.0203704 0.00319369
9 0.502344 0.758796 0.0109375 0.0564815 0.00326696
2 0.375781 0.109259 0.178646 0.0740741 0.00331132
9 0.207813 0.0694444 0.0239583 0.0425926 0.00338592
0 0.285417 0.0921296 0.0125 0.0435185 0.00385651
1 0.0138021 0.368056 0.0276042 0.0472222 0.00399231
12 0.995052 0.501389 0.00885417 0.143519 0.0041904
2 0.475521 0.108333 0.075 0.0555556 0.00421774
2 0.415104 0.108333 0.0739583 0.0555556 0.00445718
0 0.718229 0.371296 0.021875 0.0277778 0.00462559
2 0.81224 0.075463 0.0203125 0.0194444 0.0046738
12 0.973177 0.499537 0.0380208 0.128704 0.00532357
12 0.692969 0.162963 0.0078125 0.0407407 0.00577942
2 0.238542 0.140741 0.0166667 0.0407407 0.00593577
2 0.53125 0.111574 0.0135417 0.0435185 0.00598285
2 0.60651 0.0587963 0.00989583 0.025 0.00643096
2 0.782292 0.103241 0.0354167 0.0564815 0.00648162
2 0.448958 0.114352 0.0260417 0.025 0.00666689
9 0.113281 0.0236111 0.0171875 0.0416667 0.00706235
9 0.26875 0.0523148 0.01875 0.0361111 0.00723107
9 0.219531 0.0888889 0.00885417 0.0148148 0.00819175
2 0.270052 0.110185 0.0119792 0.037037 0.00921601
2 0.789844 0.0875 0.0182292 0.025 0.0157287
9 0.26901 0.0351852 0.0223958 0.0648148 0.0184829
9 0.222396 0.0527778 0.015625 0.0388889 0.0186794
9 0.566667 0.0472222 0.00833333 0.0222222 0.0206192
7 0.219792 0.0675926 0.0520833 0.0611111 0.0286182
5 0.220052 0.0680556 0.0515625 0.0564815 0.0323253
2 0.461198 0.112963 0.0119792 0.0351852 0.0329036
2 0.307031 0.0814815 0.0182292 0.0333333 0.0360848
2 0.2875 0.123148 0.015625 0.0537037 0.0435059
0 0.442448 0.0805556 0.0130208 0.0314815 0.0494514
2 0.296094 0.0930556 0.0276042 0.0527778 0.050637
2 0.291667 0.118981 0.0166667 0.0361111 0.161003
2 0.322135 0.0856481 0.0380208 0.0342593 0.261018
2 0.41224 0.0638889 0.0234375 0.0222222 0.292522
2 0.627083 0.122222 0.0260417 0.0537037 0.425869
2 0.432813 0.0625 0.0333333 0.0342593 0.455351
7 0.505729 0.103241 0.0427083 0.0638889 0.464987
2 0.505729 0.102778 0.0427083 0.062963 0.466965
2 0.473958 0.10787 0.0354167 0.0472222 0.468033
2 0.318229 0.121759 0.0510417 0.0694444 0.727296
11 0.728906 0.0421296 0.0276042 0.0546296 0.784215
2 0.409115 0.1125 0.0296875 0.0342593 0.819213
10 0.204167 0.315278 0.0166667 0.0712963 0.820573
7 0.596354 0.494444 0.164583 0.288889 0.863129
2 0.732552 0.420833 0.117188 0.171296 0.908
