2 0.65625 0.134259 0.0854167 0.0796296 0.00101284
0 0.555208 0.249537 0.515625 0.356481 0.00101537
2 0.44375 0.0981481 0.0197917 0.0462963 0.00104572
32 0.460156 0.356944 0.0109375 0.0157407 0.00114579
2 0.992448 0.340741 0.0140625 0.0740741 0.00115468
0 0.760156 0.115741 0.0130208 0.0425926 0.00115817
2 0.672135 0.113426 0.116146 0.075 0.00116994
12 0.988281 0.502315 0.0234375 0.139815 0.00119932
1 0.00494792 0.461574 0.00989583 0.226852 0.00131316
9 0.25625 0.0773148 0.0125 0.0509259 0.00133583
13 0.0255208 0.3625 0.0510417 0.0509259 0.00135354
9 0.261979 0.0467593 0.015625 0.0472222 0.0013661
2 0.363542 0.0685185 0.0114583 0.0203704 0.0013727
2 0.592969 0.125463 0.0171875 0.025 0.00139234
9 0.991146 0.514352 0.0166667 0.169444 0.00141296
2 0.648438 0.149537 0.0375 0.062037 0.00141738
7 0.97474 0.524074 0.0494792 0.209259 0.00142785
13 0.994531 0.52037 0.00989583 0.172222 0.00149322
2 0.0125 0.127778 0.0229167 0.0259259 0.00152025
2 0.605469 0.418981 0.590104 0.193519 0.00155429
0 0.994531 0.259722 0.00989583 0.186111 0.00167932
2 0.60599 0.0601852 0.00989583 0.0240741 0.00173934
2 0.994531 0.375926 0.00989583 0.15 0.0017618
13 0.970312 0.527315 0.0583333 0.180556 0.00191446
9 0.252604 0.087037 0.0135417 0.0351852 0.00193037
0 0.442708 0.087963 0.0145833 0.0277778 0.00199115
2 0.298438 0.105556 0.0833333 0.0907407 0.0020904
13 0.985677 0.52037 0.0276042 0.17963 0.00214757
9 0.272396 0.0393519 0.0302083 0.0768519 0.00224749
0 0.73125 0.372222 0.0239583 0.0277778 0.00231331
9 0.26276 0.0875 0.0078125 0.0361111 0.00236345
0 0.263281 0.103704 0.00885417 0.0518519 0.00243286
9 0.293229 0.0523148 0.009375 0.0453704 0.00263474
2 0.783333 0.108333 0.0364583 0.0481481 0.00293367
0 0.3625 0.0699074 0.009375 0.0231481 0.00303107
7 0.145573 0.0888889 0.0682292 0.0777778 0.00304355
0 0.757031 0.374074 0.0192708 0.0314815 0.00310536
2 0.407292 0.110648 0.272917 0.075 0.00312636
0 0.266406 0.099537 0.0109375 0.0546296 0.00324018
0 0.757812 0.0726852 0.0104167 0.0398148 0.00333951
9 0.108854 0.0259259 0.009375 0.0351852 0.00380735
1 0.0132813 0.368519 0.0265625 0.05 0.00430027
2 0.238281 0.140741 0.0182292 0.0407407 0.00477263
2 0.595312 0.110648 0.288542 0.0638889 0.00485624
9 0.577865 0.0319444 0.0151042 0.0583333 0.00497701
0 0.71276 0.37037 0.0213542 0.0277778 0.00514927
9 0.502344 0.760185 0.0130208 0.0537037 0.00520785
9 0.583333 0.0347222 0.0125 0.0546296 0.00527989
9 0.269792 0.0467593 0.0208333 0.0435185 0.00586208
2 0.776042 0.114815 0.0208333 0.0296296 0.00605113
0 0.757552 0.124537 0.0140625 0.0268519 0.00656782
12 0.99401 0.497222 0.0109375 0.131481 0.00697172
13 0.0255208 0.393519 0.0510417 0.118519 0.00703819
12 0.700521 0.162037 0.0208333 0.0407407 0.00750113
9 0.442708 0.0884259 0.0135417 0.0268519 0.0089302
9 0.572396 0.0310185 0.0135417 0.0583333 0.00901249
0 0.995313 0.325 0.00833333 0.0425926 0.00962362
2 0.995052 0.327778 0.00885417 0.05 0.0104908
1 0.00442708 0.409259 0.00885417 0.0851852 0.0119767
2 0.480729 0.109722 0.0520833 0.0564815 0.0121535
2 0.271615 0.110648 0.0151042 0.037963 0.0127687
5 0.220313 0.0731481 0.0510417 0.0648148 0.0133918
12 0.69401 0.161574 0.00885417 0.037963 0.014873
9 0.208333 0.0675926 0.0229167 0.0444444 0.0160173
1 0.025 0.394444 0.05 0.114815 0.0161326
2 0.785677 0.0893519 0.0161458 0.0231481 0.0161936
9 0.269271 0.0268519 0.0208333 0.0481481 0.0162009
7 0.219792 0.0717593 0.0510417 0.0638889 0.0182966
1 0.0109375 0.395833 0.021875 0.112037 0.0306962
9 0.567448 0.0476852 0.0078125 0.0231481 0.0435229
0 0.634896 0.148611 0.009375 0.0546296 0.0563515
2 0.46276 0.1125 0.0151042 0.037963 0.0638361
2 0.295312 0.107407 0.0333333 0.0833333 0.099028
7 0.297656 0.107407 0.0401042 0.0833333 0.122631
2 0.480469 0.109722 0.0203125 0.0453704 0.244783
2 0.470833 0.109722 0.0291667 0.0435185 0.318518
2 0.322135 0.0884259 0.0390625 0.0398148 0.324128
2 0.627604 0.12037 0.025 0.05 0.433967
10 0.204167 0.316667 0.015625 0.0722222 0.565121
2 0.505729 0.10463 0.0427083 0.062963 0.580799
2 0.31849 0.121296 0.0505208 0.0722222 0.724936
11 0.729167 0.0435185 0.0270833 0.0574074 0.81626
2 0.383073 0.157407 0.0567708 0.0777778 0.86225
2 0.378906 0.284259 0.0890625 0.125926 0.878434
2 0.745833 0.190741 0.128125 0.111111 0.909916
2 0.729948 0.419444 0.122396 0.172222 0.9108
