12 0.702083 0.126852 0.0229167 0.0611111 0.0010271
32 0.454427 0.314815 0.0078125 0.0148148 0.0010597
7 0.402865 0.0601852 0.0421875 0.0351852 0.00108291
9 0.236458 0.0666667 0.0177083 0.0425926 0.00111063
2 0.795573 0.102778 0.0484375 0.0666667 0.00115349
0 0.994792 0.376389 0.009375 0.147222 0.00124351
2 0.00442708 0.40787 0.00885417 0.0935185 0.00125212
0 0.26276 0.100926 0.0109375 0.0574074 0.00126654
7 0.788281 0.0634259 0.0244792 0.0564815 0.00128071
2 0.753906 0.15787 0.0140625 0.0175926 0.00129015
2 0.296094 0.128704 0.0223958 0.0611111 0.00129225
9 0.109635 0.0282407 0.0119792 0.0361111 0.00129791
0 0.816927 0.234722 0.00885417 0.0416667 0.00134044
2 0.659635 0.147222 0.0598958 0.0648148 0.00135443
9 0.257292 0.0787037 0.0145833 0.0462963 0.00136348
2 0.44375 0.100926 0.021875 0.0574074 0.00142423
2 0.364062 0.0833333 0.0125 0.0259259 0.00144336
9 0.995573 0.527778 0.0078125 0.0388889 0.00152759
1 0.00703125 0.372222 0.0140625 0.0592593 0.00153025
12 0.701823 0.163889 0.0223958 0.0388889 0.00163046
0 0.716146 0.371296 0.025 0.0277778 0.00163402
7 0.99349 0.518056 0.0119792 0.169444 0.00167078
2 0.510677 0.114815 0.345313 0.0777778 0.00175181
2 0.772656 0.1125 0.0161458 0.0268519 0.00186373
9 0.439063 0.199537 0.0114583 0.0398148 0.00201673
11 0.254427 0.0861111 0.0171875 0.0351852 0.00214172
9 0.584635 0.0439815 0.0130208 0.037963 0.00216412
12 0.693229 0.163889 0.00729167 0.0388889 0.00230546
1 0.00442708 0.40463 0.00885417 0.0981481 0.00239311
2 0.414583 0.112037 0.135417 0.0666667 0.00243709
0 0.266667 0.0967593 0.009375 0.0490741 0.00258277
2 0.814583 0.0763889 0.0177083 0.0175926 0.00264634
7 0.976302 0.521296 0.0463542 0.192593 0.00282578
9 0.263021 0.0865741 0.00833333 0.0324074 0.00332314
9 0.5 0.603704 0.0145833 0.037037 0.00335377
2 0.296875 0.106019 0.0770833 0.0842593 0.00347494
11 0.23724 0.0685185 0.0161458 0.0425926 0.00362183
9 0.994271 0.493056 0.0104167 0.121296 0.00400189
12 0.994271 0.494907 0.0104167 0.126852 0.00501105
2 0.779427 0.102315 0.0296875 0.0453704 0.0054148
2 0.238802 0.141667 0.0182292 0.0407407 0.00578409
2 0.363802 0.0694444 0.0130208 0.0203704 0.00608564
2 0.345833 0.112963 0.0125 0.0388889 0.00614695
2 0.593229 0.126389 0.0177083 0.0231481 0.00618693
10 0.442448 0.0888889 0.0140625 0.0296296 0.00644745
11 0.60625 0.0606481 0.009375 0.025 0.00739369
0 0.756771 0.0865741 0.0135417 0.0675926 0.00763972
9 0.571875 0.0314815 0.0135417 0.0592593 0.00794161
5 0.220313 0.0666667 0.05 0.0574074 0.00871213
2 0.372396 0.112963 0.0447917 0.062963 0.00897399
7 0.220313 0.0671296 0.05 0.0601852 0.00914957
9 0.208594 0.0662037 0.0244792 0.0472222 0.0111874
2 0.442187 0.0912037 0.015625 0.0342593 0.0113744
9 0.215625 0.0587963 0.0270833 0.0472222 0.011817
0 0.995573 0.331944 0.0078125 0.0509259 0.0131197
2 0.64375 0.146759 0.0270833 0.0583333 0.0147353
0 0.442187 0.0986111 0.0177083 0.0509259 0.0154107
2 0.271615 0.111574 0.0140625 0.0361111 0.018089
9 0.26875 0.0356481 0.0208333 0.0675926 0.0222825
2 0.786198 0.087963 0.0161458 0.0240741 0.0243357
2 0.489062 0.10787 0.0135417 0.0490741 0.0308923
9 0.502083 0.760648 0.0125 0.0546296 0.0389553
9 0.567448 0.0481481 0.00885417 0.0240741 0.0453019
2 0.635156 0.146759 0.0109375 0.0546296 0.0566263
2 0.383073 0.0671296 0.0151042 0.0194444 0.0570212
2 0.294792 0.107407 0.03125 0.0814815 0.0771502
2 0.464323 0.113426 0.0161458 0.037963 0.129457
7 0.297396 0.107407 0.0375 0.0814815 0.151541
2 0.322396 0.0861111 0.0375 0.0351852 0.197722
2 0.479167 0.109722 0.01875 0.0453704 0.213323
2 0.627344 0.120833 0.0255208 0.0509259 0.307488
7 0.50599 0.10463 0.0432292 0.062963 0.332128
2 0.404687 0.0638889 0.0385417 0.0277778 0.377305
2 0.50599 0.10463 0.0432292 0.062963 0.495045
2 0.31849 0.122685 0.0505208 0.0694444 0.613457
10 0.204167 0.316204 0.015625 0.0712963 0.682109
2 0.391406 0.105093 0.0359375 0.0527778 0.789982
11 0.729167 0.0435185 0.0270833 0.0574074 0.799784
2 0.36276 0.113426 0.0276042 0.037963 0.815615
2 0.729688 0.418056 0.122917 0.173148 0.897852
