0 0.760417 0.678241 0.04375 0.152778 0.00100207
2 0.751302 0.166667 0.0151042 0.0351852 0.00104964
2 0.789323 0.112037 0.0505208 0.0666667 0.00106739
9 0.547656 0.0611111 0.00989583 0.0259259 0.00110917
9 0.263281 0.0907407 0.0078125 0.0388889 0.00110964
2 0.332292 0.1125 0.025 0.0546296 0.00111172
2 0.219792 0.131944 0.05625 0.062037 0.00113136
2 0.23776 0.112963 0.0182292 0.0481481 0.00116075
9 0.258073 0.075 0.0109375 0.0518519 0.00116166
12 0.69375 0.164352 0.00729167 0.037963 0.00135054
13 0.970052 0.568519 0.0578125 0.0888889 0.00135264
2 0.363281 0.0694444 0.0119792 0.0222222 0.00142509
9 0.5 0.602778 0.0145833 0.037037 0.00145162
0 0.0536458 0.109722 0.0125 0.0472222 0.00146583
2 0.660156 0.15 0.0598958 0.062963 0.00147543
13 0.98776 0.520833 0.0234375 0.178704 0.00151856
12 0.702604 0.165278 0.0239583 0.037963 0.00158183
9 0.570833 0.0319444 0.0145833 0.0583333 0.00158321
9 0.36276 0.0703704 0.00989583 0.0240741 0.00163726
2 0.817448 0.234259 0.00885417 0.0407407 0.00164188
11 0.2375 0.0694444 0.0166667 0.0444444 0.00164348
0 0.75599 0.131944 0.0130208 0.0416667 0.00165432
0 0.729167 0.371759 0.028125 0.0305556 0.00169043
2 0.0109375 0.401389 0.021875 0.110185 0.00174808
2 0.407552 0.1125 0.285937 0.0805556 0.0018115
2 0.538021 0.113889 0.009375 0.0407407 0.00194232
9 0.415885 0.0106481 0.0171875 0.0212963 0.00200164
58 0.96901 0.498611 0.0307292 0.087963 0.00206366
2 0.442969 0.0888889 0.0151042 0.0296296 0.00207458
2 0.00494792 0.557407 0.00989583 0.0425926 0.00218178
9 0.264323 0.0384259 0.0119792 0.0453704 0.00237074
2 0.264062 0.106019 0.009375 0.0490741 0.00243141
9 0.253646 0.0888889 0.0125 0.0351852 0.00243896
2 0.566146 0.112963 0.228125 0.0685185 0.00278873
2 0.74401 0.173611 0.0213542 0.0305556 0.00281154
0 0.995833 0.328704 0.00729167 0.0518519 0.00285494
2 0.407292 0.127315 0.0416667 0.025 0.00295652
9 0.502344 0.760648 0.0119792 0.0546296 0.00328738
2 0.807552 0.0833333 0.0213542 0.0240741 0.00332521
2 0.338802 0.0888889 0.0140625 0.0296296 0.00333701
12 0.99349 0.518981 0.0119792 0.171296 0.00346182
58 0.918229 0.185185 0.1625 0.364815 0.00347197
2 0.753125 0.15787 0.0114583 0.0212963 0.00352732
9 0.269792 0.05 0.0197917 0.0407407 0.00357327
9 0.269792 0.025463 0.0197917 0.0305556 0.00365179
2 0.772396 0.114352 0.0145833 0.0268519 0.00397705
11 0.240104 0.0333333 0.021875 0.062963 0.0042157
32 0.454427 0.316667 0.0078125 0.0148148 0.00429096
2 0.778385 0.107407 0.0265625 0.0388889 0.00504123
1 0.0114583 0.366667 0.0229167 0.0462963 0.00547776
2 0.580469 0.125926 0.0432292 0.0314815 0.00602959
5 0.21901 0.0648148 0.0453125 0.0555556 0.00606652
2 0.482031 0.111574 0.0526042 0.0601852 0.00738546
9 0.442969 0.087963 0.0140625 0.0277778 0.00797729
7 0.220313 0.0652778 0.0510417 0.0768519 0.00818619
2 0.267969 0.101389 0.0130208 0.0564815 0.00887015
0 0.715104 0.372685 0.0229167 0.0268519 0.00920398
9 0.207813 0.0675926 0.0208333 0.0425926 0.00936875
9 0.220313 0.0893519 0.0104167 0.0138889 0.00950532
0 0.757552 0.0796296 0.0119792 0.0518519 0.0110746
9 0.992448 0.503241 0.0140625 0.141667 0.0114627
2 0.8125 0.075463 0.0197917 0.0194444 0.0115736
13 0.0117188 0.396296 0.0234375 0.112963 0.0126905
13 0.0046875 0.399537 0.009375 0.106481 0.0154594
2 0.238542 0.14213 0.0177083 0.037963 0.0156817
2 0.00442708 0.409259 0.00885417 0.0888889 0.0158588
11 0.60625 0.0606481 0.009375 0.0231481 0.0172565
1 0.00963542 0.401389 0.0192708 0.102778 0.0189912
2 0.445052 0.115278 0.0223958 0.0231481 0.0194904
2 0.635156 0.146759 0.0109375 0.0527778 0.0346038
2 0.59349 0.125926 0.0171875 0.0240741 0.0408514
2 0.272135 0.111574 0.0151042 0.037963 0.0496833
2 0.786198 0.0893519 0.0161458 0.0231481 0.0515837
0 0.635677 0.147685 0.00989583 0.0490741 0.0562354
9 0.567448 0.0486111 0.00885417 0.0231481 0.0690669
7 0.298958 0.103704 0.0395833 0.0759259 0.131673
2 0.3 0.10463 0.0385417 0.0777778 0.135126
2 0.321354 0.0884259 0.0375 0.0324074 0.183821
2 0.467969 0.111111 0.0234375 0.0425926 0.2622
2 0.477604 0.109722 0.028125 0.0453704 0.345759
2 0.627344 0.121296 0.0255208 0.05 0.36678
2 0.50625 0.104167 0.0427083 0.0638889 0.403061
7 0.50625 0.105093 0.0427083 0.062037 0.458663
10 0.204167 0.316204 0.015625 0.0712963 0.684403
2 0.31875 0.121296 0.05 0.0722222 0.741687
11 0.729427 0.0421296 0.0265625 0.0546296 0.771937
2 0.400781 0.155556 0.0578125 0.0796296 0.872021
2 0.729688 0.419444 0.122917 0.172222 0.913234
