2 0.578385 0.42037 0.557813 0.181481 0.00100388
0 0.386719 0.3125 0.570312 0.558333 0.00100688
9 0.36224 0.0472222 0.00989583 0.037037 0.00101056
2 0.222135 0.134259 0.0515625 0.0555556 0.00101155
2 0.771354 0.112037 0.0135417 0.0277778 0.00101931
9 0.253125 0.087963 0.015625 0.0351852 0.00107953
7 0.970573 0.518981 0.0578125 0.184259 0.00108582
9 0.439844 0.197685 0.0119792 0.0324074 0.00111045
7 0.989062 0.516667 0.0208333 0.183333 0.00121024
13 0.971094 0.52037 0.0567708 0.17037 0.00121817
9 0.576563 0.0319444 0.0135417 0.0601852 0.00122189
0 0.288281 0.664815 0.404687 0.288889 0.00124863
58 0.96849 0.496759 0.0296875 0.0898148 0.00125116
0 0.146094 0.597685 0.130729 0.269444 0.00136297
0 0.266146 0.572685 0.478125 0.556481 0.00137175
9 0.559896 0.0277778 0.0208333 0.0462963 0.00146907
1 0.18125 0.662037 0.03125 0.125926 0.00147282
2 0.813542 0.0763889 0.0177083 0.0175926 0.00154507
2 0.24349 0.105093 0.0109375 0.0324074 0.00159295
0 0.755729 0.0930556 0.0145833 0.0805556 0.00160165
11 0.240104 0.0365741 0.0208333 0.0712963 0.00165726
2 0.414323 0.111111 0.289062 0.0833333 0.00174186
24 0.167187 0.530093 0.040625 0.0712963 0.00175451
2 0.363542 0.0680556 0.0114583 0.0212963 0.00178569
2 0.654948 0.137963 0.0796875 0.087037 0.0019212
2 0.567187 0.109722 0.251042 0.0712963 0.00204628
1 0.147396 0.612963 0.0104167 0.0388889 0.00213119
9 0.35625 0.0194444 0.00729167 0.0185185 0.00224623
2 0.00625 0.0921296 0.0125 0.0453704 0.00240422
2 0.471615 0.109722 0.0776042 0.0638889 0.00263807
0 0.442708 0.0986111 0.0177083 0.0509259 0.00264047
9 0.29375 0.0550926 0.0104167 0.0361111 0.00268541
0 0.715885 0.371759 0.0234375 0.0287037 0.00279977
12 0.701823 0.154167 0.0223958 0.0583333 0.00283505
0 0.995313 0.32963 0.00833333 0.0574074 0.00297717
9 0.213281 0.062963 0.0348958 0.0574074 0.00316949
0 0.103906 0.586574 0.207813 0.362037 0.00331672
9 0.264062 0.0925926 0.0104167 0.0444444 0.00348498
9 0.501823 0.760185 0.0130208 0.0518519 0.00361229
2 0.442708 0.087037 0.0135417 0.0259259 0.0037008
2 0.650521 0.150463 0.0395833 0.0583333 0.00467071
0 0.263281 0.102778 0.00885417 0.0518519 0.00489267
12 0.693229 0.164352 0.00729167 0.0398148 0.0050922
0 0.147135 0.918056 0.117188 0.162037 0.00517749
11 0.23724 0.0685185 0.0171875 0.0425926 0.0055093
9 0.36224 0.0694444 0.00885417 0.0240741 0.00568408
5 0.220313 0.0768519 0.0510417 0.0685185 0.00586087
12 0.994792 0.499537 0.009375 0.137963 0.00594844
9 0.567448 0.0314815 0.0140625 0.0574074 0.00624373
1 0.0132813 0.370833 0.0265625 0.0490741 0.00632498
1 0.00364583 0.42037 0.00729167 0.0592593 0.00791426
2 0.785677 0.0902778 0.0140625 0.0212963 0.0105395
2 0.00494792 0.557407 0.00989583 0.0388889 0.0105728
7 0.220313 0.0685185 0.0510417 0.0666667 0.0112902
1 0.178125 0.638889 0.01875 0.112963 0.0126994
0 0.635417 0.148148 0.009375 0.0518519 0.0133485
0 0.165625 0.547222 0.0427083 0.105556 0.0135666
9 0.442448 0.087037 0.0130208 0.0259259 0.0148761
2 0.592448 0.124537 0.0171875 0.025 0.0151177
1 0.0125 0.399074 0.025 0.101852 0.0160235
11 0.60625 0.0601852 0.0104167 0.0240741 0.0162591
9 0.207292 0.0689815 0.0197917 0.0435185 0.0164507
2 0.635156 0.144907 0.0109375 0.0527778 0.0186935
2 0.271094 0.106481 0.0140625 0.0444444 0.0194862
9 0.221615 0.0546296 0.0161458 0.0407407 0.020458
2 0.238542 0.141204 0.0177083 0.0398148 0.0208342
24 0.166146 0.558333 0.028125 0.0740741 0.0324456
2 0.488021 0.107407 0.0145833 0.05 0.0332309
9 0.567187 0.0476852 0.00833333 0.0231481 0.0528365
2 0.461979 0.113889 0.0125 0.0351852 0.138764
9 0.26875 0.0347222 0.0208333 0.0657407 0.144659
2 0.298177 0.107407 0.0380208 0.0833333 0.170427
7 0.297656 0.106944 0.0390625 0.0824074 0.179588
2 0.322396 0.0861111 0.0375 0.0351852 0.250231
2 0.479948 0.108796 0.0223958 0.0453704 0.27736
2 0.627344 0.121759 0.0255208 0.0509259 0.482311
2 0.505469 0.104167 0.0432292 0.062037 0.575705
1 0.164583 0.666667 0.0385417 0.140741 0.610413
2 0.31849 0.120833 0.0505208 0.0712963 0.668141
10 0.204167 0.315741 0.015625 0.0722222 0.735762
0 0.165885 0.60787 0.0442708 0.228704 0.771271
11 0.729167 0.0425926 0.0270833 0.0555556 0.792638
2 0.729948 0.419444 0.122396 0.172222 0.894133
