0 0.532552 0.0680556 0.0078125 0.0361111 0.00100333
2 0.0117188 0.398148 0.0234375 0.109259 0.00100367
11 0.240104 0.0347222 0.0208333 0.0657407 0.00100679
2 0.00625 0.087037 0.0125 0.0425926 0.00103374
0 0.73125 0.373148 0.0260417 0.0277778 0.00103499
0 0.756771 0.374537 0.0208333 0.0342593 0.00107353
2 0.228385 0.0986111 0.0317708 0.0472222 0.00107648
9 0.547656 0.0523148 0.00989583 0.0231481 0.00109785
13 0.96276 0.553241 0.0411458 0.0398148 0.00110994
2 0.806771 0.0680556 0.0125 0.0231481 0.00113059
7 0.220313 0.0814815 0.0552083 0.116667 0.00117304
11 0.739844 0.0662037 0.0161458 0.0194444 0.00117613
2 0.466667 0.0236111 0.01875 0.0194444 0.00124197
2 0.771875 0.112037 0.0166667 0.0296296 0.00127823
2 0.0325521 0.0657407 0.0182292 0.0203704 0.00128795
2 0.795052 0.0833333 0.0401042 0.0314815 0.0013773
0 0.757292 0.111574 0.0125 0.0435185 0.00138092
12 0.976302 0.499074 0.0453125 0.133333 0.00139732
9 0.442448 0.234259 0.0119792 0.0314815 0.00140498
7 0.275521 0.0574074 0.040625 0.109259 0.00144489
2 0.976042 0.499074 0.046875 0.131481 0.00145208
2 0.28151 0.0648148 0.0307292 0.0425926 0.00147633
7 0.276563 0.05 0.034375 0.0537037 0.00155357
9 0.5 0.602778 0.0145833 0.0425926 0.00157968
7 0.236979 0.0694444 0.015625 0.0444444 0.00159197
9 0.276302 0.0421296 0.0390625 0.0805556 0.00176184
0 0.756771 0.0805556 0.015625 0.0574074 0.00176486
13 0.0125 0.396759 0.025 0.108333 0.0017769
58 0.97474 0.498148 0.0401042 0.127778 0.00194763
13 0.99401 0.517593 0.0109375 0.17037 0.00211641
32 0.454167 0.314815 0.00833333 0.0148148 0.0021687
7 0.367708 0.0592593 0.0489583 0.0333333 0.00219308
5 0.209635 0.0685185 0.0265625 0.0444444 0.00226254
7 0.970833 0.522685 0.0572917 0.19537 0.00227866
2 0.534375 0.111111 0.2875 0.0703704 0.00270035
12 0.691667 0.164352 0.009375 0.0398148 0.00285722
9 0.439063 0.193519 0.0125 0.0333333 0.00294253
2 0.779427 0.102315 0.0317708 0.0509259 0.00306175
9 0.458333 0.0652778 0.00729167 0.025 0.00307166
13 0.970573 0.568519 0.0567708 0.0777778 0.00312022
0 0.716146 0.372222 0.0229167 0.0259259 0.00313457
2 0.811198 0.0740741 0.0213542 0.0203704 0.00334356
2 0.474479 0.109259 0.0885417 0.0592593 0.00356219
11 0.60599 0.0583333 0.0109375 0.0277778 0.00363755
2 0.269792 0.0537037 0.01875 0.037037 0.00368186
2 0.592188 0.125463 0.01875 0.025 0.00375199
1 0.0117188 0.367593 0.0234375 0.05 0.0038087
2 0.372656 0.10787 0.152604 0.0787037 0.00391721
13 0.970833 0.518519 0.0572917 0.175926 0.00406812
2 0.238542 0.141204 0.01875 0.0416667 0.00411732
0 0.283333 0.0898148 0.00833333 0.0314815 0.00427945
2 0.289844 0.0990741 0.0171875 0.0666667 0.00436642
12 0.994792 0.514352 0.009375 0.169444 0.00443891
9 0.291406 0.0694444 0.0109375 0.0203704 0.00482232
9 0.292708 0.0564815 0.009375 0.0444444 0.00504816
9 0.570052 0.0314815 0.0119792 0.0574074 0.00535798
2 0.269531 0.109722 0.0130208 0.037963 0.00703358
9 0.270052 0.050463 0.0192708 0.0361111 0.00708488
9 0.99349 0.49537 0.0119792 0.131481 0.00727734
0 0.285417 0.106019 0.0135417 0.0657407 0.00759376
1 0.0132813 0.394907 0.0265625 0.110185 0.00797893
58 0.967969 0.494907 0.0276042 0.0842593 0.00818938
11 0.23724 0.0675926 0.0161458 0.0407407 0.00819059
9 0.502344 0.759259 0.0130208 0.0555556 0.00823108
9 0.269271 0.0180556 0.0208333 0.0324074 0.00941038
0 0.757552 0.0689815 0.00989583 0.0453704 0.00946189
9 0.220052 0.0888889 0.0109375 0.0148148 0.0100807
5 0.220313 0.0643518 0.0489583 0.0601852 0.0112112
10 0.195833 0.304167 0.0333333 0.0953704 0.011752
2 0.301562 0.103241 0.0354167 0.0712963 0.0141346
1 0.00572917 0.393056 0.0114583 0.108333 0.016063
7 0.215625 0.062037 0.0416667 0.0666667 0.0162295
2 0.441927 0.0898148 0.0161458 0.0314815 0.016476
0 0.441927 0.0875 0.0140625 0.0287037 0.0178738
2 0.786719 0.0888889 0.0171875 0.0240741 0.0274992
2 0.00416667 0.407407 0.00833333 0.0851852 0.0278484
0 0.634635 0.147685 0.0119792 0.0601852 0.0293756
2 0.461198 0.113426 0.0119792 0.0342593 0.0459816
2 0.44375 0.109722 0.021875 0.025 0.0462318
9 0.567187 0.0476852 0.00833333 0.0231481 0.0594859
2 0.48724 0.107407 0.0151042 0.05 0.0657185
2 0.349479 0.0634259 0.015625 0.0231481 0.0976266
2 0.321875 0.087963 0.0375 0.037037 0.316473
2 0.370573 0.062037 0.0432292 0.0277778 0.377316
2 0.472656 0.108796 0.0307292 0.0435185 0.383197
2 0.627083 0.122222 0.0260417 0.0537037 0.478156
2 0.50599 0.103704 0.0432292 0.062963 0.515002
2 0.31849 0.121296 0.0505208 0.0703704 0.699796
10 0.203906 0.314815 0.0161458 0.0703704 0.752804
11 0.728906 0.0416667 0.0265625 0.0518519 0.756634
2 0.418229 0.108333 0.034375 0.0444444 0.783697
2 0.729948 0.42037 0.122396 0.17037 0.911011
