2 0.0330729 0.0648148 0.0192708 0.0203704 0.00102336
2 0.338021 0.075463 0.0197917 0.0268519 0.00104309
11 0.220833 0.0634259 0.0520833 0.0694444 0.00108528
0 0.00572917 0.364352 0.0114583 0.0787037 0.00108841
9 0.289844 0.0240741 0.0119792 0.0333333 0.00110631
12 0.988281 0.51713 0.0223958 0.171296 0.00116232
11 0.240104 0.0319444 0.021875 0.0601852 0.00118467
58 0.960417 0.284259 0.0416667 0.142593 0.0011907
2 0.532812 0.101389 0.015625 0.037963 0.0011914
9 0.576302 0.0305556 0.0140625 0.0574074 0.00122277
9 0.555729 0.05 0.0135417 0.0259259 0.00123451
9 0.259896 0.050463 0.0114583 0.0453704 0.00130091
2 0.602344 0.422222 0.631771 0.17963 0.00131489
7 0.989583 0.518519 0.0197917 0.185185 0.00146485
12 0.817187 0.235648 0.009375 0.0398148 0.00148466
2 0.58776 0.124537 0.00989583 0.025 0.00148583
2 0.639583 0.129167 0.0510417 0.0638889 0.00149991
2 0.21875 0.136574 0.0583333 0.0527778 0.00151579
0 0.75651 0.0972222 0.0140625 0.0740741 0.00156026
12 0.702344 0.147222 0.0223958 0.0703704 0.00164152
0 0.263021 0.105556 0.009375 0.05 0.0016815
1 0.811458 0.33287 0.01875 0.0916667 0.00184411
2 0.479948 0.115278 0.395312 0.0916667 0.00191251
9 0.415885 0.0101852 0.0151042 0.0203704 0.00198401
7 0.970052 0.532407 0.0588542 0.214815 0.00202082
9 0.253906 0.0865741 0.0130208 0.0361111 0.00211068
0 0.995573 0.32963 0.0078125 0.05 0.00214723
9 0.258854 0.0726852 0.0114583 0.0472222 0.00218286
2 0.266146 0.0976852 0.0104167 0.0527778 0.00221816
9 0.21901 0.0847222 0.0151042 0.0194444 0.00232642
9 0.991406 0.507407 0.0161458 0.15 0.00239989
2 0.771615 0.113889 0.0140625 0.0296296 0.00241083
9 0.548177 0.050463 0.0119792 0.0287037 0.00241374
9 0.757031 0.075463 0.0109375 0.0398148 0.00243103
2 0.778646 0.106944 0.0270833 0.0490741 0.00245294
9 0.26276 0.0856481 0.0078125 0.0324074 0.00248935
0 0.757031 0.373148 0.0182292 0.0296296 0.00257995
9 0.115104 0.0240741 0.01875 0.0425926 0.00263055
0 0.716927 0.372685 0.0255208 0.0268519 0.00299467
9 0.817187 0.236111 0.009375 0.0388889 0.00318014
2 0.592969 0.124537 0.0171875 0.0268519 0.00321594
2 0.238802 0.108333 0.0171875 0.0388889 0.0033688
2 0.79375 0.087037 0.03125 0.0259259 0.00388683
9 0.26901 0.0597222 0.0161458 0.0287037 0.00412654
11 0.23724 0.0689815 0.0171875 0.0435185 0.00433257
9 0.50026 0.602778 0.0151042 0.0388889 0.00449863
12 0.75625 0.0898148 0.0125 0.0685185 0.00491735
9 0.570573 0.0310185 0.0130208 0.0583333 0.00524939
9 0.36276 0.0689815 0.00989583 0.0231481 0.00549952
9 0.215625 0.0592593 0.0291667 0.0574074 0.00589387
1 0.025 0.39537 0.05 0.112963 0.00718923
5 0.21875 0.0625 0.0458333 0.0583333 0.00774981
12 0.99349 0.5 0.0119792 0.137037 0.008467
2 0.65 0.149537 0.0385417 0.0583333 0.00916606
2 0.271354 0.109722 0.0135417 0.037963 0.00922642
2 0.0138021 0.384259 0.0276042 0.0833333 0.009375
2 0.0257812 0.368519 0.0515625 0.0555556 0.0100394
9 0.269792 0.0384259 0.0208333 0.0638889 0.0102699
9 0.502344 0.760648 0.0119792 0.0527778 0.0115468
2 0.363802 0.0689815 0.0109375 0.0212963 0.012519
2 0.463802 0.0851852 0.0442708 0.0296296 0.0130191
2 0.00807292 0.371759 0.0161458 0.0564815 0.0133253
9 0.269792 0.0217593 0.01875 0.0342593 0.0146968
2 0.339583 0.0888889 0.0125 0.0314815 0.0154317
2 0.238281 0.141667 0.0182292 0.0425926 0.0160365
7 0.220573 0.062963 0.0505208 0.0777778 0.0197807
2 0.478906 0.113426 0.0276042 0.0601852 0.0199419
1 0.009375 0.398148 0.01875 0.109259 0.021961
11 0.60651 0.0597222 0.00989583 0.025 0.0221528
0 0.635417 0.148148 0.009375 0.05 0.0229676
2 0.785417 0.0902778 0.0135417 0.0231481 0.0268274
2 0.443229 0.0842593 0.0135417 0.0277778 0.0281601
2 0.635156 0.14537 0.0109375 0.0518519 0.0305502
9 0.567448 0.0481481 0.0078125 0.0240741 0.034671
1 0.00442708 0.405556 0.00885417 0.0925926 0.0439059
0 0.402604 0.0578704 0.00833333 0.0324074 0.0805929
7 0.298698 0.106019 0.0390625 0.0842593 0.108605
2 0.299219 0.106481 0.0380208 0.0814815 0.199475
2 0.321615 0.0893519 0.0390625 0.037963 0.247322
2 0.627604 0.121759 0.0260417 0.0509259 0.47473
2 0.43724 0.0689815 0.0286458 0.0268519 0.528555
10 0.203906 0.316667 0.0161458 0.0703704 0.607364
2 0.507812 0.105093 0.0385417 0.062037 0.653746
2 0.318229 0.121296 0.0510417 0.0722222 0.731753
2 0.464844 0.110185 0.0526042 0.0759259 0.784817
11 0.729427 0.0430556 0.0265625 0.0564815 0.791071
2 0.729948 0.418981 0.122396 0.171296 0.910941
