12 0.692708 0.1625 0.00729167 0.0398148 0.00101709
2 0.238542 0.1375 0.01875 0.0435185 0.00105055
7 0.983854 0.51713 0.03125 0.180556 0.00106656
0 0.755729 0.0902778 0.0125 0.0787037 0.00108538
2 0.298177 0.127778 0.0213542 0.062963 0.00112809
2 0.536979 0.109722 0.0104167 0.0472222 0.00118701
0 0.73125 0.373148 0.025 0.0277778 0.00122063
1 0.00911458 0.397222 0.0182292 0.111111 0.00133494
7 0.217969 0.0819444 0.0546875 0.108333 0.00147331
13 0.99349 0.518056 0.0119792 0.171296 0.00149432
32 0.453906 0.312963 0.0078125 0.0148148 0.00151097
2 0.774479 0.12037 0.0208333 0.0407407 0.00152281
58 0.968229 0.493519 0.0302083 0.0944444 0.00156083
1 0.0299479 0.173611 0.0578125 0.0657407 0.0015636
2 0.277865 0.113426 0.0286458 0.0601852 0.00158057
9 0.547917 0.0527778 0.0104167 0.0222222 0.00168195
12 0.98724 0.496759 0.0223958 0.126852 0.00175177
13 0.952604 0.419444 0.0947917 0.144444 0.00182538
13 0.96875 0.566667 0.0541667 0.0703704 0.00183311
2 0.263281 0.0986111 0.0109375 0.0583333 0.00186228
2 0.592969 0.123148 0.0171875 0.0277778 0.00190096
5 0.235938 0.0712963 0.01875 0.05 0.00190376
2 0.0684896 0.0657407 0.0244792 0.0277778 0.00194128
13 0.961458 0.553241 0.0385417 0.0398148 0.00195358
9 0.27526 0.0592593 0.0380208 0.114815 0.00201099
13 0.972656 0.517593 0.0536458 0.174074 0.00234158
2 0.00390625 0.408796 0.0078125 0.0824074 0.00237344
9 0.21875 0.101852 0.009375 0.0388889 0.00248701
1 0.00859375 0.366667 0.0171875 0.0518519 0.00255395
2 0.291406 0.103241 0.0734375 0.0953704 0.0026441
2 0.780469 0.105556 0.0317708 0.0518519 0.00290441
9 0.99401 0.490278 0.0109375 0.115741 0.00313924
2 0.395833 0.110185 0.2375 0.0759259 0.00320559
0 0.717188 0.371296 0.0239583 0.0277778 0.00356268
9 0.263802 0.0907407 0.00885417 0.0407407 0.00357264
12 0.702083 0.139352 0.021875 0.087963 0.00375252
7 0.235156 0.0680556 0.0192708 0.0509259 0.00385205
7 0.788802 0.0638889 0.0255208 0.0611111 0.00388132
9 0.571354 0.0310185 0.0145833 0.0583333 0.00439387
2 0.282552 0.102778 0.0140625 0.0648148 0.00451767
9 0.210417 0.0652778 0.0260417 0.0490741 0.00479205
1 0.00416667 0.398148 0.00833333 0.101852 0.00483255
0 0.266146 0.0976852 0.0104167 0.0546296 0.00535522
9 0.438021 0.204167 0.009375 0.0416667 0.00549068
12 0.994271 0.489815 0.0104167 0.116667 0.0056361
2 0.60625 0.0592593 0.0104167 0.0277778 0.00590861
9 0.502604 0.758333 0.0135417 0.0574074 0.0068165
2 0.293229 0.0740741 0.015625 0.0203704 0.00710314
9 0.5 0.601852 0.0145833 0.0407407 0.00717076
0 0.285937 0.115741 0.0135417 0.0648148 0.00779926
9 0.292448 0.0518519 0.00885417 0.0407407 0.0078397
2 0.789062 0.0884259 0.0177083 0.0212963 0.00905651
2 0.269792 0.108796 0.0125 0.037963 0.0102841
2 0.302865 0.0828704 0.0203125 0.0361111 0.0104347
2 0.369271 0.0814815 0.0135417 0.0314815 0.0112872
7 0.392969 0.0981481 0.0432292 0.0666667 0.011382
5 0.219792 0.0625 0.046875 0.0601852 0.0116123
7 0.214583 0.062037 0.0395833 0.062963 0.0133513
9 0.219531 0.0893519 0.00885417 0.0157407 0.0199897
9 0.26901 0.0351852 0.0203125 0.0648148 0.0338305
9 0.567448 0.0476852 0.00885417 0.0231481 0.050613
0 0.634635 0.144907 0.0109375 0.0509259 0.057758
2 0.363802 0.0694444 0.0130208 0.0277778 0.0708852
2 0.296615 0.10463 0.0276042 0.0759259 0.0717499
2 0.627344 0.120833 0.0255208 0.0509259 0.308484
2 0.322396 0.0861111 0.0364583 0.037037 0.373437
2 0.392969 0.1 0.0421875 0.0648148 0.480841
2 0.477344 0.10787 0.0255208 0.0472222 0.497247
7 0.505729 0.102778 0.04375 0.0648148 0.504066
2 0.608854 0.966667 0.189583 0.0648148 0.595215
2 0.444792 0.105556 0.040625 0.0518519 0.752974
11 0.729167 0.0416667 0.0270833 0.0518519 0.766546
2 0.31849 0.121296 0.0505208 0.0703704 0.766851
10 0.204167 0.314815 0.015625 0.0685185 0.826498
2 0.729688 0.419444 0.122917 0.172222 0.909649
