12 0.702344 0.124074 0.0223958 0.0537037 0.00102639
2 0.28776 0.0953704 0.120312 0.105556 0.0010502
2 0.00572917 0.123611 0.0114583 0.115741 0.00106852
2 0.353646 0.6875 0.129167 0.132407 0.00106914
7 0.467969 0.0638889 0.0515625 0.0518519 0.00112995
0 0.26276 0.087037 0.00885417 0.0388889 0.00115742
2 0.00520833 0.0925926 0.0104167 0.0537037 0.00116916
7 0.324479 0.0564815 0.0395833 0.0555556 0.001245
7 0.99401 0.518056 0.0109375 0.171296 0.00125962
12 0.690885 0.163889 0.0109375 0.0425926 0.00130525
2 0.660937 0.149537 0.0645833 0.0694444 0.00141921
32 0.454167 0.315278 0.00833333 0.0138889 0.00144674
12 0.702604 0.163889 0.0197917 0.037037 0.00147554
2 0.353125 0.647685 0.121875 0.0527778 0.00149962
0 0.729688 0.371759 0.0333333 0.0305556 0.00157876
2 0.275781 0.119444 0.0255208 0.0611111 0.0016158
2 0.292448 0.132407 0.0161458 0.0518519 0.00162714
9 0.548177 0.0523148 0.0109375 0.025 0.00164393
2 0.0138021 0.398611 0.0276042 0.106481 0.0016651
2 0.779688 0.106019 0.0333333 0.0546296 0.00166976
2 0.286979 0.0736111 0.021875 0.0305556 0.00177544
2 0.539323 0.801389 0.689062 0.356481 0.00184203
2 0.775781 0.111574 0.0213542 0.0287037 0.0018466
7 0.223698 0.0578704 0.0598958 0.113889 0.00190049
1 0.00989583 0.369444 0.0197917 0.0537037 0.00210476
9 0.271354 0.037963 0.0291667 0.0740741 0.00214025
0 0.757292 0.374537 0.0197917 0.0305556 0.00215811
1 0.0138021 0.397685 0.0276042 0.106481 0.00222681
11 0.236719 0.0694444 0.0171875 0.0462963 0.00226012
0 0.255469 0.118056 0.0182292 0.0824074 0.00234963
0 0.816667 0.233796 0.009375 0.037963 0.00235441
9 0.567187 0.0319444 0.0145833 0.0564815 0.00261286
2 0.538802 0.105556 0.195312 0.0703704 0.00266029
1 0.0763021 0.162037 0.120312 0.0814815 0.00274548
2 0.290104 0.0865741 0.0166667 0.0435185 0.00279848
0 0.758333 0.0717593 0.0104167 0.0435185 0.0028376
0 0.00989583 0.398611 0.0197917 0.106481 0.0028445
0 0.26875 0.099537 0.0114583 0.0527778 0.00321585
2 0.108594 0.159722 0.0546875 0.0731481 0.00327088
9 0.415885 0.00972222 0.0171875 0.0194444 0.00361951
1 0.00390625 0.414815 0.0078125 0.0703704 0.0036307
1 0.00598958 0.398611 0.0119792 0.106481 0.00371906
1 0.810677 0.329167 0.0192708 0.0953704 0.00386468
2 0.295312 0.101852 0.025 0.0703704 0.00403695
7 0.970833 0.527778 0.0572917 0.201852 0.0041158
2 0.00390625 0.414815 0.0078125 0.0722222 0.00412031
5 0.208594 0.0680556 0.0276042 0.0453704 0.00429739
2 0.386979 0.103704 0.204167 0.0833333 0.00434223
0 0.263021 0.112037 0.00833333 0.05 0.00447678
0 0.3625 0.0675926 0.009375 0.0277778 0.00488503
0 0.757292 0.0902778 0.0135417 0.0805556 0.00489043
0 0.370313 0.7125 0.08125 0.0768519 0.00512172
2 0.238281 0.14213 0.0182292 0.037963 0.00566895
0 0.715625 0.371296 0.0239583 0.0277778 0.00567636
0 0.00416667 0.401389 0.00833333 0.0972222 0.00600439
9 0.975781 0.497222 0.0432292 0.127778 0.00636491
9 0.269792 0.0509259 0.0197917 0.037037 0.00666234
0 0.282552 0.0884259 0.00885417 0.0305556 0.00709953
2 0.270573 0.108796 0.0119792 0.0398148 0.00768827
2 0.363542 0.0662037 0.0114583 0.0212963 0.00834291
2 0.416146 0.104167 0.0895833 0.062037 0.00851815
2 0.785417 0.0893519 0.0166667 0.0212963 0.00892007
9 0.114063 0.0236111 0.0145833 0.0398148 0.00938473
0 0.305469 0.732407 0.0348958 0.0555556 0.00953974
9 0.995052 0.490741 0.00885417 0.125926 0.0125152
0 0.352865 0.722222 0.0494792 0.0555556 0.0135751
2 0.60599 0.0601852 0.00989583 0.0259259 0.0139246
9 0.269271 0.0189815 0.021875 0.0342593 0.0139384
9 0.447135 0.263426 0.0109375 0.0453704 0.0146751
0 0.634896 0.148148 0.009375 0.05 0.0171122
2 0.634635 0.145833 0.0109375 0.0546296 0.0183078
2 0.293229 0.0694444 0.0145833 0.0185185 0.0186348
9 0.502344 0.759259 0.0119792 0.0555556 0.0195395
2 0.465625 0.0898148 0.040625 0.0537037 0.0232543
7 0.218229 0.0671296 0.0479167 0.0564815 0.0238406
2 0.592188 0.127778 0.0177083 0.0240741 0.0302389
0 0.338802 0.726389 0.0296875 0.0490741 0.0306736
0 0.39401 0.723611 0.0390625 0.0490741 0.0374411
5 0.220052 0.0685185 0.0515625 0.0592593 0.0394064
2 0.286979 0.122222 0.0166667 0.0555556 0.0395276
2 0.45 0.0694444 0.0177083 0.0277778 0.0424914
2 0.441406 0.0875 0.0140625 0.0305556 0.0445168
9 0.567187 0.0476852 0.009375 0.0231481 0.0576517
2 0.461979 0.0717593 0.0375 0.0342593 0.0616263
2 0.452604 0.108796 0.028125 0.0435185 0.0800079
2 0.321615 0.0902778 0.0390625 0.0324074 0.104641
2 0.480469 0.0935185 0.0276042 0.0333333 0.109312
0 0.322917 0.726852 0.046875 0.0574074 0.141754
2 0.475521 0.0717593 0.0364583 0.037963 0.273288
2 0.627344 0.122222 0.0255208 0.05 0.35293
2 0.473698 0.108796 0.0338542 0.0472222 0.404824
2 0.324219 0.062037 0.0369792 0.0388889 0.40558
7 0.767708 0.863889 0.2625 0.255556 0.511983
2 0.505208 0.103704 0.04375 0.0648148 0.632072
2 0.317969 0.120833 0.0515625 0.0712963 0.632146
10 0.203906 0.316204 0.0161458 0.0712963 0.701327
11 0.729167 0.0425926 0.0270833 0.0555556 0.725907
2 0.42474 0.106481 0.0328125 0.05 0.818314
2 0.351302 0.799537 0.210938 0.360185 0.834389
2 0.729948 0.419907 0.123438 0.169444 0.912633
