11 0.254948 0.0861111 0.0182292 0.037037 0.00101597
9 0.260156 0.0527778 0.0119792 0.0388889 0.0010435
7 0.147656 0.0898148 0.0661458 0.0796296 0.00105537
12 0.701563 0.165278 0.0197917 0.037963 0.00110522
1 0.810677 0.330093 0.0182292 0.0916667 0.00119819
1 0.146615 0.342593 0.0296875 0.0796296 0.00120256
2 0.596354 0.115741 0.0125 0.0425926 0.00122196
2 0.555729 0.108796 0.336458 0.075 0.00122596
13 0.98724 0.519444 0.0244792 0.177778 0.0012448
2 0.570052 0.425 0.657812 0.17963 0.00125241
9 0.581771 0.0412037 0.0114583 0.0435185 0.00126345
13 0.970312 0.561574 0.0583333 0.0935185 0.00127166
11 0.240104 0.037037 0.021875 0.0703704 0.00130737
1 0.0117188 0.367593 0.0234375 0.0611111 0.00140095
2 0.41224 0.108333 0.286979 0.0796296 0.00141852
2 0.777344 0.105093 0.0244792 0.0435185 0.00143522
9 0.415365 0.00787037 0.0151042 0.0157407 0.00144578
9 0.5 0.604167 0.0145833 0.0435185 0.00155104
9 0.275 0.0402778 0.0354167 0.0787037 0.00155275
0 0.525521 0.287963 0.545833 0.462963 0.0015756
1 0.00416667 0.399074 0.00833333 0.107407 0.00158339
12 0.702344 0.144907 0.0223958 0.075 0.00162514
0 0.253125 0.265278 0.021875 0.0712963 0.00163689
12 0.69401 0.162963 0.00677083 0.0388889 0.001696
2 0.441927 0.108333 0.153646 0.0648148 0.00172592
58 0.96849 0.494907 0.0307292 0.0916667 0.00175968
9 0.502604 0.760185 0.0135417 0.0537037 0.00185582
9 0.429427 0.0425926 0.0078125 0.0185185 0.00189131
2 0.617188 0.114352 0.046875 0.0490741 0.00192639
0 0.442708 0.0967593 0.0166667 0.0490741 0.00203946
7 0.970573 0.527778 0.0578125 0.211111 0.00214102
0 0.717448 0.370833 0.0255208 0.0305556 0.0023095
0 0.995573 0.330556 0.0078125 0.0518519 0.00232082
1 0.00494792 0.36713 0.00989583 0.0675926 0.00235201
9 0.817448 0.233333 0.00885417 0.0462963 0.00240204
9 0.36224 0.049537 0.0109375 0.0398148 0.00248671
9 0.567187 0.0319444 0.0125 0.0564815 0.0026319
1 0.227083 0.30463 0.025 0.0907407 0.00263985
7 0.990625 0.516667 0.0177083 0.185185 0.002734
11 0.23724 0.0694444 0.0171875 0.0462963 0.00281874
9 0.269531 0.0523148 0.0213542 0.0361111 0.00300782
9 0.110417 0.0259259 0.0125 0.0388889 0.00306452
2 0.238281 0.140741 0.0192708 0.0407407 0.00313602
9 0.757292 0.0717593 0.0104167 0.0398148 0.00318829
9 0.361979 0.0652778 0.009375 0.0305556 0.00320534
0 0.265625 0.0986111 0.0104167 0.0564815 0.00326166
9 0.994531 0.527778 0.00989583 0.144444 0.00336925
2 0.99349 0.518981 0.0119792 0.171296 0.00351805
2 0.442448 0.087963 0.0130208 0.0296296 0.00359857
0 0.756771 0.0893519 0.0125 0.0731481 0.00364592
2 0.817448 0.23287 0.00885417 0.0453704 0.00418735
2 0.00494792 0.557407 0.00989583 0.0425926 0.00437765
9 0.26276 0.0888889 0.0078125 0.0407407 0.00561413
2 0.269271 0.108796 0.0104167 0.0398148 0.00563883
19 0.442708 0.087963 0.0125 0.0296296 0.00714313
2 0.814323 0.075 0.0182292 0.0185185 0.00726702
1 0.2375 0.314815 0.04375 0.1 0.00771681
7 0.315625 0.111574 0.05625 0.0824074 0.0077609
10 0.223698 0.310648 0.0234375 0.0916667 0.00890711
9 0.440365 0.214815 0.0140625 0.05 0.00963497
24 0.247135 0.25463 0.0234375 0.0518519 0.010281
11 0.60625 0.0597222 0.009375 0.025 0.0103698
12 0.99349 0.511574 0.0119792 0.162037 0.0114025
9 0.269531 0.0226852 0.0203125 0.0416667 0.0127204
2 0.785417 0.0898148 0.0135417 0.0222222 0.0156311
0 0.635417 0.146759 0.0104167 0.0509259 0.0220512
2 0.592448 0.126852 0.0182292 0.0222222 0.0230245
5 0.219531 0.0652778 0.0505208 0.0601852 0.0239003
2 0.635417 0.143981 0.0114583 0.0509259 0.0239386
7 0.220052 0.0643518 0.0515625 0.0638889 0.027144
2 0.294792 0.106019 0.03125 0.0805556 0.0286576
9 0.567187 0.0481481 0.00833333 0.0222222 0.0301775
7 0.298177 0.105556 0.0369792 0.0814815 0.127391
2 0.464323 0.111111 0.0161458 0.0425926 0.210971
2 0.322135 0.0865741 0.0369792 0.0342593 0.247662
2 0.627865 0.121296 0.0255208 0.05 0.254953
2 0.479948 0.109259 0.0213542 0.0462963 0.359556
1 0.25 0.322222 0.0197917 0.0888889 0.419304
2 0.50599 0.10463 0.0421875 0.062963 0.470306
2 0.31875 0.12037 0.05 0.0722222 0.632645
0 0.248698 0.286111 0.0255208 0.131481 0.765946
11 0.729167 0.0430556 0.0270833 0.0564815 0.790492
10 0.203906 0.316204 0.0171875 0.0712963 0.790865
2 0.729688 0.419444 0.122917 0.172222 0.909931
