7 0.317708 0.050463 0.034375 0.0472222 0.00100937
2 0.575521 0.125926 0.0510417 0.0388889 0.00112162
0 0.816667 0.234722 0.009375 0.0416667 0.00112973
2 0.795573 0.087963 0.0276042 0.0222222 0.00114603
2 0.322917 0.0699074 0.0479167 0.0472222 0.00120314
2 0.624219 0.424074 0.598437 0.181481 0.00122679
0 0.494271 0.162963 0.0302083 0.037037 0.00125242
2 0.44375 0.102778 0.0208333 0.0462963 0.00126111
9 0.991146 0.517593 0.0166667 0.17037 0.00126818
12 0.978646 0.500926 0.040625 0.133333 0.00128363
2 0.647917 0.149537 0.0385417 0.0564815 0.00128485
9 0.500521 0.60463 0.015625 0.0425926 0.00130411
7 0.790365 0.0638889 0.0296875 0.0592593 0.0013522
58 0.91875 0.184259 0.1625 0.366667 0.00136315
9 0.260677 0.0476852 0.0119792 0.0472222 0.00136503
1 0.809896 0.331019 0.0197917 0.0898148 0.00139837
9 0.454688 0.315278 0.00729167 0.0157407 0.00151768
9 0.429427 0.0398148 0.0078125 0.0240741 0.00158536
0 0.935938 0.898148 0.0541667 0.2 0.00166765
2 0.404427 0.112037 0.273438 0.087037 0.00170031
2 0.813281 0.0759259 0.0161458 0.0185185 0.00171471
9 0.275781 0.0393519 0.0369792 0.0768519 0.0017226
0 0.442708 0.0893519 0.0145833 0.0305556 0.00173054
9 0.242188 0.0763889 0.0114583 0.0472222 0.00173119
2 0.339063 0.0893519 0.0125 0.0231481 0.00175669
13 0.971354 0.520833 0.05625 0.175 0.00179164
2 0.501823 0.0638889 0.0151042 0.0259259 0.00182981
12 0.995313 0.539352 0.00833333 0.0601852 0.00190264
2 0.55625 0.110185 0.1875 0.0648148 0.00190668
13 0.961458 0.556019 0.0395833 0.0435185 0.00192728
2 0.776563 0.1125 0.021875 0.0342593 0.00200064
9 0.570833 0.0314815 0.0135417 0.0592593 0.00205178
11 0.240104 0.037037 0.021875 0.0722222 0.00214462
7 0.371354 0.109722 0.190625 0.0990741 0.00217296
2 0.783073 0.104167 0.0359375 0.0509259 0.00219941
58 0.96849 0.496296 0.0296875 0.0851852 0.00228531
9 0.234635 0.0634259 0.0213542 0.0361111 0.00233326
2 0.452865 0.111111 0.121354 0.0648148 0.00254362
11 0.236458 0.0680556 0.01875 0.0435185 0.00266901
9 0.257812 0.075 0.0114583 0.0481481 0.0027352
0 0.758073 0.0722222 0.0109375 0.0388889 0.0029332
9 0.266667 0.0606481 0.0145833 0.0305556 0.00294044
5 0.220313 0.0717593 0.0510417 0.0564815 0.00311278
2 0.592708 0.127778 0.0177083 0.0240741 0.00314082
2 0.99375 0.519907 0.0114583 0.167593 0.00319497
9 0.220052 0.0680556 0.0494792 0.0546296 0.00332205
0 0.263281 0.100463 0.00885417 0.0583333 0.00336271
2 0.53125 0.110185 0.015625 0.0444444 0.003455
0 0.714844 0.370833 0.0234375 0.0287037 0.00375639
2 0.3 0.116667 0.0375 0.0833333 0.00383265
9 0.253125 0.0865741 0.0145833 0.0342593 0.00392026
9 0.3625 0.0703704 0.009375 0.0203704 0.00393814
2 0.0140625 0.395833 0.028125 0.113889 0.00408328
0 0.757552 0.0902778 0.0130208 0.075 0.00471022
7 0.220313 0.0680556 0.0510417 0.0564815 0.00496164
2 0.363802 0.0689815 0.0119792 0.0194444 0.0054675
2 0.00546875 0.378704 0.0109375 0.0481481 0.00547136
1 0.00989583 0.396296 0.0197917 0.116667 0.00602556
0 0.995833 0.325926 0.00729167 0.0518519 0.00622028
11 0.60651 0.0606481 0.00989583 0.025 0.00636876
9 0.415885 0.0101852 0.0161458 0.0203704 0.00668301
12 0.994531 0.500463 0.00989583 0.137963 0.00789339
2 0.270312 0.110185 0.0114583 0.0388889 0.00827671
9 0.265625 0.0342593 0.0145833 0.0666667 0.00891764
9 0.265365 0.0967593 0.00989583 0.0490741 0.00991923
7 0.304688 0.106481 0.0770833 0.0962963 0.0111517
9 0.269531 0.0236111 0.0203125 0.0398148 0.011174
1 0.00364583 0.412963 0.00729167 0.0796296 0.0113868
2 0.0106771 0.365278 0.0213542 0.0546296 0.0114338
2 0.238542 0.141667 0.01875 0.0407407 0.0145109
9 0.442969 0.0888889 0.0130208 0.0296296 0.0180369
9 0.502344 0.760648 0.0130208 0.0527778 0.0183307
9 0.567708 0.0476852 0.00833333 0.0231481 0.0191607
2 0.488281 0.108333 0.0119792 0.05 0.0194454
7 0.319271 0.0787037 0.0479167 0.0481481 0.0220499
9 0.219531 0.0638889 0.0182292 0.0444444 0.022592
2 0.785677 0.0898148 0.0151042 0.0222222 0.0283246
9 0.263542 0.0875 0.00833333 0.0324074 0.0285238
2 0.634635 0.146759 0.0119792 0.0509259 0.043029
0 0.635156 0.147685 0.00989583 0.0490741 0.0479473
9 0.208073 0.0666667 0.0182292 0.0444444 0.0538737
2 0.4625 0.112037 0.0125 0.0407407 0.055935
2 0.527865 0.0800926 0.0192708 0.025 0.0833834
2 0.627604 0.121296 0.025 0.0518519 0.139413
7 0.298698 0.108796 0.0390625 0.0824074 0.184806
2 0.472396 0.110648 0.0302083 0.0435185 0.231247
2 0.317448 0.0597222 0.0338542 0.0305556 0.365908
2 0.318229 0.120833 0.0510417 0.0731481 0.566209
2 0.50625 0.106481 0.0427083 0.0611111 0.767673
11 0.729167 0.0425926 0.0270833 0.0555556 0.803324
10 0.203906 0.316204 0.0161458 0.0712963 0.806019
2 0.490365 0.188426 0.0651042 0.0861111 0.864933
2 0.729688 0.419907 0.122917 0.171296 0.910062
