2 0.152344 0.0486111 0.0203125 0.0194444 0.00102869
2 0.774479 0.12037 0.01875 0.0407407 0.001032
7 0.21901 0.0856481 0.0546875 0.121296 0.00104414
2 0.53125 0.113426 0.0135417 0.0416667 0.00105539
12 0.702083 0.148611 0.0229167 0.0675926 0.00107885
2 0.0549479 0.0347222 0.0244792 0.0398148 0.00109006
2 0.536458 0.1125 0.0125 0.0435185 0.00120412
2 0.553906 0.424074 0.634896 0.185185 0.00128712
9 0.454427 0.314352 0.0078125 0.0138889 0.00134175
12 0.966667 0.498148 0.0270833 0.0814815 0.00138233
9 0.995313 0.528704 0.00833333 0.0388889 0.00140682
9 0.988281 0.511574 0.0223958 0.162037 0.00143237
12 0.991146 0.521759 0.0166667 0.171296 0.00145465
5 0.220573 0.0717593 0.0515625 0.0564815 0.00147041
13 0.985417 0.522685 0.028125 0.180556 0.00148503
7 0.972917 0.526389 0.053125 0.200926 0.00151658
2 0.55026 0.1125 0.359896 0.0824074 0.00159879
9 0.36224 0.0726852 0.00885417 0.0287037 0.00160928
2 0.661719 0.147685 0.0661458 0.075 0.00166334
58 0.96849 0.49213 0.0317708 0.10463 0.00172529
1 0.00703125 0.358333 0.0140625 0.0740741 0.00173353
2 0.29349 0.102315 0.0776042 0.102778 0.00176197
0 0.75599 0.0916667 0.0140625 0.0833333 0.00186029
0 0.263281 0.105556 0.00885417 0.0481481 0.00207025
9 0.277865 0.074537 0.0390625 0.14537 0.00212678
2 0.415104 0.110648 0.288542 0.0861111 0.00240124
2 0.784375 0.0898148 0.0125 0.0185185 0.00247295
0 0.757552 0.375463 0.0182292 0.0287037 0.00256802
11 0.240104 0.0375 0.021875 0.0731481 0.00272545
2 0.00546875 0.389352 0.0109375 0.0935185 0.00273823
2 0.291146 0.0708333 0.0135417 0.0157407 0.00296593
9 0.258854 0.0662037 0.0114583 0.062037 0.0030957
0 0.732292 0.371759 0.0302083 0.0287037 0.00309924
9 0.252083 0.0875 0.0125 0.0342593 0.00330161
9 0.29375 0.0555556 0.009375 0.0388889 0.00332886
2 0.273698 0.11713 0.0223958 0.0509259 0.00376049
1 0.00442708 0.399537 0.00885417 0.100926 0.00411935
2 0.30625 0.0819444 0.0229167 0.0342593 0.00412153
2 0.464323 0.111574 0.0973958 0.0712963 0.00420091
2 0.593229 0.125463 0.0177083 0.025 0.00421735
9 0.23776 0.0712963 0.0140625 0.0444444 0.00424344
1 0.00963542 0.393981 0.0192708 0.117593 0.00469667
2 0.238281 0.139352 0.0192708 0.0453704 0.00471274
2 0.00989583 0.366204 0.0197917 0.0564815 0.00517896
2 0.442708 0.0884259 0.015625 0.0268519 0.00538164
9 0.439323 0.211111 0.0130208 0.0666667 0.0058425
7 0.214323 0.0615741 0.0390625 0.0638889 0.00602294
11 0.2375 0.0680556 0.0166667 0.0416667 0.00631439
0 0.173438 0.727778 0.186458 0.488889 0.00644269
9 0.263802 0.0861111 0.0109375 0.0333333 0.00738394
0 0.716146 0.371296 0.0208333 0.0259259 0.00818271
9 0.207552 0.0675926 0.0213542 0.0462963 0.00847293
9 0.221354 0.0861111 0.0114583 0.0185185 0.00873224
12 0.973437 0.497222 0.040625 0.122222 0.0089004
2 0.45026 0.106944 0.0348958 0.0472222 0.00909926
2 0.648698 0.148611 0.0369792 0.0564815 0.00951929
12 0.995052 0.489352 0.00885417 0.123148 0.00988715
9 0.565625 0.0333333 0.0125 0.0555556 0.00990853
2 0.270573 0.111111 0.0130208 0.0351852 0.011444
9 0.559896 0.0310185 0.0333333 0.0601852 0.0119387
11 0.60599 0.0592593 0.00989583 0.0259259 0.0121916
9 0.500781 0.602315 0.0140625 0.0398148 0.0134633
0 0.635156 0.147222 0.0109375 0.0537037 0.0158716
9 0.443229 0.087963 0.0135417 0.0259259 0.0171501
9 0.567187 0.0476852 0.00833333 0.025 0.0423818
2 0.461198 0.113426 0.0119792 0.0342593 0.0455448
9 0.223177 0.0587963 0.0130208 0.0398148 0.051276
2 0.446615 0.115278 0.0255208 0.025 0.0618461
2 0.29349 0.109259 0.0296875 0.0796296 0.102396
9 0.503125 0.759722 0.0125 0.0564815 0.121706
9 0.26901 0.0356481 0.0223958 0.0675926 0.231148
2 0.627604 0.122222 0.025 0.0518519 0.248405
2 0.322656 0.0847222 0.0380208 0.0324074 0.264396
7 0.50599 0.104167 0.0432292 0.0638889 0.33761
2 0.473698 0.108796 0.0338542 0.0453704 0.426722
2 0.505729 0.103704 0.0427083 0.062963 0.501591
2 0.31875 0.121759 0.0510417 0.0694444 0.738371
11 0.729427 0.0444444 0.0265625 0.0574074 0.766766
10 0.204167 0.315741 0.015625 0.0703704 0.796486
2 0.398177 0.118981 0.0515625 0.0675926 0.834752
2 0.730208 0.418981 0.122917 0.173148 0.910381
