2 0.408073 0.124074 0.0265625 0.037037 0.00105225
2 0.578125 0.424537 0.659375 0.187963 0.0011006
9 0.554427 0.0263889 0.0244792 0.0490741 0.00111458
2 0.576563 0.128704 0.0489583 0.0333333 0.00127324
58 0.968229 0.490741 0.0302083 0.0981481 0.00130681
12 0.757552 0.0731481 0.00989583 0.0462963 0.00134046
9 0.995313 0.530093 0.00833333 0.0398148 0.00136898
7 0.971094 0.522685 0.0567708 0.200926 0.00141682
2 0.813281 0.0726852 0.0171875 0.0212963 0.00141954
1 0.00651042 0.35787 0.0130208 0.0805556 0.00143703
9 0.548177 0.0509259 0.0109375 0.0240741 0.00146755
2 0.746094 0.158333 0.0223958 0.0185185 0.00147089
2 0.240104 0.105556 0.0177083 0.0351852 0.00154144
2 0.64401 0.151852 0.0265625 0.062963 0.00154158
1 0.0114583 0.36713 0.0229167 0.0490741 0.00162429
2 0.784115 0.0912037 0.0119792 0.0175926 0.00175525
9 0.279427 0.0763889 0.0401042 0.147222 0.001824
9 0.2375 0.0712963 0.0145833 0.0462963 0.00184156
2 0.291927 0.0787037 0.0192708 0.0314815 0.00187946
12 0.702344 0.140278 0.0234375 0.0824074 0.00191504
2 0.774219 0.118981 0.0182292 0.0361111 0.00197765
7 0.292969 0.102778 0.0786458 0.101852 0.00206127
0 0.73125 0.371296 0.0333333 0.0296296 0.00213327
0 0.757031 0.0907407 0.0119792 0.0814815 0.002148
12 0.967188 0.497685 0.0270833 0.0824074 0.00220229
9 0.56276 0.049537 0.0192708 0.0268519 0.0022957
2 0.413021 0.112037 0.289583 0.0851852 0.00238567
2 0.273698 0.115741 0.0223958 0.0555556 0.00241735
11 0.2375 0.0685185 0.0166667 0.0444444 0.00246253
0 0.263281 0.102315 0.00885417 0.0546296 0.00258182
9 0.500521 0.602778 0.0145833 0.0407407 0.00261884
2 0.661719 0.150463 0.0630208 0.0638889 0.0026521
9 0.259375 0.062963 0.0125 0.0703704 0.00266044
9 0.36224 0.0703704 0.00989583 0.0314815 0.00270325
58 0.961979 0.25 0.075 0.224074 0.00274682
9 0.454427 0.314815 0.0078125 0.0148148 0.00277219
9 0.252865 0.087963 0.0130208 0.0351852 0.00292295
0 0.757812 0.375 0.0177083 0.0277778 0.00294423
2 0.447917 0.112963 0.140625 0.0722222 0.00309372
9 0.219531 0.10463 0.0109375 0.0407407 0.00315075
9 0.29349 0.0527778 0.00885417 0.0425926 0.00338049
2 0.592969 0.127778 0.0192708 0.0240741 0.00344851
2 0.300781 0.0893519 0.0328125 0.0509259 0.00383813
2 0.442708 0.0893519 0.0145833 0.0305556 0.00432406
13 0.0127604 0.391667 0.0255208 0.118519 0.00433765
9 0.217448 0.0592593 0.0255208 0.0537037 0.00443243
1 0.00494792 0.400463 0.00989583 0.0990741 0.00454799
1 0.00963542 0.39213 0.0192708 0.117593 0.00508486
2 0.26901 0.106481 0.0109375 0.0444444 0.00530351
12 0.975 0.493519 0.0427083 0.12037 0.00589952
7 0.213802 0.0643518 0.0369792 0.0564815 0.00640897
5 0.215365 0.0648148 0.0380208 0.0537037 0.00681681
0 0.716146 0.371296 0.0208333 0.0259259 0.00703569
11 0.240104 0.0347222 0.0208333 0.0675926 0.00795539
2 0.238281 0.141667 0.0192708 0.0407407 0.00838662
12 0.994792 0.491667 0.009375 0.12963 0.00849634
9 0.265885 0.0953704 0.0109375 0.0462963 0.00889658
9 0.442969 0.0898148 0.0140625 0.0296296 0.00894232
9 0.207813 0.0666667 0.0208333 0.0462963 0.0101526
2 0.635156 0.146296 0.0109375 0.0518519 0.010936
9 0.564844 0.0310185 0.0223958 0.0601852 0.0123378
2 0.445052 0.105556 0.0234375 0.0425926 0.0125631
11 0.60599 0.0597222 0.0109375 0.0231481 0.016369
0 0.635417 0.148148 0.009375 0.0518519 0.0200359
9 0.220313 0.087963 0.0104167 0.012963 0.0226667
9 0.503125 0.759259 0.0125 0.0574074 0.0455133
9 0.567187 0.0486111 0.009375 0.025 0.058911
0 0.17526 0.732407 0.182812 0.5 0.0619433
2 0.29375 0.108796 0.0302083 0.0824074 0.0771159
7 0.296354 0.10787 0.0354167 0.0861111 0.0788038
2 0.463542 0.109722 0.015625 0.0453704 0.111833
9 0.269271 0.0361111 0.021875 0.0685185 0.145401
2 0.322656 0.0856481 0.0380208 0.0324074 0.252563
2 0.477865 0.108796 0.0276042 0.0453704 0.39257
2 0.627604 0.121759 0.025 0.0509259 0.400746
7 0.50599 0.104167 0.0432292 0.0638889 0.433429
2 0.50599 0.103704 0.0432292 0.062963 0.457406
2 0.31875 0.121296 0.0510417 0.0703704 0.699638
11 0.729688 0.0444444 0.0270833 0.0574074 0.760347
10 0.203906 0.315741 0.0161458 0.0703704 0.785602
2 0.396094 0.135185 0.0536458 0.0740741 0.873377
2 0.729948 0.418519 0.121354 0.172222 0.908906
