0 0.995833 0.329167 0.00729167 0.0509259 0.00100396
2 0.548958 0.423611 0.621875 0.182407 0.00102133
7 0.78776 0.0648148 0.0244792 0.0666667 0.00107982
0 0.729948 0.372685 0.0265625 0.0287037 0.00110208
9 0.566146 0.0648148 0.0114583 0.0592593 0.00112463
0 0.757031 0.373611 0.0203125 0.0342593 0.00112993
12 0.995573 0.531018 0.0078125 0.0324074 0.00123005
2 0.655729 0.139352 0.0791667 0.0824074 0.00123017
0 0.754948 0.0856481 0.0140625 0.0657407 0.001274
0 0.460156 0.292593 0.560938 0.477778 0.00127598
12 0.698438 0.139352 0.0166667 0.0916667 0.00128617
2 0.276042 0.110185 0.025 0.062963 0.0013375
2 0.254687 0.0875 0.0177083 0.037963 0.0013482
9 0.991146 0.507407 0.0166667 0.15 0.00141206
58 0.96224 0.244444 0.0661458 0.233333 0.00141689
2 0.0046875 0.556481 0.009375 0.0425926 0.00143144
0 0.3625 0.0657407 0.0104167 0.0314815 0.00148856
11 0.60599 0.0597222 0.00989583 0.0287037 0.00151941
2 0.241146 0.108333 0.01875 0.037037 0.00153196
2 0.778646 0.102315 0.028125 0.0509259 0.00165486
7 0.978385 0.520833 0.0421875 0.189815 0.00165764
12 0.702083 0.121759 0.0229167 0.0509259 0.00165903
0 0.233073 0.386111 0.0130208 0.0666667 0.00175532
2 0.446875 0.110648 0.0260417 0.0287037 0.00178018
11 0.236719 0.0694444 0.0171875 0.0462963 0.00179308
2 0.813542 0.0759259 0.0177083 0.0166667 0.00187579
12 0.716667 0.166204 0.0135417 0.0324074 0.00190517
2 0.794792 0.087963 0.0291667 0.0259259 0.00194993
7 0.28724 0.0773148 0.0348958 0.137963 0.00216667
58 0.96849 0.495833 0.0307292 0.0898148 0.00221979
2 0.556771 0.110648 0.259375 0.0694444 0.00228287
2 0.408073 0.110648 0.273438 0.0861111 0.00230557
12 0.978646 0.498148 0.0385417 0.127778 0.00239036
9 0.458594 0.0648148 0.0078125 0.0296296 0.00239318
0 0.716927 0.372222 0.0244792 0.0277778 0.0025272
12 0.754948 0.0925926 0.0161458 0.0777778 0.00255662
2 0.45651 0.110185 0.116146 0.0648148 0.00265935
9 0.58099 0.0351852 0.0130208 0.0555556 0.00283562
2 0.592708 0.124074 0.0166667 0.0259259 0.0031095
12 0.702083 0.166204 0.0197917 0.0361111 0.00315106
2 0.442708 0.087037 0.0135417 0.0277778 0.00315984
7 0.276823 0.037963 0.0369792 0.0722222 0.00335103
0 0.263021 0.0930556 0.00833333 0.0490741 0.00394098
1 0.213802 0.458333 0.0213542 0.105556 0.00462706
2 0.338542 0.0875 0.0135417 0.0305556 0.00471208
9 0.210417 0.0657407 0.028125 0.0518519 0.0049304
24 0.217969 0.383333 0.0234375 0.0537037 0.00580423
9 0.26875 0.024537 0.021875 0.0398148 0.00791813
1 0.0138021 0.456481 0.0276042 0.253704 0.00817205
1 0.00546875 0.461574 0.0109375 0.236111 0.00873971
12 0.994531 0.493981 0.00989583 0.126852 0.00888504
9 0.572135 0.0310185 0.0151042 0.0583333 0.0105863
2 0.363542 0.0666667 0.0125 0.0203704 0.0111
12 0.692187 0.166204 0.00833333 0.037963 0.0115737
1 0.0125 0.371296 0.025 0.05 0.0122067
2 0.271094 0.106944 0.0140625 0.0435185 0.0122175
10 0.442708 0.087037 0.0125 0.0277778 0.0122928
2 0.635156 0.143981 0.0109375 0.0527778 0.0143922
2 0.269531 0.0472222 0.0203125 0.0407407 0.0158896
5 0.220313 0.0657407 0.05 0.0648148 0.0203568
7 0.220313 0.0601852 0.05 0.0796296 0.0224185
2 0.238281 0.141204 0.0182292 0.0416667 0.0245979
2 0.785677 0.0884259 0.0130208 0.025 0.0255069
1 0.00442708 0.408796 0.00885417 0.0861111 0.03664
2 0.489323 0.106944 0.0151042 0.0509259 0.0463616
9 0.567187 0.0476852 0.00833333 0.0231481 0.0578773
2 0.291927 0.111574 0.0265625 0.0731481 0.0626542
2 0.308073 0.0958333 0.0473958 0.0972222 0.0727499
2 0.308333 0.0592593 0.0322917 0.0333333 0.0799505
7 0.307552 0.101389 0.0578125 0.087963 0.0948057
1 0.0111979 0.4 0.0223958 0.103704 0.0983245
2 0.321094 0.0875 0.0411458 0.0398148 0.121821
2 0.313021 0.0699074 0.0333333 0.0268519 0.22794
2 0.480208 0.109259 0.0208333 0.0444444 0.234055
2 0.466667 0.111111 0.0197917 0.0407407 0.275692
1 0.221615 0.471296 0.0276042 0.112963 0.447308
2 0.627083 0.121759 0.0260417 0.0509259 0.485125
2 0.505729 0.10463 0.0427083 0.0611111 0.635427
2 0.317969 0.120833 0.0515625 0.0731481 0.744638
11 0.728906 0.0430556 0.0276042 0.0546296 0.804597
0 0.220573 0.425926 0.0338542 0.168519 0.814049
10 0.204167 0.313889 0.015625 0.0685185 0.828741
2 0.729688 0.419444 0.122917 0.172222 0.907462
