13 0.969792 0.570833 0.0583333 0.0805556 0.00100907
12 0.692969 0.162963 0.00677083 0.0388889 0.00102322
9 0.193229 0.0847222 0.00729167 0.0194444 0.00111793
1 0.0486979 0.457407 0.0973958 0.112963 0.00119734
2 0.277344 0.109259 0.0265625 0.062963 0.00121132
2 0.333594 0.0791667 0.0244792 0.0324074 0.00124209
58 0.967448 0.511574 0.0515625 0.136111 0.0012531
2 0.265885 0.565278 0.463021 0.323148 0.00127135
1 0.48125 0.494444 0.0135417 0.0444444 0.00129309
2 0.658333 0.128704 0.0864583 0.062963 0.00129619
24 0.0804688 0.39213 0.0286458 0.0657407 0.00132128
9 0.502083 0.759259 0.0125 0.0555556 0.0013266
0 0.05625 0.0277778 0.0208333 0.0518519 0.00133858
0 0.75651 0.374074 0.0213542 0.0351852 0.00134621
2 0.988802 0.522685 0.0213542 0.171296 0.00148063
0 0.459375 0.0657407 0.0104167 0.0259259 0.00152362
0 0.361719 0.0689815 0.00885417 0.0268519 0.00152541
9 0.186979 0.0833333 0.00833333 0.0296296 0.00153394
2 0.263021 0.099537 0.0104167 0.0564815 0.00158598
1 0.01875 0.371759 0.0364583 0.0546296 0.00159116
0 0.283333 0.350926 0.49375 0.418519 0.00160157
24 0.448438 0.337963 0.025 0.0666667 0.00175462
2 0.45 0.547685 0.829167 0.408333 0.00176373
1 0.0265625 0.358796 0.0520833 0.0416667 0.00176699
0 0.186719 0.108333 0.0078125 0.05 0.00177279
2 0.294792 0.103704 0.090625 0.0981481 0.00184251
2 0.777344 0.101389 0.0265625 0.0398148 0.00184598
1 0.0979167 0.43287 0.028125 0.062037 0.00197811
2 0.59349 0.115741 0.0161458 0.037037 0.00206412
0 0.404427 0.494444 0.0171875 0.05 0.00215906
7 0.989062 0.51713 0.0208333 0.178704 0.00225802
0 0.730208 0.372685 0.0270833 0.0305556 0.0022702
9 0.269271 0.0236111 0.0229167 0.0453704 0.00234733
7 0.236719 0.0662037 0.0161458 0.0398148 0.00237432
7 0.788021 0.0615741 0.025 0.0601852 0.00238469
9 0.415104 0.0087963 0.0145833 0.0175926 0.00243046
1 0.00494792 0.442593 0.00989583 0.168519 0.00260211
0 0.44974 0.480556 0.0505208 0.087037 0.00260525
0 0.26276 0.0912037 0.00885417 0.0472222 0.0026232
11 0.236979 0.0680556 0.0166667 0.0435185 0.00264948
13 0.986458 0.518981 0.0260417 0.173148 0.00266457
1 0.0255208 0.394907 0.0510417 0.112037 0.0027842
0 0.423438 0.49213 0.0333333 0.0546296 0.00283633
0 0.45 0.418519 0.758333 0.683333 0.00288129
7 0.316667 0.0694444 0.046875 0.0666667 0.0029801
2 0.497396 0.111111 0.347917 0.0740741 0.0030252
9 0.218229 0.107407 0.00833333 0.0462963 0.00323317
7 0.970833 0.526389 0.0572917 0.20463 0.00325806
58 0.967969 0.495833 0.0307292 0.087963 0.00326583
12 0.9875 0.518981 0.0239583 0.171296 0.00330888
13 0.970573 0.521296 0.0578125 0.175926 0.00335762
9 0.572917 0.0305556 0.0145833 0.0592593 0.00344623
2 0.25599 0.087037 0.0223958 0.0388889 0.00346595
7 0.221875 0.0546296 0.0552083 0.1 0.00381188
2 0.611719 0.425 0.383854 0.168519 0.00382101
0 0.535937 0.278704 0.495833 0.442593 0.00382711
13 0.9625 0.553704 0.040625 0.0425926 0.00424137
2 0.238281 0.139352 0.0192708 0.0416667 0.00435361
0 0.708594 0.375 0.0213542 0.0277778 0.00450701
58 0.922917 0.181481 0.153125 0.359259 0.00452309
1 0.102604 0.42037 0.0208333 0.0444444 0.00499624
0 0.717188 0.372222 0.0270833 0.0277778 0.00507384
2 0.378385 0.108333 0.190104 0.0722222 0.00548904
0 0.390885 0.493519 0.0328125 0.0555556 0.00549441
2 0.285156 0.0699074 0.0182292 0.0305556 0.006175
12 0.99401 0.516667 0.0109375 0.17037 0.00626626
1 0.0114583 0.353241 0.0229167 0.0546296 0.00688952
0 0.757292 0.0689815 0.0104167 0.0435185 0.00763742
1 0.0872396 0.441667 0.0192708 0.0796296 0.0078805
2 0.784375 0.0884259 0.0135417 0.0212963 0.00861544
2 0.60599 0.0587963 0.00989583 0.0268519 0.00864857
5 0.2125 0.0615741 0.034375 0.0601852 0.00941996
9 0.99349 0.505093 0.0119792 0.149074 0.0107131
0 0.75625 0.0875 0.0135417 0.0787037 0.0120003
9 0.213281 0.0652778 0.0369792 0.0564815 0.0121279
7 0.21224 0.0615741 0.0338542 0.0601852 0.0154975
9 0.566927 0.0472222 0.0078125 0.0240741 0.0155265
2 0.270833 0.108333 0.0145833 0.0388889 0.0168865
7 0.276042 0.0611111 0.040625 0.116667 0.0177084
2 0.26901 0.0509259 0.0192708 0.037037 0.0198392
2 0.634896 0.14537 0.0114583 0.0574074 0.020492
24 0.457812 0.319907 0.0270833 0.0675926 0.0231698
0 0.365885 0.498148 0.0296875 0.0462963 0.0240841
9 0.21901 0.0898148 0.0078125 0.012963 0.0523599
2 0.311198 0.0782407 0.0328125 0.0361111 0.0553896
1 0.458594 0.441667 0.0442708 0.148148 0.0635014
0 0.44375 0.502315 0.0427083 0.0416667 0.0999891
2 0.292448 0.110648 0.0265625 0.075 0.100917
1 0.0783854 0.459259 0.0359375 0.111111 0.139281
1 0.453646 0.399537 0.0322917 0.0675926 0.170391
1 0.0106771 0.397685 0.0213542 0.10463 0.211893
2 0.480469 0.109259 0.0203125 0.0444444 0.257018
1 0.0734375 0.477315 0.0229167 0.0768519 0.274511
2 0.307031 0.0550926 0.0286458 0.037963 0.275965
7 0.50625 0.103241 0.0416667 0.0638889 0.347135
2 0.467708 0.109722 0.0239583 0.0435185 0.370007
2 0.321615 0.0875 0.0369792 0.0342593 0.374492
2 0.50625 0.103241 0.0416667 0.0638889 0.509525
2 0.627083 0.122222 0.0260417 0.0518519 0.543934
2 0.43125 0.100926 0.040625 0.0611111 0.587575
11 0.728646 0.0416667 0.0270833 0.0518519 0.774908
2 0.317969 0.121296 0.0515625 0.0685185 0.78514
0 0.0768229 0.414352 0.0411458 0.143519 0.834912
0 0.45625 0.348611 0.0395833 0.165741 0.83529
10 0.204167 0.314815 0.015625 0.0703704 0.847026
2 0.408333 0.576852 0.190625 0.298148 0.856891
2 0.729427 0.419444 0.123438 0.17037 0.913283
