12 0.69974 0.164352 0.0234375 0.0453704 0.0010333
2 0.87474 0.111111 0.0578125 0.0444444 0.00108021
9 0.236719 0.0666667 0.0182292 0.0425926 0.00112208
1 0.810417 0.32963 0.01875 0.087037 0.0011315
9 0.990625 0.518056 0.0177083 0.171296 0.00114041
2 0.447396 0.108333 0.0395833 0.0462963 0.00116174
0 0.728385 0.372685 0.0265625 0.0268519 0.00118432
2 0.638802 0.125463 0.0494792 0.062037 0.00120896
2 0.815625 0.0689815 0.015625 0.0138889 0.00121177
2 0.21901 0.133796 0.0598958 0.0564815 0.00124117
0 0.757812 0.373611 0.01875 0.0324074 0.00124537
2 0.889323 0.109722 0.0276042 0.0231481 0.0012497
9 0.995573 0.528704 0.0078125 0.0537037 0.00126232
11 0.240365 0.0351852 0.0213542 0.0685185 0.0012681
9 0.292708 0.0513889 0.009375 0.037963 0.00127518
2 0.530469 0.113426 0.0119792 0.0435185 0.00127711
9 0.559635 0.0287037 0.0223958 0.0555556 0.00139783
9 0.60599 0.0601852 0.00989583 0.0259259 0.00140995
58 0.684375 0.169907 0.021875 0.0453704 0.00143297
58 0.919271 0.185185 0.160417 0.368519 0.00144913
2 0.654948 0.139815 0.0828125 0.0851852 0.00146831
2 0.777344 0.115278 0.0244792 0.0342593 0.00149161
58 0.968229 0.497222 0.0302083 0.087037 0.00150516
9 0.258594 0.0717593 0.0119792 0.0472222 0.00155836
1 0.0046875 0.4625 0.009375 0.228704 0.00157513
2 0.78724 0.105093 0.0453125 0.0564815 0.00159855
2 0.0257812 0.35463 0.0505208 0.0351852 0.00160649
2 0.797396 0.0847222 0.046875 0.0342593 0.00161572
2 0.592708 0.125463 0.0177083 0.025 0.00164228
9 0.252344 0.0884259 0.0130208 0.0342593 0.00168309
9 0.114583 0.0240741 0.0125 0.037037 0.00173462
9 0.363281 0.0462963 0.00885417 0.0333333 0.00183539
0 0.995833 0.326389 0.00729167 0.062037 0.00192425
2 0.407552 0.1125 0.256771 0.0842593 0.00199729
2 0.813281 0.075463 0.0203125 0.0194444 0.00201448
0 0.715885 0.371759 0.0255208 0.0268519 0.00203248
9 0.430469 0.0606481 0.00885417 0.0342593 0.0021877
1 0.0239583 0.394444 0.0479167 0.116667 0.0021953
0 0.747656 0.118056 0.0140625 0.0416667 0.0021966
2 0.363542 0.0675926 0.0114583 0.0185185 0.00226568
32 0.454427 0.314352 0.0078125 0.0157407 0.00227242
2 0.832031 0.215278 0.0369792 0.0824074 0.00244775
0 0.2625 0.106481 0.009375 0.0481481 0.00245178
9 0.263802 0.0851852 0.00989583 0.0314815 0.00252151
0 0.389844 0.209259 0.0182292 0.037037 0.00257053
0 0.3625 0.0731481 0.0104167 0.0296296 0.00257492
0 0.266406 0.0981481 0.0109375 0.0555556 0.00263653
9 0.109896 0.025 0.0104167 0.0351852 0.0027508
5 0.221094 0.0731481 0.0505208 0.062963 0.00278327
11 0.2375 0.0657407 0.0166667 0.0388889 0.0028323
13 0.99375 0.520833 0.0114583 0.175 0.00299931
2 0.442708 0.0884259 0.0135417 0.0305556 0.00300461
9 0.99401 0.495833 0.0109375 0.125 0.00302124
2 0.817448 0.235648 0.00885417 0.0416667 0.0033366
7 0.790104 0.0657407 0.0302083 0.062963 0.0034724
7 0.301562 0.106944 0.0822917 0.0935185 0.00363443
2 0.48125 0.113426 0.0989583 0.0657407 0.00372629
9 0.578125 0.0333333 0.0145833 0.0611111 0.00392712
2 0.582552 0.113426 0.321354 0.0712963 0.00410132
12 0.690104 0.16713 0.0135417 0.0416667 0.00411399
9 0.583854 0.0347222 0.015625 0.0601852 0.00435136
12 0.994271 0.497222 0.0104167 0.131481 0.0044499
0 0.75599 0.106481 0.0171875 0.0648148 0.00465399
2 0.641406 0.151852 0.0213542 0.062963 0.00498075
9 0.220573 0.0652778 0.0473958 0.0527778 0.00517404
9 0.567187 0.0314815 0.015625 0.0592593 0.00518758
2 0.0130208 0.396296 0.0260417 0.114815 0.00543789
13 0.985156 0.525 0.0286458 0.185185 0.00552031
0 0.757552 0.122685 0.0140625 0.0305556 0.00577887
9 0.429167 0.0462963 0.00833333 0.0240741 0.00596674
0 0.442969 0.0990741 0.0171875 0.05 0.00636379
9 0.219792 0.0861111 0.0145833 0.0166667 0.00641312
0 0.75599 0.0805556 0.0130208 0.0555556 0.0072655
7 0.220833 0.0680556 0.05 0.0601852 0.00794226
2 0.271354 0.110648 0.0135417 0.037963 0.00802624
9 0.5 0.603241 0.0145833 0.0398148 0.00936887
2 0.239063 0.140278 0.0197917 0.0416667 0.00958857
1 0.00442708 0.409722 0.00885417 0.0861111 0.0149764
1 0.00963542 0.396759 0.0192708 0.112037 0.0211418
9 0.442969 0.087963 0.0130208 0.0277778 0.021147
0 0.635677 0.149537 0.00989583 0.0546296 0.0215822
2 0.786979 0.0888889 0.0166667 0.0240741 0.0238618
2 0.00442708 0.409259 0.00885417 0.087037 0.0273697
9 0.208594 0.0666667 0.0223958 0.0462963 0.027957
2 0.635417 0.148611 0.0114583 0.0564815 0.0281451
9 0.502865 0.760185 0.0140625 0.0592593 0.0311183
2 0.488281 0.10787 0.0140625 0.0490741 0.0315849
9 0.567448 0.0486111 0.00885417 0.025 0.0534573
2 0.296094 0.107407 0.0338542 0.0851852 0.132025
2 0.461979 0.113889 0.0125 0.037037 0.139569
9 0.26875 0.0356481 0.0208333 0.0675926 0.142707
7 0.297396 0.106944 0.0385417 0.0842593 0.225474
2 0.322656 0.0875 0.0380208 0.0398148 0.265818
2 0.472396 0.109722 0.03125 0.0435185 0.27055
2 0.627344 0.121296 0.0255208 0.0518519 0.39483
2 0.505469 0.104167 0.0432292 0.0638889 0.568508
10 0.204167 0.316204 0.015625 0.0712963 0.643312
2 0.31875 0.122222 0.05 0.0703704 0.737217
11 0.729167 0.0430556 0.0270833 0.0546296 0.826268
2 0.391146 0.123148 0.0479167 0.0703704 0.844342
2 0.38125 0.219444 0.0739583 0.103704 0.895151
2 0.729948 0.419444 0.122396 0.17037 0.907651
2 0.746094 0.191204 0.128646 0.112037 0.913643
