9 0.416146 0.0087963 0.0166667 0.0175926 0.00100548
1 0.0046875 0.462963 0.009375 0.227778 0.00101916
9 0.365365 0.0421296 0.0109375 0.0268519 0.00102686
2 0.891406 0.109259 0.0244792 0.0259259 0.00103341
9 0.548177 0.0601852 0.0109375 0.0240741 0.0010369
12 0.977865 0.501389 0.0432292 0.136111 0.00113352
9 0.292708 0.0509259 0.009375 0.037037 0.00119027
58 0.919271 0.186111 0.160417 0.368519 0.00119794
2 0.638542 0.124537 0.0489583 0.062037 0.00120082
11 0.240365 0.0347222 0.0213542 0.0675926 0.00120535
2 0.448698 0.108796 0.0390625 0.0453704 0.00123185
2 0.21875 0.132407 0.059375 0.0555556 0.00125
58 0.684635 0.168981 0.0213542 0.0453704 0.00127312
2 0.813021 0.0759259 0.021875 0.0203704 0.00131595
1 0.0236979 0.393519 0.0473958 0.116667 0.00136472
0 0.995833 0.326852 0.00729167 0.062963 0.00137601
2 0.530469 0.112963 0.0119792 0.0425926 0.00138455
0 0.715885 0.372222 0.0244792 0.0277778 0.00138652
2 0.87474 0.111111 0.0588542 0.0444444 0.00138834
9 0.458333 0.0652778 0.00729167 0.0287037 0.00145363
9 0.561979 0.0435185 0.0197917 0.037037 0.00146411
32 0.454167 0.314815 0.00833333 0.0148148 0.00150929
9 0.430469 0.0615741 0.00885417 0.0305556 0.00155033
9 0.60625 0.0601852 0.009375 0.0259259 0.0015674
2 0.654688 0.139352 0.0833333 0.0861111 0.00160843
9 0.258073 0.0736111 0.0119792 0.0472222 0.00161334
2 0.797135 0.0851852 0.0484375 0.0351852 0.00161694
2 0.786719 0.105556 0.0432292 0.0592593 0.00167981
2 0.363802 0.0680556 0.0119792 0.0194444 0.00173431
9 0.252344 0.0884259 0.0130208 0.0342593 0.00174555
58 0.968229 0.497222 0.0302083 0.0851852 0.00175852
9 0.236979 0.0643518 0.0166667 0.0361111 0.001798
2 0.592969 0.125 0.0182292 0.0259259 0.00187275
2 0.776302 0.115741 0.0223958 0.0333333 0.00196572
2 0.423698 0.111574 0.282813 0.0842593 0.00206316
0 0.390885 0.209259 0.0203125 0.0407407 0.00210624
9 0.588802 0.0398148 0.0140625 0.0518519 0.00214446
0 0.36224 0.0740741 0.00989583 0.0277778 0.00249811
0 0.266146 0.0981481 0.0114583 0.0555556 0.00259591
0 0.2625 0.106019 0.009375 0.0490741 0.00259592
2 0.3 0.107407 0.0833333 0.0944444 0.00277649
9 0.429688 0.0476852 0.00833333 0.0287037 0.00285966
0 0.442969 0.0986111 0.0182292 0.0490741 0.00291133
12 0.690365 0.166667 0.0130208 0.0407407 0.00304296
9 0.263542 0.0861111 0.009375 0.0333333 0.00307605
2 0.442969 0.0884259 0.0140625 0.0305556 0.00328815
2 0.817708 0.235648 0.00833333 0.0398148 0.00337333
2 0.831771 0.213889 0.0364583 0.0833333 0.00339849
7 0.970312 0.528241 0.0583333 0.206481 0.0034086
13 0.994271 0.521296 0.0104167 0.172222 0.00363226
2 0.641146 0.152315 0.0208333 0.062037 0.00394765
9 0.99349 0.498148 0.0119792 0.12963 0.00417878
2 0.483594 0.112963 0.0911458 0.0666667 0.00422829
2 0.589323 0.113426 0.327604 0.0712963 0.0042593
12 0.99375 0.499537 0.0114583 0.136111 0.00432801
11 0.23776 0.0657407 0.0151042 0.037037 0.00454623
9 0.577865 0.0333333 0.0151042 0.0611111 0.00462974
9 0.583594 0.0347222 0.0161458 0.062037 0.00470752
0 0.755469 0.109722 0.0182292 0.0583333 0.00505001
0 0.747135 0.117593 0.0119792 0.0407407 0.00517209
0 0.757031 0.121296 0.0140625 0.0333333 0.00529147
9 0.5 0.603241 0.0145833 0.0398148 0.00599141
2 0.0138021 0.395833 0.0276042 0.112037 0.00610171
13 0.986198 0.522685 0.0265625 0.180556 0.00685592
9 0.565885 0.0314815 0.0171875 0.0592593 0.00719621
2 0.271354 0.110185 0.0135417 0.0388889 0.0074463
7 0.213281 0.062963 0.0328125 0.0574074 0.00874727
13 0.970573 0.531482 0.0578125 0.192593 0.00880466
0 0.75625 0.0791667 0.0125 0.0527778 0.00969152
9 0.220833 0.0888889 0.0104167 0.012963 0.0125241
9 0.109896 0.0240741 0.0104167 0.0351852 0.0134301
2 0.239063 0.140278 0.0197917 0.0416667 0.0141881
9 0.502865 0.760185 0.0140625 0.0592593 0.0156557
2 0.786719 0.0888889 0.0161458 0.0240741 0.0163813
0 0.635677 0.149537 0.00989583 0.0546296 0.0164336
1 0.009375 0.395833 0.01875 0.110185 0.0170097
1 0.00442708 0.408796 0.00885417 0.0842593 0.0177856
2 0.635156 0.148611 0.0109375 0.0564815 0.0226637
9 0.208073 0.0666667 0.0203125 0.0462963 0.0243881
7 0.317708 0.0990741 0.0489583 0.0648148 0.0297094
2 0.00442708 0.40787 0.00885417 0.0861111 0.0297178
9 0.442969 0.0884259 0.0130208 0.0287037 0.0314452
2 0.488281 0.10787 0.0140625 0.0490741 0.038439
9 0.567448 0.0486111 0.00885417 0.025 0.0611587
9 0.26901 0.0356481 0.0213542 0.0675926 0.0969935
2 0.295833 0.107407 0.0333333 0.0851852 0.127111
2 0.46224 0.113426 0.0130208 0.037963 0.136744
7 0.296875 0.106944 0.0375 0.0842593 0.203536
2 0.471875 0.109722 0.0302083 0.0435185 0.268306
2 0.322656 0.0865741 0.0380208 0.037963 0.298012
2 0.627344 0.120833 0.0255208 0.0509259 0.390474
2 0.505729 0.103704 0.04375 0.062963 0.549248
10 0.204167 0.316204 0.015625 0.0712963 0.717049
2 0.31875 0.121296 0.05 0.0703704 0.723348
11 0.729167 0.0430556 0.0270833 0.0546296 0.830652
2 0.391667 0.12037 0.0479167 0.0703704 0.833685
2 0.38151 0.212963 0.0723958 0.101852 0.89757
2 0.729948 0.419907 0.122396 0.171296 0.909309
2 0.746094 0.190741 0.128646 0.111111 0.914106
