2 0.99401 0.519444 0.0109375 0.166667 0.00102617
2 0.642448 0.124537 0.0557292 0.0601852 0.00102676
0 0.25599 0.133333 0.0151042 0.0518519 0.00103915
9 0.469792 0.412963 0.0104167 0.0277778 0.00104484
10 0.773958 0.123611 0.01875 0.0435185 0.00107898
9 0.294271 0.0523148 0.009375 0.0361111 0.00113822
2 0.784115 0.0912037 0.0119792 0.0175926 0.00121477
13 0.971094 0.525 0.0567708 0.185185 0.00126013
9 0.231771 0.0625 0.0270833 0.0361111 0.00128489
2 0.454948 0.0967593 0.0692708 0.0712963 0.00134607
2 0.00416667 0.366204 0.00833333 0.0731481 0.00145715
2 0.661458 0.151389 0.065625 0.0694444 0.00149865
7 0.971094 0.527778 0.0567708 0.198148 0.00160854
0 0.594792 0.405556 0.03125 0.0277778 0.00161684
7 0.299479 0.106481 0.0833333 0.0907407 0.00164473
9 0.260417 0.0393519 0.0125 0.0564815 0.00170204
0 0.755729 0.099537 0.0135417 0.0731481 0.00173909
0 0.378646 0.512963 0.09375 0.318519 0.00177457
9 0.267969 0.0611111 0.0161458 0.0296296 0.00179122
9 0.995573 0.531482 0.0078125 0.0351852 0.00189803
7 0.422917 0.0592593 0.0229167 0.0425926 0.00193201
0 0.2625 0.10787 0.009375 0.0453704 0.00210956
11 0.240104 0.0351852 0.0229167 0.0666667 0.00214818
0 0.58125 0.402778 0.0270833 0.0259259 0.0022915
2 0.39401 0.108333 0.258854 0.0888889 0.00252578
12 0.98776 0.498611 0.0223958 0.125 0.00261166
13 0.00390625 0.395833 0.0078125 0.108333 0.00263803
0 0.757292 0.375 0.0197917 0.0296296 0.00269277
2 0.267448 0.0967593 0.0109375 0.0527778 0.00270692
2 0.773958 0.120833 0.0177083 0.037963 0.00270965
9 0.36224 0.0685185 0.00989583 0.0240741 0.00273485
11 0.235677 0.0675926 0.0203125 0.0425926 0.00279762
9 0.438281 0.198611 0.0130208 0.0342593 0.00284726
14 0.483333 0.490741 0.015625 0.0296296 0.00292272
9 0.989583 0.500926 0.0197917 0.131481 0.0029748
9 0.25651 0.0787037 0.00989583 0.0444444 0.00305652
0 0.60625 0.402315 0.021875 0.0231481 0.0031191
9 0.253385 0.087037 0.0119792 0.0388889 0.00329671
0 0.565625 0.398611 0.0260417 0.025 0.00343372
0 0.635417 0.147222 0.0104167 0.05 0.003771
0 0.732031 0.37037 0.0380208 0.0314815 0.00385525
12 0.995052 0.493056 0.00885417 0.123148 0.00442649
9 0.2625 0.0875 0.00833333 0.037963 0.00460744
9 0.995313 0.49213 0.00833333 0.126852 0.00582939
7 0.217448 0.0685185 0.0567708 0.0611111 0.0060057
2 0.645573 0.435648 0.330729 0.191667 0.00604851
9 0.500781 0.603241 0.0151042 0.0416667 0.00617633
2 0.363542 0.0675926 0.0125 0.0222222 0.00624928
9 0.220833 0.0902778 0.0104167 0.012037 0.0066298
5 0.217187 0.0666667 0.0572917 0.0574074 0.00663099
9 0.567448 0.0476852 0.00885417 0.0231481 0.00717194
9 0.269792 0.0324074 0.021875 0.0592593 0.00736948
2 0.304167 0.0819444 0.028125 0.0342593 0.00768537
32 0.454167 0.314815 0.00729167 0.012963 0.0097054
9 0.207031 0.0689815 0.0161458 0.0398148 0.00996363
1 0.810677 0.3375 0.0203125 0.0916667 0.0101589
2 0.239063 0.14213 0.01875 0.0398148 0.0101662
0 0.713542 0.371296 0.021875 0.0259259 0.0126453
2 0.282813 0.110185 0.0114583 0.0518519 0.0135833
11 0.60625 0.0597222 0.009375 0.0231481 0.0152546
2 0.272656 0.110185 0.0161458 0.037037 0.0201573
2 0.458073 0.105556 0.0432292 0.05 0.0217601
2 0.592188 0.130093 0.0166667 0.0194444 0.0242467
0 0.44401 0.0986111 0.0151042 0.0509259 0.0291077
0 0.442708 0.0865741 0.0125 0.0287037 0.0345572
9 0.502865 0.760185 0.0119792 0.0537037 0.0404618
2 0.29401 0.108796 0.0296875 0.0805556 0.0427733
9 0.222656 0.0615741 0.0109375 0.0398148 0.0468601
7 0.297396 0.10787 0.0375 0.0842593 0.0963744
2 0.628125 0.122222 0.025 0.0518519 0.118378
2 0.446615 0.0648148 0.0421875 0.0333333 0.130838
7 0.448438 0.0657407 0.04375 0.0351852 0.157269
2 0.420573 0.0675926 0.0171875 0.0259259 0.225628
2 0.322917 0.0861111 0.0375 0.0351852 0.359663
2 0.50599 0.104167 0.0432292 0.0638889 0.538786
2 0.473177 0.109259 0.0348958 0.0462963 0.575407
2 0.31901 0.121759 0.0505208 0.0694444 0.692035
11 0.729948 0.0430556 0.0265625 0.0583333 0.739708
10 0.203906 0.316667 0.0161458 0.0703704 0.810672
2 0.730469 0.418981 0.122396 0.173148 0.915417
2 0.58099 0.448611 0.123438 0.175 0.920723
