9 0.570052 0.0319444 0.0130208 0.0564815 0.00100758
7 0.279948 0.0731481 0.0307292 0.137037 0.00101846
1 0.00911458 0.459259 0.0182292 0.242593 0.00103565
9 0.254687 0.087963 0.0177083 0.037037 0.0010517
9 0.581771 0.0333333 0.0135417 0.0574074 0.0010875
9 0.264583 0.0430556 0.0208333 0.0601852 0.00111715
2 0.991927 0.322685 0.0151042 0.075 0.00121773
2 0.00598958 0.0907407 0.0119792 0.0444444 0.00132932
7 0.788281 0.0643518 0.0255208 0.0657407 0.00134448
7 0.29401 0.101852 0.0848958 0.0944444 0.00142471
1 0.810938 0.331019 0.0166667 0.087963 0.00144005
7 0.952344 0.481481 0.0942708 0.283333 0.00148204
2 0.775521 0.113426 0.0208333 0.0324074 0.00151231
7 0.99401 0.518519 0.0109375 0.17037 0.00154568
9 0.415625 0.00833333 0.015625 0.0166667 0.00163307
2 0.446615 0.113426 0.0265625 0.0268519 0.00163501
2 0.592188 0.125463 0.0166667 0.025 0.00166665
13 0.970573 0.520833 0.0578125 0.175 0.00170016
2 0.409375 0.110648 0.278125 0.0805556 0.00179044
12 0.692708 0.164352 0.00729167 0.0398148 0.00183297
2 0.23776 0.14213 0.0192708 0.037963 0.00206493
2 0.564583 0.110185 0.272917 0.0722222 0.00217649
0 0.263542 0.100926 0.009375 0.0555556 0.00226576
9 0.108073 0.0273148 0.0109375 0.0324074 0.0023008
0 0.714844 0.372685 0.0255208 0.0268519 0.00259333
9 0.36276 0.0694444 0.00885417 0.0222222 0.00275992
9 0.263281 0.0907407 0.00885417 0.0407407 0.00285971
9 0.273698 0.0412037 0.0338542 0.0805556 0.00305899
2 0.469531 0.110648 0.0786458 0.0638889 0.00310815
9 0.458594 0.0662037 0.0078125 0.0268519 0.00341807
9 0.75651 0.0740741 0.0109375 0.0425926 0.0034376
0 0.755729 0.0856481 0.0125 0.0638889 0.00354414
2 0.266406 0.0986111 0.0109375 0.0546296 0.00356808
2 0.814323 0.0759259 0.0161458 0.0166667 0.00381312
2 0.0138021 0.398148 0.0276042 0.111111 0.00401734
2 0.00442708 0.409259 0.00885417 0.0833333 0.00472626
9 0.99349 0.494444 0.0119792 0.125926 0.0049268
2 0.442448 0.087037 0.0140625 0.0259259 0.00494051
9 0.291927 0.0717593 0.0119792 0.0157407 0.00499317
58 0.96849 0.493056 0.0307292 0.0916667 0.00528894
2 0.364062 0.0680556 0.0114583 0.0194444 0.00574848
9 0.292708 0.0555556 0.009375 0.0444444 0.0060009
1 0.00494792 0.399074 0.00989583 0.103704 0.00603
7 0.970833 0.523148 0.0572917 0.192593 0.00624554
2 0.2875 0.114352 0.0166667 0.0712963 0.00626238
9 0.269792 0.05 0.0197917 0.0407407 0.00707395
2 0.270573 0.108333 0.0140625 0.0407407 0.0082838
0 0.590365 0.609722 0.0317708 0.0342593 0.00831516
11 0.2375 0.0689815 0.015625 0.0435185 0.00856
11 0.60625 0.0601852 0.009375 0.0240741 0.0140103
0 0.995573 0.320833 0.0078125 0.0712963 0.0145362
9 0.26901 0.0291667 0.0213542 0.0527778 0.015202
2 0.634635 0.14213 0.0109375 0.0472222 0.0156714
9 0.566927 0.0481481 0.0078125 0.0222222 0.0159228
2 0.786198 0.0884259 0.0151042 0.025 0.0183519
9 0.442187 0.087037 0.0135417 0.0259259 0.0219555
0 0.657292 0.611111 0.0416667 0.0333333 0.0254096
5 0.220313 0.0652778 0.0489583 0.0601852 0.0285125
7 0.219792 0.0648148 0.05 0.0648148 0.0320692
1 0.0119792 0.396759 0.0239583 0.108333 0.0330732
2 0.486719 0.107407 0.0151042 0.05 0.0438635
2 0.461979 0.1125 0.0135417 0.037963 0.04485
2 0.3 0.106481 0.0375 0.0777778 0.0527101
7 0.299219 0.105556 0.0401042 0.0814815 0.0531146
2 0.321875 0.087963 0.0385417 0.0351852 0.256977
7 0.505469 0.104167 0.0432292 0.0638889 0.291675
2 0.472135 0.109259 0.0317708 0.0444444 0.355575
2 0.505208 0.103704 0.04375 0.062963 0.479608
2 0.627083 0.122222 0.025 0.0518519 0.495629
2 0.318229 0.121296 0.0510417 0.0722222 0.681247
11 0.728906 0.0430556 0.0276042 0.0564815 0.771857
10 0.204167 0.315741 0.015625 0.0703704 0.793144
2 0.729427 0.418981 0.123438 0.171296 0.903197
7 0.623698 0.730556 0.217187 0.344444 0.912133
