0 0.053125 0.105093 0.0104167 0.0416667 0.00102176
10 0.194792 0.29537 0.034375 0.112963 0.0010507
9 0.116146 0.0236111 0.015625 0.0416667 0.00105146
41 0.500521 0.601852 0.015625 0.0388889 0.0010684
9 0.439844 0.205556 0.0130208 0.0425926 0.00110943
2 0.447135 0.109259 0.0421875 0.0407407 0.00117939
9 0.0580729 0.0217593 0.0151042 0.0398148 0.00126724
9 0.26224 0.0421296 0.0151042 0.0583333 0.00133223
2 0.241927 0.105556 0.0151042 0.0314815 0.00140853
2 0.59375 0.125463 0.0145833 0.0231481 0.00141198
0 0.995573 0.32963 0.0078125 0.0555556 0.00144688
2 0.220052 0.135185 0.0567708 0.0518519 0.0014602
7 0.29349 0.103241 0.0921875 0.0953704 0.00146034
2 0.264062 0.10463 0.009375 0.05 0.00151772
0 0.757552 0.373611 0.0203125 0.0324074 0.00153681
9 0.292188 0.0532407 0.00833333 0.0435185 0.00156055
13 0.0046875 0.458333 0.009375 0.231481 0.00157722
13 0.961198 0.553241 0.0380208 0.0398148 0.00157762
9 0.26276 0.0231481 0.0151042 0.0407407 0.00170522
9 0.273958 0.0425926 0.034375 0.0814815 0.0017302
9 0.263281 0.0888889 0.0078125 0.037037 0.0017929
9 0.547656 0.0523148 0.00989583 0.0231481 0.00181301
2 0.00598958 0.0925926 0.0119792 0.0462963 0.00186786
13 0.970573 0.546759 0.0578125 0.137963 0.00192895
0 0.171354 0.108333 0.00833333 0.0314815 0.00201931
0 0.731771 0.373148 0.025 0.0259259 0.00202735
1 0.0109375 0.366667 0.021875 0.0425926 0.00209621
9 0.992188 0.514352 0.0145833 0.167593 0.002145
5 0.786979 0.049537 0.028125 0.0990741 0.00215237
2 0.566146 0.108796 0.227083 0.0638889 0.00216937
9 0.582292 0.0361111 0.0114583 0.0537037 0.00218013
1 0.0138021 0.396296 0.0276042 0.112963 0.00220542
0 0.473177 0.244444 0.401563 0.357407 0.00229587
2 0.36875 0.111574 0.16875 0.0731481 0.00243376
2 0.292188 0.0722222 0.0104167 0.0148148 0.00249279
58 0.96849 0.499074 0.0296875 0.0925926 0.0027537
2 0.500781 0.102778 0.0359375 0.0592593 0.00295261
9 0.441406 0.228241 0.00989583 0.0231481 0.00314442
13 0.986979 0.518056 0.025 0.176852 0.00320362
0 0.75599 0.074537 0.0109375 0.0435185 0.00359555
7 0.321354 0.0842593 0.0395833 0.037037 0.00367393
12 0.993229 0.506944 0.0125 0.152778 0.00379675
32 0.454167 0.313889 0.00833333 0.0148148 0.00393205
1 0.810938 0.329167 0.0177083 0.0916667 0.00413212
2 0.445573 0.1125 0.0234375 0.0287037 0.00436211
2 0.478906 0.109259 0.0598958 0.0537037 0.00437935
0 0.715365 0.372222 0.0223958 0.0240741 0.00455259
9 0.458333 0.0666667 0.00833333 0.0259259 0.00486041
2 0.442969 0.087037 0.0140625 0.0259259 0.00552432
9 0.269531 0.0486111 0.0203125 0.0398148 0.0059479
7 0.78724 0.0513889 0.0265625 0.0953704 0.00641875
2 0.60599 0.0592593 0.00989583 0.0259259 0.00709297
9 0.572396 0.0314815 0.0145833 0.0592593 0.00720357
9 0.502604 0.759259 0.0125 0.0555556 0.00814966
9 0.208333 0.0680556 0.0229167 0.0453704 0.00830023
0 0.817187 0.235648 0.00833333 0.0398148 0.00870699
2 0.238281 0.140278 0.0182292 0.0416667 0.00886122
2 0.285677 0.117593 0.0140625 0.0666667 0.00918165
11 0.236979 0.0666667 0.0166667 0.0388889 0.0101789
7 0.220052 0.0657407 0.0505208 0.0685185 0.0104608
9 0.26875 0.0203704 0.0208333 0.0351852 0.0110646
2 0.788802 0.087037 0.0203125 0.0277778 0.0115102
2 0.294271 0.116667 0.0270833 0.0685185 0.0116536
5 0.220313 0.0638889 0.0479167 0.0611111 0.0123164
19 0.442708 0.087037 0.0135417 0.0259259 0.0131267
1 0.00625 0.391204 0.0125 0.115741 0.0131839
2 0.271875 0.109722 0.015625 0.0398148 0.0210788
2 0.364062 0.0666667 0.0114583 0.0222222 0.032986
0 0.635677 0.148611 0.00885417 0.0509259 0.0485148
7 0.297656 0.10787 0.0390625 0.0842593 0.0633426
9 0.567187 0.0481481 0.00833333 0.0240741 0.102479
2 0.464844 0.111574 0.0171875 0.037963 0.170864
2 0.321875 0.0861111 0.0375 0.0333333 0.219477
2 0.479948 0.110185 0.0182292 0.0425926 0.287975
2 0.627344 0.122685 0.0255208 0.0546296 0.371594
1 0.641667 0.29537 0.0229167 0.0574074 0.402266
7 0.506771 0.103704 0.0416667 0.062963 0.521668
2 0.317969 0.121296 0.0515625 0.0703704 0.630304
2 0.395573 0.106019 0.0348958 0.0490741 0.724687
0 0.64375 0.260648 0.0270833 0.100926 0.766993
10 0.204167 0.315278 0.0166667 0.0712963 0.787736
11 0.728906 0.0425926 0.0276042 0.0555556 0.795852
2 0.729688 0.419444 0.122917 0.172222 0.895321
