9 0.261198 0.0513889 0.0130208 0.0398148 0.00104021
12 0.692969 0.163426 0.0078125 0.0416667 0.0010531
0 0.2625 0.102315 0.009375 0.0564815 0.00106761
2 0.66224 0.15 0.0671875 0.0685185 0.00116067
0 0.533073 0.306019 0.576563 0.528704 0.00126193
2 0.536979 0.1125 0.0104167 0.0435185 0.0012626
0 0.729948 0.372222 0.0296875 0.0314815 0.00139465
1 0.00651042 0.363426 0.0130208 0.0842593 0.00142362
2 0.772135 0.116667 0.0140625 0.0314815 0.00146183
7 0.79349 0.062963 0.0359375 0.0592593 0.00150702
9 0.548698 0.0532407 0.0119792 0.0268519 0.00162265
2 0.444271 0.1 0.021875 0.0481481 0.00171201
2 0.53099 0.113426 0.0130208 0.0416667 0.00179836
2 0.782812 0.103241 0.0364583 0.0472222 0.0019065
9 0.108854 0.0291667 0.0125 0.0398148 0.00196144
9 0.561458 0.0523148 0.0208333 0.025 0.00201571
9 0.220573 0.0652778 0.0494792 0.0564815 0.002062
0 0.756771 0.374074 0.0197917 0.0314815 0.00207436
2 0.813802 0.0759259 0.0130208 0.0203704 0.00216608
7 0.220313 0.0648148 0.05 0.0648148 0.00216916
2 0.565625 0.10787 0.219792 0.0638889 0.00223479
0 0.442969 0.0893519 0.0151042 0.0287037 0.0022734
11 0.23776 0.0675926 0.0161458 0.0388889 0.00233725
9 0.292969 0.0550926 0.00885417 0.0398148 0.00234701
9 0.551562 0.0583333 0.0125 0.0240741 0.00238404
9 0.415885 0.0111111 0.0161458 0.0222222 0.00241464
9 0.235677 0.0638889 0.0192708 0.037037 0.00242628
2 0.461979 0.114352 0.0145833 0.0398148 0.00247447
9 0.361719 0.0699074 0.00885417 0.0231481 0.00248366
0 0.757552 0.0828704 0.0109375 0.062037 0.00255427
9 0.501823 0.760648 0.0130208 0.0527778 0.00260611
9 0.576823 0.0347222 0.0151042 0.0657407 0.00278318
0 0.995833 0.326389 0.00729167 0.0509259 0.0028403
2 0.401563 0.108333 0.283333 0.0740741 0.00294638
9 0.114844 0.024537 0.0130208 0.0416667 0.00308686
9 0.458333 0.0648148 0.00729167 0.0333333 0.00311658
2 0.291927 0.0722222 0.0140625 0.0166667 0.00320135
7 0.970312 0.527315 0.0583333 0.19537 0.00335857
2 0.238542 0.14213 0.01875 0.037963 0.00338784
7 0.990625 0.519444 0.0177083 0.181481 0.00359292
9 0.582812 0.0412037 0.0125 0.0509259 0.00361586
2 0.555729 0.440741 0.522917 0.211111 0.00394634
9 0.265885 0.0986111 0.0109375 0.0546296 0.00412905
9 0.258073 0.0726852 0.0109375 0.0435185 0.00441043
11 0.606771 0.0615741 0.0104167 0.025 0.00446689
0 0.561719 0.400463 0.0401042 0.0435185 0.00471445
9 0.269792 0.0518519 0.01875 0.0333333 0.00507325
9 0.253125 0.0861111 0.0125 0.0351852 0.00532159
2 0.59349 0.125 0.0161458 0.0259259 0.00556409
0 0.583854 0.402778 0.0375 0.0425926 0.00659412
0 0.714844 0.372685 0.0234375 0.0287037 0.00846078
1 0.0130208 0.368981 0.0260417 0.0453704 0.0088201
9 0.269531 0.0300926 0.0203125 0.0509259 0.00942688
9 0.571354 0.0319444 0.0135417 0.0601852 0.00984883
9 0.263021 0.0847222 0.00833333 0.0324074 0.010773
2 0.270833 0.111111 0.0125 0.037037 0.0108201
9 0.44349 0.0893519 0.0130208 0.0287037 0.0122024
1 0.00416667 0.4125 0.00833333 0.0842593 0.0142337
2 0.786979 0.0902778 0.0166667 0.0212963 0.0168818
9 0.992448 0.506944 0.0140625 0.149074 0.0180937
1 0.00989583 0.399537 0.0197917 0.113889 0.0183848
9 0.210156 0.0662037 0.0265625 0.0453704 0.020178
0 0.533073 0.399537 0.0276042 0.037963 0.0218899
2 0.635417 0.146759 0.0104167 0.0509259 0.0289124
0 0.635677 0.147685 0.00989583 0.0472222 0.047271
2 0.295052 0.10787 0.0307292 0.0805556 0.0646497
7 0.297656 0.107407 0.0369792 0.0814815 0.109635
9 0.567448 0.049537 0.00885417 0.0231481 0.151804
2 0.628125 0.122222 0.025 0.0518519 0.280572
2 0.321875 0.087037 0.0375 0.0333333 0.298122
2 0.473437 0.109722 0.0354167 0.0453704 0.463235
2 0.50651 0.105093 0.0411458 0.062037 0.484261
11 0.729427 0.0425926 0.0265625 0.0555556 0.725672
10 0.204167 0.318056 0.0166667 0.0675926 0.735053
2 0.31849 0.122222 0.0505208 0.0703704 0.745
2 0.377604 0.293056 0.0947917 0.125 0.898846
2 0.729948 0.419907 0.122396 0.171296 0.913208
2 0.554688 0.451389 0.141667 0.213889 0.93382
