9 0.277604 0.0726852 0.040625 0.139815 0.00101735
12 0.702083 0.165278 0.0239583 0.037963 0.00101839
1 0.741406 0.136111 0.0171875 0.05 0.00105497
9 0.188021 0.0805556 0.00729167 0.0296296 0.00105663
9 0.115365 0.0240741 0.0171875 0.0388889 0.00107346
9 0.191927 0.0851852 0.00885417 0.0222222 0.00109961
0 0.639323 0.157407 0.0171875 0.0814815 0.00116192
2 0.295573 0.12963 0.0192708 0.0592593 0.00116425
2 0.782031 0.102778 0.0369792 0.0611111 0.00117334
0 0.36224 0.0694444 0.00885417 0.0240741 0.00119644
2 0.65599 0.135185 0.0786458 0.087037 0.00120279
2 0.601823 0.425463 0.610937 0.210185 0.00120697
32 0.459896 0.356019 0.0114583 0.0138889 0.00126709
58 0.917708 0.183333 0.163542 0.362963 0.00129296
0 0.89349 0.265278 0.0119792 0.0268519 0.0014058
9 0.548177 0.0532407 0.0109375 0.025 0.00144802
0 0.500521 0.348148 0.34375 0.148148 0.00144987
9 0.458333 0.0666667 0.00833333 0.0277778 0.00159808
9 0.255208 0.087037 0.01875 0.037037 0.00161926
13 0.96276 0.554167 0.0411458 0.0435185 0.00164507
13 0.99401 0.518519 0.0109375 0.172222 0.00165945
12 0.979427 0.499074 0.0369792 0.12963 0.00170863
58 0.971875 0.501389 0.0447917 0.132407 0.00178292
1 0.832812 0.239352 0.040625 0.0564815 0.00181103
0 0.0536458 0.10787 0.0104167 0.0453704 0.00181777
12 0.691927 0.166204 0.00885417 0.037963 0.00181888
7 0.291667 0.102315 0.0958333 0.0953704 0.00187974
2 0.526302 0.0958333 0.0244792 0.0675926 0.0018953
11 0.73776 0.0467593 0.0182292 0.0509259 0.00199191
7 0.992448 0.518056 0.0140625 0.171296 0.00201968
9 0.218229 0.102315 0.00833333 0.037963 0.00208527
0 0.716406 0.373148 0.0234375 0.0259259 0.00209737
9 0.569531 0.0319444 0.0140625 0.0564815 0.00217028
2 0.59349 0.122222 0.0171875 0.0296296 0.00222768
0 0.542448 0.414815 0.454688 0.262963 0.00224489
11 0.236979 0.0680556 0.0166667 0.0435185 0.00239265
0 0.477344 0.250463 0.359896 0.287963 0.0024758
9 0.502344 0.758796 0.0119792 0.0564815 0.00263816
0 0.263802 0.1 0.00885417 0.0574074 0.00286602
9 0.107292 0.0268519 0.0135417 0.0351852 0.00295476
2 0.238542 0.139352 0.01875 0.0435185 0.00304186
1 0.810677 0.330556 0.0182292 0.0944444 0.00322614
0 0.629687 0.221296 0.0270833 0.0555556 0.00330853
13 0.971875 0.524074 0.0552083 0.188889 0.00344911
2 0.364583 0.108333 0.153125 0.0703704 0.0034745
1 0.817187 0.232407 0.009375 0.0407407 0.00387704
9 0.992969 0.493981 0.0130208 0.125 0.00393716
0 0.816927 0.232407 0.00885417 0.0388889 0.00396423
1 0.0104167 0.358333 0.0208333 0.0759259 0.00424303
2 0.527344 0.109259 0.242188 0.0611111 0.00427207
7 0.970833 0.526389 0.0572917 0.202778 0.00440511
7 0.789583 0.0652778 0.0270833 0.0694444 0.00460848
7 0.220313 0.0689815 0.05 0.0657407 0.00491895
2 0.269531 0.107407 0.0119792 0.0425926 0.00546088
0 0.698698 0.779167 0.143229 0.432407 0.00573245
5 0.220833 0.075463 0.0520833 0.0694444 0.00587131
2 0.472656 0.108333 0.0786458 0.05 0.00612841
2 0.60651 0.0606481 0.00989583 0.025 0.00624889
9 0.292448 0.0689815 0.00989583 0.0194444 0.00708845
1 0.0046875 0.4125 0.009375 0.075 0.00738036
12 0.993229 0.49537 0.0125 0.12963 0.00754936
1 0.640104 0.286111 0.0145833 0.0777778 0.00778306
9 0.29375 0.0564815 0.009375 0.0407407 0.00866193
32 0.453906 0.314352 0.00885417 0.0138889 0.00869489
58 0.968229 0.496296 0.0291667 0.0851852 0.00956644
9 0.263281 0.0884259 0.00885417 0.0361111 0.0108822
0 0.286458 0.115278 0.0145833 0.0694444 0.0116786
9 0.217448 0.0583333 0.0234375 0.05 0.0132541
0 0.441927 0.0875 0.0130208 0.025 0.0132896
9 0.20651 0.0689815 0.0182292 0.0435185 0.0138812
7 0.316146 0.111111 0.0520833 0.0740741 0.0139997
2 0.788802 0.0865741 0.0192708 0.0287037 0.0146138
2 0.635156 0.144444 0.0109375 0.0555556 0.016963
0 0.635677 0.147685 0.0109375 0.0546296 0.0180179
1 0.0104167 0.39537 0.0208333 0.109259 0.0207094
9 0.222396 0.0648148 0.0125 0.0481481 0.0288372
2 0.441667 0.0893519 0.0145833 0.0305556 0.0295861
9 0.567187 0.0481481 0.00833333 0.0240741 0.0311095
9 0.220313 0.0893519 0.00833333 0.0175926 0.032213
2 0.291406 0.109722 0.0244792 0.0768519 0.0331719
9 0.269271 0.0356481 0.021875 0.0675926 0.0428257
2 0.4875 0.10787 0.0145833 0.0490741 0.0552755
7 0.30026 0.105556 0.0369792 0.0759259 0.064742
0 0.756771 0.0944444 0.0145833 0.0851852 0.122316
2 0.132552 0.980093 0.199479 0.0342593 0.193517
2 0.321875 0.0851852 0.0375 0.0333333 0.237209
2 0.467187 0.110185 0.021875 0.0407407 0.306687
1 0.627344 0.286111 0.0234375 0.105556 0.311097
2 0.479948 0.109722 0.0213542 0.0435185 0.349617
2 0.52526 0.0773148 0.0244792 0.0324074 0.363274
2 0.505729 0.103241 0.0416667 0.0638889 0.531559
2 0.318229 0.120833 0.0510417 0.0712963 0.536836
2 0.627344 0.122685 0.0255208 0.0546296 0.570322
2 0.414844 0.107407 0.0359375 0.0462963 0.686695
10 0.203906 0.315741 0.0161458 0.0703704 0.772443
11 0.728906 0.0430556 0.0276042 0.0564815 0.790136
0 0.365625 0.312963 0.0395833 0.112963 0.810786
0 0.629167 0.258333 0.0322917 0.131481 0.814417
1 0.365625 0.351389 0.04375 0.0861111 0.828537
2 0.729688 0.419444 0.121875 0.172222 0.907008
