2 0.495573 0.176389 0.459896 0.219444 0.00110505
5 0.220313 0.0708333 0.0510417 0.0527778 0.00111243
9 0.260417 0.0527778 0.0114583 0.0388889 0.00113341
0 0.61849 0.533333 0.0348958 0.0462963 0.00123891
9 0.56276 0.05 0.0182292 0.0259259 0.00125715
0 0.43724 0.400926 0.670313 0.698148 0.00126397
7 0.970833 0.523148 0.0572917 0.188889 0.00130581
12 0.69401 0.1625 0.00677083 0.0398148 0.00136429
0 0.563802 0.175926 0.429688 0.209259 0.0013705
2 0.242448 0.106944 0.0130208 0.0342593 0.00145449
2 0.655208 0.139352 0.0791667 0.0824074 0.00145502
9 0.547656 0.0592593 0.00989583 0.0240741 0.00146847
12 0.99349 0.518056 0.0119792 0.171296 0.00157811
1 0.0125 0.367593 0.025 0.0555556 0.00160035
0 0.756771 0.374074 0.0197917 0.0314815 0.00162064
9 0.415625 0.0101852 0.015625 0.0203704 0.00170708
2 0.363802 0.0694444 0.0119792 0.0222222 0.00183322
12 0.702083 0.151852 0.021875 0.0574074 0.00183511
0 0.26276 0.106019 0.00885417 0.0472222 0.00186257
2 0.771615 0.115741 0.0151042 0.0314815 0.00190375
1 0.00911458 0.402778 0.0182292 0.107407 0.00201513
0 0.552083 0.250463 0.527083 0.378704 0.0020921
0 0.726042 0.371759 0.0333333 0.0305556 0.002122
9 0.589063 0.0416667 0.0135417 0.0444444 0.00212736
2 0.813281 0.075 0.0151042 0.0185185 0.00229336
7 0.990104 0.519444 0.01875 0.181481 0.00234343
9 0.271354 0.0393519 0.0291667 0.0787037 0.00234945
9 0.23776 0.0722222 0.0151042 0.0444444 0.00237757
2 0.732031 0.536111 0.529688 0.337037 0.00242645
2 0.59349 0.123611 0.0161458 0.0268519 0.00268385
2 0.572135 0.109259 0.241146 0.0648148 0.00268467
2 0.302344 0.108333 0.0807292 0.0888889 0.00285485
2 0.404948 0.110185 0.268229 0.0759259 0.00301753
11 0.240365 0.0356481 0.0213542 0.0675926 0.00306691
0 0.995833 0.326852 0.00729167 0.0518519 0.00327624
0 0.361719 0.0703704 0.00885417 0.0222222 0.00333177
1 0.00390625 0.409722 0.0078125 0.087963 0.00333961
1 0.00520833 0.373148 0.0104167 0.0759259 0.00350104
2 0.647396 0.148148 0.0375 0.0574074 0.00373869
9 0.221354 0.0865741 0.0104167 0.0157407 0.00386337
0 0.442969 0.087963 0.0140625 0.0296296 0.00399415
0 0.44349 0.0981481 0.0182292 0.05 0.00409756
0 0.603646 0.527778 0.05625 0.0481481 0.0042185
9 0.484896 0.024537 0.009375 0.0231481 0.00426956
9 0.258854 0.0736111 0.0104167 0.0472222 0.00462838
9 0.269792 0.0537037 0.0197917 0.0333333 0.00550379
2 0.781771 0.101852 0.0354167 0.0481481 0.00597844
9 0.584115 0.037963 0.0130208 0.0518519 0.0064092
9 0.2625 0.087037 0.00729167 0.037037 0.00675705
2 0.239063 0.140278 0.0197917 0.0435185 0.00685666
11 0.23776 0.0685185 0.0161458 0.0425926 0.0076602
0 0.715885 0.372222 0.0255208 0.0277778 0.00843977
9 0.253385 0.0861111 0.0119792 0.037037 0.00908676
9 0.567448 0.0328704 0.0119792 0.0546296 0.00954565
0 0.757031 0.0902778 0.0130208 0.075 0.0095612
9 0.219792 0.0657407 0.01875 0.0444444 0.0100512
2 0.336719 0.0888889 0.0182292 0.0333333 0.0120238
9 0.26901 0.0208333 0.0213542 0.0398148 0.0137177
9 0.99349 0.509259 0.0119792 0.151852 0.0144798
0 0.551562 0.527778 0.0416667 0.0462963 0.0150224
11 0.60625 0.0611111 0.0104167 0.0240741 0.0160248
2 0.271354 0.110185 0.0125 0.037037 0.0200789
9 0.44349 0.087963 0.0130208 0.0296296 0.022151
2 0.786979 0.0893519 0.0177083 0.0231481 0.0268796
9 0.207031 0.0685185 0.0203125 0.0425926 0.0343425
2 0.635156 0.147222 0.0119792 0.0537037 0.0523663
2 0.463281 0.112037 0.0161458 0.0407407 0.066192
0 0.635417 0.147685 0.0104167 0.0490741 0.0725086
2 0.298698 0.106481 0.0369792 0.0796296 0.118575
9 0.567448 0.0481481 0.00885417 0.0240741 0.140976
7 0.298177 0.106481 0.0380208 0.0796296 0.14841
2 0.321875 0.0884259 0.0385417 0.0361111 0.256958
2 0.627604 0.121759 0.0260417 0.0509259 0.405783
2 0.50625 0.105093 0.0427083 0.062037 0.518532
2 0.473177 0.110185 0.0338542 0.0444444 0.523553
2 0.31849 0.121296 0.0505208 0.0703704 0.723385
10 0.203906 0.316667 0.0171875 0.0703704 0.739509
11 0.729427 0.0430556 0.0265625 0.0546296 0.794546
2 0.38724 0.239815 0.0838542 0.107407 0.889328
2 0.730208 0.419907 0.122917 0.171296 0.919415
2 0.575 0.582407 0.16875 0.257407 0.921916
