9 0.26276 0.0902778 0.0078125 0.0416667 0.00102469
32 0.454167 0.314815 0.00833333 0.0148148 0.00103039
9 0.50026 0.605556 0.0151042 0.0444444 0.00103127
0 0.715365 0.362963 0.0286458 0.037037 0.00108146
9 0.556771 0.050463 0.01875 0.025 0.00108489
12 0.701563 0.164352 0.0229167 0.037963 0.00112312
5 0.232031 0.0685185 0.0265625 0.0462963 0.00118126
9 0.54974 0.0263889 0.0151042 0.0453704 0.00121109
2 0.286979 0.0782407 0.021875 0.0324074 0.00121727
39 0.241146 0.889815 0.0208333 0.0851852 0.00124183
2 0.363542 0.0685185 0.0114583 0.0222222 0.00124551
9 0.272917 0.0402778 0.0333333 0.0787037 0.00137624
2 0.235677 0.104167 0.0161458 0.0398148 0.00140036
2 0.297656 0.106019 0.0786458 0.0898148 0.00140152
2 0.653385 0.138889 0.0796875 0.0851852 0.00143338
9 0.566667 0.0592593 0.0104167 0.0462963 0.00145218
13 0.961198 0.556019 0.0380208 0.0435185 0.00145625
9 0.577604 0.0314815 0.015625 0.0537037 0.00146603
13 0.970573 0.52037 0.0578125 0.172222 0.00150241
0 0.757031 0.0921296 0.0140625 0.0824074 0.00160676
9 0.548177 0.0532407 0.0109375 0.025 0.00165548
12 0.995313 0.528241 0.00833333 0.0416667 0.00167307
9 0.584115 0.037963 0.0151042 0.0462963 0.00169745
0 0.758333 0.0717593 0.0104167 0.0416667 0.00172861
13 0.0130208 0.365278 0.0260417 0.0490741 0.00173937
2 0.803906 0.0865741 0.0140625 0.0194444 0.0017632
12 0.994531 0.519444 0.00989583 0.168519 0.00180847
11 0.220573 0.0671296 0.0505208 0.0527778 0.00181695
2 0.754167 0.15463 0.0114583 0.0203704 0.00187909
9 0.817187 0.235185 0.00833333 0.0388889 0.00188008
9 0.429688 0.0421296 0.00833333 0.0194444 0.00202829
2 0.398177 0.110648 0.251563 0.075 0.00209554
7 0.99401 0.518056 0.0109375 0.169444 0.00211325
9 0.269531 0.050463 0.0192708 0.0324074 0.00222272
2 0.573698 0.109259 0.234896 0.0666667 0.00242944
2 0.75625 0.119444 0.0135417 0.0351852 0.00246057
12 0.692708 0.164815 0.00833333 0.0388889 0.00248721
0 0.757292 0.374537 0.01875 0.0287037 0.0025794
2 0.592969 0.125463 0.0171875 0.025 0.0027049
9 0.557552 0.0273148 0.0223958 0.0527778 0.00270803
0 0.729688 0.373148 0.0260417 0.0277778 0.00287726
0 0.995833 0.328241 0.00729167 0.0509259 0.00292656
2 0.442708 0.087037 0.0135417 0.0277778 0.00302374
7 0.975521 0.521759 0.0479167 0.191667 0.00322267
2 0.780729 0.105093 0.03125 0.0472222 0.00347464
2 0.244271 0.107407 0.0125 0.0351852 0.00383762
13 0.00442708 0.400926 0.00885417 0.103704 0.00399219
2 0.776823 0.111111 0.0213542 0.0259259 0.00467352
0 0.263021 0.106944 0.00833333 0.0453704 0.00469159
11 0.236719 0.0685185 0.0171875 0.0444444 0.00497072
0 0.822917 0.761111 0.071875 0.364815 0.00503639
9 0.415104 0.00925926 0.0135417 0.0185185 0.00505188
1 0.0132813 0.393519 0.0265625 0.114815 0.00576866
9 0.99375 0.496759 0.0114583 0.130556 0.00646513
9 0.21276 0.062963 0.0338542 0.0555556 0.00793989
2 0.238281 0.141204 0.0192708 0.0416667 0.00798744
2 0.648958 0.15 0.0375 0.0574074 0.00807413
2 0.60599 0.0611111 0.00989583 0.0240741 0.00824724
2 0.479427 0.109722 0.0453125 0.0546296 0.00862012
9 0.567708 0.0314815 0.0125 0.0574074 0.00870099
9 0.269271 0.0240741 0.0208333 0.0444444 0.009311
1 0.810417 0.330556 0.0197917 0.0851852 0.00935656
9 0.36224 0.0694444 0.00885417 0.0222222 0.0107797
13 0.0140625 0.395833 0.028125 0.113889 0.0118196
2 0.813802 0.0759259 0.0171875 0.0148148 0.0128328
10 0.442448 0.0875 0.0130208 0.0287037 0.0128343
0 0.714063 0.372222 0.021875 0.0259259 0.0130102
2 0.270833 0.109722 0.0125 0.0398148 0.0132309
5 0.220573 0.0694444 0.0505208 0.0592593 0.0135438
7 0.220052 0.0680556 0.0505208 0.0601852 0.0140523
9 0.502083 0.759722 0.0125 0.0527778 0.0154663
2 0.447135 0.116667 0.0276042 0.0222222 0.0198633
2 0.635156 0.146759 0.0109375 0.0546296 0.0270198
2 0.785937 0.0898148 0.015625 0.0222222 0.0281056
2 0.486719 0.10787 0.0140625 0.0490741 0.037204
9 0.567187 0.0481481 0.00833333 0.0240741 0.0725063
2 0.29974 0.106019 0.0390625 0.0787037 0.11696
2 0.480208 0.109722 0.0197917 0.0435185 0.285633
2 0.466146 0.111574 0.0197917 0.0416667 0.294593
2 0.627604 0.121296 0.025 0.05 0.336502
2 0.322396 0.0884259 0.0375 0.0361111 0.366303
2 0.50625 0.105093 0.0427083 0.062037 0.527381
2 0.31901 0.121296 0.0505208 0.0722222 0.720845
10 0.203906 0.316204 0.0161458 0.0712963 0.768007
11 0.728646 0.0430556 0.0270833 0.0564815 0.813282
2 0.729688 0.419444 0.122917 0.172222 0.912273
