13 0.970052 0.568519 0.0567708 0.0740741 0.00101156
9 0.5 0.603241 0.0145833 0.0398148 0.00104261
9 0.502083 0.760648 0.0125 0.0527778 0.00109652
32 0.460156 0.356481 0.0109375 0.0148148 0.00110215
0 0.554948 0.181019 0.481771 0.213889 0.00111508
0 0.438802 0.650926 0.748438 0.653704 0.00119616
2 0.655469 0.134259 0.0838542 0.0814815 0.00120317
13 0.96224 0.555556 0.0390625 0.0444444 0.0012305
2 0.363542 0.0675926 0.0114583 0.0222222 0.00125733
3 0.00442708 0.450926 0.00885417 0.196296 0.00126328
2 0.0257812 0.355093 0.0505208 0.0287037 0.00126611
0 0.390104 0.210185 0.01875 0.0296296 0.00128879
58 0.96901 0.495833 0.0317708 0.0935185 0.00134386
13 0.985937 0.518519 0.0270833 0.175926 0.00136248
9 0.252083 0.0898148 0.0125 0.0314815 0.00141034
0 0.729688 0.372222 0.0270833 0.0296296 0.00141195
0 0.756771 0.375 0.0197917 0.0314815 0.00147083
9 0.235417 0.0625 0.01875 0.0342593 0.00147627
9 0.257552 0.0759259 0.0109375 0.05 0.00149179
2 0.99375 0.518056 0.0114583 0.169444 0.00155775
0 0.541667 0.290741 0.523958 0.455556 0.00156188
7 0.970833 0.520833 0.0572917 0.187963 0.00156254
9 0.566667 0.0569444 0.0104167 0.0416667 0.00170734
2 0.678125 0.112963 0.126042 0.0759259 0.00171253
9 0.548177 0.0592593 0.0109375 0.0240741 0.00175333
7 0.989062 0.517593 0.0208333 0.185185 0.00175455
0 0.263542 0.103704 0.00833333 0.05 0.00183139
2 0.542708 0.429167 0.533333 0.186111 0.00191756
2 0.0231771 0.396759 0.0463542 0.115741 0.00192521
9 0.113542 0.025 0.015625 0.0388889 0.0019998
11 0.23776 0.0662037 0.0151042 0.037963 0.00229479
0 0.758333 0.125 0.0135417 0.0296296 0.0022953
2 0.301302 0.106944 0.0859375 0.0916667 0.00230237
2 0.41875 0.108796 0.2875 0.0787037 0.00237234
9 0.817448 0.236574 0.00885417 0.0416667 0.00250451
9 0.416927 0.0101852 0.0151042 0.0203704 0.002536
0 0.713542 0.37037 0.021875 0.0277778 0.00265311
2 0.811458 0.0814815 0.0239583 0.0277778 0.00266159
0 0.454427 0.427778 0.856771 0.616667 0.00267749
12 0.701563 0.162037 0.01875 0.0425926 0.00269876
2 0.592708 0.126389 0.0177083 0.0231481 0.00288734
7 0.790104 0.0643518 0.0270833 0.0601852 0.00307722
9 0.993229 0.500463 0.0125 0.137963 0.00307729
2 0.588542 0.108333 0.313542 0.0666667 0.00346887
2 0.649219 0.150926 0.0380208 0.062963 0.00348186
9 0.264062 0.0893519 0.0104167 0.037963 0.00370549
3 0.0231771 0.396759 0.0463542 0.113889 0.0041406
9 0.266406 0.099537 0.00989583 0.0527778 0.00433122
2 0.476562 0.10787 0.0770833 0.0601852 0.00455793
12 0.99375 0.501389 0.0114583 0.141667 0.00462095
9 0.221354 0.0893519 0.0104167 0.0157407 0.00476996
2 0.60625 0.0601852 0.009375 0.0222222 0.00480215
2 0.442448 0.0884259 0.0140625 0.0287037 0.0048512
2 0.0140625 0.370833 0.028125 0.0564815 0.00533492
2 0.238542 0.143519 0.01875 0.037037 0.00542032
0 0.442708 0.0967593 0.0177083 0.0453704 0.00563793
0 0.995833 0.326852 0.00729167 0.0555556 0.00596643
1 0.810156 0.333333 0.0192708 0.0851852 0.00644159
9 0.292969 0.0555556 0.00885417 0.0444444 0.00751375
9 0.207552 0.0675926 0.0192708 0.0425926 0.00751601
0 0.361979 0.0657407 0.009375 0.0314815 0.0076529
9 0.572656 0.0310185 0.0130208 0.0583333 0.00796499
2 0.30599 0.0814815 0.0255208 0.0333333 0.0083317
0 0.757552 0.075 0.0109375 0.0425926 0.00851435
9 0.291927 0.0712963 0.00989583 0.0166667 0.00864536
2 0.270833 0.110648 0.0135417 0.037963 0.010406
9 0.442708 0.0888889 0.0135417 0.0296296 0.0156882
0 0.634896 0.145833 0.0114583 0.0546296 0.0181483
2 0.785417 0.0884259 0.0145833 0.0231481 0.0191543
2 0.814323 0.075463 0.0192708 0.0175926 0.0229353
9 0.584635 0.0356481 0.0140625 0.0546296 0.0236354
0 0.00598958 0.39537 0.0119792 0.112963 0.0291358
2 0.48776 0.107407 0.0140625 0.05 0.0291835
9 0.222917 0.0592593 0.0125 0.0351852 0.0351924
0 0.371615 0.436111 0.0536458 0.0407407 0.0401892
7 0.29974 0.105556 0.0380208 0.0759259 0.0489036
0 0.388542 0.434722 0.0375 0.0398148 0.0521702
2 0.290885 0.109722 0.0234375 0.0694444 0.0543627
0 0.348437 0.437037 0.034375 0.0407407 0.0637271
3 0.0046875 0.40787 0.009375 0.0898148 0.0743733
9 0.567187 0.0481481 0.00833333 0.0240741 0.0793891
9 0.26849 0.0361111 0.0213542 0.0685185 0.0808428
3 0.0109375 0.398148 0.021875 0.109259 0.108895
2 0.461979 0.113426 0.0125 0.0361111 0.111564
2 0.478646 0.108796 0.0239583 0.0453704 0.272762
2 0.322656 0.087963 0.0380208 0.0388889 0.33068
2 0.627865 0.121296 0.0244792 0.0518519 0.481302
2 0.505729 0.104167 0.04375 0.062037 0.600603
2 0.31849 0.121296 0.0505208 0.0703704 0.694584
10 0.203906 0.316204 0.0161458 0.0712963 0.752026
11 0.729167 0.0430556 0.0270833 0.0564815 0.809397
2 0.382292 0.230093 0.0791667 0.10463 0.875952
2 0.729688 0.419444 0.121875 0.172222 0.909108
2 0.36901 0.482407 0.129688 0.188889 0.925185
2 0.735677 0.193056 0.129688 0.110185 0.925615
