2 0.0205729 0.391204 0.0411458 0.117593 0.0010086
7 0.29375 0.105093 0.0927083 0.0953704 0.00107749
9 0.577865 0.0305556 0.0140625 0.0555556 0.00112948
9 0.261458 0.0481481 0.0145833 0.0462963 0.00117085
2 0.655208 0.135648 0.08125 0.0824074 0.00117316
7 0.401823 0.111574 0.234896 0.0953704 0.0011925
2 0.549479 0.115278 0.201042 0.0824074 0.00127038
0 0.233073 0.287037 0.0119792 0.0203704 0.00130155
0 0.708854 0.375 0.0197917 0.0277778 0.00131471
1 0.0421875 0.177778 0.0354167 0.0462963 0.00138365
9 0.502083 0.758796 0.0125 0.0546296 0.0014649
12 0.701563 0.164352 0.0197917 0.0398148 0.00147483
0 0.154687 0.110185 0.0125 0.0240741 0.00148093
12 0.976562 0.496759 0.0447917 0.134259 0.00148332
0 0.178646 0.28287 0.0270833 0.0361111 0.0015463
2 0.45625 0.075 0.0229167 0.0222222 0.00156139
0 0.716667 0.373148 0.0239583 0.0259259 0.00157295
9 0.292448 0.0555556 0.00885417 0.0388889 0.00172335
9 0.361719 0.0689815 0.0078125 0.025 0.00180057
9 0.21849 0.103241 0.00885417 0.037963 0.00194348
2 0.778646 0.105093 0.0291667 0.0509259 0.00195402
9 0.276042 0.0416667 0.0385417 0.0796296 0.00209547
0 0.188281 0.280093 0.0213542 0.0398148 0.00210114
2 0.00416667 0.468981 0.00833333 0.208333 0.00225152
7 0.989323 0.51713 0.0203125 0.186111 0.00233111
9 0.26276 0.0916667 0.0078125 0.0444444 0.0024496
9 0.572135 0.0310185 0.0140625 0.0583333 0.00248859
12 0.692448 0.163426 0.0078125 0.0398148 0.00253843
7 0.276563 0.0712963 0.0385417 0.137037 0.00277542
12 0.701823 0.138889 0.0223958 0.0888889 0.00280837
0 0.895833 0.2625 0.0125 0.025 0.00291907
7 0.970052 0.526389 0.0588542 0.206481 0.00293407
2 0.292188 0.0708333 0.0125 0.0138889 0.00293952
11 0.236979 0.0685185 0.0166667 0.0444444 0.00299898
0 0.140885 0.284259 0.0213542 0.0333333 0.00300715
2 0.123698 0.255556 0.0651042 0.0388889 0.00311564
2 0.486719 0.0981481 0.0171875 0.0537037 0.00330665
1 0.0164062 0.370833 0.0328125 0.0768519 0.00350723
0 0.267188 0.099537 0.0114583 0.0583333 0.00352704
0 0.263542 0.102315 0.00833333 0.0527778 0.00386847
2 0.00885417 0.4 0.0177083 0.103704 0.00388039
13 0.970312 0.524074 0.0583333 0.181481 0.00391493
13 0.98724 0.518519 0.0244792 0.181481 0.00416624
2 0.238542 0.139815 0.0197917 0.0444444 0.00568538
12 0.992188 0.499074 0.0145833 0.140741 0.00639756
2 0.270573 0.109259 0.0130208 0.0407407 0.00722509
58 0.967448 0.495833 0.0265625 0.0805556 0.00804344
11 0.60599 0.0587963 0.00989583 0.0268519 0.0083485
9 0.269271 0.0328704 0.021875 0.0601852 0.00908318
2 0.784635 0.0893519 0.0130208 0.0231481 0.00926065
9 0.213021 0.0643518 0.0333333 0.0527778 0.00980187
2 0.790104 0.0865741 0.01875 0.0231481 0.0103972
9 0.220052 0.0888889 0.00885417 0.0148148 0.0111352
2 0.459115 0.0851852 0.0380208 0.0296296 0.0114161
7 0.220052 0.0680556 0.0515625 0.0694444 0.011498
5 0.220313 0.0652778 0.05 0.0583333 0.0118392
2 0.635156 0.144907 0.0109375 0.0546296 0.0174458
1 0.00442708 0.390741 0.00885417 0.122222 0.0199032
9 0.567448 0.0476852 0.0078125 0.0231481 0.0273544
0 0.75599 0.087037 0.0130208 0.0740741 0.0366008
2 0.292969 0.10787 0.0265625 0.0787037 0.0527885
7 0.302344 0.106019 0.0421875 0.0787037 0.061412
2 0.439063 0.0856481 0.0125 0.025 0.110931
2 0.00390625 0.410648 0.0078125 0.0805556 0.123377
2 0.321615 0.0851852 0.0380208 0.0351852 0.276022
7 0.507292 0.104167 0.0395833 0.062037 0.407671
2 0.507552 0.104167 0.0401042 0.062037 0.420121
2 0.627344 0.122222 0.0255208 0.0537037 0.510755
7 0.464063 0.113426 0.0552083 0.087963 0.718765
2 0.31875 0.121296 0.05 0.0703704 0.719671
2 0.150781 0.335185 0.258854 0.203704 0.740565
11 0.728906 0.0425926 0.0265625 0.0537037 0.792184
2 0.729688 0.419444 0.122917 0.172222 0.900375
