2 0.25599 0.0851852 0.0192708 0.0407407 0.00101839
9 0.415365 0.00925926 0.0161458 0.0185185 0.00115603
2 0.53099 0.111111 0.0151042 0.0444444 0.00118409
9 0.584375 0.0412037 0.015625 0.0435185 0.00119809
0 0.816667 0.233796 0.009375 0.037963 0.00123661
13 0.961979 0.551852 0.0395833 0.0407407 0.00125361
9 0.547917 0.0527778 0.0104167 0.0240741 0.00128998
0 0.256771 0.29213 0.028125 0.037963 0.00130113
0 0.186979 0.109259 0.00729167 0.0444444 0.00143487
9 0.361719 0.0689815 0.0078125 0.0268519 0.00147187
13 0.99375 0.518056 0.0114583 0.173148 0.00147659
0 0.730469 0.370833 0.0286458 0.0305556 0.00164365
0 0.244792 0.294907 0.0260417 0.0342593 0.00192421
0 0.26276 0.0912037 0.00885417 0.0527778 0.00194496
9 0.572656 0.0305556 0.0130208 0.0574074 0.00195428
0 0.182292 0.290278 0.0177083 0.0324074 0.00200022
7 0.992188 0.516667 0.0145833 0.174074 0.00200844
58 0.968229 0.493056 0.0302083 0.087963 0.00217596
13 0.970573 0.571296 0.0578125 0.0833333 0.00227735
2 0.46276 0.0837963 0.0401042 0.0416667 0.00232576
2 0.776563 0.105556 0.025 0.0314815 0.00307885
2 0.753385 0.158333 0.0130208 0.0222222 0.00323501
9 0.292708 0.0555556 0.00833333 0.0333333 0.00324994
0 0.191927 0.291667 0.0192708 0.0407407 0.00336305
2 0.315365 0.301852 0.0109375 0.0222222 0.00347126
13 0.970573 0.519907 0.0578125 0.182407 0.00399362
9 0.50026 0.601389 0.0151042 0.0416667 0.00402789
0 0.714844 0.37037 0.0255208 0.0277778 0.00447295
0 0.285937 0.110648 0.0166667 0.075 0.00459686
9 0.269531 0.0467593 0.0192708 0.037963 0.00481781
2 0.592708 0.125 0.015625 0.0240741 0.00505
0 0.214583 0.302315 0.01875 0.0361111 0.0052976
7 0.970573 0.525926 0.0578125 0.2 0.00600725
9 0.502083 0.759259 0.0125 0.0555556 0.0065481
9 0.99375 0.490741 0.0114583 0.124074 0.00665472
0 0.208333 0.295833 0.0166667 0.0398148 0.00685881
2 0.270312 0.108796 0.0135417 0.037963 0.00690061
2 0.2875 0.0805556 0.01875 0.037037 0.00694606
7 0.275781 0.0615741 0.0390625 0.121296 0.00818834
2 0.438281 0.0773148 0.0119792 0.025 0.00920639
0 0.283594 0.0847222 0.00885417 0.0305556 0.0100494
0 0.315365 0.302315 0.0119792 0.0231481 0.0101001
9 0.26875 0.0268519 0.021875 0.0481481 0.0106738
0 0.484635 0.0921296 0.00989583 0.0212963 0.011155
2 0.605469 0.0597222 0.0109375 0.0268519 0.013853
9 0.566927 0.0462963 0.0078125 0.0240741 0.014744
2 0.434896 0.0847222 0.0104167 0.0138889 0.0158997
2 0.294531 0.100463 0.0296875 0.0675926 0.0175926
2 0.291146 0.0717593 0.0125 0.0157407 0.0205994
2 0.784635 0.0875 0.0151042 0.0175926 0.0206449
5 0.220052 0.0648148 0.0505208 0.0592593 0.0210178
0 0.75599 0.087037 0.0151042 0.0814815 0.0212348
1 0.00442708 0.399074 0.00885417 0.101852 0.0241925
7 0.21901 0.0634259 0.0515625 0.0638889 0.0266118
0 0.635156 0.145833 0.00989583 0.0527778 0.0300815
2 0.634896 0.144444 0.0114583 0.0537037 0.037047
1 0.0119792 0.391667 0.0239583 0.114815 0.0639452
2 0.321615 0.0847222 0.0380208 0.0342593 0.380168
7 0.50625 0.103241 0.0416667 0.062037 0.406739
2 0.50625 0.103241 0.0416667 0.062037 0.446935
2 0.627344 0.118519 0.0255208 0.0518519 0.502423
7 0.459375 0.103241 0.0520833 0.0861111 0.77875
11 0.728646 0.0407407 0.0270833 0.0537037 0.789499
2 0.318229 0.119444 0.0510417 0.0685185 0.790509
7 0.23151 0.348611 0.245312 0.212037 0.805089
2 0.729688 0.418056 0.122917 0.171296 0.90938
