2 0.775 0.115741 0.0208333 0.037037 0.00103292
0 0.754427 0.0907407 0.0130208 0.0796296 0.00107345
2 0.598698 0.423148 0.714063 0.185185 0.00110074
13 0.961458 0.550463 0.0375 0.037963 0.00112402
2 0.779688 0.103704 0.0302083 0.0518519 0.00112537
2 0.634896 0.151389 0.0125 0.062037 0.00115617
2 0.25625 0.0856481 0.0208333 0.037963 0.00117103
58 0.96875 0.493981 0.03125 0.100926 0.0011827
13 0.96901 0.56713 0.0546875 0.0712963 0.00123757
2 0.00442708 0.556944 0.00885417 0.0435185 0.00125391
7 0.361719 0.0939815 0.0182292 0.0731481 0.00126709
2 0.354167 0.0990741 0.028125 0.062963 0.00134319
2 0.277604 0.110648 0.028125 0.0657407 0.00141647
9 0.548177 0.0527778 0.0109375 0.0240741 0.00142395
7 0.989062 0.516667 0.0208333 0.185185 0.00149437
7 0.970833 0.526852 0.0572917 0.22037 0.00151093
2 0.536458 0.108333 0.0104167 0.05 0.0015624
9 0.270052 0.0541667 0.0192708 0.0453704 0.0015871
2 0.971094 0.498148 0.0348958 0.116667 0.00160002
12 0.690885 0.162037 0.00989583 0.0407407 0.00169032
9 0.219531 0.0796296 0.0171875 0.0296296 0.0017015
7 0.277344 0.0722222 0.0401042 0.140741 0.00180133
2 0.485156 0.109259 0.421354 0.0759259 0.00180953
2 0.534375 0.0800926 0.0135417 0.0231481 0.00183159
2 0.284896 0.0791667 0.021875 0.0324074 0.0020058
0 0.263542 0.0902778 0.00833333 0.0435185 0.00203073
5 0.236719 0.0675926 0.0171875 0.0425926 0.00208633
9 0.572656 0.0305556 0.0151042 0.0592593 0.00209933
0 0.0533854 0.109259 0.0109375 0.0555556 0.00222204
13 0.99349 0.51713 0.0119792 0.173148 0.0023849
2 0.422656 0.108333 0.184896 0.0666667 0.00256916
2 0.293229 0.105556 0.0802083 0.0925926 0.00289537
2 0.325781 0.104167 0.0401042 0.0527778 0.0029101
12 0.976302 0.497222 0.0442708 0.125926 0.00326673
7 0.383333 0.0967593 0.046875 0.0694444 0.00341961
13 0.971094 0.517593 0.0567708 0.17963 0.00367158
7 0.477344 0.0740741 0.0234375 0.0388889 0.00376675
9 0.5 0.601389 0.0145833 0.0398148 0.0037945
7 0.235677 0.0675926 0.0182292 0.0518519 0.00391593
2 0.4375 0.0888889 0.015625 0.0277778 0.00392198
0 0.715104 0.370833 0.0239583 0.0268519 0.0039656
13 0.952604 0.419907 0.0947917 0.143519 0.00397567
2 0.0622396 0.0662037 0.0380208 0.0268519 0.00416029
2 0.592448 0.125926 0.0171875 0.0240741 0.0042154
9 0.992448 0.491204 0.0140625 0.119444 0.00440646
2 0.355729 0.108796 0.10625 0.0712963 0.00466859
7 0.498437 0.0634259 0.0229167 0.0268519 0.00516232
2 0.290365 0.0726852 0.0151042 0.0175926 0.00525097
2 0.784896 0.0884259 0.0125 0.0194444 0.00573798
1 0.0117188 0.368519 0.0234375 0.0555556 0.00592388
9 0.292969 0.05 0.00885417 0.0407407 0.00611216
1 0.00442708 0.406019 0.00885417 0.0861111 0.00612381
2 0.53151 0.109722 0.0151042 0.0472222 0.00653834
12 0.99375 0.491204 0.0114583 0.121296 0.00666662
12 0.702344 0.138426 0.0213542 0.0861111 0.00667332
2 0.491667 0.0694444 0.0166667 0.0296296 0.00676704
2 0.60599 0.0601852 0.0109375 0.0277778 0.00810536
7 0.490625 0.0638889 0.0375 0.0462963 0.00820293
9 0.502604 0.75787 0.0135417 0.0564815 0.00843199
1 0.00963542 0.4 0.0192708 0.103704 0.00870703
7 0.213281 0.0615741 0.0369792 0.0601852 0.0131476
9 0.567187 0.0467593 0.00833333 0.0231481 0.0139387
0 0.634896 0.147685 0.009375 0.0490741 0.0142755
2 0.271354 0.108333 0.0145833 0.0388889 0.0159882
9 0.26875 0.0347222 0.021875 0.0657407 0.0163761
5 0.2125 0.0615741 0.034375 0.0583333 0.0169023
2 0.488281 0.0865741 0.0171875 0.0342593 0.0205633
2 0.4 0.0990741 0.015625 0.0537037 0.0260623
2 0.483333 0.0689815 0.0177083 0.0305556 0.0329585
2 0.526563 0.0787037 0.0145833 0.0296296 0.0431882
2 0.363802 0.0736111 0.0130208 0.0398148 0.04401
2 0.292188 0.110185 0.0260417 0.0777778 0.0822938
2 0.48125 0.108796 0.0166667 0.0435185 0.0993923
2 0.322135 0.0861111 0.0380208 0.037037 0.353841
2 0.627344 0.121296 0.0255208 0.0518519 0.38887
2 0.385938 0.100926 0.040625 0.0611111 0.5363
2 0.504687 0.103241 0.04375 0.0638889 0.582823
2 0.454688 0.103241 0.0416667 0.0564815 0.619234
10 0.203906 0.314352 0.0161458 0.0694444 0.793391
11 0.729167 0.0416667 0.0270833 0.0518519 0.796617
2 0.317969 0.120833 0.0515625 0.0694444 0.801073
2 0.729427 0.418981 0.123438 0.173148 0.913053
