7 0.788021 0.0638889 0.025 0.0592593 0.00103241
2 0.773438 0.109722 0.0166667 0.0268519 0.00106389
0 0.375781 0.285185 0.726562 0.392593 0.00110174
9 0.361979 0.062037 0.0125 0.0277778 0.00116398
12 0.703906 0.166667 0.0234375 0.037037 0.00124586
12 0.985156 0.500463 0.0286458 0.136111 0.00132046
58 0.96875 0.495833 0.03125 0.087963 0.0013544
7 0.277083 0.0740741 0.0364583 0.140741 0.00138554
32 0.459896 0.356481 0.0104167 0.0148148 0.00144845
2 0.570312 0.427778 0.607292 0.192593 0.00146842
9 0.50026 0.603241 0.0151042 0.0398148 0.00150177
1 0.0304688 0.156481 0.0598958 0.0888889 0.0015642
2 0.0046875 0.456019 0.009375 0.241667 0.00162083
2 0.817448 0.233796 0.00885417 0.0435185 0.00173171
0 0.755469 0.075463 0.0109375 0.0435185 0.00177098
0 0.730469 0.372222 0.0255208 0.0277778 0.00188292
0 0.389062 0.255093 0.0177083 0.0268519 0.00194871
0 0.641406 0.14213 0.0130208 0.037963 0.00200603
9 0.263021 0.087963 0.00833333 0.037037 0.0020161
9 0.488802 0.980093 0.0171875 0.0398148 0.00202541
9 0.293229 0.0541667 0.009375 0.0435185 0.00214559
9 0.573177 0.0314815 0.0151042 0.0592593 0.00215126
2 0.580729 0.106944 0.278125 0.0601852 0.00215614
2 0.442448 0.0893519 0.0140625 0.0305556 0.00216701
0 0.439844 0.474074 0.695312 0.777778 0.00219519
11 0.236979 0.0680556 0.0166667 0.0435185 0.00224389
9 0.416146 0.00972222 0.0166667 0.0194444 0.00231607
13 0.970312 0.523611 0.0572917 0.178704 0.00245349
2 0.416406 0.109722 0.293229 0.0768519 0.00254376
0 0.75625 0.375 0.0208333 0.0333333 0.00285652
9 0.584896 0.0384259 0.0135417 0.0546296 0.00297206
0 0.3625 0.0652778 0.0104167 0.0305556 0.00299789
12 0.709896 0.19213 0.0166667 0.0787037 0.00305299
2 0.781771 0.099537 0.0333333 0.0453704 0.00307493
2 0.654948 0.126852 0.0807292 0.0648148 0.00316212
2 0.238542 0.139815 0.01875 0.0425926 0.0034468
7 0.970312 0.530556 0.0583333 0.209259 0.00360915
0 0.442187 0.0981481 0.0177083 0.0481481 0.00398028
2 0.270312 0.110185 0.0125 0.0407407 0.00408476
0 0.266146 0.0990741 0.0104167 0.0574074 0.00413863
2 0.476042 0.108333 0.075 0.0555556 0.00483953
2 0.630208 0.108333 0.0416667 0.0648148 0.00488101
2 0.60625 0.0606481 0.0104167 0.0231481 0.005029
2 0.363281 0.0657407 0.0119792 0.0222222 0.00506954
9 0.220313 0.0888889 0.0104167 0.0148148 0.00522335
0 0.714063 0.370833 0.0229167 0.0268519 0.00537736
5 0.220573 0.0662037 0.0494792 0.0546296 0.00566993
9 0.99349 0.493056 0.0119792 0.123148 0.00621303
9 0.207813 0.0675926 0.021875 0.0462963 0.00681743
2 0.0046875 0.556481 0.009375 0.0407407 0.00734231
7 0.218229 0.0657407 0.046875 0.0574074 0.00785737
12 0.994792 0.493519 0.009375 0.131481 0.00819498
12 0.714063 0.206481 0.0114583 0.0518519 0.0103169
0 0.632552 0.135648 0.0140625 0.0509259 0.0136159
2 0.815104 0.0763889 0.0177083 0.0175926 0.014601
9 0.502083 0.759722 0.0125 0.0546296 0.0155416
9 0.26875 0.0337963 0.021875 0.062037 0.0191277
2 0.791146 0.087037 0.021875 0.0259259 0.0200717
9 0.567448 0.0486111 0.0078125 0.0231481 0.0223168
0 0.34974 0.653241 0.0505208 0.0564815 0.0248452
9 0.442708 0.0888889 0.0135417 0.0277778 0.025194
2 0.00911458 0.393056 0.0182292 0.113889 0.026371
1 0.0119792 0.391204 0.0239583 0.117593 0.0282127
2 0.488542 0.108333 0.0135417 0.0481481 0.0286479
1 0.00520833 0.390741 0.0104167 0.116667 0.0378864
0 0.713802 0.20463 0.00989583 0.0537037 0.0441681
2 0.46224 0.112037 0.0130208 0.0388889 0.0509086
0 0.303125 0.659259 0.0395833 0.0537037 0.0557103
7 0.297135 0.106944 0.0359375 0.0805556 0.0655389
2 0.0046875 0.403241 0.009375 0.0953704 0.066527
2 0.292708 0.108333 0.0270833 0.0777778 0.0669538
2 0.479427 0.109259 0.0203125 0.0444444 0.115477
2 0.469792 0.109722 0.028125 0.0435185 0.163112
2 0.627344 0.12037 0.0255208 0.05 0.285098
2 0.322656 0.0861111 0.0380208 0.0351852 0.285813
7 0.50599 0.103704 0.0432292 0.062963 0.382056
2 0.505729 0.103704 0.0427083 0.062963 0.449732
2 0.31849 0.120833 0.0505208 0.0712963 0.661702
2 0.654427 0.209722 0.129688 0.102778 0.707946
10 0.203906 0.316204 0.0161458 0.0712963 0.718852
11 0.728906 0.0430556 0.0276042 0.0564815 0.786769
2 0.386979 0.286574 0.09375 0.123148 0.900058
2 0.729688 0.419444 0.122917 0.17037 0.908022
2 0.327604 0.713426 0.169792 0.256481 0.925862
