0 0.740104 0.371296 0.0260417 0.0333333 0.00103659
9 0.548958 0.0518519 0.0125 0.0259259 0.00103717
9 0.559375 0.0263889 0.0229167 0.0490741 0.00118285
2 0.771615 0.119907 0.0140625 0.0398148 0.00118521
9 0.983333 0.506944 0.0333333 0.147222 0.00120215
2 0.748958 0.147685 0.021875 0.0324074 0.00121904
9 0.458073 0.0657407 0.0078125 0.0314815 0.00127835
7 0.222917 0.049537 0.0572917 0.0935185 0.00136911
2 0.742969 0.176852 0.0203125 0.0277778 0.00137062
9 0.263021 0.0361111 0.0135417 0.0574074 0.00137302
1 0.00442708 0.409259 0.00885417 0.087037 0.00138115
2 0.238802 0.143056 0.0192708 0.037963 0.0014237
9 0.485156 0.0263889 0.0109375 0.0268519 0.00143666
0 0.263281 0.103241 0.00885417 0.0527778 0.00150781
0 0.380208 0.381481 0.6625 0.690741 0.00153888
9 0.56276 0.0518519 0.0192708 0.0259259 0.001539
0 0.757031 0.374074 0.0192708 0.0314815 0.00163148
9 0.816667 0.234722 0.00833333 0.037963 0.00167147
2 0.753125 0.15787 0.0145833 0.0212963 0.00173858
0 0.75651 0.0944444 0.0140625 0.0796296 0.00177801
0 0.558854 0.25 0.516667 0.383333 0.00177915
2 0.782552 0.105556 0.0369792 0.0555556 0.00179716
0 0.729948 0.371759 0.0255208 0.0305556 0.00180648
2 0.363802 0.0694444 0.0119792 0.0222222 0.00184647
1 0.0111979 0.359259 0.0223958 0.0962963 0.00189074
9 0.415625 0.0111111 0.0166667 0.0222222 0.00197515
0 0.195573 0.942593 0.0276042 0.109259 0.00213248
0 0.60651 0.487963 0.0348958 0.0425926 0.00219356
12 0.692708 0.164352 0.00833333 0.0416667 0.00220734
9 0.258594 0.0722222 0.0119792 0.0444444 0.00222352
9 0.502344 0.761111 0.0119792 0.0518519 0.00225277
7 0.301823 0.106481 0.0796875 0.0888889 0.00240696
2 0.571354 0.109259 0.234375 0.0666667 0.00245825
2 0.660937 0.150463 0.0635417 0.0601852 0.00287205
9 0.252865 0.0847222 0.0130208 0.0324074 0.00290813
2 0.703646 0.510648 0.575 0.310185 0.00291986
12 0.99401 0.517593 0.0109375 0.168519 0.00296301
9 0.267448 0.0601852 0.0151042 0.0296296 0.0030211
2 0.404948 0.109722 0.271354 0.0768519 0.00313219
7 0.970052 0.531018 0.0588542 0.208333 0.00328347
9 0.36224 0.0703704 0.00885417 0.0222222 0.0032868
2 0.266927 0.099537 0.0109375 0.0564815 0.00347636
9 0.263021 0.0865741 0.00729167 0.0361111 0.00360265
9 0.23776 0.0717593 0.0140625 0.0435185 0.00384465
0 0.58125 0.486111 0.0489583 0.0462963 0.00424874
9 0.589323 0.0430556 0.0140625 0.0435185 0.00433369
11 0.60625 0.0611111 0.0104167 0.0240741 0.00448886
9 0.269531 0.0208333 0.0203125 0.0361111 0.00452007
0 0.443229 0.0976852 0.0177083 0.0472222 0.00613883
11 0.238021 0.0694444 0.015625 0.0444444 0.00630413
11 0.240625 0.0333333 0.0208333 0.062963 0.00634721
0 0.544792 0.486111 0.0302083 0.0444444 0.00692514
2 0.592969 0.125463 0.0161458 0.025 0.00787767
1 0.0101562 0.397222 0.0203125 0.116667 0.00817103
9 0.216146 0.0662037 0.0375 0.0490741 0.00882891
0 0.714323 0.372222 0.0234375 0.0277778 0.00900559
0 0.995833 0.327315 0.00729167 0.0509259 0.00965061
9 0.584635 0.0393519 0.0119792 0.0490741 0.00996278
9 0.443229 0.0884259 0.0135417 0.0287037 0.01154
2 0.334375 0.0884259 0.0229167 0.0324074 0.0120803
2 0.7875 0.0898148 0.01875 0.0222222 0.0130673
9 0.992708 0.506944 0.0135417 0.149074 0.0139544
9 0.567448 0.0319444 0.0119792 0.0583333 0.0154676
9 0.757552 0.075463 0.0109375 0.0416667 0.0195834
2 0.272135 0.110648 0.0140625 0.037963 0.0241123
9 0.207552 0.0675926 0.0192708 0.0425926 0.037227
2 0.46224 0.113426 0.0140625 0.037963 0.0540489
2 0.635417 0.147222 0.0114583 0.0518519 0.0627949
2 0.295573 0.10787 0.0328125 0.0824074 0.0822809
0 0.635677 0.147685 0.0109375 0.0490741 0.0897048
9 0.567187 0.0490741 0.009375 0.0240741 0.171213
7 0.297396 0.107407 0.0375 0.0814815 0.194444
2 0.321875 0.0884259 0.0375 0.0361111 0.255261
2 0.627604 0.121759 0.0260417 0.0509259 0.316105
2 0.47526 0.109722 0.0348958 0.0453704 0.447002
2 0.50625 0.105093 0.0416667 0.062037 0.503847
2 0.31849 0.121296 0.0505208 0.0722222 0.715638
10 0.203646 0.316667 0.0166667 0.0703704 0.716577
11 0.729427 0.0430556 0.0265625 0.0546296 0.760221
2 0.384635 0.253704 0.0838542 0.112963 0.892507
2 0.729948 0.418519 0.123438 0.17037 0.901926
2 0.564583 0.540278 0.171875 0.243519 0.912041
