0 0.530208 0.108796 0.0135417 0.0472222 0.00101395
2 0.784375 0.110185 0.0395833 0.05 0.00101939
7 0.236458 0.0731481 0.01875 0.0555556 0.00104694
58 0.964844 0.260648 0.0692708 0.199074 0.00107345
7 0.219792 0.0787037 0.0520833 0.0851852 0.00107946
9 0.76901 0.0486111 0.0213542 0.0953704 0.00109977
2 0.654948 0.137963 0.0838542 0.0833333 0.00110764
0 0.18776 0.111111 0.0078125 0.0444444 0.00113375
2 0.471354 0.0671296 0.0229167 0.0287037 0.00114875
58 0.967969 0.510185 0.0526042 0.12963 0.00123392
9 0.588542 0.0398148 0.0145833 0.05 0.00129904
9 0.26224 0.0439815 0.0161458 0.0527778 0.0013065
9 0.559896 0.0300926 0.0239583 0.0583333 0.00133599
9 0.817187 0.236111 0.00833333 0.0388889 0.00134902
1 0.00911458 0.399537 0.0182292 0.112037 0.00148473
7 0.152865 0.0888889 0.0744792 0.0814815 0.00151442
1 0.00572917 0.376852 0.0114583 0.0851852 0.00158443
2 0.0617188 0.0680556 0.0348958 0.0268519 0.00163177
7 0.52526 0.0648148 0.0244792 0.0518519 0.00176495
0 0.263021 0.0888889 0.00833333 0.037037 0.00179539
13 0.994531 0.519907 0.00989583 0.169444 0.00180931
32 0.454427 0.314352 0.0078125 0.0138889 0.00195268
2 0.817448 0.235648 0.00885417 0.0398148 0.00214005
2 0.641927 0.152315 0.0213542 0.062037 0.00229712
13 0.0132813 0.397222 0.0265625 0.112963 0.00235782
12 0.700521 0.163426 0.0208333 0.0416667 0.00256795
9 0.27474 0.0388889 0.0359375 0.0740741 0.00265326
0 0.263281 0.10463 0.00885417 0.0518519 0.00268999
0 0.756771 0.0768519 0.0125 0.0462963 0.00279859
2 0.305208 0.0597222 0.0302083 0.0305556 0.00292308
13 0.970833 0.518056 0.0572917 0.171296 0.00292316
13 0.986979 0.519444 0.025 0.174074 0.00300948
11 0.236979 0.0680556 0.0166667 0.0435185 0.00331241
13 0.00442708 0.40463 0.00885417 0.0962963 0.00334487
11 0.60651 0.0601852 0.00989583 0.0240741 0.00346266
2 0.378125 0.10787 0.194792 0.087963 0.00350697
2 0.538542 0.112037 0.35625 0.0740741 0.00351179
9 0.99401 0.494444 0.0109375 0.125926 0.00361797
9 0.757292 0.0731481 0.0104167 0.0407407 0.0038954
9 0.416406 0.0134259 0.0171875 0.0268519 0.00391311
58 0.968229 0.495833 0.0302083 0.087963 0.00397729
2 0.775 0.115741 0.0197917 0.0314815 0.00401112
7 0.278125 0.0717593 0.0333333 0.130556 0.00407448
9 0.5 0.603241 0.015625 0.0398148 0.00409417
0 0.995573 0.327778 0.0078125 0.0574074 0.00447307
2 0.434896 0.111111 0.161458 0.0703704 0.00447686
2 0.30026 0.102778 0.0776042 0.0944444 0.00457445
9 0.548437 0.0513889 0.0114583 0.0268519 0.00476388
13 0.961719 0.555556 0.0390625 0.0444444 0.00483123
0 0.267188 0.099537 0.0114583 0.0546296 0.00489006
9 0.485156 0.0194444 0.0109375 0.0296296 0.00615091
0 0.443229 0.0976852 0.01875 0.0490741 0.00724173
2 0.238281 0.140741 0.0182292 0.0425926 0.00840472
2 0.786719 0.0884259 0.0171875 0.025 0.00847761
2 0.443229 0.0856481 0.015625 0.0268519 0.00851981
9 0.582552 0.0347222 0.0140625 0.062037 0.00906058
12 0.692187 0.163889 0.0104167 0.0388889 0.0093911
9 0.270052 0.0476852 0.0192708 0.0416667 0.0104502
0 0.757812 0.121759 0.0135417 0.0305556 0.0118851
9 0.567708 0.0314815 0.0125 0.0592593 0.0121185
0 0.635677 0.148611 0.00989583 0.0527778 0.0122026
9 0.109635 0.025 0.0119792 0.037037 0.013694
9 0.26875 0.025 0.0208333 0.0425926 0.0139294
2 0.271094 0.109259 0.0140625 0.0388889 0.013975
2 0.592188 0.127315 0.0177083 0.0212963 0.014371
2 0.634896 0.146759 0.0114583 0.0527778 0.0179306
9 0.502344 0.760185 0.0130208 0.0537037 0.0193553
2 0.489323 0.107407 0.0151042 0.05 0.0196597
5 0.219531 0.0643518 0.0473958 0.062037 0.0347614
10 0.442969 0.0875 0.0140625 0.0287037 0.0361276
2 0.502083 0.0652778 0.0166667 0.025 0.0387187
7 0.315104 0.0847222 0.046875 0.0546296 0.0424542
7 0.213281 0.062963 0.0348958 0.0611111 0.0459146
7 0.296615 0.108796 0.0328125 0.0787037 0.0518926
2 0.363281 0.0689815 0.0130208 0.0231481 0.0543859
2 0.488802 0.0722222 0.0151042 0.0203704 0.07308
2 0.463542 0.110185 0.015625 0.0425926 0.0838163
2 0.29401 0.109722 0.0286458 0.0787037 0.0890458
9 0.567187 0.0481481 0.00833333 0.0240741 0.111782
2 0.388802 0.0648148 0.0203125 0.0277778 0.134432
7 0.315885 0.0569444 0.0359375 0.0287037 0.164239
2 0.315625 0.0569444 0.0354167 0.0305556 0.179238
2 0.321875 0.087037 0.0385417 0.0388889 0.234893
2 0.526302 0.0731481 0.0223958 0.0351852 0.240529
2 0.472656 0.109259 0.0328125 0.0444444 0.280378
7 0.50599 0.103241 0.0432292 0.0638889 0.350538
2 0.627344 0.121296 0.0255208 0.05 0.39519
2 0.505469 0.103704 0.0421875 0.062963 0.454075
2 0.409115 0.0662037 0.0348958 0.0324074 0.508678
2 0.31849 0.122222 0.0505208 0.0703704 0.708971
2 0.388542 0.103704 0.0416667 0.062963 0.709156
10 0.204167 0.315278 0.015625 0.0712963 0.784039
11 0.729167 0.0430556 0.0270833 0.0564815 0.801368
2 0.383333 0.162037 0.0572917 0.0833333 0.853337
2 0.729688 0.419444 0.122917 0.17037 0.908483
2 0.746094 0.190741 0.127604 0.111111 0.911826
