2 0.263542 0.0990741 0.009375 0.0555556 0.0010029
7 0.222917 0.0537037 0.0635417 0.103704 0.00101183
9 0.757031 0.115278 0.0151042 0.0527778 0.00105824
58 0.967969 0.492593 0.0317708 0.0888889 0.00107803
2 0.238021 0.139815 0.01875 0.0407407 0.00108544
2 0.615625 0.0962963 0.0489583 0.0814815 0.00115556
2 0.660156 0.15 0.0630208 0.0666667 0.00116905
2 0.605469 0.0592593 0.00989583 0.0277778 0.00119707
2 0.25651 0.087037 0.0213542 0.0462963 0.00121783
13 0.961198 0.553241 0.0380208 0.0435185 0.00123907
2 0.363802 0.0657407 0.0119792 0.0166667 0.00125599
13 0.98776 0.518981 0.0234375 0.176852 0.00129006
1 0.00833333 0.356944 0.0166667 0.0861111 0.00131118
2 0.790885 0.0606481 0.0296875 0.0527778 0.00131338
12 0.69349 0.162037 0.0078125 0.0388889 0.00133433
2 0.732292 0.49213 0.488542 0.29537 0.0013464
0 0.263802 0.0939815 0.00989583 0.0564815 0.00150755
2 0.411198 0.108333 0.280729 0.0796296 0.00151266
7 0.79375 0.0606481 0.0375 0.0546296 0.00157325
9 0.75599 0.0888889 0.0151042 0.0722222 0.0016486
0 0.548698 0.430093 0.0203125 0.0305556 0.00175979
0 0.816667 0.232407 0.009375 0.037037 0.00176091
9 0.757552 0.0731481 0.0109375 0.0425926 0.00181885
13 0.0130208 0.367593 0.0260417 0.0518519 0.00192025
13 0.970573 0.565741 0.0578125 0.0925926 0.00206981
2 0.573438 0.108333 0.2375 0.0685185 0.00216492
9 0.219531 0.0888889 0.00989583 0.012963 0.00225485
0 0.613021 0.431019 0.0364583 0.0287037 0.00243246
2 0.814583 0.0731481 0.0177083 0.0222222 0.0025987
2 0.281771 0.0842593 0.00729167 0.0277778 0.0026162
2 0.591927 0.121759 0.0161458 0.0305556 0.00262296
0 0.285937 0.115741 0.015625 0.062963 0.00264244
2 0.0138021 0.397685 0.0276042 0.106481 0.00277407
9 0.994271 0.51713 0.0104167 0.173148 0.00286185
0 0.708594 0.371759 0.0223958 0.0287037 0.00286655
2 0.280208 0.101389 0.0197917 0.062037 0.0028766
7 0.970573 0.528241 0.0578125 0.208333 0.00309385
2 0.481771 0.10787 0.0645833 0.0601852 0.00355783
9 0.360417 0.0652778 0.009375 0.0175926 0.003568
9 0.501823 0.758796 0.0130208 0.0564815 0.00357673
7 0.992188 0.518056 0.0145833 0.173148 0.00439124
2 0.660156 0.45463 0.0171875 0.0277778 0.00479356
9 0.564844 0.0449074 0.00989583 0.0287037 0.00514184
2 0.441927 0.0833333 0.0140625 0.0222222 0.00549256
0 0.560156 0.430093 0.0369792 0.0287037 0.00555342
9 0.26901 0.0300926 0.0213542 0.0546296 0.00573209
2 0.269531 0.0481481 0.0192708 0.0351852 0.00616275
1 0.00364583 0.413889 0.00729167 0.0740741 0.00669266
9 0.441667 0.0837963 0.0145833 0.0231481 0.00700071
1 0.0109375 0.395833 0.021875 0.110185 0.00700449
0 0.634635 0.148148 0.00989583 0.0555556 0.00728663
2 0.777865 0.100463 0.0276042 0.0324074 0.00731966
12 0.993229 0.511111 0.0125 0.164815 0.00739819
2 0.294792 0.100463 0.0270833 0.0657407 0.00744655
2 0.446615 0.113426 0.0276042 0.0268519 0.00756453
2 0.53151 0.107407 0.0171875 0.0481481 0.00809829
9 0.291146 0.0490741 0.009375 0.0444444 0.00810014
2 0.288281 0.0796296 0.0119792 0.0259259 0.00815747
7 0.220052 0.0611111 0.0494792 0.0592593 0.00925903
2 0.00390625 0.415278 0.0078125 0.0712963 0.0109148
5 0.220313 0.0634259 0.0479167 0.0564815 0.0196308
2 0.634115 0.144444 0.0119792 0.0537037 0.0202628
2 0.292708 0.110648 0.0166667 0.0490741 0.0209335
2 0.270833 0.0972222 0.015625 0.0574074 0.0212347
2 0.783594 0.0884259 0.0171875 0.0212963 0.0292214
2 0.290625 0.0722222 0.0114583 0.0166667 0.0321996
2 0.463021 0.108796 0.0145833 0.0435185 0.153625
2 0.474219 0.107407 0.0338542 0.0462963 0.341893
2 0.626823 0.121296 0.0255208 0.0537037 0.415522
2 0.504948 0.102315 0.0421875 0.0638889 0.44229
2 0.321354 0.0842593 0.0364583 0.0333333 0.444173
10 0.203385 0.314352 0.0151042 0.0694444 0.462806
7 0.505208 0.102778 0.0416667 0.062963 0.466405
2 0.317708 0.119907 0.0510417 0.0675926 0.758112
11 0.728385 0.0398148 0.0265625 0.0537037 0.771555
2 0.728906 0.418981 0.123438 0.171296 0.898632
7 0.58125 0.525926 0.175 0.264815 0.911827
