9 0.588802 0.0416667 0.0140625 0.0481481 0.00103302
2 0.977083 0.518981 0.0447917 0.171296 0.00109949
9 0.559115 0.0305556 0.0234375 0.0537037 0.00113044
5 0.220833 0.050463 0.0520833 0.0898148 0.00116884
9 0.548698 0.0509259 0.0130208 0.0259259 0.00120171
2 0.772396 0.114352 0.015625 0.037963 0.0012018
2 0.753646 0.155093 0.0135417 0.0175926 0.00120935
0 0.361979 0.0777778 0.0114583 0.0240741 0.00123029
5 0.236458 0.0722222 0.01875 0.0537037 0.00125875
2 0.526302 0.0759259 0.0151042 0.0259259 0.00127325
1 0.0114583 0.36713 0.0229167 0.0398148 0.00128892
9 0.253906 0.087037 0.0161458 0.0333333 0.00139101
9 0.817187 0.234722 0.00833333 0.0398148 0.00139534
2 0.341667 0.119907 0.00833333 0.0453704 0.00139751
9 0.995313 0.528704 0.00833333 0.0425926 0.00147182
2 0.817708 0.234259 0.00833333 0.0407407 0.00147926
13 0.961198 0.556019 0.0380208 0.0416667 0.00149244
9 0.261458 0.050463 0.0145833 0.0435185 0.00166576
7 0.989583 0.51713 0.0197917 0.182407 0.00180985
7 0.970312 0.520833 0.0583333 0.187963 0.00192576
9 0.272917 0.0412037 0.0322917 0.0787037 0.00200562
9 0.257812 0.0763889 0.0125 0.0453704 0.00201831
2 0.53125 0.087037 0.0145833 0.0277778 0.00203476
9 0.576302 0.0328704 0.0161458 0.062037 0.00214995
7 0.788802 0.0634259 0.0255208 0.0583333 0.00228218
9 0.415625 0.00925926 0.015625 0.0185185 0.00232516
9 0.457812 0.0662037 0.00729167 0.0287037 0.0023584
2 0.814323 0.0768519 0.0171875 0.0166667 0.0027052
2 0.646875 0.147222 0.034375 0.0592593 0.00270587
2 0.363542 0.0689815 0.0125 0.0231481 0.00276333
2 0.579167 0.125926 0.0458333 0.0333333 0.00276668
2 0.54401 0.109722 0.199479 0.0601852 0.00290922
0 0.266667 0.1 0.0104167 0.0537037 0.00292311
9 0.2375 0.0689815 0.0166667 0.0453704 0.00317989
0 0.263281 0.104167 0.00885417 0.0509259 0.00326519
12 0.702344 0.133796 0.0234375 0.0768519 0.00329838
0 0.716146 0.371296 0.0260417 0.0277778 0.00331167
9 0.583594 0.0439815 0.0119792 0.037963 0.00333372
1 0.00885417 0.405093 0.0177083 0.102778 0.00349596
9 0.992708 0.503704 0.0135417 0.142593 0.00350029
12 0.702344 0.161574 0.0234375 0.0416667 0.00371778
2 0.516927 0.0689815 0.0130208 0.0194444 0.00379724
9 0.439063 0.196759 0.0125 0.0342593 0.00387704
9 0.5625 0.05 0.01875 0.0259259 0.00451882
2 0.347396 0.109722 0.125 0.0638889 0.00458895
12 0.69375 0.162963 0.00729167 0.0388889 0.00462231
12 0.99349 0.502778 0.0119792 0.140741 0.00483679
9 0.2625 0.0884259 0.00729167 0.0342593 0.00484929
1 0.00494792 0.377315 0.00989583 0.0768519 0.00526504
2 0.344531 0.113426 0.0109375 0.037963 0.00527006
2 0.782292 0.103704 0.0354167 0.0537037 0.00537078
9 0.49974 0.603241 0.0140625 0.037963 0.00685578
0 0.283854 0.101389 0.0104167 0.0527778 0.00699385
9 0.269531 0.0490741 0.0203125 0.0388889 0.00716764
2 0.340365 0.0842593 0.0171875 0.037037 0.0072358
2 0.304948 0.0574074 0.0276042 0.0407407 0.00752199
0 0.756771 0.087037 0.0125 0.0666667 0.00786409
2 0.270833 0.109722 0.0135417 0.0398148 0.00827883
0 0.995573 0.32963 0.0078125 0.0518519 0.00889223
1 0.00390625 0.408333 0.0078125 0.0888889 0.00905997
2 0.442448 0.0875 0.0130208 0.0287037 0.00947314
11 0.60651 0.0601852 0.00989583 0.0240741 0.0116707
2 0.299479 0.0694444 0.0166667 0.0203704 0.0116715
2 0.467448 0.108796 0.0307292 0.0472222 0.0118313
2 0.238802 0.141667 0.0182292 0.0388889 0.0129222
9 0.21276 0.0648148 0.0338542 0.0518519 0.0135045
9 0.56849 0.0319444 0.0119792 0.0583333 0.016441
7 0.220313 0.0657407 0.05 0.0611111 0.0190659
9 0.269271 0.0208333 0.0208333 0.0361111 0.0204684
2 0.293229 0.1125 0.0291667 0.0787037 0.0212034
9 0.502083 0.761111 0.0125 0.0537037 0.0212682
2 0.592969 0.126852 0.0182292 0.0222222 0.0239076
2 0.50625 0.0662037 0.0125 0.0212963 0.0265015
0 0.635417 0.147222 0.009375 0.05 0.0341738
5 0.21276 0.0625 0.0338542 0.0583333 0.0361248
2 0.635156 0.146296 0.0109375 0.0518519 0.040544
2 0.788802 0.0898148 0.0192708 0.0240741 0.044532
7 0.3125 0.110648 0.059375 0.087963 0.0486466
7 0.319792 0.0731481 0.0479167 0.0425926 0.0570276
2 0.4875 0.108333 0.0166667 0.0481481 0.0659207
2 0.317969 0.0671296 0.0432292 0.0361111 0.0668685
7 0.295312 0.10787 0.0322917 0.0824074 0.0727626
2 0.489062 0.0726852 0.015625 0.0194444 0.0820797
7 0.321875 0.0569444 0.04375 0.0435185 0.111497
2 0.325521 0.0569444 0.0364583 0.0416667 0.124133
2 0.321094 0.0847222 0.0380208 0.0361111 0.12863
9 0.567448 0.0486111 0.00885417 0.025 0.18587
2 0.460938 0.115741 0.0135417 0.0333333 0.281643
2 0.627604 0.122222 0.025 0.0518519 0.290419
2 0.479688 0.110185 0.0208333 0.0444444 0.311113
7 0.50651 0.105556 0.0421875 0.0611111 0.385328
2 0.50625 0.105093 0.0416667 0.062037 0.440797
2 0.31849 0.121296 0.0505208 0.0722222 0.527378
2 0.36276 0.114815 0.0276042 0.0351852 0.736256
2 0.388802 0.117593 0.0296875 0.0296296 0.737043
10 0.203906 0.315741 0.0161458 0.0722222 0.770926
2 0.430469 0.113426 0.0317708 0.0361111 0.807582
11 0.728906 0.0430556 0.0265625 0.0583333 0.807839
2 0.729688 0.419907 0.122917 0.171296 0.89731
