9 0.5 0.602315 0.0145833 0.0398148 0.0010192
7 0.28724 0.101389 0.0984375 0.0972222 0.00104055
0 0.689844 0.166204 0.0119792 0.0416667 0.00104081
9 0.0578125 0.0240741 0.0135417 0.0333333 0.00105541
0 0.0533854 0.106481 0.0119792 0.0425926 0.00107768
2 0.782292 0.100926 0.0385417 0.0537037 0.00108946
2 0.00598958 0.0912037 0.0119792 0.0398148 0.00112642
11 0.220833 0.0625 0.0520833 0.0638889 0.00113568
9 0.2625 0.0898148 0.00833333 0.0407407 0.0012028
2 0.304167 0.130093 0.03125 0.0583333 0.0012082
13 0.0114583 0.366667 0.0229167 0.0481481 0.00120939
0 0.759115 0.087037 0.0109375 0.0555556 0.00121255
7 0.279167 0.0759259 0.0354167 0.142593 0.00123815
2 0.0638021 0.109722 0.0286458 0.0453704 0.00128168
9 0.441406 0.227315 0.00989583 0.0231481 0.0012944
2 0.0046875 0.557407 0.009375 0.0425926 0.00132913
9 0.252604 0.087037 0.0145833 0.0351852 0.00142993
9 0.430208 0.0319444 0.009375 0.0287037 0.00148518
9 0.415104 0.0101852 0.0145833 0.0203704 0.00155799
9 0.107813 0.0319444 0.009375 0.0342593 0.00162657
12 0.701823 0.165741 0.0276042 0.037037 0.00169139
9 0.689323 0.166667 0.0130208 0.037037 0.00172958
9 0.995052 0.526389 0.00885417 0.0898148 0.00173281
0 0.731771 0.372685 0.0239583 0.0287037 0.00174304
1 0.0046875 0.461574 0.009375 0.236111 0.00182553
1 0.0309896 0.156944 0.0609375 0.0861111 0.00184315
7 0.788021 0.0634259 0.025 0.0638889 0.00190159
9 0.261719 0.0439815 0.0151042 0.0546296 0.00198008
2 0.241406 0.10463 0.0161458 0.0314815 0.0019873
13 0.985937 0.522222 0.0270833 0.183333 0.00200345
9 0.263021 0.0236111 0.0166667 0.0416667 0.0020277
2 0.0434896 0.0944444 0.0703125 0.0740741 0.00207056
9 0.273698 0.0435185 0.0328125 0.0833333 0.00212775
9 0.291146 0.0722222 0.0114583 0.0166667 0.00241984
2 0.424219 0.104167 0.131771 0.0583333 0.00244028
2 0.556771 0.108796 0.188542 0.0583333 0.00248196
9 0.270312 0.0550926 0.0208333 0.0564815 0.00272815
12 0.692187 0.165278 0.009375 0.037963 0.00276589
7 0.970052 0.530556 0.0588542 0.209259 0.00280657
9 0.292969 0.0555556 0.00885417 0.0444444 0.00287238
2 0.503125 0.103241 0.0385417 0.0601852 0.00292521
9 0.458594 0.0657407 0.0078125 0.0296296 0.00309342
9 0.58151 0.0328704 0.0140625 0.0583333 0.00318569
2 0.0408854 0.0671296 0.0328125 0.025 0.00322994
7 0.988281 0.521759 0.0223958 0.191667 0.00333885
2 0.477344 0.106944 0.0609375 0.0509259 0.00347334
7 0.53099 0.105556 0.0171875 0.0537037 0.00349005
9 0.992969 0.508796 0.0130208 0.15463 0.00368045
10 0.196875 0.312037 0.03125 0.0833333 0.00368999
2 0.00416667 0.404167 0.00833333 0.100926 0.00380262
0 0.995573 0.326389 0.0078125 0.0601852 0.00382852
0 0.442448 0.0967593 0.0161458 0.0490741 0.00383614
0 0.286719 0.114815 0.0151042 0.0703704 0.00406239
11 0.60625 0.0597222 0.0104167 0.025 0.00426919
2 0.0539063 0.0694444 0.0453125 0.0277778 0.00434402
13 0.0135417 0.393519 0.0270833 0.118519 0.00452143
2 0.301823 0.0930556 0.0317708 0.0564815 0.00453989
0 0.755469 0.0898148 0.0119792 0.0703704 0.00480035
9 0.571354 0.0314815 0.0125 0.0592593 0.00483662
2 0.635156 0.14213 0.0109375 0.0509259 0.00487471
12 0.99349 0.505093 0.0119792 0.149074 0.00501942
58 0.96875 0.497685 0.0302083 0.0916667 0.00507941
9 0.75651 0.075463 0.00989583 0.0416667 0.00526017
0 0.714063 0.372222 0.021875 0.0277778 0.00558532
11 0.23724 0.0671296 0.0171875 0.0416667 0.00570734
1 0.00546875 0.390278 0.0109375 0.119444 0.00591627
9 0.211979 0.0662037 0.0302083 0.0490741 0.00598533
2 0.238802 0.139815 0.0192708 0.0425926 0.00617384
0 0.635677 0.147222 0.00989583 0.0518519 0.00776666
0 0.817448 0.236111 0.00885417 0.0388889 0.00900856
7 0.220313 0.0662037 0.05 0.0657407 0.0134681
2 0.442448 0.087037 0.0130208 0.0277778 0.013981
2 0.593229 0.125926 0.0177083 0.0222222 0.0140781
2 0.785417 0.0893519 0.0135417 0.0231481 0.0141362
9 0.442187 0.087037 0.0125 0.0277778 0.0163826
2 0.271094 0.110185 0.0151042 0.037037 0.0164244
5 0.220833 0.0675926 0.05 0.062963 0.0190489
9 0.26901 0.0208333 0.0203125 0.0342593 0.0198817
2 0.3625 0.0726852 0.0114583 0.0287037 0.0222075
9 0.502344 0.759722 0.0140625 0.0564815 0.0255908
2 0.29401 0.108796 0.0286458 0.0787037 0.0350266
2 0.488281 0.109259 0.0130208 0.0462963 0.0356119
0 0.698177 0.259722 0.0244792 0.125 0.0473122
7 0.298698 0.106944 0.0380208 0.0824074 0.059192
9 0.567187 0.0481481 0.00833333 0.0240741 0.0705399
1 0.69401 0.3 0.0151042 0.0759259 0.137474
2 0.528385 0.0740741 0.0182292 0.0277778 0.175931
2 0.479948 0.111111 0.0151042 0.0407407 0.197479
2 0.465625 0.111574 0.01875 0.0398148 0.256535
2 0.322396 0.0861111 0.0375 0.0333333 0.306802
1 0.691667 0.283333 0.009375 0.0462963 0.331733
2 0.627344 0.121296 0.0255208 0.05 0.520464
7 0.50651 0.10463 0.0411458 0.062963 0.522826
0 0.691927 0.25 0.0119792 0.1 0.604595
2 0.384896 0.0949074 0.0333333 0.0472222 0.707836
2 0.31875 0.121759 0.0510417 0.0712963 0.746232
11 0.729167 0.0430556 0.0270833 0.0583333 0.780118
10 0.203906 0.315741 0.0161458 0.0722222 0.79089
2 0.729948 0.418519 0.122396 0.172222 0.911355
