13 0.986979 0.52037 0.025 0.172222 0.00102953
2 0.439844 0.11713 0.0203125 0.0268519 0.00113643
9 0.582812 0.0444444 0.0125 0.0333333 0.00113804
2 0.530208 0.113426 0.0104167 0.0416667 0.00114306
9 0.547917 0.0513889 0.0114583 0.025 0.00125694
12 0.989323 0.5 0.0203125 0.131481 0.00128984
13 0.994792 0.521759 0.009375 0.163889 0.00129127
12 0.702604 0.237037 0.0208333 0.194444 0.00138169
9 0.995573 0.530093 0.0078125 0.0342593 0.0014473
0 0.865365 0.0768519 0.0182292 0.0351852 0.00145718
32 0.453906 0.316204 0.0078125 0.0138889 0.00146431
9 0.429688 0.0412037 0.00833333 0.0212963 0.00146808
2 0.473698 0.114352 0.407813 0.0953704 0.00155091
0 0.995573 0.331481 0.0078125 0.0518519 0.00167389
2 0.647135 0.148611 0.0348958 0.0583333 0.00167821
0 0.458073 0.0652778 0.00885417 0.0268519 0.0017307
2 0.805729 0.0722222 0.009375 0.0166667 0.00174896
2 0.773698 0.1125 0.0171875 0.025 0.00179298
0 0.757292 0.373148 0.0197917 0.0314815 0.00182134
2 0.3375 0.0796296 0.0177083 0.0314815 0.00201046
9 0.219792 0.0666667 0.0510417 0.0518519 0.0020314
2 0.79349 0.0856481 0.0328125 0.0287037 0.00204279
58 0.96875 0.493519 0.0302083 0.0925926 0.00209924
2 0.99401 0.518981 0.0109375 0.165741 0.00220968
0 0.2625 0.109722 0.009375 0.0416667 0.00225056
7 0.219792 0.0666667 0.0510417 0.0592593 0.00229344
9 0.569531 0.0328704 0.0119792 0.0564815 0.00244953
2 0.528646 0.111574 0.134375 0.0694444 0.00246301
9 0.265885 0.0972222 0.0109375 0.0462963 0.00263021
0 0.714063 0.373611 0.0239583 0.0268519 0.0030246
9 0.252344 0.0875 0.0119792 0.0305556 0.0030389
9 0.502604 0.760648 0.0125 0.0527778 0.00317346
9 0.36224 0.0699074 0.00885417 0.0231481 0.00331024
13 0.0130208 0.396296 0.0260417 0.101852 0.00345755
9 0.263802 0.0856481 0.00989583 0.0268519 0.00352926
9 0.257292 0.0722222 0.009375 0.0425926 0.00357784
2 0.782812 0.1 0.034375 0.0425926 0.00400062
1 0.00364583 0.419907 0.00729167 0.0657407 0.00416777
2 0.0122396 0.373148 0.0244792 0.0555556 0.00420509
9 0.115104 0.0240741 0.0125 0.0425926 0.00451734
9 0.220573 0.0884259 0.00989583 0.012037 0.00496884
9 0.110417 0.0296296 0.0125 0.037037 0.00507591
12 0.994531 0.493519 0.00989583 0.127778 0.0052839
1 0.00625 0.4 0.0125 0.105556 0.00571936
12 0.689062 0.166204 0.0135417 0.037963 0.00577711
9 0.99401 0.49537 0.0109375 0.124074 0.00610128
0 0.757292 0.0893519 0.0135417 0.075 0.00644588
2 0.00364583 0.429167 0.00729167 0.0472222 0.00657823
11 0.236979 0.0666667 0.0166667 0.0388889 0.00676508
2 0.813021 0.075463 0.0166667 0.0157407 0.00736986
12 0.69349 0.164815 0.00677083 0.037037 0.0077159
2 0.592708 0.126389 0.0177083 0.025 0.00790701
1 0.0119792 0.373611 0.0239583 0.0583333 0.00794694
9 0.217187 0.0578704 0.025 0.0472222 0.00890793
11 0.60625 0.0606481 0.0104167 0.025 0.00949389
2 0.363802 0.0680556 0.0119792 0.0194444 0.0111522
2 0.443229 0.0902778 0.0135417 0.0324074 0.0118457
2 0.270573 0.112037 0.0130208 0.0351852 0.012794
9 0.208073 0.0666667 0.0203125 0.0425926 0.0136754
12 0.702865 0.138426 0.0244792 0.0861111 0.0164703
0 0.635677 0.147685 0.00989583 0.0509259 0.0250365
2 0.238802 0.141204 0.0192708 0.0416667 0.0254612
7 0.296354 0.108796 0.034375 0.0842593 0.0317158
2 0.635156 0.144444 0.0109375 0.0481481 0.034973
2 0.442969 0.108796 0.0161458 0.0324074 0.0515242
2 0.785937 0.0893519 0.0166667 0.0231481 0.0532164
2 0.302865 0.0675926 0.0234375 0.0259259 0.0624759
9 0.567187 0.0481481 0.00833333 0.0240741 0.0674487
9 0.26901 0.0361111 0.0223958 0.0666667 0.0910183
2 0.293229 0.114352 0.0270833 0.0712963 0.103477
2 0.627604 0.12037 0.025 0.0481481 0.221547
9 0.383594 0.0560185 0.00885417 0.0324074 0.230391
2 0.322656 0.087037 0.0369792 0.0351852 0.28352
10 0.204167 0.316204 0.0166667 0.0712963 0.650334
2 0.510156 0.105093 0.0338542 0.0601852 0.732015
2 0.31849 0.121759 0.0505208 0.0712963 0.732881
11 0.729427 0.0430556 0.0265625 0.0546296 0.77749
2 0.473177 0.121296 0.0557292 0.0851852 0.815825
2 0.729948 0.419907 0.122396 0.171296 0.909703
