9 0.489062 0.97963 0.015625 0.0407407 0.00104781
2 0.273958 0.113426 0.0208333 0.0546296 0.00105055
2 0.975521 0.518056 0.0479167 0.171296 0.00106728
0 0.817187 0.236111 0.009375 0.037037 0.00111583
2 0.00651042 0.0907407 0.0130208 0.0444444 0.00113497
13 0.961979 0.55463 0.0395833 0.0407407 0.00113914
1 0.00442708 0.389352 0.00885417 0.128704 0.00127077
13 0.00416667 0.39213 0.00833333 0.121296 0.00127947
12 0.976302 0.5 0.0463542 0.135185 0.00130603
9 0.263021 0.0884259 0.00833333 0.0342593 0.00133701
7 0.0973958 0.0759259 0.186458 0.140741 0.00137278
2 0.60599 0.0601852 0.00989583 0.0259259 0.00138048
2 0.658333 0.138426 0.0802083 0.0787037 0.00142877
9 0.261198 0.0467593 0.0130208 0.0453704 0.00144071
9 0.548177 0.0527778 0.0109375 0.0240741 0.00145543
2 0.299479 0.131019 0.0229167 0.0564815 0.00154843
9 0.245052 0.0893519 0.00677083 0.0287037 0.00157872
2 0.742708 0.12963 0.0229167 0.0166667 0.00162354
9 0.29349 0.0546296 0.0078125 0.0333333 0.00162668
12 0.995052 0.525463 0.00885417 0.062037 0.00164735
2 0.739323 0.130093 0.0255208 0.0305556 0.00173191
0 0.267969 0.0990741 0.0109375 0.0537037 0.00200447
0 0.263281 0.105093 0.00885417 0.0472222 0.00201403
9 0.416146 0.00925926 0.015625 0.0185185 0.00201436
9 0.109635 0.0273148 0.0130208 0.0342593 0.00201541
13 0.970573 0.568056 0.0578125 0.0824074 0.00203231
9 0.582812 0.0342593 0.015625 0.0611111 0.00221128
58 0.96849 0.49537 0.0296875 0.0925926 0.00237393
13 0.970312 0.518981 0.0572917 0.169444 0.0024397
2 0.294531 0.106481 0.0859375 0.0888889 0.0025407
2 0.290885 0.0694444 0.0130208 0.0148148 0.00276366
7 0.145052 0.0907407 0.0661458 0.0796296 0.00283456
2 0.454167 0.101389 0.0458333 0.062037 0.00283606
2 0.790625 0.102315 0.053125 0.0601852 0.00287315
2 0.778385 0.113426 0.0286458 0.0342593 0.00322042
2 0.639063 0.146296 0.01875 0.0537037 0.00334344
0 0.758594 0.104167 0.0161458 0.0583333 0.00342646
2 0.571615 0.111574 0.233854 0.0675926 0.0036558
9 0.573177 0.0314815 0.0151042 0.0592593 0.00382862
11 0.236979 0.0666667 0.0166667 0.0388889 0.0038873
2 0.36276 0.111574 0.141146 0.075 0.00390355
7 0.970833 0.523148 0.0572917 0.196296 0.00392469
0 0.756771 0.126389 0.0166667 0.0194444 0.00402652
9 0.49974 0.601852 0.0140625 0.0407407 0.00418267
2 0.0341146 0.10463 0.0505208 0.0537037 0.00476733
2 0.649479 0.148148 0.0385417 0.0611111 0.00485291
5 0.220573 0.0648148 0.0473958 0.0611111 0.0048691
7 0.220052 0.0675926 0.0494792 0.062963 0.00512759
2 0.502865 0.102778 0.0401042 0.0592593 0.00528178
9 0.208073 0.0680556 0.0213542 0.0453704 0.00590127
12 0.99375 0.502778 0.0114583 0.146296 0.00699533
9 0.215625 0.0574074 0.0270833 0.0518519 0.00755913
2 0.3375 0.0912037 0.01875 0.0287037 0.0085077
2 0.363542 0.0898148 0.0135417 0.0444444 0.00894287
2 0.348177 0.106944 0.0171875 0.0435185 0.00928949
2 0.363281 0.0671296 0.0119792 0.0231481 0.00934841
9 0.26901 0.0356481 0.0223958 0.0657407 0.00965674
9 0.501823 0.760648 0.0130208 0.0546296 0.00965999
2 0.270312 0.110648 0.0125 0.0361111 0.0111558
2 0.238281 0.140278 0.0182292 0.0416667 0.0131869
2 0.446354 0.104167 0.0239583 0.0435185 0.0134541
9 0.21849 0.0898148 0.0078125 0.0166667 0.0140196
2 0.785417 0.0898148 0.0177083 0.0259259 0.0144152
2 0.455208 0.0791667 0.03125 0.0342593 0.0161394
2 0.592188 0.126852 0.0177083 0.0240741 0.0169791
9 0.566927 0.0481481 0.00885417 0.0240741 0.0181332
0 0.756771 0.0800926 0.0135417 0.0583333 0.0226265
2 0.634375 0.141667 0.0114583 0.0462963 0.0357115
2 0.4875 0.107407 0.0145833 0.05 0.0439887
7 0.295833 0.107407 0.034375 0.0796296 0.0473984
2 0.292969 0.110648 0.0276042 0.0731481 0.0677405
2 0.463542 0.0990741 0.0166667 0.037037 0.0920092
2 0.461198 0.0861111 0.0182292 0.0222222 0.11317
2 0.441927 0.0759259 0.0203125 0.0277778 0.188062
2 0.471094 0.108333 0.0307292 0.0444444 0.24695
2 0.322135 0.0851852 0.0359375 0.0351852 0.314463
2 0.367708 0.108796 0.0229167 0.0435185 0.411545
2 0.626823 0.121296 0.0255208 0.05 0.422205
7 0.505729 0.103704 0.0427083 0.062963 0.480531
10 0.203906 0.315278 0.0161458 0.0712963 0.66512
2 0.318229 0.121759 0.0510417 0.0694444 0.733411
11 0.728646 0.0425926 0.0270833 0.0574074 0.780054
2 0.395833 0.109722 0.0458333 0.0657407 0.80008
2 0.729427 0.419907 0.123438 0.171296 0.900005
2 0.75 0.187963 0.126042 0.112963 0.926549
