9 0.50026 0.602778 0.0151042 0.0388889 0.00100351
0 0.565625 0.17963 0.358333 0.244444 0.00101649
0 0.729948 0.372685 0.0265625 0.0287037 0.0010422
2 0.0046875 0.556481 0.009375 0.0425926 0.0010444
12 0.702083 0.121296 0.0229167 0.05 0.00104551
2 0.772917 0.110648 0.015625 0.0287037 0.00110143
2 0.277083 0.109259 0.028125 0.0666667 0.00110259
9 0.441927 0.227778 0.00885417 0.0185185 0.00112216
12 0.995573 0.52963 0.0078125 0.0314815 0.00112737
2 0.549219 0.424537 0.645312 0.178704 0.00112907
58 0.96875 0.49537 0.03125 0.0888889 0.00114592
9 0.26224 0.0444444 0.0161458 0.0574074 0.00121374
2 0.755469 0.115278 0.0171875 0.0435185 0.00122346
2 0.640625 0.15 0.0197917 0.0648148 0.00132773
2 0.297135 0.0958333 0.0828125 0.100926 0.00144485
5 0.7875 0.0615741 0.025 0.0657407 0.00144595
2 0.592969 0.124537 0.0171875 0.0268519 0.00148405
2 0.795052 0.0884259 0.0296875 0.0268519 0.00149434
7 0.7875 0.0611111 0.025 0.0703704 0.00161941
2 0.851042 0.314815 0.0979167 0.101852 0.00163748
12 0.989062 0.496759 0.0197917 0.126852 0.00176142
1 0.167708 0.358333 0.06875 0.062963 0.00176898
2 0.255729 0.0875 0.0197917 0.037963 0.00181477
12 0.701823 0.165278 0.0203125 0.037963 0.00185756
0 0.757292 0.375 0.01875 0.0314815 0.00204899
2 0.327604 0.0800926 0.0385417 0.0398148 0.00211723
10 0.216927 0.331481 0.0255208 0.0555556 0.00213507
2 0.655208 0.139352 0.08125 0.0842593 0.00239041
0 0.716667 0.372222 0.025 0.0277778 0.00248165
11 0.236979 0.0699074 0.0166667 0.0472222 0.00274395
2 0.813542 0.0759259 0.0177083 0.0166667 0.002752
9 0.502083 0.759722 0.0135417 0.0564815 0.00282035
11 0.60599 0.0597222 0.00989583 0.0268519 0.00286212
1 0.217187 0.377315 0.025 0.0638889 0.00315786
2 0.282813 0.0768519 0.0260417 0.0333333 0.00318571
0 0.263021 0.0925926 0.00833333 0.0462963 0.00329809
1 0.0127604 0.361574 0.0255208 0.0768519 0.00333964
9 0.582292 0.0351852 0.0135417 0.0555556 0.00343076
2 0.779167 0.101852 0.028125 0.0462963 0.00373343
1 0.00598958 0.463426 0.0119792 0.230556 0.00453503
2 0.457292 0.099537 0.0416667 0.0546296 0.00454021
2 0.389062 0.100463 0.228125 0.0805556 0.00458031
1 0.00520833 0.360185 0.0104167 0.0814815 0.00475951
2 0.548958 0.10463 0.192708 0.0722222 0.00477016
2 0.269531 0.0486111 0.0192708 0.0435185 0.00534147
2 0.238542 0.138889 0.01875 0.0444444 0.00536849
0 0.75599 0.0726852 0.0119792 0.0435185 0.00548999
9 0.994531 0.491204 0.00989583 0.119444 0.00570721
0 0.755208 0.0925926 0.015625 0.0814815 0.00619286
24 0.215104 0.346759 0.0197917 0.0398148 0.00715689
2 0.304427 0.0833333 0.0380208 0.0425926 0.00719919
12 0.690885 0.166204 0.0109375 0.037963 0.00989314
12 0.994792 0.49213 0.009375 0.123148 0.0100681
2 0.292969 0.0708333 0.0151042 0.0157407 0.0109471
2 0.270833 0.106019 0.0145833 0.0453704 0.0120491
2 0.635156 0.146296 0.0109375 0.0574074 0.0150282
7 0.220313 0.0597222 0.05 0.0768519 0.0154263
9 0.572135 0.0310185 0.0140625 0.0583333 0.0157515
0 0.635417 0.147222 0.009375 0.0537037 0.016213
24 0.220573 0.35 0.0307292 0.0611111 0.0173692
5 0.220833 0.0657407 0.05 0.062963 0.0174995
0 0.44349 0.087037 0.0119792 0.0296296 0.0239248
2 0.785156 0.0884259 0.0130208 0.025 0.0250459
2 0.3625 0.0662037 0.0145833 0.0175926 0.0262913
1 0.0143229 0.45463 0.0286458 0.248148 0.0274296
7 0.27526 0.0407407 0.0390625 0.0796296 0.0397705
1 0.00677083 0.405556 0.0135417 0.0925926 0.0507379
2 0.486979 0.104167 0.0177083 0.0564815 0.0697146
2 0.31901 0.0587963 0.0192708 0.025 0.0708129
9 0.567187 0.0476852 0.00833333 0.0231481 0.0732848
2 0.296615 0.105093 0.0317708 0.0768519 0.11001
1 0.0135417 0.397685 0.0270833 0.108333 0.124356
2 0.31901 0.087963 0.0421875 0.0333333 0.134303
2 0.439323 0.0680556 0.0203125 0.025 0.209716
2 0.448177 0.0689815 0.0348958 0.0287037 0.214658
2 0.461198 0.0703704 0.0359375 0.0296296 0.261432
2 0.469531 0.105556 0.0276042 0.0518519 0.444249
1 0.217969 0.444907 0.0244792 0.113889 0.488658
2 0.339583 0.0537037 0.0458333 0.037037 0.550288
2 0.627344 0.122222 0.0255208 0.0518519 0.568229
10 0.204167 0.312963 0.015625 0.0648148 0.572486
2 0.505729 0.10463 0.0427083 0.0611111 0.704789
2 0.318229 0.12037 0.0510417 0.0740741 0.706239
0 0.21849 0.399074 0.0359375 0.164815 0.76659
11 0.728906 0.0425926 0.0276042 0.0555556 0.809607
2 0.729688 0.42037 0.122917 0.17037 0.917118
