0 0.525 0.353704 0.34375 0.140741 0.00103078
7 0.277865 0.0444444 0.0380208 0.0833333 0.00104359
1 0.741406 0.133796 0.0171875 0.0546296 0.00108715
0 0.750521 0.101389 0.0270833 0.0990741 0.0011181
0 0.0533854 0.106481 0.0109375 0.0425926 0.00118333
2 0.296094 0.127778 0.0192708 0.0611111 0.00124465
58 0.973437 0.500463 0.04375 0.132407 0.00126071
13 0.9625 0.55463 0.040625 0.0425926 0.00127547
2 0.363802 0.0675926 0.0109375 0.0203704 0.00127801
0 0.89349 0.264815 0.0119792 0.0259259 0.00136334
2 0.657292 0.135185 0.0760417 0.0888889 0.00137509
9 0.458594 0.0662037 0.0078125 0.0268519 0.00143809
32 0.459896 0.356481 0.0114583 0.0148148 0.0014499
9 0.548177 0.0578704 0.0109375 0.025 0.00145336
9 0.254948 0.087037 0.0182292 0.0351852 0.00149144
9 0.259375 0.0773148 0.0135417 0.0527778 0.00149762
7 0.292969 0.102778 0.0973958 0.0962963 0.00152933
11 0.740885 0.0634259 0.0151042 0.0194444 0.00153958
12 0.98099 0.499537 0.0338542 0.130556 0.00154276
12 0.691667 0.166204 0.009375 0.037963 0.00155951
0 0.559896 0.409259 0.447917 0.244444 0.00161003
2 0.781771 0.101389 0.0364583 0.0601852 0.00161176
0 0.36224 0.0694444 0.00885417 0.0240741 0.00164421
9 0.276563 0.0643518 0.040625 0.125 0.00165406
9 0.570052 0.0324074 0.0140625 0.0574074 0.00182718
2 0.598698 0.423148 0.564062 0.207407 0.00193664
0 0.716667 0.373148 0.0229167 0.0259259 0.0022068
0 0.640885 0.154167 0.0203125 0.075 0.00225555
7 0.992708 0.518519 0.0135417 0.17037 0.00231698
0 0.472917 0.24213 0.370833 0.306481 0.00243353
2 0.59349 0.122685 0.0171875 0.0287037 0.00245736
7 0.473698 0.101389 0.0380208 0.0583333 0.00248384
0 0.263802 0.1 0.00885417 0.0574074 0.00257204
9 0.218229 0.102778 0.00833333 0.037037 0.00284491
9 0.114844 0.0236111 0.0161458 0.0398148 0.00298294
1 0.0114583 0.368056 0.0229167 0.0472222 0.00302564
5 0.220833 0.0763889 0.053125 0.0675926 0.00303776
11 0.236979 0.0685185 0.0166667 0.0425926 0.00311217
13 0.972135 0.524074 0.0546875 0.187037 0.00314427
7 0.788802 0.0648148 0.0255208 0.0666667 0.00330642
7 0.220313 0.0671296 0.05 0.0675926 0.0033362
9 0.502344 0.758796 0.0119792 0.0564815 0.00338144
1 0.810677 0.330556 0.0182292 0.0944444 0.00365931
0 0.699219 0.773611 0.143229 0.443519 0.00368616
2 0.364844 0.108333 0.149479 0.0685185 0.00385502
2 0.238542 0.139352 0.01875 0.0435185 0.00414526
2 0.507552 0.075463 0.0359375 0.025 0.00420601
2 0.54349 0.10787 0.215104 0.062037 0.00431441
9 0.993229 0.497685 0.0125 0.132407 0.00447942
1 0.00442708 0.409722 0.00885417 0.0805556 0.00491036
7 0.970573 0.526852 0.0578125 0.201852 0.00514328
1 0.629167 0.292593 0.025 0.0851852 0.00531627
0 0.816927 0.23287 0.00885417 0.037963 0.00567339
9 0.107813 0.0268519 0.0135417 0.0351852 0.00569862
2 0.60625 0.0606481 0.0104167 0.025 0.0057619
58 0.968229 0.495833 0.0291667 0.0861111 0.00643689
2 0.269792 0.107407 0.0125 0.0425926 0.00665751
9 0.292188 0.0680556 0.0104167 0.0212963 0.00686621
12 0.99349 0.497685 0.0119792 0.134259 0.00747498
32 0.453906 0.314815 0.00885417 0.012963 0.00916665
9 0.216146 0.0666667 0.040625 0.0518519 0.0106707
9 0.29349 0.0564815 0.00885417 0.0407407 0.0107903
0 0.442187 0.0865741 0.0125 0.0231481 0.0109153
1 0.0104167 0.395833 0.0208333 0.110185 0.0112069
7 0.316667 0.111574 0.0520833 0.075 0.0112319
9 0.263281 0.087963 0.00885417 0.0351852 0.0122831
0 0.284896 0.114352 0.0125 0.062037 0.0123227
9 0.20651 0.0685185 0.0182292 0.0425926 0.0167494
2 0.634896 0.142593 0.0114583 0.0518519 0.0211186
2 0.788281 0.087037 0.0192708 0.0296296 0.0223453
2 0.442448 0.101389 0.0182292 0.0435185 0.0236464
2 0.483854 0.0847222 0.0229167 0.0324074 0.0236557
2 0.50026 0.0708333 0.0213542 0.0175926 0.0237704
0 0.635417 0.146296 0.0104167 0.0555556 0.0285489
2 0.441927 0.0875 0.0140625 0.0268519 0.0299383
9 0.567187 0.0481481 0.00833333 0.0240741 0.0306271
9 0.220573 0.0893519 0.00885417 0.0175926 0.0314811
2 0.291146 0.110648 0.0239583 0.075 0.0354644
9 0.26901 0.0375 0.0223958 0.0712963 0.0439223
7 0.298958 0.105556 0.034375 0.0740741 0.0464579
2 0.485677 0.10787 0.0171875 0.0490741 0.0581205
9 0.222396 0.0601852 0.0125 0.0388889 0.0757876
2 0.486198 0.0717593 0.0223958 0.0194444 0.0894212
0 0.75651 0.0921296 0.0140625 0.0805556 0.0949807
2 0.4625 0.110648 0.0135417 0.0416667 0.194284
2 0.505729 0.103241 0.0427083 0.0657407 0.203951
2 0.321875 0.0851852 0.0375 0.0333333 0.256183
2 0.471615 0.108796 0.0307292 0.0435185 0.269494
1 0.632292 0.303704 0.015625 0.0611111 0.299493
7 0.505729 0.102315 0.0427083 0.0657407 0.443484
2 0.627344 0.122685 0.0255208 0.0546296 0.547278
2 0.31849 0.120833 0.0515625 0.0712963 0.558793
2 0.414062 0.10787 0.0354167 0.0453704 0.743263
0 0.636719 0.256481 0.0307292 0.12963 0.756888
11 0.728906 0.0430556 0.0276042 0.0564815 0.774125
10 0.203906 0.315741 0.0161458 0.0703704 0.795616
1 0.386979 0.349074 0.0395833 0.0851852 0.847525
0 0.3875 0.312037 0.0385417 0.116667 0.851082
2 0.729948 0.419444 0.122396 0.172222 0.908459
