2 0.29375 0.132407 0.01875 0.0537037 0.00101559
32 0.460156 0.356019 0.00989583 0.0138889 0.00102318
0 0.53125 0.275926 0.532292 0.425926 0.00103889
7 0.971875 0.522685 0.0552083 0.193519 0.00108093
2 0.777604 0.101852 0.0291667 0.0555556 0.00108846
0 0.560156 0.325926 0.0265625 0.0407407 0.00115731
12 0.977344 0.499537 0.0442708 0.134259 0.0012673
2 0.244531 0.106019 0.0109375 0.0361111 0.0012725
1 0.00546875 0.369907 0.0109375 0.10463 0.0012974
9 0.21875 0.102315 0.0104167 0.0398148 0.00134498
2 0.648958 0.148148 0.0375 0.0611111 0.00134706
9 0.547917 0.0513889 0.0104167 0.0268519 0.00135776
0 0.442708 0.0981481 0.0177083 0.0481481 0.0013586
9 0.429688 0.0402778 0.00833333 0.0212963 0.00137918
13 0.99349 0.51713 0.0119792 0.169444 0.00163979
9 0.415885 0.012037 0.0161458 0.0240741 0.00164551
13 0.986458 0.519444 0.0260417 0.177778 0.00190663
0 0.569271 0.317593 0.01875 0.0277778 0.00194936
11 0.220833 0.0648148 0.0510417 0.0518519 0.0020353
2 0.221354 0.136111 0.053125 0.0518519 0.00204884
9 0.500781 0.602315 0.0151042 0.0398148 0.00209472
2 0.297917 0.108796 0.0854167 0.087963 0.00218293
9 0.263802 0.0907407 0.00989583 0.0388889 0.00224575
9 0.293229 0.0574074 0.009375 0.0388889 0.00235471
9 0.583073 0.0342593 0.0151042 0.062963 0.00237385
13 0.970833 0.522685 0.0572917 0.178704 0.00244403
0 0.757031 0.087037 0.0140625 0.0777778 0.00251988
2 0.266667 0.0990741 0.0104167 0.0537037 0.00260111
0 0.715885 0.371296 0.0244792 0.0277778 0.00262345
12 0.69375 0.164352 0.00729167 0.0398148 0.00274497
2 0.553906 0.109259 0.280729 0.0666667 0.00275038
0 0.757812 0.0699074 0.0114583 0.0453704 0.0029974
32 0.454167 0.315741 0.00729167 0.0148148 0.0030572
2 0.363281 0.0666667 0.0119792 0.0203704 0.00308037
0 0.578646 0.322685 0.0239583 0.0305556 0.00312939
2 0.402604 0.112037 0.258333 0.0740741 0.00320378
0 0.263281 0.106481 0.00885417 0.0444444 0.00329983
9 0.216667 0.0652778 0.0427083 0.0546296 0.003489
9 0.469531 0.408333 0.00989583 0.0222222 0.00372317
9 0.292188 0.0703704 0.0114583 0.0185185 0.00389396
2 0.442708 0.087963 0.0135417 0.0277778 0.00389409
5 0.213542 0.0615741 0.034375 0.0564815 0.00393471
9 0.994531 0.49537 0.00989583 0.131481 0.00410915
1 0.811458 0.335648 0.0177083 0.0898148 0.00417692
2 0.647917 0.405556 0.315625 0.201852 0.00435327
13 0.0127604 0.368519 0.0255208 0.0518519 0.00444515
9 0.458073 0.0648148 0.0078125 0.0296296 0.0047286
11 0.605729 0.0597222 0.0104167 0.025 0.00561824
2 0.340625 0.115741 0.0125 0.0481481 0.00594848
2 0.458333 0.109722 0.096875 0.0583333 0.0060642
7 0.220313 0.0634259 0.05 0.0638889 0.0070171
9 0.572135 0.0314815 0.0140625 0.0592593 0.00840122
9 0.207292 0.0662037 0.0197917 0.0453704 0.00898651
1 0.00885417 0.39537 0.0177083 0.111111 0.0134073
2 0.786198 0.0893519 0.0161458 0.0231481 0.0151803
2 0.271094 0.110648 0.0140625 0.037963 0.0152327
9 0.442708 0.0865741 0.0135417 0.0268519 0.0154827
13 0.0140625 0.394444 0.028125 0.111111 0.0154977
11 0.236979 0.0675926 0.0166667 0.0407407 0.0155651
9 0.219531 0.087963 0.00989583 0.0166667 0.0165055
13 0.0046875 0.396759 0.009375 0.108333 0.0187926
2 0.00416667 0.405093 0.00833333 0.0916667 0.0189141
9 0.222135 0.0532407 0.0151042 0.0416667 0.0198128
2 0.238542 0.139815 0.0177083 0.0425926 0.0287672
0 0.635156 0.149537 0.00885417 0.0527778 0.032737
9 0.502344 0.759722 0.0130208 0.0546296 0.0426931
2 0.292708 0.109259 0.0270833 0.0796296 0.0431454
2 0.484896 0.10787 0.0177083 0.0490741 0.0550314
7 0.297396 0.108333 0.0385417 0.0833333 0.0772577
9 0.567187 0.0481481 0.00833333 0.0240741 0.077757
9 0.26849 0.0347222 0.0213542 0.0657407 0.0807784
2 0.46276 0.109722 0.0140625 0.0435185 0.109385
2 0.50599 0.103241 0.0421875 0.0638889 0.197506
2 0.321875 0.0861111 0.0375 0.0333333 0.227395
2 0.47526 0.108333 0.0328125 0.0462963 0.281298
2 0.348437 0.110185 0.01875 0.0425926 0.337833
2 0.627083 0.121296 0.0260417 0.0518519 0.346251
7 0.50599 0.103704 0.0421875 0.0648148 0.463869
11 0.729167 0.0430556 0.0270833 0.0564815 0.749734
2 0.31875 0.122222 0.0510417 0.0685185 0.753651
10 0.203906 0.316204 0.0161458 0.0712963 0.755672
2 0.55599 0.360185 0.114063 0.157407 0.892715
2 0.729948 0.419444 0.122396 0.172222 0.910061
