10 0.817448 0.233796 0.00885417 0.0416667 0.001008
2 0.0169271 0.132407 0.0338542 0.0407407 0.00103423
9 0.547917 0.050463 0.0104167 0.0268519 0.0010667
0 0.534896 0.17037 0.0135417 0.0648148 0.00116014
2 0.238281 0.14213 0.0192708 0.0416667 0.00117025
13 0.00390625 0.4 0.0078125 0.101852 0.00117512
0 0.691146 0.163889 0.0104167 0.0407407 0.00139711
7 0.148438 0.0888889 0.0677083 0.0703704 0.00141109
9 0.758333 0.075463 0.009375 0.0490741 0.00141617
0 0.527344 0.287037 0.549479 0.475926 0.0014178
12 0.966406 0.496296 0.0255208 0.0851852 0.00144602
2 0.55651 0.422222 0.577604 0.17963 0.00147751
2 0.363281 0.0657407 0.0119792 0.0185185 0.00150155
9 0.569531 0.0314815 0.0151042 0.0592593 0.00152001
0 0.757552 0.0907407 0.0119792 0.0777778 0.00167732
0 0.757031 0.373148 0.0203125 0.0333333 0.0017066
2 0.541667 0.109722 0.367708 0.0768519 0.00179282
0 0.263021 0.102315 0.009375 0.0546296 0.00181577
0 0.733333 0.370833 0.034375 0.0305556 0.00185156
9 0.236979 0.0685185 0.0177083 0.0444444 0.00190927
11 0.60625 0.0606481 0.00833333 0.0231481 0.00193372
2 0.783594 0.0902778 0.0109375 0.0194444 0.00199015
7 0.220573 0.0541667 0.0536458 0.0842593 0.00204709
0 0.282031 0.0893519 0.0078125 0.0287037 0.00217764
12 0.701823 0.138889 0.0244792 0.087037 0.00234425
0 0.53125 0.112963 0.0125 0.0425926 0.00240029
1 0.810417 0.335648 0.0197917 0.0842593 0.00265063
0 0.570573 0.756944 0.158854 0.460185 0.00269015
2 0.513802 0.146296 0.0463542 0.037037 0.00278839
9 0.500521 0.603241 0.015625 0.0416667 0.00295667
9 0.293229 0.0541667 0.009375 0.0453704 0.00296825
9 0.253125 0.0851852 0.0125 0.0351852 0.00298623
9 0.261458 0.0407407 0.0145833 0.0611111 0.00309723
2 0.269531 0.110648 0.00989583 0.0361111 0.00316877
32 0.454167 0.314815 0.00729167 0.012963 0.00318189
0 0.44349 0.0990741 0.0192708 0.0462963 0.00320178
9 0.361198 0.0643518 0.0109375 0.0212963 0.0032776
2 0.420573 0.111111 0.227604 0.0722222 0.00348921
0 0.635677 0.147222 0.00989583 0.0537037 0.00402152
9 0.25651 0.0740741 0.00989583 0.0425926 0.00487922
12 0.97526 0.499537 0.0432292 0.125 0.00551634
9 0.985417 0.49213 0.01875 0.113889 0.00558834
12 0.994792 0.487963 0.009375 0.114815 0.00572917
9 0.266146 0.0962963 0.009375 0.05 0.00590055
0 0.714063 0.371759 0.0229167 0.025 0.00615839
9 0.292969 0.0708333 0.00989583 0.0175926 0.00617331
2 0.591927 0.128704 0.0192708 0.0222222 0.0066722
9 0.207813 0.0680556 0.0229167 0.0453704 0.00683395
9 0.995313 0.487963 0.00833333 0.116667 0.00695201
2 0.442969 0.0875 0.0140625 0.025 0.00756464
9 0.26276 0.0861111 0.0078125 0.0333333 0.00892368
9 0.973437 0.493981 0.0385417 0.115741 0.00903874
9 0.502344 0.760185 0.0119792 0.0537037 0.009878
2 0.294792 0.106944 0.025 0.075 0.0113318
9 0.443229 0.0888889 0.0125 0.0259259 0.0129852
5 0.216146 0.0666667 0.0416667 0.0537037 0.0153361
9 0.567187 0.0486111 0.00833333 0.0231481 0.0182505
9 0.269792 0.0310185 0.0208333 0.0583333 0.0299807
2 0.46224 0.1125 0.0140625 0.0361111 0.0354623
2 0.627865 0.123148 0.0255208 0.0537037 0.164836
2 0.322396 0.0851852 0.0385417 0.0333333 0.363542
2 0.473177 0.109259 0.0338542 0.0444444 0.43511
2 0.50625 0.104167 0.0427083 0.0601852 0.597435
10 0.203906 0.316204 0.0161458 0.0694444 0.704596
11 0.729688 0.0435185 0.0270833 0.0592593 0.728028
2 0.51224 0.171759 0.0588542 0.0824074 0.767258
2 0.318229 0.122685 0.0510417 0.0675926 0.775186
2 0.729688 0.418056 0.121875 0.175 0.902447
