1 0.00416667 0.435185 0.00833333 0.162963 0.00100055
9 0.489844 0.980556 0.0161458 0.037037 0.00100275
32 0.459635 0.357407 0.00885417 0.0148148 0.00100701
10 0.774479 0.125463 0.01875 0.0453704 0.00103336
9 0.258854 0.074537 0.0125 0.0453704 0.00103708
2 0.463021 0.113426 0.015625 0.0416667 0.00104442
9 0.548698 0.0486111 0.0130208 0.0268519 0.00120658
12 0.701563 0.162963 0.0208333 0.0407407 0.00122167
2 0.296615 0.10463 0.0901042 0.0944444 0.00131796
2 0.416927 0.109722 0.311979 0.0861111 0.00132026
7 0.79349 0.0648148 0.0348958 0.0611111 0.00132122
11 0.220313 0.0648148 0.053125 0.0648148 0.00135734
11 0.240104 0.0328704 0.021875 0.062037 0.00139358
2 0.578646 0.109259 0.304167 0.0740741 0.00139811
0 0.758073 0.375463 0.0182292 0.0305556 0.00158376
9 0.59375 0.0407407 0.009375 0.0333333 0.00159196
2 0.267708 0.0986111 0.0125 0.0564815 0.00159305
2 0.775 0.123611 0.01875 0.0416667 0.00167982
9 0.207292 0.0689815 0.0239583 0.0416667 0.00168685
11 0.236198 0.0703704 0.0192708 0.0481481 0.00175998
0 0.732292 0.370833 0.0333333 0.0305556 0.00176245
2 0.746354 0.15787 0.0239583 0.0175926 0.0017799
9 0.986458 0.49537 0.025 0.122222 0.00180561
2 0.654427 0.137963 0.0807292 0.087037 0.00181234
2 0.591667 0.126852 0.0166667 0.0240741 0.00182769
1 0.811458 0.331481 0.01875 0.0907407 0.00201002
2 0.46901 0.108333 0.0994792 0.0648148 0.00206203
2 0.813021 0.0759259 0.0166667 0.0185185 0.0023169
13 0.970833 0.528704 0.0572917 0.192593 0.00262657
9 0.565104 0.0314815 0.01875 0.0592593 0.00263623
2 0.0140625 0.364815 0.028125 0.0462963 0.00285911
9 0.361979 0.0689815 0.009375 0.0231481 0.00287469
12 0.976042 0.497685 0.0416667 0.125 0.00309056
12 0.702083 0.138889 0.0239583 0.087037 0.00310583
32 0.454427 0.314815 0.0078125 0.0111111 0.00331497
0 0.756771 0.0935185 0.0135417 0.0814815 0.00331789
0 0.283073 0.0944444 0.0078125 0.0314815 0.00342554
7 0.970573 0.530093 0.0578125 0.202778 0.00345959
12 0.995052 0.490278 0.00885417 0.117593 0.00345969
1 0.0143229 0.396296 0.0286458 0.111111 0.00398226
0 0.285417 0.111111 0.0125 0.0611111 0.00409032
0 0.249479 0.902315 0.0333333 0.062037 0.00424061
9 0.292969 0.0657407 0.00989583 0.0240741 0.00424671
9 0.995313 0.489815 0.00833333 0.12037 0.00428496
9 0.222135 0.0569444 0.0161458 0.0472222 0.00441084
2 0.270833 0.109722 0.0135417 0.0398148 0.00467631
2 0.442448 0.0888889 0.0140625 0.0277778 0.00521846
0 0.635417 0.148148 0.0104167 0.0518519 0.0055146
2 0.634896 0.143056 0.0114583 0.0490741 0.00568368
11 0.60599 0.0606481 0.00989583 0.0231481 0.00579867
2 0.288542 0.109722 0.0166667 0.062037 0.00691246
2 0.363542 0.0671296 0.0114583 0.0212963 0.00708384
10 0.442708 0.0888889 0.0135417 0.0277778 0.00734789
2 0.308333 0.0824074 0.0239583 0.0351852 0.00760959
0 0.19375 0.905093 0.0416667 0.0657407 0.00761912
0 0.442708 0.0990741 0.0177083 0.05 0.00813281
0 0.710156 0.372685 0.0203125 0.0268519 0.00949686
3 0.00911458 0.395833 0.0182292 0.112037 0.0101084
0 0.00390625 0.398611 0.0078125 0.106481 0.0114603
1 0.00364583 0.406944 0.00729167 0.0861111 0.0126051
2 0.00390625 0.40463 0.0078125 0.0944444 0.0150983
7 0.219792 0.0657407 0.0520833 0.0592593 0.0151424
2 0.29974 0.102315 0.0359375 0.0731481 0.018478
0 0.211979 0.901852 0.0583333 0.0648148 0.0184933
5 0.219792 0.0675926 0.0520833 0.0555556 0.0186768
9 0.567448 0.0481481 0.00885417 0.0240741 0.0214215
2 0.785417 0.0898148 0.015625 0.0222222 0.0309758
9 0.26901 0.0347222 0.0213542 0.0657407 0.0491364
9 0.500781 0.603704 0.0151042 0.0407407 0.0696741
9 0.502865 0.760648 0.0119792 0.0546296 0.14826
0 0.28151 0.897685 0.0463542 0.0657407 0.279625
2 0.627865 0.121296 0.0244792 0.0518519 0.280932
2 0.322656 0.0861111 0.0380208 0.037037 0.383089
2 0.473958 0.109722 0.034375 0.0453704 0.455304
2 0.50599 0.104167 0.0432292 0.062037 0.571727
11 0.729948 0.0435185 0.0265625 0.0574074 0.722225
10 0.203906 0.316667 0.0161458 0.0703704 0.733125
2 0.318229 0.121759 0.0510417 0.0675926 0.757959
2 0.729688 0.419444 0.121875 0.17037 0.905437
2 0.245833 0.906482 0.223958 0.183333 0.915133
