9 0.241406 0.0930556 0.0130208 0.0324074 0.00100693
2 0.661719 0.149537 0.0682292 0.0712963 0.00104259
0 0.539583 0.280556 0.545833 0.464815 0.001108
0 0.26276 0.100463 0.00885417 0.0546296 0.00110877
7 0.971354 0.525463 0.05625 0.19537 0.00111722
9 0.581771 0.0347222 0.0135417 0.0601852 0.00117531
9 0.989062 0.502778 0.0208333 0.140741 0.00118259
0 0.285677 0.111574 0.0140625 0.0675926 0.00126815
2 0.746354 0.172222 0.0291667 0.0388889 0.00132757
2 0.468229 0.0217593 0.021875 0.0175926 0.00136654
2 0.774479 0.123148 0.01875 0.0425926 0.00141894
11 0.614844 0.0907407 0.0442708 0.0833333 0.00141993
0 0.757552 0.11713 0.0130208 0.037963 0.00149361
9 0.415625 0.0125 0.015625 0.025 0.0015048
2 0.746094 0.158333 0.0234375 0.0166667 0.00156716
2 0.5625 0.422222 0.647917 0.17963 0.00165019
9 0.576302 0.0328704 0.0151042 0.0638889 0.00166667
2 0.795833 0.0634259 0.0385417 0.0583333 0.00175379
2 0.434896 0.10463 0.335417 0.0944444 0.00178836
0 0.361979 0.0666667 0.009375 0.0314815 0.00183419
12 0.965625 0.500926 0.0239583 0.0740741 0.00183727
12 0.985156 0.499537 0.0223958 0.126852 0.00191288
9 0.59349 0.0430556 0.0109375 0.0324074 0.00196755
2 0.363281 0.0657407 0.0119792 0.0203704 0.00205038
9 0.109375 0.024537 0.0114583 0.037963 0.00211821
2 0.286979 0.119907 0.015625 0.0638889 0.00218718
13 0.971094 0.522222 0.0567708 0.177778 0.00235075
11 0.738802 0.0657407 0.0151042 0.0259259 0.0024125
49 0.453906 0.312963 0.00885417 0.0166667 0.00242935
9 0.115365 0.0222222 0.0161458 0.037037 0.00246766
9 0.23776 0.0712963 0.0140625 0.0425926 0.0025572
0 0.758073 0.0875 0.0119792 0.0768519 0.0027541
9 0.261719 0.0435185 0.0140625 0.0555556 0.00276202
0 0.183594 0.73287 0.138021 0.482407 0.00281415
2 0.785937 0.0893519 0.015625 0.0212963 0.00321914
12 0.702344 0.139352 0.0234375 0.0861111 0.00334382
9 0.220573 0.104167 0.0130208 0.0398148 0.00344186
9 0.257031 0.0777778 0.00885417 0.0481481 0.00354534
9 0.207813 0.0657407 0.0208333 0.0444444 0.00368056
2 0.238021 0.140741 0.01875 0.0407407 0.00373617
0 0.73151 0.372685 0.0328125 0.0287037 0.00392471
0 0.757552 0.375926 0.0182292 0.0277778 0.0040076
2 0.26849 0.10787 0.0109375 0.0398148 0.00407763
9 0.292188 0.0652778 0.009375 0.025 0.0040868
9 0.219271 0.0523148 0.021875 0.0416667 0.00440538
9 0.995313 0.4875 0.00833333 0.121296 0.00449758
9 0.758854 0.0717593 0.009375 0.0435185 0.00460001
9 0.271094 0.0398148 0.0265625 0.0759259 0.00486141
9 0.559635 0.0449074 0.0203125 0.0324074 0.00509692
9 0.548437 0.0486111 0.0125 0.0305556 0.00510171
2 0.442708 0.0865741 0.0135417 0.0268519 0.00528521
12 0.972396 0.495833 0.0364583 0.117593 0.00550601
7 0.214062 0.0601852 0.0364583 0.0611111 0.00600493
9 0.28125 0.0888889 0.00625 0.0240741 0.00624267
9 0.252604 0.0875 0.0125 0.0342593 0.00625581
9 0.361979 0.0453704 0.009375 0.0333333 0.00637154
0 0.634896 0.148148 0.0104167 0.0518519 0.00665515
12 0.995052 0.488889 0.00885417 0.118519 0.00672377
2 0.634896 0.149074 0.0114583 0.0537037 0.00711501
2 0.295052 0.108333 0.0276042 0.0666667 0.00766448
0 0.442708 0.0967593 0.0177083 0.0490741 0.00767366
0 0.715365 0.371296 0.0234375 0.0259259 0.00814024
9 0.266146 0.0953704 0.0104167 0.0481481 0.00984419
9 0.263021 0.0898148 0.00833333 0.0388889 0.00993443
9 0.559115 0.0314815 0.0286458 0.0592593 0.0166509
11 0.60599 0.0601852 0.00989583 0.0240741 0.0167848
9 0.220313 0.0884259 0.009375 0.0138889 0.0177541
9 0.442969 0.0861111 0.0130208 0.0259259 0.0186457
9 0.565365 0.0398148 0.0109375 0.0425926 0.020306
2 0.592448 0.126852 0.0182292 0.0240741 0.025376
9 0.270312 0.0467593 0.01875 0.0453704 0.0337578
9 0.50026 0.603241 0.0151042 0.0435185 0.0455203
2 0.489323 0.106944 0.0161458 0.0509259 0.0531452
9 0.567187 0.0476852 0.00833333 0.025 0.0692047
2 0.46276 0.110648 0.0140625 0.0416667 0.105611
9 0.502865 0.760185 0.0119792 0.0537037 0.25987
2 0.478125 0.108796 0.028125 0.0453704 0.306882
2 0.322135 0.0875 0.0390625 0.0361111 0.348987
2 0.627604 0.123148 0.025 0.0518519 0.37904
11 0.729688 0.0430556 0.0270833 0.0583333 0.546093
2 0.50625 0.103704 0.04375 0.062963 0.556301
2 0.318229 0.120833 0.0520833 0.0712963 0.695392
10 0.203906 0.314815 0.0161458 0.0685185 0.78594
2 0.36875 0.218519 0.0760417 0.101852 0.876246
2 0.730208 0.419444 0.121875 0.174074 0.913561
