7 0.989844 0.516667 0.0192708 0.181481 0.00100122
9 0.559375 0.0282407 0.0208333 0.0527778 0.00100478
10 0.196875 0.315278 0.0385417 0.0768519 0.00104125
7 0.970573 0.518519 0.0578125 0.183333 0.0010575
12 0.977865 0.502778 0.0432292 0.142593 0.00110697
0 0.945833 0.191667 0.00833333 0.0462963 0.00118325
7 0.236458 0.0703704 0.0166667 0.0481481 0.0012072
9 0.548177 0.0592593 0.0109375 0.0259259 0.00124778
9 0.236719 0.0648148 0.0171875 0.037037 0.0012927
0 0.75599 0.110185 0.0171875 0.0481481 0.00131322
2 0.415365 0.110185 0.300521 0.0833333 0.00136757
0 0.709896 0.373148 0.01875 0.0277778 0.00137594
0 0.263021 0.0925926 0.00833333 0.0481481 0.00147399
9 0.274479 0.0509259 0.0354167 0.1 0.00147607
13 0.961458 0.55463 0.0385417 0.0444444 0.00154841
12 0.702344 0.164815 0.0203125 0.0388889 0.00158519
9 0.3625 0.0472222 0.0104167 0.0388889 0.00162513
12 0.692708 0.164352 0.00833333 0.0398148 0.00162791
32 0.454427 0.315278 0.0078125 0.0138889 0.00163625
2 0.44349 0.103704 0.0192708 0.0462963 0.0016374
9 0.5 0.602315 0.0145833 0.0398148 0.00163849
7 0.274479 0.0657407 0.0364583 0.131481 0.00164777
2 0.782552 0.102315 0.0380208 0.0509259 0.00172255
0 0.716927 0.371759 0.0223958 0.0268519 0.00176373
2 0.363542 0.0680556 0.0114583 0.0212963 0.00183368
11 0.236719 0.0689815 0.0171875 0.0435185 0.00186001
2 0.442708 0.087963 0.0135417 0.0296296 0.00191736
2 0.65651 0.137037 0.0744792 0.0796296 0.0019246
9 0.269271 0.049537 0.0197917 0.037963 0.00227507
58 0.968229 0.496296 0.0291667 0.0833333 0.00234429
2 0.572656 0.110185 0.233854 0.0685185 0.0024237
7 0.221615 0.0564815 0.0546875 0.0962963 0.002441
2 0.479948 0.110185 0.0713542 0.0648148 0.00244421
1 0.223698 0.351389 0.0432292 0.117593 0.00281027
2 0.288542 0.0763889 0.01875 0.0324074 0.00291564
2 0.60625 0.0597222 0.0104167 0.0231481 0.00295345
2 0.238021 0.143056 0.01875 0.0361111 0.00326253
9 0.458594 0.0652778 0.0078125 0.0305556 0.00355188
2 0.651302 0.148148 0.0421875 0.0611111 0.0039969
9 0.571875 0.0319444 0.0135417 0.0601852 0.00407587
2 0.593229 0.125463 0.0166667 0.025 0.00434064
2 0.28724 0.113889 0.0151042 0.0685185 0.00500473
9 0.502344 0.759722 0.0130208 0.0546296 0.00525342
9 0.36276 0.0689815 0.00885417 0.025 0.00536499
0 0.283594 0.0888889 0.00885417 0.0333333 0.0056383
7 0.2125 0.0657407 0.0354167 0.0592593 0.00670459
1 0.0046875 0.399537 0.009375 0.106481 0.0068112
9 0.293229 0.0564815 0.009375 0.0444444 0.00713117
0 0.238802 0.270833 0.0244792 0.0416667 0.00736262
7 0.289583 0.106481 0.021875 0.0814815 0.00755055
12 0.99401 0.499074 0.0109375 0.138889 0.00761793
2 0.311719 0.0800926 0.0213542 0.0305556 0.00857954
2 0.270312 0.108333 0.0135417 0.0407407 0.00869245
9 0.207031 0.0689815 0.0213542 0.0453704 0.00877332
1 0.00677083 0.369907 0.0135417 0.0638889 0.00886338
9 0.439844 0.210185 0.0130208 0.0555556 0.00897954
2 0.293229 0.0703704 0.0104167 0.0185185 0.00918806
9 0.269531 0.0189815 0.0203125 0.0342593 0.0102051
1 0.00989583 0.396759 0.0197917 0.113889 0.0120001
9 0.442448 0.087037 0.0130208 0.0277778 0.0130667
2 0.785417 0.0888889 0.0135417 0.0240741 0.0132086
0 0.285937 0.109259 0.015625 0.0759259 0.0142507
0 0.757031 0.075 0.0119792 0.0462963 0.0156752
2 0.302083 0.105556 0.0427083 0.0777778 0.0171198
2 0.470052 0.10787 0.0317708 0.0472222 0.0201649
2 0.634375 0.137963 0.0114583 0.0462963 0.0238202
2 0.488802 0.106944 0.0140625 0.0509259 0.0425808
9 0.567187 0.0481481 0.00833333 0.0240741 0.0433094
2 0.465104 0.1125 0.0177083 0.037963 0.154061
2 0.479427 0.109259 0.0203125 0.0444444 0.263827
2 0.322135 0.0847222 0.0369792 0.0342593 0.361123
1 0.234896 0.361574 0.0197917 0.102778 0.462965
2 0.627083 0.121759 0.0260417 0.0546296 0.503323
2 0.50599 0.103704 0.0432292 0.062963 0.602399
2 0.31849 0.121296 0.0515625 0.0703704 0.753078
11 0.729167 0.0430556 0.0270833 0.0546296 0.815466
0 0.2375 0.318056 0.03125 0.136111 0.819971
10 0.204688 0.314815 0.0166667 0.0703704 0.850353
2 0.729427 0.419444 0.122396 0.17037 0.901384
