2 0.276042 0.118981 0.0260417 0.0472222 0.00100495
2 0.648958 0.125926 0.0677083 0.0611111 0.00102833
9 0.252865 0.087037 0.0140625 0.037037 0.0010345
11 0.240365 0.0388889 0.0213542 0.0740741 0.00107054
9 0.259635 0.0736111 0.0130208 0.0509259 0.00110249
1 0.00546875 0.385185 0.0109375 0.12963 0.00111687
9 0.26901 0.0203704 0.0223958 0.0407407 0.00112172
12 0.701563 0.121759 0.0208333 0.0435185 0.00119057
13 0.00390625 0.401389 0.0078125 0.0990741 0.00119248
2 0.53099 0.112037 0.0130208 0.0425926 0.00121652
2 0.285417 0.0944444 0.01875 0.0518519 0.00121813
2 0.576563 0.126852 0.0489583 0.0314815 0.00122276
0 0.73125 0.372222 0.03125 0.0296296 0.00126713
0 0.690365 0.165278 0.0109375 0.0416667 0.00128994
7 0.233854 0.0722222 0.025 0.0537037 0.00139059
2 0.29375 0.103241 0.0979167 0.0953704 0.0014205
0 0.254687 0.132407 0.0135417 0.0518519 0.00144334
9 0.267188 0.0976852 0.0114583 0.0527778 0.00148881
2 0.341927 0.113889 0.0078125 0.0425926 0.0017853
2 0.556771 0.107407 0.217708 0.0685185 0.00187268
2 0.00546875 0.0925926 0.0109375 0.05 0.00197878
9 0.2625 0.0467593 0.015625 0.0472222 0.00205279
9 0.292448 0.0523148 0.0078125 0.037963 0.00212697
0 0.261979 0.109722 0.009375 0.0435185 0.0021415
12 0.701563 0.159259 0.0239583 0.0481481 0.00215737
2 0.798437 0.0833333 0.040625 0.0296296 0.00217364
9 0.263021 0.0847222 0.009375 0.0324074 0.00217513
2 0.783854 0.107407 0.0375 0.0592593 0.00220575
9 0.502604 0.758796 0.0125 0.0564815 0.00221093
2 0.592708 0.126389 0.0177083 0.0231481 0.00231451
12 0.986458 0.496759 0.0177083 0.123148 0.00255979
2 0.34349 0.126852 0.00989583 0.0407407 0.00279303
0 0.180208 0.735648 0.186458 0.471296 0.00293472
2 0.415885 0.108333 0.0994792 0.0574074 0.00303581
9 0.990104 0.500463 0.01875 0.134259 0.00313718
2 0.661458 0.150926 0.065625 0.0685185 0.00315472
11 0.23724 0.0680556 0.0171875 0.0435185 0.00316926
0 0.995833 0.32963 0.00729167 0.05 0.0034862
9 0.286458 0.0425926 0.0114583 0.0537037 0.00380261
2 0.361198 0.110185 0.142188 0.0740741 0.00392502
2 0.153385 0.0476852 0.0223958 0.0212963 0.00400596
9 0.114323 0.024537 0.0151042 0.0416667 0.00408374
0 0.442969 0.0967593 0.0171875 0.0472222 0.00424458
2 0.296875 0.074537 0.0208333 0.0212963 0.00502811
12 0.995052 0.491667 0.00885417 0.122222 0.0052662
9 0.272135 0.0375 0.0296875 0.0712963 0.00527817
2 0.270052 0.111111 0.0119792 0.037037 0.0053388
11 0.606771 0.0592593 0.009375 0.0259259 0.00534142
0 0.716667 0.371296 0.0229167 0.0277778 0.00559085
9 0.995313 0.490278 0.00833333 0.125 0.00624146
2 0.288021 0.123611 0.0177083 0.0509259 0.00629839
2 0.238281 0.140741 0.0182292 0.0407407 0.00645289
62 0.591667 0.431019 0.053125 0.0694444 0.00806832
9 0.207031 0.0703704 0.0223958 0.0425926 0.00845211
2 0.813802 0.075463 0.0192708 0.0175926 0.00857369
0 0.634896 0.146759 0.0104167 0.0527778 0.0103477
7 0.220052 0.0675926 0.0515625 0.0592593 0.0116608
2 0.634115 0.139815 0.0130208 0.0537037 0.0121722
2 0.790365 0.0893519 0.0213542 0.0231481 0.0127782
12 0.692708 0.164352 0.00833333 0.0416667 0.0132335
2 0.442187 0.0861111 0.0145833 0.0259259 0.0167058
9 0.442187 0.087037 0.0135417 0.0259259 0.0187858
9 0.222396 0.0648148 0.0125 0.0481481 0.0211464
5 0.220313 0.0675926 0.0520833 0.0574074 0.0322268
9 0.270312 0.0486111 0.01875 0.037963 0.0331365
9 0.566927 0.0481481 0.0078125 0.0222222 0.0363025
2 0.460938 0.113426 0.0114583 0.0361111 0.0379417
7 0.298438 0.0990741 0.0302083 0.062963 0.0447822
2 0.363542 0.0666667 0.0135417 0.0185185 0.0492418
2 0.320312 0.0856481 0.040625 0.0342593 0.205182
2 0.291927 0.118519 0.0140625 0.0296296 0.208785
2 0.376823 0.0625 0.0151042 0.0231481 0.29485
2 0.505729 0.103704 0.0427083 0.062963 0.418547
7 0.50625 0.103241 0.0427083 0.0638889 0.475755
2 0.627604 0.122685 0.025 0.0546296 0.49805
2 0.47474 0.10787 0.0359375 0.0472222 0.51509
2 0.401302 0.0606481 0.0359375 0.0342593 0.686308
2 0.318229 0.122222 0.05 0.0685185 0.694784
10 0.203906 0.316204 0.0161458 0.0712963 0.695696
11 0.729167 0.0425926 0.0270833 0.0555556 0.780173
2 0.407292 0.112963 0.0302083 0.0351852 0.807245
7 0.584896 0.463426 0.15625 0.275 0.902624
2 0.730208 0.419907 0.122917 0.171296 0.902947
