12 0.995573 0.531944 0.0078125 0.0305556 0.00107671
9 0.261719 0.0467593 0.0140625 0.0490741 0.00108109
11 0.232031 0.0597222 0.0286458 0.0712963 0.00108453
2 0.00546875 0.087963 0.0109375 0.0425926 0.00108515
9 0.439323 0.201389 0.0130208 0.0416667 0.00108994
7 0.989062 0.521759 0.0208333 0.186111 0.00110795
1 0.0114583 0.368056 0.0229167 0.0546296 0.00116809
10 0.200781 0.296759 0.0223958 0.112037 0.00117929
9 0.559375 0.050463 0.0166667 0.025 0.00126562
13 0.0130208 0.395833 0.0260417 0.119444 0.00128435
11 0.60625 0.0601852 0.0104167 0.0240741 0.00130405
58 0.969271 0.493519 0.03125 0.0944444 0.00132925
2 0.975781 0.495833 0.0432292 0.119444 0.00136806
0 0.73724 0.371296 0.0286458 0.0314815 0.00137883
2 0.29401 0.107407 0.0744792 0.0925926 0.00140222
9 0.548437 0.0518519 0.0114583 0.0259259 0.00141816
9 0.275781 0.0407407 0.0380208 0.0796296 0.00148882
9 0.292969 0.0564815 0.00885417 0.0388889 0.00162423
2 0.219271 0.0884259 0.0541667 0.0694444 0.00165542
2 0.657292 0.1375 0.078125 0.0842593 0.00171741
2 0.442708 0.0865741 0.0135417 0.0268519 0.00174148
1 0.810417 0.328241 0.01875 0.0842593 0.00176477
7 0.279167 0.075 0.0354167 0.144444 0.00177106
2 0.291927 0.0708333 0.0130208 0.0138889 0.00178288
32 0.454167 0.314815 0.00833333 0.0148148 0.00198722
9 0.440625 0.220833 0.0125 0.0416667 0.00201489
12 0.975521 0.498611 0.04375 0.125 0.0020256
9 0.584896 0.0388889 0.0145833 0.0481481 0.00212859
0 0.263021 0.10463 0.009375 0.05 0.00214275
1 0.00859375 0.390278 0.0171875 0.136111 0.00215694
2 0.405469 0.112037 0.264062 0.0777778 0.0021879
2 0.779427 0.100463 0.0296875 0.0453704 0.00224233
7 0.976562 0.522685 0.0458333 0.193519 0.00235031
9 0.221354 0.0884259 0.0125 0.0157407 0.00244014
7 0.788021 0.0657407 0.025 0.0611111 0.00245089
9 0.756771 0.074537 0.0104167 0.0398148 0.00247676
12 0.701563 0.164815 0.0197917 0.0388889 0.00258975
9 0.458073 0.0643518 0.00677083 0.0305556 0.00259922
0 0.72526 0.373148 0.0338542 0.0277778 0.00272925
10 0.00442708 0.459259 0.00885417 0.233333 0.00277913
9 0.50026 0.602778 0.0151042 0.0407407 0.0027853
2 0.754687 0.153704 0.0125 0.0185185 0.00282471
2 0.21901 0.135648 0.0588542 0.0546296 0.00284198
2 0.240104 0.106019 0.015625 0.0324074 0.00295067
12 0.692708 0.163426 0.00729167 0.0398148 0.00306397
0 0.757031 0.374537 0.0192708 0.0305556 0.00308431
2 0.266146 0.0976852 0.0104167 0.0527778 0.00310366
2 0.567187 0.110185 0.216667 0.0648148 0.0033958
5 0.221094 0.0648148 0.0484375 0.0592593 0.00348978
2 0.449479 0.116204 0.03125 0.0231481 0.00367723
9 0.26901 0.0421296 0.0213542 0.0564815 0.00373608
11 0.240104 0.0337963 0.0208333 0.0638889 0.00376014
0 0.755208 0.0902778 0.0145833 0.0712963 0.00380938
9 0.263021 0.0893519 0.00833333 0.037963 0.00394256
9 0.209896 0.0671296 0.025 0.0472222 0.00410367
12 0.702083 0.145833 0.0229167 0.0731481 0.00410914
9 0.573958 0.0310185 0.0145833 0.0601852 0.00510435
2 0.00416667 0.400926 0.00833333 0.111111 0.0054641
9 0.3625 0.0689815 0.009375 0.0231481 0.00566931
2 0.48125 0.110185 0.053125 0.0574074 0.00587656
7 0.219792 0.0671296 0.05 0.0694444 0.00646934
9 0.442187 0.0865741 0.0125 0.0268519 0.00676503
2 0.363542 0.0671296 0.0114583 0.0212963 0.00754982
9 0.26901 0.0222222 0.0213542 0.0388889 0.0081101
1 0.00442708 0.396759 0.00885417 0.115741 0.00884681
12 0.994792 0.493981 0.009375 0.130556 0.00908736
9 0.502344 0.759722 0.0130208 0.0564815 0.00947547
0 0.714323 0.374537 0.0255208 0.0231481 0.0108843
11 0.2375 0.0671296 0.015625 0.0398148 0.0116493
2 0.238542 0.141667 0.01875 0.0388889 0.0136746
2 0.592448 0.126852 0.0171875 0.0222222 0.0141879
2 0.271615 0.109722 0.0140625 0.037963 0.0162214
2 0.814583 0.0768519 0.0177083 0.0185185 0.0193371
0 0.635156 0.147685 0.00989583 0.0509259 0.0268016
2 0.635156 0.14537 0.0109375 0.0555556 0.0308942
9 0.566927 0.0481481 0.0078125 0.0240741 0.0432904
2 0.785937 0.087963 0.0145833 0.0240741 0.0493139
7 0.296615 0.10787 0.0369792 0.0805556 0.0741574
2 0.292969 0.108796 0.0286458 0.0787037 0.117299
2 0.465885 0.112037 0.0192708 0.0388889 0.249408
2 0.480469 0.109259 0.0223958 0.0444444 0.319182
2 0.322135 0.0875 0.0380208 0.0361111 0.34594
2 0.50625 0.104167 0.0416667 0.062037 0.514322
2 0.627083 0.121759 0.025 0.0490741 0.522905
2 0.31849 0.120833 0.0505208 0.0731481 0.747792
10 0.204167 0.315741 0.015625 0.0722222 0.760626
11 0.728906 0.0430556 0.0276042 0.0564815 0.779872
2 0.729688 0.419444 0.122917 0.17037 0.909925
