2 0.215104 0.104167 0.0385417 0.0435185 0.0010205
2 0.642187 0.13287 0.0520833 0.0694444 0.00102991
10 0.196354 0.294444 0.0322917 0.112963 0.00106551
2 0.576823 0.127315 0.0494792 0.0342593 0.00107756
5 0.211458 0.0652778 0.0302083 0.0527778 0.00116479
2 0.788802 0.0814815 0.0161458 0.0203704 0.00116734
9 0.553906 0.024537 0.0234375 0.0453704 0.00117894
7 0.975521 0.525 0.0479167 0.2 0.0011889
9 0.561979 0.0486111 0.0208333 0.0287037 0.00129393
9 0.470052 0.4125 0.00989583 0.0268519 0.00135273
2 0.572396 0.421759 0.615625 0.182407 0.00138908
2 0.8125 0.074537 0.0177083 0.0194444 0.00141837
2 0.295833 0.103704 0.0770833 0.1 0.00149144
2 0.791146 0.087963 0.0166667 0.0166667 0.00149168
9 0.23776 0.075 0.0140625 0.0407407 0.00149242
1 0.809896 0.335185 0.0197917 0.0851852 0.00152238
9 0.995313 0.528704 0.00833333 0.037037 0.00153244
12 0.967188 0.498611 0.028125 0.0842593 0.00163921
0 0.263021 0.10787 0.009375 0.0453704 0.00165942
9 0.116406 0.0231481 0.0161458 0.0388889 0.00178578
9 0.989583 0.497222 0.0197917 0.131481 0.00183361
2 0.363542 0.0675926 0.0114583 0.0203704 0.00189562
2 0.532812 0.1125 0.373958 0.0787037 0.00194746
2 0.00442708 0.403704 0.00885417 0.0981481 0.00209079
9 0.259635 0.0550926 0.0119792 0.075 0.00213266
9 0.207813 0.0689815 0.0208333 0.0435185 0.00230656
13 0.0135417 0.392593 0.0270833 0.122222 0.00245016
0 0.757031 0.0944444 0.0151042 0.087037 0.00247061
9 0.278906 0.0763889 0.0401042 0.149074 0.00260406
9 0.439583 0.213889 0.015625 0.0740741 0.00275319
12 0.756771 0.0925926 0.0135417 0.0833333 0.00277176
0 0.757031 0.375 0.0192708 0.0296296 0.0028355
2 0.77474 0.119444 0.0182292 0.037037 0.00305037
0 0.732031 0.370833 0.0338542 0.0305556 0.00305365
13 0.00442708 0.395833 0.00885417 0.112037 0.0031185
2 0.00989583 0.363889 0.0197917 0.0592593 0.00316221
32 0.454688 0.314815 0.00729167 0.0148148 0.00325299
9 0.252344 0.0888889 0.0119792 0.0333333 0.00326471
2 0.409375 0.110185 0.259375 0.0833333 0.00352326
2 0.238542 0.141204 0.01875 0.0416667 0.00357901
0 0.3625 0.0685185 0.009375 0.0277778 0.00379968
2 0.455729 0.104167 0.05 0.0509259 0.00435539
2 0.784375 0.0907407 0.0125 0.0185185 0.00449395
11 0.2375 0.0685185 0.0166667 0.0425926 0.00449727
2 0.307292 0.0810185 0.0208333 0.0342593 0.00450414
12 0.702604 0.139815 0.0239583 0.0851852 0.00526609
9 0.221354 0.0865741 0.0104167 0.0175926 0.00556578
9 0.294271 0.0569444 0.009375 0.0398148 0.00556709
2 0.648698 0.148148 0.0359375 0.0555556 0.00557938
2 0.442969 0.110648 0.130729 0.0675926 0.00591591
12 0.976562 0.495833 0.0364583 0.121296 0.00729105
9 0.263802 0.0851852 0.0109375 0.0333333 0.00754502
9 0.563281 0.0305556 0.0234375 0.0592593 0.00763043
9 0.565885 0.0384259 0.0109375 0.0453704 0.00912021
0 0.715885 0.370833 0.0234375 0.0268519 0.00914692
9 0.443229 0.0898148 0.0135417 0.0277778 0.00914815
0 0.18125 0.729167 0.179167 0.480556 0.00920464
9 0.293229 0.0689815 0.009375 0.0194444 0.00943325
11 0.240365 0.0337963 0.0223958 0.0657407 0.0103224
12 0.994792 0.491667 0.009375 0.124074 0.0114695
9 0.500781 0.602778 0.0140625 0.0388889 0.0124168
2 0.592969 0.126389 0.0171875 0.025 0.012771
0 0.635677 0.148148 0.00989583 0.05 0.0143538
2 0.635156 0.14537 0.0109375 0.05 0.0154986
2 0.272135 0.111111 0.0151042 0.0351852 0.0160568
0 0.444271 0.100463 0.0177083 0.0490741 0.0161209
2 0.442708 0.0930556 0.0145833 0.0361111 0.0167079
9 0.223177 0.0611111 0.0119792 0.0388889 0.0178704
11 0.60625 0.0592593 0.009375 0.0240741 0.021492
9 0.567708 0.0481481 0.00833333 0.0240741 0.0306442
9 0.503385 0.759722 0.0130208 0.0564815 0.0346177
7 0.294792 0.108333 0.0333333 0.0814815 0.0355973
2 0.461198 0.113426 0.0119792 0.0361111 0.0585457
2 0.292969 0.1125 0.0286458 0.075 0.112351
9 0.269792 0.0365741 0.0229167 0.0694444 0.176929
2 0.323177 0.0851852 0.0369792 0.0333333 0.283314
2 0.627604 0.119907 0.025 0.0472222 0.3351
7 0.50599 0.104167 0.0432292 0.0638889 0.412257
2 0.505729 0.103704 0.0427083 0.062963 0.467509
2 0.475781 0.109259 0.0328125 0.0462963 0.552631
2 0.31875 0.121296 0.0510417 0.0703704 0.701689
11 0.729948 0.0444444 0.0265625 0.0592593 0.752546
10 0.204167 0.314815 0.0166667 0.0703704 0.78952
2 0.398177 0.109722 0.0473958 0.0657407 0.815928
2 0.730469 0.419444 0.122396 0.172222 0.914687
