2 0.585156 0.124074 0.0338542 0.037037 0.00101518
2 0.00494792 0.556944 0.00989583 0.0435185 0.0011664
1 0.0421875 0.160185 0.084375 0.0907407 0.00122632
9 0.257812 0.0712963 0.0104167 0.0444444 0.00123532
13 0.975781 0.520833 0.0473958 0.176852 0.00126798
2 0.640104 0.151852 0.0177083 0.062963 0.00126887
13 0.961979 0.556019 0.040625 0.0416667 0.00127983
9 0.263021 0.0865741 0.00833333 0.0324074 0.00133014
0 0.995833 0.328704 0.00729167 0.0518519 0.00133407
9 0.272135 0.0398148 0.0286458 0.0740741 0.00138916
0 0.739583 0.371296 0.0260417 0.0314815 0.00147797
0 0.755469 0.131019 0.0140625 0.0416667 0.00148566
58 0.91875 0.184722 0.1625 0.365741 0.00149101
2 0.442969 0.0930556 0.0151042 0.037963 0.0014934
2 0.21901 0.131019 0.0567708 0.0638889 0.00152138
9 0.502083 0.760648 0.0135417 0.0527778 0.00152796
12 0.688021 0.168056 0.015625 0.0342593 0.0015766
2 0.433854 0.112037 0.313542 0.0888889 0.00162146
12 0.702344 0.12963 0.0234375 0.0666667 0.00170747
1 0.0231771 0.178704 0.0442708 0.0592593 0.00173218
9 0.214844 0.0671296 0.0401042 0.0509259 0.00179358
2 0.30026 0.108796 0.0817708 0.0916667 0.00182291
2 0.65625 0.138889 0.0802083 0.0833333 0.00194926
11 0.240365 0.0337963 0.0223958 0.0638889 0.00198561
11 0.221094 0.0680556 0.0515625 0.0583333 0.00199434
12 0.701823 0.163889 0.0234375 0.0351852 0.00205818
0 0.757031 0.100463 0.0171875 0.0712963 0.00213127
9 0.253646 0.0861111 0.0125 0.0333333 0.00215952
0 0.755469 0.374074 0.0213542 0.0314815 0.00218365
2 0.363542 0.0694444 0.0114583 0.0222222 0.00236736
2 0.56224 0.1125 0.251563 0.0712963 0.00236767
7 0.970312 0.524074 0.0583333 0.192593 0.00244849
0 0.729948 0.372222 0.0265625 0.0296296 0.00249464
9 0.570052 0.0324074 0.0119792 0.0574074 0.00252727
2 0.992969 0.517593 0.0130208 0.17037 0.00260329
0 0.263542 0.110185 0.00833333 0.0407407 0.00264454
12 0.692969 0.163889 0.0078125 0.0388889 0.00273987
11 0.236979 0.0689815 0.0177083 0.0435185 0.00274783
2 0.45 0.102778 0.0375 0.0555556 0.0030213
2 0.477083 0.1125 0.0697917 0.0638889 0.00303115
2 0.817187 0.234722 0.009375 0.0398148 0.00337173
12 0.994271 0.518519 0.0104167 0.17037 0.00352652
7 0.990104 0.517593 0.01875 0.181481 0.00352737
2 0.79974 0.0837963 0.0359375 0.0268519 0.00357534
1 0.0114583 0.36713 0.0229167 0.0453704 0.00378761
2 0.267448 0.100463 0.0119792 0.0564815 0.00389641
9 0.995313 0.530556 0.00833333 0.0425926 0.00390471
9 0.270052 0.05 0.0203125 0.0388889 0.00399001
2 0.771354 0.114815 0.0135417 0.0277778 0.00507797
0 0.44349 0.099537 0.0182292 0.0509259 0.00513039
2 0.780208 0.104167 0.0302083 0.0472222 0.00524333
9 0.269792 0.0263889 0.0197917 0.0361111 0.00588475
7 0.220052 0.0671296 0.0515625 0.062037 0.00606132
2 0.340625 0.0888889 0.0104167 0.0277778 0.00636271
5 0.220573 0.0662037 0.0494792 0.0527778 0.00731598
9 0.36276 0.0689815 0.00989583 0.025 0.00737842
9 0.220833 0.087963 0.0104167 0.0148148 0.00842256
9 0.442969 0.0884259 0.0140625 0.0287037 0.00865426
9 0.207813 0.0680556 0.0208333 0.0416667 0.00960991
0 0.715365 0.372685 0.0234375 0.0268519 0.00963174
1 0.00442708 0.412963 0.00885417 0.0851852 0.0108359
2 0.59349 0.125926 0.0171875 0.0240741 0.011029
2 0.813281 0.075463 0.0203125 0.0194444 0.0132395
2 0.238542 0.14213 0.0177083 0.0398148 0.0147823
9 0.992969 0.502778 0.0130208 0.142593 0.014973
0 0.757292 0.0824074 0.0125 0.0574074 0.0167142
2 0.270833 0.113426 0.0125 0.0342593 0.0209762
1 0.00963542 0.4 0.0192708 0.112963 0.022606
11 0.60625 0.0611111 0.009375 0.0240741 0.025893
2 0.635417 0.144907 0.0114583 0.0527778 0.03373
2 0.784896 0.0907407 0.0145833 0.0222222 0.0358557
0 0.635677 0.147685 0.00989583 0.0490741 0.0361484
9 0.567448 0.0481481 0.00885417 0.0240741 0.0799322
7 0.297917 0.106944 0.0375 0.0842593 0.163314
2 0.298177 0.108796 0.0369792 0.0861111 0.17429
2 0.321354 0.087963 0.0385417 0.0314815 0.216166
2 0.466406 0.111574 0.0203125 0.0416667 0.23207
2 0.479948 0.110185 0.0223958 0.0444444 0.344349
7 0.50651 0.10463 0.0421875 0.062963 0.36513
2 0.50625 0.104167 0.0427083 0.0638889 0.471982
2 0.627865 0.121759 0.0255208 0.0509259 0.522391
10 0.204167 0.316204 0.0166667 0.0712963 0.718388
2 0.31849 0.120833 0.0505208 0.0731481 0.769713
11 0.729427 0.0425926 0.0265625 0.0537037 0.790387
2 0.39974 0.118056 0.0484375 0.0657407 0.843007
2 0.729948 0.419444 0.122396 0.172222 0.910168
