2 0.336979 0.0787037 0.0197917 0.0296296 0.00101234
0 0.757552 0.119907 0.0130208 0.0453704 0.00102281
9 0.5625 0.050463 0.01875 0.025 0.00103879
0 0.23776 0.136111 0.0182292 0.05 0.0010569
9 0.566667 0.0569444 0.0114583 0.0416667 0.00107459
0 0.729948 0.372685 0.0307292 0.0305556 0.00108034
2 0.655208 0.138889 0.08125 0.0851852 0.00109588
9 0.995313 0.532407 0.00833333 0.0407407 0.00110688
9 0.294792 0.0523148 0.0114583 0.0416667 0.00113964
58 0.967969 0.498611 0.0276042 0.0805556 0.001164
32 0.460417 0.35787 0.0104167 0.0138889 0.00116435
1 0.0330729 0.180093 0.0276042 0.0546296 0.00118051
2 0.579687 0.423148 0.609375 0.17963 0.00120639
1 0.0104167 0.198148 0.0208333 0.0388889 0.00121035
2 0.42474 0.110648 0.0859375 0.0435185 0.00122346
12 0.689844 0.166667 0.0130208 0.037037 0.00126192
9 0.589063 0.0430556 0.0145833 0.0361111 0.00130163
1 0.00833333 0.160185 0.0166667 0.0407407 0.00134773
2 0.294271 0.105093 0.0864583 0.0935185 0.00137377
2 0.24349 0.106944 0.0119792 0.0361111 0.00138675
13 0.961979 0.556019 0.0395833 0.0435185 0.00140207
9 0.2625 0.0856481 0.00833333 0.0342593 0.0015042
12 0.702344 0.165278 0.0203125 0.037963 0.00153226
9 0.236979 0.0685185 0.0177083 0.0425926 0.00158867
2 0.99349 0.520833 0.0119792 0.162037 0.00164568
13 0.970573 0.522222 0.0578125 0.168519 0.00166176
9 0.547396 0.0601852 0.0104167 0.0240741 0.00180712
14 0.482292 0.490741 0.0135417 0.0296296 0.00186563
12 0.69375 0.164352 0.00729167 0.037963 0.00192211
9 0.579167 0.0342593 0.0145833 0.0518519 0.00195694
1 0.0046875 0.462963 0.009375 0.211111 0.00205799
0 0.2625 0.106944 0.009375 0.0472222 0.0021682
9 0.3625 0.0671296 0.009375 0.0268519 0.00217079
9 0.258854 0.0708333 0.0114583 0.0453704 0.00220499
7 0.970312 0.523148 0.0583333 0.192593 0.00221153
7 0.986458 0.52037 0.0260417 0.188889 0.00222872
2 0.59375 0.124537 0.0166667 0.0268519 0.00226009
2 0.363281 0.0680556 0.0119792 0.0231481 0.00242446
9 0.415625 0.0115741 0.0166667 0.0231481 0.00244946
9 0.569531 0.0324074 0.0119792 0.0574074 0.00247276
9 0.115625 0.0240741 0.0145833 0.0425926 0.00255459
2 0.464323 0.1125 0.0182292 0.0435185 0.00325349
9 0.583854 0.0435185 0.0114583 0.037037 0.00328511
9 0.252865 0.0884259 0.0130208 0.0342593 0.00341298
2 0.398698 0.110648 0.144271 0.062037 0.0040701
2 0.561198 0.111574 0.238021 0.0657407 0.00410082
2 0.805469 0.0847222 0.0276042 0.025 0.00412653
2 0.774479 0.111574 0.01875 0.0361111 0.00429633
2 0.815625 0.0847222 0.0135417 0.0268519 0.004313
0 0.716406 0.372685 0.0244792 0.0268519 0.00459241
9 0.108333 0.0305556 0.0114583 0.037037 0.0046015
1 0.0119792 0.364815 0.0239583 0.0444444 0.00476644
1 0.0229167 0.181019 0.0458333 0.0712963 0.00493361
9 0.992969 0.500463 0.0130208 0.137963 0.0055665
2 0.445573 0.101852 0.0223958 0.0537037 0.00574223
9 0.211458 0.0662037 0.03125 0.0490741 0.00769086
2 0.780469 0.103704 0.0307292 0.0462963 0.00838869
9 0.26849 0.0425926 0.0203125 0.05 0.00861567
2 0.270052 0.0518519 0.0192708 0.0333333 0.00865392
11 0.60625 0.0601852 0.0104167 0.0259259 0.0103565
2 0.424219 0.075463 0.0494792 0.0416667 0.0106622
2 0.339063 0.0893519 0.0135417 0.0305556 0.0118695
0 0.995833 0.326852 0.00729167 0.0555556 0.013168
2 0.271615 0.110648 0.0130208 0.0398148 0.013328
9 0.50026 0.605093 0.0151042 0.0435185 0.0135302
9 0.502083 0.760648 0.0125 0.0527778 0.0143762
5 0.220573 0.0652778 0.0494792 0.0546296 0.0156794
2 0.238542 0.141204 0.01875 0.0416667 0.0171106
2 0.814062 0.0763889 0.0177083 0.0157407 0.0185624
9 0.177344 0.511574 0.0390625 0.0416667 0.0186748
0 0.757552 0.0898148 0.0130208 0.0685185 0.0243806
7 0.220573 0.0648148 0.0505208 0.062963 0.0272823
2 0.635417 0.147222 0.0114583 0.0537037 0.0276927
0 0.442448 0.0861111 0.0130208 0.0259259 0.0294941
1 0.00442708 0.409722 0.00885417 0.0935185 0.0349868
0 0.635417 0.148611 0.0104167 0.0490741 0.0375317
1 0.0125 0.393519 0.025 0.124074 0.0402825
9 0.567187 0.0486111 0.00833333 0.0231481 0.0472302
2 0.786719 0.0902778 0.0171875 0.0231481 0.0715361
2 0.297396 0.106944 0.0354167 0.0824074 0.122937
7 0.297656 0.105556 0.0369792 0.0814815 0.198281
2 0.409635 0.0685185 0.0213542 0.0203704 0.227527
2 0.322135 0.0888889 0.0369792 0.0351852 0.308038
2 0.43099 0.0675926 0.0328125 0.0259259 0.339154
2 0.627604 0.123148 0.0260417 0.0518519 0.47562
2 0.473437 0.110185 0.034375 0.0444444 0.492617
2 0.507031 0.105093 0.0411458 0.062037 0.544603
2 0.31875 0.120833 0.05 0.0712963 0.658886
10 0.203906 0.315741 0.0161458 0.0722222 0.757092
2 0.39974 0.108796 0.0390625 0.0490741 0.78001
11 0.729167 0.0425926 0.0270833 0.0555556 0.785777
2 0.729948 0.419444 0.122396 0.172222 0.920465
