2 0.0130208 0.400926 0.0260417 0.114815 0.00104127
2 0.598958 0.422685 0.698958 0.184259 0.00105315
9 0.415885 0.0236111 0.0171875 0.0287037 0.00106146
13 0.961719 0.551852 0.0390625 0.0388889 0.00108264
58 0.951823 0.193519 0.0953125 0.32963 0.00109366
7 0.386458 0.0967593 0.0416667 0.0657407 0.00113413
2 0.77526 0.1125 0.0213542 0.0361111 0.00114631
0 0.730729 0.371759 0.0270833 0.0287037 0.00115419
9 0.430729 0.0509259 0.009375 0.0277778 0.0011892
2 0.0695312 0.0560185 0.0255208 0.0398148 0.00124573
2 0.25625 0.0865741 0.0208333 0.037963 0.00127709
9 0.263021 0.0481481 0.0177083 0.0462963 0.00130637
7 0.218229 0.087037 0.0572917 0.12037 0.00131643
2 0.0046875 0.556944 0.009375 0.0435185 0.00132367
7 0.278385 0.0726852 0.0390625 0.141667 0.00133102
58 0.96849 0.493519 0.0307292 0.1 0.00135039
9 0.548177 0.0523148 0.0119792 0.0231481 0.0013625
2 0.634896 0.151389 0.0125 0.062037 0.001374
7 0.453646 0.10463 0.0416667 0.0592593 0.00139895
2 0.352865 0.103704 0.0276042 0.0537037 0.00148203
2 0.276042 0.1125 0.025 0.0601852 0.00149763
2 0.479948 0.112963 0.440104 0.0814815 0.00165876
2 0.780208 0.103241 0.03125 0.0472222 0.00167971
12 0.690625 0.162037 0.0104167 0.0407407 0.0017163
0 0.0533854 0.108796 0.0109375 0.0564815 0.00176945
9 0.571615 0.0300926 0.0151042 0.0583333 0.00183483
2 0.592188 0.125 0.0166667 0.0259259 0.00185534
2 0.786979 0.0837963 0.0145833 0.0212963 0.00188669
7 0.523958 0.0657407 0.0260417 0.0518519 0.00189585
2 0.973177 0.498611 0.0390625 0.119444 0.00197262
2 0.286719 0.0833333 0.0223958 0.0388889 0.00215473
2 0.238281 0.137963 0.0192708 0.0444444 0.00219564
0 0.263281 0.0902778 0.0078125 0.0435185 0.00224443
9 0.990885 0.498611 0.0171875 0.134259 0.00230849
2 0.00442708 0.407407 0.00885417 0.087037 0.00255621
2 0.530469 0.102315 0.0171875 0.0583333 0.00256956
2 0.29349 0.106019 0.0817708 0.0935185 0.00260827
13 0.99375 0.517593 0.0114583 0.172222 0.00270488
0 0.498437 0.0662037 0.015625 0.0268519 0.00287514
9 0.5 0.601389 0.0145833 0.0398148 0.00323282
7 0.236979 0.0699074 0.0166667 0.0453704 0.00333204
13 0.985677 0.517593 0.0276042 0.17963 0.0034752
13 0.952604 0.419907 0.0947917 0.143519 0.00367152
13 0.970573 0.543519 0.0578125 0.135185 0.00385981
1 0.00442708 0.405093 0.00885417 0.0898148 0.00420097
12 0.976302 0.497222 0.0453125 0.125926 0.00449595
0 0.715625 0.370833 0.0229167 0.0268519 0.00468561
2 0.26849 0.0967593 0.0130208 0.0564815 0.0047496
2 0.784375 0.0893519 0.0125 0.0194444 0.00480999
2 0.0619792 0.0657407 0.0385417 0.0277778 0.00485727
2 0.357552 0.109259 0.117188 0.0740741 0.00493057
1 0.0117188 0.365741 0.0234375 0.05 0.00499969
12 0.702083 0.138889 0.0208333 0.087037 0.00518512
1 0.00963542 0.399537 0.0192708 0.106481 0.00649273
9 0.502604 0.758333 0.0135417 0.0555556 0.00653403
12 0.99401 0.489815 0.0109375 0.118519 0.00817943
2 0.60599 0.0597222 0.0109375 0.0287037 0.00893869
9 0.292448 0.0490741 0.00885417 0.0425926 0.0090569
9 0.566667 0.0467593 0.00833333 0.0231481 0.0108244
2 0.270573 0.109259 0.0140625 0.037037 0.0113411
5 0.2125 0.0615741 0.034375 0.0601852 0.0127871
7 0.21276 0.0615741 0.0348958 0.0601852 0.0128107
2 0.502865 0.0634259 0.0161458 0.0268519 0.014085
0 0.634896 0.148148 0.009375 0.05 0.0169143
9 0.26875 0.0356481 0.021875 0.0675926 0.0211732
2 0.294531 0.103704 0.0286458 0.0740741 0.112503
2 0.363542 0.074537 0.0135417 0.0416667 0.132954
2 0.48151 0.10787 0.0192708 0.0472222 0.170389
2 0.525521 0.075 0.0239583 0.0333333 0.28678
2 0.322135 0.0856481 0.0380208 0.0361111 0.326807
2 0.627083 0.121296 0.0260417 0.0518519 0.433371
2 0.453385 0.103704 0.0411458 0.0555556 0.525325
2 0.504948 0.103241 0.0432292 0.0638889 0.526388
2 0.386979 0.100463 0.040625 0.062037 0.699598
10 0.203906 0.314815 0.0161458 0.0703704 0.747587
11 0.729167 0.0412037 0.0270833 0.0527778 0.787186
2 0.318229 0.12037 0.0510417 0.0703704 0.791413
2 0.729427 0.418981 0.122396 0.173148 0.910079
