13 0.969271 0.568056 0.0552083 0.0712963 0.00101721
12 0.976042 0.499074 0.0458333 0.127778 0.00105448
11 0.239844 0.037037 0.0213542 0.0722222 0.00108222
2 0.220313 0.135185 0.0552083 0.0537037 0.00109428
9 0.755208 0.0902778 0.0135417 0.0712963 0.00110321
2 0.775781 0.110185 0.0213542 0.0314815 0.00115326
2 0.976302 0.501389 0.0463542 0.132407 0.00116084
2 0.288021 0.0791667 0.0208333 0.0342593 0.00116626
2 0.244531 0.105093 0.00989583 0.0324074 0.00116882
2 0.783333 0.100926 0.0375 0.05 0.00119487
9 0.440104 0.195833 0.0125 0.0342593 0.00126574
0 0.716927 0.371759 0.0234375 0.0287037 0.00128019
13 0.971094 0.519444 0.0567708 0.172222 0.00130203
2 0.254427 0.0888889 0.0182292 0.0351852 0.00132858
9 0.995052 0.505556 0.00885417 0.118519 0.00133322
0 0.995313 0.327778 0.00833333 0.0592593 0.00133899
7 0.789062 0.0648148 0.0270833 0.062963 0.00136965
9 0.560156 0.0287037 0.0213542 0.0518519 0.00139578
58 0.96875 0.495833 0.03125 0.0972222 0.00146137
1 0.00364583 0.419444 0.00729167 0.0592593 0.00151769
9 0.576302 0.0324074 0.0140625 0.0611111 0.00160756
11 0.221615 0.0666667 0.0494792 0.0574074 0.00168675
9 0.36224 0.0462963 0.00989583 0.0351852 0.00172568
12 0.701563 0.164815 0.01875 0.0388889 0.00179788
2 0.656771 0.137037 0.0729167 0.087037 0.00183097
7 0.99349 0.517593 0.0119792 0.17037 0.00183967
2 0.409896 0.110185 0.277083 0.0814815 0.00190155
2 0.44401 0.106481 0.0203125 0.037037 0.00198196
2 0.258073 0.0986111 0.0265625 0.0601852 0.00199498
10 0.817187 0.23287 0.009375 0.0398148 0.00220222
0 0.817187 0.23287 0.009375 0.0398148 0.00226642
2 0.563021 0.109722 0.24375 0.0712963 0.00245101
7 0.971615 0.518981 0.0557292 0.184259 0.00274426
7 0.277604 0.0712963 0.0395833 0.137037 0.002812
12 0.69349 0.163889 0.00677083 0.0388889 0.00282308
1 0.141146 0.700926 0.0854167 0.162963 0.00291803
9 0.219531 0.0800926 0.0130208 0.0342593 0.00298925
9 0.264323 0.0944444 0.0109375 0.0481481 0.00335128
2 0.473177 0.109722 0.0744792 0.0638889 0.0034841
24 0.144531 0.604167 0.0255208 0.0898148 0.00355997
0 0.263281 0.100926 0.00989583 0.0537037 0.003721
0 0.147135 0.922222 0.119271 0.153704 0.00417906
1 0.0132813 0.373611 0.0265625 0.0564815 0.00435301
2 0.592448 0.125 0.0171875 0.0259259 0.00436069
2 0.363542 0.0671296 0.0114583 0.0194444 0.00454383
2 0.442448 0.0865741 0.0130208 0.0268519 0.00473524
9 0.501823 0.760648 0.0130208 0.0527778 0.00485133
9 0.3625 0.0694444 0.009375 0.0240741 0.00506761
1 0.178125 0.686111 0.025 0.12963 0.00532483
9 0.29349 0.0564815 0.00989583 0.0388889 0.00534344
9 0.35625 0.0199074 0.00729167 0.0175926 0.00562461
12 0.994271 0.497222 0.0104167 0.133333 0.00592533
2 0.60625 0.0601852 0.0114583 0.0240741 0.00603466
11 0.236979 0.0680556 0.0166667 0.0416667 0.00612668
1 0.152344 0.548611 0.0401042 0.0712963 0.00625145
2 0.00494792 0.55787 0.00989583 0.037963 0.00693545
9 0.56849 0.0310185 0.0151042 0.0583333 0.00790056
9 0.207552 0.0689815 0.0213542 0.0435185 0.00838774
2 0.785937 0.0898148 0.0166667 0.0222222 0.00861363
2 0.650521 0.150463 0.040625 0.0583333 0.00923959
2 0.238542 0.141667 0.0177083 0.0407407 0.0109514
0 0.154167 0.561111 0.0427083 0.0814815 0.0123156
7 0.219792 0.0675926 0.0510417 0.0648148 0.012565
5 0.220313 0.0671296 0.05 0.0583333 0.0127438
9 0.442448 0.0865741 0.0130208 0.0268519 0.0133993
9 0.220833 0.0532407 0.0177083 0.0398148 0.0138277
24 0.155208 0.558796 0.034375 0.0657407 0.0151899
24 0.155729 0.598148 0.03125 0.0740741 0.0170183
2 0.271094 0.105556 0.0140625 0.0462963 0.0171068
1 0.167708 0.699537 0.0489583 0.162037 0.0193354
2 0.490104 0.106944 0.0166667 0.0509259 0.0389171
9 0.566927 0.0476852 0.0078125 0.0231481 0.040428
2 0.634896 0.145833 0.0104167 0.0527778 0.0453783
9 0.26901 0.0342593 0.0213542 0.0666667 0.0633184
2 0.295573 0.107407 0.0328125 0.0833333 0.11507
1 0.154167 0.68287 0.0416667 0.137963 0.119709
7 0.296615 0.107407 0.0369792 0.0814815 0.127528
2 0.46276 0.111111 0.0140625 0.0407407 0.14581
2 0.322135 0.0851852 0.0369792 0.0333333 0.283468
1 0.154427 0.705556 0.0213542 0.15 0.289093
2 0.471094 0.109259 0.0296875 0.0444444 0.291461
2 0.627083 0.121759 0.0260417 0.0509259 0.458943
2 0.505469 0.104167 0.0432292 0.062037 0.588939
2 0.31849 0.120833 0.0505208 0.0712963 0.649369
10 0.203906 0.315741 0.0161458 0.0722222 0.767616
11 0.729167 0.0425926 0.0270833 0.0555556 0.781394
0 0.154167 0.636574 0.0447917 0.223148 0.79022
2 0.729948 0.418981 0.122396 0.171296 0.902163
