9 0.547917 0.0523148 0.0104167 0.025 0.00103689
13 0.0127604 0.396759 0.0255208 0.110185 0.00108726
9 0.263021 0.0268519 0.0177083 0.05 0.00112444
7 0.21849 0.0856481 0.0515625 0.117593 0.00117522
58 0.96849 0.498611 0.0307292 0.0935185 0.00119607
2 0.795573 0.0875 0.0411458 0.0324074 0.00123343
9 0.1875 0.0833333 0.00729167 0.0259259 0.00123877
2 0.290104 0.100463 0.0760417 0.0990741 0.00131227
2 0.425781 0.105093 0.176563 0.0768519 0.00133103
7 0.39349 0.0578704 0.0463542 0.0638889 0.00137637
2 0.284896 0.0787037 0.0208333 0.0333333 0.00139356
7 0.78776 0.0648148 0.0234375 0.0592593 0.00142255
2 0.254167 0.0865741 0.01875 0.0398148 0.0014954
9 0.579948 0.0328704 0.0151042 0.0601852 0.00150789
0 0.757031 0.374537 0.0203125 0.0324074 0.00151632
7 0.272917 0.0351852 0.03125 0.0685185 0.00153404
2 0.654688 0.138426 0.078125 0.0787037 0.00163244
2 0.535937 0.1125 0.0104167 0.0435185 0.00163501
2 0.263542 0.0981481 0.0104167 0.0592593 0.0017254
2 0.416406 0.0194444 0.0182292 0.0277778 0.0018295
9 0.292448 0.0550926 0.0078125 0.037963 0.00184602
0 0.817187 0.233796 0.00833333 0.037963 0.00184747
2 0.270573 0.0722222 0.0192708 0.0611111 0.00192189
12 0.701563 0.164815 0.0197917 0.0388889 0.00198526
10 0.19349 0.293056 0.0369792 0.119444 0.00208497
10 0.176042 0.280093 0.0135417 0.0416667 0.00217833
32 0.453906 0.313889 0.00885417 0.0148148 0.00223197
2 0.467187 0.0189815 0.0197917 0.0212963 0.00224861
11 0.239583 0.0347222 0.0208333 0.0657407 0.00226849
2 0.772135 0.107407 0.0161458 0.0259259 0.00229354
9 0.993229 0.498148 0.0125 0.135185 0.00231122
2 0.370573 0.102778 0.0869792 0.0796296 0.00232574
2 0.569531 0.109722 0.239063 0.0712963 0.00260473
0 0.715104 0.372222 0.021875 0.0259259 0.00273219
0 0.758073 0.0722222 0.0119792 0.0444444 0.00275395
2 0.53151 0.112963 0.0140625 0.0425926 0.00280697
2 0.592708 0.123611 0.0166667 0.0268519 0.0028563
2 0.00416667 0.410185 0.00833333 0.0833333 0.00304145
0 0.26276 0.0935185 0.00885417 0.0518519 0.00314011
2 0.480729 0.107407 0.0604167 0.0611111 0.00329982
2 0.447917 0.116667 0.0291667 0.0222222 0.00333522
7 0.970573 0.526852 0.0578125 0.198148 0.00383412
2 0.779427 0.100926 0.0307292 0.0444444 0.00384233
13 0.970573 0.523148 0.0578125 0.185185 0.00413402
12 0.99401 0.496759 0.0109375 0.134259 0.00418611
11 0.23724 0.0675926 0.0161458 0.0407407 0.0043831
9 0.270052 0.0490741 0.0182292 0.0351852 0.00443078
12 0.692708 0.164352 0.00729167 0.037963 0.00450025
7 0.276042 0.0675926 0.0385417 0.131481 0.00454866
13 0.961719 0.554167 0.0401042 0.0453704 0.00503999
2 0.65 0.149074 0.040625 0.0574074 0.00512339
9 0.501823 0.759722 0.0130208 0.0546296 0.00518405
1 0.00651042 0.393519 0.0130208 0.109259 0.00542126
9 0.573698 0.0310185 0.0151042 0.0601852 0.00640952
2 0.814323 0.0768519 0.0171875 0.0185185 0.00652696
13 0.985937 0.518519 0.0270833 0.17963 0.00662732
2 0.442187 0.0847222 0.0135417 0.0231481 0.00745549
2 0.60625 0.0601852 0.0104167 0.0240741 0.00905398
2 0.285677 0.114352 0.0151042 0.0712963 0.00961547
2 0.238542 0.140741 0.01875 0.0407407 0.0105069
9 0.26849 0.0194444 0.0213542 0.0351852 0.0109964
2 0.271094 0.106481 0.0140625 0.0444444 0.0113548
5 0.219792 0.0634259 0.0458333 0.062037 0.0132785
10 0.441927 0.0861111 0.0130208 0.0240741 0.0143686
2 0.785677 0.0893519 0.0151042 0.025 0.0148308
2 0.634115 0.142593 0.0130208 0.0518519 0.016801
9 0.21901 0.0893519 0.00885417 0.0138889 0.0188746
7 0.213281 0.062037 0.0359375 0.062963 0.0189025
9 0.567187 0.0476852 0.00833333 0.025 0.0316758
2 0.470052 0.108333 0.0317708 0.0462963 0.0488237
2 0.488021 0.107407 0.0135417 0.05 0.0503762
2 0.0046875 0.557407 0.009375 0.0407407 0.0628582
2 0.298698 0.104167 0.0348958 0.075 0.0749528
2 0.363542 0.0662037 0.0125 0.025 0.118495
2 0.464844 0.111111 0.0161458 0.0388889 0.126509
2 0.480469 0.109259 0.0192708 0.0444444 0.274118
2 0.321615 0.0851852 0.0380208 0.0333333 0.293354
2 0.389844 0.0648148 0.0348958 0.0425926 0.34568
7 0.50599 0.103241 0.0421875 0.0638889 0.414845
2 0.407031 0.0689815 0.0171875 0.0342593 0.461905
2 0.50599 0.103241 0.0421875 0.0638889 0.465532
2 0.627083 0.122685 0.0260417 0.0509259 0.586611
2 0.317969 0.121759 0.0526042 0.0712963 0.707674
10 0.203906 0.315278 0.0171875 0.0712963 0.751963
11 0.728906 0.0425926 0.0276042 0.0555556 0.763595
2 0.729948 0.419444 0.122396 0.17037 0.891899
