0 0.535677 0.276389 0.539062 0.450926 0.00102811
2 0.641927 0.128704 0.0546875 0.0648148 0.00103543
12 0.701823 0.15787 0.0234375 0.0490741 0.00103731
0 0.757812 0.375 0.0197917 0.0314815 0.00105396
2 0.683854 0.412037 0.0291667 0.131481 0.0010682
9 0.584896 0.0509259 0.0114583 0.0296296 0.00112928
9 0.547656 0.0601852 0.0109375 0.0222222 0.00115143
13 0.970833 0.525926 0.0572917 0.185185 0.00116088
12 0.970052 0.490741 0.0328125 0.103704 0.00118844
32 0.460677 0.356481 0.0109375 0.0148148 0.00127164
2 0.574219 0.422222 0.561979 0.177778 0.0012831
12 0.692187 0.163889 0.00833333 0.0388889 0.00131814
0 0.254167 0.125 0.015625 0.0666667 0.0013288
9 0.29349 0.0509259 0.00885417 0.0425926 0.00134123
2 0.651823 0.156944 0.0473958 0.0509259 0.00142973
9 0.253385 0.0856481 0.0140625 0.0361111 0.00147287
2 0.773958 0.123611 0.0177083 0.0435185 0.00147872
9 0.2625 0.0875 0.009375 0.0361111 0.00169262
2 0.565104 0.106481 0.279167 0.0685185 0.00169445
9 0.758854 0.0740741 0.009375 0.0462963 0.00181848
0 0.732552 0.371296 0.0338542 0.0296296 0.00182746
0 0.758073 0.0893519 0.0119792 0.075 0.00204511
0 0.263021 0.106481 0.00833333 0.0462963 0.00209221
9 0.570573 0.0314815 0.0151042 0.0592593 0.0021761
9 0.256771 0.075 0.0104167 0.0444444 0.00233539
12 0.982813 0.499537 0.0260417 0.128704 0.00242431
9 0.445052 0.241667 0.00989583 0.0222222 0.00245619
2 0.408854 0.106019 0.282292 0.0768519 0.00248629
9 0.266146 0.0976852 0.0104167 0.0509259 0.00250987
11 0.60625 0.0601852 0.00833333 0.0240741 0.00255882
11 0.220313 0.0675926 0.0520833 0.0592593 0.00269733
9 0.964583 0.499074 0.021875 0.0759259 0.00285154
11 0.236719 0.0685185 0.0171875 0.0444444 0.00341018
0 0.283594 0.0898148 0.00989583 0.0240741 0.00341037
1 0.811198 0.334259 0.0182292 0.0851852 0.00367198
2 0.448177 0.108796 0.0296875 0.0342593 0.00466405
9 0.438542 0.198611 0.0125 0.0287037 0.00467902
2 0.294531 0.0773148 0.0151042 0.025 0.00467941
12 0.995313 0.4875 0.00833333 0.115741 0.0049958
9 0.361979 0.0476852 0.0104167 0.0361111 0.00500829
0 0.533854 0.109722 0.015625 0.0472222 0.00500916
9 0.207292 0.0680556 0.0229167 0.0435185 0.00540351
2 0.473698 0.106019 0.0838542 0.0583333 0.00557875
9 0.26224 0.0361111 0.0171875 0.0666667 0.00560588
9 0.985156 0.494444 0.0223958 0.118519 0.0056287
2 0.784896 0.0893519 0.0135417 0.0194444 0.00573664
2 0.269531 0.110648 0.0109375 0.037963 0.00585409
2 0.286198 0.119907 0.0161458 0.062037 0.0060023
9 0.500521 0.602315 0.015625 0.0416667 0.00621366
9 0.995573 0.488426 0.0078125 0.117593 0.00673425
32 0.454167 0.314352 0.00729167 0.012037 0.00707172
0 0.567187 0.700463 0.16875 0.567593 0.00710588
0 0.713802 0.371759 0.0223958 0.025 0.0072621
9 0.442708 0.0865741 0.0135417 0.025 0.00790724
9 0.502344 0.760185 0.0119792 0.0537037 0.00867392
9 0.973698 0.497685 0.0390625 0.123148 0.0101525
9 0.361979 0.0671296 0.009375 0.0268519 0.0111815
2 0.442708 0.0856481 0.0145833 0.025 0.013002
2 0.592188 0.129167 0.01875 0.0231481 0.0134673
2 0.532812 0.111574 0.0166667 0.0453704 0.0143071
0 0.632812 0.14213 0.0145833 0.0509259 0.0154958
2 0.529948 0.0703704 0.0109375 0.0259259 0.016622
2 0.291667 0.108796 0.0208333 0.0509259 0.0186375
9 0.567187 0.0481481 0.00833333 0.0240741 0.0189686
2 0.461719 0.113426 0.0130208 0.0342593 0.0220018
9 0.270052 0.0328704 0.0213542 0.062037 0.0353721
2 0.4875 0.107407 0.0145833 0.05 0.0357779
5 0.220573 0.0671296 0.0505208 0.0583333 0.0474107
2 0.627604 0.123148 0.025 0.0537037 0.124974
2 0.296875 0.0967593 0.021875 0.0472222 0.169641
2 0.322917 0.0856481 0.0375 0.0342593 0.297519
2 0.473437 0.109259 0.0333333 0.0444444 0.34567
2 0.50625 0.10463 0.0416667 0.0611111 0.616959
10 0.203906 0.316204 0.0161458 0.0694444 0.73263
2 0.317708 0.121759 0.0520833 0.0694444 0.766789
11 0.729948 0.0439815 0.0265625 0.0583333 0.775085
2 0.529167 0.203704 0.06875 0.0962963 0.887091
2 0.729688 0.418056 0.121875 0.173148 0.903447
