0 0.73099 0.372222 0.0276042 0.0296296 0.00100455
2 0.815104 0.0703704 0.015625 0.0148148 0.00105144
2 0.254427 0.0875 0.0171875 0.037963 0.00107074
12 0.701823 0.165278 0.0203125 0.037963 0.00117745
0 0.663542 0.613426 0.0552083 0.0583333 0.00128862
2 0.00572917 0.0912037 0.0114583 0.0453704 0.00129311
1 0.810938 0.331019 0.0166667 0.087963 0.00129507
2 0.775781 0.113426 0.0213542 0.0342593 0.00142135
0 0.75599 0.0935185 0.0151042 0.0777778 0.00148153
7 0.294792 0.102778 0.084375 0.0944444 0.00153037
0 0.575 0.624074 0.021875 0.0333333 0.00162467
9 0.107813 0.0273148 0.0104167 0.0324074 0.00164487
2 0.592188 0.125463 0.0166667 0.025 0.00169785
2 0.409375 0.111111 0.279167 0.0796296 0.0018636
9 0.415625 0.00833333 0.015625 0.0166667 0.00191644
2 0.238021 0.14213 0.01875 0.037963 0.00194672
12 0.692708 0.164352 0.00729167 0.0398148 0.00205978
7 0.788021 0.0652778 0.025 0.0638889 0.00211983
2 0.564844 0.111111 0.275521 0.0722222 0.00225387
0 0.263542 0.100463 0.009375 0.0564815 0.00231286
9 0.36276 0.0694444 0.00989583 0.0222222 0.00235663
7 0.99401 0.518056 0.0109375 0.171296 0.00260705
0 0.714844 0.372685 0.0255208 0.0268519 0.00281168
2 0.814323 0.0759259 0.0161458 0.0166667 0.00286697
2 0.447135 0.115741 0.0276042 0.0240741 0.00287733
9 0.273958 0.0412037 0.034375 0.0805556 0.00290325
9 0.263281 0.0912037 0.00885417 0.0416667 0.00290774
7 0.951823 0.483796 0.0953125 0.278704 0.00293892
2 0.467708 0.110648 0.0833333 0.0638889 0.00306042
9 0.75651 0.0740741 0.0109375 0.0425926 0.00332364
9 0.458594 0.0662037 0.0078125 0.0268519 0.00356438
2 0.0138021 0.397685 0.0276042 0.112037 0.00366084
2 0.266406 0.0986111 0.0109375 0.0546296 0.00386122
58 0.96875 0.492593 0.03125 0.0907407 0.0042689
2 0.00416667 0.410185 0.00833333 0.0814815 0.00430058
2 0.442448 0.0865741 0.0140625 0.025 0.00536407
1 0.00442708 0.399074 0.00885417 0.103704 0.00555746
9 0.292188 0.0712963 0.0114583 0.0166667 0.00561382
9 0.993229 0.493981 0.0125 0.126852 0.00584585
2 0.364062 0.0680556 0.0114583 0.0194444 0.00598088
9 0.292708 0.0555556 0.009375 0.0444444 0.00625201
9 0.269792 0.050463 0.0197917 0.0398148 0.00626665
0 0.28724 0.113889 0.0161458 0.0722222 0.00672683
11 0.2375 0.0689815 0.015625 0.0435185 0.0084753
2 0.270312 0.10787 0.0135417 0.0416667 0.0087817
0 0.995573 0.321296 0.0078125 0.0703704 0.00904621
7 0.970833 0.524537 0.0572917 0.193519 0.0110297
11 0.60625 0.0601852 0.009375 0.0240741 0.0140002
9 0.26901 0.0240741 0.0213542 0.0444444 0.014685
2 0.634635 0.14213 0.0109375 0.0472222 0.0151647
2 0.785937 0.0888889 0.015625 0.0240741 0.0164331
9 0.566927 0.0481481 0.0078125 0.0222222 0.0170919
9 0.442448 0.0865741 0.0130208 0.025 0.0193597
1 0.0119792 0.396296 0.0239583 0.109259 0.0278371
5 0.220313 0.0662037 0.05 0.062037 0.030825
7 0.220052 0.0652778 0.0494792 0.0638889 0.0332022
2 0.48724 0.107407 0.0140625 0.05 0.0398194
2 0.461719 0.112037 0.0130208 0.0388889 0.0467139
2 0.30026 0.106481 0.0380208 0.0796296 0.0502621
7 0.299479 0.106019 0.040625 0.0824074 0.051225
0 0.595312 0.621759 0.0375 0.0361111 0.0517802
0 0.658333 0.625463 0.040625 0.0324074 0.0583867
2 0.321875 0.087963 0.0375 0.0351852 0.25611
7 0.505469 0.104167 0.0432292 0.0638889 0.285626
2 0.472135 0.109259 0.0317708 0.0444444 0.358079
2 0.505208 0.103704 0.04375 0.062963 0.485364
2 0.627083 0.122222 0.025 0.0518519 0.500967
2 0.318229 0.121296 0.0510417 0.0722222 0.684398
11 0.728906 0.0430556 0.0276042 0.0564815 0.77116
10 0.203906 0.315741 0.0161458 0.0703704 0.79903
2 0.729688 0.419444 0.122917 0.172222 0.906603
7 0.62526 0.748611 0.220313 0.349074 0.917686
