9 0.483854 0.0189815 0.0114583 0.0305556 0.00103997
32 0.460417 0.356944 0.0104167 0.0157407 0.00104345
7 0.277344 0.0694444 0.0348958 0.12963 0.00104547
2 0.783854 0.110185 0.0385417 0.0481481 0.00106671
2 0.284635 0.074537 0.0234375 0.037963 0.0010702
2 0.503125 0.167593 0.51875 0.205556 0.00107434
12 0.976562 0.499537 0.0458333 0.134259 0.00110882
2 0.222656 0.133796 0.0494792 0.0564815 0.00112195
1 0.0122396 0.369907 0.0244792 0.0546296 0.00115389
2 0.238021 0.113889 0.0197917 0.0481481 0.00116796
9 0.76875 0.0486111 0.021875 0.0953704 0.00116854
2 0.649479 0.151389 0.0385417 0.062037 0.00120618
2 0.975521 0.503704 0.0479167 0.140741 0.00121061
7 0.236198 0.0726852 0.0192708 0.0546296 0.00123193
0 0.391667 0.165741 0.0395833 0.05 0.00125237
9 0.560156 0.0291667 0.0223958 0.0564815 0.0012812
7 0.154427 0.0875 0.0765625 0.0805556 0.0013653
9 0.29375 0.0523148 0.009375 0.0398148 0.00150514
9 0.589063 0.0393519 0.0145833 0.0453704 0.00158068
13 0.994271 0.519907 0.0104167 0.169444 0.00161453
0 0.894271 0.263426 0.0125 0.025 0.00162235
0 0.641406 0.151852 0.0213542 0.062963 0.00171218
13 0.971354 0.519444 0.05625 0.177778 0.0017309
11 0.236719 0.0680556 0.0171875 0.0435185 0.00178117
7 0.467708 0.0597222 0.0302083 0.0361111 0.00180814
9 0.817187 0.236574 0.00833333 0.037963 0.00184915
12 0.700521 0.163426 0.0208333 0.0416667 0.00242693
0 0.263021 0.103704 0.009375 0.0518519 0.00252887
13 0.986979 0.519444 0.025 0.174074 0.00255215
9 0.27474 0.0398148 0.0359375 0.0759259 0.00256428
2 0.817448 0.236111 0.00885417 0.0388889 0.00257913
0 0.756771 0.0777778 0.0125 0.0481481 0.002634
1 0.00494792 0.400463 0.00989583 0.0972222 0.00264339
32 0.454167 0.314815 0.00833333 0.012963 0.00279617
9 0.757292 0.0736111 0.0104167 0.0416667 0.0031931
2 0.296875 0.101852 0.0864583 0.0907407 0.00322502
9 0.99349 0.491667 0.0119792 0.12037 0.00322695
11 0.60599 0.0601852 0.00989583 0.0240741 0.00334656
9 0.548437 0.0513889 0.0114583 0.0268519 0.00386398
12 0.99375 0.493056 0.0114583 0.125 0.00394031
2 0.39401 0.107407 0.241146 0.0777778 0.00400672
2 0.775521 0.114352 0.0208333 0.0305556 0.00406896
12 0.692708 0.163426 0.0104167 0.0398148 0.00408819
1 0.00963542 0.398611 0.0192708 0.112037 0.00413328
13 0.961979 0.555556 0.0395833 0.0444444 0.00421096
13 0.0135417 0.396759 0.0270833 0.113889 0.00433087
58 0.96849 0.495833 0.0307292 0.0898148 0.00442185
9 0.416406 0.0115741 0.0171875 0.0231481 0.00461623
13 0.00494792 0.405093 0.00989583 0.0935185 0.00475351
2 0.267708 0.0990741 0.0114583 0.0555556 0.00484757
0 0.995313 0.329167 0.00833333 0.0546296 0.00488407
2 0.571875 0.109722 0.252083 0.0731481 0.00540615
9 0.113802 0.0226852 0.0140625 0.037963 0.00564382
9 0.208333 0.0671296 0.0239583 0.0472222 0.00848783
9 0.582552 0.0347222 0.0140625 0.062037 0.00895592
9 0.270573 0.0486111 0.0192708 0.0398148 0.00901015
9 0.567448 0.0314815 0.0130208 0.0592593 0.00944003
0 0.283594 0.0907407 0.00989583 0.0333333 0.0103774
2 0.270833 0.108796 0.0135417 0.0398148 0.0105266
0 0.758333 0.121759 0.0135417 0.0305556 0.0109771
9 0.502604 0.760185 0.0125 0.0537037 0.011513
9 0.26901 0.025463 0.0213542 0.0453704 0.0123257
9 0.109115 0.025 0.0119792 0.0351852 0.0125194
2 0.786198 0.0888889 0.0161458 0.0240741 0.0128427
2 0.363281 0.0671296 0.0130208 0.0268519 0.0147033
2 0.238281 0.140278 0.0182292 0.0416667 0.019884
2 0.489062 0.105093 0.0166667 0.0546296 0.0255384
0 0.635417 0.149074 0.009375 0.0555556 0.0308807
5 0.220313 0.0675926 0.05 0.0574074 0.0321821
0 0.44375 0.0898148 0.0135417 0.0333333 0.0365899
7 0.219792 0.0657407 0.05 0.0574074 0.0404595
2 0.592188 0.127315 0.0177083 0.0212963 0.0410273
2 0.471615 0.0675926 0.0244792 0.0277778 0.0612255
2 0.463021 0.0759259 0.028125 0.037037 0.0666348
2 0.298438 0.106481 0.034375 0.0796296 0.0731477
9 0.567187 0.0486111 0.00833333 0.025 0.111891
2 0.457292 0.0689815 0.0239583 0.0287037 0.204117
2 0.471354 0.108333 0.0302083 0.0481481 0.312943
2 0.441406 0.0657407 0.0223958 0.0277778 0.31711
2 0.627083 0.121296 0.0260417 0.0537037 0.335331
2 0.322135 0.0865741 0.0380208 0.037963 0.393419
2 0.505469 0.10463 0.0432292 0.0611111 0.568713
2 0.31849 0.121759 0.0505208 0.0712963 0.716336
10 0.204167 0.315278 0.015625 0.0712963 0.78174
2 0.389062 0.105556 0.04375 0.0592593 0.794415
11 0.728906 0.0435185 0.0276042 0.0574074 0.816256
2 0.383073 0.172685 0.0619792 0.0842593 0.859008
2 0.745833 0.190741 0.127083 0.111111 0.909193
2 0.729688 0.418981 0.122917 0.169444 0.913032
