9 0.263281 0.0935185 0.0109375 0.05 0.0010088
2 0.263021 0.101389 0.0104167 0.0546296 0.00100884
11 0.240104 0.0333333 0.021875 0.062963 0.0010167
2 0.463021 0.113426 0.015625 0.0416667 0.00105772
9 0.469792 0.414352 0.0104167 0.0305556 0.00106653
11 0.220313 0.0643518 0.053125 0.0657407 0.00107376
32 0.459896 0.357407 0.009375 0.0148148 0.00107519
9 0.107031 0.025463 0.0109375 0.0361111 0.00110979
9 0.548698 0.0486111 0.0130208 0.0268519 0.00118341
2 0.809115 0.0708333 0.0140625 0.0175926 0.00118401
2 0.579687 0.109259 0.303125 0.0740741 0.00129562
9 0.221094 0.087037 0.0109375 0.0166667 0.00131223
2 0.414844 0.109259 0.308854 0.0851852 0.00135008
2 0.296615 0.105556 0.0890625 0.0944444 0.00138537
10 0.774479 0.125463 0.01875 0.0453704 0.00141823
0 0.203385 0.873611 0.0328125 0.0546296 0.00145352
12 0.701563 0.161574 0.0208333 0.0416667 0.00163725
2 0.746094 0.15787 0.0234375 0.0175926 0.00165104
2 0.654427 0.1375 0.0807292 0.0861111 0.0017276
0 0.758073 0.375463 0.0182292 0.0305556 0.00174045
11 0.236458 0.0703704 0.01875 0.0481481 0.00178746
7 0.970573 0.530556 0.0578125 0.201852 0.00187301
9 0.207552 0.0689815 0.0234375 0.0435185 0.0019075
9 0.438281 0.194907 0.0140625 0.037963 0.00191342
2 0.267448 0.0986111 0.0119792 0.0564815 0.00195478
0 0.732292 0.370833 0.0354167 0.0305556 0.00196228
2 0.775 0.124074 0.01875 0.0425926 0.00196508
9 0.986458 0.494907 0.025 0.121296 0.00199562
2 0.46901 0.10787 0.0963542 0.0638889 0.00201916
1 0.811198 0.332407 0.0192708 0.0925926 0.00207298
2 0.591667 0.126852 0.0177083 0.0240741 0.00210388
13 0.971094 0.528241 0.0567708 0.191667 0.00218029
9 0.3625 0.0689815 0.009375 0.0231481 0.00239031
9 0.564323 0.0314815 0.0203125 0.0592593 0.00246848
32 0.454427 0.314815 0.0078125 0.0111111 0.00267251
2 0.0138021 0.364815 0.0276042 0.0481481 0.00268692
12 0.975521 0.497685 0.0416667 0.125 0.00332956
12 0.995052 0.490278 0.00885417 0.117593 0.00349385
0 0.75651 0.0930556 0.0140625 0.0824074 0.00350698
2 0.813281 0.074537 0.0161458 0.0175926 0.00419795
0 0.279687 0.866204 0.0364583 0.0657407 0.00420995
9 0.292969 0.0662037 0.00989583 0.0231481 0.00422591
9 0.995313 0.489815 0.00833333 0.12037 0.00425263
2 0.634635 0.14213 0.0119792 0.0490741 0.0043147
0 0.283333 0.0962963 0.00833333 0.0351852 0.00433661
0 0.635417 0.148148 0.0104167 0.0518519 0.00439647
2 0.442448 0.0888889 0.0140625 0.0277778 0.00459203
9 0.221875 0.0583333 0.0166667 0.05 0.00467688
12 0.702604 0.138426 0.0239583 0.0861111 0.0048036
0 0.285677 0.111111 0.0130208 0.0648148 0.00514403
2 0.270833 0.108796 0.0135417 0.0398148 0.0056961
0 0.251302 0.868519 0.0463542 0.0648148 0.00606131
11 0.60599 0.0606481 0.00989583 0.0231481 0.00673207
1 0.0143229 0.39537 0.0286458 0.112963 0.00676907
2 0.363542 0.0675926 0.0114583 0.0203704 0.00709655
0 0.442708 0.099537 0.0177083 0.0490741 0.00710268
2 0.308333 0.0824074 0.0239583 0.0351852 0.00732127
2 0.289062 0.110648 0.0177083 0.0657407 0.00857632
9 0.442708 0.0888889 0.0135417 0.0277778 0.00891379
0 0.219531 0.872685 0.0515625 0.062037 0.0100946
0 0.710417 0.372685 0.0208333 0.0268519 0.0104931
0 0.00416667 0.39213 0.00833333 0.117593 0.0116657
3 0.00911458 0.394907 0.0182292 0.113889 0.0127951
1 0.00364583 0.406481 0.00729167 0.087037 0.0130093
7 0.220052 0.0662037 0.0515625 0.0601852 0.0147087
5 0.220313 0.0680556 0.0510417 0.0564815 0.0159024
2 0.00390625 0.404167 0.0078125 0.0953704 0.0162263
2 0.298958 0.10463 0.0364583 0.0759259 0.0197661
9 0.567448 0.0481481 0.00885417 0.0240741 0.0208801
2 0.785677 0.0898148 0.0161458 0.0222222 0.0505292
9 0.26901 0.0347222 0.0213542 0.0657407 0.0521179
9 0.500781 0.603704 0.0151042 0.0407407 0.0639795
9 0.502865 0.760648 0.0119792 0.0546296 0.105657
0 0.298698 0.864352 0.0463542 0.062037 0.133754
2 0.627865 0.121296 0.0244792 0.0518519 0.293319
2 0.322656 0.0861111 0.0380208 0.037037 0.36709
2 0.473958 0.109722 0.034375 0.0453704 0.450086
2 0.50599 0.104167 0.0432292 0.062037 0.553302
11 0.729948 0.0435185 0.0265625 0.0574074 0.710616
10 0.203906 0.316667 0.0161458 0.0703704 0.734209
2 0.318229 0.121296 0.0510417 0.0685185 0.750902
2 0.729688 0.419444 0.121875 0.17037 0.904087
2 0.260677 0.891204 0.217187 0.213889 0.916474
