12 0.976562 0.499074 0.0458333 0.12963 0.00104014
39 0.50026 0.602778 0.0151042 0.0388889 0.00108356
9 0.361458 0.0648148 0.0114583 0.0222222 0.00110544
2 0.975781 0.501389 0.0473958 0.134259 0.0011372
9 0.416146 0.0111111 0.0166667 0.0222222 0.00115288
0 0.75026 0.152778 0.0161458 0.0222222 0.00115929
2 0.64974 0.123611 0.0713542 0.0638889 0.00119736
11 0.702604 0.12037 0.021875 0.0462963 0.00122535
0 0.634635 0.152778 0.0140625 0.0666667 0.00122837
2 0.690885 0.123611 0.151562 0.0583333 0.00123164
9 0.502344 0.760648 0.0119792 0.0546296 0.00132739
32 0.460156 0.356481 0.00989583 0.0148148 0.00135058
0 0.376042 0.230556 0.717708 0.342593 0.00135334
9 0.276302 0.0393519 0.0380208 0.0768519 0.00135812
9 0.756771 0.074537 0.009375 0.0398148 0.0013817
2 0.0257812 0.352315 0.0505208 0.0305556 0.00143993
58 0.919531 0.185185 0.160938 0.366667 0.00149284
2 0.418229 0.10787 0.296875 0.0768519 0.00164833
0 0.75625 0.375463 0.021875 0.0305556 0.00180499
7 0.276042 0.0666667 0.0395833 0.12963 0.00191853
2 0.816927 0.0842593 0.0130208 0.0277778 0.00200961
2 0.503125 0.103241 0.0427083 0.0601852 0.00201161
3 0.0239583 0.392593 0.0479167 0.116667 0.00214409
2 0.592448 0.125926 0.0171875 0.0240741 0.00215243
2 0.752865 0.156481 0.0161458 0.0203704 0.00217439
7 0.665885 0.127778 0.0994792 0.0777778 0.00224297
0 0.264062 0.100926 0.00833333 0.0555556 0.00234634
2 0.78099 0.0981481 0.0317708 0.0388889 0.00235186
0 0.729948 0.372685 0.0276042 0.0287037 0.00237445
2 0.661979 0.150463 0.0614583 0.0638889 0.00239991
9 0.3625 0.050463 0.0114583 0.0416667 0.00243568
2 0.238542 0.141667 0.01875 0.0407407 0.00248333
2 0.581771 0.10787 0.263542 0.062037 0.00261199
13 0.970573 0.519444 0.0578125 0.174074 0.00263825
2 0.363542 0.0666667 0.0114583 0.0203704 0.0027169
9 0.583073 0.0347222 0.0151042 0.0583333 0.0027764
0 0.817448 0.233796 0.00885417 0.0398148 0.00292737
2 0.795573 0.0847222 0.0317708 0.0287037 0.00294534
0 0.0046875 0.387037 0.009375 0.12963 0.00295277
0 0.268229 0.0990741 0.0125 0.0574074 0.00298776
0 0.459635 0.415278 0.869271 0.750926 0.00306959
9 0.573698 0.0314815 0.0151042 0.0592593 0.00321158
2 0.815104 0.0694444 0.015625 0.012963 0.00329618
9 0.992969 0.491667 0.0130208 0.122222 0.00334515
9 0.293229 0.0564815 0.00833333 0.0388889 0.00342209
58 0.96901 0.496296 0.0307292 0.0925926 0.00379858
2 0.442187 0.0875 0.0135417 0.025 0.0038593
0 0.361979 0.0657407 0.009375 0.0296296 0.0038851
7 0.970833 0.523148 0.0572917 0.192593 0.00395097
2 0.48099 0.107407 0.0598958 0.0555556 0.00412438
2 0.60599 0.0601852 0.00989583 0.0240741 0.00414941
9 0.217708 0.0513889 0.0229167 0.0416667 0.00432147
2 0.269792 0.110648 0.0125 0.037963 0.00433403
11 0.236719 0.0680556 0.0171875 0.0435185 0.00443299
9 0.291927 0.0699074 0.0109375 0.0194444 0.00474901
12 0.994531 0.49213 0.00989583 0.128704 0.00481211
13 0.961719 0.556019 0.0390625 0.0435185 0.00503482
9 0.269271 0.049537 0.0197917 0.0342593 0.00523452
0 0.282292 0.0875 0.00729167 0.0287037 0.00596915
0 0.713542 0.370833 0.0208333 0.0268519 0.00601918
2 0.309896 0.0814815 0.0229167 0.0333333 0.00608888
5 0.221094 0.0652778 0.0484375 0.0564815 0.00660397
2 0.444271 0.116667 0.021875 0.0222222 0.00727331
0 0.285677 0.113426 0.0151042 0.0712963 0.00728924
2 0.634375 0.139352 0.0114583 0.0490741 0.00783189
7 0.220313 0.0671296 0.0489583 0.0546296 0.00859908
2 0.814062 0.075463 0.01875 0.0175926 0.0086313
3 0.009375 0.390278 0.01875 0.123148 0.00929408
2 0.0132813 0.393981 0.0265625 0.115741 0.00988401
9 0.207552 0.0685185 0.0203125 0.0425926 0.011013
0 0.357031 0.549537 0.0338542 0.0453704 0.012571
9 0.26875 0.0240741 0.0208333 0.0425926 0.0137318
1 0.0130208 0.394444 0.0260417 0.114815 0.0159269
2 0.785677 0.0893519 0.0140625 0.025 0.0172299
2 0.296615 0.105556 0.0348958 0.0740741 0.0180537
9 0.220052 0.0884259 0.00885417 0.0157407 0.0207899
9 0.567187 0.0481481 0.00833333 0.0240741 0.0262293
7 0.298438 0.104167 0.0375 0.0731481 0.0262828
3 0.00442708 0.399074 0.00885417 0.103704 0.0288954
2 0.488021 0.10787 0.0135417 0.0490741 0.0357229
1 0.0046875 0.395833 0.009375 0.112037 0.0357694
2 0.00416667 0.408333 0.00833333 0.087037 0.0378489
9 0.442448 0.0875 0.0130208 0.025 0.0429727
0 0.376042 0.548611 0.0427083 0.0472222 0.0468014
2 0.461979 0.113889 0.0114583 0.0351852 0.0658253
0 0.332812 0.550926 0.040625 0.0481481 0.10732
2 0.471094 0.109722 0.0213542 0.0435185 0.146818
2 0.479427 0.109259 0.0203125 0.0444444 0.231106
2 0.322656 0.087037 0.0380208 0.037037 0.309194
7 0.505729 0.103704 0.0427083 0.062963 0.439158
2 0.627344 0.121296 0.0255208 0.0518519 0.494831
2 0.318229 0.121759 0.0510417 0.0712963 0.69785
11 0.728906 0.0430556 0.0265625 0.0564815 0.800745
10 0.203906 0.315741 0.0161458 0.0722222 0.854652
2 0.385417 0.2625 0.0875 0.117593 0.89173
2 0.729688 0.419907 0.121875 0.171296 0.912587
2 0.697656 0.200463 0.130729 0.106481 0.921355
2 0.353906 0.6 0.150521 0.224074 0.929885
