9 0.989583 0.514352 0.0197917 0.167593 0.00101389
2 0.6625 0.15 0.0666667 0.0666667 0.00101917
2 0.746615 0.158796 0.0223958 0.0175926 0.00104157
9 0.261458 0.0398148 0.0145833 0.0592593 0.00107285
12 0.817969 0.23287 0.0078125 0.0416667 0.001123
2 0.266667 0.0962963 0.009375 0.05 0.00113314
2 0.457031 0.149537 0.365104 0.163889 0.00115647
13 0.952865 0.422222 0.0932292 0.151852 0.00115718
2 0.773958 0.118056 0.0177083 0.0342593 0.00118609
58 0.969271 0.494444 0.03125 0.1 0.00121519
2 0.263281 0.109722 0.00885417 0.0398148 0.00126844
9 0.757812 0.0736111 0.0104167 0.0416667 0.00135282
2 0.646615 0.148148 0.0328125 0.0574074 0.00137835
9 0.26901 0.0546296 0.0192708 0.0518519 0.00137847
0 0.75651 0.0837963 0.0119792 0.062037 0.00143575
12 0.986719 0.497685 0.0255208 0.128704 0.0014854
13 0.970312 0.525463 0.0583333 0.180556 0.00154492
2 0.592448 0.425 0.661979 0.175926 0.00155828
9 0.26276 0.0861111 0.0078125 0.0351852 0.00168628
9 0.995573 0.526852 0.0078125 0.0388889 0.00173475
9 0.29375 0.0532407 0.00833333 0.0361111 0.00175543
0 0.716927 0.372222 0.0234375 0.0277778 0.00180838
13 0.98724 0.519444 0.0244792 0.174074 0.00183426
9 0.115104 0.0236111 0.0145833 0.0398148 0.00187997
9 0.271615 0.0416667 0.0286458 0.0796296 0.00208797
2 0.396354 0.136111 0.0270833 0.0462963 0.00226847
2 0.390625 0.12037 0.0145833 0.0240741 0.00241061
0 0.285677 0.118981 0.0140625 0.0601852 0.0026358
11 0.236719 0.0675926 0.0171875 0.0425926 0.00283348
32 0.454427 0.315278 0.0078125 0.0157407 0.00293086
2 0.415625 0.112037 0.272917 0.0833333 0.00299723
2 0.513802 0.127315 0.0421875 0.0342593 0.00324405
5 0.213802 0.062963 0.0338542 0.0574074 0.00341215
9 0.107292 0.0282407 0.0104167 0.0361111 0.00351831
2 0.535417 0.111574 0.21875 0.0675926 0.00364534
7 0.214583 0.0652778 0.0375 0.0583333 0.00375311
2 0.785156 0.0898148 0.0130208 0.0203704 0.00384691
1 0.0135417 0.391667 0.0270833 0.12037 0.00410771
2 0.468229 0.111111 0.11875 0.0666667 0.00484762
9 0.207813 0.0675926 0.021875 0.0462963 0.00493357
2 0.292969 0.0726852 0.0109375 0.0175926 0.00494411
9 0.3625 0.0703704 0.009375 0.0259259 0.00519299
2 0.442708 0.0893519 0.0135417 0.0305556 0.00631005
0 0.442708 0.0981481 0.0166667 0.0481481 0.00638023
9 0.994271 0.491204 0.0104167 0.119444 0.00707419
9 0.21901 0.0587963 0.0223958 0.0472222 0.00789899
9 0.766927 0.0175926 0.0109375 0.0333333 0.00806313
2 0.288021 0.111574 0.0135417 0.0490741 0.00819597
2 0.238281 0.140741 0.0182292 0.0407407 0.00822369
12 0.994531 0.491667 0.00989583 0.122222 0.00860588
11 0.60625 0.0601852 0.009375 0.0240741 0.00894108
2 0.535417 0.115278 0.009375 0.0342593 0.00899689
1 0.00494792 0.394444 0.00989583 0.111111 0.00930652
9 0.502083 0.758796 0.0145833 0.0564815 0.0108888
9 0.221094 0.087037 0.0109375 0.0148148 0.0110593
0 0.530469 0.112037 0.0119792 0.0407407 0.0121686
9 0.26901 0.0208333 0.0203125 0.0361111 0.0142023
9 0.567187 0.0486111 0.00833333 0.0231481 0.0154948
2 0.501042 0.114815 0.0479167 0.0481481 0.016167
2 0.269271 0.112963 0.0114583 0.0333333 0.0164663
2 0.635417 0.147685 0.0104167 0.0546296 0.0196762
1 0.0114583 0.366667 0.0229167 0.0648148 0.0236648
9 0.442969 0.0893519 0.0130208 0.0305556 0.0245424
2 0.297396 0.0925926 0.021875 0.0462963 0.027405
2 0.591927 0.127315 0.0182292 0.0231481 0.029331
0 0.635417 0.148611 0.009375 0.0509259 0.0424819
2 0.484635 0.109259 0.0307292 0.0462963 0.044319
2 0.46224 0.112037 0.0140625 0.0388889 0.0516636
2 0.294792 0.111111 0.0177083 0.0444444 0.0632725
2 0.627344 0.121296 0.0255208 0.05 0.238099
2 0.322656 0.0861111 0.0369792 0.037037 0.292158
2 0.472396 0.110185 0.0322917 0.0444444 0.42371
2 0.50651 0.0986111 0.0432292 0.0527778 0.445801
2 0.319271 0.121296 0.0541667 0.0685185 0.664707
10 0.203906 0.316204 0.0161458 0.0712963 0.688154
2 0.501562 0.172685 0.06875 0.10463 0.74623
11 0.729688 0.0425926 0.0260417 0.0555556 0.767412
2 0.376563 0.163426 0.065625 0.102778 0.858359
2 0.729948 0.42037 0.123438 0.17037 0.910882
