9 0.576042 0.0333333 0.015625 0.0648148 0.00103066
9 0.588281 0.0351852 0.0171875 0.062963 0.0010671
2 0.416927 0.0203704 0.0161458 0.0351852 0.00106982
9 0.55 0.0277778 0.015625 0.0388889 0.00108638
12 0.964583 0.501389 0.0208333 0.0768519 0.00111815
9 0.440625 0.225 0.00833333 0.0148148 0.00112413
32 0.460156 0.357407 0.00989583 0.012963 0.0011438
2 0.536458 0.113426 0.0104167 0.0416667 0.00115634
0 0.534115 0.308796 0.551562 0.510185 0.00119356
0 0.253385 0.131944 0.0119792 0.0509259 0.00122344
13 0.952344 0.424074 0.0942708 0.148148 0.00122706
0 0.517187 0.217593 0.009375 0.0425926 0.00125222
2 0.529688 0.109722 0.248958 0.075 0.00126546
13 0.970573 0.525463 0.0578125 0.184259 0.00127807
9 0.453906 0.314815 0.00885417 0.0166667 0.00128501
12 0.693229 0.164352 0.00833333 0.0398148 0.00129293
1 0.0140625 0.36713 0.028125 0.0453704 0.0013541
2 0.200781 0.246296 0.0182292 0.012963 0.00156957
9 0.556771 0.0263889 0.0239583 0.0490741 0.00163927
7 0.970833 0.525926 0.0572917 0.201852 0.00165146
0 0.200521 0.729167 0.165625 0.515741 0.00165524
9 0.995052 0.512037 0.00885417 0.155556 0.00172718
2 0.655208 0.139352 0.08125 0.0842593 0.00176079
9 0.989323 0.502778 0.0203125 0.140741 0.00179485
0 0.757812 0.375 0.01875 0.0296296 0.00180203
0 0.527865 0.226852 0.0109375 0.0277778 0.00183137
2 0.294271 0.103704 0.0895833 0.087037 0.00196569
9 0.548177 0.05 0.0109375 0.0259259 0.00201236
2 0.335938 0.0819444 0.0208333 0.0361111 0.00201731
13 0.0143229 0.398148 0.0286458 0.107407 0.00216348
2 0.53151 0.121759 0.0140625 0.0287037 0.00218662
12 0.973698 0.49537 0.0401042 0.116667 0.00237525
9 0.23724 0.0685185 0.0161458 0.0425926 0.00244554
0 0.263021 0.110648 0.00833333 0.0398148 0.00269007
2 0.268229 0.0976852 0.0135417 0.0490741 0.00281036
7 0.791146 0.0643518 0.0291667 0.062037 0.00281382
2 0.272656 0.117593 0.0203125 0.0481481 0.00288363
2 0.786979 0.103241 0.0447917 0.0583333 0.00307061
2 0.341667 0.10787 0.0364583 0.0490741 0.00308804
9 0.253125 0.0893519 0.0125 0.0287037 0.00325614
9 0.264062 0.0796296 0.0125 0.0333333 0.0032854
0 0.731771 0.372222 0.0270833 0.0296296 0.00335937
2 0.360156 0.118519 0.0244792 0.0333333 0.00336432
9 0.416667 0.0189815 0.0177083 0.0361111 0.00344472
2 0.414062 0.112037 0.288542 0.0740741 0.00366249
2 0.652344 0.152315 0.0432292 0.062037 0.00371771
9 0.258854 0.0699074 0.0104167 0.0416667 0.00405539
0 0.570573 0.732407 0.168229 0.501852 0.00447245
2 0.291146 0.0708333 0.0114583 0.0175926 0.00458193
9 0.21276 0.0583333 0.0338542 0.0611111 0.00460568
12 0.984375 0.496759 0.015625 0.119444 0.00481808
1 0.0046875 0.396296 0.009375 0.111111 0.00497276
0 0.564583 0.237037 0.0385417 0.0444444 0.00544543
11 0.60625 0.0597222 0.009375 0.025 0.00560562
2 0.592448 0.126389 0.0171875 0.025 0.00567192
0 0.442969 0.0981481 0.0171875 0.0481481 0.0066692
2 0.449219 0.109722 0.136979 0.0564815 0.00679454
1 0.00989583 0.387963 0.0197917 0.125926 0.00696342
9 0.220833 0.0847222 0.0114583 0.0194444 0.00726395
2 0.8125 0.0782407 0.0197917 0.0175926 0.00737622
9 0.438021 0.204167 0.009375 0.037963 0.00752833
12 0.995052 0.489815 0.00885417 0.122222 0.00784727
9 0.570312 0.0314815 0.0145833 0.0592593 0.00821248
0 0.716146 0.371759 0.021875 0.0268519 0.00931369
2 0.270573 0.112037 0.0130208 0.0333333 0.0096176
2 0.238281 0.140741 0.0182292 0.0407407 0.0122192
1 0.810156 0.338426 0.0213542 0.0935185 0.0122955
19 0.442708 0.0875 0.0135417 0.0268519 0.0124211
2 0.635677 0.149537 0.0109375 0.0564815 0.0144904
9 0.219531 0.050463 0.0203125 0.0416667 0.0171522
0 0.635417 0.150463 0.009375 0.0490741 0.0177938
9 0.207031 0.0675926 0.0203125 0.0444444 0.0199775
5 0.216406 0.062963 0.0401042 0.0592593 0.021306
2 0.461458 0.114815 0.0125 0.0333333 0.0244755
2 0.792969 0.087963 0.0296875 0.0259259 0.025101
7 0.295312 0.110648 0.0333333 0.0805556 0.0312624
0 0.613542 0.215278 0.009375 0.0509259 0.0317964
0 0.757031 0.087963 0.0130208 0.0703704 0.0324159
2 0.363542 0.0671296 0.0125 0.0194444 0.0338557
2 0.442708 0.0875 0.0135417 0.0268519 0.0450786
9 0.502865 0.758796 0.0119792 0.0564815 0.0496502
9 0.567448 0.0481481 0.00885417 0.0240741 0.0853565
2 0.291927 0.115278 0.0255208 0.0712963 0.12618
9 0.26849 0.0342593 0.0213542 0.0648148 0.217868
2 0.322396 0.0856481 0.0385417 0.0342593 0.26916
2 0.476042 0.108796 0.0333333 0.0453704 0.361802
2 0.627865 0.120833 0.0255208 0.0509259 0.54313
2 0.50599 0.103704 0.0421875 0.062963 0.548131
2 0.31875 0.122222 0.05 0.0703704 0.673266
2 0.351562 0.116667 0.01875 0.0314815 0.688286
2 0.39401 0.0777778 0.0276042 0.0407407 0.765128
7 0.563021 0.267593 0.101042 0.181481 0.771068
11 0.729167 0.0435185 0.0270833 0.0555556 0.793647
10 0.203646 0.316667 0.0166667 0.0703704 0.813974
2 0.729948 0.419444 0.122396 0.172222 0.914681
