2 0.302083 0.130556 0.0270833 0.0574074 0.00101574
2 0.484896 0.196296 0.514583 0.264815 0.00104842
2 0.778125 0.102778 0.0270833 0.0537037 0.00107558
2 0.654427 0.140278 0.0755208 0.0805556 0.00112367
0 0.367188 0.264352 0.046875 0.0398148 0.00112468
9 0.18776 0.0856481 0.00677083 0.0305556 0.00112897
9 0.263281 0.0875 0.00885417 0.037963 0.00119414
2 0.264323 0.108796 0.00989583 0.0416667 0.00120401
9 0.259896 0.0740741 0.0125 0.0462963 0.00126859
9 0.2625 0.0430556 0.015625 0.0564815 0.00126914
2 0.814844 0.0689815 0.0151042 0.0138889 0.00127175
7 0.789844 0.0643518 0.0286458 0.062037 0.00134684
9 0.190365 0.0912037 0.00989583 0.025 0.0013657
9 0.500521 0.603241 0.015625 0.0416667 0.00136791
13 0.96849 0.562963 0.0536458 0.0592593 0.00148038
2 0.294792 0.106481 0.108333 0.0925926 0.00148723
9 0.547917 0.0509259 0.0104167 0.0259259 0.00150329
2 0.638802 0.128704 0.0484375 0.0611111 0.00157291
2 0.809896 0.0708333 0.0166667 0.0175926 0.00157734
0 0.459635 0.328241 0.727604 0.273148 0.00160525
12 0.976302 0.496296 0.0432292 0.127778 0.00160636
9 0.214323 0.0791667 0.0234375 0.0342593 0.00173371
2 0.577604 0.424074 0.66875 0.185185 0.00177392
0 0.716146 0.371759 0.0229167 0.0268519 0.00178045
0 0.757552 0.0875 0.0130208 0.0731481 0.00191491
2 0.200521 0.244907 0.01875 0.0138889 0.00193073
2 0.77526 0.122222 0.0203125 0.0425926 0.00203146
58 0.96849 0.492593 0.0296875 0.0925926 0.00204846
0 0.357552 0.264815 0.0255208 0.0203704 0.00206718
0 0.366406 0.250926 0.0265625 0.0296296 0.00215103
2 0.471615 0.109259 0.442187 0.0777778 0.00220009
1 0.0789063 0.152778 0.0442708 0.0574074 0.00223637
13 0.99349 0.51713 0.0119792 0.173148 0.00237166
0 0.35625 0.252778 0.0239583 0.0296296 0.00245893
12 0.701823 0.164352 0.0192708 0.037963 0.00247097
0 0.267188 0.0981481 0.0104167 0.0537037 0.00248233
0 0.394531 0.251852 0.0223958 0.0333333 0.00255358
1 0.0648438 0.147685 0.0348958 0.0546296 0.00262989
9 0.292708 0.0675926 0.0104167 0.0240741 0.00266766
2 0.647917 0.146296 0.0364583 0.0611111 0.00301957
0 0.38151 0.250926 0.0276042 0.0333333 0.00322379
7 0.970573 0.526852 0.0578125 0.211111 0.00327722
1 0.00885417 0.356944 0.0177083 0.125 0.00331283
0 0.1875 0.108796 0.00729167 0.0490741 0.0036163
1 0.0348958 0.175 0.034375 0.0481481 0.003695
1 0.0132813 0.368981 0.0265625 0.0472222 0.00377004
2 0.279167 0.117593 0.0322917 0.0518519 0.00387829
12 0.757292 0.0925926 0.0145833 0.0814815 0.00404305
9 0.110417 0.0273148 0.0135417 0.0361111 0.00410397
1 0.0244792 0.165741 0.0447917 0.0648148 0.00418577
7 0.2125 0.0625 0.0364583 0.062037 0.00439313
12 0.994531 0.493981 0.00989583 0.132407 0.00444073
11 0.23724 0.0694444 0.0161458 0.0444444 0.00448054
5 0.213021 0.0625 0.0364583 0.0601852 0.00460527
7 0.295052 0.106944 0.0286458 0.0768519 0.00461543
2 0.814323 0.0759259 0.0171875 0.0166667 0.0050305
2 0.433333 0.104167 0.208333 0.0657407 0.00515071
0 0.363281 0.0680556 0.0119792 0.025 0.005328
2 0.445312 0.0944444 0.0208333 0.0518519 0.00537918
12 0.692448 0.164352 0.0078125 0.037963 0.0057305
13 0.970573 0.522685 0.0578125 0.187963 0.00603356
2 0.334896 0.101389 0.0208333 0.0416667 0.00612713
9 0.114583 0.0236111 0.0125 0.0361111 0.00697644
9 0.206771 0.0680556 0.0197917 0.0435185 0.00745769
11 0.60599 0.0597222 0.00989583 0.0212963 0.00766475
1 0.00416667 0.408796 0.00833333 0.0824074 0.00794943
2 0.238542 0.141204 0.01875 0.0398148 0.0107382
0 0.284115 0.106019 0.00989583 0.0527778 0.0117179
2 0.592708 0.126852 0.0166667 0.0222222 0.0123201
9 0.502344 0.758333 0.0130208 0.0592593 0.0136213
2 0.373698 0.10463 0.0536458 0.0555556 0.0155278
2 0.296615 0.106944 0.0307292 0.0694444 0.0162559
1 0.00989583 0.397685 0.0197917 0.108333 0.0162931
9 0.269531 0.0351852 0.0213542 0.0611111 0.0176303
0 0.635417 0.147685 0.009375 0.0509259 0.0176887
2 0.635156 0.146296 0.0109375 0.0555556 0.0178934
2 0.36276 0.0708333 0.0109375 0.0268519 0.0199901
2 0.785156 0.087963 0.0140625 0.0240741 0.022724
2 0.270052 0.1125 0.0130208 0.0324074 0.0260005
9 0.567448 0.0476852 0.0078125 0.0231481 0.029945
2 0.290104 0.120833 0.0208333 0.0564815 0.0354709
0 0.442187 0.087963 0.0125 0.0240741 0.0440827
1 0.0510417 0.162037 0.0666667 0.0796296 0.059906
9 0.222917 0.0606481 0.0114583 0.037963 0.06593
2 0.321875 0.087037 0.0375 0.0351852 0.321285
2 0.4625 0.1 0.0427083 0.0685185 0.402319
2 0.627604 0.121759 0.025 0.0509259 0.424271
7 0.463021 0.1 0.04375 0.0685185 0.458651
2 0.50625 0.104167 0.0427083 0.062037 0.513938
2 0.385677 0.0958333 0.0328125 0.0472222 0.750541
2 0.318229 0.122685 0.0510417 0.0694444 0.779787
10 0.203646 0.315741 0.0166667 0.0722222 0.78137
11 0.729427 0.0430556 0.0265625 0.0546296 0.816519
2 0.378646 0.293981 0.108333 0.165741 0.875587
2 0.729427 0.419444 0.122396 0.17037 0.915212
