2 0.492708 0.199537 0.485417 0.276852 0.00101595
9 0.484375 0.0226852 0.0104167 0.025 0.00102272
0 0.488542 0.325463 0.663542 0.278704 0.00102645
9 0.566667 0.0319444 0.0177083 0.0583333 0.00103142
12 0.716146 0.163889 0.0125 0.0351852 0.00104042
2 0.0046875 0.0648148 0.009375 0.0425926 0.00106818
2 0.35625 0.102778 0.025 0.0555556 0.0010893
2 0.476823 0.1125 0.0244792 0.0453704 0.00113809
2 0.0140625 0.364815 0.028125 0.0462963 0.00116685
2 0.973437 0.506944 0.0510417 0.152778 0.00122068
2 0.805208 0.0717593 0.0114583 0.0194444 0.00139557
0 0.263021 0.109259 0.009375 0.0444444 0.00144039
2 0.00572917 0.0856481 0.0114583 0.0472222 0.00144694
9 0.252865 0.0856481 0.0140625 0.0361111 0.00153066
2 0.815104 0.0699074 0.015625 0.0157407 0.00158763
9 0.264062 0.0856481 0.0104167 0.0342593 0.00161535
2 0.653125 0.139815 0.0770833 0.0814815 0.00183922
0 0.716927 0.371759 0.0234375 0.0268519 0.00193938
2 0.295312 0.104167 0.090625 0.0898148 0.0020146
2 0.266667 0.0986111 0.0114583 0.0546296 0.00202177
2 0.292969 0.0708333 0.0140625 0.0157407 0.00208454
2 0.646875 0.14537 0.0354167 0.0592593 0.00213118
13 0.970833 0.523148 0.0572917 0.190741 0.00218824
12 0.702083 0.133796 0.0239583 0.075 0.00224308
2 0.332292 0.103704 0.0260417 0.05 0.0024574
0 0.711979 0.749537 0.040625 0.289815 0.00251958
9 0.257812 0.075 0.0104167 0.0444444 0.00253106
12 0.701302 0.163889 0.0234375 0.0388889 0.00255066
7 0.993229 0.516667 0.0125 0.175926 0.00255472
2 0.779688 0.102315 0.0291667 0.0490741 0.00255731
0 0.757552 0.0930556 0.0140625 0.0787037 0.00270069
2 0.578906 0.423611 0.580729 0.187963 0.00271561
12 0.977083 0.500463 0.0427083 0.137963 0.00277142
9 0.217969 0.0518519 0.0244792 0.0407407 0.00279273
7 0.790365 0.0652778 0.0296875 0.0638889 0.00282168
12 0.817708 0.234722 0.00833333 0.0416667 0.00305048
2 0.794792 0.0847222 0.03125 0.0287037 0.00330917
0 0.403385 0.273611 0.0255208 0.0287037 0.00331074
2 0.639844 0.124537 0.0494792 0.0564815 0.00374157
5 0.215625 0.0648148 0.040625 0.0537037 0.00381498
1 0.00885417 0.397685 0.0177083 0.112037 0.0039289
9 0.5 0.603704 0.015625 0.0388889 0.00405794
0 0.392448 0.271759 0.0338542 0.0324074 0.00441569
0 0.38125 0.270833 0.0270833 0.0305556 0.004599
7 0.970573 0.525 0.0578125 0.203704 0.0047193
11 0.23724 0.0680556 0.0171875 0.0435185 0.00480276
7 0.220052 0.0662037 0.0505208 0.062037 0.00516148
9 0.220573 0.0884259 0.0109375 0.012037 0.00541012
0 0.361719 0.0689815 0.0119792 0.025 0.00625698
12 0.994531 0.501389 0.00989583 0.149074 0.00643243
2 0.410417 0.10463 0.241667 0.0666667 0.00700509
12 0.691927 0.164815 0.00989583 0.0407407 0.00758277
11 0.60625 0.0601852 0.009375 0.0222222 0.00786018
9 0.20651 0.0685185 0.0213542 0.0425926 0.00790115
0 0.00364583 0.406944 0.00729167 0.0898148 0.00792869
2 0.814583 0.0768519 0.0166667 0.0166667 0.00794943
1 0.810677 0.330093 0.0203125 0.0916667 0.00882704
1 0.00390625 0.406944 0.0078125 0.0916667 0.00885526
0 0.635156 0.148148 0.00989583 0.05 0.00963345
2 0.634896 0.147685 0.0114583 0.0546296 0.0116468
2 0.270833 0.111574 0.0135417 0.0361111 0.0135314
2 0.238542 0.140741 0.01875 0.0407407 0.0139535
9 0.113802 0.025 0.0171875 0.0388889 0.0156215
2 0.371354 0.103704 0.05625 0.0574074 0.016317
2 0.592969 0.127778 0.0171875 0.0203704 0.0191746
2 0.44375 0.0912037 0.015625 0.0453704 0.0213424
9 0.567708 0.0476852 0.00833333 0.0231481 0.0232979
2 0.335938 0.087037 0.0197917 0.0351852 0.0238492
2 0.295833 0.107407 0.0333333 0.0796296 0.0259931
2 0.785417 0.087963 0.0145833 0.0240741 0.0346495
2 0.479688 0.0958333 0.0114583 0.0324074 0.0355734
2 0.291146 0.127315 0.01875 0.0490741 0.0399445
2 0.36224 0.0717593 0.0119792 0.025 0.0427999
9 0.502604 0.760185 0.0125 0.0555556 0.0429758
7 0.296615 0.105556 0.0338542 0.0777778 0.0442641
9 0.26875 0.0347222 0.0208333 0.0657407 0.0716559
2 0.321875 0.087037 0.0385417 0.0351852 0.263558
2 0.628125 0.121296 0.025 0.0518519 0.395891
2 0.505469 0.104167 0.0442708 0.062037 0.547786
2 0.459896 0.1 0.0427083 0.0648148 0.566586
2 0.317969 0.121759 0.0515625 0.0694444 0.744502
10 0.203906 0.315278 0.0161458 0.0712963 0.77501
2 0.383594 0.0907407 0.0307292 0.0481481 0.780188
11 0.729427 0.0435185 0.0265625 0.0555556 0.800705
2 0.383854 0.3125 0.113542 0.176852 0.862894
2 0.729688 0.419444 0.121875 0.17037 0.907097
