9 0.816927 0.237037 0.00885417 0.0388889 0.0010627
2 0.547396 0.426852 0.552083 0.17963 0.00108728
2 0.778646 0.108333 0.028125 0.0462963 0.00111151
9 0.48151 0.490278 0.0140625 0.0287037 0.00116539
7 0.219792 0.0884259 0.0541667 0.117593 0.00131245
7 0.229687 0.0722222 0.0302083 0.0574074 0.00134468
7 0.970573 0.525463 0.0578125 0.19537 0.0013451
9 0.567187 0.0615741 0.0104167 0.0509259 0.00138336
12 0.702083 0.126852 0.0229167 0.0611111 0.00138463
2 0.770312 0.111111 0.0135417 0.0277778 0.00143853
7 0.275521 0.0449074 0.0354167 0.0898148 0.00145032
7 0.145573 0.0912037 0.0661458 0.0787037 0.00145564
9 0.429948 0.0444444 0.0078125 0.0203704 0.00151836
9 0.555208 0.0509259 0.0114583 0.0240741 0.00155318
12 0.995052 0.494444 0.00885417 0.127778 0.00158172
9 0.252344 0.0875 0.0130208 0.0361111 0.00159516
14 0.50026 0.602315 0.0151042 0.037963 0.00164087
9 0.275 0.0685185 0.0364583 0.133333 0.00166827
2 0.655208 0.136111 0.0833333 0.087037 0.00171659
0 0.539323 0.241204 0.519271 0.356481 0.00172115
9 0.547656 0.0583333 0.00989583 0.0240741 0.00174468
0 0.463802 0.620833 0.781771 0.367593 0.00189782
58 0.967969 0.496759 0.0286458 0.0842593 0.00190508
32 0.460156 0.356481 0.00989583 0.0148148 0.00193411
2 0.29974 0.106019 0.0859375 0.0916667 0.00197931
12 0.701823 0.164352 0.0234375 0.037963 0.002002
9 0.25625 0.0763889 0.0114583 0.0490741 0.00203265
9 0.29375 0.0546296 0.0104167 0.0462963 0.00208412
2 0.442708 0.087963 0.0135417 0.0277778 0.00224843
9 0.415885 0.0101852 0.0151042 0.0203704 0.00227454
0 0.740365 0.371296 0.0244792 0.0314815 0.00231326
9 0.263542 0.0865741 0.009375 0.0361111 0.00235287
7 0.989844 0.519907 0.0192708 0.186111 0.00239252
0 0.453385 0.405556 0.847396 0.733333 0.00245056
2 0.238542 0.140278 0.01875 0.0416667 0.00254816
2 0.363802 0.0671296 0.0109375 0.0212963 0.00256532
9 0.578125 0.0337963 0.015625 0.0601852 0.00258332
1 0.810677 0.32963 0.0182292 0.0851852 0.00265551
9 0.502344 0.759722 0.0119792 0.0546296 0.00275669
11 0.2375 0.0666667 0.015625 0.0388889 0.00325841
9 0.583854 0.0393519 0.0125 0.0490741 0.00338915
9 0.3625 0.0680556 0.009375 0.025 0.0034394
2 0.59349 0.122685 0.0161458 0.0287037 0.00345397
0 0.266667 0.0976852 0.0104167 0.0527778 0.00349043
2 0.413542 0.110185 0.2875 0.0777778 0.00349828
11 0.60625 0.0601852 0.009375 0.0240741 0.00352269
9 0.571615 0.0314815 0.0130208 0.0574074 0.00361787
2 0.572656 0.108333 0.236979 0.0648148 0.00375128
9 0.994531 0.498148 0.00989583 0.137037 0.00381401
0 0.756771 0.375 0.0197917 0.0296296 0.00405741
2 0.292969 0.0717593 0.0109375 0.0175926 0.00479208
0 0.730208 0.372685 0.0239583 0.0268519 0.00496441
7 0.215625 0.0638889 0.040625 0.0666667 0.00505384
2 0.306771 0.0828704 0.0260417 0.0361111 0.00633202
2 0.286458 0.114352 0.015625 0.0712963 0.00650377
9 0.215365 0.0555556 0.0296875 0.0481481 0.00790998
2 0.481771 0.108796 0.0604167 0.0583333 0.00816789
9 0.207552 0.0657407 0.0182292 0.0444444 0.00839267
7 0.789583 0.0657407 0.0270833 0.062963 0.0089334
12 0.693229 0.164352 0.00729167 0.037963 0.010241
2 0.270833 0.110648 0.0145833 0.037963 0.0115758
0 0.758073 0.0736111 0.0109375 0.0416667 0.0131867
0 0.75625 0.0902778 0.0145833 0.0731481 0.013823
9 0.222656 0.0601852 0.0140625 0.0407407 0.014332
9 0.442969 0.087963 0.0130208 0.0259259 0.0168644
0 0.71276 0.372685 0.0203125 0.025 0.0183294
2 0.814583 0.0773148 0.0177083 0.0194444 0.0202746
1 0.00416667 0.408333 0.00833333 0.0851852 0.0204592
2 0.635156 0.145833 0.0109375 0.0527778 0.0213914
7 0.296875 0.106481 0.0395833 0.0833333 0.0237618
2 0.785677 0.0888889 0.0140625 0.0222222 0.0259073
1 0.009375 0.398611 0.01875 0.106481 0.0290965
0 0.635417 0.147685 0.009375 0.0509259 0.0294479
9 0.269271 0.0361111 0.0229167 0.0685185 0.0373812
9 0.567187 0.0486111 0.00833333 0.0231481 0.0451243
2 0.297917 0.106481 0.0364583 0.0796296 0.0474835
0 0.37474 0.525 0.0401042 0.05 0.0758817
0 0.340885 0.528704 0.0390625 0.0462963 0.158055
2 0.465625 0.111574 0.01875 0.0416667 0.185519
0 0.388542 0.526389 0.0354167 0.0490741 0.198349
2 0.479948 0.109722 0.0223958 0.0453704 0.270025
2 0.322396 0.087037 0.0375 0.0351852 0.429731
2 0.627344 0.120833 0.0255208 0.0509259 0.455534
2 0.50599 0.104167 0.0432292 0.062037 0.539848
10 0.203906 0.316204 0.0161458 0.0712963 0.768414
2 0.317969 0.122222 0.0515625 0.0703704 0.773101
11 0.728906 0.0435185 0.0265625 0.0574074 0.810884
2 0.402604 0.274537 0.096875 0.125 0.899135
2 0.729948 0.42037 0.122396 0.17037 0.915077
2 0.363802 0.57963 0.152604 0.214815 0.932362
