13 0.969792 0.568056 0.05625 0.0731481 0.00100212
2 0.77526 0.113426 0.0213542 0.0324074 0.00100337
7 0.235677 0.0865741 0.0890625 0.136111 0.00102677
0 0.460677 0.280556 0.583854 0.459259 0.00104537
9 0.116406 0.0222222 0.0151042 0.0388889 0.00105797
2 0.286458 0.0800926 0.0208333 0.037963 0.00107151
2 0.26849 0.0574074 0.0182292 0.0462963 0.00107218
9 0.547917 0.0527778 0.0104167 0.0240741 0.00107667
2 0.494271 0.0986111 0.0447917 0.0509259 0.00110443
0 0.995573 0.323611 0.0078125 0.0583333 0.00115289
32 0.454167 0.314815 0.00833333 0.0148148 0.00119029
0 0.15599 0.277778 0.0140625 0.0333333 0.00129904
7 0.277604 0.0976852 0.113542 0.108333 0.00132028
0 0.730208 0.371759 0.028125 0.0287037 0.00132134
9 0.27526 0.0430556 0.0380208 0.0842593 0.00140621
2 0.275781 0.111111 0.0234375 0.0555556 0.0014091
0 0.263802 0.100463 0.00885417 0.0583333 0.00142371
11 0.240365 0.0384259 0.0234375 0.0731481 0.00143814
9 0.291927 0.0550926 0.00885417 0.037963 0.00153158
2 0.555469 0.1125 0.208854 0.0787037 0.00171876
9 0.573958 0.0305556 0.015625 0.0574074 0.00177611
0 0.756771 0.373611 0.021875 0.0342593 0.0018361
7 0.970052 0.527315 0.0588542 0.210185 0.00205439
2 0.00546875 0.303704 0.0109375 0.1 0.00206032
11 0.236719 0.0685185 0.0182292 0.0444444 0.00215068
3 0.00546875 0.357407 0.0109375 0.218519 0.00222691
9 0.263281 0.0898148 0.0078125 0.0462963 0.00225625
2 0.00833333 0.396759 0.0166667 0.110185 0.00235901
2 0.00416667 0.466204 0.00833333 0.182407 0.00240886
9 0.108333 0.0259259 0.0114583 0.0333333 0.00263815
0 0.458594 0.0675926 0.0119792 0.0222222 0.00268166
2 0.470052 0.130093 0.0557292 0.0787037 0.00268858
9 0.218229 0.101852 0.00833333 0.037037 0.00281226
9 0.270052 0.049537 0.0192708 0.037963 0.00293667
2 0.00494792 0.275 0.00989583 0.0407407 0.00322477
2 0.0294271 0.265741 0.0588542 0.0592593 0.0037473
9 0.565365 0.0439815 0.00989583 0.0324074 0.00403097
12 0.702083 0.138426 0.021875 0.087963 0.00405861
13 0.993229 0.518056 0.0125 0.175 0.00421621
12 0.994271 0.494907 0.0104167 0.137963 0.00422285
7 0.78776 0.0643518 0.0234375 0.0601852 0.00434933
9 0.50026 0.602778 0.0151042 0.0425926 0.00448302
0 0.710156 0.374537 0.0213542 0.025 0.00452084
2 0.267188 0.0981481 0.0104167 0.0574074 0.00462634
0 0.152865 0.273611 0.0109375 0.0231481 0.00471349
7 0.275521 0.0712963 0.0385417 0.140741 0.00495533
58 0.96849 0.493981 0.0286458 0.087963 0.00503513
9 0.269531 0.0208333 0.0223958 0.037963 0.00569384
9 0.991667 0.51713 0.015625 0.175 0.00643183
13 0.970833 0.518981 0.0572917 0.176852 0.00660963
5 0.220052 0.0787037 0.0536458 0.0833333 0.00681395
0 0.2875 0.113889 0.0166667 0.0722222 0.00726538
9 0.21224 0.0643518 0.0359375 0.0583333 0.00747275
2 0.45599 0.0856481 0.0265625 0.0231481 0.00778527
2 0.291146 0.0712963 0.0114583 0.0148148 0.00807156
2 0.238542 0.138889 0.01875 0.0444444 0.00985189
9 0.502344 0.758333 0.0130208 0.0555556 0.0107251
7 0.220052 0.0611111 0.0526042 0.0833333 0.0129156
2 0.60625 0.0592593 0.0104167 0.0277778 0.0129602
5 0.2125 0.062037 0.034375 0.0555556 0.0133697
9 0.221094 0.087963 0.0119792 0.0148148 0.0145632
0 0.634896 0.147222 0.009375 0.0518519 0.0152616
2 0.270833 0.109722 0.0135417 0.037963 0.0174044
7 0.294271 0.106481 0.028125 0.0833333 0.0178384
2 0.784896 0.0884259 0.0135417 0.0194444 0.0187336
9 0.567187 0.0467593 0.00729167 0.0231481 0.019511
2 0.634635 0.144444 0.0109375 0.0537037 0.0307508
2 0.290885 0.113889 0.0234375 0.0703704 0.0312213
0 0.75651 0.0884259 0.0140625 0.0805556 0.032986
2 0.442187 0.0916667 0.0145833 0.0351852 0.0445764
0 0.441406 0.0986111 0.0151042 0.0435185 0.0659624
2 0.00390625 0.419444 0.0078125 0.0592593 0.085036
2 0.321615 0.0851852 0.0390625 0.0351852 0.335407
2 0.627083 0.121759 0.0260417 0.0527778 0.437486
2 0.509635 0.103241 0.0359375 0.062037 0.588267
7 0.469531 0.122685 0.0578125 0.0935185 0.662007
10 0.204167 0.315278 0.015625 0.0694444 0.709856
2 0.31849 0.12037 0.0505208 0.0685185 0.765665
11 0.728906 0.0421296 0.0265625 0.0527778 0.792078
2 0.10026 0.320833 0.200521 0.202778 0.799138
2 0.729948 0.419444 0.122396 0.17037 0.904103
