0 0.994792 0.375926 0.009375 0.151852 0.00104875
2 0.779948 0.167593 0.0598958 0.0648148 0.00107125
0 0.460938 0.421759 0.534375 0.797222 0.00107733
2 0.245052 0.105556 0.00885417 0.0333333 0.00111961
9 0.5 0.601852 0.015625 0.0388889 0.00112228
2 0.817448 0.23287 0.00885417 0.037963 0.00114047
2 0.352083 0.106481 0.0239583 0.0518519 0.00114843
7 0.970312 0.527778 0.0583333 0.205556 0.00123018
0 0.445312 0.100926 0.0229167 0.05 0.00123513
2 0.28724 0.0800926 0.0234375 0.0361111 0.00124537
7 0.390365 0.0518519 0.0411458 0.0462963 0.00126261
2 0.653385 0.152315 0.0473958 0.0638889 0.00132876
0 0.1875 0.111574 0.00729167 0.0416667 0.00140633
9 0.484375 0.0199074 0.0114583 0.0287037 0.00141033
2 0.416146 0.0305556 0.015625 0.037037 0.00145598
2 0.254948 0.087037 0.0203125 0.0388889 0.00146877
2 0.786198 0.103241 0.0442708 0.0601852 0.00147113
12 0.699479 0.163426 0.021875 0.0416667 0.00149353
58 0.966146 0.511111 0.0479167 0.125926 0.00152919
2 0.530208 0.102778 0.015625 0.0574074 0.0015743
9 0.29375 0.0541667 0.009375 0.0342593 0.00159166
13 0.986979 0.518981 0.025 0.175 0.00168864
2 0.975781 0.496296 0.0473958 0.124074 0.00174296
9 0.589844 0.0421296 0.0130208 0.0416667 0.00174497
2 0.813802 0.0759259 0.0192708 0.0203704 0.00189307
2 0.815365 0.0680556 0.0161458 0.012037 0.00194522
13 0.9625 0.554167 0.040625 0.0416667 0.0019618
2 0.367708 0.0523148 0.028125 0.0435185 0.00201473
0 0.263021 0.100926 0.009375 0.0555556 0.0020759
32 0.454427 0.313889 0.0078125 0.012963 0.00208941
2 0.795573 0.0847222 0.0473958 0.0361111 0.00214366
12 0.976562 0.49537 0.0458333 0.122222 0.00219989
9 0.559635 0.0305556 0.0234375 0.0592593 0.00234772
9 0.416146 0.0171296 0.0177083 0.0342593 0.00236033
2 0.236719 0.0671296 0.0171875 0.0416667 0.00256625
2 0.534896 0.1125 0.407292 0.0824074 0.00257021
2 0.77526 0.116204 0.0213542 0.0324074 0.00274123
9 0.552604 0.0472222 0.0145833 0.0296296 0.00277647
2 0.297656 0.101852 0.0796875 0.1 0.00285215
13 0.00442708 0.398611 0.00885417 0.106481 0.00290876
9 0.99375 0.491667 0.0114583 0.118519 0.00294872
13 0.971354 0.520833 0.05625 0.175 0.00300312
2 0.605208 0.0606481 0.0125 0.025 0.00309273
2 0.391667 0.0703704 0.0385417 0.0333333 0.00319341
0 0.442448 0.0861111 0.0130208 0.0259259 0.0034298
9 0.548177 0.0518519 0.0109375 0.0277778 0.0036256
58 0.96849 0.496759 0.0286458 0.0842593 0.00385745
0 0.757031 0.0773148 0.0130208 0.0472222 0.00385891
2 0.270312 0.0518519 0.0197917 0.0407407 0.00431368
7 0.276302 0.0671296 0.0380208 0.128704 0.0044902
9 0.757292 0.0731481 0.0114583 0.0407407 0.0051921
12 0.99375 0.491667 0.0114583 0.12037 0.00522891
9 0.210677 0.0662037 0.0296875 0.0509259 0.00619205
12 0.692448 0.165278 0.0119792 0.0398148 0.00703972
9 0.583333 0.0347222 0.015625 0.0601852 0.00711542
0 0.757812 0.122685 0.0135417 0.0287037 0.00888859
9 0.270312 0.0481481 0.01875 0.0388889 0.0102509
9 0.502344 0.759259 0.0119792 0.0555556 0.0111033
9 0.56901 0.0314815 0.0130208 0.0592593 0.0115987
0 0.635156 0.147685 0.00989583 0.0527778 0.0118696
9 0.26875 0.0268519 0.021875 0.05 0.0128665
0 0.995573 0.328704 0.0078125 0.0518519 0.0129953
2 0.271354 0.107407 0.0145833 0.0425926 0.0132811
10 0.441927 0.0865741 0.0130208 0.025 0.0133882
2 0.634375 0.141667 0.0114583 0.05 0.0142272
2 0.238021 0.140278 0.0177083 0.0435185 0.0170785
2 0.592448 0.126852 0.0171875 0.0222222 0.0182549
2 0.786719 0.087963 0.0182292 0.0277778 0.0193196
5 0.220313 0.0648148 0.0489583 0.0574074 0.0207916
2 0.491146 0.106944 0.0177083 0.0509259 0.0234031
7 0.314323 0.108796 0.0578125 0.0842593 0.0310057
7 0.220052 0.0652778 0.0505208 0.062037 0.0421022
2 0.4625 0.110648 0.0135417 0.0416667 0.069536
9 0.567187 0.0481481 0.00833333 0.0240741 0.0759161
7 0.295833 0.106944 0.034375 0.0824074 0.0917461
2 0.295052 0.10787 0.0328125 0.0842593 0.115492
2 0.358594 0.0625 0.0119792 0.0231481 0.130467
2 0.528385 0.0791667 0.0161458 0.0324074 0.142242
2 0.321875 0.0851852 0.0385417 0.0351852 0.20777
2 0.472135 0.109259 0.0317708 0.0444444 0.241782
2 0.364062 0.0615741 0.021875 0.025 0.257166
2 0.627083 0.121296 0.0260417 0.05 0.356975
2 0.391406 0.0587963 0.0359375 0.0324074 0.50531
2 0.505729 0.103241 0.0427083 0.0638889 0.566878
2 0.31849 0.119907 0.0515625 0.0731481 0.632229
10 0.203646 0.315741 0.015625 0.0703704 0.660238
11 0.729167 0.0435185 0.0270833 0.0574074 0.79886
2 0.389583 0.107407 0.0458333 0.0648148 0.830466
2 0.382552 0.184259 0.0640625 0.0925926 0.878239
2 0.729688 0.419444 0.122917 0.172222 0.909515
2 0.745573 0.190741 0.127604 0.111111 0.915697
