12 0.701823 0.127315 0.0223958 0.0601852 0.00101324
2 0.253385 0.127778 0.0213542 0.0611111 0.00103289
12 0.995313 0.536574 0.00833333 0.0546296 0.00112306
2 0.994792 0.331944 0.009375 0.0583333 0.00112448
2 0.536458 0.110185 0.0114583 0.0481481 0.00116037
9 0.257812 0.0773148 0.0145833 0.0527778 0.00118667
9 0.253646 0.0884259 0.015625 0.0342593 0.00122941
2 0.00546875 0.0925926 0.0109375 0.0462963 0.00124401
58 0.00911458 0.39537 0.0182292 0.114815 0.00125946
2 0.472917 0.102778 0.0375 0.0611111 0.00127203
0 0.732031 0.371296 0.0265625 0.0296296 0.00128796
2 0.757031 0.119444 0.0140625 0.0351852 0.00129436
2 0.0302083 0.106019 0.0489583 0.0583333 0.00131038
2 0.648698 0.147685 0.0380208 0.0601852 0.00133786
2 0.229167 0.134722 0.0364583 0.0546296 0.00140176
2 0.0132813 0.395833 0.0265625 0.112037 0.00143924
13 0.0135417 0.394907 0.0270833 0.112037 0.001519
2 0.53099 0.1125 0.0130208 0.0435185 0.0016847
2 0.410156 0.112037 0.290104 0.0888889 0.00170036
2 0.563021 0.111111 0.258333 0.0759259 0.0017565
12 0.701563 0.164815 0.0239583 0.0351852 0.00176215
9 0.414844 0.0101852 0.0140625 0.0203704 0.0018084
2 0.442969 0.0875 0.0140625 0.0287037 0.00182586
1 0.00546875 0.387037 0.0109375 0.12037 0.00190028
7 0.27474 0.0375 0.0359375 0.0731481 0.00190083
2 0.99401 0.518056 0.0109375 0.165741 0.00193659
7 0.23724 0.0694444 0.0161458 0.0462963 0.0019537
2 0.815885 0.0694444 0.0140625 0.0111111 0.00199161
2 0.238281 0.114815 0.0182292 0.0462963 0.00201243
0 0.2375 0.136111 0.0177083 0.0444444 0.00205108
32 0.460938 0.356944 0.0104167 0.0157407 0.0022074
13 0.00442708 0.393519 0.00885417 0.114815 0.00222703
3 0.817187 0.232407 0.009375 0.0444444 0.00225387
9 0.993229 0.509259 0.0125 0.153704 0.00239344
2 0.817187 0.231944 0.009375 0.0453704 0.0025263
2 0.592188 0.125463 0.0166667 0.025 0.00256048
2 0.445052 0.116667 0.0234375 0.0203704 0.00261715
9 0.361979 0.0675926 0.00833333 0.0296296 0.00264441
9 0.263542 0.0907407 0.00833333 0.0388889 0.00284279
32 0.454688 0.314815 0.00729167 0.0148148 0.00290645
0 0.758073 0.0712963 0.00989583 0.0388889 0.0030396
58 0.96849 0.499537 0.0307292 0.087963 0.00308011
0 0.263281 0.103704 0.00885417 0.05 0.00320202
0 0.716406 0.370833 0.0234375 0.0287037 0.00323535
2 0.813542 0.075463 0.0177083 0.0157407 0.00338029
9 0.49974 0.602778 0.0140625 0.037037 0.00350851
11 0.60599 0.0606481 0.00989583 0.0231481 0.00364125
2 0.301302 0.0851852 0.0453125 0.0814815 0.0036562
1 0.809896 0.326852 0.0197917 0.0814815 0.00426973
12 0.99349 0.504167 0.0119792 0.14537 0.00453945
0 0.995573 0.331481 0.0078125 0.0555556 0.00461401
0 0.266667 0.099537 0.0104167 0.0527778 0.00621438
12 0.688802 0.170833 0.0140625 0.0287037 0.00632519
10 0.442969 0.0875 0.0140625 0.0287037 0.00690305
9 0.216146 0.0583333 0.0270833 0.0574074 0.00702037
2 0.00390625 0.418981 0.0078125 0.0638889 0.00861111
9 0.26901 0.0268519 0.0213542 0.0462963 0.00886414
2 0.270573 0.108333 0.0119792 0.0425926 0.010211
2 0.785417 0.0893519 0.0145833 0.0231481 0.0110908
0 0.635417 0.147685 0.009375 0.0527778 0.0171911
9 0.208854 0.0685185 0.025 0.0481481 0.0181977
2 0.488542 0.108333 0.0125 0.05 0.0183981
2 0.634896 0.142593 0.0114583 0.05 0.0184135
9 0.573958 0.0305556 0.0145833 0.0592593 0.020484
2 0.269792 0.0462963 0.01875 0.0388889 0.0318595
5 0.220573 0.0703704 0.0505208 0.062963 0.0348051
9 0.502865 0.759722 0.0119792 0.0527778 0.0356803
7 0.220313 0.0689815 0.05 0.0638889 0.0448125
2 0.238542 0.141667 0.0177083 0.0388889 0.0593698
7 0.30599 0.0652778 0.0307292 0.0453704 0.0607316
7 0.297656 0.108796 0.0380208 0.0805556 0.0637841
9 0.567187 0.0481481 0.00729167 0.0222222 0.0652962
2 0.321875 0.0884259 0.0385417 0.0342593 0.120633
2 0.29401 0.111574 0.0296875 0.0768519 0.151351
2 0.477604 0.111111 0.0177083 0.0425926 0.189427
2 0.466406 0.113426 0.0203125 0.037963 0.208953
2 0.627344 0.122222 0.0255208 0.0537037 0.238592
2 0.305729 0.0587963 0.0302083 0.0324074 0.54379
2 0.318229 0.120833 0.0510417 0.0712963 0.650065
2 0.50599 0.104167 0.0432292 0.062037 0.697135
10 0.203906 0.316667 0.0171875 0.0722222 0.778198
11 0.728906 0.0425926 0.0276042 0.0555556 0.799074
2 0.486198 0.174074 0.0598958 0.0777778 0.856479
2 0.729948 0.419444 0.122396 0.172222 0.905269
