1 0.844531 0.318981 0.0869792 0.0972222 0.00103488
7 0.788542 0.0652778 0.025 0.062037 0.00105636
2 0.443229 0.0986111 0.01875 0.0490741 0.00106494
9 0.292708 0.0555556 0.009375 0.0388889 0.00106965
9 0.990625 0.512963 0.0177083 0.161111 0.00110939
12 0.716146 0.165741 0.0125 0.0333333 0.00111411
2 0.0135417 0.398611 0.0270833 0.119444 0.00112101
9 0.441927 0.225463 0.0078125 0.0175926 0.00116568
9 0.556771 0.0273148 0.0239583 0.0527778 0.00116974
2 0.800781 0.0847222 0.0421875 0.0342593 0.00118102
2 0.575521 0.124074 0.0520833 0.0388889 0.00118659
0 0.817187 0.234259 0.00833333 0.0407407 0.00120755
10 0.176823 0.279167 0.0140625 0.0435185 0.00120869
9 0.757031 0.0893519 0.0151042 0.0694444 0.00121062
12 0.980208 0.500463 0.0354167 0.132407 0.00125987
2 0.238542 0.0990741 0.0177083 0.0518519 0.00131112
11 0.239583 0.0342593 0.0208333 0.0648148 0.00131401
12 0.701823 0.165278 0.0234375 0.0361111 0.00132614
1 0.0111979 0.370833 0.0223958 0.0546296 0.00136857
2 0.363802 0.0671296 0.0109375 0.0194444 0.00138083
13 0.986198 0.52037 0.0265625 0.175926 0.00146598
13 0.970573 0.525463 0.0578125 0.187963 0.00151273
2 0.295312 0.106019 0.0854167 0.0935185 0.00153876
58 0.96849 0.497222 0.0296875 0.0888889 0.00155148
9 0.995052 0.5125 0.00885417 0.0898148 0.00156655
2 0.219792 0.131019 0.05625 0.062037 0.00158312
1 0.802083 0.321759 0.025 0.0824074 0.00160912
2 0.85026 0.317593 0.0984375 0.114815 0.0017629
7 0.977083 0.524074 0.0447917 0.194444 0.00196285
10 0.19375 0.294444 0.0354167 0.116667 0.00217033
2 0.771615 0.109722 0.0140625 0.0268519 0.0021886
2 0.779167 0.100463 0.0291667 0.0453704 0.00221673
2 0.401042 0.111111 0.253125 0.0759259 0.00257203
13 0.0138021 0.395833 0.0276042 0.112037 0.00269689
9 0.458333 0.0648148 0.00729167 0.0296296 0.00273311
13 0.961719 0.556019 0.0401042 0.0472222 0.00273917
11 0.255208 0.0865741 0.0177083 0.0416667 0.00282836
0 0.714844 0.372685 0.0234375 0.0268519 0.00283879
0 0.895312 0.262963 0.009375 0.0259259 0.00291331
2 0.756771 0.116204 0.015625 0.0342593 0.00296707
2 0.592708 0.124537 0.0177083 0.0268519 0.00309055
0 0.266406 0.0972222 0.00989583 0.0555556 0.00314488
2 0.65 0.149074 0.0385417 0.0592593 0.00315382
1 0.0132813 0.395833 0.0265625 0.112037 0.0033221
2 0.548958 0.110185 0.173958 0.0611111 0.00333274
11 0.60651 0.0606481 0.00989583 0.0231481 0.00339671
9 0.263021 0.0898148 0.00833333 0.0425926 0.00339985
2 0.814062 0.0763889 0.01875 0.0194444 0.00471043
9 0.275781 0.0412037 0.0359375 0.0787037 0.00474746
9 0.36224 0.0699074 0.00885417 0.0231481 0.00501305
9 0.572396 0.0314815 0.0145833 0.0592593 0.00581925
2 0.442708 0.0875 0.0135417 0.0268519 0.00597383
1 0.00598958 0.397685 0.0119792 0.108333 0.00658177
2 0.285677 0.118056 0.0140625 0.062037 0.00688243
12 0.994531 0.499074 0.00989583 0.138889 0.00709221
12 0.693229 0.163889 0.00729167 0.0388889 0.00765275
11 0.23724 0.0703704 0.0161458 0.0462963 0.00845377
2 0.270312 0.110185 0.0125 0.037037 0.00847816
7 0.220052 0.0680556 0.0505208 0.0712963 0.0106777
2 0.0046875 0.556944 0.009375 0.0416667 0.0109068
5 0.220573 0.0694444 0.0494792 0.0685185 0.0109976
9 0.213021 0.062037 0.0333333 0.0592593 0.0116094
9 0.502083 0.758796 0.0135417 0.0564815 0.0119561
2 0.634896 0.140741 0.0114583 0.0537037 0.0145934
9 0.442448 0.0875 0.0130208 0.0268519 0.0180162
2 0.238281 0.141204 0.0182292 0.0398148 0.0183415
1 0.810156 0.332407 0.0192708 0.0814815 0.0188309
2 0.786198 0.0888889 0.0151042 0.0240741 0.0245299
9 0.26875 0.0310185 0.0208333 0.0564815 0.0455061
9 0.567187 0.0481481 0.00833333 0.0240741 0.0459642
2 0.48776 0.107407 0.0151042 0.05 0.07925
2 0.3 0.10463 0.0322917 0.0759259 0.132081
2 0.532552 0.121296 0.0151042 0.0296296 0.169195
2 0.466927 0.109722 0.0213542 0.0435185 0.249177
2 0.477344 0.108333 0.0296875 0.0462963 0.267285
2 0.321354 0.087037 0.0385417 0.0333333 0.269844
2 0.50625 0.103704 0.0427083 0.062963 0.605782
2 0.627604 0.122685 0.0260417 0.0509259 0.63782
2 0.31849 0.121296 0.0515625 0.0703704 0.760637
10 0.203906 0.316204 0.0161458 0.0712963 0.804096
11 0.728906 0.0435185 0.0276042 0.0574074 0.813039
2 0.729688 0.419444 0.121875 0.17037 0.884462
