0 0.739323 0.369907 0.0265625 0.0342593 0.00105971
9 0.548177 0.0523148 0.0109375 0.0231481 0.00106409
7 0.236458 0.0685185 0.0177083 0.0444444 0.00108151
9 0.457812 0.0662037 0.00833333 0.0268519 0.00109205
11 0.728646 0.0675926 0.0291667 0.107407 0.00109735
0 0.264062 0.0935185 0.009375 0.0537037 0.00115489
9 0.186979 0.0819444 0.00729167 0.0268519 0.00134601
1 0.0330729 0.172222 0.0640625 0.0592593 0.00135164
13 0.0114583 0.365278 0.0229167 0.0601852 0.0013736
2 0.660937 0.149074 0.065625 0.0611111 0.00145944
9 0.263542 0.0435185 0.0177083 0.0481481 0.00153276
2 0.445833 0.114815 0.0239583 0.0240741 0.00163865
0 0.757031 0.374074 0.0203125 0.0333333 0.00167266
12 0.690365 0.162037 0.0109375 0.0407407 0.00169804
2 0.0122396 0.390741 0.0244792 0.12963 0.00185278
2 0.770573 0.109722 0.0161458 0.0287037 0.00188448
0 0.730729 0.371296 0.0260417 0.0277778 0.00190445
2 0.238542 0.137963 0.0197917 0.0444444 0.00196613
2 0.566146 0.10787 0.227083 0.0675926 0.00199925
0 0.75651 0.0689815 0.0119792 0.0398148 0.00203718
2 0.776042 0.105093 0.025 0.0361111 0.00207745
0 0.755469 0.0902778 0.0161458 0.0842593 0.00215007
1 0.0106771 0.35 0.0213542 0.0907407 0.00221236
13 0.993229 0.518519 0.0125 0.174074 0.00235003
13 0.00442708 0.401852 0.00885417 0.1 0.0028999
58 0.965885 0.493981 0.0244792 0.0842593 0.00302295
9 0.990625 0.516204 0.0177083 0.173148 0.00303313
13 0.961458 0.553241 0.0395833 0.0453704 0.00305636
1 0.00390625 0.408796 0.0078125 0.087963 0.00306451
13 0.0127604 0.390278 0.0255208 0.123148 0.00314807
0 0.716927 0.370833 0.0265625 0.0287037 0.00317149
7 0.970573 0.525463 0.0578125 0.199074 0.0032596
0 0.709115 0.373148 0.0203125 0.0277778 0.00327671
9 0.208333 0.0666667 0.025 0.0444444 0.00355247
9 0.994531 0.497222 0.00989583 0.138889 0.00384976
12 0.992708 0.504167 0.0135417 0.150926 0.00396414
1 0.00963542 0.391204 0.0192708 0.126852 0.00422083
7 0.788542 0.0625 0.0260417 0.0583333 0.0042921
13 0.970312 0.538426 0.0583333 0.152778 0.00454345
7 0.276042 0.0425926 0.0375 0.0833333 0.00456996
2 0.00390625 0.410185 0.0078125 0.0851852 0.00485375
13 0.985156 0.518056 0.0286458 0.180556 0.00490028
2 0.442187 0.0856481 0.0135417 0.0231481 0.00506619
2 0.605729 0.0592593 0.009375 0.0259259 0.0051525
2 0.291146 0.0694444 0.0104167 0.0148148 0.00540607
0 0.286979 0.110648 0.0166667 0.0768519 0.00557242
7 0.279167 0.0800926 0.0322917 0.123148 0.00559935
0 0.284115 0.0916667 0.0109375 0.0425926 0.00589149
9 0.502344 0.759259 0.0130208 0.0574074 0.00680998
7 0.216406 0.0634259 0.0442708 0.0601852 0.00698766
2 0.291146 0.110185 0.0229167 0.0703704 0.00894121
2 0.269792 0.108796 0.0125 0.037963 0.00908811
2 0.784635 0.0875 0.0130208 0.0194444 0.00971265
9 0.441667 0.0861111 0.0135417 0.0240741 0.0104697
5 0.220052 0.0648148 0.0494792 0.0555556 0.0110915
9 0.566667 0.0462963 0.00833333 0.0240741 0.0115671
9 0.291667 0.0513889 0.00833333 0.0416667 0.012087
9 0.49974 0.601852 0.0151042 0.0388889 0.0130486
9 0.220052 0.0884259 0.00885417 0.0138889 0.0133773
9 0.26849 0.0337963 0.0223958 0.0638889 0.0289402
2 0.460938 0.1125 0.0114583 0.0342593 0.0352817
2 0.531771 0.110185 0.015625 0.0444444 0.04596
0 0.634115 0.143981 0.0109375 0.0509259 0.0562468
2 0.527604 0.0773148 0.0177083 0.0305556 0.214814
2 0.626562 0.119907 0.0260417 0.0509259 0.28194
2 0.321094 0.0837963 0.0369792 0.0324074 0.332132
2 0.472396 0.108796 0.03125 0.0435185 0.332232
2 0.505208 0.102778 0.0416667 0.062963 0.614694
2 0.317708 0.12037 0.0510417 0.0703704 0.725842
10 0.203906 0.313889 0.0161458 0.0722222 0.752393
11 0.728646 0.0407407 0.0270833 0.0518519 0.775154
7 0.486719 0.197222 0.0890625 0.12963 0.831043
2 0.729427 0.417593 0.123438 0.172222 0.915119
