0 0.755729 0.125463 0.0114583 0.0435185 0.00100966
12 0.690104 0.168056 0.0125 0.0324074 0.00101464
9 0.985417 0.508333 0.028125 0.151852 0.00103214
9 0.559635 0.0268519 0.0203125 0.0462963 0.00110192
2 0.6 0.424074 0.663542 0.177778 0.00124736
12 0.69401 0.162963 0.00677083 0.0388889 0.00126657
9 0.351823 0.050463 0.0119792 0.0342593 0.00129494
2 0.792708 0.0875 0.0375 0.0324074 0.00130752
0 0.442969 0.0986111 0.0182292 0.0509259 0.00134997
9 0.50026 0.604167 0.0151042 0.0435185 0.0013941
0 0.26276 0.106019 0.00885417 0.0472222 0.00139614
13 0.963802 0.563426 0.0453125 0.0583333 0.00140255
9 0.258854 0.0703704 0.0114583 0.0462963 0.00140671
7 0.429688 0.113426 0.295833 0.0916667 0.00143858
9 0.260156 0.0490741 0.0119792 0.0481481 0.00146618
9 0.553125 0.0513889 0.0135417 0.0268519 0.00146979
2 0.244792 0.10787 0.0125 0.0324074 0.00147037
9 0.588542 0.0402778 0.0145833 0.0453704 0.00149214
9 0.272656 0.0398148 0.0317708 0.0777778 0.00160244
2 0.970052 0.513889 0.0578125 0.162963 0.00163294
9 0.768229 0.0180556 0.015625 0.0342593 0.00168515
0 0.742188 0.37037 0.0229167 0.0314815 0.00172181
2 0.772656 0.114815 0.0151042 0.0277778 0.00174071
13 0.970573 0.521296 0.0578125 0.17037 0.001773
11 0.240104 0.0333333 0.0208333 0.0648148 0.00184627
9 0.236458 0.0634259 0.0177083 0.0342593 0.00188734
12 0.702604 0.155556 0.0229167 0.0481481 0.00198714
0 0.729948 0.371759 0.0244792 0.0305556 0.00201733
9 0.548437 0.0532407 0.0114583 0.0268519 0.00201778
0 0.758333 0.074537 0.0104167 0.0453704 0.002138
12 0.702604 0.131019 0.0229167 0.0694444 0.00222253
9 0.253125 0.087037 0.0135417 0.0333333 0.0022698
2 0.560156 0.114352 0.184896 0.0787037 0.00230469
7 0.986198 0.520833 0.0265625 0.180556 0.00236317
9 0.577344 0.0328704 0.0161458 0.062037 0.00238643
2 0.647917 0.149537 0.0364583 0.0564815 0.0023933
2 0.961719 0.556019 0.0401042 0.0435185 0.00241588
9 0.416146 0.0106481 0.0166667 0.0212963 0.00269942
2 0.0596354 0.0703704 0.0369792 0.0259259 0.00274379
0 0.75599 0.373611 0.0213542 0.0305556 0.00280599
9 0.108594 0.0305556 0.0119792 0.037037 0.0028332
2 0.535677 0.113426 0.00989583 0.0435185 0.00288965
2 0.408333 0.113889 0.265625 0.0833333 0.00292771
9 0.114063 0.025 0.0135417 0.0407407 0.00307969
2 0.813542 0.0759259 0.0177083 0.0166667 0.00337452
7 0.149479 0.0921296 0.06875 0.0805556 0.00337896
9 0.266927 0.1 0.0109375 0.0537037 0.00340401
2 0.78099 0.103704 0.0317708 0.0462963 0.00373524
0 0.75651 0.0935185 0.0140625 0.0814815 0.00373832
11 0.23724 0.0671296 0.0171875 0.0398148 0.00378789
2 0.442708 0.0875 0.0135417 0.0268519 0.00379647
7 0.220052 0.0675926 0.0515625 0.0574074 0.0038136
9 0.584115 0.0430556 0.0119792 0.0398148 0.00414175
9 0.571094 0.0319444 0.0119792 0.0601852 0.00430692
9 0.26276 0.0875 0.0078125 0.0324074 0.00437392
9 0.270312 0.0490741 0.0197917 0.0444444 0.00457482
11 0.606771 0.0606481 0.0104167 0.025 0.00471482
7 0.970052 0.523148 0.0588542 0.190741 0.00503753
9 0.220833 0.0662037 0.0489583 0.0509259 0.00510482
2 0.292708 0.116204 0.0270833 0.0861111 0.00520017
2 0.528385 0.112037 0.0109375 0.0462963 0.00541624
9 0.361458 0.05 0.009375 0.0407407 0.00566215
2 0.99349 0.518056 0.0119792 0.169444 0.00622757
0 0.995833 0.327315 0.00729167 0.0509259 0.00650362
9 0.269271 0.0287037 0.0208333 0.0518519 0.00723004
9 0.99375 0.506019 0.0114583 0.147222 0.00763319
2 0.592448 0.126389 0.0171875 0.025 0.00793267
2 0.239063 0.139352 0.0197917 0.0453704 0.008169
2 0.340885 0.0856481 0.0109375 0.0268519 0.00830954
9 0.442969 0.0875 0.0130208 0.0287037 0.00951715
0 0.715625 0.373148 0.0239583 0.0259259 0.0101557
7 0.313802 0.114352 0.0588542 0.0861111 0.0104334
9 0.220833 0.087963 0.0104167 0.012963 0.0107621
2 0.272135 0.110648 0.0140625 0.037963 0.0108534
9 0.218229 0.0569444 0.021875 0.0453704 0.0109893
9 0.207552 0.0680556 0.0192708 0.0416667 0.027553
2 0.786198 0.0912037 0.0161458 0.0231481 0.0295715
9 0.3625 0.0685185 0.009375 0.0259259 0.0328362
2 0.635417 0.146759 0.0114583 0.0527778 0.0509801
0 0.635938 0.148148 0.0104167 0.05 0.0633502
9 0.567187 0.0490741 0.00833333 0.0240741 0.0736975
2 0.463281 0.12037 0.0130208 0.0462963 0.0890225
7 0.297396 0.109259 0.0375 0.0833333 0.127658
2 0.480729 0.099537 0.0239583 0.025 0.131349
2 0.321615 0.0875 0.0380208 0.0305556 0.183994
2 0.476562 0.114352 0.0364583 0.0527778 0.239704
2 0.627865 0.123148 0.0255208 0.0518519 0.284223
9 0.346615 0.049537 0.00885417 0.0287037 0.321535
2 0.509375 0.10463 0.0385417 0.0592593 0.43068
2 0.31875 0.12037 0.05 0.0722222 0.653714
11 0.729427 0.0430556 0.0265625 0.0564815 0.760161
10 0.203906 0.316204 0.0161458 0.0712963 0.773172
2 0.495052 0.159722 0.0651042 0.100926 0.822685
2 0.729948 0.420833 0.122396 0.171296 0.919643
