0 0.456771 0.0638889 0.0104167 0.0314815 0.00105794
11 0.846615 0.135648 0.00885417 0.025 0.00106948
10 0.197917 0.296759 0.0302083 0.115741 0.00113691
9 0.273177 0.0412037 0.0338542 0.0787037 0.00115498
9 0.439063 0.198148 0.0125 0.037037 0.00116877
11 0.255208 0.087037 0.01875 0.0351852 0.00118531
9 0.548177 0.0509259 0.0109375 0.0240741 0.00122332
9 0.260938 0.0509259 0.0135417 0.0388889 0.00125184
2 0.814062 0.0773148 0.0166667 0.0194444 0.00127223
2 0.429167 0.0837963 0.04375 0.0546296 0.00129525
2 0.53099 0.111574 0.0119792 0.0398148 0.00130356
7 0.236719 0.0773148 0.0182292 0.062037 0.00132743
7 0.223438 0.0935185 0.0572917 0.101852 0.0013416
13 0.961719 0.555093 0.0390625 0.0416667 0.00135498
58 0.96901 0.499074 0.0317708 0.0888889 0.00140203
5 0.23724 0.0685185 0.0161458 0.0444444 0.00153581
0 0.26224 0.103241 0.0109375 0.0527778 0.00161497
9 0.589063 0.0393519 0.0135417 0.0509259 0.0016384
1 0.0046875 0.467593 0.009375 0.207407 0.00165703
9 0.995052 0.528241 0.00885417 0.0601852 0.00167432
9 0.559115 0.0291667 0.0223958 0.0546296 0.00168273
2 0.583594 0.127778 0.0359375 0.0314815 0.00170477
1 0.0138021 0.399074 0.0276042 0.111111 0.00170548
2 0.301823 0.128241 0.0296875 0.062037 0.00181854
7 0.970573 0.52037 0.0578125 0.187037 0.00191267
7 0.788542 0.0638889 0.0260417 0.0611111 0.00191319
9 0.26276 0.087037 0.0078125 0.0351852 0.00209889
12 0.702344 0.130093 0.0234375 0.0694444 0.00218091
9 0.994792 0.501852 0.009375 0.142593 0.00221691
1 0.810417 0.328704 0.0197917 0.0851852 0.00229005
9 0.56276 0.0490741 0.0182292 0.0259259 0.00244209
2 0.773438 0.111574 0.0166667 0.0361111 0.00246674
7 0.989844 0.51713 0.0192708 0.184259 0.00251168
0 0.266927 0.0981481 0.0109375 0.0537037 0.00260623
2 0.21875 0.135648 0.0583333 0.0527778 0.00279484
2 0.533854 0.1125 0.280208 0.0712963 0.00298794
12 0.701823 0.163426 0.0223958 0.0398148 0.00302503
2 0.238542 0.106019 0.0177083 0.037963 0.00329629
12 0.693229 0.162963 0.00729167 0.0407407 0.00382388
11 0.60625 0.0601852 0.0104167 0.0240741 0.004394
2 0.365365 0.111574 0.168229 0.0638889 0.00479242
9 0.5 0.603241 0.0145833 0.037963 0.004855
0 0.715885 0.370833 0.0265625 0.0268519 0.00488432
2 0.344792 0.0967593 0.0135417 0.0342593 0.00569
9 0.583594 0.0407407 0.0119792 0.0444444 0.00572904
7 0.298698 0.102778 0.0807292 0.0888889 0.00574824
9 0.269792 0.05 0.0197917 0.037037 0.005858
12 0.994271 0.503241 0.0104167 0.143519 0.00612023
2 0.465885 0.110648 0.0807292 0.0527778 0.00673052
2 0.363802 0.0680556 0.0130208 0.0194444 0.00697904
2 0.647917 0.147222 0.0354167 0.0592593 0.00732227
2 0.782031 0.100926 0.0338542 0.05 0.00817357
0 0.757031 0.0875 0.0130208 0.0675926 0.00978167
0 0.995573 0.329167 0.0078125 0.0527778 0.0115669
9 0.269531 0.0203704 0.0203125 0.0351852 0.0119561
2 0.271875 0.111111 0.0145833 0.037037 0.0125879
1 0.00442708 0.408796 0.00885417 0.0916667 0.0170131
2 0.592969 0.127315 0.0171875 0.0212963 0.0195212
9 0.572396 0.0310185 0.0135417 0.0601852 0.0196647
7 0.322656 0.087037 0.0390625 0.0333333 0.0200211
9 0.501823 0.760185 0.0119792 0.0537037 0.0253005
2 0.786719 0.0902778 0.0171875 0.025 0.0279336
0 0.635417 0.147222 0.009375 0.0518519 0.031027
2 0.238281 0.141204 0.0182292 0.0398148 0.0314684
2 0.488281 0.108333 0.0140625 0.05 0.0352222
7 0.220313 0.0638889 0.05 0.0685185 0.0367386
0 0.438021 0.0856481 0.0197917 0.0231481 0.0369117
2 0.635156 0.146296 0.0109375 0.0537037 0.0433084
5 0.220573 0.0662037 0.0494792 0.0638889 0.0448075
2 0.460156 0.116204 0.0130208 0.0324074 0.0579168
2 0.464583 0.113426 0.0145833 0.037963 0.0660627
9 0.567448 0.0481481 0.00885417 0.0240741 0.1065
0 0.46224 0.115278 0.0130208 0.0342593 0.113653
2 0.321875 0.087037 0.0375 0.0351852 0.122245
2 0.411458 0.062963 0.0239583 0.0259259 0.2021
7 0.298438 0.107407 0.0395833 0.0833333 0.264254
2 0.479167 0.109722 0.0208333 0.0453704 0.311917
2 0.627604 0.121759 0.025 0.0509259 0.371154
7 0.50625 0.10463 0.0427083 0.062963 0.40719
2 0.425521 0.062963 0.0458333 0.0296296 0.44762
2 0.50625 0.104167 0.0427083 0.062037 0.45774
2 0.433333 0.112963 0.0395833 0.0351852 0.5563
2 0.31849 0.122222 0.0505208 0.0703704 0.589804
2 0.358594 0.116204 0.0286458 0.0324074 0.751266
2 0.403646 0.116204 0.0375 0.0305556 0.762672
11 0.728906 0.0425926 0.0265625 0.0574074 0.793168
10 0.203906 0.315741 0.0161458 0.0722222 0.815552
2 0.729948 0.418519 0.122396 0.172222 0.897879
