2 0.529688 0.111111 0.0114583 0.0407407 0.00105402
58 0.916146 0.185185 0.167708 0.368519 0.00117749
0 0.415365 0.565278 0.805729 0.347222 0.00120598
7 0.373958 0.0453704 0.034375 0.0648148 0.00122389
2 0.00520833 0.0722222 0.0104167 0.0425926 0.00123909
13 0.970052 0.565278 0.0567708 0.075 0.00125148
2 0.796615 0.0791667 0.0317708 0.0324074 0.00134369
2 0.540365 0.435648 0.641146 0.200926 0.00138916
2 0.286979 0.0819444 0.021875 0.037963 0.00146491
0 0.817187 0.231944 0.00833333 0.0416667 0.00149758
0 0.757812 0.12037 0.0125 0.0425926 0.00150297
9 0.550781 0.0324074 0.0171875 0.0518519 0.00151494
2 0.46224 0.111111 0.0151042 0.0462963 0.00155847
7 0.298698 0.10463 0.0890625 0.103704 0.00160062
13 0.9625 0.554167 0.040625 0.0453704 0.00165434
9 0.291406 0.0509259 0.00885417 0.0407407 0.0017501
9 0.583854 0.0347222 0.015625 0.0601852 0.00177618
12 0.817448 0.231481 0.00885417 0.0407407 0.0019661
9 0.557552 0.0291667 0.0255208 0.0546296 0.00205452
2 0.339844 0.0768519 0.0151042 0.0277778 0.00214819
2 0.505469 0.526852 0.706771 0.312963 0.00217757
9 0.576042 0.0328704 0.015625 0.0638889 0.00230319
7 0.788281 0.0615741 0.0255208 0.0564815 0.00231233
2 0.536719 0.10787 0.289062 0.0768519 0.00232613
9 0.21849 0.050463 0.0234375 0.0398148 0.00235209
2 0.00572917 0.0875 0.0114583 0.0416667 0.00251952
2 0.634896 0.152315 0.0125 0.0583333 0.0025408
9 0.273698 0.0407407 0.0348958 0.0796296 0.0025456
2 0.270573 0.0546296 0.0203125 0.0351852 0.00259765
12 0.980208 0.500926 0.0354167 0.137037 0.00275456
1 0.810938 0.330093 0.01875 0.0935185 0.00277144
2 0.276823 0.115741 0.0265625 0.0574074 0.00278316
2 0.772135 0.111574 0.0161458 0.0305556 0.00279047
2 0.815104 0.0828704 0.015625 0.0268519 0.00280294
7 0.970833 0.526389 0.0572917 0.197222 0.00283722
13 0.970312 0.510648 0.0572917 0.15463 0.00284358
0 0.717969 0.371759 0.0244792 0.0287037 0.00287212
9 0.591667 0.0273148 0.0135417 0.0509259 0.00288134
0 0.708073 0.372685 0.0192708 0.0268519 0.00311811
9 0.107813 0.0319444 0.0114583 0.0361111 0.0032132
9 0.548177 0.0509259 0.0109375 0.0277778 0.00350761
11 0.23724 0.0680556 0.0171875 0.0416667 0.00365511
2 0.605729 0.0592593 0.009375 0.0259259 0.00410317
2 0.778125 0.102315 0.028125 0.0564815 0.00435369
32 0.459896 0.356481 0.009375 0.0166667 0.00437851
2 0.375 0.106944 0.188542 0.0842593 0.0045912
7 0.227865 0.0675926 0.0348958 0.05 0.00465273
32 0.453906 0.314815 0.00885417 0.0148148 0.00482488
9 0.114063 0.025 0.015625 0.0425926 0.0052524
12 0.994531 0.504167 0.00989583 0.150926 0.00552715
9 0.270052 0.049537 0.0192708 0.037963 0.00555714
9 0.207031 0.0685185 0.0213542 0.0425926 0.00568037
12 0.691146 0.164352 0.0104167 0.0398148 0.00568062
2 0.308594 0.0837963 0.0328125 0.037963 0.005971
2 0.46849 0.106019 0.0755208 0.062037 0.00646732
2 0.814844 0.0703704 0.0161458 0.0148148 0.0075656
2 0.270833 0.107407 0.0135417 0.0388889 0.00776937
2 0.436719 0.0666667 0.0182292 0.0240741 0.00823202
9 0.219792 0.0875 0.009375 0.0157407 0.00832932
2 0.336719 0.087963 0.0182292 0.0351852 0.0086444
5 0.220052 0.0634259 0.0494792 0.0601852 0.00912239
2 0.36276 0.0634259 0.0140625 0.0305556 0.0113348
7 0.215885 0.0615741 0.0421875 0.0638889 0.0115995
0 0.634635 0.149537 0.00989583 0.0509259 0.0116828
9 0.26875 0.0300926 0.021875 0.0564815 0.011792
9 0.567448 0.0314815 0.0130208 0.0592593 0.0123544
0 0.352865 0.489352 0.0328125 0.0453704 0.0178004
2 0.238281 0.141204 0.0182292 0.0398148 0.0189466
2 0.285677 0.124074 0.0140625 0.0518519 0.020912
2 0.294792 0.122685 0.0239583 0.0546296 0.021675
2 0.813542 0.075 0.01875 0.0166667 0.025142
0 0.757292 0.0916667 0.0135417 0.0833333 0.0258472
9 0.502344 0.759722 0.0119792 0.0546296 0.0270599
2 0.295052 0.105556 0.0328125 0.0796296 0.0322083
0 0.368229 0.487037 0.0416667 0.0388889 0.0399468
0 0.408594 0.487037 0.0432292 0.05 0.0452028
2 0.792969 0.0865741 0.0223958 0.025 0.0486769
2 0.785677 0.087963 0.0151042 0.0240741 0.0550329
7 0.294792 0.106481 0.034375 0.0851852 0.0659752
7 0.370573 0.0597222 0.0265625 0.0361111 0.0690958
9 0.566927 0.0476852 0.00885417 0.025 0.0708006
7 0.402604 0.0652778 0.040625 0.0453704 0.0900332
2 0.372656 0.062037 0.0244792 0.0314815 0.208201
2 0.465365 0.0675926 0.0265625 0.0259259 0.247741
2 0.627083 0.122222 0.0260417 0.0518519 0.26946
2 0.448438 0.0662037 0.028125 0.025 0.281564
2 0.321875 0.0865741 0.0375 0.0361111 0.304756
7 0.505729 0.102778 0.0427083 0.062963 0.339506
2 0.402865 0.0671296 0.0401042 0.0435185 0.374202
2 0.473177 0.107407 0.0348958 0.0481481 0.525062
2 0.505729 0.103241 0.0427083 0.062037 0.528054
2 0.317187 0.122222 0.053125 0.0685185 0.730547
2 0.433333 0.105093 0.0364583 0.0509259 0.792256
11 0.728906 0.0430556 0.0276042 0.0564815 0.820574
10 0.204167 0.316204 0.0166667 0.0712963 0.831438
2 0.384115 0.544444 0.160938 0.266667 0.854183
2 0.729688 0.42037 0.122917 0.172222 0.91161
