9 0.445312 0.244907 0.00833333 0.0175926 0.00101489
0 0.440625 0.601389 0.561458 0.663889 0.00109144
9 0.557292 0.025463 0.025 0.0453704 0.00110988
0 0.816667 0.235185 0.00833333 0.0351852 0.00112201
0 0.1875 0.113889 0.00729167 0.037037 0.00112758
32 0.459896 0.356019 0.0114583 0.0138889 0.00119757
7 0.275521 0.0717593 0.0395833 0.139815 0.00120012
0 0.258854 0.306944 0.0302083 0.0546296 0.00120386
2 0.78151 0.0976852 0.0359375 0.0509259 0.0012103
1 0.585417 0.338889 0.0375 0.0722222 0.00125566
0 0.729427 0.372685 0.0286458 0.0287037 0.00127824
9 0.21901 0.103704 0.0078125 0.037037 0.00129645
0 0.154167 0.112963 0.0104167 0.0240741 0.00133804
9 0.583333 0.0412037 0.0114583 0.0435185 0.0013434
9 0.236458 0.0657407 0.0166667 0.0388889 0.00153018
9 0.275781 0.0444444 0.0380208 0.087037 0.00155921
2 0.657292 0.137037 0.075 0.0814815 0.00156676
2 0.59375 0.123148 0.0166667 0.0296296 0.00157406
9 0.245573 0.087037 0.0078125 0.0333333 0.00160692
0 0.441146 0.242593 0.417708 0.344444 0.00164341
0 0.178125 0.875 0.0552083 0.087037 0.00164949
1 0.603385 0.319907 0.0359375 0.0898148 0.00167423
12 0.701823 0.164352 0.0192708 0.0398148 0.00168384
7 0.219792 0.0916667 0.0541667 0.127778 0.00169938
58 0.96849 0.493981 0.0307292 0.087963 0.00217197
2 0.442969 0.10787 0.0161458 0.0342593 0.0023796
2 0.370573 0.111111 0.166146 0.0759259 0.0023906
2 0.548958 0.111111 0.233333 0.0648148 0.00240888
9 0.571615 0.0310185 0.0140625 0.0583333 0.00268374
13 0.993229 0.51713 0.0125 0.173148 0.00284545
12 0.693229 0.163426 0.00729167 0.0416667 0.00295293
0 0.530469 0.103241 0.0140625 0.0601852 0.00296519
2 0.435937 0.0925926 0.0104167 0.0351852 0.00297251
0 0.419271 0.3625 0.452083 0.256481 0.00320062
0 0.0533854 0.105556 0.00989583 0.0388889 0.00330715
1 0.263021 0.375926 0.0427083 0.0851852 0.00341714
9 0.292188 0.0537037 0.00833333 0.0407407 0.00367682
2 0.477865 0.109722 0.0744792 0.0546296 0.0037984
9 0.5 0.601852 0.0145833 0.0407407 0.00391996
9 0.992708 0.501852 0.0135417 0.144444 0.00395362
0 0.708854 0.375 0.0177083 0.0240741 0.0041944
0 0.266927 0.0981481 0.00989583 0.0555556 0.00421393
0 0.267708 0.862037 0.04375 0.0740741 0.00433727
7 0.970833 0.524074 0.0572917 0.194444 0.00435831
2 0.365625 0.898611 0.0416667 0.193519 0.00457093
9 0.439323 0.203241 0.0119792 0.0490741 0.004606
9 0.263281 0.0898148 0.0078125 0.0425926 0.00464668
24 0.604948 0.257407 0.0182292 0.0685185 0.00491534
13 0.970833 0.520833 0.0572917 0.180556 0.00498217
0 0.716667 0.372685 0.0239583 0.0268519 0.00500087
2 0.292188 0.0703704 0.0104167 0.0148148 0.0052001
5 0.220833 0.0648148 0.0489583 0.0555556 0.00542695
1 0.0111979 0.357407 0.0223958 0.0592593 0.00564477
9 0.216146 0.0662037 0.0416667 0.0546296 0.0058826
2 0.238281 0.139815 0.0182292 0.0425926 0.00605287
9 0.227344 0.708333 0.0140625 0.0314815 0.00624349
7 0.220052 0.0680556 0.0505208 0.0601852 0.00646569
1 0.242188 0.379167 0.0635417 0.075 0.00701243
2 0.3625 0.854167 0.0333333 0.102778 0.00715373
9 0.208073 0.0675926 0.0234375 0.0425926 0.00760039
2 0.269531 0.108796 0.0119792 0.037963 0.00768075
32 0.453646 0.313889 0.009375 0.0148148 0.00776208
9 0.502344 0.760185 0.0140625 0.0574074 0.00863739
9 0.269792 0.0472222 0.01875 0.0388889 0.00893885
0 0.309896 0.869444 0.021875 0.0685185 0.009006
1 0.0231771 0.393519 0.0463542 0.114815 0.00931339
0 0.292188 0.869907 0.0552083 0.075 0.00955923
2 0.788021 0.0861111 0.0197917 0.0259259 0.00962011
9 0.26901 0.0305556 0.0213542 0.0555556 0.0106568
9 0.220052 0.0888889 0.00885417 0.012963 0.0151332
2 0.289583 0.118519 0.0197917 0.0611111 0.0152937
24 0.594271 0.250463 0.025 0.0509259 0.0178463
0 0.285417 0.114815 0.0135417 0.0666667 0.0186478
7 0.788281 0.0634259 0.0255208 0.0675926 0.0198449
3 0.00442708 0.408796 0.00885417 0.0824074 0.020037
0 0.75651 0.0884259 0.0140625 0.0805556 0.0226187
2 0.441927 0.0851852 0.0130208 0.0222222 0.0229125
7 0.296354 0.10463 0.0333333 0.0740741 0.0236685
3 0.0127604 0.399074 0.0255208 0.103704 0.0249564
2 0.60599 0.0601852 0.00989583 0.0259259 0.0342808
9 0.566667 0.0476852 0.00833333 0.0231481 0.034492
0 0.635417 0.149074 0.009375 0.05 0.0395654
2 0.530729 0.0759259 0.0135417 0.0277778 0.0708333
2 0.50599 0.103241 0.0421875 0.0638889 0.109539
1 0.0111979 0.395833 0.0223958 0.106481 0.12108
2 0.461719 0.1125 0.0130208 0.0361111 0.121997
2 0.321354 0.0851852 0.0375 0.0333333 0.267909
2 0.46849 0.110185 0.0244792 0.0407407 0.319706
0 0.203125 0.873148 0.0614583 0.0833333 0.366099
2 0.479427 0.109722 0.0223958 0.0435185 0.367286
1 0.59375 0.322685 0.0177083 0.0842593 0.393099
1 0.253125 0.383333 0.0239583 0.0685185 0.466326
7 0.50599 0.103704 0.0421875 0.062963 0.496138
2 0.627083 0.120833 0.0260417 0.0509259 0.500633
2 0.41901 0.106481 0.0359375 0.05 0.655209
2 0.31849 0.12037 0.0505208 0.0703704 0.665525
10 0.203385 0.315278 0.0161458 0.0694444 0.673687
11 0.728646 0.0416667 0.0270833 0.0518519 0.744829
0 0.258854 0.340278 0.0354167 0.128704 0.800996
0 0.596875 0.280556 0.0333333 0.142593 0.830455
2 0.247135 0.875463 0.282813 0.247222 0.907548
2 0.729427 0.419907 0.123438 0.169444 0.916358
