2 0.527344 0.173148 0.539062 0.212963 0.00100005
7 0.148177 0.0898148 0.0651042 0.0796296 0.00102109
2 0.301302 0.106944 0.0890625 0.0953704 0.00103239
0 0.541667 0.288889 0.542708 0.453704 0.0010363
0 0.7625 0.0796296 0.0114583 0.0444444 0.00104308
9 0.76849 0.0462963 0.0213542 0.0907407 0.00104418
9 0.548437 0.0597222 0.0114583 0.0268519 0.00104485
0 0.36849 0.390278 0.0359375 0.0435185 0.00104536
9 0.238802 0.0384259 0.0213542 0.075 0.00110097
11 0.603646 0.0898148 0.025 0.0833333 0.00112014
2 0.810156 0.0824074 0.0244792 0.0277778 0.00121899
7 0.290104 0.0930556 0.0260417 0.0638889 0.00122694
0 0.263281 0.102315 0.00885417 0.0527778 0.00124294
0 0.390104 0.212037 0.01875 0.0407407 0.00126308
2 0.65651 0.134722 0.0848958 0.0805556 0.00126678
0 0.390104 0.943519 0.0229167 0.0851852 0.00129924
9 0.236198 0.0625 0.0171875 0.0342593 0.0013158
9 0.990365 0.52037 0.0182292 0.175926 0.00133886
2 0.65026 0.152315 0.0401042 0.0601852 0.00137083
9 0.995573 0.526389 0.0078125 0.0453704 0.00138489
3 0.00442708 0.455556 0.00885417 0.216667 0.0013863
13 0.971354 0.522685 0.05625 0.180556 0.00146955
58 0.945573 0.181944 0.108854 0.362037 0.00149364
9 0.570052 0.0314815 0.0140625 0.0574074 0.00151037
2 0.363542 0.0671296 0.0114583 0.0212963 0.00157855
2 0.791927 0.104167 0.0536458 0.0546296 0.00158161
0 0.0078125 0.360648 0.015625 0.0694444 0.00159678
0 0.73151 0.372222 0.0234375 0.0277778 0.00163782
2 0.779688 0.0939815 0.03125 0.0416667 0.00171104
11 0.23724 0.0657407 0.0161458 0.037037 0.00173983
2 0.678646 0.114352 0.128125 0.075 0.00175533
2 0.68776 0.218056 0.0182292 0.0583333 0.0018348
9 0.252344 0.0893519 0.0130208 0.0324074 0.00187391
2 0.557552 0.427778 0.583854 0.185185 0.00188081
0 0.756771 0.375 0.0197917 0.0314815 0.00200974
9 0.257552 0.0731481 0.00989583 0.0462963 0.00201904
2 0.99401 0.519444 0.0109375 0.166667 0.00205882
2 0.778385 0.111574 0.0265625 0.0361111 0.00214187
11 0.240365 0.0337963 0.0213542 0.0638889 0.0021547
0 0.713281 0.371296 0.0213542 0.0277778 0.00221483
2 0.433594 0.108333 0.327604 0.0796296 0.00223837
7 0.791146 0.062963 0.0302083 0.0592593 0.0022513
2 0.0255208 0.3625 0.05 0.0472222 0.00231744
0 0.361979 0.0685185 0.009375 0.0277778 0.00241732
2 0.0242187 0.394444 0.0484375 0.116667 0.00248114
0 0.817708 0.236574 0.00833333 0.0416667 0.00248954
58 0.96849 0.49537 0.0307292 0.087037 0.00251099
12 0.700521 0.163426 0.0208333 0.0435185 0.00252848
9 0.292708 0.0537037 0.009375 0.0444444 0.00271664
2 0.592188 0.126852 0.0177083 0.0222222 0.00299161
2 0.442448 0.0888889 0.0140625 0.0296296 0.00307779
2 0.817969 0.236111 0.00885417 0.0425926 0.00312044
9 0.21276 0.0643518 0.0348958 0.0583333 0.00321956
7 0.970833 0.527315 0.0572917 0.199074 0.00329495
3 0.0234375 0.39537 0.046875 0.112963 0.0036946
2 0.596875 0.109722 0.336458 0.0675926 0.00390436
2 0.238542 0.141204 0.01875 0.0416667 0.00418045
9 0.263281 0.087963 0.00885417 0.0351852 0.00465775
9 0.266146 0.0981481 0.0104167 0.0518519 0.00489869
2 0.477865 0.108796 0.0838542 0.062037 0.00492573
9 0.99401 0.497222 0.0109375 0.131481 0.00493386
0 0.754948 0.0787037 0.0151042 0.0481481 0.00503074
2 0.270573 0.109259 0.0130208 0.0407407 0.00510344
1 0.810938 0.333333 0.01875 0.0944444 0.00579724
0 0.758073 0.123148 0.0130208 0.0296296 0.0059943
0 0.442448 0.0972222 0.0171875 0.0481481 0.00654241
9 0.220313 0.0884259 0.0104167 0.0157407 0.00672505
9 0.755208 0.0768519 0.0135417 0.0444444 0.00674503
12 0.69349 0.164352 0.00885417 0.0398148 0.00985345
9 0.207552 0.0680556 0.0192708 0.0453704 0.0100656
2 0.0117188 0.366204 0.0234375 0.0453704 0.0116604
0 0.995573 0.328241 0.0078125 0.0509259 0.0130864
0 0.367708 0.399074 0.0239583 0.0351852 0.0141393
9 0.442448 0.0888889 0.0140625 0.0296296 0.0149933
2 0.813802 0.0740741 0.0192708 0.0185185 0.0164984
11 0.60625 0.0601852 0.0104167 0.0222222 0.0220062
2 0.635156 0.145833 0.0109375 0.0490741 0.0232697
1 0.0119792 0.394444 0.0239583 0.112963 0.0251242
0 0.388542 0.397222 0.0291667 0.037037 0.0259254
0 0.635417 0.149074 0.009375 0.05 0.027871
9 0.26875 0.0356481 0.021875 0.0675926 0.0379255
2 0.48776 0.107407 0.0140625 0.05 0.0392417
2 0.785156 0.087963 0.0151042 0.0240741 0.0408832
0 0.351823 0.399537 0.0286458 0.0361111 0.0419117
9 0.567448 0.0481481 0.00885417 0.0222222 0.0432891
3 0.00442708 0.410185 0.00885417 0.0833333 0.0552418
9 0.222656 0.0583333 0.0130208 0.0388889 0.0578283
2 0.29349 0.107407 0.0286458 0.0796296 0.0660738
2 0.46224 0.111574 0.0130208 0.0398148 0.104802
3 0.0104167 0.396759 0.0208333 0.110185 0.109405
7 0.297396 0.106019 0.0385417 0.0824074 0.114615
2 0.47474 0.108333 0.0328125 0.0462963 0.276107
2 0.322396 0.0861111 0.0375 0.0351852 0.340554
2 0.627865 0.121296 0.0255208 0.0518519 0.396231
2 0.50599 0.103704 0.0432292 0.062963 0.552876
10 0.203906 0.316667 0.0161458 0.0703704 0.661117
2 0.31849 0.122222 0.0505208 0.0703704 0.684484
11 0.729427 0.0435185 0.0276042 0.0574074 0.810272
2 0.38099 0.21713 0.0755208 0.100926 0.871903
2 0.729948 0.419444 0.122396 0.17037 0.908893
2 0.742448 0.19213 0.128646 0.110185 0.918272
2 0.372135 0.441667 0.122396 0.175926 0.932436
