2 0.770833 0.110648 0.015625 0.0287037 0.00106444
2 0.276302 0.1125 0.0255208 0.0583333 0.00113488
2 0.647656 0.414352 0.434896 0.189815 0.00114324
0 0.730729 0.371759 0.0270833 0.0287037 0.00116322
2 0.814323 0.0763889 0.0171875 0.0212963 0.00116543
12 0.701042 0.164352 0.0197917 0.037963 0.001171
9 0.990885 0.519444 0.0171875 0.177778 0.00125659
9 0.219792 0.104167 0.0114583 0.0398148 0.00129666
2 0.00546875 0.0902778 0.0109375 0.0416667 0.00137511
0 0.264062 0.103241 0.00833333 0.0509259 0.00140254
7 0.78776 0.0643518 0.0223958 0.0583333 0.00148026
7 0.970312 0.528704 0.0583333 0.205556 0.00148853
2 0.291146 0.0694444 0.0114583 0.0148148 0.00148878
9 0.360417 0.0643518 0.009375 0.0212963 0.00162225
9 0.236719 0.0689815 0.0161458 0.0435185 0.00166254
0 0.71849 0.372222 0.0265625 0.0277778 0.00169615
2 0.39974 0.106481 0.258854 0.0833333 0.00173287
7 0.992188 0.519444 0.0145833 0.175926 0.00173991
9 0.1875 0.0824074 0.00729167 0.0277778 0.0019319
0 0.709115 0.373148 0.0192708 0.0277778 0.00196839
9 0.263281 0.0916667 0.0078125 0.0444444 0.00200963
7 0.213021 0.0615741 0.0364583 0.062037 0.00203481
0 0.75625 0.374537 0.0208333 0.0324074 0.00224045
0 0.267188 0.0986111 0.0104167 0.0564815 0.00225546
2 0.438281 0.0662037 0.0192708 0.0231481 0.00230247
2 0.0132813 0.387037 0.0265625 0.133333 0.00233521
7 0.0578125 0.135648 0.107292 0.125 0.00236084
2 0.779427 0.101852 0.0328125 0.0518519 0.00247006
7 0.276302 0.0569444 0.0380208 0.112037 0.00249001
9 0.567969 0.0314815 0.0119792 0.0574074 0.00264964
2 0.238542 0.140741 0.01875 0.0407407 0.00265271
9 0.275781 0.0393519 0.0380208 0.0768519 0.00281081
58 0.967708 0.494444 0.028125 0.0888889 0.00293491
11 0.236719 0.0652778 0.0161458 0.037963 0.00339938
2 0.566927 0.107407 0.229687 0.0722222 0.00361786
0 0.285417 0.105093 0.0135417 0.0712963 0.00394776
13 0.96224 0.554167 0.0401042 0.0398148 0.00436037
13 0.00442708 0.394907 0.00885417 0.110185 0.00440013
12 0.690885 0.163426 0.00989583 0.037963 0.0044479
12 0.992969 0.508333 0.0130208 0.159259 0.00468513
9 0.215365 0.0657407 0.0401042 0.0555556 0.00543959
9 0.5 0.602778 0.015625 0.0444444 0.00553179
9 0.292188 0.0537037 0.00729167 0.0388889 0.00566013
2 0.269792 0.109722 0.0125 0.037963 0.0057514
1 0.00833333 0.355556 0.0166667 0.0796296 0.00579306
13 0.970312 0.565741 0.0572917 0.0796296 0.00628372
13 0.0140625 0.391204 0.028125 0.119444 0.00630397
9 0.269531 0.0513889 0.0203125 0.0361111 0.00683987
0 0.755729 0.0865741 0.0135417 0.0694444 0.00704688
13 0.0127604 0.365741 0.0255208 0.0555556 0.00717893
13 0.992708 0.518056 0.0135417 0.173148 0.00740871
13 0.973698 0.518056 0.0515625 0.176852 0.00770239
9 0.207031 0.0666667 0.0192708 0.0425926 0.00830145
1 0.0143229 0.369444 0.0286458 0.0537037 0.00900741
9 0.502344 0.760648 0.0130208 0.0601852 0.00923411
2 0.786458 0.0875 0.0166667 0.0231481 0.00968853
1 0.00989583 0.388426 0.0197917 0.126852 0.0104648
2 0.00390625 0.419444 0.0078125 0.062963 0.0118543
2 0.478906 0.105556 0.0515625 0.0592593 0.0127542
7 0.290625 0.106481 0.0291667 0.0814815 0.014104
9 0.269271 0.0180556 0.0208333 0.0324074 0.015689
2 0.290625 0.114815 0.0229167 0.0648148 0.0186116
2 0.486458 0.0944444 0.015625 0.0425926 0.0198215
9 0.219792 0.0893519 0.00833333 0.0157407 0.0266327
9 0.566667 0.0476852 0.00833333 0.0231481 0.0388869
2 0.442187 0.075 0.0125 0.0296296 0.0393381
2 0.46224 0.112037 0.0140625 0.037037 0.0419203
2 0.60625 0.0597222 0.0104167 0.0268519 0.0423925
9 0.222396 0.0587963 0.0125 0.037963 0.0501858
0 0.635156 0.148148 0.00885417 0.0518519 0.0548477
0 0.442187 0.0856481 0.0125 0.0268519 0.0559068
2 0.445833 0.0685185 0.01875 0.0259259 0.237047
2 0.470833 0.110648 0.0291667 0.0416667 0.255312
2 0.321875 0.0851852 0.0375 0.0351852 0.302703
2 0.466667 0.0685185 0.0270833 0.0277778 0.337305
2 0.626823 0.119907 0.0255208 0.0509259 0.390581
2 0.505469 0.104167 0.0421875 0.062037 0.607964
10 0.204167 0.315741 0.015625 0.0703704 0.619109
2 0.318229 0.121759 0.0510417 0.0694444 0.686015
11 0.728646 0.0416667 0.028125 0.0537037 0.79612
7 0.489062 0.218519 0.096875 0.140741 0.854588
2 0.729427 0.418981 0.123438 0.171296 0.910986
