2 0.363542 0.0694444 0.0125 0.0222222 0.00100068
2 0.238542 0.106944 0.0177083 0.037963 0.00100638
32 0.454427 0.315741 0.0078125 0.0148148 0.00107216
0 0.75651 0.374074 0.0203125 0.0314815 0.00108155
11 0.240365 0.0393519 0.0223958 0.075 0.00112698
9 0.220052 0.10463 0.0109375 0.0351852 0.00114864
7 0.990625 0.518519 0.0177083 0.181481 0.00117755
41 0.500781 0.601852 0.0151042 0.0388889 0.00118652
2 0.442969 0.0893519 0.0140625 0.0305556 0.00125102
13 0.961719 0.555556 0.0380208 0.0407407 0.00135084
9 0.110417 0.0277778 0.0135417 0.0388889 0.00140151
2 0.29974 0.105556 0.0859375 0.0925926 0.00142871
7 0.970833 0.525 0.0572917 0.192593 0.00145248
0 0.728646 0.372685 0.0260417 0.0305556 0.00151216
2 0.238542 0.138889 0.0197917 0.0462963 0.00152414
12 0.688802 0.16713 0.0151042 0.0398148 0.00154792
2 0.571615 0.106481 0.329688 0.0703704 0.00158257
0 0.2625 0.101389 0.009375 0.0564815 0.00160458
9 0.547917 0.0523148 0.0104167 0.025 0.00168134
0 0.550521 0.361574 0.0333333 0.0805556 0.00180199
1 0.0122396 0.367593 0.0244792 0.0444444 0.00185707
2 0.65625 0.138889 0.0802083 0.087037 0.00186004
13 0.971094 0.52037 0.0567708 0.177778 0.00186821
9 0.2625 0.0430556 0.015625 0.0583333 0.00187717
9 0.588542 0.0407407 0.0145833 0.05 0.00188804
2 0.68776 0.171296 0.0161458 0.0333333 0.00204424
2 0.8125 0.075463 0.0135417 0.0194444 0.00207064
58 0.920573 0.184722 0.158854 0.360185 0.00208904
9 0.458594 0.0652778 0.0078125 0.0324074 0.00210828
9 0.995052 0.538426 0.00885417 0.0435185 0.00212999
0 0.442969 0.0976852 0.0192708 0.0490741 0.00214048
9 0.688281 0.169907 0.0151042 0.0324074 0.00216061
2 0.99375 0.51713 0.0114583 0.171296 0.00219279
2 0.409635 0.107407 0.299479 0.0796296 0.00222442
9 0.21276 0.0615741 0.0348958 0.0564815 0.00229501
12 0.994271 0.518519 0.0104167 0.168519 0.00243063
9 0.234375 0.0652778 0.021875 0.037963 0.00259335
9 0.416406 0.0106481 0.0171875 0.0212963 0.00261686
5 0.220052 0.0675926 0.0505208 0.0574074 0.00267365
46 0.481771 0.490741 0.0125 0.0277778 0.00296607
2 0.78125 0.103704 0.03125 0.0481481 0.00392761
2 0.459896 0.106944 0.102083 0.0601852 0.00419567
0 0.75625 0.0810185 0.0104167 0.0583333 0.00423836
0 0.391667 0.309722 0.0229167 0.025 0.00439561
9 0.361979 0.0699074 0.009375 0.0231481 0.00465684
2 0.271094 0.109722 0.0130208 0.0398148 0.00543227
0 0.573958 0.340278 0.0354167 0.0361111 0.00549368
9 0.265885 0.0986111 0.0109375 0.0527778 0.00581793
9 0.579167 0.0337963 0.0166667 0.062037 0.0058598
9 0.257552 0.074537 0.00989583 0.0472222 0.00590965
7 0.220052 0.0657407 0.0515625 0.0666667 0.00629872
9 0.443229 0.0888889 0.0135417 0.0296296 0.0069718
9 0.252865 0.0861111 0.0130208 0.0314815 0.00747508
9 0.56849 0.0328704 0.0109375 0.0564815 0.00784395
0 0.715104 0.372222 0.0229167 0.0277778 0.00789163
9 0.26276 0.087037 0.0078125 0.0314815 0.00841447
2 0.548698 0.389815 0.506771 0.222222 0.00856438
1 0.0138021 0.397222 0.0276042 0.111111 0.00863367
2 0.592708 0.126389 0.0166667 0.025 0.00979194
9 0.502604 0.760648 0.0125 0.0546296 0.00986996
0 0.357552 0.306944 0.0213542 0.0305556 0.00989861
9 0.992969 0.500926 0.0130208 0.138889 0.010311
9 0.583854 0.0425926 0.0104167 0.0425926 0.0118998
1 0.00442708 0.409722 0.00885417 0.0842593 0.0143466
2 0.635156 0.145833 0.0109375 0.0509259 0.0155149
0 0.530729 0.3375 0.0270833 0.0324074 0.0161018
9 0.207813 0.0671296 0.0208333 0.0416667 0.0183865
0 0.55625 0.339352 0.0364583 0.0342593 0.0186718
2 0.60625 0.0611111 0.0104167 0.0240741 0.0213028
0 0.635417 0.146759 0.0104167 0.0490741 0.0231093
2 0.786719 0.0898148 0.0182292 0.0240741 0.0324125
9 0.269271 0.0351852 0.0208333 0.0666667 0.0354665
2 0.46224 0.113426 0.0140625 0.037963 0.0423928
2 0.295833 0.107407 0.0322917 0.0833333 0.0819366
9 0.567187 0.0486111 0.00833333 0.0231481 0.099801
7 0.298438 0.107407 0.0375 0.0833333 0.147789
2 0.321615 0.0884259 0.0380208 0.0361111 0.281472
2 0.627865 0.121296 0.0255208 0.05 0.344098
7 0.50651 0.105093 0.0421875 0.062037 0.391552
2 0.50625 0.105093 0.0427083 0.062037 0.424681
2 0.473958 0.109259 0.0354167 0.0462963 0.42713
10 0.203906 0.316667 0.0171875 0.0703704 0.693362
2 0.31875 0.121759 0.05 0.0712963 0.731286
11 0.729167 0.0421296 0.0270833 0.0546296 0.735668
2 0.371875 0.346296 0.109375 0.15 0.914159
2 0.729948 0.420833 0.122396 0.171296 0.915825
2 0.551562 0.383333 0.130208 0.190741 0.925662
