2 0.783854 0.111574 0.0385417 0.0472222 0.00100166
11 0.727865 0.00740741 0.0286458 0.0148148 0.00104653
2 0.0632813 0.0689815 0.0380208 0.0287037 0.00105191
58 0.967708 0.510648 0.0520833 0.128704 0.00120191
2 0.238021 0.111111 0.0197917 0.0444444 0.00124413
9 0.273698 0.037963 0.0348958 0.0740741 0.00124661
9 0.817187 0.236111 0.00833333 0.0388889 0.00135074
2 0.676042 0.114815 0.120833 0.0796296 0.00135574
9 0.588802 0.0402778 0.0140625 0.0490741 0.00145878
9 0.560156 0.0296296 0.0223958 0.0574074 0.00147375
13 0.994531 0.519907 0.00989583 0.169444 0.00155177
1 0.0125 0.370833 0.025 0.0546296 0.00162956
0 0.263021 0.0875 0.00833333 0.0361111 0.00164989
2 0.655208 0.135185 0.0833333 0.0814815 0.00165363
12 0.70026 0.162963 0.0213542 0.0407407 0.00205747
32 0.454167 0.314352 0.00833333 0.0138889 0.00207232
2 0.641406 0.151852 0.0203125 0.062963 0.00213278
2 0.817708 0.236111 0.00833333 0.0388889 0.00222523
2 0.292188 0.102778 0.084375 0.0925926 0.002278
9 0.5 0.602778 0.0145833 0.0388889 0.002343
9 0.270312 0.0523148 0.0197917 0.0416667 0.00256448
9 0.99349 0.49213 0.0119792 0.119444 0.00268787
0 0.263021 0.10463 0.009375 0.0518519 0.00269494
13 0.986458 0.519444 0.0260417 0.174074 0.00271317
1 0.0046875 0.396296 0.009375 0.0851852 0.00274321
11 0.236719 0.0675926 0.0171875 0.0425926 0.00279847
13 0.970833 0.517593 0.0572917 0.17037 0.00280125
7 0.482292 0.0606481 0.0375 0.0398148 0.00300139
0 0.756771 0.0773148 0.0125 0.0472222 0.00340895
11 0.60625 0.0606481 0.009375 0.025 0.00342548
9 0.757031 0.0731481 0.0109375 0.0407407 0.00346174
12 0.99401 0.494444 0.0109375 0.125926 0.00350012
58 0.968229 0.495833 0.0302083 0.087963 0.00380464
2 0.401563 0.108333 0.240625 0.0777778 0.00381545
9 0.416406 0.0115741 0.0171875 0.0231481 0.00397206
2 0.77526 0.115278 0.0203125 0.0305556 0.00409749
9 0.548437 0.0518519 0.0114583 0.0277778 0.00434446
2 0.580729 0.111111 0.315625 0.0759259 0.00435891
13 0.0138021 0.396759 0.0276042 0.113889 0.00461903
0 0.267708 0.099537 0.0114583 0.0546296 0.00466385
0 0.995573 0.327778 0.0078125 0.0574074 0.00471443
13 0.0046875 0.40463 0.009375 0.0944444 0.00487623
13 0.961719 0.555556 0.0390625 0.0444444 0.00537347
1 0.00989583 0.398148 0.0197917 0.112963 0.00570705
2 0.47526 0.109259 0.0640625 0.0666667 0.00604511
2 0.270312 0.0476852 0.01875 0.037963 0.00609562
2 0.505469 0.0634259 0.0130208 0.0268519 0.00610253
9 0.210156 0.0662037 0.0276042 0.0490741 0.00643607
12 0.692708 0.163889 0.0104167 0.0388889 0.00807248
9 0.26875 0.0240741 0.021875 0.0425926 0.00870668
0 0.44375 0.0967593 0.01875 0.0509259 0.00896293
2 0.785937 0.0893519 0.015625 0.0231481 0.0093963
2 0.457812 0.0662037 0.0208333 0.0287037 0.00994206
9 0.582292 0.0342593 0.0145833 0.062963 0.0111351
2 0.238281 0.140741 0.0182292 0.0425926 0.0122438
0 0.758073 0.121296 0.0130208 0.0314815 0.0123346
9 0.109635 0.025463 0.0119792 0.0361111 0.0124502
9 0.567969 0.0314815 0.0130208 0.0592593 0.012744
9 0.502604 0.760185 0.0125 0.0537037 0.0140951
2 0.271094 0.109722 0.0140625 0.037963 0.0150464
2 0.592188 0.126852 0.0177083 0.0222222 0.0150668
2 0.492448 0.106019 0.0203125 0.0546296 0.0153153
7 0.303385 0.0550926 0.0234375 0.0361111 0.0156939
0 0.635677 0.148611 0.00989583 0.0546296 0.0171675
2 0.634896 0.147222 0.0114583 0.0555556 0.0200217
7 0.220313 0.0657407 0.05 0.0592593 0.0256029
0 0.442448 0.0851852 0.0140625 0.0296296 0.0300835
5 0.220313 0.0666667 0.05 0.0574074 0.030245
2 0.363281 0.0680556 0.0130208 0.025 0.0521995
2 0.46276 0.111574 0.0140625 0.0398148 0.0636455
2 0.304167 0.0550926 0.0208333 0.025 0.0815104
2 0.29375 0.110648 0.028125 0.0787037 0.0954893
9 0.567187 0.0486111 0.00833333 0.025 0.104932
2 0.479688 0.0662037 0.0291667 0.0287037 0.166197
2 0.472917 0.109259 0.0333333 0.0444444 0.173177
2 0.411979 0.0671296 0.01875 0.0287037 0.283351
2 0.430469 0.0675926 0.0317708 0.0296296 0.360847
2 0.627344 0.120833 0.0255208 0.0509259 0.386534
2 0.322656 0.0861111 0.0380208 0.037037 0.438667
2 0.505729 0.104167 0.0427083 0.062037 0.505997
2 0.31875 0.122222 0.05 0.0703704 0.73856
10 0.204167 0.315278 0.015625 0.0712963 0.776514
11 0.729167 0.0435185 0.0270833 0.0574074 0.800186
2 0.388802 0.105093 0.0421875 0.0583333 0.812224
2 0.383073 0.165741 0.0578125 0.0833333 0.862409
2 0.729688 0.419444 0.122917 0.17037 0.908403
2 0.746094 0.190741 0.127604 0.111111 0.9125
