12 0.702083 0.13287 0.0229167 0.075 0.00100316
2 0.304948 0.128241 0.0328125 0.062037 0.00106343
2 0.554427 0.422222 0.583854 0.175926 0.00107489
2 0.221615 0.135648 0.0536458 0.0527778 0.00109818
0 0.715625 0.364352 0.0291667 0.037963 0.0011295
7 0.970312 0.522222 0.0583333 0.188889 0.00115237
2 0.242188 0.10787 0.0145833 0.0361111 0.00115955
9 0.458594 0.0648148 0.0078125 0.0314815 0.00116852
2 0.0109375 0.12963 0.021875 0.0333333 0.00118623
9 0.557552 0.0287037 0.0213542 0.0518519 0.00119323
13 0.983073 0.52037 0.0328125 0.174074 0.00122314
2 0.814323 0.0847222 0.0161458 0.025 0.00122606
7 0.989844 0.518519 0.0192708 0.183333 0.00122668
9 0.292708 0.0541667 0.00833333 0.037963 0.00123068
0 0.75625 0.0893519 0.0135417 0.0731481 0.00127764
1 0.801562 0.319444 0.0239583 0.0796296 0.00133672
0 0.758594 0.0726852 0.00989583 0.0416667 0.00139405
12 0.995573 0.52963 0.0078125 0.0388889 0.00141908
11 0.221094 0.0675926 0.0505208 0.0555556 0.00146322
2 0.753385 0.154167 0.0130208 0.0194444 0.00147399
2 0.772656 0.110648 0.0151042 0.0231481 0.00159069
12 0.702083 0.163889 0.0229167 0.037037 0.00164409
12 0.689323 0.168056 0.0130208 0.0342593 0.00183855
58 0.969271 0.497222 0.03125 0.0925926 0.00192734
9 0.583073 0.0388889 0.0140625 0.0481481 0.00198086
9 0.548177 0.0587963 0.0109375 0.0231481 0.00202634
9 0.273958 0.0398148 0.034375 0.0777778 0.00204361
9 0.26276 0.0884259 0.0078125 0.0361111 0.00212686
9 0.577083 0.0328704 0.0166667 0.0601852 0.0021468
12 0.692708 0.162963 0.00833333 0.0425926 0.00215227
2 0.398438 0.111111 0.251042 0.0740741 0.0023587
0 0.263021 0.105556 0.00833333 0.05 0.00270253
2 0.571094 0.109722 0.232812 0.0657407 0.00274625
0 0.995573 0.328704 0.0078125 0.0574074 0.00279014
2 0.266667 0.1 0.0114583 0.0574074 0.00290482
2 0.803385 0.0861111 0.0140625 0.0185185 0.00297772
13 0.961458 0.555556 0.0395833 0.0407407 0.00299329
9 0.269792 0.0513889 0.0197917 0.0342593 0.00317769
2 0.593229 0.124537 0.0166667 0.025 0.00321896
0 0.730469 0.372685 0.0244792 0.0268519 0.00359225
0 0.757552 0.374074 0.0182292 0.0296296 0.00369956
13 0.0140625 0.394907 0.028125 0.113889 0.00397853
2 0.78125 0.101852 0.0322917 0.0425926 0.00413741
9 0.502083 0.759259 0.0135417 0.0537037 0.00414861
2 0.442708 0.087037 0.0135417 0.0277778 0.00425897
2 0.363542 0.0694444 0.0114583 0.0203704 0.00429456
9 0.429688 0.0430556 0.00833333 0.0194444 0.00433764
2 0.00416667 0.393519 0.00833333 0.0814815 0.00459665
5 0.220833 0.0652778 0.05 0.0546296 0.00503388
9 0.415365 0.00972222 0.0151042 0.0194444 0.00513082
1 0.00911458 0.395833 0.0182292 0.117593 0.00513384
2 0.60625 0.0611111 0.009375 0.0240741 0.00515472
9 0.994792 0.494444 0.009375 0.131481 0.00524885
12 0.99401 0.495833 0.0109375 0.128704 0.00566898
2 0.00651042 0.368519 0.0130208 0.0592593 0.00640739
11 0.236979 0.0689815 0.0166667 0.0435185 0.00725938
2 0.0132813 0.364815 0.0265625 0.05 0.00735751
9 0.56901 0.0319444 0.0119792 0.0583333 0.00759724
2 0.447135 0.112963 0.0276042 0.0259259 0.00804284
9 0.36224 0.0708333 0.00885417 0.0212963 0.00810032
2 0.813281 0.0768519 0.0171875 0.0148148 0.00824823
7 0.219531 0.0680556 0.0515625 0.0638889 0.00828879
2 0.271354 0.110185 0.0135417 0.0388889 0.00986855
2 0.238802 0.140278 0.0192708 0.0435185 0.011308
9 0.269271 0.0240741 0.0208333 0.0444444 0.0113658
1 0.00416667 0.405556 0.00833333 0.0944444 0.0127615
9 0.442448 0.087963 0.0130208 0.0277778 0.0128126
9 0.208073 0.0666667 0.0213542 0.0444444 0.0128874
0 0.713542 0.372685 0.021875 0.025 0.0162865
1 0.809896 0.332407 0.0208333 0.0814815 0.0184314
2 0.634896 0.146759 0.0114583 0.0564815 0.0226435
2 0.785937 0.0888889 0.015625 0.0222222 0.026904
2 0.48776 0.10787 0.0130208 0.0490741 0.0309695
0 0.635156 0.147222 0.00989583 0.0537037 0.0363025
9 0.567448 0.0481481 0.00885417 0.0240741 0.069856
2 0.298698 0.108333 0.0390625 0.0814815 0.107465
2 0.4625 0.113426 0.0135417 0.037963 0.147231
7 0.297917 0.107407 0.0395833 0.0814815 0.151953
2 0.471615 0.110185 0.0317708 0.0444444 0.285527
2 0.322396 0.0884259 0.0375 0.0361111 0.355429
2 0.627604 0.121296 0.025 0.05 0.375085
2 0.50599 0.10463 0.0421875 0.0611111 0.542602
2 0.31875 0.120833 0.05 0.0731481 0.698763
10 0.204167 0.316667 0.015625 0.0703704 0.717621
11 0.728906 0.0430556 0.0276042 0.0564815 0.792941
2 0.729948 0.419444 0.122396 0.17037 0.906663
