11 0.739062 0.0638889 0.015625 0.0185185 0.00100737
2 0.536719 0.110648 0.0130208 0.0472222 0.00103242
13 0.96276 0.553704 0.0411458 0.0407407 0.0010764
58 0.976042 0.498148 0.04375 0.131481 0.00109362
9 0.442187 0.234259 0.0135417 0.0314815 0.00111385
9 0.582292 0.0361111 0.0145833 0.0537037 0.00113309
9 0.295833 0.0564815 0.0125 0.0407407 0.0011747
9 0.439063 0.194907 0.0125 0.0324074 0.00118106
9 0.547917 0.0537037 0.0104167 0.0240741 0.00120663
2 0.416146 0.0259259 0.0166667 0.0185185 0.00121794
12 0.690625 0.165741 0.0104167 0.0388889 0.00128277
12 0.988802 0.499074 0.0213542 0.133333 0.00129339
2 0.240365 0.105093 0.0161458 0.037963 0.00138174
2 0.274219 0.111574 0.0234375 0.0564815 0.00142951
32 0.454167 0.314815 0.00833333 0.0148148 0.00152629
9 0.115365 0.0226852 0.0130208 0.037963 0.00152788
2 0.264323 0.102778 0.0109375 0.0518519 0.00155907
2 0.20026 0.243519 0.0192708 0.012963 0.0016078
2 0.0119792 0.396296 0.0239583 0.112963 0.00173702
7 0.277344 0.0652778 0.0380208 0.123148 0.00175422
9 0.5 0.603241 0.015625 0.0435185 0.00185348
9 0.276042 0.0467593 0.0322917 0.0527778 0.00186894
0 0.716146 0.372222 0.0229167 0.0259259 0.00196379
0 0.995313 0.331481 0.00833333 0.0462963 0.00201397
11 0.240104 0.0324074 0.0208333 0.0611111 0.00202955
2 0.220313 0.0865741 0.053125 0.0712963 0.00209935
2 0.0328125 0.0662037 0.01875 0.0194444 0.00218371
13 0.9875 0.518981 0.0239583 0.176852 0.00221739
13 0.970573 0.563426 0.0578125 0.0916667 0.00233096
1 0.0109375 0.36713 0.021875 0.0472222 0.0023697
0 0.757031 0.0814815 0.0119792 0.0666667 0.00249738
9 0.458333 0.0662037 0.00729167 0.025 0.00273089
0 0.283854 0.0925926 0.009375 0.037037 0.00289738
2 0.547396 0.109722 0.272917 0.0675926 0.00289889
2 0.361979 0.0685185 0.009375 0.0259259 0.00313268
2 0.366406 0.106019 0.153646 0.075 0.00371062
9 0.215365 0.0833333 0.0255208 0.0277778 0.00372017
11 0.23724 0.0675926 0.0161458 0.0425926 0.00409067
58 0.968229 0.49537 0.028125 0.087037 0.00433084
2 0.47526 0.107407 0.0744792 0.0518519 0.00449916
9 0.211198 0.0685185 0.0296875 0.05 0.00485715
9 0.757552 0.0699074 0.00989583 0.0435185 0.00550982
0 0.286979 0.112963 0.0166667 0.0740741 0.00566743
12 0.99375 0.515278 0.0114583 0.169444 0.00578969
9 0.571875 0.0310185 0.0135417 0.0583333 0.00618648
2 0.790104 0.0893519 0.0197917 0.0231481 0.00687905
9 0.269792 0.05 0.01875 0.037037 0.00741555
9 0.994271 0.498611 0.0104167 0.137963 0.00760055
9 0.502604 0.758796 0.0125 0.0564815 0.00806513
2 0.295573 0.0680556 0.0130208 0.0231481 0.0086135
11 0.60599 0.0587963 0.00989583 0.0268519 0.00881434
1 0.0122396 0.395833 0.0244792 0.110185 0.00882248
2 0.592188 0.126389 0.0177083 0.0231481 0.00891063
7 0.295833 0.106944 0.0302083 0.0805556 0.00986014
0 0.441927 0.0856481 0.0140625 0.025 0.0120302
9 0.269271 0.0189815 0.0197917 0.0342593 0.0122775
2 0.270052 0.108333 0.0140625 0.0407407 0.0134298
2 0.238802 0.141204 0.0182292 0.0416667 0.0145587
7 0.220573 0.0648148 0.0505208 0.0777778 0.0155279
5 0.220313 0.0666667 0.0489583 0.0592593 0.0155549
2 0.292188 0.110185 0.0260417 0.0740741 0.0179489
1 0.00442708 0.398148 0.00885417 0.105556 0.0180533
2 0.635156 0.149074 0.0109375 0.0574074 0.0184781
0 0.635417 0.148148 0.009375 0.0518519 0.0188398
10 0.194792 0.299537 0.0354167 0.106481 0.0282646
2 0.00416667 0.406019 0.00833333 0.0898148 0.0315122
2 0.441667 0.0861111 0.015625 0.0259259 0.038967
2 0.320573 0.0731481 0.0453125 0.0333333 0.0438333
9 0.567187 0.0481481 0.00833333 0.0240741 0.0575146
2 0.442969 0.112037 0.0223958 0.0240741 0.0746417
2 0.311719 0.062037 0.0203125 0.0259259 0.0827492
2 0.321354 0.0912037 0.0416667 0.0268519 0.103846
2 0.461979 0.111111 0.0125 0.0407407 0.168033
2 0.328385 0.0611111 0.0317708 0.0351852 0.187001
2 0.478646 0.108796 0.0260417 0.0453704 0.31987
2 0.50651 0.103704 0.0421875 0.062963 0.421217
2 0.627344 0.122222 0.0255208 0.0537037 0.452539
7 0.50651 0.103704 0.0421875 0.062963 0.454591
2 0.31849 0.120833 0.0505208 0.0712963 0.66811
11 0.729167 0.0430556 0.0270833 0.0546296 0.775189
2 0.417188 0.108333 0.0333333 0.0444444 0.793111
10 0.204167 0.315278 0.015625 0.0712963 0.82434
2 0.729688 0.419444 0.121875 0.17037 0.889635
