10 0.774219 0.124074 0.0192708 0.0462963 0.00102549
2 0.301823 0.132407 0.0276042 0.0518519 0.00102584
13 0.971615 0.521296 0.0557292 0.181481 0.00104595
0 0.3625 0.0740741 0.009375 0.0333333 0.00107285
2 0.567187 0.423148 0.677083 0.190741 0.00107889
2 0.81224 0.0736111 0.0151042 0.0212963 0.00111832
9 0.360938 0.0652778 0.0104167 0.0194444 0.00119406
9 0.469531 0.411574 0.00989583 0.0305556 0.0012153
12 0.702083 0.163889 0.01875 0.0388889 0.00121799
7 0.971354 0.523611 0.05625 0.200926 0.00123304
9 0.260938 0.0611111 0.0145833 0.0740741 0.0012346
2 0.789323 0.0810185 0.0171875 0.0194444 0.00125718
12 0.995573 0.52963 0.0078125 0.0388889 0.0012691
2 0.21849 0.0962963 0.0536458 0.0611111 0.0013062
1 0.009375 0.364352 0.01875 0.0546296 0.00138326
2 0.203125 0.106944 0.028125 0.0361111 0.00144493
9 0.278385 0.0759259 0.0411458 0.146296 0.00145564
13 0.00390625 0.401852 0.0078125 0.0944444 0.00155339
1 0.00442708 0.394444 0.00885417 0.111111 0.00157188
2 0.539323 0.113889 0.358854 0.0833333 0.00160636
7 0.219271 0.0851852 0.05625 0.116667 0.00164803
9 0.23724 0.0689815 0.0151042 0.0453704 0.00169578
11 0.236979 0.0675926 0.0166667 0.0425926 0.00198072
2 0.660937 0.150463 0.0645833 0.0675926 0.0020129
0 0.263281 0.100926 0.00885417 0.0555556 0.0021204
2 0.638802 0.145833 0.0192708 0.0527778 0.00219505
2 0.791406 0.0888889 0.0192708 0.0185185 0.00225589
9 0.547917 0.05 0.0104167 0.0240741 0.00229395
9 0.216406 0.0662037 0.0421875 0.0527778 0.00233382
2 0.774479 0.122222 0.01875 0.0425926 0.00235964
2 0.292969 0.101852 0.0765625 0.101852 0.00240613
2 0.27474 0.11713 0.0244792 0.0601852 0.00253566
2 0.414583 0.109722 0.26875 0.0898148 0.00266101
12 0.966406 0.498611 0.0255208 0.075 0.00270964
9 0.554948 0.025463 0.0255208 0.0490741 0.00276998
2 0.238281 0.140741 0.0182292 0.0407407 0.00321583
0 0.757552 0.375 0.0171875 0.0296296 0.00339928
2 0.592969 0.126852 0.0182292 0.0259259 0.0035992
0 0.729688 0.371759 0.0302083 0.0287037 0.00367381
32 0.454427 0.313889 0.0078125 0.0166667 0.00386657
0 0.75599 0.0912037 0.0130208 0.0824074 0.00389878
9 0.293229 0.0546296 0.009375 0.0407407 0.00421134
9 0.263542 0.0884259 0.009375 0.037963 0.00529699
9 0.207292 0.0666667 0.0208333 0.0425926 0.00533241
7 0.214844 0.0638889 0.0411458 0.0592593 0.00683703
2 0.442448 0.087037 0.0151042 0.0259259 0.0078851
2 0.783333 0.0907407 0.0125 0.0185185 0.00794638
0 0.715885 0.37037 0.0223958 0.0259259 0.00815128
2 0.270052 0.108333 0.0130208 0.0388889 0.00891375
12 0.994792 0.489352 0.009375 0.126852 0.00912047
12 0.972917 0.49537 0.0385417 0.12037 0.0117043
9 0.221094 0.087963 0.0109375 0.0166667 0.0125146
9 0.563021 0.0305556 0.0239583 0.0592593 0.0147768
9 0.565885 0.0347222 0.0109375 0.0527778 0.0172647
0 0.634896 0.14537 0.0114583 0.0518519 0.0175257
9 0.223438 0.0555556 0.0135417 0.0388889 0.0203458
9 0.500521 0.602778 0.0145833 0.0407407 0.0226305
11 0.60599 0.0592593 0.00989583 0.0259259 0.0237627
2 0.48776 0.107407 0.0140625 0.05 0.0263566
0 0.177083 0.733796 0.184375 0.486111 0.0265146
9 0.442969 0.087037 0.0130208 0.0259259 0.0318373
9 0.567187 0.0481481 0.009375 0.0240741 0.0465323
2 0.446615 0.116204 0.0265625 0.025 0.0680223
7 0.296615 0.107407 0.0338542 0.0851852 0.0744078
9 0.503125 0.759259 0.0114583 0.0574074 0.0844228
9 0.269271 0.0356481 0.0229167 0.0675926 0.0917941
2 0.29401 0.10787 0.0307292 0.0824074 0.107676
2 0.461979 0.110648 0.0125 0.0416667 0.123286
2 0.627344 0.120833 0.0255208 0.0490741 0.297729
2 0.322656 0.0856481 0.0380208 0.0342593 0.327278
2 0.478125 0.108796 0.025 0.0453704 0.32804
7 0.50599 0.103241 0.0432292 0.0638889 0.35141
2 0.505729 0.103241 0.0427083 0.0638889 0.494249
2 0.31849 0.121759 0.0515625 0.0694444 0.716095
11 0.729167 0.0435185 0.0270833 0.0555556 0.747068
10 0.203906 0.314815 0.0161458 0.0703704 0.8144
2 0.397396 0.122685 0.0510417 0.0694444 0.862398
2 0.730208 0.418519 0.121875 0.174074 0.911448
