2 0.238542 0.138426 0.0197917 0.0490741 0.00102097
9 0.260156 0.0402778 0.0130208 0.0638889 0.00103595
2 0.452604 0.0902778 0.0322917 0.062037 0.00105673
9 0.989844 0.513426 0.0192708 0.187963 0.00105926
0 0.714844 0.365278 0.0317708 0.037963 0.00106192
2 0.00572917 0.0888889 0.0114583 0.0351852 0.00106998
0 0.671094 0.311574 0.603646 0.469444 0.00108591
0 0.99375 0.87037 0.0114583 0.0592593 0.00109564
2 0.592188 0.131944 0.01875 0.0212963 0.0011117
2 0.798177 0.0861111 0.0484375 0.0407407 0.00112234
2 0.526823 0.100463 0.138021 0.075 0.00112741
7 0.472656 0.0592593 0.0463542 0.0462963 0.00120032
2 0.292708 0.0953704 0.105208 0.1 0.00128867
0 0.64375 0.584259 0.040625 0.0462963 0.00133513
2 0.655729 0.139815 0.0802083 0.087037 0.00133994
2 0.0143229 0.131019 0.0276042 0.0305556 0.00134995
9 0.114583 0.0231481 0.0125 0.0388889 0.0013857
1 0.00390625 0.405093 0.0078125 0.0990741 0.00141465
0 0.260417 0.102315 0.015625 0.0805556 0.00141979
9 0.565885 0.0430556 0.0109375 0.037963 0.00157159
2 0.363542 0.0680556 0.0114583 0.0212963 0.00158449
7 0.992969 0.519444 0.0130208 0.168519 0.00162722
5 0.21849 0.075 0.0203125 0.0388889 0.00164479
2 0.789323 0.0828704 0.0203125 0.025 0.00165472
7 0.273958 0.0361111 0.0291667 0.062963 0.00166107
12 0.702865 0.137963 0.0234375 0.0814815 0.00166194
7 0.278906 0.0578704 0.0359375 0.100926 0.00170087
2 0.41901 0.100926 0.261979 0.0981481 0.00180531
1 0.809896 0.331481 0.0208333 0.0907407 0.00181581
9 0.359635 0.024537 0.0140625 0.0324074 0.00186331
9 0.3625 0.0398148 0.009375 0.0277778 0.00186449
32 0.454167 0.314815 0.00833333 0.012963 0.00188976
0 0.654427 0.580556 0.0296875 0.0259259 0.00194076
2 0.782031 0.109259 0.0359375 0.0611111 0.00200132
9 0.265885 0.0625 0.0119792 0.0287037 0.00219497
7 0.459635 0.0962963 0.0442708 0.0648148 0.00219847
9 0.570052 0.0314815 0.0151042 0.0592593 0.00224077
9 0.36224 0.0685185 0.00885417 0.0259259 0.00239912
9 0.253385 0.0842593 0.0119792 0.0388889 0.00246195
0 0.683333 0.577315 0.028125 0.0324074 0.00248377
2 0.290104 0.0726852 0.03125 0.0453704 0.00253515
9 0.26276 0.0875 0.0078125 0.0416667 0.00288905
0 0.263281 0.102315 0.00885417 0.0583333 0.00300337
2 0.266406 0.0990741 0.0119792 0.0592593 0.00301761
2 0.813802 0.074537 0.0192708 0.0194444 0.00323039
9 0.469792 0.415278 0.0104167 0.0287037 0.00359381
9 0.256771 0.075463 0.00833333 0.0453704 0.00361739
2 0.775 0.120833 0.0197917 0.037963 0.00378971
9 0.963802 0.505093 0.0192708 0.0657407 0.00383246
2 0.270052 0.0476852 0.0192708 0.037963 0.00422332
11 0.24375 0.0439815 0.028125 0.0861111 0.00426122
5 0.214844 0.0537037 0.0296875 0.0481481 0.00441475
5 0.208073 0.0675926 0.0255208 0.0425926 0.00480855
9 0.269792 0.0231481 0.0208333 0.0407407 0.0053516
0 0.732031 0.370833 0.0286458 0.0305556 0.00557361
9 0.43724 0.197685 0.00989583 0.0342593 0.00560051
7 0.970833 0.530093 0.0572917 0.199074 0.00567536
0 0.75651 0.375463 0.0192708 0.0287037 0.00568917
2 0.270052 0.108333 0.0119792 0.0444444 0.00619713
9 0.500781 0.603704 0.0151042 0.0407407 0.00695559
0 0.63125 0.578704 0.0291667 0.0425926 0.0089261
9 0.979167 0.500463 0.0385417 0.130556 0.0112699
9 0.994792 0.499537 0.009375 0.134259 0.0116253
2 0.785677 0.0907407 0.0140625 0.0203704 0.0116856
9 0.595312 0.0416667 0.009375 0.0296296 0.0130254
0 0.757812 0.0893519 0.0135417 0.0712963 0.0163131
0 0.710938 0.372222 0.0197917 0.0259259 0.0165676
2 0.478646 0.0986111 0.0385417 0.0601852 0.0167226
9 0.567708 0.0490741 0.009375 0.0240741 0.0200665
0 0.635156 0.148611 0.00989583 0.0472222 0.0204409
2 0.484375 0.109722 0.0208333 0.0453704 0.026405
7 0.220313 0.0634259 0.0520833 0.0601852 0.0318988
11 0.60651 0.0611111 0.00989583 0.0259259 0.0361359
0 0.442969 0.1 0.0161458 0.0481481 0.0468064
5 0.220052 0.0638889 0.0515625 0.0574074 0.0468665
2 0.292969 0.111574 0.0265625 0.0675926 0.0514778
2 0.345573 0.0675926 0.0109375 0.0203704 0.0848683
2 0.48125 0.0800926 0.0270833 0.0305556 0.0957139
9 0.502344 0.761111 0.0119792 0.0518519 0.10131
7 0.48099 0.0694444 0.0286458 0.0351852 0.120274
2 0.322917 0.0546296 0.0364583 0.037037 0.156209
2 0.459635 0.0694444 0.0192708 0.0240741 0.186604
2 0.325521 0.0671296 0.0375 0.0342593 0.188999
2 0.322396 0.0921296 0.0385417 0.0342593 0.205697
2 0.315885 0.0486111 0.0213542 0.0231481 0.217266
2 0.628385 0.122222 0.0244792 0.0518519 0.232453
2 0.480469 0.0671296 0.0276042 0.0324074 0.252672
2 0.472135 0.112037 0.0317708 0.0407407 0.254177
2 0.298438 0.0648148 0.0177083 0.0296296 0.284015
2 0.50651 0.104167 0.0421875 0.0638889 0.490456
11 0.729948 0.0435185 0.0265625 0.0574074 0.706864
2 0.319271 0.121759 0.0489583 0.0694444 0.80056
10 0.203906 0.316204 0.0171875 0.0694444 0.834349
2 0.730469 0.418981 0.122396 0.173148 0.911608
2 0.650781 0.639352 0.155729 0.225 0.916776
