2 0.276042 0.108796 0.0260417 0.0638889 0.00100094
2 0.640365 0.150463 0.0192708 0.0638889 0.00106426
7 0.22474 0.0564815 0.0619792 0.111111 0.00108015
2 0.794271 0.0875 0.0322917 0.0287037 0.001087
2 0.458333 0.108333 0.0708333 0.0444444 0.00113414
2 0.60026 0.422685 0.677604 0.186111 0.00115288
1 0.0393229 0.148148 0.0786458 0.122222 0.00123808
9 0.292708 0.0546296 0.00833333 0.0388889 0.00123846
9 0.566667 0.0587963 0.0104167 0.0472222 0.0012847
58 0.919271 0.184722 0.160417 0.369444 0.00130091
12 0.702083 0.165278 0.0208333 0.037963 0.001393
0 0.756771 0.374074 0.0208333 0.0333333 0.00141629
9 0.502344 0.759259 0.0130208 0.0555556 0.0014648
2 0.654948 0.137963 0.0817708 0.0851852 0.0015438
11 0.236719 0.0699074 0.0171875 0.0472222 0.00159325
7 0.279948 0.0722222 0.0328125 0.137037 0.00173615
2 0.341146 0.0763889 0.0208333 0.0268519 0.00174574
12 0.9875 0.520833 0.0239583 0.176852 0.00180591
2 0.270833 0.0699074 0.0197917 0.0546296 0.00188411
2 0.29349 0.101389 0.0828125 0.0953704 0.00197795
2 0.970833 0.520833 0.0572917 0.178704 0.00206373
1 0.208854 0.418981 0.0364583 0.128704 0.00226287
12 0.692448 0.164815 0.00885417 0.0407407 0.00247092
0 0.716146 0.372222 0.0239583 0.0277778 0.0025651
9 0.995052 0.533796 0.00885417 0.0583333 0.00256826
2 0.592969 0.125 0.0171875 0.0259259 0.00257634
9 0.5 0.602778 0.0145833 0.0388889 0.0026014
9 0.991146 0.515741 0.0166667 0.168519 0.00261277
0 0.457292 0.0643518 0.00833333 0.0342593 0.00285036
0 0.995833 0.32963 0.00729167 0.0555556 0.00291242
1 0.216927 0.393056 0.0307292 0.121296 0.00296546
2 0.778385 0.1 0.0276042 0.0462963 0.00297259
7 0.988021 0.524074 0.0229167 0.190741 0.00315842
1 0.0046875 0.460648 0.009375 0.234259 0.00321793
2 0.255469 0.087037 0.0192708 0.037037 0.00323828
9 0.275521 0.037963 0.0375 0.0740741 0.00324595
2 0.813542 0.075463 0.0177083 0.0175926 0.00333762
9 0.211719 0.0648148 0.0307292 0.0518519 0.00335214
0 0.26276 0.0925926 0.00885417 0.0481481 0.00424272
1 0.0127604 0.368519 0.0255208 0.0518519 0.00427374
9 0.581771 0.037963 0.0125 0.0518519 0.00451519
2 0.99375 0.518056 0.0114583 0.173148 0.00462588
9 0.269792 0.0481481 0.0197917 0.0388889 0.00479733
2 0.409115 0.102778 0.244271 0.087037 0.00499281
2 0.533854 0.106944 0.14375 0.0601852 0.00506219
2 0.238542 0.141667 0.0197917 0.0407407 0.00552995
2 0.289844 0.0921296 0.0255208 0.0583333 0.0055445
11 0.60599 0.0601852 0.00989583 0.0240741 0.00606363
2 0.499219 0.0671296 0.0192708 0.025 0.00632235
2 0.441927 0.0740741 0.0151042 0.0333333 0.00755461
7 0.970573 0.526389 0.0578125 0.200926 0.00820894
0 0.442969 0.0981481 0.0182292 0.0518519 0.0100209
2 0.270312 0.107407 0.0135417 0.0444444 0.0101083
0 0.75625 0.0907407 0.0145833 0.0777778 0.0137535
12 0.994271 0.502778 0.0104167 0.144444 0.0140909
9 0.26901 0.0300926 0.0223958 0.0564815 0.0141911
5 0.220573 0.0675926 0.0494792 0.0592593 0.0164372
2 0.635156 0.146759 0.0109375 0.0564815 0.0167591
9 0.573958 0.0310185 0.0145833 0.0601852 0.0182671
0 0.635417 0.147685 0.009375 0.0527778 0.021384
10 0.225 0.338889 0.028125 0.0685185 0.0217754
7 0.220313 0.0671296 0.05 0.062037 0.022725
1 0.0101562 0.396759 0.0203125 0.112037 0.0231126
1 0.00416667 0.409722 0.00833333 0.0842593 0.025262
10 0.209896 0.325 0.01875 0.0703704 0.0339493
2 0.48776 0.0722222 0.0151042 0.0314815 0.0508278
9 0.567187 0.0476852 0.00833333 0.0231481 0.0565355
2 0.785677 0.087963 0.0130208 0.0240741 0.058255
10 0.442448 0.0888889 0.0130208 0.0333333 0.0704719
0 0.488281 0.0699074 0.0140625 0.0324074 0.0734687
2 0.357552 0.0657407 0.0171875 0.0259259 0.126291
2 0.298958 0.106481 0.0385417 0.0796296 0.178556
1 0.221094 0.426389 0.0244792 0.113889 0.415416
2 0.322396 0.087037 0.0375 0.037037 0.428191
2 0.627344 0.121759 0.0255208 0.0509259 0.471656
2 0.472396 0.109259 0.0322917 0.0444444 0.504708
0 0.225521 0.380556 0.03125 0.15 0.593504
2 0.378906 0.0643518 0.0463542 0.0324074 0.603557
2 0.50651 0.104167 0.0421875 0.0638889 0.631391
2 0.414844 0.062037 0.0328125 0.0351852 0.70712
2 0.31849 0.121759 0.0505208 0.0712963 0.745965
10 0.204427 0.314352 0.0161458 0.0675926 0.784564
11 0.729167 0.0425926 0.028125 0.0555556 0.816109
2 0.729948 0.419444 0.122396 0.172222 0.913519
