2 0.813021 0.075 0.0166667 0.0203704 0.00103102
7 0.789583 0.0606481 0.0291667 0.062037 0.00104779
2 0.226823 0.103704 0.0265625 0.037037 0.00113954
2 0.21875 0.123611 0.059375 0.075 0.00125799
9 0.592188 0.0462963 0.0104167 0.037037 0.00127865
2 0.773698 0.119444 0.0182292 0.0407407 0.00129133
9 0.548177 0.0513889 0.0109375 0.025 0.00133725
0 0.263281 0.102315 0.00989583 0.0546296 0.0013714
2 0.00390625 0.408796 0.0078125 0.0842593 0.00141922
2 0.367708 0.0615741 0.028125 0.0416667 0.00146477
0 0.756771 0.374537 0.0197917 0.0305556 0.00146639
9 0.973698 0.509722 0.0515625 0.162037 0.00153444
11 0.240104 0.0384259 0.021875 0.0731481 0.00160361
13 0.970573 0.51713 0.0578125 0.167593 0.00160449
2 0.536979 0.108796 0.414583 0.0842593 0.00172333
2 0.290885 0.0986111 0.0755208 0.100926 0.00181506
7 0.276563 0.0726852 0.0395833 0.141667 0.00186512
9 0.583594 0.0356481 0.0161458 0.062037 0.00191056
7 0.971094 0.521296 0.0567708 0.188889 0.00191323
0 0.729948 0.371759 0.0286458 0.0287037 0.00193297
2 0.275 0.114352 0.0229167 0.0546296 0.00199133
9 0.239063 0.0736111 0.015625 0.0527778 0.00203523
9 0.21901 0.103241 0.00989583 0.0398148 0.00215113
2 0.592448 0.123148 0.0182292 0.0314815 0.00249733
9 0.576823 0.0337963 0.0140625 0.0657407 0.00259565
12 0.966406 0.498148 0.0244792 0.0796296 0.00270738
2 0.447135 0.115741 0.0276042 0.0222222 0.00270857
1 0.00416667 0.396759 0.00833333 0.110185 0.00297881
9 0.994531 0.516667 0.00989583 0.172222 0.00304932
2 0.791146 0.0875 0.0197917 0.0194444 0.00315835
9 0.559375 0.0291667 0.0260417 0.0564815 0.00317222
2 0.419792 0.108333 0.204167 0.0759259 0.00317749
5 0.215625 0.0597222 0.0385417 0.0583333 0.00357726
2 0.784896 0.0888889 0.0145833 0.0166667 0.00371244
2 0.105208 0.127778 0.0260417 0.0388889 0.00380686
9 0.258594 0.074537 0.0119792 0.0527778 0.00392807
9 0.110417 0.024537 0.0114583 0.0361111 0.00424202
2 0.605469 0.0592593 0.0109375 0.0277778 0.00427145
7 0.220052 0.0638889 0.0505208 0.0611111 0.00438034
9 0.253125 0.0865741 0.0145833 0.0361111 0.00440256
0 0.709635 0.373148 0.0182292 0.0240741 0.006097
2 0.416927 0.0194444 0.0182292 0.0351852 0.006443
12 0.994792 0.489815 0.009375 0.12037 0.00694579
0 0.717448 0.370833 0.0223958 0.0268519 0.00713755
9 0.29375 0.0564815 0.009375 0.0388889 0.00732788
11 0.23724 0.0671296 0.0161458 0.0416667 0.00891459
9 0.266406 0.0898148 0.0109375 0.0388889 0.00952078
19 0.442708 0.087037 0.0135417 0.0259259 0.0099504
2 0.238802 0.141204 0.0182292 0.0416667 0.0104621
0 0.755208 0.0907407 0.0166667 0.0851852 0.0110104
2 0.442708 0.0861111 0.0145833 0.0259259 0.0125788
9 0.263021 0.0865741 0.009375 0.0342593 0.012793
12 0.973177 0.494907 0.0380208 0.115741 0.0131091
9 0.220573 0.0888889 0.00989583 0.0148148 0.0137125
2 0.271094 0.1125 0.0130208 0.0324074 0.015977
9 0.207031 0.0662037 0.0182292 0.037963 0.0163481
7 0.38099 0.0532407 0.0567708 0.0472222 0.0170234
2 0.461458 0.111574 0.0125 0.0361111 0.0263706
9 0.567448 0.0310185 0.0130208 0.0583333 0.0267581
0 0.633854 0.148611 0.0135417 0.0546296 0.033238
7 0.29375 0.109722 0.0302083 0.0805556 0.0367193
9 0.26901 0.0347222 0.0223958 0.0657407 0.0463263
9 0.222396 0.0583333 0.0125 0.0351852 0.0470859
9 0.567187 0.0481481 0.009375 0.0240741 0.0585391
9 0.502604 0.760185 0.0125 0.0574074 0.0835038
9 0.500521 0.602315 0.015625 0.0398148 0.106186
2 0.359635 0.0606481 0.0130208 0.0287037 0.114038
2 0.291667 0.111574 0.0260417 0.0768519 0.124824
2 0.321875 0.0851852 0.0385417 0.0351852 0.333193
2 0.627604 0.122685 0.025 0.0527778 0.378766
2 0.473437 0.10787 0.034375 0.0453704 0.43369
2 0.50599 0.103241 0.0432292 0.0638889 0.434637
7 0.50599 0.103241 0.0432292 0.0638889 0.452427
2 0.38724 0.0578704 0.0421875 0.0361111 0.509625
2 0.31875 0.121296 0.0510417 0.0703704 0.693824
2 0.392188 0.103241 0.04375 0.0583333 0.768042
11 0.729167 0.0416667 0.0270833 0.0537037 0.778697
10 0.203906 0.314815 0.0161458 0.0685185 0.802653
2 0.730208 0.418519 0.121875 0.175926 0.911945
