0 0.25625 0.108796 0.0208333 0.0953704 0.00100268
9 0.500781 0.603704 0.0161458 0.0388889 0.00100779
2 0.772135 0.113426 0.0140625 0.0324074 0.00100825
2 0.817448 0.233333 0.00885417 0.0407407 0.00101218
12 0.70026 0.164815 0.0223958 0.0388889 0.00102496
9 0.292448 0.05 0.00885417 0.0407407 0.00107193
12 0.988542 0.507407 0.021875 0.15 0.00109878
2 0.00390625 0.419444 0.0078125 0.0648148 0.00115014
9 0.591406 0.0282407 0.0151042 0.0509259 0.00118713
0 0.73099 0.372222 0.0286458 0.0296296 0.00119442
9 0.415365 0.0106481 0.0151042 0.0212963 0.00120336
9 0.191146 0.0856481 0.009375 0.0175926 0.00122636
9 0.558854 0.0282407 0.0229167 0.0527778 0.00128956
0 0.253646 0.13287 0.0145833 0.0527778 0.00138035
9 0.584115 0.0361111 0.0140625 0.0555556 0.00139945
7 0.231771 0.0689815 0.0270833 0.0490741 0.00145722
9 0.576563 0.0324074 0.0145833 0.062963 0.00145902
2 0.220052 0.136111 0.0567708 0.0537037 0.00149824
1 0.0140625 0.393981 0.028125 0.117593 0.00155427
7 0.992969 0.517593 0.0130208 0.172222 0.0015547
2 0.648438 0.149074 0.0385417 0.0592593 0.00169803
9 0.107292 0.0319444 0.0125 0.0361111 0.00172269
0 0.757812 0.12037 0.0125 0.0425926 0.00172364
2 0.779948 0.103704 0.0296875 0.0537037 0.00172531
32 0.460156 0.356944 0.0109375 0.0175926 0.00176059
9 0.548437 0.05 0.0114583 0.0277778 0.00178445
9 0.113802 0.0259259 0.0171875 0.0425926 0.00182012
9 0.263542 0.0861111 0.0104167 0.037037 0.00186206
1 0.00416667 0.4 0.00833333 0.103704 0.00189205
13 0.970833 0.522685 0.0572917 0.184259 0.00214191
0 0.26276 0.110185 0.00885417 0.0481481 0.00233031
9 0.258594 0.0759259 0.0119792 0.0481481 0.00238226
2 0.529688 0.111111 0.0114583 0.0407407 0.0023964
9 0.213281 0.0583333 0.0348958 0.0611111 0.00243445
2 0.299219 0.104167 0.0848958 0.0972222 0.00258946
2 0.545313 0.106481 0.192708 0.0666667 0.00269319
0 0.709115 0.372222 0.0192708 0.0277778 0.0027706
2 0.507292 0.503241 0.719792 0.286111 0.00281222
7 0.970573 0.527778 0.0578125 0.201852 0.00292029
0 0.717188 0.371296 0.0239583 0.0277778 0.00298668
9 0.995052 0.501389 0.00885417 0.150926 0.00325283
7 0.213802 0.0601852 0.0359375 0.0611111 0.00353846
11 0.236979 0.0694444 0.0166667 0.0444444 0.0035686
2 0.381771 0.105556 0.196875 0.0833333 0.00374661
12 0.994792 0.50787 0.009375 0.156481 0.00378757
32 0.454167 0.315741 0.00833333 0.0148148 0.00406067
1 0.0101562 0.366667 0.0203125 0.0648148 0.00414652
2 0.296615 0.075463 0.0244792 0.0231481 0.00556868
2 0.814583 0.075463 0.0177083 0.0175926 0.0065364
1 0.810938 0.332407 0.0197917 0.0944444 0.00666816
2 0.269531 0.106481 0.0119792 0.0425926 0.00719889
12 0.692187 0.164815 0.009375 0.0388889 0.00777085
9 0.220052 0.087963 0.00885417 0.0148148 0.00887265
11 0.60625 0.0597222 0.009375 0.025 0.00909439
2 0.302344 0.0824074 0.0255208 0.037037 0.00977262
2 0.363281 0.0615741 0.0255208 0.0398148 0.0101203
2 0.476823 0.0902778 0.0348958 0.037963 0.0104256
9 0.566927 0.0319444 0.0130208 0.0583333 0.0130286
0 0.635156 0.148611 0.00989583 0.0509259 0.0136576
0 0.355469 0.459259 0.0348958 0.0462963 0.0141348
2 0.634896 0.146296 0.0114583 0.0537037 0.0156324
2 0.286979 0.116667 0.0166667 0.0666667 0.0161489
9 0.20651 0.0699074 0.0203125 0.0416667 0.0183461
0 0.757292 0.0949074 0.0145833 0.0824074 0.0195153
9 0.222656 0.0611111 0.0130208 0.0407407 0.0237534
2 0.785937 0.0893519 0.015625 0.0231481 0.0274069
2 0.292708 0.122685 0.021875 0.0490741 0.0359323
2 0.458854 0.112037 0.0114583 0.0407407 0.0374987
2 0.295833 0.105556 0.0333333 0.0777778 0.0411499
2 0.238542 0.141667 0.01875 0.0407407 0.0412254
0 0.367969 0.458333 0.0359375 0.0407407 0.0417696
2 0.334375 0.0708333 0.0208333 0.0305556 0.0435742
9 0.502604 0.760185 0.0125 0.0537037 0.0471627
2 0.361719 0.0523148 0.0182292 0.025 0.0494703
7 0.296094 0.103704 0.0338542 0.0759259 0.0554042
0 0.409635 0.456944 0.0432292 0.0453704 0.0579572
7 0.345052 0.0587963 0.0244792 0.0324074 0.0620799
9 0.26875 0.0351852 0.021875 0.0666667 0.0907225
7 0.369531 0.0578704 0.0348958 0.0398148 0.0954163
9 0.566927 0.0481481 0.00885417 0.0240741 0.10165
2 0.479167 0.0703704 0.0322917 0.0277778 0.247465
2 0.344792 0.0606481 0.0239583 0.0305556 0.288117
2 0.627604 0.121759 0.025 0.0509259 0.290829
7 0.397396 0.0680556 0.0385417 0.0435185 0.309087
2 0.397396 0.0680556 0.0375 0.0435185 0.335934
2 0.322135 0.0888889 0.0380208 0.0407407 0.364119
7 0.50625 0.103704 0.0427083 0.0648148 0.431596
2 0.50599 0.104167 0.0421875 0.0638889 0.444597
2 0.473177 0.108796 0.0317708 0.0472222 0.46715
2 0.317708 0.121759 0.0520833 0.0694444 0.748938
2 0.435156 0.106019 0.0369792 0.0527778 0.787166
11 0.729167 0.0425926 0.0270833 0.0574074 0.799928
10 0.203906 0.316204 0.0171875 0.0712963 0.834131
2 0.385156 0.515278 0.156771 0.256481 0.883133
2 0.729688 0.419907 0.122917 0.171296 0.911491
