11 0.239583 0.0361111 0.025 0.0703704 0.00100734
7 0.793229 0.0578704 0.0354167 0.0564815 0.00101206
7 0.990625 0.517593 0.0177083 0.181481 0.00105028
2 0.626562 0.408333 0.3875 0.212963 0.00106502
7 0.421875 0.102315 0.2875 0.106481 0.00108094
0 0.690104 0.164815 0.0125 0.0425926 0.00108953
2 0.974219 0.518981 0.0505208 0.180556 0.00119266
2 0.654688 0.130093 0.0791667 0.0787037 0.00119316
7 0.220052 0.0888889 0.0546875 0.116667 0.00125966
2 0.0132813 0.394907 0.0265625 0.110185 0.0013556
2 0.994792 0.525463 0.009375 0.0435185 0.00140837
2 0.258073 0.0916667 0.0192708 0.0518519 0.0014135
9 0.48776 0.978241 0.0192708 0.0435185 0.00143672
2 0.803646 0.0796296 0.0354167 0.0351852 0.00144352
2 0.264323 0.1 0.00989583 0.0537037 0.00151182
13 0.0132813 0.393056 0.0265625 0.112037 0.00161124
1 0.0106771 0.3875 0.0213542 0.119444 0.00161823
1 0.809115 0.330093 0.0213542 0.0916667 0.00165632
7 0.269271 0.0912037 0.0229167 0.0694444 0.00195663
2 0.507812 0.106019 0.369792 0.0787037 0.00209918
9 0.457812 0.0643518 0.00729167 0.0287037 0.00223656
12 0.7 0.163426 0.021875 0.037963 0.00232843
9 0.992448 0.513889 0.0140625 0.172222 0.00246709
2 0.99401 0.520833 0.0109375 0.165741 0.00249456
2 0.811198 0.0726852 0.0213542 0.0268519 0.00249868
2 0.00416667 0.408333 0.00833333 0.0814815 0.00256031
0 0.816667 0.231481 0.00833333 0.0388889 0.00273868
9 0.547917 0.0509259 0.0104167 0.0222222 0.00293212
2 0.342187 0.0912037 0.009375 0.0212963 0.00337363
13 0.971615 0.518056 0.0557292 0.176852 0.00350232
2 0.23776 0.137963 0.0192708 0.0425926 0.00354868
9 0.360156 0.0643518 0.00885417 0.0194444 0.00390211
7 0.970312 0.519907 0.0583333 0.191667 0.00400339
58 0.967708 0.49537 0.03125 0.0851852 0.00401196
2 0.530729 0.105556 0.0166667 0.0462963 0.00417908
2 0.286719 0.0777778 0.0161458 0.0407407 0.00440124
13 0.961979 0.553241 0.040625 0.0472222 0.00459222
12 0.99401 0.496759 0.0109375 0.14537 0.00464003
0 0.634896 0.14537 0.009375 0.0555556 0.00464155
2 0.592448 0.126852 0.0171875 0.0203704 0.00477757
2 0.605729 0.0597222 0.0104167 0.0268519 0.00511262
2 0.778125 0.1 0.0291667 0.0444444 0.00545535
9 0.46849 0.408333 0.00989583 0.0222222 0.00553828
2 0.442187 0.0972222 0.01875 0.05 0.00574269
9 0.564844 0.0444444 0.00989583 0.0296296 0.00630109
7 0.272135 0.0333333 0.0286458 0.0648148 0.00716122
9 0.507552 0.756944 0.0276042 0.0583333 0.00716125
9 0.441667 0.0833333 0.0145833 0.0240741 0.00750999
12 0.692969 0.163889 0.0078125 0.0388889 0.00834068
9 0.207292 0.0638889 0.0197917 0.0444444 0.00834473
9 0.21849 0.0884259 0.00885417 0.0138889 0.00884706
2 0.441927 0.0828704 0.0140625 0.0231481 0.00903258
9 0.499479 0.600463 0.0145833 0.0398148 0.00964475
2 0.634635 0.14213 0.00989583 0.0490741 0.0101943
5 0.220833 0.0648148 0.0479167 0.0555556 0.0105477
0 0.28151 0.0856481 0.00677083 0.0287037 0.0106925
0 0.755729 0.0921296 0.015625 0.0805556 0.0116555
0 0.285417 0.108333 0.0145833 0.0796296 0.0168067
7 0.27474 0.0555556 0.0380208 0.107407 0.0179782
7 0.219792 0.0638889 0.0489583 0.0574074 0.0191673
2 0.783073 0.0884259 0.0161458 0.0212963 0.0203362
9 0.26875 0.0351852 0.0229167 0.062963 0.0222262
2 0.269792 0.0981481 0.0166667 0.0555556 0.0279626
2 0.302344 0.0972222 0.0463542 0.0925926 0.0387148
2 0.307813 0.0541667 0.0291667 0.025 0.0472678
2 0.317187 0.0782407 0.0385417 0.0398148 0.0984741
2 0.463281 0.107407 0.0161458 0.0444444 0.174229
7 0.309896 0.0990741 0.059375 0.0944444 0.214876
9 0.501823 0.757407 0.0130208 0.0537037 0.297305
2 0.478385 0.106019 0.0255208 0.0472222 0.360952
2 0.626562 0.119444 0.0260417 0.0555556 0.437026
2 0.505208 0.101852 0.0427083 0.062963 0.649848
11 0.728125 0.0402778 0.0270833 0.0546296 0.695631
2 0.317187 0.118981 0.0510417 0.0712963 0.729012
10 0.203125 0.313889 0.015625 0.0703704 0.738306
2 0.728906 0.41713 0.123438 0.169444 0.898382
7 0.497135 0.272685 0.114063 0.163889 0.901441
