2 0.795052 0.104167 0.0484375 0.0694444 0.00101107
13 0.0145833 0.4 0.0291667 0.105556 0.00109672
9 0.995313 0.530556 0.00833333 0.0351852 0.00109928
2 0.296875 0.130093 0.0197917 0.0583333 0.00110011
2 0.293229 0.100463 0.104167 0.0935185 0.00113621
0 0.263281 0.103241 0.0109375 0.0527778 0.00114159
2 0.557292 0.422685 0.526042 0.178704 0.00114382
9 0.588802 0.0393519 0.0151042 0.0527778 0.00116712
32 0.460156 0.357407 0.0109375 0.0185185 0.0012009
58 0.969271 0.498611 0.0322917 0.0935185 0.00121911
7 0.280208 0.0671296 0.0354167 0.119444 0.00130137
2 0.575 0.126852 0.0541667 0.0333333 0.00133925
13 0.961719 0.556481 0.0390625 0.0444444 0.00138346
9 0.817187 0.234722 0.00833333 0.0398148 0.00145747
2 0.466667 0.0222222 0.021875 0.0222222 0.00146779
7 0.789844 0.0638889 0.0276042 0.0611111 0.00151856
9 0.56224 0.050463 0.0192708 0.0268519 0.00157156
0 0.714323 0.37037 0.0244792 0.0277778 0.00158815
11 0.25599 0.0875 0.0203125 0.0361111 0.00159823
7 0.970833 0.519444 0.0572917 0.183333 0.00161655
2 0.660156 0.139352 0.0682292 0.0601852 0.00169394
2 0.441406 0.087037 0.0161458 0.0296296 0.00173778
9 0.548177 0.0518519 0.0109375 0.0259259 0.0017928
2 0.239063 0.106944 0.0166667 0.037963 0.00182691
7 0.989583 0.516667 0.0197917 0.183333 0.00182891
9 0.558854 0.0287037 0.0229167 0.0537037 0.00189421
9 0.272656 0.0398148 0.0296875 0.0759259 0.00194057
2 0.78099 0.103704 0.0328125 0.05 0.00203868
9 0.415625 0.0087963 0.015625 0.0175926 0.00205985
11 0.2375 0.0685185 0.0166667 0.0444444 0.00213127
2 0.00416667 0.384259 0.00833333 0.0388889 0.00218949
0 0.267188 0.0962963 0.0104167 0.0481481 0.0025592
9 0.5 0.604167 0.0145833 0.0398148 0.00258966
2 0.526042 0.112963 0.332292 0.0703704 0.00263658
2 0.218229 0.136111 0.059375 0.0518519 0.00283246
9 0.992969 0.494444 0.0130208 0.124074 0.00286444
12 0.702344 0.134259 0.0234375 0.0777778 0.00294122
13 0.00416667 0.406019 0.00833333 0.0898148 0.00297604
0 0.442448 0.0875 0.0130208 0.0268519 0.00359525
9 0.263281 0.0865741 0.0078125 0.0324074 0.00361776
2 0.4625 0.111574 0.10625 0.0546296 0.0036538
9 0.576042 0.0328704 0.015625 0.062037 0.00372298
1 0.00390625 0.407407 0.0078125 0.087037 0.00381139
12 0.701823 0.158333 0.0234375 0.0481481 0.00402657
9 0.583594 0.0375 0.0130208 0.0509259 0.00419325
2 0.390885 0.1125 0.154687 0.0527778 0.0047527
0 0.282292 0.0884259 0.00833333 0.025 0.00526467
12 0.99375 0.496296 0.0114583 0.12963 0.00537603
2 0.647396 0.147222 0.034375 0.0611111 0.00542081
0 0.361719 0.0731481 0.0109375 0.0259259 0.00575343
12 0.693229 0.163426 0.00729167 0.0398148 0.0062046
9 0.26901 0.0486111 0.0203125 0.0398148 0.00915558
2 0.363021 0.0675926 0.0125 0.0222222 0.0111938
0 0.995573 0.32963 0.0078125 0.0518519 0.0126203
0 0.756771 0.0847222 0.0135417 0.0638889 0.0129806
11 0.60625 0.0601852 0.0104167 0.0240741 0.0141848
2 0.789844 0.0875 0.0213542 0.025 0.0141857
9 0.269271 0.0189815 0.0197917 0.0324074 0.0213242
7 0.220052 0.0638889 0.0505208 0.0685185 0.0221034
9 0.570312 0.0314815 0.0135417 0.0592593 0.0230741
2 0.321354 0.074537 0.0395833 0.0287037 0.0234528
2 0.271094 0.111111 0.0140625 0.0351852 0.0253371
2 0.291667 0.108333 0.0260417 0.0777778 0.030042
2 0.489062 0.107407 0.015625 0.05 0.0303218
2 0.238542 0.141667 0.0177083 0.0388889 0.0311471
7 0.29401 0.106481 0.0296875 0.0833333 0.033671
2 0.592708 0.126852 0.0177083 0.0222222 0.0347878
2 0.445573 0.1125 0.0203125 0.0268519 0.0347987
2 0.634896 0.14537 0.0104167 0.0537037 0.0388333
9 0.502083 0.760648 0.0125 0.0546296 0.0423648
5 0.220313 0.0657407 0.05 0.0611111 0.047372
2 0.348698 0.116667 0.0161458 0.0351852 0.0556304
2 0.322396 0.0888889 0.0416667 0.0351852 0.0631568
2 0.347135 0.0601852 0.0130208 0.0222222 0.111318
2 0.315104 0.0583333 0.0260417 0.0296296 0.112111
9 0.566927 0.0486111 0.00885417 0.025 0.156773
2 0.4625 0.115278 0.0135417 0.0324074 0.210134
7 0.327344 0.0550926 0.0494792 0.037963 0.2396
2 0.479167 0.109722 0.0208333 0.0453704 0.286644
2 0.627083 0.121759 0.0260417 0.0509259 0.391931
7 0.505729 0.10463 0.04375 0.062963 0.413281
2 0.505729 0.104167 0.04375 0.062037 0.430865
2 0.31849 0.119907 0.0505208 0.0731481 0.555066
2 0.423177 0.113889 0.0307292 0.0333333 0.739944
2 0.370833 0.1125 0.0333333 0.0398148 0.74319
10 0.204167 0.315741 0.015625 0.0703704 0.768277
11 0.728906 0.0430556 0.0265625 0.0583333 0.808195
2 0.729688 0.419444 0.122917 0.17037 0.900556
