11 0.221875 0.0726852 0.0479167 0.0546296 0.00106846
13 0.0125 0.37037 0.025 0.0648148 0.00111184
9 0.278385 0.0518519 0.0328125 0.0981481 0.00111998
9 0.415885 0.0101852 0.0161458 0.0203704 0.00113519
1 0.810677 0.329167 0.0182292 0.0935185 0.00114214
2 0.199219 0.243981 0.0213542 0.0138889 0.00117348
2 0.779948 0.100926 0.0307292 0.0481481 0.0012362
12 0.701563 0.165278 0.0208333 0.037963 0.00126693
2 0.293229 0.106481 0.10625 0.0981481 0.00131338
2 0.49349 0.103704 0.0244792 0.0648148 0.00135743
0 0.708333 0.372222 0.01875 0.0277778 0.00140307
0 0.717448 0.371759 0.0234375 0.0268519 0.00149669
2 0.528906 0.115741 0.242188 0.0833333 0.00151789
9 0.429688 0.0439815 0.00833333 0.0324074 0.00156505
0 0.757812 0.0736111 0.0114583 0.0416667 0.00161248
9 0.5 0.602778 0.0145833 0.0407407 0.00173115
13 0.96276 0.553704 0.0401042 0.0407407 0.00175414
2 0.34401 0.10463 0.00989583 0.0462963 0.00185269
7 0.789583 0.062963 0.028125 0.062963 0.0019209
2 0.424219 0.11713 0.292188 0.0861111 0.00194298
2 0.00364583 0.411111 0.00729167 0.087037 0.00196016
1 0.00833333 0.365741 0.0166667 0.0611111 0.00205201
9 0.236979 0.0671296 0.015625 0.0416667 0.00207577
10 0.194531 0.294444 0.0359375 0.114815 0.00208352
13 0.00390625 0.405093 0.0078125 0.0972222 0.00209309
1 0.00416667 0.397222 0.00833333 0.112963 0.00228423
13 0.970312 0.566667 0.05625 0.0740741 0.00243443
2 0.282031 0.087037 0.00885417 0.0296296 0.00244888
9 0.266406 0.0976852 0.00989583 0.0527778 0.00259223
9 0.458073 0.0643518 0.00885417 0.025 0.00263939
13 0.99375 0.518056 0.0114583 0.169444 0.00265889
2 0.65 0.149537 0.0395833 0.0583333 0.00274636
0 0.75599 0.0921296 0.0151042 0.0768519 0.00279958
9 0.263542 0.0462963 0.01875 0.05 0.00286581
12 0.976562 0.49537 0.04375 0.125926 0.0031112
2 0.363802 0.114352 0.135937 0.0787037 0.00389253
9 0.213802 0.0611111 0.0338542 0.0574074 0.00403753
9 0.573177 0.0314815 0.0151042 0.0611111 0.00418372
12 0.690625 0.165741 0.0104167 0.0388889 0.00418485
2 0.269792 0.106481 0.0125 0.0444444 0.00432893
2 0.592708 0.126389 0.01875 0.0231481 0.00455194
13 0.971094 0.518981 0.0567708 0.176852 0.00490454
2 0.286198 0.118056 0.0140625 0.0638889 0.00528057
9 0.292188 0.0703704 0.0104167 0.0166667 0.00571151
2 0.238281 0.141204 0.0182292 0.0416667 0.00655229
2 0.36276 0.0662037 0.0130208 0.0268519 0.00681647
9 0.502604 0.759722 0.0125 0.0583333 0.00718708
9 0.217708 0.104167 0.00833333 0.0398148 0.00762095
9 0.293229 0.0537037 0.009375 0.0462963 0.00766994
12 0.994792 0.49213 0.009375 0.128704 0.00847072
2 0.297917 0.106019 0.03125 0.075 0.00995441
2 0.442969 0.0865741 0.0161458 0.025 0.0101355
2 0.292188 0.120833 0.0197917 0.0583333 0.0108459
0 0.286458 0.113889 0.0145833 0.0703704 0.0109933
11 0.60599 0.0587963 0.00989583 0.0268519 0.0123544
2 0.785677 0.0893519 0.0151042 0.0231481 0.0126006
9 0.219792 0.0513889 0.01875 0.0435185 0.0150916
9 0.207292 0.0680556 0.01875 0.0416667 0.0156403
2 0.338542 0.0893519 0.0166667 0.0324074 0.0157799
11 0.2375 0.0662037 0.015625 0.037963 0.018972
2 0.635156 0.147222 0.0109375 0.0555556 0.025987
9 0.21849 0.0898148 0.0078125 0.0148148 0.0310854
9 0.567448 0.0486111 0.0078125 0.025 0.0329834
9 0.221875 0.0606481 0.0114583 0.0361111 0.0563581
9 0.269531 0.0356481 0.0213542 0.0675926 0.0685266
2 0.441146 0.1125 0.0166667 0.0287037 0.0775128
2 0.321875 0.0856481 0.0385417 0.0342593 0.306785
2 0.508594 0.103704 0.0369792 0.062963 0.439019
2 0.627344 0.121759 0.0255208 0.0509259 0.454208
2 0.467969 0.121296 0.0505208 0.0722222 0.479495
2 0.318229 0.121296 0.0510417 0.0703704 0.76533
11 0.728906 0.0421296 0.0276042 0.0546296 0.783976
2 0.36875 0.105556 0.0375 0.0537037 0.800484
10 0.203906 0.315741 0.0161458 0.0703704 0.827095
2 0.729948 0.419907 0.122396 0.171296 0.891876
