0 0.714844 0.361574 0.0244792 0.0324074 0.0010737
0 0.00390625 0.406481 0.0078125 0.0907407 0.00107624
9 0.547917 0.0527778 0.0104167 0.0240741 0.00109042
0 0.536979 0.278704 0.517708 0.442593 0.00110324
0 0.18724 0.101852 0.0078125 0.0555556 0.00111306
1 0.810417 0.332407 0.0177083 0.087037 0.0011589
0 0.1875 0.0865741 0.00729167 0.0305556 0.00118359
2 0.804167 0.0708333 0.009375 0.0157407 0.00121692
0 0.459896 0.480556 0.748958 0.246296 0.00124825
0 0.453906 0.656482 0.752604 0.657407 0.00127122
2 0.641927 0.126852 0.0567708 0.0648148 0.00132862
32 0.460156 0.356019 0.00989583 0.0157407 0.00133387
2 0.75651 0.117593 0.0161458 0.037037 0.00133463
9 0.290104 0.0268519 0.0125 0.0388889 0.00144848
2 0.242448 0.106481 0.0140625 0.0333333 0.00158115
9 0.583073 0.0384259 0.0130208 0.0509259 0.00158581
9 0.578646 0.0333333 0.0166667 0.0611111 0.0016318
32 0.46875 0.410185 0.0104167 0.0222222 0.00164715
2 0.00390625 0.410648 0.0078125 0.0842593 0.0017054
9 0.278385 0.0722222 0.0369792 0.138889 0.00176317
1 0.00494792 0.387037 0.00989583 0.124074 0.00178565
7 0.994271 0.519444 0.0104167 0.172222 0.00190128
12 0.701042 0.164352 0.0229167 0.037963 0.00193838
13 0.970312 0.538426 0.0583333 0.163889 0.00193892
9 0.3625 0.0694444 0.009375 0.0222222 0.00199369
9 0.263802 0.0912037 0.0109375 0.0435185 0.002016
2 0.771354 0.110648 0.0145833 0.0287037 0.00225067
58 0.96849 0.49537 0.0307292 0.087037 0.00230205
2 0.592448 0.124537 0.0182292 0.025 0.00245895
2 0.442708 0.087037 0.0135417 0.0259259 0.00269505
0 0.730729 0.373148 0.025 0.0277778 0.00276936
2 0.6625 0.151389 0.0635417 0.0638889 0.00283455
9 0.99401 0.509722 0.0109375 0.156481 0.00284561
2 0.778906 0.103704 0.0369792 0.0555556 0.00285321
13 0.985156 0.523611 0.0286458 0.186111 0.00298106
7 0.789583 0.0643518 0.0260417 0.062037 0.00316759
2 0.540365 0.43287 0.540104 0.182407 0.00330165
2 0.800781 0.0824074 0.0338542 0.0277778 0.00334987
2 0.238281 0.139352 0.0182292 0.0435185 0.00338505
2 0.406771 0.110185 0.267708 0.0777778 0.00340018
2 0.302344 0.0893519 0.0359375 0.0490741 0.00348193
7 0.970052 0.529167 0.0588542 0.208333 0.00350484
7 0.214062 0.0625 0.0375 0.062037 0.00364834
0 0.995573 0.328704 0.0078125 0.0574074 0.00373074
0 0.756771 0.375 0.0208333 0.0296296 0.00375351
11 0.23724 0.0657407 0.0161458 0.037037 0.00378112
9 0.206771 0.0689815 0.01875 0.0416667 0.004032
9 0.571094 0.0310185 0.0130208 0.0583333 0.00408194
9 0.293229 0.0527778 0.009375 0.0462963 0.00412808
12 0.994531 0.503704 0.00989583 0.146296 0.00444574
9 0.292448 0.0712963 0.0109375 0.0148148 0.0044696
2 0.561198 0.109259 0.210938 0.062963 0.00453335
0 0.263281 0.103241 0.00885417 0.0509259 0.00462796
7 0.986719 0.523148 0.0255208 0.194444 0.00485649
2 0.297656 0.10787 0.0703125 0.0898148 0.00489424
2 0.640625 0.150926 0.01875 0.0611111 0.00496659
0 0.267969 0.1 0.0119792 0.0555556 0.00600131
9 0.220573 0.0884259 0.00989583 0.0194444 0.00626674
12 0.692187 0.164815 0.00833333 0.0407407 0.00676792
0 0.71276 0.371759 0.0203125 0.025 0.00729405
0 0.757812 0.0731481 0.0104167 0.0425926 0.00732162
2 0.60599 0.0597222 0.00989583 0.0231481 0.00735732
2 0.48125 0.108796 0.0520833 0.0564815 0.0109995
9 0.502083 0.760648 0.0125 0.0546296 0.0122877
2 0.364062 0.0671296 0.0114583 0.0194444 0.0123484
9 0.442448 0.087037 0.0130208 0.0259259 0.0124264
2 0.271354 0.109259 0.0145833 0.0407407 0.0141847
9 0.222656 0.0597222 0.0130208 0.037963 0.0158281
2 0.815625 0.0763889 0.015625 0.0175926 0.0218318
0 0.379167 0.433333 0.021875 0.037037 0.0251094
2 0.635417 0.149074 0.0104167 0.0574074 0.0269686
2 0.785677 0.0888889 0.0140625 0.0240741 0.0289519
9 0.567187 0.0476852 0.00833333 0.0231481 0.0413529
9 0.26875 0.0347222 0.021875 0.0675926 0.0792557
2 0.293229 0.108796 0.0302083 0.0805556 0.0864864
2 0.463021 0.112963 0.015625 0.037037 0.08914
7 0.297135 0.10787 0.0401042 0.0824074 0.0981505
0 0.363802 0.436574 0.0338542 0.0398148 0.0987263
0 0.404427 0.43287 0.0348958 0.0416667 0.139387
2 0.480469 0.108796 0.0234375 0.0453704 0.248006
2 0.469531 0.109259 0.0276042 0.0444444 0.294349
2 0.322396 0.087037 0.0375 0.0351852 0.379877
2 0.50599 0.104167 0.0432292 0.062037 0.500801
2 0.627344 0.121759 0.0255208 0.0509259 0.504211
2 0.31849 0.120833 0.0505208 0.0712963 0.677785
10 0.203906 0.316204 0.0161458 0.0712963 0.765186
11 0.729167 0.0430556 0.0270833 0.0564815 0.771991
2 0.441406 0.251389 0.101562 0.117593 0.886887
2 0.729948 0.419444 0.122396 0.17037 0.911648
2 0.38125 0.480093 0.135417 0.187963 0.926967
