2 0.222917 0.133796 0.05 0.0564815 0.00102644
12 0.702344 0.160648 0.0223958 0.0453704 0.00104545
2 0.788281 0.0842593 0.0161458 0.0240741 0.00107573
12 0.690365 0.164815 0.0119792 0.037037 0.00108232
13 0.986458 0.519907 0.0260417 0.175 0.00109791
2 0.238802 0.106019 0.0182292 0.0342593 0.00116517
9 0.59375 0.0449074 0.0114583 0.0305556 0.00124429
9 0.560417 0.0282407 0.0229167 0.0546296 0.00126725
2 0.589583 0.426852 0.660417 0.194444 0.00129477
0 0.732552 0.372222 0.0296875 0.0296296 0.00133205
2 0.613542 0.0898148 0.040625 0.0907407 0.00135942
9 0.252344 0.0865741 0.0140625 0.0342593 0.00145432
2 0.541146 0.109259 0.357292 0.0759259 0.00145994
13 0.970833 0.519444 0.0572917 0.166667 0.00147218
2 0.779688 0.108333 0.0291667 0.0555556 0.0015012
7 0.278646 0.0768519 0.0375 0.146296 0.00150526
9 0.259635 0.0708333 0.0130208 0.0527778 0.00154314
9 0.416667 0.0194444 0.0177083 0.037037 0.00157775
7 0.971094 0.524074 0.0567708 0.190741 0.00158166
2 0.639323 0.127315 0.0505208 0.062037 0.00175137
1 0.0127604 0.365741 0.0255208 0.0462963 0.00180876
0 0.757552 0.117593 0.0130208 0.0407407 0.00182433
9 0.547917 0.0513889 0.0104167 0.025 0.00184206
2 0.526823 0.074537 0.0151042 0.0212963 0.00184345
1 0.00625 0.365741 0.0125 0.0537037 0.00190638
2 0.534375 0.0810185 0.0125 0.0194444 0.00194539
9 0.263542 0.0884259 0.0104167 0.037963 0.00199473
2 0.51875 0.0722222 0.0166667 0.0185185 0.00224308
2 0.223438 0.105556 0.0395833 0.0388889 0.00230535
2 0.530208 0.110648 0.0114583 0.0435185 0.00232143
2 0.292969 0.103241 0.0786458 0.0953704 0.00236441
9 0.110677 0.0263889 0.0119792 0.0342593 0.00236918
9 0.454688 0.314352 0.00729167 0.0138889 0.00239566
0 0.400521 0.113889 0.0145833 0.0462963 0.00243458
2 0.425 0.109722 0.1875 0.0657407 0.00257144
2 0.774219 0.119907 0.0182292 0.037963 0.00257945
1 0.00390625 0.401389 0.0078125 0.0990741 0.00266178
12 0.966667 0.499074 0.0270833 0.0759259 0.0027205
9 0.291667 0.0699074 0.0125 0.0157407 0.00291882
12 0.984896 0.504167 0.028125 0.137963 0.00292259
11 0.605469 0.0597222 0.00989583 0.025 0.00294788
0 0.0989583 0.12963 0.0166667 0.037037 0.00309935
2 0.304167 0.0865741 0.0291667 0.0435185 0.00327837
2 0.342969 0.103241 0.0109375 0.0472222 0.0033147
9 0.208073 0.0680556 0.0213542 0.0435185 0.00340605
0 0.709375 0.373611 0.0177083 0.025 0.00372005
2 0.360417 0.105093 0.0416667 0.0527778 0.00409832
0 0.757552 0.0939815 0.0140625 0.0824074 0.00429814
9 0.29375 0.0574074 0.009375 0.0388889 0.00434656
5 0.219792 0.0796296 0.0520833 0.0833333 0.0043851
2 0.785156 0.0898148 0.0130208 0.0222222 0.00443085
2 0.00651042 0.0912037 0.0130208 0.0453704 0.00459657
2 0.26875 0.0990741 0.0125 0.0537037 0.00494493
11 0.23724 0.0675926 0.0161458 0.0407407 0.00531538
2 0.363802 0.0680556 0.0119792 0.025 0.00532821
0 0.717708 0.370833 0.0208333 0.0268519 0.00548418
2 0.592188 0.124074 0.0166667 0.0277778 0.00571759
2 0.349219 0.110185 0.0984375 0.0722222 0.0057667
0 0.442708 0.0976852 0.0166667 0.0472222 0.00626436
2 0.651302 0.150463 0.0421875 0.0583333 0.00637142
2 0.238542 0.140741 0.01875 0.0407407 0.00694148
0 0.635156 0.148611 0.00989583 0.0509259 0.00728361
9 0.220833 0.0532407 0.01875 0.0435185 0.00754422
2 0.442708 0.0884259 0.0135417 0.0287037 0.00760377
5 0.213542 0.0606481 0.0354167 0.0601852 0.00798993
2 0.529167 0.0856481 0.0145833 0.0231481 0.0081882
7 0.219792 0.0675926 0.0510417 0.0796296 0.00860425
9 0.220573 0.0875 0.0109375 0.0157407 0.00925235
2 0.634896 0.143981 0.0114583 0.0472222 0.0100448
12 0.994792 0.493056 0.009375 0.123148 0.0110396
2 0.497135 0.0666667 0.0244792 0.0259259 0.011252
9 0.567187 0.0310185 0.0125 0.0583333 0.0114233
2 0.363281 0.0828704 0.00989583 0.037963 0.0115987
12 0.973437 0.494444 0.040625 0.116667 0.0116398
0 0.442708 0.0884259 0.0125 0.0268519 0.01247
2 0.339063 0.087963 0.0135417 0.0314815 0.0129057
2 0.271615 0.109722 0.0140625 0.037963 0.0193597
9 0.502604 0.760185 0.0114583 0.0574074 0.026325
2 0.486979 0.108333 0.0135417 0.0481481 0.0286937
2 0.397656 0.109259 0.0109375 0.0537037 0.038802
9 0.269271 0.0375 0.021875 0.0638889 0.0389182
9 0.567187 0.0481481 0.009375 0.0240741 0.0767572
9 0.50026 0.602315 0.0151042 0.0416667 0.0856111
2 0.46224 0.1125 0.0130208 0.037963 0.087983
7 0.296094 0.108796 0.0359375 0.0805556 0.0917244
2 0.491927 0.0717593 0.0161458 0.0287037 0.141882
2 0.294271 0.109259 0.0302083 0.0814815 0.14694
2 0.322396 0.0856481 0.0375 0.0342593 0.267253
2 0.479427 0.109722 0.0213542 0.0435185 0.276735
2 0.627083 0.122222 0.025 0.0518519 0.366474
2 0.50651 0.103704 0.0432292 0.062963 0.534656
2 0.31849 0.121296 0.0505208 0.0703704 0.655329
2 0.38151 0.105556 0.0369792 0.0518519 0.749658
11 0.729688 0.0425926 0.0270833 0.0574074 0.750895
10 0.204167 0.315278 0.0166667 0.0694444 0.767091
2 0.729948 0.418981 0.121354 0.175 0.910791
