13 0.961979 0.556481 0.040625 0.0462963 0.0010141
9 0.559635 0.0282407 0.0213542 0.0490741 0.00102837
2 0.797917 0.0865741 0.04375 0.0342593 0.00107176
2 0.530729 0.1125 0.0125 0.0435185 0.00109333
9 0.440104 0.218981 0.0114583 0.0287037 0.00111382
32 0.454427 0.314815 0.0078125 0.0148148 0.00116809
9 0.995573 0.527778 0.0078125 0.037037 0.00120648
9 0.582812 0.0402778 0.0125 0.0453704 0.00123094
7 0.220833 0.0898148 0.0520833 0.116667 0.00129756
2 0.773698 0.110648 0.0182292 0.0287037 0.00131454
9 0.25625 0.0805556 0.0177083 0.0462963 0.0014194
2 0.29349 0.127315 0.0203125 0.0638889 0.00142426
9 0.439063 0.199074 0.0114583 0.037037 0.00143319
0 0.2625 0.1 0.0104167 0.0574074 0.00143973
7 0.99349 0.518056 0.0119792 0.169444 0.00149233
2 0.534635 0.114352 0.303646 0.0787037 0.00162383
58 0.96875 0.497222 0.0302083 0.087037 0.00163977
2 0.995052 0.375926 0.00885417 0.144444 0.00165986
0 0.714844 0.370833 0.0234375 0.0268519 0.00173753
2 0.448698 0.108796 0.0328125 0.0416667 0.00179422
0 0.816667 0.234259 0.009375 0.0407407 0.00184082
2 0.291146 0.10463 0.0875 0.0888889 0.00195445
2 0.661458 0.147685 0.0625 0.0638889 0.00199167
12 0.701302 0.165278 0.0192708 0.037963 0.00199894
2 0.427344 0.111574 0.227604 0.075 0.00235993
9 0.994271 0.493981 0.0104167 0.123148 0.00285625
11 0.255208 0.0865741 0.0197917 0.0361111 0.00290182
7 0.352344 0.0574074 0.0369792 0.0296296 0.00294491
9 0.263281 0.0865741 0.00885417 0.0324074 0.00310247
7 0.970573 0.522685 0.0578125 0.19537 0.00319533
9 0.5 0.603241 0.0145833 0.037963 0.00328039
12 0.701563 0.140278 0.0229167 0.0861111 0.00328598
2 0.238281 0.14213 0.0182292 0.0398148 0.00333555
7 0.788281 0.062963 0.0244792 0.0592593 0.00335419
1 0.0138021 0.394907 0.0276042 0.113889 0.00341307
2 0.814844 0.0763889 0.0171875 0.0175926 0.00353404
2 0.347396 0.110648 0.015625 0.0435185 0.00369486
0 0.266667 0.0972222 0.0104167 0.0518519 0.00377446
5 0.216667 0.0643518 0.0395833 0.0583333 0.00419091
12 0.994271 0.49537 0.0104167 0.127778 0.00453729
2 0.782292 0.099537 0.0364583 0.0509259 0.00458979
12 0.692969 0.164352 0.0078125 0.037963 0.00472192
11 0.236979 0.0685185 0.0166667 0.0425926 0.00499122
2 0.592969 0.125926 0.0171875 0.0240741 0.00552099
11 0.60625 0.0601852 0.009375 0.0240741 0.00559335
1 0.00677083 0.368519 0.0135417 0.0685185 0.00567581
2 0.341667 0.0893519 0.015625 0.037963 0.00574555
9 0.571615 0.0310185 0.0140625 0.0583333 0.00579833
0 0.75625 0.0921296 0.0145833 0.0787037 0.00611388
1 0.00520833 0.399074 0.0104167 0.107407 0.00662709
9 0.441927 0.0875 0.0140625 0.0268519 0.00722943
9 0.207552 0.0671296 0.0213542 0.0472222 0.0077379
9 0.218229 0.0541667 0.021875 0.0453704 0.00960564
2 0.365625 0.1125 0.0489583 0.0675926 0.0103617
2 0.44349 0.114815 0.0203125 0.0222222 0.0108404
7 0.216146 0.0648148 0.0416667 0.0592593 0.0150616
0 0.995573 0.331019 0.0078125 0.0490741 0.0156901
7 0.364062 0.0888889 0.0354167 0.0462963 0.0159409
2 0.442448 0.087037 0.0140625 0.0259259 0.0166383
2 0.644271 0.147222 0.0291667 0.0574074 0.0180665
2 0.271354 0.111111 0.0145833 0.0351852 0.0180738
2 0.489323 0.107407 0.0161458 0.05 0.0188461
2 0.788802 0.0875 0.0203125 0.0268519 0.0204325
9 0.502344 0.760648 0.0130208 0.0546296 0.0243225
9 0.567187 0.0476852 0.00833333 0.0231481 0.0290563
2 0.34349 0.0611111 0.0182292 0.0240741 0.0430291
2 0.634635 0.145833 0.0109375 0.0527778 0.0526292
9 0.26875 0.0356481 0.0208333 0.0675926 0.0594155
2 0.296615 0.107407 0.0338542 0.0814815 0.0945779
7 0.365885 0.062037 0.0369792 0.0314815 0.102081
2 0.4625 0.112963 0.0125 0.037037 0.118522
2 0.365625 0.062037 0.0354167 0.0314815 0.129108
7 0.296094 0.107407 0.0359375 0.0814815 0.133235
2 0.478906 0.109722 0.0213542 0.0453704 0.273868
2 0.322135 0.0856481 0.0359375 0.0342593 0.291987
2 0.627344 0.121296 0.0255208 0.05 0.318225
7 0.505469 0.10463 0.0442708 0.062963 0.378261
2 0.505469 0.10463 0.0442708 0.062963 0.450168
10 0.204167 0.315741 0.015625 0.0703704 0.642548
2 0.31849 0.122222 0.0505208 0.0703704 0.6572
2 0.392188 0.103704 0.0385417 0.0555556 0.75051
2 0.363542 0.111574 0.0302083 0.0416667 0.810822
11 0.728906 0.0430556 0.0265625 0.0564815 0.811443
2 0.729427 0.418981 0.122396 0.171296 0.900869
