13 0.970833 0.524074 0.0572917 0.17963 0.00101162
10 0.08125 0.161111 0.0114583 0.0351852 0.00102374
2 0.817969 0.235648 0.0078125 0.0361111 0.00102653
2 0.642448 0.150926 0.0234375 0.062963 0.0010605
0 0.758854 0.11713 0.0125 0.0490741 0.00113518
2 0.405208 0.10787 0.0135417 0.0175926 0.00113909
13 0.961719 0.555556 0.0390625 0.0407407 0.0011681
58 0.96901 0.498148 0.0307292 0.087037 0.00116973
9 0.483594 0.0185185 0.0109375 0.0296296 0.0012606
9 0.415365 0.0106481 0.0151042 0.0212963 0.00126852
0 0.730729 0.372685 0.0291667 0.0305556 0.00129476
2 0.242708 0.105556 0.0114583 0.0351852 0.00131912
12 0.702344 0.13287 0.0234375 0.0712963 0.00136878
2 0.583594 0.422222 0.617188 0.17963 0.00139376
9 0.114583 0.0240741 0.015625 0.0425926 0.00164682
7 0.504427 0.0972222 0.0421875 0.0759259 0.00165965
9 0.5625 0.050463 0.0177083 0.025 0.00166657
0 0.361979 0.0791667 0.0114583 0.0231481 0.00180127
0 0.75599 0.130093 0.0119792 0.0416667 0.00180331
9 0.23724 0.0680556 0.0161458 0.0416667 0.00180598
58 0.919531 0.181944 0.160938 0.360185 0.00181024
2 0.592969 0.124537 0.0171875 0.0268519 0.00181911
9 0.363802 0.0712963 0.0119792 0.0240741 0.00185396
9 0.582031 0.0398148 0.0109375 0.0462963 0.00186123
7 0.298177 0.106019 0.0890625 0.0861111 0.00188939
12 0.690365 0.165741 0.0119792 0.037037 0.0019377
2 0.339583 0.120833 0.0125 0.0527778 0.00200816
2 0.773438 0.115741 0.0166667 0.037037 0.00209365
9 0.569271 0.0324074 0.0125 0.0574074 0.0021865
2 0.815365 0.0847222 0.0140625 0.0287037 0.00222005
12 0.702344 0.163889 0.0234375 0.0351852 0.00227297
0 0.26276 0.102315 0.00885417 0.0564815 0.00228001
9 0.109635 0.0287037 0.0130208 0.0388889 0.00229271
9 0.258594 0.0768519 0.0130208 0.0518519 0.0023957
1 0.00494792 0.467593 0.00989583 0.218519 0.00245441
7 0.970312 0.53287 0.0583333 0.213889 0.00265295
2 0.552604 0.108796 0.180208 0.0601852 0.00272169
12 0.69375 0.163426 0.00729167 0.037963 0.00280691
7 0.474479 0.099537 0.0375 0.0657407 0.00292675
0 0.267188 0.100463 0.0114583 0.0583333 0.00311223
2 0.344271 0.113426 0.1125 0.0638889 0.0031726
2 0.34349 0.0925926 0.00989583 0.0259259 0.00317719
9 0.26276 0.087037 0.0078125 0.0351852 0.00317963
7 0.99349 0.518981 0.0119792 0.169444 0.00328775
1 0.0354167 0.158796 0.0697917 0.0916667 0.00330505
2 0.802865 0.0851852 0.0296875 0.0259259 0.00364625
2 0.44375 0.113426 0.0197917 0.0194444 0.00385485
1 0.00989583 0.16713 0.0197917 0.062037 0.00392357
9 0.252865 0.087963 0.0130208 0.0351852 0.00411859
2 0.995052 0.32963 0.00885417 0.0611111 0.00423775
9 0.992708 0.516667 0.0135417 0.166667 0.00447345
9 0.50026 0.60463 0.0151042 0.0425926 0.0047916
0 0.715365 0.372685 0.0244792 0.0268519 0.00509514
9 0.26849 0.0574074 0.0161458 0.0314815 0.00534745
2 0.442969 0.087963 0.0140625 0.0277778 0.00569885
2 0.780469 0.101852 0.0296875 0.0444444 0.0061727
9 0.442969 0.0875 0.0130208 0.0268519 0.00656123
12 0.99349 0.510185 0.0119792 0.155556 0.00665344
9 0.214844 0.0597222 0.0307292 0.0583333 0.00683748
9 0.269531 0.0203704 0.0192708 0.0333333 0.00778265
2 0.238281 0.140741 0.0182292 0.0425926 0.00787105
2 0.272135 0.111111 0.0130208 0.0388889 0.0126604
2 0.346354 0.113889 0.0114583 0.0388889 0.0139835
9 0.503125 0.761574 0.0125 0.0527778 0.0141944
2 0.814062 0.0759259 0.0177083 0.0166667 0.0162244
5 0.21849 0.0648148 0.0453125 0.0537037 0.0174804
9 0.207813 0.0675926 0.0229167 0.0425926 0.0181753
0 0.756771 0.0851852 0.0135417 0.062963 0.0184212
7 0.220313 0.0657407 0.05 0.0611111 0.020575
2 0.60599 0.0606481 0.00989583 0.025 0.0223572
1 0.0231771 0.177778 0.0463542 0.0722222 0.0254442
0 0.995573 0.326389 0.0078125 0.0546296 0.0260857
1 0.0046875 0.409259 0.009375 0.0944444 0.0274483
0 0.635417 0.148611 0.009375 0.0490741 0.0296797
1 0.0122396 0.394907 0.0244792 0.121296 0.0305194
2 0.501823 0.0703704 0.0192708 0.0203704 0.0307476
2 0.635156 0.146759 0.0109375 0.0527778 0.0310698
2 0.486198 0.108796 0.0140625 0.0472222 0.0595543
9 0.567187 0.0486111 0.00833333 0.0231481 0.0693982
2 0.786198 0.0902778 0.0161458 0.0231481 0.0998523
2 0.46224 0.113426 0.0130208 0.037963 0.140799
2 0.299479 0.10787 0.040625 0.0824074 0.163823
2 0.320833 0.0888889 0.0385417 0.0314815 0.197262
7 0.298698 0.106481 0.0401042 0.0814815 0.241589
2 0.482031 0.0703704 0.0244792 0.0259259 0.259194
2 0.472656 0.109722 0.0328125 0.0453704 0.344012
2 0.627604 0.123148 0.0260417 0.0518519 0.449096
2 0.506771 0.105093 0.0416667 0.062037 0.515927
2 0.31849 0.121296 0.0505208 0.0722222 0.640546
10 0.203906 0.315741 0.0161458 0.0722222 0.762627
11 0.729167 0.0425926 0.0270833 0.0555556 0.776633
2 0.363802 0.114352 0.0317708 0.037963 0.842097
2 0.729688 0.418981 0.122917 0.171296 0.918441
