2 0.214583 0.105556 0.0520833 0.0407407 0.00100098
9 0.976042 0.498611 0.0458333 0.130556 0.00101591
1 0.0117188 0.368056 0.0234375 0.0601852 0.00105814
2 0.255208 0.0865741 0.01875 0.037963 0.00107292
9 0.570833 0.0310185 0.0135417 0.0583333 0.00107432
7 0.0932292 0.108796 0.171875 0.115741 0.00112399
0 0.756771 0.374074 0.021875 0.0351852 0.00113798
0 0.689844 0.164352 0.0119792 0.0416667 0.00123544
12 0.700521 0.163426 0.0208333 0.0416667 0.00124928
0 0.0539063 0.106019 0.0109375 0.0472222 0.0012664
2 0.63151 0.408333 0.389062 0.201852 0.00129946
7 0.144271 0.0888889 0.0666667 0.0740741 0.00135023
0 0.730729 0.371759 0.0260417 0.0287037 0.00135785
2 0.592708 0.125926 0.015625 0.0240741 0.00146984
2 0.396615 0.103704 0.226562 0.0944444 0.00161075
13 0.0132813 0.371296 0.0265625 0.0462963 0.00173893
7 0.236198 0.0689815 0.0171875 0.0453704 0.0018155
2 0.0315104 0.106019 0.0453125 0.0527778 0.00194819
2 0.238802 0.138426 0.0192708 0.0435185 0.00195004
0 0.263802 0.0939815 0.00885417 0.0527778 0.0019564
2 0.54375 0.109259 0.251042 0.0777778 0.00208088
0 0.759115 0.087037 0.0119792 0.0555556 0.00209645
9 0.502344 0.759722 0.0119792 0.0546296 0.00215877
7 0.282552 0.0925926 0.0578125 0.114815 0.00218774
2 0.271354 0.0671296 0.01875 0.0490741 0.00230064
2 0.446094 0.117593 0.0255208 0.0203704 0.00230444
13 0.00416667 0.400463 0.00833333 0.100926 0.00231763
2 0.44974 0.106019 0.153646 0.0657407 0.00242722
58 0.96849 0.49537 0.0296875 0.0944444 0.00245813
0 0.454688 0.227315 0.00833333 0.0305556 0.00258103
13 0.0132813 0.397222 0.0265625 0.109259 0.00259689
0 0.0828125 0.129167 0.0166667 0.0898148 0.00262167
9 0.990625 0.512963 0.0177083 0.159259 0.0026312
2 0.00390625 0.421759 0.0078125 0.0601852 0.00275121
0 0.717708 0.372685 0.0260417 0.0268519 0.00275595
0 0.708073 0.373611 0.0192708 0.0268519 0.00318542
2 0.28099 0.0768519 0.0234375 0.0296296 0.00340279
11 0.236458 0.0666667 0.0166667 0.0407407 0.00341796
2 0.771615 0.110185 0.0161458 0.0277778 0.00343829
2 0.00598958 0.0884259 0.0119792 0.037963 0.00404076
9 0.21875 0.102315 0.009375 0.0361111 0.0041364
2 0.777865 0.10463 0.0276042 0.0425926 0.00432227
13 0.961719 0.55463 0.0390625 0.0425926 0.00444579
7 0.317187 0.102778 0.0572917 0.0925926 0.00450826
13 0.992708 0.518056 0.0135417 0.171296 0.00473346
0 0.284635 0.099537 0.0119792 0.062037 0.00492416
2 0.440885 0.0708333 0.0140625 0.0287037 0.00500158
2 0.45651 0.0648148 0.0151042 0.0314815 0.00506007
7 0.220573 0.0555556 0.0536458 0.0962963 0.00534338
9 0.994792 0.496759 0.009375 0.136111 0.00548042
2 0.290885 0.0671296 0.0109375 0.0175926 0.00558902
5 0.211979 0.0615741 0.034375 0.0583333 0.00582377
13 0.969271 0.565741 0.0552083 0.0722222 0.00588784
9 0.499479 0.602315 0.0145833 0.0416667 0.00736349
9 0.2125 0.0638889 0.0364583 0.0574074 0.00777971
0 0.756771 0.0740741 0.0125 0.0462963 0.00833936
2 0.785937 0.0875 0.0177083 0.0212963 0.00851323
2 0.269792 0.10787 0.0125 0.0416667 0.00857407
9 0.566667 0.0476852 0.00833333 0.0231481 0.00876214
7 0.211979 0.062037 0.034375 0.0574074 0.00891732
12 0.691146 0.163889 0.0104167 0.0407407 0.0090784
13 0.973698 0.518519 0.0515625 0.175926 0.00933311
9 0.269271 0.0509259 0.01875 0.0351852 0.0094155
9 0.291667 0.0518519 0.00833333 0.0425926 0.0109281
7 0.788542 0.062963 0.025 0.0592593 0.0151618
7 0.286198 0.10463 0.0223958 0.0814815 0.0159559
7 0.275781 0.0416667 0.0390625 0.0814815 0.0176329
2 0.461198 0.111574 0.0119792 0.037963 0.0206222
9 0.26875 0.0208333 0.021875 0.037963 0.0206626
2 0.29349 0.105556 0.0286458 0.0740741 0.0220236
0 0.442187 0.0861111 0.0125 0.0296296 0.0246976
9 0.219531 0.0898148 0.00885417 0.012963 0.039334
2 0.60625 0.0597222 0.0104167 0.0268519 0.0466251
0 0.634635 0.14213 0.0109375 0.0453704 0.047824
2 0.626823 0.119907 0.0255208 0.0490741 0.265764
2 0.321875 0.0842593 0.0364583 0.0333333 0.366053
2 0.472396 0.108796 0.0322917 0.0435185 0.376519
2 0.39349 0.0643518 0.0203125 0.025 0.427313
2 0.505469 0.103704 0.0421875 0.062963 0.501335
2 0.414844 0.0662037 0.0380208 0.0305556 0.60592
10 0.204167 0.315278 0.0166667 0.0712963 0.692696
2 0.317969 0.121296 0.0515625 0.0703704 0.694201
11 0.728906 0.0416667 0.0276042 0.0537037 0.810166
2 0.729167 0.418519 0.123958 0.17037 0.909945
7 0.489583 0.237037 0.102083 0.148148 0.931301
