2 0.753385 0.162963 0.0119792 0.0222222 0.00104791
2 0.405208 0.14537 0.009375 0.0388889 0.00104894
12 0.692187 0.163889 0.00833333 0.0388889 0.00104924
7 0.221875 0.0587963 0.0541667 0.0990741 0.00106662
2 0.501302 0.168519 0.444271 0.185185 0.00108347
2 0.384635 0.122685 0.0307292 0.0287037 0.00108929
9 0.261719 0.0398148 0.0151042 0.0592593 0.00111557
9 0.758073 0.075463 0.0119792 0.0453704 0.00112574
9 0.2375 0.0703704 0.0135417 0.0444444 0.00113906
11 0.240365 0.0328704 0.0223958 0.062037 0.00116687
2 0.773698 0.119444 0.0171875 0.037037 0.00117091
12 0.985417 0.498148 0.028125 0.135185 0.00123025
2 0.57474 0.423148 0.618229 0.174074 0.00129193
2 0.510677 0.141204 0.0505208 0.0305556 0.00133383
0 0.757031 0.087037 0.0130208 0.0666667 0.001353
2 0.745573 0.158796 0.0213542 0.0157407 0.00137754
9 0.505469 0.769444 0.0234375 0.0814815 0.00143709
9 0.252865 0.0861111 0.0140625 0.0388889 0.00144184
9 0.275781 0.0453704 0.0359375 0.087037 0.00144711
7 0.275521 0.0717593 0.0395833 0.139815 0.00151319
13 0.994271 0.519444 0.0104167 0.17037 0.00167984
9 0.995052 0.523611 0.00885417 0.0527778 0.00177084
7 0.99375 0.518056 0.0114583 0.171296 0.00185826
0 0.263281 0.102778 0.00989583 0.0537037 0.00195303
9 0.29349 0.0532407 0.00885417 0.0361111 0.00210079
32 0.453906 0.314352 0.00885417 0.0138889 0.00217956
13 0.970312 0.523611 0.0583333 0.180556 0.00222508
2 0.382031 0.128241 0.0526042 0.0453704 0.00234698
2 0.785156 0.0902778 0.0130208 0.0212963 0.00243044
12 0.702344 0.1375 0.0234375 0.0861111 0.00243958
2 0.399219 0.1375 0.0213542 0.0490741 0.00266304
2 0.488542 0.114815 0.397917 0.0796296 0.00277319
0 0.285677 0.106019 0.0140625 0.0712963 0.00292005
0 0.715885 0.371296 0.0234375 0.0277778 0.0030331
7 0.214062 0.0634259 0.0354167 0.0564815 0.00307463
2 0.00416667 0.413889 0.00833333 0.0740741 0.00308305
2 0.348958 0.110648 0.0197917 0.0527778 0.00321488
0 0.266146 0.0962963 0.009375 0.05 0.00334555
2 0.294792 0.0814815 0.0166667 0.0351852 0.00356382
11 0.236979 0.0680556 0.0166667 0.0416667 0.00378708
9 0.263281 0.087963 0.0078125 0.0407407 0.00389772
7 0.970312 0.523611 0.0583333 0.199074 0.00424122
1 0.0111979 0.37037 0.0223958 0.05 0.00438829
9 0.992708 0.493981 0.0135417 0.126852 0.00471652
12 0.993229 0.495833 0.0125 0.132407 0.00540729
13 0.00416667 0.403704 0.00833333 0.0944444 0.00593879
2 0.238281 0.140741 0.0192708 0.0407407 0.00612112
9 0.269531 0.0416667 0.0213542 0.0537037 0.00613309
2 0.328906 0.0949074 0.0390625 0.0398148 0.006903
9 0.26901 0.0208333 0.0213542 0.037963 0.0073078
13 0.0127604 0.396296 0.0255208 0.111111 0.00764549
2 0.302083 0.0847222 0.028125 0.0398148 0.00775844
9 0.3625 0.0689815 0.009375 0.0268519 0.00787422
9 0.207552 0.0675926 0.0203125 0.0444444 0.00838325
0 0.442708 0.0962963 0.0166667 0.0481481 0.00914906
11 0.60625 0.0606481 0.009375 0.025 0.00946759
2 0.270052 0.110185 0.0119792 0.0388889 0.00961154
2 0.289323 0.114815 0.0171875 0.0648148 0.0109416
1 0.0104167 0.396296 0.0208333 0.112963 0.0111183
9 0.221094 0.087037 0.00989583 0.0166667 0.014712
2 0.635156 0.146296 0.0109375 0.0518519 0.0178658
7 0.296875 0.10463 0.0322917 0.0814815 0.0183126
2 0.592188 0.126852 0.0177083 0.0222222 0.0217917
0 0.635417 0.148611 0.009375 0.0490741 0.0223938
10 0.443229 0.0893519 0.0125 0.0324074 0.0230235
2 0.461458 0.112963 0.0125 0.037037 0.0278895
2 0.298698 0.105556 0.0296875 0.0777778 0.0283284
9 0.567187 0.0486111 0.00833333 0.0231481 0.0295308
9 0.222917 0.0615741 0.0125 0.0416667 0.0390038
9 0.503385 0.758333 0.0151042 0.0574074 0.0878858
2 0.322135 0.0851852 0.0369792 0.0351852 0.236169
2 0.627865 0.121759 0.0255208 0.0527778 0.275401
2 0.472917 0.109259 0.0333333 0.0444444 0.442945
2 0.505208 0.102778 0.0458333 0.062963 0.589778
2 0.31901 0.121296 0.0536458 0.0685185 0.627953
10 0.204167 0.316204 0.015625 0.0694444 0.682673
11 0.729688 0.0430556 0.0270833 0.0564815 0.738063
2 0.377604 0.15787 0.0635417 0.102778 0.810894
2 0.504948 0.181944 0.0703125 0.106481 0.811734
2 0.729948 0.42037 0.122396 0.17037 0.901444
