0 0.448698 0.393981 0.877604 0.19537 0.00100723
0 0.891406 0.261111 0.0182292 0.0296296 0.00103345
1 0.046875 0.148148 0.0697917 0.0648148 0.00106619
9 0.75625 0.109722 0.015625 0.0472222 0.0010877
7 0.990625 0.51713 0.0177083 0.180556 0.00109435
7 0.970312 0.519907 0.0583333 0.184259 0.00111418
12 0.701563 0.150926 0.0229167 0.0648148 0.00117167
12 0.689062 0.168519 0.0135417 0.0333333 0.0011803
2 0.652344 0.150463 0.0432292 0.0601852 0.00120068
1 0.0114583 0.359259 0.0229167 0.0648148 0.00120535
0 0.439063 0.609722 0.788542 0.623148 0.00124062
32 0.460417 0.356019 0.0104167 0.0157407 0.00129335
0 0.995573 0.326852 0.0078125 0.0611111 0.00133918
9 0.236979 0.0689815 0.0166667 0.0453704 0.00134085
2 0.546615 0.113426 0.214062 0.087963 0.00138108
2 0.295573 0.102315 0.0932292 0.102778 0.00145031
2 0.771354 0.10787 0.0145833 0.0268519 0.00146177
1 0.809896 0.333333 0.0197917 0.0851852 0.00149062
9 0.502083 0.759722 0.0125 0.0546296 0.00162259
0 0.383073 0.342593 0.0359375 0.0351852 0.00164694
9 0.263542 0.0916667 0.00833333 0.0425926 0.00177357
0 0.442187 0.0986111 0.0166667 0.0472222 0.00181212
12 0.692448 0.164815 0.0078125 0.0407407 0.00182378
58 0.96849 0.494444 0.0307292 0.0888889 0.00182456
13 0.971875 0.519444 0.0552083 0.175926 0.00183773
9 0.548177 0.0583333 0.0109375 0.0240741 0.00187395
2 0.298438 0.128241 0.0239583 0.062037 0.00210423
2 0.278646 0.0717593 0.025 0.0305556 0.00216002
9 0.569531 0.0310185 0.0140625 0.0583333 0.00219076
2 0.640365 0.151389 0.0182292 0.062037 0.00232103
2 0.817448 0.234259 0.00885417 0.0425926 0.00236473
2 0.796354 0.0842593 0.034375 0.0296296 0.00248271
9 0.486198 0.0171296 0.0140625 0.0287037 0.00248372
2 0.4375 0.10787 0.338542 0.0953704 0.00258373
2 0.776823 0.0972222 0.0338542 0.0444444 0.00275439
2 0.655729 0.137963 0.0802083 0.087037 0.00287986
2 0.520833 0.419907 0.576042 0.182407 0.00292568
9 0.482812 0.0439815 0.00729167 0.0268519 0.00299696
0 0.743229 0.370833 0.01875 0.0305556 0.00304547
2 0.442448 0.087963 0.0140625 0.0277778 0.00315802
7 0.78776 0.0652778 0.0234375 0.0638889 0.00316535
2 0.277604 0.0467593 0.0364583 0.0509259 0.00321671
2 0.333073 0.0523148 0.0411458 0.0435185 0.00329596
2 0.60625 0.0606481 0.0104167 0.025 0.00344927
7 0.276302 0.0388889 0.0390625 0.0740741 0.00349359
0 0.730208 0.372685 0.0229167 0.0268519 0.00353128
13 0.961719 0.555093 0.0401042 0.0453704 0.00364995
2 0.353646 0.0648148 0.009375 0.0222222 0.00375454
1 0.0236979 0.396759 0.0473958 0.117593 0.00385393
0 0.266927 0.099537 0.00989583 0.0564815 0.00410056
9 0.26901 0.0236111 0.0213542 0.0416667 0.00425916
2 0.813802 0.0763889 0.0182292 0.0194444 0.00491922
12 0.994531 0.512963 0.00989583 0.166667 0.00498123
0 0.75651 0.373611 0.0203125 0.0305556 0.00502963
2 0.238542 0.141204 0.01875 0.0398148 0.00525957
2 0.270052 0.108333 0.0119792 0.0425926 0.00650704
2 0.295052 0.0537037 0.0119792 0.0407407 0.00656271
0 0.345052 0.347222 0.0265625 0.0277778 0.00734252
0 0.756771 0.074537 0.0135417 0.0435185 0.00741623
5 0.220573 0.0662037 0.0473958 0.0546296 0.00755019
2 0.592708 0.124537 0.01875 0.025 0.00784819
0 0.358594 0.344444 0.0182292 0.0296296 0.00832491
0 0.713021 0.372685 0.021875 0.025 0.00916662
2 0.270052 0.0481481 0.0192708 0.0388889 0.0105188
7 0.220573 0.0671296 0.0494792 0.0583333 0.0115774
2 0.364062 0.0671296 0.0114583 0.0175926 0.0144928
2 0.329167 0.0810185 0.0354167 0.0546296 0.0145249
9 0.208073 0.0662037 0.0203125 0.0472222 0.0158815
9 0.415104 0.0101852 0.0145833 0.0203704 0.0168193
0 0.371094 0.344907 0.0296875 0.0305556 0.0188719
0 0.635417 0.148611 0.009375 0.0509259 0.0194736
7 0.29375 0.10787 0.028125 0.0824074 0.0253196
2 0.295833 0.0657407 0.015625 0.0240741 0.0267266
2 0.635156 0.147685 0.0109375 0.0546296 0.0287918
9 0.442969 0.0884259 0.0130208 0.0268519 0.0321145
2 0.488542 0.106944 0.0135417 0.0509259 0.0389199
9 0.567187 0.0481481 0.00833333 0.0240741 0.0454481
2 0.314844 0.0703704 0.0223958 0.0351852 0.0511563
2 0.291406 0.115278 0.0244792 0.0657407 0.088491
2 0.785937 0.0875 0.0145833 0.025 0.0944605
2 0.4625 0.115741 0.0125 0.0314815 0.104311
1 0.0106771 0.398148 0.0213542 0.111111 0.119594
2 0.320833 0.0912037 0.0385417 0.0324074 0.21978
2 0.329427 0.0532407 0.0213542 0.0268519 0.255241
2 0.313281 0.0546296 0.0192708 0.0314815 0.31596
2 0.479688 0.109259 0.0197917 0.0444444 0.328582
2 0.33776 0.062963 0.0307292 0.0296296 0.343375
2 0.627344 0.121296 0.0255208 0.0518519 0.436717
2 0.50599 0.104167 0.0432292 0.062037 0.540538
10 0.204167 0.316667 0.015625 0.0703704 0.700989
2 0.318229 0.121759 0.0510417 0.0712963 0.756696
11 0.728906 0.0435185 0.0276042 0.0574074 0.776555
2 0.729427 0.419444 0.122396 0.17037 0.905537
2 0.36276 0.387963 0.115104 0.166667 0.924251
