2 0.790625 0.087963 0.0177083 0.0203704 0.00103116
11 0.240104 0.037963 0.021875 0.0722222 0.00108663
2 0.451823 0.107407 0.0505208 0.0481481 0.00111027
2 0.363281 0.0662037 0.0119792 0.0212963 0.00112568
2 0.659896 0.150463 0.0625 0.062037 0.00114672
2 0.21875 0.124074 0.05625 0.0722222 0.00115442
2 0.817187 0.231481 0.009375 0.0462963 0.00116625
2 0.104948 0.131481 0.0265625 0.0351852 0.00116733
2 0.225521 0.105093 0.021875 0.0398148 0.00118519
2 0.577344 0.422222 0.624479 0.187037 0.00125758
2 0.288281 0.101389 0.0796875 0.0990741 0.00129627
2 0.243229 0.104167 0.0135417 0.0342593 0.0014237
7 0.297656 0.0796296 0.0421875 0.125926 0.00144616
2 0.77474 0.115741 0.0192708 0.0277778 0.00161647
2 0.59375 0.125926 0.0166667 0.0259259 0.00165977
12 0.966667 0.5 0.0260417 0.0759259 0.00166233
12 0.694271 0.162037 0.00729167 0.0407407 0.00172558
9 0.236979 0.0703704 0.0166667 0.0462963 0.00182037
9 0.260156 0.0689815 0.0130208 0.0583333 0.0019758
9 0.547656 0.0490741 0.00989583 0.0240741 0.00199993
9 0.252865 0.0861111 0.0130208 0.0351852 0.00216697
13 0.971094 0.519444 0.0567708 0.175926 0.00218695
2 0.263542 0.105556 0.009375 0.0462963 0.00228744
2 0.210417 0.106481 0.0416667 0.0407407 0.00235451
7 0.317187 0.0675926 0.05 0.0703704 0.00253048
9 0.213281 0.0625 0.0348958 0.0546296 0.00254662
9 0.221094 0.10463 0.0130208 0.0407407 0.00256667
12 0.702083 0.163426 0.0197917 0.0398148 0.00278243
9 0.557813 0.0231481 0.0260417 0.0462963 0.002862
9 0.994271 0.495833 0.0104167 0.128704 0.00313862
9 0.263542 0.0888889 0.009375 0.037037 0.0032192
0 0.757552 0.374537 0.0171875 0.0287037 0.00333779
2 0.783333 0.0916667 0.0125 0.0166667 0.00342065
0 0.728385 0.372222 0.0328125 0.0296296 0.00347632
2 0.415625 0.110648 0.210417 0.0712963 0.00367681
2 0.267188 0.0981481 0.0125 0.0537037 0.00385946
0 0.209115 0.736574 0.125521 0.469444 0.00386963
2 0.60599 0.0597222 0.00989583 0.025 0.00419354
7 0.21901 0.0625 0.0505208 0.0731481 0.00442808
11 0.236979 0.0675926 0.0166667 0.0425926 0.00482093
2 0.00598958 0.0925926 0.0119792 0.0462963 0.0054137
9 0.261979 0.0384259 0.0145833 0.0638889 0.00547985
0 0.361979 0.0689815 0.009375 0.0268519 0.00558014
2 0.447135 0.109259 0.0255208 0.0314815 0.00569821
0 0.75625 0.0930556 0.0135417 0.0842593 0.0057717
12 0.973437 0.497685 0.040625 0.123148 0.00637425
12 0.702604 0.140741 0.021875 0.0851852 0.00646812
2 0.238542 0.140278 0.01875 0.0435185 0.00654659
9 0.500781 0.602315 0.0151042 0.0416667 0.00706591
12 0.994531 0.492593 0.00989583 0.125926 0.00717918
9 0.221354 0.0893519 0.0114583 0.0175926 0.00834605
0 0.634896 0.147685 0.0104167 0.0509259 0.0104931
0 0.442969 0.087037 0.0140625 0.0259259 0.0111578
0 0.716667 0.371296 0.0239583 0.0259259 0.0117517
9 0.207292 0.0666667 0.01875 0.0425926 0.0118905
2 0.634635 0.145833 0.0119792 0.0527778 0.0137451
9 0.565625 0.0393519 0.0104167 0.0435185 0.0141804
2 0.442708 0.0861111 0.0145833 0.0240741 0.0164593
2 0.308594 0.0791667 0.0265625 0.0287037 0.0207262
9 0.567187 0.0476852 0.00833333 0.025 0.0430103
7 0.292969 0.109259 0.0286458 0.0796296 0.0473048
2 0.460938 0.1125 0.0114583 0.0361111 0.0517714
2 0.272135 0.1125 0.0161458 0.0342593 0.0548175
9 0.502604 0.760185 0.0114583 0.0555556 0.0646207
9 0.26901 0.0351852 0.0223958 0.0666667 0.0793413
9 0.222396 0.0560185 0.0125 0.0342593 0.106156
7 0.304948 0.049537 0.0244792 0.0361111 0.17335
2 0.293229 0.113426 0.028125 0.075 0.22014
2 0.322396 0.0847222 0.0375 0.0342593 0.238476
2 0.627604 0.121759 0.025 0.0527778 0.366728
2 0.475781 0.109259 0.0307292 0.0444444 0.461547
2 0.505469 0.103241 0.0432292 0.0638889 0.572217
2 0.395833 0.106019 0.046875 0.0601852 0.73415
2 0.31849 0.120833 0.0505208 0.0712963 0.75127
11 0.729167 0.0425926 0.0270833 0.0537037 0.788674
10 0.203906 0.314815 0.0161458 0.0703704 0.808728
2 0.729948 0.419444 0.122396 0.174074 0.913572
