9 0.817187 0.234722 0.00833333 0.037963 0.00100798
2 0.660156 0.130556 0.0786458 0.0611111 0.00101181
9 0.559115 0.0273148 0.0192708 0.0472222 0.00101539
2 0.24349 0.108333 0.0130208 0.037037 0.00104316
9 0.561458 0.050463 0.01875 0.0231481 0.0010453
58 0.96849 0.49537 0.0307292 0.087037 0.00112659
7 0.220573 0.0925926 0.0526042 0.124074 0.00114446
1 0.00546875 0.461574 0.0109375 0.236111 0.00114641
0 0.715625 0.363889 0.028125 0.037037 0.00114911
2 0.28724 0.0717593 0.0223958 0.037963 0.00118618
0 0.442969 0.0990741 0.0182292 0.05 0.00120409
9 0.257031 0.0768519 0.0151042 0.0481481 0.00122754
0 0.438802 0.588889 0.845312 0.566667 0.00127327
2 0.0257812 0.39213 0.0515625 0.112037 0.00142137
32 0.460417 0.356481 0.0114583 0.0166667 0.0014475
9 0.441146 0.226852 0.009375 0.0185185 0.00145462
11 0.239583 0.0365741 0.0229167 0.0712963 0.00147936
2 0.796615 0.0842593 0.0369792 0.0314815 0.00149916
7 0.99349 0.516667 0.0119792 0.17037 0.00150004
7 0.295833 0.101852 0.0895833 0.1 0.00150403
0 0.755729 0.0944444 0.0166667 0.0814815 0.00150793
7 0.276302 0.0662037 0.0421875 0.126852 0.00152211
0 0.238802 0.664815 0.0755208 0.301852 0.00160767
2 0.413542 0.106944 0.289583 0.0898148 0.00167129
12 0.702344 0.134722 0.0234375 0.0787037 0.00176635
9 0.263021 0.0907407 0.00833333 0.0425926 0.00186358
13 0.971094 0.518519 0.0567708 0.175926 0.00204653
12 0.692187 0.1625 0.00833333 0.0416667 0.00207615
9 0.582812 0.0384259 0.0135417 0.0472222 0.00214946
2 0.814062 0.0763889 0.0177083 0.0175926 0.00227133
12 0.702083 0.163426 0.0239583 0.0361111 0.00228916
2 0.523698 0.423148 0.563021 0.183333 0.0023693
2 0.661458 0.151852 0.0635417 0.062963 0.00240006
7 0.970833 0.522222 0.0572917 0.190741 0.00241083
9 0.547656 0.0527778 0.00989583 0.0240741 0.00244621
7 0.78776 0.0634259 0.0234375 0.062037 0.00255329
0 0.741406 0.371759 0.0223958 0.0305556 0.00263578
0 0.995573 0.327315 0.0078125 0.0527778 0.00267393
7 0.36849 0.0546296 0.0494792 0.0518519 0.00279928
9 0.99375 0.512963 0.0114583 0.164815 0.00303455
9 0.502083 0.760648 0.0135417 0.0546296 0.00306336
2 0.567708 0.109259 0.222917 0.0722222 0.00316679
2 0.48099 0.10787 0.0546875 0.0638889 0.0032778
2 0.0263021 0.357407 0.0515625 0.0388889 0.00337844
0 0.730469 0.372685 0.0255208 0.0287037 0.00353798
11 0.236719 0.0685185 0.0171875 0.0444444 0.00374313
13 0.96224 0.556481 0.0401042 0.0462963 0.00374879
0 0.266927 0.0986111 0.0109375 0.0564815 0.00395959
1 0.0114583 0.366204 0.0229167 0.0435185 0.0041733
9 0.269792 0.0430556 0.021875 0.0638889 0.00449838
9 0.213542 0.0587963 0.0322917 0.0546296 0.00453891
0 0.75651 0.374074 0.0192708 0.0296296 0.00468575
12 0.994531 0.50787 0.00989583 0.156481 0.00474668
2 0.442448 0.087037 0.0140625 0.0259259 0.00478532
2 0.270052 0.108796 0.0130208 0.0416667 0.00519186
2 0.60599 0.0601852 0.00989583 0.0240741 0.00528888
2 0.591667 0.125463 0.0177083 0.0231481 0.00579506
2 0.00494792 0.556481 0.00989583 0.0425926 0.00583383
1 0.025 0.395833 0.05 0.113889 0.0059795
2 0.307292 0.0824074 0.0239583 0.0351852 0.00601838
2 0.238542 0.140741 0.01875 0.0407407 0.00632934
0 0.757031 0.0736111 0.0109375 0.0435185 0.00648289
0 0.283854 0.10787 0.0114583 0.0712963 0.00656762
0 0.357292 0.383796 0.021875 0.0305556 0.0066019
9 0.573177 0.0310185 0.0140625 0.0583333 0.00774492
9 0.29349 0.0564815 0.00989583 0.0407407 0.00826455
5 0.221094 0.0675926 0.0494792 0.0574074 0.00836368
9 0.207292 0.0680556 0.0197917 0.0416667 0.00850626
0 0.369792 0.38287 0.0291667 0.0324074 0.00981735
7 0.220573 0.0671296 0.0494792 0.0583333 0.0143434
0 0.7125 0.372685 0.021875 0.025 0.015357
0 0.340885 0.383796 0.0307292 0.0324074 0.0185237
9 0.26875 0.0217593 0.021875 0.0398148 0.0221944
7 0.296615 0.107407 0.0359375 0.0851852 0.0333108
9 0.442448 0.087963 0.0130208 0.0259259 0.033474
2 0.785677 0.0893519 0.0140625 0.0231481 0.0357806
2 0.48724 0.107407 0.0140625 0.05 0.0389928
2 0.635156 0.147222 0.0109375 0.0555556 0.0392055
2 0.291146 0.110648 0.025 0.0768519 0.049008
1 0.00755208 0.398148 0.0151042 0.109259 0.0497821
9 0.567187 0.0476852 0.00833333 0.0231481 0.0700151
2 0.465885 0.110648 0.0192708 0.0416667 0.142452
2 0.479948 0.109259 0.0213542 0.0444444 0.295102
2 0.351823 0.0592593 0.0203125 0.0351852 0.322872
2 0.375 0.062037 0.034375 0.037037 0.390792
2 0.322656 0.0893519 0.0369792 0.037963 0.408759
2 0.627083 0.122222 0.025 0.05 0.522463
2 0.50599 0.103704 0.0421875 0.062963 0.524745
2 0.31849 0.121759 0.0505208 0.0712963 0.731168
10 0.203906 0.316204 0.0161458 0.0712963 0.767453
11 0.729167 0.0430556 0.0270833 0.0564815 0.81889
2 0.729688 0.419444 0.122917 0.17037 0.912237
2 0.356771 0.428241 0.121875 0.176852 0.92898
