9 0.414844 0.0101852 0.0151042 0.0203704 0.0010131
9 0.558073 0.0236111 0.0223958 0.0416667 0.00102549
0 0.555729 0.250926 0.0270833 0.0388889 0.00104746
11 0.236458 0.0638889 0.0166667 0.0351852 0.00105022
0 0.75625 0.374537 0.0197917 0.0324074 0.00108828
58 0.967969 0.492593 0.0296875 0.0925926 0.00112018
9 0.501562 0.759259 0.0135417 0.0537037 0.00113875
12 0.98724 0.518056 0.0244792 0.173148 0.00115901
0 0.264323 0.10463 0.00885417 0.0462963 0.00118677
9 0.921094 0.471296 0.00989583 0.0277778 0.00120801
9 0.236719 0.0685185 0.0161458 0.0444444 0.00124521
9 0.264323 0.0916667 0.0109375 0.0462963 0.0012859
0 0.894792 0.263889 0.0114583 0.0277778 0.00133948
9 0.213281 0.0680556 0.0380208 0.0509259 0.00136935
9 0.361458 0.0671296 0.0114583 0.0231481 0.00144127
2 0.405208 0.0902778 0.0333333 0.0342593 0.00150043
13 0.985677 0.519444 0.0276042 0.175926 0.00166045
9 0.548437 0.0518519 0.0114583 0.0240741 0.00166088
2 0.654167 0.383333 0.351042 0.25 0.00166529
0 0.428385 0.116667 0.0119792 0.0444444 0.00174161
0 0.521354 0.246296 0.0166667 0.0296296 0.00193519
0 0.530729 0.246296 0.0291667 0.0277778 0.00193747
12 0.994271 0.518981 0.0104167 0.171296 0.00197518
0 0.54349 0.248148 0.0255208 0.0314815 0.00198414
2 0.419792 0.111574 0.296875 0.0824074 0.00199449
2 0.363542 0.0680556 0.0114583 0.0231481 0.00206505
9 0.275521 0.0481481 0.0395833 0.0944444 0.00207077
13 0.970312 0.529167 0.0583333 0.160185 0.00208219
2 0.574219 0.121296 0.0526042 0.037037 0.00215165
9 0.244271 0.0875 0.00625 0.0268519 0.00235547
32 0.454167 0.313889 0.00833333 0.0148148 0.00236966
5 0.220573 0.0722222 0.0505208 0.0555556 0.00237729
2 0.538281 0.110648 0.341146 0.0731481 0.00254582
9 0.977604 0.496759 0.04375 0.128704 0.00261207
2 0.461719 0.110648 0.150521 0.0675926 0.00265485
2 0.266927 0.0986111 0.0109375 0.0564815 0.00274819
7 0.788021 0.062963 0.025 0.062963 0.00290126
2 0.591927 0.122685 0.0182292 0.0305556 0.00306652
2 0.278646 0.118981 0.0302083 0.0601852 0.00314518
7 0.286979 0.100926 0.0197917 0.0740741 0.00331116
9 0.21901 0.0550926 0.0203125 0.0416667 0.00343042
7 0.970573 0.522685 0.0578125 0.189815 0.00372042
9 0.566146 0.0310185 0.015625 0.0583333 0.00373227
2 0.785677 0.0884259 0.0161458 0.0175926 0.00377586
0 0.716927 0.371296 0.0234375 0.0259259 0.00386891
0 0.709635 0.373611 0.0192708 0.025 0.00395626
9 0.990885 0.508333 0.0171875 0.148148 0.00422128
7 0.21901 0.0634259 0.0484375 0.062037 0.00452083
9 0.207031 0.0666667 0.0203125 0.0407407 0.00455186
1 0.0138021 0.36713 0.0276042 0.0527778 0.00503625
9 0.292188 0.0541667 0.00833333 0.0435185 0.00523985
1 0.009375 0.396296 0.01875 0.112963 0.00568353
1 0.00390625 0.410185 0.0078125 0.0814815 0.0059835
2 0.269271 0.110648 0.0104167 0.0342593 0.00735019
0 0.442448 0.0861111 0.0130208 0.0240741 0.0077564
0 0.283594 0.105093 0.0109375 0.0546296 0.00781475
9 0.221615 0.0615741 0.0119792 0.037963 0.00863696
2 0.295052 0.107407 0.0286458 0.0796296 0.00881723
9 0.220573 0.0888889 0.00885417 0.0148148 0.00891799
9 0.994792 0.490741 0.009375 0.124074 0.00980234
0 0.75599 0.0893519 0.0140625 0.0824074 0.0101407
2 0.605208 0.0601852 0.0104167 0.0259259 0.0105192
0 0.3625 0.0685185 0.009375 0.0277778 0.0120731
2 0.292969 0.0708333 0.00989583 0.0157407 0.0139205
0 0.285677 0.119444 0.0151042 0.0648148 0.0148243
9 0.50026 0.601389 0.0151042 0.0435185 0.0187349
2 0.441667 0.087963 0.0145833 0.0277778 0.0199664
9 0.566927 0.0476852 0.00885417 0.0231481 0.0324224
2 0.286458 0.122685 0.015625 0.0583333 0.0339118
9 0.26849 0.0314815 0.0213542 0.0592593 0.0356818
2 0.495052 0.106481 0.0255208 0.0518519 0.0450778
2 0.461198 0.112963 0.0119792 0.0351852 0.0461535
2 0.445833 0.115741 0.028125 0.0277778 0.0485999
2 0.428385 0.1125 0.0109375 0.0342593 0.0716854
0 0.633594 0.144444 0.0130208 0.0555556 0.0978405
2 0.626562 0.122222 0.0260417 0.0518519 0.259299
2 0.468229 0.110185 0.021875 0.0407407 0.262781
2 0.478906 0.109722 0.0223958 0.0435185 0.275413
2 0.322135 0.0856481 0.0369792 0.0361111 0.300202
7 0.505729 0.102778 0.0427083 0.062963 0.367959
2 0.505729 0.102778 0.0427083 0.062963 0.509183
10 0.204167 0.314352 0.015625 0.0712963 0.65937
2 0.539583 0.298148 0.105208 0.161111 0.686375
2 0.31849 0.121296 0.0494792 0.0685185 0.730721
11 0.729427 0.0416667 0.0276042 0.0518519 0.771642
2 0.39974 0.114815 0.0526042 0.0814815 0.80289
2 0.729427 0.418056 0.123438 0.173148 0.90949
