2 0.757292 0.117593 0.0135417 0.0351852 0.00101312
9 0.261719 0.0476852 0.0151042 0.0416667 0.0011093
9 0.817187 0.23287 0.00833333 0.0435185 0.00113258
2 0.575 0.125463 0.053125 0.0361111 0.00120071
9 0.272656 0.0412037 0.0317708 0.0787037 0.00132575
2 0.817448 0.231944 0.00885417 0.0435185 0.00132658
2 0.814062 0.0768519 0.0177083 0.0185185 0.00138869
9 0.56224 0.050463 0.0192708 0.025 0.00140087
2 0.971094 0.516204 0.0567708 0.175 0.00140467
2 0.255469 0.087037 0.0203125 0.0351852 0.00141006
2 0.345313 0.108796 0.0416667 0.0490741 0.00144186
2 0.791927 0.0907407 0.0348958 0.0351852 0.00147725
13 0.971094 0.52037 0.0567708 0.183333 0.00151869
1 0.00416667 0.406019 0.00833333 0.0953704 0.00159215
2 0.305208 0.131944 0.0322917 0.0546296 0.00160263
58 0.96875 0.497685 0.0322917 0.0898148 0.00161944
2 0.514063 0.115278 0.271875 0.0787037 0.00166263
2 0.96224 0.555093 0.0401042 0.0416667 0.0016872
7 0.507292 0.0990741 0.0447917 0.0722222 0.0017186
2 0.241667 0.105556 0.0125 0.0333333 0.00176368
2 0.99401 0.51713 0.0109375 0.171296 0.00178022
2 0.771615 0.112963 0.0140625 0.0277778 0.00180928
9 0.29375 0.0541667 0.0104167 0.0398148 0.00197488
7 0.99349 0.516204 0.0119792 0.169444 0.00205057
9 0.582812 0.0435185 0.0114583 0.0388889 0.00210957
0 0.715625 0.370833 0.0260417 0.0287037 0.00224923
13 0.96224 0.555556 0.0401042 0.0444444 0.00226777
7 0.291406 0.100926 0.0901042 0.0888889 0.00229016
9 0.26276 0.087963 0.0078125 0.037037 0.00241356
9 0.5 0.603704 0.0145833 0.0388889 0.00248385
11 0.2375 0.0689815 0.015625 0.0435185 0.00262209
0 0.263021 0.102778 0.009375 0.0518519 0.00275247
12 0.994271 0.515278 0.0104167 0.171296 0.00305187
2 0.3375 0.0930556 0.0177083 0.025 0.00308202
2 0.646875 0.145833 0.0333333 0.0638889 0.00314704
1 0.810156 0.329167 0.0192708 0.087963 0.00346963
9 0.269792 0.05 0.0197917 0.0351852 0.00361914
12 0.69401 0.163889 0.00677083 0.037037 0.00366785
2 0.373177 0.109722 0.179688 0.0675926 0.00370135
9 0.502083 0.760185 0.0125 0.0537037 0.00377061
0 0.995313 0.330093 0.00833333 0.0527778 0.00400604
2 0.266146 0.0972222 0.0114583 0.0537037 0.00417433
2 0.78125 0.102778 0.0322917 0.05 0.00419859
12 0.701823 0.151852 0.0223958 0.0611111 0.00428144
7 0.970573 0.524537 0.0578125 0.197222 0.00441729
2 0.60651 0.0601852 0.00989583 0.0240741 0.00518034
0 0.534896 0.111574 0.0114583 0.0453704 0.00524917
9 0.994271 0.50463 0.0104167 0.148148 0.0053295
2 0.363802 0.0675926 0.0119792 0.0203704 0.00574986
2 0.49349 0.108796 0.125521 0.0583333 0.00667574
2 0.238542 0.140741 0.0177083 0.0407407 0.00799373
9 0.269271 0.0208333 0.0208333 0.0361111 0.00999597
2 0.442708 0.0851852 0.03125 0.0277778 0.0100448
2 0.635156 0.144907 0.0109375 0.0583333 0.0117142
2 0.271354 0.111111 0.0145833 0.037037 0.0144231
0 0.758073 0.0717593 0.0109375 0.0416667 0.0148105
2 0.531771 0.109722 0.015625 0.0453704 0.0151009
9 0.573438 0.0310185 0.0145833 0.0601852 0.0157342
2 0.592448 0.125463 0.0182292 0.0268519 0.016828
2 0.785677 0.0898148 0.0140625 0.0222222 0.0180947
2 0.461979 0.108796 0.0677083 0.0472222 0.0192007
2 0.506771 0.0671296 0.0177083 0.0212963 0.0320632
7 0.220052 0.0652778 0.0505208 0.0675926 0.0332538
5 0.220313 0.0662037 0.05 0.0638889 0.0650683
9 0.567187 0.0476852 0.00833333 0.0231481 0.0751391
2 0.464063 0.111574 0.0125 0.0398148 0.0849994
2 0.488281 0.108796 0.0140625 0.0472222 0.0892228
2 0.322135 0.0856481 0.0380208 0.0342593 0.173688
7 0.297656 0.106481 0.0390625 0.0833333 0.251263
2 0.417708 0.116667 0.0177083 0.0277778 0.293521
2 0.479427 0.109259 0.0192708 0.0444444 0.300393
2 0.525521 0.0722222 0.0197917 0.0333333 0.348276
2 0.627083 0.121759 0.0260417 0.0509259 0.445825
2 0.50599 0.10463 0.0421875 0.062963 0.491036
2 0.354167 0.118056 0.0239583 0.0305556 0.628901
2 0.440625 0.110648 0.0375 0.0398148 0.674496
2 0.318229 0.12037 0.0510417 0.0722222 0.67522
11 0.728906 0.0430556 0.0265625 0.0583333 0.786651
10 0.203906 0.315741 0.0161458 0.0722222 0.811761
2 0.729688 0.419444 0.122917 0.17037 0.906774
