9 0.558073 0.0287037 0.0244792 0.05 0.00102407
0 0.99349 0.913889 0.0119792 0.153704 0.00106476
7 0.970312 0.659259 0.0583333 0.462963 0.0010682
9 0.36224 0.0671296 0.00989583 0.0287037 0.00107595
7 0.985937 0.524074 0.0270833 0.177778 0.00107603
2 0.460156 0.106019 0.166146 0.075 0.00108941
0 0.715365 0.687037 0.0359375 0.0240741 0.0011185
32 0.454427 0.315278 0.0078125 0.012037 0.00118374
2 0.0119792 0.366667 0.0239583 0.0444444 0.00123017
2 0.684115 0.410185 0.0296875 0.135185 0.00123828
9 0.259896 0.0425926 0.0125 0.05 0.00135215
9 0.29349 0.0532407 0.0109375 0.037963 0.00136981
2 0.640365 0.124537 0.0515625 0.0583333 0.00137693
2 0.782031 0.105093 0.0369792 0.0564815 0.00137713
2 0.463542 0.1125 0.0166667 0.0435185 0.00139486
2 0.00494792 0.0888889 0.00989583 0.0351852 0.00149168
1 0.0138021 0.398611 0.0276042 0.115741 0.00163837
2 0.773958 0.120833 0.01875 0.037963 0.00170083
0 0.99401 0.87037 0.0109375 0.0592593 0.00173187
9 0.4375 0.198611 0.009375 0.0342593 0.00182713
2 0.0325521 0.157407 0.0640625 0.0888889 0.0018479
9 0.565885 0.0314815 0.0192708 0.0592593 0.0019723
1 0.0325521 0.159722 0.0630208 0.0861111 0.00200199
9 0.253385 0.0851852 0.0119792 0.0388889 0.00203906
1 0.0117188 0.366204 0.0234375 0.0527778 0.00216152
2 0.0122396 0.133333 0.0244792 0.0388889 0.00220375
1 0.00494792 0.399074 0.00989583 0.107407 0.0022419
9 0.258073 0.0740741 0.0109375 0.0462963 0.00228249
2 0.297917 0.100463 0.090625 0.0898148 0.00259509
2 0.238542 0.138426 0.0197917 0.0472222 0.00262253
2 0.811719 0.0740741 0.0213542 0.0203704 0.00269738
11 0.241667 0.037037 0.0239583 0.0703704 0.00274343
2 0.363802 0.106944 0.161979 0.0935185 0.00292681
0 0.282292 0.0962963 0.00729167 0.0425926 0.00292813
2 0.266406 0.0981481 0.0130208 0.0592593 0.00293623
9 0.266406 0.0611111 0.0130208 0.0277778 0.00294646
2 0.789844 0.0828704 0.0192708 0.0231481 0.00296644
0 0.263021 0.103241 0.00833333 0.0546296 0.00299346
2 0.403385 0.0634259 0.0203125 0.0324074 0.00302094
9 0.26276 0.0888889 0.00885417 0.0425926 0.0030525
9 0.565625 0.0439815 0.0104167 0.0361111 0.00305863
2 0.661458 0.154167 0.0666667 0.0675926 0.00317484
12 0.702865 0.1375 0.0234375 0.0805556 0.00381506
5 0.215365 0.0541667 0.0286458 0.0490741 0.0038798
9 0.995052 0.540741 0.00885417 0.0833333 0.00395678
9 0.3625 0.0430556 0.0104167 0.0305556 0.00426799
9 0.965104 0.505093 0.021875 0.0675926 0.00433084
0 0.732031 0.370833 0.0286458 0.0305556 0.00448471
7 0.970573 0.530556 0.0578125 0.198148 0.00522958
0 0.75651 0.375463 0.0192708 0.0287037 0.00528113
9 0.594792 0.0412037 0.00833333 0.0305556 0.00554032
9 0.500521 0.603704 0.015625 0.0407407 0.00567502
2 0.270312 0.110185 0.0125 0.0407407 0.00590198
1 0.808854 0.337963 0.0239583 0.0944444 0.00597124
2 0.306771 0.0833333 0.0375 0.037037 0.0074223
2 0.293229 0.0726852 0.015625 0.0175926 0.00759651
9 0.978385 0.500926 0.0401042 0.12963 0.00809458
0 0.757292 0.0893519 0.0135417 0.0712963 0.00863757
9 0.995052 0.498148 0.00885417 0.12963 0.00947116
9 0.269531 0.0337963 0.0203125 0.062037 0.00993712
2 0.786458 0.0893519 0.0166667 0.0212963 0.00993994
9 0.207813 0.0675926 0.0229167 0.0425926 0.0134663
0 0.658333 0.702315 0.0354167 0.0453704 0.0143146
0 0.71276 0.371759 0.0203125 0.025 0.0143974
0 0.44401 0.101852 0.0203125 0.0518519 0.0144358
0 0.635156 0.149074 0.00989583 0.0462963 0.0145129
9 0.567708 0.0490741 0.00833333 0.0240741 0.0187858
0 0.443229 0.0893519 0.0145833 0.0287037 0.0295435
7 0.298438 0.106019 0.0364583 0.0824074 0.0445469
7 0.220573 0.0643518 0.0515625 0.0638889 0.0511486
5 0.220573 0.0638889 0.0515625 0.0592593 0.0573006
11 0.60651 0.0611111 0.00989583 0.0259259 0.0597768
2 0.298698 0.103704 0.0338542 0.0740741 0.0642156
9 0.502344 0.760185 0.0119792 0.0518519 0.182081
2 0.627865 0.121759 0.0244792 0.0509259 0.212788
2 0.42474 0.0648148 0.0578125 0.037037 0.340005
2 0.474479 0.109722 0.0364583 0.0453704 0.360084
7 0.424479 0.0638889 0.0572917 0.037037 0.369034
2 0.322656 0.0856481 0.0380208 0.0361111 0.436016
2 0.50651 0.10463 0.0421875 0.062963 0.507069
11 0.729948 0.0435185 0.0265625 0.0574074 0.697707
2 0.319271 0.122222 0.0489583 0.0685185 0.80561
10 0.203906 0.316204 0.0171875 0.0712963 0.823608
2 0.730469 0.418056 0.123438 0.171296 0.910624
2 0.680208 0.770833 0.177083 0.262037 0.93351
