7 0.971094 0.529167 0.0567708 0.199074 0.00104514
2 0.689062 0.169907 0.0145833 0.0342593 0.00111464
7 0.300521 0.0814815 0.0489583 0.125926 0.00114476
2 0.592448 0.128241 0.0182292 0.025 0.00122405
12 0.973698 0.493519 0.0401042 0.114815 0.0012485
0 0.527865 0.251852 0.553646 0.396296 0.00124881
9 0.564844 0.0319444 0.0234375 0.0601852 0.00127032
9 0.483073 0.0444444 0.00677083 0.0240741 0.00130936
9 0.360677 0.0634259 0.00989583 0.0231481 0.00143742
7 0.227083 0.0518519 0.065625 0.101852 0.00151298
2 0.286458 0.0777778 0.0177083 0.037037 0.0015327
2 0.646354 0.402315 0.328125 0.212037 0.00155305
0 0.53151 0.266667 0.0203125 0.0351852 0.0016055
2 0.317969 0.062963 0.0515625 0.0703704 0.00162736
11 0.739062 0.0671296 0.0166667 0.0268519 0.00164427
32 0.469792 0.411574 0.0104167 0.025 0.00165101
9 0.260417 0.0393519 0.0135417 0.0638889 0.00169415
9 0.591146 0.0430556 0.0114583 0.0398148 0.00170147
2 0.00572917 0.0921296 0.0114583 0.0527778 0.00172002
13 0.971354 0.526852 0.05625 0.188889 0.00177706
0 0.757812 0.375 0.0177083 0.0296296 0.00179965
9 0.326562 0.0148148 0.0145833 0.0259259 0.00182652
2 0.773958 0.118981 0.0177083 0.0342593 0.00192415
2 0.273698 0.1125 0.0213542 0.0564815 0.00195549
7 0.276823 0.0356481 0.0369792 0.0657407 0.00204623
1 0.811458 0.341204 0.0197917 0.100926 0.00220886
9 0.26875 0.062037 0.0166667 0.0333333 0.00221778
2 0.795313 0.0638889 0.0385417 0.0611111 0.0022348
9 0.207031 0.0680556 0.0234375 0.0435185 0.00225326
2 0.791146 0.0884259 0.0208333 0.0194444 0.00226328
0 0.689323 0.167593 0.0140625 0.0388889 0.00228581
2 0.520312 0.106944 0.392708 0.0712963 0.00230838
11 0.242448 0.0356481 0.0265625 0.0694444 0.00242499
0 0.730729 0.37037 0.0333333 0.0314815 0.00272974
9 0.500781 0.602315 0.0151042 0.0398148 0.00286732
2 0.784896 0.0898148 0.0135417 0.0185185 0.00292369
0 0.758854 0.0787037 0.0104167 0.0574074 0.00292483
9 0.975 0.497222 0.040625 0.124074 0.00297215
2 0.655729 0.140278 0.0802083 0.0861111 0.00306993
11 0.236719 0.0671296 0.0182292 0.0416667 0.00321133
0 0.263281 0.102315 0.00885417 0.0527778 0.0037153
11 0.60625 0.0601852 0.009375 0.0259259 0.00401732
2 0.238802 0.14213 0.0182292 0.0398148 0.00401995
2 0.363542 0.0657407 0.0114583 0.0203704 0.00410946
9 0.252604 0.0861111 0.0135417 0.037037 0.00424927
13 0.0130208 0.366204 0.0260417 0.0435185 0.00432738
2 0.406771 0.106944 0.241667 0.0657407 0.00461553
1 0.00885417 0.395833 0.0177083 0.113889 0.00468897
2 0.442708 0.0888889 0.0135417 0.0277778 0.00498233
2 0.298438 0.104167 0.0739583 0.0953704 0.00521462
2 0.269792 0.0476852 0.0197917 0.0398148 0.00524461
9 0.222396 0.0546296 0.015625 0.0425926 0.00540238
9 0.265885 0.0953704 0.0109375 0.0481481 0.00558534
9 0.995313 0.489815 0.00833333 0.118519 0.00560796
0 0.757292 0.0925926 0.015625 0.0833333 0.00568119
9 0.269531 0.0226852 0.0213542 0.0398148 0.00581225
13 0.0143229 0.39537 0.0286458 0.109259 0.00756725
0 0.713281 0.37037 0.0203125 0.0259259 0.0106547
32 0.460677 0.356019 0.0109375 0.0157407 0.0110832
9 0.263021 0.087963 0.00833333 0.037037 0.011971
9 0.567187 0.0481481 0.009375 0.0240741 0.0126578
13 0.00390625 0.403241 0.0078125 0.0953704 0.0140762
0 0.635677 0.147685 0.00989583 0.0509259 0.015036
2 0.270833 0.109722 0.0135417 0.037963 0.0162279
19 0.442448 0.0888889 0.0130208 0.0277778 0.0191766
5 0.219792 0.0671296 0.053125 0.0583333 0.0221945
0 0.442448 0.0972222 0.0151042 0.0444444 0.0230861
0 0.00390625 0.396759 0.0078125 0.108333 0.0231927
2 0.298438 0.0662037 0.015625 0.0231481 0.024601
7 0.21849 0.0652778 0.0505208 0.0583333 0.0257329
32 0.454688 0.314352 0.00729167 0.0138889 0.0309796
9 0.502604 0.759722 0.0114583 0.0546296 0.0564043
2 0.293229 0.112963 0.028125 0.0777778 0.17375
2 0.321875 0.0819444 0.0385417 0.0416667 0.21596
2 0.628125 0.121759 0.025 0.0509259 0.226094
2 0.31875 0.0703704 0.0354167 0.0296296 0.270991
2 0.309115 0.0476852 0.0276042 0.0287037 0.328169
2 0.473698 0.109259 0.0338542 0.0444444 0.39947
2 0.50625 0.104167 0.0427083 0.062037 0.695751
11 0.729948 0.0439815 0.0265625 0.0583333 0.70842
10 0.204167 0.316667 0.0166667 0.0703704 0.753735
2 0.31849 0.121759 0.0515625 0.0694444 0.769428
2 0.552865 0.300926 0.0932292 0.12963 0.831883
2 0.729688 0.418981 0.122917 0.171296 0.906841
