2 0.816667 0.234259 0.0104167 0.0425926 0.00100636
7 0.284896 0.0777778 0.034375 0.140741 0.00105117
0 0.816406 0.234259 0.00989583 0.0425926 0.00110873
9 0.500521 0.605093 0.015625 0.0435185 0.00111687
2 0.622656 0.423611 0.609896 0.178704 0.00115325
1 0.809896 0.331481 0.0197917 0.0907407 0.00125501
2 0.794531 0.087963 0.0296875 0.0240741 0.00127113
9 0.991146 0.515741 0.0166667 0.166667 0.00127789
58 0.91901 0.184259 0.161979 0.366667 0.00127795
2 0.772135 0.112963 0.0140625 0.0240741 0.0013114
12 0.977865 0.499074 0.0411458 0.127778 0.00134966
9 0.429427 0.0402778 0.0078125 0.0231481 0.00140106
9 0.261458 0.0439815 0.0135417 0.0546296 0.00142761
13 0.96276 0.556019 0.0421875 0.0453704 0.00151701
9 0.243229 0.0782407 0.0104167 0.0453704 0.00157077
2 0.813281 0.0759259 0.0161458 0.0185185 0.00158191
7 0.790365 0.0638889 0.0296875 0.0592593 0.00159327
9 0.483854 0.0226852 0.0104167 0.0268519 0.00159492
13 0.973958 0.521296 0.0510417 0.177778 0.00161113
12 0.995313 0.5375 0.00833333 0.0564815 0.00174809
2 0.55599 0.107407 0.261979 0.0722222 0.00178864
9 0.275781 0.0375 0.0359375 0.0731481 0.00188818
2 0.48099 0.169444 0.0317708 0.0333333 0.00189931
2 0.291146 0.0921296 0.0260417 0.0601852 0.00190492
9 0.454688 0.315278 0.00729167 0.0157407 0.00191831
2 0.648177 0.15 0.0390625 0.0555556 0.00209747
2 0.592708 0.126852 0.0166667 0.0240741 0.0021722
9 0.569792 0.0314815 0.0125 0.0574074 0.00223462
9 0.234635 0.0638889 0.0213542 0.037037 0.00224087
2 0.403646 0.109722 0.269792 0.0861111 0.00225922
9 0.257292 0.0763889 0.0125 0.0509259 0.00228605
58 0.968229 0.496759 0.0291667 0.0842593 0.00241145
2 0.295573 0.117593 0.0296875 0.0814815 0.00248526
9 0.266927 0.0597222 0.0151042 0.0342593 0.00268476
11 0.236458 0.0680556 0.01875 0.0435185 0.00279995
2 0.783073 0.102778 0.0359375 0.05 0.00282288
2 0.99349 0.52037 0.0119792 0.166667 0.00295399
5 0.220313 0.0722222 0.0510417 0.0574074 0.00302227
2 0.00494792 0.381019 0.00989583 0.0435185 0.00303205
0 0.715104 0.370833 0.0229167 0.0287037 0.00320098
0 0.263281 0.1 0.00885417 0.0592593 0.00328351
9 0.253125 0.087037 0.0145833 0.0351852 0.003354
0 0.442969 0.099537 0.0182292 0.0509259 0.00338057
0 0.758073 0.0726852 0.0109375 0.0398148 0.00345295
11 0.240365 0.0356481 0.0223958 0.0694444 0.00346439
0 0.933333 0.898148 0.0489583 0.2 0.00389539
2 0.340104 0.0875 0.0125 0.025 0.00445369
1 0.00989583 0.396759 0.0197917 0.117593 0.00467357
11 0.60651 0.0606481 0.00989583 0.025 0.00536219
0 0.757552 0.0902778 0.0130208 0.075 0.00547674
7 0.220573 0.0685185 0.0505208 0.0574074 0.00568837
0 0.995833 0.326389 0.00729167 0.0527778 0.00590961
2 0.491146 0.0787037 0.0375 0.0462963 0.00619028
9 0.415885 0.0101852 0.0161458 0.0203704 0.00660096
2 0.490104 0.108796 0.0145833 0.0472222 0.00706117
12 0.994531 0.496759 0.00989583 0.130556 0.00739588
2 0.0117188 0.366667 0.0234375 0.0574074 0.00755998
9 0.265365 0.0962963 0.00989583 0.05 0.00784821
2 0.270312 0.109722 0.0114583 0.0398148 0.007978
2 0.295052 0.0736111 0.0244792 0.0194444 0.00859974
9 0.220313 0.0666667 0.046875 0.0518519 0.00925321
2 0.363802 0.0689815 0.0119792 0.0194444 0.00994964
1 0.00364583 0.413426 0.00729167 0.0787037 0.0105734
9 0.442969 0.0888889 0.0130208 0.0296296 0.0108999
9 0.269271 0.0231481 0.0197917 0.0388889 0.0131049
2 0.238542 0.141667 0.01875 0.0407407 0.0142117
9 0.502344 0.761111 0.0130208 0.0537037 0.0191193
7 0.308854 0.114815 0.0583333 0.0833333 0.0270137
9 0.567448 0.0476852 0.0078125 0.0231481 0.0281133
9 0.263542 0.087963 0.00833333 0.0333333 0.0286802
2 0.786198 0.0893519 0.0161458 0.0231481 0.0303744
0 0.635156 0.148148 0.00989583 0.0481481 0.0390738
9 0.208333 0.0662037 0.0197917 0.0453704 0.0404884
2 0.634635 0.146296 0.0119792 0.05 0.0426627
2 0.46276 0.113426 0.0130208 0.0361111 0.0447574
2 0.321354 0.0902778 0.0364583 0.0287037 0.115969
2 0.471354 0.1125 0.025 0.0398148 0.169579
2 0.627604 0.121296 0.025 0.0518519 0.177232
7 0.293229 0.108333 0.0291667 0.0833333 0.20721
2 0.485417 0.075463 0.0229167 0.0305556 0.297752
2 0.322656 0.0601852 0.0348958 0.0314815 0.393254
2 0.31849 0.121759 0.0505208 0.0712963 0.662261
2 0.50625 0.105093 0.0427083 0.062037 0.736625
11 0.729167 0.0425926 0.0270833 0.0555556 0.80154
10 0.203906 0.316204 0.0161458 0.0712963 0.811252
2 0.492708 0.197685 0.065625 0.087963 0.877225
2 0.729688 0.419907 0.122917 0.171296 0.910413
