9 0.589323 0.0412037 0.0140625 0.0416667 0.00101728
9 0.415885 0.0106481 0.0171875 0.0212963 0.00101994
13 0.0111979 0.399074 0.0223958 0.111111 0.00106955
0 0.493229 0.153241 0.0291667 0.0583333 0.00107436
0 0.53099 0.266667 0.493229 0.405556 0.00109064
2 0.771875 0.114352 0.0135417 0.0305556 0.00111864
2 0.520573 0.150926 0.0380208 0.0481481 0.00112903
2 0.616927 0.422222 0.568229 0.17963 0.00113418
7 0.989583 0.518056 0.0197917 0.184259 0.00125505
7 0.970312 0.52037 0.0583333 0.185185 0.00127751
9 0.258073 0.0731481 0.0119792 0.0425926 0.00127813
2 0.239844 0.118519 0.0192708 0.05 0.0012823
12 0.689062 0.167593 0.0135417 0.0333333 0.00129149
0 0.740365 0.37037 0.0234375 0.0314815 0.00132045
13 0.971354 0.52037 0.05625 0.174074 0.00132776
0 0.73125 0.371759 0.0239583 0.0287037 0.00134303
12 0.995573 0.530556 0.0078125 0.0351852 0.00138222
9 0.559375 0.0273148 0.0208333 0.0490741 0.00138301
2 0.640365 0.151389 0.0192708 0.062037 0.00140698
2 0.813021 0.0777778 0.0177083 0.0185185 0.00144491
0 0.530469 0.106019 0.0119792 0.0361111 0.00148866
9 0.261719 0.0310185 0.0140625 0.0564815 0.00152213
2 0.660677 0.149537 0.0619792 0.0638889 0.00154617
9 0.284375 0.0731481 0.0197917 0.127778 0.00155141
12 0.702344 0.162037 0.0213542 0.0425926 0.00155762
9 0.36276 0.0467593 0.00989583 0.0361111 0.0015885
2 0.263542 0.106481 0.009375 0.0444444 0.00162482
2 0.592708 0.125463 0.0166667 0.025 0.00164024
58 0.96849 0.493056 0.0317708 0.0990741 0.00166532
2 0.961198 0.556481 0.0380208 0.0425926 0.00172668
2 0.298698 0.10787 0.0776042 0.0916667 0.00175941
9 0.291667 0.0717593 0.0114583 0.0157407 0.00178347
2 0.79401 0.087037 0.0338542 0.0333333 0.00185145
12 0.69401 0.162037 0.00677083 0.0407407 0.00185315
2 0.535417 0.114815 0.0104167 0.0333333 0.00186648
9 0.291927 0.0513889 0.00885417 0.0472222 0.00188084
1 0.0536458 0.148148 0.0614583 0.0592593 0.00191921
9 0.502604 0.760648 0.0125 0.0527778 0.00208783
9 0.548437 0.0532407 0.0114583 0.025 0.00209334
32 0.454688 0.316204 0.00729167 0.0157407 0.00220796
2 0.219271 0.137037 0.0583333 0.05 0.00235008
9 0.583333 0.0407407 0.0125 0.0444444 0.00236465
0 0.516927 0.158796 0.0223958 0.0435185 0.00259229
0 0.757031 0.374074 0.0192708 0.0296296 0.00278521
2 0.267969 0.100463 0.0119792 0.0546296 0.00303332
9 0.500521 0.605556 0.015625 0.0462963 0.00304289
9 0.263542 0.0884259 0.00833333 0.0361111 0.00316729
2 0.0421875 0.146759 0.084375 0.0675926 0.00341785
11 0.60625 0.0601852 0.0104167 0.0240741 0.00346054
2 0.782031 0.102315 0.0338542 0.0527778 0.00348507
9 0.994792 0.496759 0.009375 0.137963 0.0035813
7 0.148177 0.0893519 0.0682292 0.0787037 0.00359572
2 0.40599 0.109259 0.268229 0.0740741 0.00386574
32 0.460417 0.356944 0.0104167 0.0157407 0.00404684
2 0.442708 0.099537 0.01875 0.0472222 0.00419965
2 0.507552 0.140741 0.0484375 0.0444444 0.00421744
7 0.220833 0.0680556 0.05 0.0546296 0.00424755
0 0.758333 0.075463 0.0114583 0.0453704 0.00468136
2 0.0614583 0.0712963 0.0364583 0.0277778 0.00476027
12 0.702604 0.1375 0.0229167 0.0861111 0.00483505
2 0.442708 0.0884259 0.0135417 0.0305556 0.00497442
11 0.236979 0.0680556 0.0177083 0.0416667 0.00503122
12 0.994271 0.497222 0.0104167 0.131481 0.00537532
9 0.219531 0.0828704 0.0182292 0.025 0.00552831
9 0.108854 0.0287037 0.0125 0.037037 0.00616998
0 0.715365 0.372222 0.0234375 0.0259259 0.0062123
2 0.53151 0.106944 0.132812 0.0564815 0.00651636
0 0.995833 0.327315 0.00729167 0.0564815 0.00678909
9 0.3625 0.0689815 0.009375 0.025 0.00738045
9 0.573177 0.0310185 0.0140625 0.0601852 0.00786064
9 0.442969 0.0884259 0.0130208 0.0305556 0.00921148
9 0.217187 0.0634259 0.040625 0.0583333 0.0101331
2 0.486979 0.106944 0.05625 0.0527778 0.0129603
0 0.756771 0.0967593 0.015625 0.0861111 0.0132342
9 0.269531 0.0356481 0.0213542 0.0601852 0.0152839
9 0.207813 0.0671296 0.0208333 0.0435185 0.0210688
2 0.271875 0.111111 0.0145833 0.037037 0.0240676
2 0.238802 0.140278 0.0192708 0.0435185 0.0247569
2 0.785937 0.0893519 0.015625 0.025 0.0280625
0 0.635677 0.148148 0.00989583 0.05 0.0293552
2 0.292188 0.110185 0.0260417 0.0796296 0.0343832
2 0.635417 0.145833 0.0114583 0.0527778 0.0348095
9 0.567187 0.0481481 0.00833333 0.0240741 0.0587693
7 0.302083 0.107407 0.0447917 0.0796296 0.0640893
2 0.463281 0.113889 0.0151042 0.037037 0.106602
9 0.333594 0.0476852 0.00885417 0.0287037 0.134162
2 0.472656 0.111574 0.0317708 0.0416667 0.257363
2 0.322135 0.087037 0.0380208 0.0351852 0.339747
2 0.627604 0.122685 0.0260417 0.0509259 0.404645
2 0.507292 0.0981481 0.040625 0.05 0.61746
2 0.31849 0.122222 0.0505208 0.0703704 0.712623
11 0.729167 0.0425926 0.0270833 0.0555556 0.750065
10 0.203906 0.316204 0.0161458 0.0712963 0.758276
2 0.502344 0.173611 0.0744792 0.108333 0.862516
2 0.729688 0.42037 0.122917 0.17037 0.917574
