2 0.77526 0.121296 0.0223958 0.0462963 0.00101893
9 0.5 0.602315 0.0145833 0.0416667 0.00101916
2 0.291667 0.104167 0.1125 0.0953704 0.00107788
7 0.788802 0.0648148 0.0255208 0.0592593 0.00108244
2 0.467708 0.0208333 0.021875 0.0175926 0.00112126
2 0.571354 0.424537 0.632292 0.180556 0.00118153
12 0.701563 0.163426 0.0208333 0.0416667 0.00120141
13 0.952604 0.422222 0.0947917 0.138889 0.00120481
58 0.922656 0.181944 0.153646 0.35463 0.00124283
0 0.995833 0.325926 0.00729167 0.0592593 0.0012722
2 0.530729 0.112963 0.0135417 0.0425926 0.00138124
13 0.963542 0.554167 0.0416667 0.0416667 0.0014213
9 0.415625 0.0106481 0.015625 0.0212963 0.00164326
2 0.436979 0.116667 0.325 0.087037 0.0019201
0 0.708594 0.373611 0.0203125 0.0268519 0.00210363
0 0.458333 0.0648148 0.009375 0.0259259 0.00214082
2 0.34401 0.103704 0.00989583 0.0444444 0.0021494
0 0.716667 0.372685 0.0239583 0.0268519 0.00220051
13 0.970573 0.568519 0.0567708 0.0814815 0.00242637
2 0.0125 0.387963 0.025 0.101852 0.00243927
13 0.99349 0.517593 0.0119792 0.17037 0.00250302
9 0.266146 0.0962963 0.009375 0.05 0.00254771
9 0.292448 0.0699074 0.0109375 0.0175926 0.00292028
0 0.284115 0.0884259 0.0109375 0.0324074 0.00294703
9 0.573438 0.0310185 0.015625 0.0601852 0.00308628
9 0.429948 0.0444444 0.0078125 0.0277778 0.00315383
2 0.366927 0.113889 0.146354 0.0796296 0.00352296
7 0.218229 0.062037 0.046875 0.0611111 0.00370903
2 0.270052 0.104167 0.0130208 0.0472222 0.00376119
12 0.976823 0.494907 0.0442708 0.126852 0.00381506
2 0.238281 0.141667 0.0182292 0.0407407 0.00387181
1 0.00963542 0.398611 0.0192708 0.108333 0.00387886
2 0.592969 0.125926 0.0182292 0.0240741 0.00390911
12 0.690885 0.164352 0.00989583 0.0398148 0.00402867
13 0.971875 0.518981 0.0552083 0.182407 0.00406798
1 0.00442708 0.401389 0.00885417 0.0990741 0.00413872
2 0.65 0.149537 0.0395833 0.0564815 0.00417684
9 0.29349 0.0560185 0.00885417 0.0398148 0.00433223
9 0.219271 0.0671296 0.046875 0.0509259 0.00451127
0 0.75651 0.0902778 0.0140625 0.075 0.00552892
2 0.00364583 0.410648 0.00729167 0.0861111 0.00577714
1 0.0106771 0.365741 0.0213542 0.062963 0.00608917
9 0.502604 0.759259 0.0125 0.0574074 0.00654995
12 0.994531 0.491204 0.00989583 0.126852 0.00679022
9 0.21875 0.103704 0.009375 0.0388889 0.00714549
9 0.207552 0.0675926 0.0192708 0.0425926 0.00971627
11 0.2375 0.0657407 0.015625 0.037037 0.0100146
11 0.60625 0.0587963 0.009375 0.0268519 0.0102093
2 0.36276 0.0652778 0.0130208 0.0287037 0.01058
9 0.270052 0.0333333 0.0203125 0.0611111 0.0130056
2 0.442187 0.087963 0.015625 0.0277778 0.013599
2 0.785937 0.0888889 0.0166667 0.0240741 0.0141277
9 0.218229 0.0523148 0.021875 0.0453704 0.0147249
2 0.292708 0.114815 0.0260417 0.0685185 0.0165806
7 0.295833 0.10787 0.0333333 0.0824074 0.0172781
9 0.567187 0.0481481 0.00833333 0.0240741 0.0195696
2 0.333333 0.087963 0.0260417 0.0333333 0.0202385
2 0.635156 0.146759 0.0109375 0.0564815 0.022431
0 0.635156 0.148611 0.00885417 0.0490741 0.0249766
9 0.21901 0.0898148 0.0078125 0.012963 0.0269953
2 0.440625 0.113889 0.015625 0.0296296 0.120355
2 0.322135 0.0861111 0.0380208 0.0351852 0.320689
2 0.627344 0.121759 0.0255208 0.0509259 0.482675
2 0.508594 0.103704 0.0369792 0.062963 0.49121
2 0.467448 0.119444 0.0505208 0.0722222 0.666491
2 0.318229 0.121296 0.0510417 0.0703704 0.743708
11 0.728906 0.0425926 0.0276042 0.0537037 0.768322
10 0.203906 0.315741 0.0161458 0.0703704 0.781343
2 0.36901 0.105556 0.0380208 0.0537037 0.806757
2 0.729948 0.419444 0.122396 0.172222 0.897013
