0 0.817448 0.234259 0.00885417 0.0425926 0.00102738
7 0.970312 0.527778 0.0583333 0.207407 0.00102971
0 0.541667 0.313426 0.523958 0.489815 0.00103392
5 0.75651 0.0523148 0.0932292 0.100926 0.00105074
9 0.273958 0.0402778 0.034375 0.0787037 0.00107013
0 0.263542 0.102778 0.00833333 0.05 0.00113243
58 0.91901 0.185185 0.161979 0.361111 0.00115089
11 0.751562 0.0550926 0.078125 0.106481 0.00122567
0 0.729688 0.372222 0.0291667 0.0296296 0.00125405
9 0.260938 0.0476852 0.0135417 0.0453704 0.00125965
2 0.592188 0.125926 0.0177083 0.0240741 0.00130221
11 0.220573 0.0652778 0.0515625 0.0509259 0.0013365
9 0.453906 0.314815 0.0078125 0.0148148 0.00138877
10 0.00546875 0.475926 0.0109375 0.216667 0.00141412
2 0.392188 0.122222 0.0385417 0.0462963 0.00143869
9 0.502344 0.759722 0.0130208 0.0527778 0.00155459
2 0.34401 0.111111 0.0109375 0.0444444 0.00156128
2 0.401563 0.103704 0.0197917 0.0351852 0.00170275
9 0.455469 0.334722 0.0140625 0.0564815 0.00181183
0 0.75625 0.375463 0.0208333 0.0305556 0.00188679
2 0.35599 0.114352 0.0140625 0.0287037 0.00189911
2 0.238542 0.139352 0.01875 0.0435185 0.00191538
10 0.197135 0.293519 0.0307292 0.114815 0.00199776
0 0.282292 0.0865741 0.00729167 0.0287037 0.00199907
13 0.970573 0.524537 0.0578125 0.193519 0.0020966
9 0.26276 0.087963 0.0078125 0.0351852 0.00210476
2 0.4125 0.115741 0.0125 0.0296296 0.0023308
2 0.546094 0.110648 0.375521 0.0712963 0.00241241
9 0.209375 0.0675926 0.025 0.0425926 0.00249055
9 0.293229 0.0532407 0.009375 0.0416667 0.00251523
2 0.605469 0.0597222 0.00989583 0.025 0.00255727
2 0.4125 0.111111 0.248958 0.0703704 0.00259896
9 0.266927 0.0967593 0.0109375 0.0527778 0.00264942
2 0.00442708 0.468981 0.00885417 0.226852 0.0026708
13 0.99401 0.519444 0.0109375 0.17037 0.00278568
9 0.363281 0.0671296 0.0119792 0.0231481 0.00278598
9 0.21875 0.101389 0.009375 0.0361111 0.002986
9 0.215885 0.0555556 0.0276042 0.0462963 0.00302119
0 0.3625 0.0717593 0.009375 0.0287037 0.00321859
58 0.96901 0.492593 0.0317708 0.0981481 0.00324627
2 0.442969 0.0875 0.0171875 0.0268519 0.00330406
13 0.961198 0.555093 0.0390625 0.0435185 0.00340381
1 0.0046875 0.394444 0.009375 0.112963 0.00348091
11 0.739583 0.0680556 0.015625 0.025 0.00371528
2 0.00833333 0.401852 0.0166667 0.107407 0.00375194
13 0.969531 0.568519 0.0567708 0.0722222 0.00382998
5 0.788281 0.062963 0.0255208 0.062963 0.0038694
9 0.99401 0.492593 0.0109375 0.124074 0.00392614
2 0.269271 0.1125 0.0104167 0.0324074 0.00401905
0 0.285677 0.118056 0.0140625 0.0675926 0.00402269
9 0.570312 0.0314815 0.015625 0.0592593 0.00410421
2 0.389844 0.0972222 0.0359375 0.0222222 0.00433466
7 0.788281 0.0643518 0.0244792 0.0638889 0.00449867
2 0.365104 0.113426 0.0166667 0.0324074 0.00458197
11 0.236979 0.0657407 0.0166667 0.0388889 0.00470416
0 0.715885 0.371759 0.0234375 0.0268519 0.0048241
2 0.426042 0.110648 0.128125 0.0527778 0.00501352
9 0.26901 0.0472222 0.0203125 0.0425926 0.00521217
13 0.986719 0.518056 0.0255208 0.176852 0.00583933
2 0.286458 0.121759 0.015625 0.0601852 0.00589448
7 0.219792 0.0648148 0.05 0.0611111 0.00596469
5 0.220833 0.0652778 0.0489583 0.0564815 0.00645707
2 0.291667 0.0722222 0.0125 0.0166667 0.00659659
7 0.294531 0.107407 0.0276042 0.0851852 0.00705244
2 0.00494792 0.558333 0.00989583 0.0425926 0.00805165
2 0.471875 0.110185 0.08125 0.05 0.00815098
9 0.26901 0.0208333 0.0203125 0.0361111 0.00832096
2 0.292969 0.102778 0.0276042 0.0685185 0.00904895
9 0.219271 0.0898148 0.009375 0.012963 0.014155
2 0.785156 0.0893519 0.0151042 0.0212963 0.0151238
2 0.00390625 0.408796 0.0078125 0.0953704 0.0163224
9 0.442187 0.0856481 0.0114583 0.0231481 0.0165024
9 0.567187 0.0481481 0.00833333 0.0240741 0.0241392
0 0.756771 0.0912037 0.0145833 0.0842593 0.0261695
2 0.485156 0.10787 0.0171875 0.0490741 0.0501533
2 0.457812 0.115278 0.0125 0.0305556 0.0931298
0 0.634635 0.146759 0.00989583 0.0564815 0.0976754
0 0.630469 0.13287 0.0171875 0.0361111 0.117632
2 0.464844 0.111111 0.0140625 0.0388889 0.171941
2 0.321615 0.087963 0.0380208 0.0333333 0.191218
2 0.627344 0.12037 0.0255208 0.0481481 0.193246
2 0.474479 0.108333 0.0322917 0.0462963 0.234647
7 0.50651 0.103704 0.0421875 0.062963 0.401516
2 0.50625 0.103704 0.0416667 0.062963 0.444771
2 0.43776 0.116667 0.0317708 0.0296296 0.663697
2 0.317708 0.120833 0.0520833 0.0712963 0.680878
2 0.524479 0.224537 0.0864583 0.128704 0.716254
11 0.728906 0.0416667 0.0276042 0.0518519 0.76536
2 0.38724 0.135648 0.0588542 0.0935185 0.803491
10 0.204167 0.314815 0.015625 0.0703704 0.805816
2 0.729427 0.419444 0.122396 0.172222 0.89885
