9 0.286458 0.0481481 0.0145833 0.0574074 0.00109794
2 0.632031 0.141667 0.0411458 0.0888889 0.0011759
32 0.46901 0.410648 0.0109375 0.025 0.0012578
9 0.415104 0.0101852 0.015625 0.0203704 0.00126726
12 0.967448 0.502778 0.0286458 0.0888889 0.00127068
46 0.483073 0.491204 0.0140625 0.0268519 0.00137635
2 0.654688 0.128704 0.08125 0.0648148 0.00140639
9 0.110677 0.0277778 0.0130208 0.0333333 0.00143979
7 0.423177 0.0574074 0.0328125 0.062963 0.00151958
9 0.469531 0.411111 0.0109375 0.0259259 0.00155277
13 0.970573 0.525926 0.0578125 0.187037 0.00155599
2 0.77474 0.121759 0.0213542 0.0435185 0.00155939
2 0.782812 0.108333 0.0385417 0.0685185 0.00156102
13 0.00390625 0.39537 0.0078125 0.109259 0.00164375
9 0.21276 0.0578704 0.0348958 0.0601852 0.00177153
12 0.9875 0.496296 0.0229167 0.125926 0.00194385
2 0.458333 0.10787 0.3125 0.062037 0.00199394
0 0.757552 0.375 0.0182292 0.0296296 0.00199746
0 0.178906 0.719444 0.103646 0.444444 0.00201101
9 0.273958 0.0407407 0.0322917 0.0740741 0.00204702
9 0.547917 0.050463 0.0104167 0.025 0.00207002
9 0.292188 0.0541667 0.00833333 0.0416667 0.00235346
2 0.278385 0.118056 0.0307292 0.0546296 0.00235634
7 0.788802 0.0643518 0.0255208 0.0601852 0.00244223
2 0.451562 0.0657407 0.0239583 0.0314815 0.00284657
0 0.731771 0.372222 0.0270833 0.0296296 0.00286712
2 0.530469 0.111111 0.0119792 0.0425926 0.00311411
12 0.692448 0.164352 0.0078125 0.0398148 0.0032877
2 0.446094 0.116204 0.0255208 0.0194444 0.00336183
9 0.767969 0.0162037 0.0140625 0.0305556 0.00375301
12 0.976562 0.498148 0.034375 0.125926 0.00401103
2 0.647656 0.191204 0.0151042 0.0564815 0.00413843
12 0.995052 0.494907 0.00885417 0.130556 0.00487477
2 0.591927 0.126852 0.0203125 0.0277778 0.00505905
9 0.995313 0.491204 0.00833333 0.126852 0.00514438
7 0.970833 0.527778 0.0572917 0.2 0.00518192
2 0.291927 0.0680556 0.00989583 0.0157407 0.00541366
11 0.236979 0.0689815 0.0166667 0.0453704 0.00554604
5 0.219531 0.0717593 0.0526042 0.0564815 0.00599032
0 0.585417 0.212037 0.025 0.037037 0.00608954
0 0.28151 0.0861111 0.00677083 0.0240741 0.0069492
2 0.238542 0.140741 0.01875 0.0425926 0.00702929
9 0.50026 0.602315 0.0151042 0.0398148 0.00726166
7 0.219271 0.0675926 0.0520833 0.062963 0.00803038
9 0.219531 0.0490741 0.0203125 0.037037 0.00922385
9 0.221875 0.0634259 0.0135417 0.0453704 0.00951224
2 0.605729 0.0597222 0.0104167 0.0268519 0.00970752
2 0.363281 0.0666667 0.0119792 0.0222222 0.00991048
9 0.502604 0.758333 0.0114583 0.0574074 0.0103398
9 0.573698 0.0314815 0.0151042 0.0611111 0.0103731
2 0.270833 0.112037 0.0135417 0.0333333 0.0106456
0 0.709375 0.372222 0.0208333 0.0259259 0.0110423
2 0.789323 0.087037 0.0192708 0.0259259 0.0117058
2 0.430208 0.0731481 0.0354167 0.0407407 0.0127127
0 0.75625 0.0912037 0.0135417 0.0787037 0.0129513
9 0.207031 0.0694444 0.0203125 0.0425926 0.0133115
9 0.270052 0.049537 0.0192708 0.0398148 0.0134408
2 0.341406 0.0884259 0.0151042 0.0324074 0.0141734
9 0.220052 0.0888889 0.0078125 0.0148148 0.0144497
2 0.46224 0.1125 0.0140625 0.0361111 0.0158745
7 0.294271 0.110648 0.03125 0.0768519 0.0216175
7 0.322396 0.087037 0.040625 0.037037 0.0516557
2 0.289323 0.121296 0.0203125 0.062963 0.0526117
9 0.566927 0.0481481 0.0078125 0.0240741 0.0606946
0 0.442448 0.0847222 0.0119792 0.0268519 0.0873497
2 0.322135 0.0847222 0.0369792 0.0342593 0.15896
2 0.627083 0.125463 0.0260417 0.0583333 0.278992
2 0.47474 0.109259 0.0328125 0.0444444 0.355969
2 0.420833 0.0685185 0.0260417 0.0388889 0.404922
2 0.317969 0.122222 0.0505208 0.0703704 0.596747
2 0.505729 0.103704 0.04375 0.062963 0.700555
11 0.728906 0.0425926 0.0276042 0.0537037 0.757865
10 0.204167 0.315278 0.015625 0.0694444 0.768481
2 0.358854 0.114352 0.0291667 0.0342593 0.776979
7 0.598177 0.239815 0.111979 0.168519 0.817167
2 0.730469 0.419444 0.122396 0.172222 0.908374
