2 0.0385417 0.135185 0.0270833 0.0296296 0.00104859
0 0.817708 0.2375 0.00833333 0.0324074 0.00107408
0 0.0799479 0.161111 0.0109375 0.0259259 0.00109367
13 0.972656 0.526389 0.0536458 0.187963 0.00111741
12 0.969531 0.489352 0.0317708 0.100926 0.00116252
2 0.340885 0.0699074 0.0494792 0.0601852 0.00118617
1 0.00416667 0.400463 0.00833333 0.106481 0.00118672
9 0.558073 0.025 0.0255208 0.0481481 0.00126194
12 0.702344 0.163426 0.0234375 0.0398148 0.0012893
32 0.454688 0.315741 0.00729167 0.012963 0.00135321
2 0.46276 0.113426 0.0151042 0.0416667 0.00137845
0 0.517187 0.327778 0.623958 0.618519 0.00147086
9 0.260156 0.0449074 0.0119792 0.0527778 0.00154027
9 0.483073 0.0439815 0.00677083 0.0231481 0.00156542
1 0.0203125 0.162037 0.040625 0.0814815 0.00158015
1 0.0140625 0.36713 0.028125 0.0601852 0.00164534
2 0.75599 0.524074 0.482812 0.307407 0.00166283
11 0.241667 0.0375 0.025 0.0712963 0.00166429
2 0.528646 0.10463 0.14375 0.0648148 0.00167336
0 0.256771 0.114352 0.0177083 0.087963 0.00170706
2 0.453125 0.106481 0.034375 0.05 0.0017584
9 0.2625 0.0912037 0.00833333 0.0453704 0.00176276
2 0.79349 0.100926 0.0609375 0.0796296 0.00181678
7 0.971354 0.52963 0.05625 0.198148 0.00190263
12 0.702604 0.136574 0.0239583 0.0805556 0.0020992
2 0.0276042 0.138426 0.0479167 0.0453704 0.00213014
2 0.497656 0.0939815 0.0286458 0.0435185 0.00224514
7 0.363802 0.0550926 0.0515625 0.0509259 0.00230818
2 0.408333 0.108333 0.289583 0.087037 0.00232812
1 0.0463542 0.162037 0.0927083 0.105556 0.00242157
2 0.655208 0.139352 0.0791667 0.087963 0.00269522
2 0.635156 0.148148 0.0119792 0.05 0.00284885
2 0.592188 0.130556 0.01875 0.0240741 0.00284918
0 0.757292 0.0953704 0.0135417 0.0851852 0.002854
9 0.257812 0.0736111 0.0104167 0.0472222 0.00287388
2 0.532031 0.109722 0.0161458 0.0472222 0.00295206
9 0.252865 0.087037 0.0119792 0.0407407 0.00303851
2 0.77474 0.116667 0.0182292 0.0296296 0.00316474
9 0.967448 0.499074 0.0265625 0.0833333 0.0032369
9 0.469792 0.412963 0.0104167 0.0296296 0.00334241
2 0.784896 0.0902778 0.0135417 0.0175926 0.00347691
9 0.294271 0.049537 0.0104167 0.0416667 0.00348333
9 0.267188 0.0574074 0.0145833 0.0314815 0.00363369
9 0.995313 0.529167 0.00833333 0.037963 0.00377932
0 0.756771 0.375463 0.0197917 0.0287037 0.0038285
0 0.635417 0.149074 0.0104167 0.0481481 0.00444593
9 0.270312 0.049537 0.01875 0.0398148 0.00472993
2 0.653646 0.153704 0.046875 0.0611111 0.00478493
0 0.733333 0.370833 0.025 0.0305556 0.00484688
9 0.266146 0.0365741 0.0166667 0.0638889 0.00497628
0 0.495052 0.0699074 0.0109375 0.0194444 0.00512256
0 0.609115 0.513889 0.0244792 0.0351852 0.0051817
2 0.791146 0.0851852 0.01875 0.0222222 0.00518451
9 0.595052 0.0412037 0.00989583 0.0324074 0.00542213
0 0.26276 0.100926 0.00989583 0.0592593 0.00544317
2 0.616667 0.0981481 0.046875 0.0833333 0.00577793
2 0.814844 0.0726852 0.0182292 0.0194444 0.00599402
5 0.213542 0.0615741 0.0354167 0.0583333 0.00632142
2 0.805729 0.074537 0.0322917 0.0231481 0.00657678
9 0.567969 0.0481481 0.00989583 0.0240741 0.00673476
9 0.977083 0.5 0.04375 0.131481 0.00766472
2 0.267969 0.099537 0.0151042 0.0583333 0.00774457
1 0.0601562 0.177778 0.0630208 0.0648148 0.00991898
1 0.809115 0.339815 0.0234375 0.0944444 0.0100498
0 0.505469 0.0648148 0.0109375 0.0240741 0.0103642
9 0.994531 0.495833 0.00989583 0.125 0.0110269
0 0.713281 0.370833 0.0203125 0.0268519 0.0150831
2 0.271875 0.108333 0.0145833 0.0444444 0.0176117
2 0.797917 0.0611111 0.0427083 0.0574074 0.0290157
7 0.21849 0.0680556 0.0557292 0.0675926 0.0393779
11 0.606771 0.0611111 0.0104167 0.0240741 0.0430499
10 0.443229 0.0921296 0.0135417 0.0342593 0.0459
9 0.502865 0.760648 0.0119792 0.0527778 0.0561062
5 0.21901 0.0740741 0.0546875 0.0740741 0.0599218
9 0.500781 0.601852 0.0161458 0.0388889 0.0603401
0 0.44349 0.099537 0.0161458 0.0490741 0.0646393
2 0.332812 0.0722222 0.0229167 0.0240741 0.0961576
2 0.338281 0.0638889 0.0223958 0.0333333 0.135669
2 0.528125 0.0708333 0.01875 0.0212963 0.199273
2 0.628125 0.123148 0.025 0.0518519 0.240787
2 0.300521 0.10787 0.040625 0.0842593 0.259776
2 0.322135 0.087963 0.0380208 0.0388889 0.282641
2 0.365625 0.0601852 0.0447917 0.0407407 0.328976
2 0.473177 0.109722 0.0338542 0.0453704 0.47639
2 0.50625 0.105556 0.0427083 0.0611111 0.689049
11 0.729688 0.0430556 0.0270833 0.0564815 0.726107
2 0.319271 0.12037 0.0489583 0.0722222 0.743141
10 0.204167 0.316667 0.0166667 0.0703704 0.832148
2 0.627083 0.57037 0.144792 0.207407 0.91993
2 0.730729 0.418981 0.122917 0.173148 0.924175
