0 0.730208 0.371296 0.0302083 0.0314815 0.00100394
9 0.260417 0.0537037 0.0125 0.0351852 0.00103685
13 0.963021 0.558333 0.0427083 0.05 0.00103844
32 0.453385 0.315278 0.00885417 0.0138889 0.00105975
2 0.0179687 0.0726852 0.0130208 0.025 0.00110058
9 0.588802 0.0351852 0.0171875 0.0611111 0.00111549
2 0.788281 0.110648 0.0473958 0.0731481 0.00113001
7 0.411198 0.0657407 0.0317708 0.0481481 0.00115956
2 0.457031 0.109259 0.0848958 0.0481481 0.00117571
2 0.292448 0.100463 0.0932292 0.0990741 0.00122305
1 0.0130208 0.361111 0.0260417 0.0740741 0.00122344
2 0.776823 0.121759 0.0244792 0.0490741 0.00122717
9 0.990885 0.50787 0.0171875 0.15463 0.00127921
2 0.649219 0.149537 0.0359375 0.0564815 0.00132945
2 0.753125 0.158796 0.0125 0.0212963 0.0013372
12 0.995313 0.533333 0.00833333 0.0388889 0.00138434
12 0.702344 0.164815 0.0203125 0.037037 0.00139823
2 0.217969 0.12963 0.0598958 0.0666667 0.00142062
2 0.772396 0.112963 0.0145833 0.0240741 0.00143051
0 0.457812 0.0648148 0.00729167 0.0314815 0.00150046
2 0.506771 0.0703704 0.028125 0.0240741 0.00158576
2 0.238802 0.106944 0.0161458 0.0398148 0.00167649
12 0.989062 0.500463 0.0208333 0.134259 0.00177293
2 0.548177 0.423148 0.561979 0.181481 0.00179135
2 0.811719 0.0782407 0.0213542 0.0194444 0.00184079
9 0.27526 0.0398148 0.0359375 0.0777778 0.00191936
0 0.00546875 0.361574 0.0109375 0.0787037 0.00192298
2 0.00520833 0.0930556 0.0104167 0.0453704 0.00192855
1 0.808333 0.328704 0.0239583 0.0944444 0.00192981
0 0.75651 0.0875 0.0140625 0.0675926 0.00196308
2 0.554688 0.110648 0.195833 0.0787037 0.00199607
9 0.29401 0.0560185 0.00989583 0.0398148 0.00205063
2 0.792708 0.0865741 0.0354167 0.0324074 0.00217892
2 0.9625 0.55463 0.0395833 0.0425926 0.00260034
9 0.26276 0.0875 0.0078125 0.037963 0.00261108
2 0.390625 0.105556 0.185417 0.0648148 0.00287884
9 0.259115 0.0740741 0.0119792 0.05 0.0029061
9 0.109635 0.0268519 0.0130208 0.037037 0.00291889
0 0.26276 0.105093 0.00885417 0.0490741 0.00297866
9 0.209115 0.0666667 0.0255208 0.0462963 0.00299478
9 0.253125 0.0865741 0.0145833 0.0361111 0.00316627
0 0.715104 0.371296 0.025 0.0277778 0.00321144
11 0.23724 0.0680556 0.0171875 0.0416667 0.00362402
2 0.290104 0.0939815 0.0239583 0.0638889 0.00404737
9 0.416406 0.0175926 0.0182292 0.0351852 0.00408165
9 0.500521 0.603241 0.015625 0.0398148 0.00417228
9 0.176563 0.510185 0.0375 0.0407407 0.00431584
2 0.514844 0.106481 0.0942708 0.0555556 0.00434189
9 0.269531 0.0523148 0.0203125 0.0324074 0.00449996
2 0.0588542 0.0666667 0.03125 0.0296296 0.00456943
9 0.583333 0.037037 0.0135417 0.0555556 0.00458561
2 0.0114583 0.367593 0.0229167 0.062963 0.00500132
11 0.60625 0.0601852 0.009375 0.0240741 0.00510559
0 0.535677 0.107407 0.0109375 0.0518519 0.00520001
0 0.442187 0.0976852 0.0177083 0.0490741 0.00565777
0 0.635417 0.148611 0.009375 0.0509259 0.00572281
2 0.780208 0.101852 0.0291667 0.05 0.00582669
13 0.0130208 0.365741 0.0260417 0.0462963 0.00583247
9 0.846094 0.176852 0.00677083 0.0277778 0.00629353
2 0.267188 0.1 0.0125 0.0555556 0.00644409
2 0.238802 0.141204 0.0182292 0.0416667 0.00692704
12 0.994792 0.499074 0.009375 0.138889 0.00696803
2 0.0338542 0.0638889 0.0208333 0.0222222 0.00703755
2 0.635156 0.140278 0.0109375 0.0453704 0.00704969
2 0.363542 0.0685185 0.0114583 0.0203704 0.00926954
1 0.00416667 0.405556 0.00833333 0.0925926 0.0117274
9 0.573177 0.0314815 0.0140625 0.0592593 0.0119747
9 0.269271 0.0226852 0.0208333 0.0398148 0.0135371
0 0.00416667 0.398611 0.00833333 0.102778 0.0144151
2 0.592708 0.126852 0.0166667 0.0240741 0.0144763
2 0.53125 0.106944 0.0177083 0.0490741 0.015734
13 0.00416667 0.403241 0.00833333 0.0953704 0.0167107
2 0.270833 0.108796 0.0145833 0.0416667 0.018231
13 0.0140625 0.393981 0.028125 0.113889 0.0186774
1 0.0101562 0.394444 0.0203125 0.116667 0.0224081
5 0.220573 0.0689815 0.0505208 0.0675926 0.0256394
2 0.441146 0.0814815 0.0135417 0.0203704 0.0277975
9 0.502604 0.759722 0.0125 0.0546296 0.0289413
0 0.442448 0.0856481 0.0130208 0.0268519 0.0316495
2 0.785417 0.0888889 0.0145833 0.0259259 0.0343491
7 0.219531 0.0638889 0.0494792 0.0648148 0.0370569
2 0.463281 0.111574 0.0171875 0.0398148 0.0601761
9 0.567187 0.0481481 0.00833333 0.0240741 0.0718385
7 0.298438 0.106019 0.0395833 0.0824074 0.131284
2 0.29974 0.106481 0.0390625 0.0814815 0.167947
2 0.526563 0.0800926 0.0229167 0.0305556 0.220589
2 0.322396 0.0875 0.0385417 0.0361111 0.260457
2 0.423698 0.0712963 0.0171875 0.0351852 0.352696
2 0.627083 0.122222 0.0260417 0.0537037 0.390305
2 0.473177 0.108796 0.0348958 0.0453704 0.419461
2 0.407813 0.0694444 0.025 0.0388889 0.56591
2 0.50625 0.104167 0.0416667 0.062037 0.657988
2 0.31849 0.120833 0.0505208 0.0712963 0.721743
10 0.204167 0.316667 0.0166667 0.0703704 0.789307
11 0.729427 0.0430556 0.0265625 0.0564815 0.796481
2 0.729948 0.418981 0.122396 0.173148 0.911039
