9 0.109896 0.024537 0.0114583 0.0361111 0.00100542
2 0.208073 0.113889 0.0369792 0.0388889 0.00103689
9 0.254687 0.0861111 0.0177083 0.0351852 0.00105643
11 0.240104 0.0328704 0.021875 0.062037 0.00107076
9 0.570833 0.0319444 0.0135417 0.0583333 0.00108103
9 0.995573 0.528704 0.0078125 0.0407407 0.00108834
13 0.99375 0.519444 0.0114583 0.168519 0.00117666
12 0.701823 0.163889 0.0223958 0.037037 0.0011917
0 0.0122396 0.393981 0.0244792 0.121296 0.00120805
2 0.2625 0.106944 0.009375 0.0472222 0.00126971
7 0.984635 0.524537 0.0296875 0.20463 0.00127925
9 0.277865 0.0435185 0.0380208 0.0814815 0.00128158
2 0.230208 0.10787 0.0302083 0.0435185 0.00128666
2 0.748438 0.547222 0.492708 0.374074 0.00130984
9 0.76901 0.0425926 0.0192708 0.0833333 0.00131773
2 0.53099 0.113426 0.0130208 0.0416667 0.0013209
9 0.115365 0.0226852 0.0161458 0.037963 0.00142632
12 0.995313 0.490278 0.00833333 0.119444 0.00144835
2 0.53724 0.112963 0.00989583 0.0425926 0.00150834
11 0.222656 0.0680556 0.0484375 0.0564815 0.00158192
2 0.239323 0.10787 0.0171875 0.037963 0.00168207
58 0.96901 0.492593 0.0317708 0.0962963 0.00169911
2 0.405729 0.110185 0.272917 0.0814815 0.00190986
13 0.984896 0.522222 0.0291667 0.181481 0.00198119
9 0.502083 0.760648 0.0125 0.0527778 0.00202355
2 0.574479 0.109722 0.246875 0.0694444 0.00208577
2 0.817708 0.233333 0.00833333 0.0425926 0.00213213
9 0.429427 0.0421296 0.00885417 0.0212963 0.00215171
0 0.817708 0.233796 0.00833333 0.0435185 0.00227168
9 0.209635 0.0662037 0.0244792 0.0490741 0.00233998
58 0.922135 0.181481 0.154687 0.361111 0.00240737
9 0.457812 0.0666667 0.00625 0.0277778 0.0024265
2 0.0046875 0.3875 0.009375 0.130556 0.0024414
7 0.278906 0.0680556 0.0390625 0.128704 0.00267756
0 0.709115 0.372685 0.0192708 0.0268519 0.0028938
9 0.416667 0.0162037 0.0177083 0.0305556 0.00295194
0 0.595833 0.565741 0.0625 0.0518519 0.00305604
2 0.782031 0.100463 0.0359375 0.0490741 0.00308613
7 0.221615 0.0587963 0.0526042 0.0972222 0.00324251
9 0.269792 0.0462963 0.0208333 0.0444444 0.00340764
2 0.775781 0.110648 0.0213542 0.025 0.0034697
9 0.217708 0.0560185 0.025 0.0453704 0.0037503
2 0.479167 0.108796 0.05625 0.0601852 0.00380181
2 0.0130208 0.394907 0.0260417 0.110185 0.00444934
9 0.994531 0.493519 0.00989583 0.127778 0.00447934
2 0.0117188 0.36713 0.0234375 0.0416667 0.00466747
2 0.442708 0.0865741 0.0135417 0.025 0.00469625
9 0.269792 0.0236111 0.0197917 0.0342593 0.00475664
2 0.21901 0.137037 0.0578125 0.0518519 0.00557784
0 0.635417 0.146759 0.009375 0.0527778 0.00563722
2 0.634896 0.137963 0.0114583 0.0518519 0.00701682
9 0.442708 0.0865741 0.0135417 0.025 0.00710353
12 0.691927 0.165278 0.00885417 0.0398148 0.00756898
7 0.213802 0.0625 0.0338542 0.0583333 0.00773237
0 0.57474 0.568056 0.0359375 0.0453704 0.00828481
11 0.23724 0.0671296 0.0171875 0.0416667 0.00828506
9 0.757552 0.0736111 0.0119792 0.0416667 0.00840291
11 0.606771 0.0606481 0.0104167 0.025 0.0095632
0 0.633594 0.567593 0.0317708 0.0444444 0.00988694
9 0.220833 0.087963 0.0104167 0.0166667 0.0104946
2 0.271615 0.109722 0.0151042 0.0398148 0.0112223
1 0.809115 0.32963 0.0223958 0.0962963 0.0120501
2 0.593229 0.126852 0.0166667 0.0203704 0.0148831
2 0.363281 0.0666667 0.0119792 0.0240741 0.02031
2 0.238281 0.140741 0.0182292 0.0407407 0.0222062
2 0.786719 0.0888889 0.0171875 0.0259259 0.027108
9 0.567708 0.0476852 0.00833333 0.0231481 0.0277339
0 0.00442708 0.397222 0.00885417 0.107407 0.0563089
2 0.463021 0.110648 0.0145833 0.0416667 0.0932682
2 0.322917 0.0888889 0.0375 0.0314815 0.178982
2 0.479688 0.108796 0.0239583 0.0453704 0.242825
2 0.297135 0.10463 0.0307292 0.0685185 0.288053
2 0.50651 0.103704 0.0411458 0.062963 0.424164
2 0.627604 0.122222 0.0260417 0.0518519 0.430544
7 0.50651 0.103704 0.0421875 0.0648148 0.47065
10 0.203906 0.316204 0.0161458 0.0712963 0.616234
2 0.31875 0.121296 0.0510417 0.0722222 0.675846
11 0.729427 0.0435185 0.0265625 0.0574074 0.740563
2 0.729948 0.418981 0.122396 0.173148 0.90182
2 0.600781 0.616667 0.161979 0.231481 0.92505
