2 0.876562 0.1125 0.0572917 0.0509259 0.00101406
7 0.789323 0.0643518 0.0276042 0.062037 0.00102619
2 0.403385 0.130093 0.0223958 0.037963 0.00102665
0 0.757031 0.373611 0.0203125 0.0324074 0.0010407
2 0.892708 0.191204 0.090625 0.206481 0.00108097
2 0.815365 0.0689815 0.0161458 0.012037 0.00112384
0 0.714063 0.37037 0.021875 0.0277778 0.0011713
9 0.293229 0.0541667 0.009375 0.0361111 0.00120914
2 0.27474 0.112037 0.0213542 0.0574074 0.0012725
2 0.79349 0.0865741 0.0494792 0.0361111 0.00129169
12 0.976302 0.499074 0.0453125 0.127778 0.00134189
2 0.813542 0.0763889 0.0208333 0.0194444 0.00135093
0 0.263281 0.103241 0.00885417 0.0527778 0.00138185
2 0.638542 0.123611 0.0489583 0.062037 0.001433
2 0.636198 0.143519 0.0223958 0.0592593 0.00150703
2 0.780469 0.113889 0.0307292 0.037037 0.00153302
9 0.263542 0.087037 0.009375 0.0351852 0.0015983
2 0.294792 0.102315 0.09375 0.0953704 0.00161796
1 0.0302083 0.153241 0.059375 0.0861111 0.00170645
2 0.0119792 0.125 0.0239583 0.0351852 0.00173843
2 0.363542 0.0675926 0.0114583 0.0185185 0.00178466
0 0.746875 0.126389 0.0197917 0.0231481 0.00184656
12 0.69974 0.1625 0.0223958 0.0435185 0.00193369
2 0.375781 0.125463 0.0380208 0.0305556 0.00193475
2 0.655469 0.135648 0.0848958 0.0842593 0.00205176
2 0.789844 0.102315 0.0505208 0.0601852 0.0021622
11 0.236979 0.0666667 0.0166667 0.0388889 0.00218781
32 0.454167 0.314352 0.00833333 0.0138889 0.00227612
9 0.5 0.602315 0.0145833 0.0398148 0.00230675
2 0.390365 0.12963 0.0432292 0.0351852 0.00248747
58 0.96849 0.495833 0.0307292 0.0898148 0.00271787
2 0.677344 0.116204 0.124479 0.0768519 0.00287931
2 0.60599 0.0592593 0.00989583 0.0259259 0.00296131
2 0.442187 0.0865741 0.0135417 0.0268519 0.00313637
9 0.275781 0.0574074 0.0369792 0.111111 0.00358695
2 0.413802 0.109722 0.295312 0.0712963 0.00360304
9 0.99375 0.493519 0.0114583 0.122222 0.00363047
0 0.267708 0.099537 0.0114583 0.0546296 0.00368793
9 0.361979 0.0699074 0.009375 0.025 0.00382573
13 0.990365 0.521759 0.0182292 0.178704 0.0041431
12 0.99401 0.49537 0.0109375 0.127778 0.00427269
1 0.0130208 0.390278 0.0260417 0.121296 0.00451335
9 0.574479 0.0310185 0.0166667 0.0601852 0.00491586
7 0.975 0.527315 0.0489583 0.20463 0.00538996
9 0.220313 0.087963 0.0114583 0.0185185 0.00653505
2 0.446615 0.113426 0.0255208 0.0324074 0.00666787
2 0.6 0.110648 0.295833 0.062037 0.00675601
2 0.646875 0.151389 0.0322917 0.0638889 0.0069809
0 0.75625 0.123148 0.015625 0.0277778 0.00733353
13 0.970312 0.531018 0.0583333 0.191667 0.00792045
0 0.75625 0.0814815 0.0135417 0.0574074 0.00807635
2 0.238802 0.140278 0.0192708 0.0416667 0.00808435
2 0.0135417 0.391667 0.0270833 0.12037 0.00826846
2 0.786458 0.0884259 0.0166667 0.0268519 0.00844726
0 0.635156 0.149074 0.00989583 0.0555556 0.00976191
9 0.208073 0.0671296 0.0223958 0.0472222 0.0097954
12 0.692969 0.163426 0.00989583 0.0398148 0.0106199
2 0.271094 0.110185 0.0140625 0.0388889 0.0122888
5 0.221094 0.0648148 0.0484375 0.0611111 0.0128803
9 0.502344 0.759722 0.0130208 0.0564815 0.0136607
9 0.442187 0.0865741 0.0125 0.0268519 0.0143848
1 0.0046875 0.390278 0.009375 0.119444 0.014824
7 0.220573 0.0685185 0.0494792 0.0685185 0.0162539
2 0.286719 0.112963 0.0171875 0.0740741 0.0185399
9 0.567187 0.0481481 0.00833333 0.0240741 0.0194691
2 0.634896 0.146759 0.0114583 0.0546296 0.0292928
2 0.488281 0.107407 0.0151042 0.05 0.037016
2 0.0046875 0.400926 0.009375 0.101852 0.0476177
9 0.26901 0.0361111 0.0223958 0.0685185 0.0545108
2 0.298698 0.108333 0.0401042 0.0833333 0.117966
7 0.297135 0.106481 0.0390625 0.0833333 0.126744
2 0.464583 0.109722 0.0177083 0.0453704 0.142495
2 0.322656 0.0856481 0.0380208 0.0361111 0.342429
2 0.47526 0.108796 0.0328125 0.0453704 0.38817
2 0.627083 0.121296 0.0260417 0.0518519 0.47455
10 0.204167 0.315741 0.015625 0.0722222 0.616222
2 0.505208 0.103704 0.04375 0.062963 0.6437
2 0.31849 0.122222 0.0515625 0.0685185 0.752831
11 0.729167 0.0430556 0.028125 0.0564815 0.810101
2 0.385417 0.149074 0.0552083 0.0759259 0.845664
2 0.379427 0.274074 0.0880208 0.122222 0.889202
2 0.746094 0.190278 0.128646 0.112037 0.909017
2 0.729948 0.419444 0.122396 0.17037 0.911876
