2 0.0291667 0.0680556 0.0197917 0.0212963 0.00101124
12 0.986458 0.519444 0.0260417 0.174074 0.0010212
1 0.0145833 0.45463 0.0291667 0.222222 0.00104491
1 0.0307292 0.175463 0.028125 0.0527778 0.00105054
0 0.483594 0.223611 0.404687 0.319444 0.00106435
0 0.374479 0.559259 0.686458 0.451852 0.00111271
1 0.0544271 0.158333 0.0661458 0.0740741 0.0011224
26 0.0859375 0.388426 0.0322917 0.0787037 0.00121322
0 0.703906 0.513426 0.585938 0.365741 0.00121361
2 0.276563 0.110648 0.0270833 0.0638889 0.00122193
2 0.455208 0.557407 0.769792 0.42037 0.00124865
1 0.0825521 0.406019 0.0484375 0.126852 0.0012595
0 0.244792 0.104167 0.00833333 0.0361111 0.00126383
0 0.757031 0.373148 0.0213542 0.0351852 0.00128104
9 0.440625 0.20787 0.0145833 0.0564815 0.00133989
1 0.0367187 0.150463 0.0734375 0.113889 0.00137428
2 0.527604 0.114815 0.242708 0.0777778 0.00142118
1 0.121094 0.440278 0.109896 0.0953704 0.00142552
2 0.657292 0.125926 0.0854167 0.0592593 0.00149264
58 0.968229 0.511111 0.0510417 0.133333 0.00154657
9 0.995052 0.526389 0.00885417 0.0453704 0.00164204
2 0.771094 0.108796 0.0161458 0.0287037 0.0017006
1 0.0554687 0.438889 0.110937 0.107407 0.0017678
7 0.285156 0.0912037 0.110937 0.115741 0.00197355
58 0.923437 0.183796 0.153125 0.362037 0.00198795
0 0.729948 0.372222 0.0296875 0.0296296 0.00198824
2 0.264323 0.100926 0.00885417 0.0537037 0.00200738
0 0.376563 0.527315 0.0354167 0.0527778 0.00204177
0 0.186719 0.109259 0.0078125 0.05 0.00206207
2 0.23776 0.139815 0.0192708 0.0425926 0.00212507
9 0.415365 0.0111111 0.0161458 0.0222222 0.00214711
7 0.236719 0.0675926 0.0171875 0.0425926 0.00231914
2 0.776823 0.104167 0.0276042 0.0398148 0.00249897
0 0.263281 0.0921296 0.00989583 0.0509259 0.00257542
1 0.0260417 0.35787 0.0520833 0.0398148 0.00285087
7 0.970052 0.530093 0.0588542 0.20463 0.00296741
58 0.967969 0.493981 0.0307292 0.0824074 0.00297205
0 0.435156 0.546296 0.0401042 0.0259259 0.00318619
0 0.361458 0.534722 0.0208333 0.037963 0.00319687
1 0.0278646 0.4 0.0557292 0.107407 0.00339682
13 0.969271 0.566667 0.05625 0.0722222 0.00344467
2 0.381771 0.10463 0.210417 0.0814815 0.00347525
2 0.29401 0.0527778 0.00885417 0.0333333 0.00354984
13 0.99401 0.519444 0.0109375 0.17037 0.00357386
1 0.00625 0.433796 0.0125 0.162037 0.00360839
2 0.25599 0.0861111 0.0223958 0.0407407 0.00374592
1 0.0226563 0.165741 0.0453125 0.0814815 0.00378053
2 0.60599 0.0597222 0.00989583 0.0287037 0.0038779
1 0.0111979 0.353704 0.0223958 0.0537037 0.00419768
2 0.32474 0.0518519 0.0338542 0.0444444 0.00421109
2 0.789323 0.0865741 0.0182292 0.0231481 0.00508269
0 0.298177 0.378241 0.509896 0.656482 0.00514551
0 0.75651 0.0680556 0.0109375 0.0435185 0.00515407
13 0.985677 0.518519 0.0276042 0.175926 0.00520252
9 0.217969 0.109722 0.0078125 0.0509259 0.00530754
0 0.709635 0.373611 0.0234375 0.0268519 0.00587351
13 0.961979 0.553241 0.0395833 0.0435185 0.00614803
1 0.497135 0.391204 0.0244792 0.0916667 0.00619959
13 0.970573 0.526852 0.0578125 0.196296 0.00633951
9 0.994271 0.495833 0.0104167 0.130556 0.00686468
2 0.624479 0.418519 0.34375 0.17037 0.00762869
0 0.75625 0.0875 0.0135417 0.0805556 0.00764011
9 0.566667 0.0467593 0.00833333 0.0231481 0.00853618
2 0.270312 0.062963 0.01875 0.0407407 0.00872188
0 0.354688 0.53287 0.0322917 0.0527778 0.00917019
0 0.413542 0.525463 0.0479167 0.0583333 0.010029
1 0.475781 0.420833 0.0192708 0.0453704 0.010362
2 0.286979 0.0763889 0.01875 0.0287037 0.0129585
2 0.28724 0.113426 0.0182292 0.0731481 0.0139134
7 0.222917 0.0527778 0.0583333 0.0981481 0.0145392
2 0.270833 0.108796 0.0145833 0.0398148 0.01457
0 0.634375 0.14213 0.0114583 0.0453704 0.0163533
1 0.0989583 0.43287 0.0229167 0.0768519 0.0204736
24 0.489844 0.309722 0.0192708 0.0435185 0.0223004
5 0.21224 0.0625 0.0338542 0.0601852 0.023268
0 0.434115 0.532407 0.0401042 0.05 0.0279321
7 0.211979 0.0625 0.034375 0.0601852 0.0300683
7 0.275781 0.0412037 0.0390625 0.0805556 0.034381
2 0.491667 0.106481 0.0229167 0.0518519 0.0410102
2 0.294792 0.104167 0.0322917 0.075 0.0429687
2 0.290104 0.0703704 0.0145833 0.0148148 0.0503002
2 0.461979 0.112037 0.0135417 0.0388889 0.0786859
2 0.357031 0.0652778 0.0182292 0.0231481 0.155621
2 0.317708 0.0555556 0.0208333 0.0314815 0.167514
2 0.319271 0.0856481 0.0416667 0.0324074 0.2179
1 0.0114583 0.399074 0.0229167 0.103704 0.263928
1 0.0854167 0.449074 0.034375 0.105556 0.280357
2 0.335417 0.0583333 0.0322917 0.0388889 0.339593
2 0.505469 0.102315 0.0432292 0.0638889 0.418235
2 0.626823 0.121759 0.0265625 0.0527778 0.461436
7 0.505469 0.103241 0.0432292 0.0638889 0.464841
2 0.472396 0.108796 0.0322917 0.0435185 0.484695
1 0.0804688 0.461574 0.0192708 0.0694444 0.492992
1 0.486198 0.394444 0.0296875 0.0962963 0.496972
2 0.429167 0.102315 0.0395833 0.0583333 0.654887
10 0.204167 0.313889 0.015625 0.0703704 0.747063
11 0.728646 0.0412037 0.0270833 0.0527778 0.764596
2 0.317969 0.12037 0.0515625 0.0703704 0.770023
0 0.0859375 0.402315 0.0395833 0.137963 0.824033
0 0.489844 0.343981 0.0401042 0.176852 0.82806
2 0.398177 0.613889 0.198437 0.312963 0.897738
2 0.729427 0.418519 0.123438 0.172222 0.908028
