2 0.803125 0.0759259 0.034375 0.0296296 0.00103868
9 0.558594 0.0259259 0.0255208 0.05 0.00110383
0 0.642448 0.151852 0.0234375 0.062963 0.00110891
9 0.261719 0.037037 0.0161458 0.062963 0.00121043
2 0.773438 0.114352 0.0166667 0.0287037 0.00122215
0 0.521354 0.268056 0.589583 0.45463 0.00131043
2 0.640885 0.126389 0.0526042 0.0601852 0.00131121
2 0.784115 0.0884259 0.0119792 0.0194444 0.00132614
9 0.25599 0.0810185 0.0130208 0.0472222 0.00135346
2 0.238542 0.140741 0.0197917 0.0425926 0.00143561
2 0.583594 0.105093 0.271354 0.0675926 0.00144282
9 0.4375 0.201852 0.0104167 0.0277778 0.00147855
7 0.971615 0.527315 0.0557292 0.197222 0.00154701
9 0.565885 0.0305556 0.0171875 0.0574074 0.0016353
0 0.258854 0.102315 0.01875 0.0805556 0.00165831
13 0.971354 0.526852 0.05625 0.190741 0.0017074
1 0.810677 0.339352 0.0203125 0.0990741 0.00174861
2 0.291406 0.102315 0.0942708 0.0935185 0.0017864
2 0.655469 0.139815 0.0807292 0.087037 0.00195479
2 0.407292 0.10463 0.289583 0.0777778 0.00201012
9 0.565365 0.0430556 0.00989583 0.0361111 0.00228617
2 0.792708 0.101852 0.0572917 0.0796296 0.00232877
13 0.0114583 0.36713 0.0229167 0.0416667 0.00235079
0 0.263281 0.104167 0.00885417 0.0527778 0.00236112
2 0.00572917 0.0921296 0.0114583 0.0527778 0.00245196
11 0.219792 0.0560185 0.0552083 0.0731481 0.00281094
9 0.216146 0.0601852 0.0291667 0.0518519 0.00288341
0 0.757031 0.375463 0.0192708 0.0287037 0.00289115
9 0.294271 0.05 0.0104167 0.0407407 0.00295515
12 0.701823 0.138889 0.0234375 0.087037 0.00302213
0 0.733333 0.370833 0.0333333 0.0324074 0.00318355
32 0.454688 0.314815 0.00729167 0.012963 0.0035239
2 0.796354 0.0833333 0.0302083 0.0296296 0.00366847
2 0.442448 0.0907407 0.0140625 0.0314815 0.00421531
9 0.968229 0.503241 0.028125 0.0824074 0.00421712
1 0.00885417 0.396296 0.0177083 0.112963 0.00441728
11 0.60651 0.0611111 0.00989583 0.0259259 0.00482731
2 0.265625 0.0953704 0.0104167 0.05 0.00496275
2 0.00390625 0.403241 0.0078125 0.0972222 0.00593946
13 0.0135417 0.395833 0.0270833 0.112037 0.00665009
9 0.995052 0.493981 0.00885417 0.130556 0.00673551
9 0.361979 0.0675926 0.00833333 0.0259259 0.00756102
2 0.795313 0.062963 0.0385417 0.062963 0.00758327
11 0.240885 0.0328704 0.0223958 0.0638889 0.00785225
2 0.284896 0.118519 0.0208333 0.0611111 0.00801566
9 0.50026 0.603241 0.0151042 0.037963 0.0080377
2 0.321615 0.100463 0.0463542 0.0509259 0.00882623
0 0.714063 0.371296 0.0208333 0.0259259 0.00900028
1 0.00416667 0.389352 0.00833333 0.123148 0.00919945
2 0.269792 0.111111 0.0114583 0.037037 0.00957216
9 0.976042 0.499074 0.0427083 0.127778 0.0104327
9 0.269792 0.0356481 0.0208333 0.0601852 0.01067
2 0.305729 0.0800926 0.0239583 0.0305556 0.0109458
2 0.461979 0.113889 0.0135417 0.0351852 0.0131796
19 0.442708 0.0902778 0.0135417 0.0305556 0.0145001
0 0.442708 0.0967593 0.015625 0.0435185 0.0146616
9 0.567448 0.0486111 0.00885417 0.0231481 0.0153926
0 0.75625 0.0912037 0.015625 0.0768519 0.0178689
0 0.635677 0.149537 0.00989583 0.0490741 0.0234625
2 0.288281 0.102315 0.0307292 0.0564815 0.0403136
5 0.219531 0.0671296 0.0526042 0.0546296 0.0773105
9 0.502865 0.760648 0.0119792 0.0527778 0.105908
2 0.627865 0.121759 0.0244792 0.0509259 0.190613
2 0.294792 0.0939815 0.01875 0.0398148 0.248081
2 0.47474 0.109722 0.0338542 0.0453704 0.287367
2 0.483854 0.0680556 0.0229167 0.0342593 0.357967
2 0.323177 0.0865741 0.0380208 0.0361111 0.399154
2 0.50651 0.102778 0.0421875 0.0648148 0.579484
11 0.729948 0.0435185 0.0276042 0.0592593 0.742529
2 0.318229 0.121296 0.0510417 0.0703704 0.769368
10 0.204167 0.316204 0.0166667 0.0712963 0.820869
2 0.536458 0.220833 0.0729167 0.102778 0.896819
2 0.729948 0.419444 0.122396 0.172222 0.913895
