2 0.423438 0.123611 0.025 0.0268519 0.00103579
2 0.238542 0.136111 0.01875 0.0444444 0.00107538
11 0.239844 0.0347222 0.0203125 0.0657407 0.00110593
0 0.748438 0.101852 0.0354167 0.1 0.00112511
9 0.548177 0.0518519 0.0109375 0.0222222 0.00134401
13 0.9625 0.552778 0.040625 0.0388889 0.00134492
2 0.388542 0.121296 0.025 0.0277778 0.00135579
9 0.363542 0.0666667 0.0125 0.0203704 0.00136575
9 0.453646 0.313889 0.00833333 0.0148148 0.00142521
11 0.236719 0.0662037 0.0171875 0.0398148 0.00145753
0 0.729688 0.371759 0.0302083 0.0287037 0.00151798
9 0.977604 0.500463 0.04375 0.139815 0.0015404
1 0.0114583 0.367593 0.0229167 0.0481481 0.00158895
2 0.409896 0.111574 0.2875 0.0842593 0.00171243
2 0.592448 0.125 0.0182292 0.0259259 0.00177416
2 0.416406 0.118981 0.0151042 0.025 0.00182047
11 0.739323 0.0712963 0.0161458 0.0277778 0.00191978
9 0.458333 0.0657407 0.009375 0.0277778 0.00209477
0 0.75599 0.374537 0.0203125 0.0305556 0.00215793
2 0.0130208 0.4 0.0260417 0.111111 0.00227674
2 0.278906 0.114815 0.0317708 0.0666667 0.00228071
9 0.502344 0.759259 0.0119792 0.0555556 0.00228681
58 0.96849 0.491667 0.0307292 0.0962963 0.0022994
2 0.408333 0.119907 0.0145833 0.0268519 0.00236864
2 0.78724 0.0828704 0.0151042 0.0212963 0.00241422
2 0.351042 0.119907 0.0166667 0.0342593 0.00257056
9 0.571875 0.0314815 0.015625 0.0592593 0.00261648
2 0.403646 0.112963 0.0177083 0.037037 0.00316893
0 0.00416667 0.406944 0.00833333 0.0916667 0.00327824
2 0.442708 0.0884259 0.015625 0.0305556 0.00337
13 0.992969 0.515741 0.0130208 0.172222 0.00361283
9 0.269271 0.0486111 0.0197917 0.0416667 0.00362111
13 0.970833 0.568519 0.0572917 0.0777778 0.00367837
7 0.970833 0.521759 0.0572917 0.191667 0.00408495
5 0.21276 0.0611111 0.0328125 0.0537037 0.00418245
7 0.220313 0.0643518 0.0489583 0.0527778 0.00426282
9 0.292708 0.0537037 0.0104167 0.0425926 0.00433642
0 0.265885 0.0990741 0.0109375 0.0555556 0.00473852
2 0.453385 0.106019 0.0390625 0.0509259 0.0052089
0 0.716146 0.370833 0.0239583 0.0268519 0.0052293
2 0.00416667 0.410648 0.00833333 0.0898148 0.00544864
13 0.971094 0.517593 0.0567708 0.175926 0.00561707
0 0.288802 0.108796 0.0223958 0.0787037 0.00585718
9 0.269531 0.0189815 0.0203125 0.0324074 0.00595163
2 0.291667 0.0703704 0.0114583 0.0148148 0.00648162
2 0.00494792 0.558796 0.00989583 0.0416667 0.00786372
9 0.213802 0.0597222 0.0307292 0.0490741 0.00797716
7 0.275781 0.062963 0.0401042 0.124074 0.00834658
1 0.0114583 0.393981 0.0229167 0.113889 0.00855324
9 0.993229 0.501852 0.0125 0.144444 0.00865091
2 0.605469 0.0592593 0.00989583 0.0259259 0.00903969
2 0.785156 0.0907407 0.0140625 0.0185185 0.0106536
7 0.285417 0.102315 0.03125 0.0935185 0.0111076
9 0.442969 0.0851852 0.0119792 0.0222222 0.0145354
2 0.296094 0.121759 0.0276042 0.0638889 0.0156664
2 0.488281 0.106944 0.0119792 0.0509259 0.0168673
0 0.75625 0.0907407 0.015625 0.0833333 0.0197501
9 0.21849 0.102315 0.00885417 0.0361111 0.0233837
2 0.286719 0.121296 0.0161458 0.0611111 0.027118
9 0.566927 0.0472222 0.00885417 0.0240741 0.029098
0 0.634115 0.148148 0.0119792 0.0574074 0.0454283
9 0.219271 0.0921296 0.009375 0.0175926 0.0533979
2 0.465104 0.111574 0.0145833 0.037963 0.0767367
2 0.50625 0.103704 0.0416667 0.0648148 0.155574
2 0.446615 0.11713 0.0244792 0.025 0.161385
2 0.479948 0.109722 0.0192708 0.0435185 0.169273
2 0.626823 0.12037 0.0255208 0.0481481 0.278016
2 0.321875 0.0856481 0.0375 0.0361111 0.28134
7 0.50651 0.104167 0.0421875 0.0638889 0.458918
11 0.729167 0.0412037 0.0270833 0.0509259 0.746055
2 0.317187 0.120833 0.0520833 0.0694444 0.753857
2 0.515365 0.201389 0.0786458 0.121296 0.773149
2 0.382812 0.143056 0.0604167 0.0972222 0.807741
10 0.204167 0.314352 0.015625 0.0712963 0.819683
2 0.729688 0.418519 0.122917 0.174074 0.908285
