10 0.774219 0.124074 0.0192708 0.0462963 0.00102321
2 0.23776 0.141204 0.0192708 0.0416667 0.00104871
11 0.746094 0.0532407 0.0630208 0.102778 0.00106263
9 0.236719 0.0648148 0.0161458 0.037037 0.00114241
7 0.23724 0.0662037 0.0161458 0.037963 0.0011894
9 0.56224 0.0481481 0.0182292 0.0259259 0.00120242
7 0.794531 0.0615741 0.0369792 0.0583333 0.0012562
13 0.00364583 0.410648 0.00729167 0.0768519 0.00130341
12 0.692969 0.161111 0.0078125 0.0407407 0.00132407
9 0.36224 0.0449074 0.00989583 0.0305556 0.00133198
2 0.579687 0.425926 0.786458 0.185185 0.00139909
9 0.547656 0.0513889 0.00989583 0.0231481 0.00140779
11 0.739062 0.0648148 0.015625 0.0259259 0.00154258
9 0.429427 0.0402778 0.00885417 0.025 0.00166172
2 0.640365 0.125926 0.0526042 0.0592593 0.00169134
0 0.522917 0.278241 0.588542 0.465741 0.00171989
2 0.81224 0.0731481 0.0171875 0.0222222 0.00172815
2 0.00364583 0.414815 0.00729167 0.0722222 0.00185091
2 0.240365 0.100926 0.0140625 0.0333333 0.0019354
0 0.263021 0.099537 0.009375 0.0583333 0.00199866
5 0.227083 0.0800926 0.0375 0.0712963 0.00204383
9 0.415625 0.012963 0.0166667 0.0259259 0.0021074
9 0.360677 0.0643518 0.00989583 0.0212963 0.00234309
9 0.258854 0.0810185 0.0125 0.0546296 0.00235389
2 0.442187 0.108333 0.173958 0.0703704 0.00258825
2 0.791146 0.0814815 0.0229167 0.0222222 0.00259832
2 0.422656 0.107407 0.342187 0.0851852 0.00260642
1 0.00416667 0.386574 0.00833333 0.125 0.00266894
12 0.702344 0.138889 0.0234375 0.0851852 0.00281224
0 0.361979 0.0680556 0.009375 0.0268519 0.00285726
5 0.214844 0.0597222 0.0359375 0.0564815 0.00294491
2 0.285937 0.116667 0.015625 0.0685185 0.00308967
9 0.253385 0.0884259 0.0151042 0.0398148 0.00332844
0 0.28151 0.0875 0.00677083 0.0268519 0.00339286
9 0.207292 0.0662037 0.01875 0.0398148 0.00339711
9 0.266146 0.0949074 0.0104167 0.0490741 0.00342708
0 0.758073 0.375926 0.0171875 0.0277778 0.00361565
0 0.731771 0.372222 0.0291667 0.0277778 0.00379139
9 0.261198 0.0412037 0.0140625 0.0583333 0.00392233
2 0.592188 0.126389 0.01875 0.025 0.00397648
9 0.292448 0.0657407 0.00989583 0.0222222 0.00401741
0 0.758854 0.0689815 0.00833333 0.0435185 0.00430159
9 0.984896 0.494444 0.0177083 0.116667 0.00436248
2 0.269531 0.108333 0.0119792 0.0407407 0.00442958
7 0.219271 0.0648148 0.0489583 0.0685185 0.00464313
0 0.778125 0.6625 0.0677083 0.160185 0.00473224
7 0.971094 0.527315 0.0567708 0.200926 0.00530919
0 0.757552 0.0898148 0.0119792 0.0851852 0.00537052
9 0.964844 0.501389 0.0223958 0.075 0.00542306
9 0.220833 0.103241 0.0135417 0.037963 0.00552096
2 0.442708 0.0884259 0.0135417 0.0287037 0.00567207
9 0.263021 0.0916667 0.00833333 0.0444444 0.00615297
9 0.994792 0.515741 0.009375 0.162963 0.00655115
9 0.563802 0.0310185 0.0223958 0.0583333 0.00732976
32 0.454427 0.313426 0.0078125 0.0157407 0.00818728
11 0.60625 0.0601852 0.009375 0.0259259 0.00868211
9 0.442708 0.087963 0.0135417 0.0277778 0.00921678
2 0.785937 0.0893519 0.0166667 0.0212963 0.00995561
0 0.715104 0.370833 0.021875 0.025 0.0112432
0 0.442448 0.0972222 0.0161458 0.0481481 0.0120151
0 0.634896 0.140741 0.0114583 0.0555556 0.012268
9 0.972917 0.501389 0.0395833 0.126852 0.012581
9 0.222656 0.0523148 0.0151042 0.0398148 0.0128093
9 0.565365 0.0416667 0.00989583 0.0388889 0.0129661
7 0.298177 0.10787 0.0369792 0.0842593 0.0129928
9 0.220573 0.0893519 0.0109375 0.0138889 0.0150238
2 0.297917 0.104167 0.0333333 0.0731481 0.015332
2 0.363802 0.0657407 0.0119792 0.0203704 0.0170157
9 0.502865 0.759259 0.0109375 0.0574074 0.021968
2 0.46276 0.111574 0.0151042 0.037963 0.0304972
9 0.269531 0.0347222 0.0223958 0.0638889 0.0315608
9 0.567187 0.0472222 0.00729167 0.0240741 0.0363068
9 0.500521 0.602778 0.0145833 0.0407407 0.0484082
2 0.322396 0.0865741 0.0385417 0.0361111 0.315442
2 0.627344 0.123611 0.0255208 0.0546296 0.411266
2 0.473698 0.109259 0.0338542 0.0444444 0.534142
2 0.505469 0.103241 0.0432292 0.0638889 0.596461
11 0.729688 0.0425926 0.0270833 0.0555556 0.662346
2 0.318229 0.121759 0.0510417 0.0694444 0.753895
10 0.204167 0.316667 0.0166667 0.0703704 0.836034
2 0.363802 0.269444 0.0890625 0.12037 0.896262
2 0.729948 0.42037 0.122396 0.172222 0.90512
