1 0.0492188 0.151852 0.0671875 0.062963 0.00101294
2 0.0169271 0.132407 0.0317708 0.0314815 0.0010672
58 0.919531 0.181944 0.160938 0.360185 0.00108866
2 0.793229 0.0875 0.0375 0.0361111 0.00109488
0 0.540104 0.301852 0.540625 0.481481 0.0011043
2 0.8125 0.0763889 0.0166667 0.0212963 0.00110509
0 0.376563 0.418981 0.04375 0.0564815 0.00113717
13 0.985417 0.521296 0.028125 0.17963 0.00114519
2 0.243229 0.109722 0.0125 0.0361111 0.00117507
32 0.453906 0.316204 0.0078125 0.0157407 0.00117798
9 0.503125 0.760185 0.0145833 0.0592593 0.00118877
0 0.728125 0.371296 0.0270833 0.0314815 0.00121257
9 0.817187 0.235185 0.00833333 0.0407407 0.00131518
9 0.758594 0.0722222 0.00989583 0.0425926 0.00133063
2 0.774479 0.116204 0.0177083 0.0361111 0.00133092
7 0.985417 0.526389 0.028125 0.208333 0.00135489
2 0.00494792 0.0907407 0.00989583 0.0388889 0.00142029
9 0.109635 0.0300926 0.0130208 0.037963 0.00149265
7 0.79401 0.0652778 0.0369792 0.0601852 0.001508
2 0.424479 0.109259 0.297917 0.0944444 0.00155357
9 0.415625 0.00972222 0.015625 0.0194444 0.00157414
0 0.438542 0.491204 0.854167 0.382407 0.00159788
2 0.655469 0.137963 0.0817708 0.0851852 0.00160913
0 0.0554687 0.121296 0.0130208 0.0537037 0.00161861
12 0.99401 0.518981 0.0109375 0.169444 0.00162294
0 0.75651 0.374074 0.0203125 0.0314815 0.00164523
0 0.567187 0.281019 0.034375 0.0324074 0.00166835
0 0.263021 0.10787 0.00833333 0.0453704 0.00175041
9 0.234896 0.0652778 0.0208333 0.0398148 0.00176782
0 0.995833 0.327315 0.00729167 0.0583333 0.00181562
2 0.550521 0.108333 0.396875 0.0722222 0.00182486
9 0.115625 0.0259259 0.0125 0.0407407 0.0019963
9 0.500521 0.602778 0.0145833 0.037037 0.00215973
2 0.363802 0.0680556 0.0119792 0.0194444 0.00218524
2 0.78151 0.103241 0.0328125 0.0509259 0.00225181
2 0.648438 0.148611 0.0375 0.0564815 0.00248348
32 0.460417 0.357407 0.0104167 0.0148148 0.00266945
9 0.26276 0.0847222 0.0078125 0.0324074 0.00278949
9 0.266927 0.1 0.0109375 0.0555556 0.00290332
9 0.994792 0.526389 0.009375 0.0527778 0.0030067
11 0.239583 0.0328704 0.0229167 0.062037 0.00306091
2 0.238802 0.14213 0.0192708 0.0398148 0.00316615
9 0.458594 0.0652778 0.0078125 0.0305556 0.00332284
9 0.469271 0.4125 0.009375 0.0231481 0.00351891
9 0.253906 0.0847222 0.0130208 0.0361111 0.00352911
2 0.443229 0.0888889 0.0145833 0.0296296 0.00356792
0 0.547917 0.277315 0.0604167 0.037963 0.00382004
7 0.148177 0.0865741 0.0661458 0.0731481 0.00392509
2 0.592448 0.125926 0.0182292 0.0259259 0.00420571
2 0.421615 0.108796 0.182812 0.0638889 0.00444425
0 0.334635 0.428241 0.0244792 0.0342593 0.00447284
11 0.23724 0.0689815 0.0171875 0.0453704 0.00494955
11 0.60651 0.0611111 0.00989583 0.0240741 0.0051162
2 0.577083 0.414815 0.613542 0.227778 0.00527587
5 0.220833 0.0685185 0.0510417 0.0574074 0.00536299
2 0.446615 0.116667 0.0255208 0.0240741 0.00541815
0 0.358333 0.426852 0.025 0.0351852 0.00561853
9 0.293229 0.0587963 0.0104167 0.0398148 0.00589051
7 0.220052 0.0685185 0.0515625 0.0611111 0.00605104
0 0.530729 0.276852 0.0260417 0.0333333 0.00614176
9 0.258073 0.0736111 0.00989583 0.0416667 0.00677256
9 0.570573 0.0324074 0.0119792 0.0574074 0.00677941
0 0.715104 0.372685 0.021875 0.0268519 0.00747348
9 0.992448 0.49537 0.0140625 0.125926 0.00939686
19 0.443229 0.087963 0.0135417 0.0277778 0.0100868
9 0.269531 0.0384259 0.0213542 0.062037 0.0118691
9 0.292969 0.0699074 0.0109375 0.0194444 0.0120584
9 0.208073 0.0675926 0.0223958 0.0425926 0.013378
2 0.338802 0.087963 0.0140625 0.0314815 0.0141785
2 0.271094 0.111574 0.0130208 0.037963 0.016613
1 0.0132813 0.373611 0.0265625 0.062037 0.0183112
9 0.584635 0.0398148 0.0130208 0.0518519 0.0227394
0 0.635677 0.148611 0.00989583 0.0472222 0.0253747
2 0.635417 0.146759 0.0114583 0.0527778 0.0259967
2 0.786458 0.0888889 0.0166667 0.0259259 0.0262052
1 0.009375 0.399537 0.01875 0.115741 0.0264311
0 0.380729 0.427778 0.028125 0.0351852 0.0329319
1 0.00390625 0.410648 0.0078125 0.087963 0.0344209
9 0.567187 0.0481481 0.00833333 0.0240741 0.0817438
2 0.461719 0.112037 0.0130208 0.0407407 0.0847226
2 0.295573 0.10787 0.0328125 0.0824074 0.0956661
7 0.298438 0.107407 0.0395833 0.0814815 0.115612
2 0.322135 0.0875 0.0380208 0.0361111 0.252802
2 0.479427 0.109722 0.0244792 0.0453704 0.31073
2 0.627865 0.123148 0.0255208 0.0518519 0.338591
2 0.50651 0.105093 0.0421875 0.062037 0.463742
11 0.729167 0.0430556 0.0270833 0.0546296 0.681239
2 0.31849 0.121296 0.0505208 0.0722222 0.707192
10 0.203646 0.316204 0.0166667 0.0712963 0.796275
2 0.548437 0.322685 0.114583 0.167593 0.907142
2 0.729948 0.419444 0.122396 0.172222 0.915411
2 0.360417 0.469907 0.132292 0.182407 0.93301
