2 0.655208 0.15 0.0541667 0.0611111 0.00107227
12 0.702604 0.216204 0.0208333 0.234259 0.00107772
0 0.730469 0.372222 0.0265625 0.0277778 0.0010811
2 0.590885 0.423611 0.684896 0.184259 0.00108961
2 0.279167 0.109259 0.03125 0.0685185 0.00121775
7 0.9875 0.520833 0.0239583 0.186111 0.00136646
0 0.75651 0.374537 0.0192708 0.0305556 0.00138697
9 0.27526 0.0412037 0.0359375 0.0805556 0.001496
2 0.463542 0.1125 0.383333 0.0842593 0.00153446
2 0.238542 0.139352 0.01875 0.0435185 0.00155133
9 0.261719 0.0486111 0.0151042 0.0416667 0.00157414
2 0.286198 0.099537 0.0859375 0.0898148 0.00169484
12 0.977344 0.5 0.0442708 0.137037 0.00169731
7 0.788021 0.0634259 0.0260417 0.0601852 0.00172134
2 0.00390625 0.409722 0.0078125 0.0824074 0.00176619
9 0.548177 0.0527778 0.0109375 0.0222222 0.0017775
0 0.458594 0.0662037 0.0109375 0.0268519 0.00191507
9 0.499479 0.602315 0.0135417 0.0398148 0.00201046
13 0.991927 0.51713 0.0151042 0.175 0.00206373
12 0.691667 0.161574 0.009375 0.0416667 0.00213409
13 0.961979 0.551852 0.0395833 0.0407407 0.00238697
0 0.754687 0.0907407 0.0135417 0.0777778 0.00248929
7 0.276563 0.0402778 0.0354167 0.0731481 0.00250497
7 0.317969 0.0699074 0.0515625 0.0694444 0.00265591
9 0.21849 0.102315 0.00885417 0.037963 0.00273159
13 0.952604 0.419907 0.0947917 0.143519 0.0028258
7 0.236719 0.0680556 0.0171875 0.0416667 0.00286523
1 0.00390625 0.40463 0.0078125 0.0944444 0.00286852
13 0.970833 0.524074 0.0572917 0.192593 0.00295479
2 0.346615 0.101389 0.0140625 0.0453704 0.00302379
7 0.292708 0.0467593 0.053125 0.0638889 0.00304611
2 0.361719 0.0680556 0.0140625 0.0342593 0.00306887
2 0.592708 0.124074 0.0177083 0.0259259 0.00309992
2 0.440625 0.107407 0.0135417 0.0537037 0.00315493
2 0.369792 0.111111 0.147917 0.0777778 0.00320238
0 0.26276 0.0912037 0.00885417 0.0435185 0.00332906
9 0.573958 0.0305556 0.015625 0.0592593 0.00339832
2 0.255208 0.0861111 0.0229167 0.037037 0.00386519
0 0.715104 0.371296 0.0239583 0.0259259 0.00391085
5 0.236458 0.0652778 0.0166667 0.037963 0.00395233
2 0.465104 0.0939815 0.0354167 0.037963 0.00401469
7 0.970312 0.524074 0.0583333 0.198148 0.00410028
2 0.784375 0.0912037 0.0114583 0.0175926 0.00442614
2 0.789844 0.087963 0.0171875 0.0203704 0.00488788
1 0.009375 0.393519 0.01875 0.112963 0.0053617
12 0.99349 0.516667 0.0119792 0.175926 0.00561939
1 0.00520833 0.373148 0.0104167 0.05 0.00588102
0 0.36276 0.0662037 0.0130208 0.0287037 0.00605768
32 0.453906 0.313889 0.00885417 0.0148148 0.00622872
9 0.992448 0.504167 0.0140625 0.149074 0.00627287
7 0.286198 0.0712963 0.0526042 0.135185 0.00709622
9 0.220313 0.0888889 0.0104167 0.0111111 0.00769321
2 0.605729 0.0592593 0.009375 0.0277778 0.00855328
0 0.267188 0.0986111 0.0104167 0.0546296 0.00903462
12 0.702344 0.137963 0.0213542 0.0888889 0.00913701
2 0.486719 0.108796 0.00989583 0.0564815 0.0101202
9 0.269792 0.0490741 0.01875 0.0388889 0.0107345
2 0.270833 0.106481 0.0135417 0.0425926 0.0125311
2 0.31224 0.0694444 0.0161458 0.0166667 0.0128206
9 0.269271 0.0300926 0.0208333 0.0564815 0.013805
1 0.0122396 0.363889 0.0244792 0.0592593 0.0140372
9 0.566927 0.0472222 0.0078125 0.0240741 0.0181351
2 0.443229 0.0898148 0.0166667 0.0314815 0.0185463
9 0.502604 0.75787 0.0135417 0.0583333 0.0197446
7 0.219271 0.0652778 0.0510417 0.0601852 0.0215943
5 0.21224 0.062963 0.0348958 0.0555556 0.0331785
0 0.442969 0.0912037 0.0161458 0.0324074 0.0364946
0 0.634375 0.14537 0.0114583 0.0537037 0.0467785
2 0.310937 0.0768519 0.0177083 0.0240741 0.0494244
7 0.29349 0.110185 0.0276042 0.0759259 0.0533839
2 0.304688 0.062963 0.0270833 0.0333333 0.0739645
7 0.303906 0.0583333 0.0286458 0.0388889 0.0836102
2 0.292188 0.112963 0.0260417 0.0759259 0.111261
2 0.321875 0.0888889 0.0385417 0.0351852 0.249893
2 0.507552 0.103241 0.0390625 0.0638889 0.340745
2 0.464323 0.110648 0.0494792 0.0675926 0.436669
7 0.464583 0.110648 0.05 0.0675926 0.437883
2 0.627083 0.121296 0.0260417 0.05 0.459334
7 0.507552 0.103241 0.0390625 0.0638889 0.461656
2 0.317969 0.121296 0.0515625 0.0703704 0.790298
11 0.728906 0.0412037 0.0276042 0.0527778 0.792715
2 0.372917 0.103241 0.0395833 0.0546296 0.794189
10 0.204167 0.314352 0.0166667 0.0675926 0.805075
2 0.729688 0.419444 0.122917 0.172222 0.904888
