2 0.0046875 0.40787 0.009375 0.0861111 0.00103625
2 0.654688 0.139815 0.078125 0.0814815 0.00109117
13 0.0130208 0.394907 0.0260417 0.113889 0.00109185
9 0.588802 0.0393519 0.0151042 0.0453704 0.00109334
2 0.796094 0.0856481 0.0276042 0.0231481 0.00115582
1 0.810677 0.327315 0.0182292 0.0861111 0.00117243
12 0.701302 0.163889 0.0213542 0.0388889 0.001184
7 0.970573 0.519907 0.0578125 0.180556 0.00123509
7 0.988281 0.518056 0.0223958 0.178704 0.00125068
2 0.28776 0.100463 0.0973958 0.0972222 0.00126924
9 0.293229 0.0527778 0.009375 0.0296296 0.00127045
2 0.22526 0.137963 0.0442708 0.0481481 0.00127586
2 0.651042 0.150926 0.0427083 0.0611111 0.00131604
2 0.771094 0.112037 0.0140625 0.0277778 0.00133195
13 0.964323 0.556944 0.0453125 0.0509259 0.00151836
9 0.36224 0.0685185 0.00885417 0.0259259 0.00155029
9 0.275521 0.037963 0.0354167 0.0722222 0.00168265
2 0.27474 0.110185 0.0223958 0.062963 0.00178179
2 0.99401 0.518981 0.0109375 0.167593 0.00178182
2 0.757292 0.118981 0.0135417 0.0361111 0.00192165
13 0.0046875 0.406019 0.009375 0.087963 0.00197012
32 0.454688 0.314352 0.00729167 0.0138889 0.00206149
13 0.970833 0.518519 0.0572917 0.17037 0.00207462
10 0.195833 0.293981 0.0333333 0.121296 0.00209491
2 0.238281 0.107407 0.0171875 0.0388889 0.00209986
2 0.776302 0.103241 0.0307292 0.0527778 0.00229993
0 0.717969 0.371759 0.0255208 0.0287037 0.00243379
2 0.25625 0.0875 0.021875 0.0398148 0.00247692
2 0.808073 0.0708333 0.0130208 0.0157407 0.00260033
0 0.757552 0.0861111 0.0130208 0.0685185 0.0026544
12 0.688802 0.169444 0.0140625 0.0314815 0.0026636
11 0.236979 0.0689815 0.0166667 0.0453704 0.00270028
12 0.692448 0.165278 0.0078125 0.037963 0.00320532
12 0.702083 0.138889 0.0229167 0.0851852 0.00333802
2 0.394271 0.115278 0.247917 0.0861111 0.00335646
2 0.554948 0.115741 0.249479 0.0796296 0.00365951
0 0.758073 0.0708333 0.00989583 0.037963 0.00389288
2 0.817187 0.231481 0.009375 0.0444444 0.00391201
0 0.995573 0.328241 0.0078125 0.0601852 0.00436318
58 0.968229 0.497222 0.0291667 0.0833333 0.00479444
2 0.442969 0.0865741 0.0161458 0.0287037 0.00481925
12 0.99401 0.50463 0.0109375 0.148148 0.00501663
0 0.263281 0.1 0.00885417 0.0574074 0.00521558
11 0.60651 0.0601852 0.00989583 0.0259259 0.00696434
2 0.270312 0.0486111 0.01875 0.0361111 0.00699777
2 0.815104 0.074537 0.0166667 0.0157407 0.00708369
9 0.502865 0.759722 0.0130208 0.0546296 0.00836573
7 0.220833 0.062963 0.0520833 0.0759259 0.00913829
2 0.269792 0.103241 0.0125 0.0509259 0.009534
2 0.265885 0.0990741 0.00989583 0.0555556 0.0101717
2 0.816927 0.0680556 0.0140625 0.0101852 0.0108011
2 0.53099 0.111111 0.0140625 0.0407407 0.0110088
9 0.269271 0.0217593 0.0197917 0.037963 0.013135
9 0.574219 0.0310185 0.0151042 0.0601852 0.0184656
2 0.30625 0.0810185 0.021875 0.0324074 0.021546
2 0.634896 0.143519 0.0104167 0.0518519 0.0244809
2 0.785677 0.0888889 0.0140625 0.0222222 0.029103
2 0.238542 0.143056 0.0177083 0.037963 0.0292337
2 0.478906 0.106944 0.0244792 0.0416667 0.0419566
5 0.220833 0.0703704 0.05 0.0685185 0.05023
9 0.567187 0.0481481 0.00729167 0.0240741 0.0788343
2 0.322135 0.0856481 0.0380208 0.0342593 0.24141
2 0.297917 0.105556 0.0354167 0.0796296 0.325518
2 0.627344 0.121759 0.0255208 0.0509259 0.511501
2 0.507552 0.10463 0.0390625 0.062963 0.555476
2 0.31849 0.120833 0.0515625 0.0712963 0.764937
10 0.203906 0.316667 0.0161458 0.0722222 0.804874
11 0.728646 0.0430556 0.0270833 0.0564815 0.808488
2 0.466406 0.117593 0.0453125 0.062963 0.808666
2 0.729948 0.418519 0.122396 0.17037 0.904106
