11 0.239583 0.0347222 0.021875 0.0657407 0.00101761
13 0.96875 0.565278 0.0541667 0.0638889 0.00103917
2 0.573958 0.127315 0.0520833 0.0305556 0.0010452
2 0.757292 0.115741 0.0114583 0.0296296 0.00107388
2 0.239323 0.106944 0.0171875 0.0416667 0.00109704
2 0.336458 0.0805556 0.021875 0.0333333 0.00113881
0 0.731771 0.371759 0.025 0.0287037 0.00117442
32 0.453906 0.314352 0.00885417 0.0157407 0.00120564
0 0.756771 0.0888889 0.0125 0.0777778 0.00122233
9 0.982292 0.498611 0.034375 0.134259 0.00122552
7 0.146354 0.0902778 0.0666667 0.0787037 0.00127949
0 0.75651 0.373611 0.0223958 0.0342593 0.00130177
0 0.231771 0.923148 0.0270833 0.151852 0.00137834
9 0.292188 0.0541667 0.0104167 0.0453704 0.0016565
9 0.261198 0.0518519 0.0130208 0.0388889 0.00166163
2 0.772396 0.114352 0.015625 0.0268519 0.00180607
9 0.176563 0.508796 0.0375 0.037963 0.00191943
0 0.26276 0.102315 0.00989583 0.0546296 0.00193754
12 0.994531 0.517593 0.00989583 0.17037 0.00200717
0 0.757031 0.0699074 0.00989583 0.0398148 0.00210556
2 0.79375 0.0865741 0.0333333 0.0305556 0.00214905
7 0.220833 0.0902778 0.0541667 0.132407 0.00216121
0 0.995573 0.330556 0.0078125 0.0462963 0.00226766
2 0.361979 0.0680556 0.009375 0.025 0.00229035
58 0.968229 0.494444 0.0291667 0.0907407 0.00234778
0 0.715885 0.371759 0.0234375 0.0268519 0.00236724
2 0.811458 0.0759259 0.01875 0.0203704 0.00239475
2 0.99375 0.516204 0.0114583 0.169444 0.00245989
9 0.23724 0.0699074 0.0151042 0.0453704 0.00251164
9 0.458333 0.0671296 0.009375 0.0268519 0.00254259
1 0.0119792 0.367593 0.0239583 0.0481481 0.00289087
9 0.570573 0.0319444 0.0130208 0.0583333 0.00295851
2 0.0138021 0.394444 0.0276042 0.111111 0.00306406
0 0.282813 0.0907407 0.00729167 0.0277778 0.0030675
9 0.252865 0.0851852 0.0140625 0.037037 0.00306869
9 0.258333 0.0768519 0.0135417 0.0481481 0.00310358
2 0.220573 0.136111 0.0546875 0.0537037 0.00325676
2 0.538542 0.1125 0.280208 0.0712963 0.00329514
2 0.64974 0.150463 0.0380208 0.0601852 0.00338527
9 0.266406 0.0958333 0.00989583 0.0509259 0.00373149
2 0.371615 0.109259 0.171354 0.0759259 0.00378024
9 0.110677 0.0259259 0.0140625 0.0351852 0.00387291
0 0.285417 0.114815 0.0135417 0.0685185 0.0038808
13 0.970833 0.522685 0.0572917 0.182407 0.00400905
2 0.26901 0.108333 0.0109375 0.0388889 0.00451819
7 0.970833 0.523148 0.0572917 0.2 0.00464512
9 0.115625 0.0236111 0.015625 0.037963 0.00473151
2 0.780729 0.101852 0.0322917 0.05 0.00515892
2 0.467448 0.109722 0.0807292 0.0564815 0.00523268
2 0.291667 0.0717593 0.0114583 0.0157407 0.00559913
9 0.267708 0.0564815 0.015625 0.0314815 0.005783
2 0.290365 0.10463 0.0192708 0.0703704 0.00603662
9 0.214062 0.0648148 0.0354167 0.0611111 0.00648847
9 0.263021 0.0865741 0.00833333 0.0361111 0.00691779
5 0.213542 0.0625 0.034375 0.0601852 0.00716372
9 0.99401 0.496296 0.0109375 0.137037 0.00750233
9 0.502344 0.758333 0.0130208 0.0555556 0.00862601
11 0.23724 0.0675926 0.0161458 0.0407407 0.00924437
7 0.213802 0.0643518 0.0359375 0.0638889 0.0093208
1 0.00963542 0.394907 0.0192708 0.110185 0.010291
2 0.592188 0.126389 0.0177083 0.0231481 0.0130242
2 0.00416667 0.405556 0.00833333 0.0888889 0.0135437
2 0.339583 0.0884259 0.0135417 0.0324074 0.0139946
2 0.489583 0.0828704 0.0229167 0.0268519 0.0152592
9 0.269271 0.0398148 0.0208333 0.0592593 0.0152853
9 0.222135 0.0550926 0.0151042 0.0435185 0.0154188
2 0.444792 0.108333 0.0145833 0.0314815 0.0198653
11 0.60599 0.0583333 0.00989583 0.0277778 0.0221315
9 0.219271 0.0884259 0.009375 0.0175926 0.022913
2 0.635156 0.15 0.0109375 0.0574074 0.0257826
9 0.269271 0.0180556 0.0197917 0.0324074 0.034484
2 0.238542 0.140741 0.0177083 0.0425926 0.035082
2 0.301042 0.100926 0.034375 0.0685185 0.0393708
2 0.786458 0.0888889 0.0166667 0.0259259 0.0430763
9 0.567187 0.0481481 0.00833333 0.0240741 0.0448457
0 0.442969 0.0888889 0.0119792 0.0314815 0.0477292
2 0.492188 0.0703704 0.0229167 0.0240741 0.0519724
2 0.461198 0.1125 0.0119792 0.0361111 0.15287
2 0.46901 0.110648 0.0234375 0.0416667 0.252803
2 0.479167 0.110648 0.0208333 0.0435185 0.266588
2 0.321875 0.0888889 0.0385417 0.037037 0.271749
7 0.50651 0.103241 0.0421875 0.0638889 0.408478
2 0.627083 0.123148 0.025 0.0555556 0.429831
2 0.50625 0.103241 0.0416667 0.0638889 0.459549
2 0.31849 0.120833 0.0515625 0.0712963 0.737156
11 0.729167 0.0435185 0.0260417 0.0555556 0.771753
10 0.204167 0.315278 0.0166667 0.0694444 0.775996
2 0.423698 0.105556 0.0348958 0.05 0.782487
2 0.729948 0.419907 0.122396 0.171296 0.900392
