7 0.989844 0.516667 0.0192708 0.181481 0.00103972
13 0.98724 0.518981 0.0244792 0.176852 0.00105458
2 0.575521 0.127315 0.053125 0.0342593 0.00113672
0 0.995573 0.332407 0.0078125 0.0518519 0.00114627
2 0.79349 0.104167 0.0557292 0.062037 0.00116811
2 0.0335938 0.107407 0.0494792 0.0574074 0.00120044
0 0.759115 0.0800926 0.0109375 0.0453704 0.00124699
9 0.29349 0.0532407 0.00885417 0.037963 0.00131122
2 0.528125 0.1 0.0197917 0.0611111 0.00137135
12 0.995573 0.531482 0.0078125 0.0333333 0.00137906
7 0.790365 0.0648148 0.0296875 0.062963 0.00139242
12 0.692708 0.165278 0.0104167 0.037963 0.00141408
2 0.65625 0.1375 0.0802083 0.0842593 0.00147433
11 0.239844 0.0342593 0.0223958 0.0666667 0.00151539
9 0.261979 0.0416667 0.0145833 0.0574074 0.00155218
9 0.458073 0.0657407 0.00677083 0.0296296 0.00173079
2 0.814323 0.0759259 0.0192708 0.0185185 0.00180252
11 0.253906 0.087963 0.0151042 0.0333333 0.00182552
2 0.44375 0.100463 0.0197917 0.0453704 0.00190862
9 0.416146 0.0101852 0.0166667 0.0203704 0.00195131
12 0.980729 0.49537 0.0364583 0.125926 0.00204534
9 0.236458 0.0634259 0.0166667 0.0342593 0.00204918
2 0.77526 0.116204 0.0203125 0.0324074 0.0020665
0 0.266406 0.099537 0.0109375 0.0546296 0.0020683
9 0.263021 0.0888889 0.00833333 0.0351852 0.00211706
2 0.649479 0.149074 0.0364583 0.0611111 0.00224411
9 0.5 0.603241 0.0145833 0.037963 0.00237491
2 0.353906 0.113426 0.0255208 0.0398148 0.00239156
0 0.757552 0.0972222 0.0151042 0.0814815 0.00260263
1 0.810417 0.332407 0.0177083 0.0851852 0.0026976
0 0.846354 0.187037 0.00729167 0.0296296 0.00274083
9 0.582812 0.0337963 0.0135417 0.0601852 0.00279212
7 0.146875 0.0912037 0.065625 0.0787037 0.00304314
11 0.60625 0.0601852 0.0104167 0.0259259 0.00304888
9 0.570573 0.0319444 0.0130208 0.0564815 0.00308856
2 0.355208 0.101852 0.0364583 0.0611111 0.00310305
58 0.967969 0.497685 0.0276042 0.0824074 0.00324584
2 0.442969 0.087963 0.0140625 0.0296296 0.003271
9 0.109896 0.0259259 0.0125 0.0351852 0.00335981
2 0.402344 0.113889 0.232812 0.0814815 0.00367832
11 0.23724 0.0662037 0.0161458 0.0398148 0.00369338
2 0.298698 0.108333 0.0807292 0.0888889 0.00390779
2 0.568229 0.1125 0.265625 0.0638889 0.00404673
0 0.263021 0.106481 0.009375 0.0481481 0.00406599
9 0.99375 0.491667 0.0114583 0.12037 0.00503387
2 0.472396 0.112963 0.0895833 0.062963 0.00513923
0 0.758333 0.124074 0.0135417 0.0277778 0.00524512
7 0.219531 0.0671296 0.0505208 0.0601852 0.00535012
2 0.786458 0.0865741 0.0177083 0.0268519 0.0058673
5 0.219792 0.0657407 0.0489583 0.0555556 0.00596413
0 0.3625 0.0777778 0.0104167 0.0333333 0.00682121
9 0.757292 0.0819444 0.0125 0.0546296 0.00702733
2 0.270573 0.110185 0.0130208 0.0388889 0.00832054
12 0.994531 0.490278 0.00989583 0.126852 0.00863538
2 0.363281 0.0694444 0.0119792 0.0240741 0.00871011
0 0.365104 0.1125 0.0125 0.0398148 0.0091944
9 0.208854 0.0662037 0.025 0.0490741 0.0100276
2 0.634896 0.140278 0.0114583 0.0472222 0.0126055
2 0.238802 0.138889 0.0192708 0.0444444 0.0131565
9 0.442969 0.087963 0.0130208 0.0277778 0.0153021
9 0.502083 0.761111 0.0125 0.0537037 0.0217037
9 0.26901 0.0351852 0.0223958 0.0666667 0.0249139
9 0.567448 0.0481481 0.00885417 0.0240741 0.0268461
2 0.488542 0.108333 0.0135417 0.0481481 0.0485859
2 0.592448 0.129167 0.0182292 0.0212963 0.0593742
7 0.297917 0.108796 0.0385417 0.0824074 0.0972874
2 0.38125 0.106481 0.03125 0.0425926 0.105635
2 0.295573 0.109722 0.0328125 0.0805556 0.134931
2 0.525781 0.0796296 0.0244792 0.0259259 0.139849
0 0.369792 0.113889 0.009375 0.0388889 0.140372
2 0.464844 0.1125 0.0171875 0.0398148 0.221436
2 0.479688 0.109722 0.0208333 0.0453704 0.31793
2 0.322396 0.0851852 0.0364583 0.0333333 0.350304
2 0.627604 0.121759 0.025 0.0546296 0.367856
2 0.50599 0.104167 0.0421875 0.0638889 0.545257
10 0.204167 0.315278 0.015625 0.0731481 0.724086
2 0.31901 0.122222 0.0505208 0.0703704 0.75358
11 0.729167 0.0439815 0.0270833 0.0564815 0.779641
2 0.393229 0.125463 0.0489583 0.0731481 0.85074
2 0.729948 0.419907 0.122396 0.171296 0.902263
2 0.746354 0.190741 0.128125 0.111111 0.903465
