2 0.475 0.112037 0.407292 0.0944444 0.00100329
2 0.275781 0.110185 0.0234375 0.0611111 0.00101942
2 0.296094 0.125463 0.0203125 0.0657407 0.00102429
2 0.283333 0.074537 0.0260417 0.0342593 0.00104344
0 0.817448 0.237963 0.0078125 0.0314815 0.00112397
58 0.964844 0.494444 0.0213542 0.0814815 0.0011936
7 0.993229 0.521296 0.0125 0.175926 0.00121844
9 0.415625 0.0115741 0.0166667 0.0231481 0.00125005
2 0.972656 0.513426 0.0526042 0.162037 0.00130835
7 0.219792 0.0875 0.0541667 0.121296 0.00131449
2 0.238021 0.139815 0.0197917 0.0425926 0.00136306
5 0.236198 0.0666667 0.0171875 0.0425926 0.00138517
0 0.18724 0.110185 0.00677083 0.0425926 0.00145318
7 0.455729 0.108333 0.373958 0.1 0.00147585
7 0.289583 0.1 0.078125 0.0981481 0.00147779
2 0.478125 0.115278 0.0114583 0.0453704 0.00150972
0 0.296354 0.311574 0.0197917 0.0361111 0.00152181
9 0.361979 0.0689815 0.00833333 0.0268519 0.00154511
2 0.577604 0.419907 0.715625 0.187963 0.00160176
0 0.254687 0.305556 0.0177083 0.037037 0.00172761
0 0.38724 0.324537 0.0182292 0.0305556 0.00177415
11 0.236719 0.0685185 0.0171875 0.0444444 0.00180996
9 0.976562 0.498148 0.0447917 0.127778 0.00183556
13 0.967188 0.565278 0.0510417 0.0657407 0.00197365
12 0.701302 0.164815 0.0192708 0.037037 0.00197642
9 0.502344 0.758796 0.0119792 0.0546296 0.00207353
0 0.276823 0.310648 0.0203125 0.037963 0.00237307
2 0.458594 0.0925926 0.0401042 0.0648148 0.00238618
13 0.99349 0.518519 0.0119792 0.17037 0.0025276
0 0.317448 0.303704 0.0244792 0.0425926 0.00257247
0 0.263542 0.101389 0.00833333 0.0527778 0.00278868
12 0.692448 0.162963 0.0078125 0.0388889 0.00279127
9 0.570052 0.0319444 0.0140625 0.0583333 0.00292177
1 0.0104167 0.34213 0.0208333 0.0898148 0.00294178
1 0.0231771 0.625926 0.0463542 0.114815 0.00303166
0 0.433854 0.0875 0.009375 0.0194444 0.00304565
12 0.701823 0.140278 0.0213542 0.0861111 0.00305616
2 0.291927 0.0694444 0.0109375 0.0185185 0.00325494
0 0.339844 0.30463 0.0276042 0.0388889 0.00362782
0 0.269271 0.099537 0.0125 0.0564815 0.00384143
0 0.709896 0.374074 0.0197917 0.0259259 0.00392305
1 0.0263021 0.363889 0.0526042 0.0611111 0.00399896
9 0.269531 0.050463 0.0192708 0.0361111 0.00495679
1 0.00833333 0.675 0.0166667 0.12037 0.00510207
0 0.308073 0.308796 0.0296875 0.037963 0.0052884
10 0.203125 0.297685 0.0135417 0.0361111 0.00542767
9 0.210677 0.0648148 0.0276042 0.0462963 0.0054346
9 0.292708 0.0555556 0.00833333 0.0407407 0.00604915
13 0.970573 0.521296 0.0567708 0.175926 0.00616596
1 0.00390625 0.410648 0.0078125 0.0824074 0.0062393
7 0.971094 0.521296 0.0567708 0.190741 0.00699941
0 0.269531 0.308796 0.0213542 0.0416667 0.00806224
0 0.283594 0.0981481 0.0109375 0.0518519 0.00839377
7 0.276042 0.0643518 0.0395833 0.126852 0.00840178
2 0.778906 0.100463 0.0296875 0.0472222 0.00852703
9 0.99401 0.5125 0.0109375 0.163889 0.00905428
7 0.316146 0.108333 0.0489583 0.0833333 0.0103387
5 0.219792 0.062963 0.046875 0.0555556 0.0105196
9 0.26901 0.025 0.0213542 0.0462963 0.0112989
7 0.290885 0.10787 0.0223958 0.0805556 0.0117404
2 0.271094 0.109722 0.0130208 0.037963 0.0118656
0 0.755469 0.0902778 0.0151042 0.0805556 0.0128068
0 0.634896 0.142593 0.0114583 0.0518519 0.0132534
7 0.213021 0.062037 0.0364583 0.0574074 0.0134389
0 0.28776 0.1125 0.0192708 0.075 0.013858
9 0.218229 0.100926 0.00833333 0.0388889 0.0162888
2 0.605469 0.0592593 0.0119792 0.0277778 0.0234563
2 0.785417 0.0898148 0.0145833 0.0240741 0.0312666
9 0.566667 0.0472222 0.00833333 0.0240741 0.0330677
2 0.290885 0.1125 0.0234375 0.0731481 0.0468736
1 0.0119792 0.369907 0.0239583 0.0638889 0.0580465
9 0.21901 0.0902778 0.00885417 0.0175926 0.0626021
2 0.485156 0.0939815 0.0161458 0.0305556 0.109851
2 0.322135 0.0851852 0.0380208 0.0351852 0.351957
7 0.505469 0.103241 0.0432292 0.062037 0.414328
2 0.505469 0.103241 0.0432292 0.062037 0.426029
2 0.627083 0.12037 0.0260417 0.0518519 0.509994
1 0.00963542 0.627778 0.0192708 0.107407 0.536809
2 0.317969 0.120833 0.0505208 0.0694444 0.748486
0 0.0119792 0.591667 0.0239583 0.137037 0.753663
7 0.457031 0.0976852 0.0526042 0.0824074 0.783536
11 0.728906 0.0412037 0.0276042 0.0527778 0.813709
2 0.729427 0.418056 0.122396 0.173148 0.896437
7 0.304688 0.37037 0.219792 0.216667 0.909622
