2 0.4625 0.113889 0.0145833 0.0407407 0.00100517
7 0.147396 0.0810185 0.0645833 0.0527778 0.00100771
1 0.00494792 0.364815 0.00989583 0.0666667 0.00101898
32 0.469792 0.412963 0.0104167 0.0277778 0.00103722
9 0.768229 0.0185185 0.0166667 0.0351852 0.00103744
12 0.701042 0.165278 0.0197917 0.0361111 0.00106419
1 0.00963542 0.393056 0.0192708 0.119444 0.00111248
9 0.254687 0.087037 0.015625 0.037037 0.00113186
2 0.285677 0.0972222 0.0942708 0.0907407 0.00119846
9 0.444792 0.242593 0.0104167 0.0222222 0.0011999
2 0.570833 0.423148 0.540625 0.177778 0.00122338
0 0.538021 0.260185 0.542708 0.427778 0.00124695
0 0.541667 0.20463 0.0208333 0.037037 0.0012973
2 0.546875 0.0625 0.0114583 0.025 0.00130565
13 0.0145833 0.36713 0.0291667 0.0509259 0.00130642
2 0.684375 0.411574 0.0302083 0.134259 0.00133419
2 0.773698 0.115741 0.0171875 0.0296296 0.00137644
1 0.0143229 0.366204 0.0286458 0.0527778 0.00140814
9 0.26276 0.0884259 0.00989583 0.037963 0.00141391
2 0.65599 0.156944 0.0536458 0.0546296 0.00142514
0 0.691927 0.164352 0.00989583 0.0398148 0.00143135
9 0.571875 0.0310185 0.0145833 0.0601852 0.00146919
13 0.0145833 0.393056 0.0291667 0.113889 0.00154941
9 0.976302 0.49537 0.0453125 0.12037 0.00161049
13 0.00390625 0.401852 0.0078125 0.0944444 0.00167681
2 0.654948 0.138889 0.0807292 0.087037 0.00173643
12 0.995573 0.527778 0.0078125 0.0462963 0.00175409
32 0.460938 0.356944 0.0114583 0.0138889 0.00178535
9 0.989583 0.499074 0.0197917 0.131481 0.00189634
0 0.44375 0.0981481 0.0197917 0.0462963 0.00190866
0 0.758073 0.0865741 0.0119792 0.0731481 0.00193944
0 0.73125 0.370833 0.0395833 0.0305556 0.0020084
12 0.701823 0.133333 0.0244792 0.0722222 0.00208612
12 0.964583 0.496759 0.021875 0.0805556 0.00221524
2 0.552604 0.106481 0.230208 0.0648148 0.00223454
0 0.757812 0.374537 0.01875 0.0305556 0.00248787
9 0.257812 0.075463 0.0114583 0.0472222 0.00267798
2 0.41224 0.107407 0.285937 0.0777778 0.00312635
0 0.25599 0.123148 0.0182292 0.0740741 0.00313218
2 0.784896 0.0898148 0.0135417 0.0185185 0.00381709
9 0.36224 0.0490741 0.0109375 0.0388889 0.00392582
0 0.263021 0.108796 0.00833333 0.0490741 0.00412596
9 0.438542 0.197685 0.0125 0.0305556 0.00426674
2 0.265885 0.0962963 0.00989583 0.0481481 0.00440715
11 0.60599 0.0597222 0.00885417 0.0231481 0.00515663
2 0.532552 0.109722 0.0161458 0.0472222 0.00524021
2 0.465365 0.106944 0.108854 0.0601852 0.00537313
2 0.442708 0.087037 0.0145833 0.0277778 0.00541082
32 0.454427 0.313426 0.0078125 0.0138889 0.00672424
2 0.303385 0.0814815 0.0296875 0.0333333 0.00700733
9 0.260938 0.0351852 0.0145833 0.0648148 0.00707972
2 0.514323 0.0648148 0.0244792 0.0296296 0.00713825
2 0.592188 0.128241 0.01875 0.025 0.00714567
1 0.811458 0.336574 0.01875 0.0953704 0.00725151
2 0.26901 0.109722 0.00989583 0.0398148 0.00734224
0 0.713021 0.371759 0.021875 0.025 0.00814534
12 0.995313 0.488889 0.00833333 0.118519 0.00836959
0 0.56875 0.703704 0.170833 0.564815 0.00880632
9 0.500521 0.602778 0.015625 0.0425926 0.00937802
9 0.502083 0.760648 0.0125 0.0509259 0.00958183
9 0.361979 0.0662037 0.009375 0.0287037 0.00964983
0 0.442969 0.087037 0.0140625 0.0277778 0.00965563
12 0.973437 0.496296 0.0385417 0.12037 0.0104736
0 0.634115 0.143519 0.0130208 0.0518519 0.0126552
9 0.567187 0.0481481 0.00833333 0.0240741 0.0136742
9 0.270312 0.0263889 0.0197917 0.0472222 0.030335
2 0.291927 0.117593 0.0234375 0.062963 0.0543656
5 0.220052 0.0680556 0.0515625 0.0601852 0.110367
2 0.295312 0.0990741 0.021875 0.0407407 0.145753
2 0.627865 0.122222 0.0244792 0.0518519 0.152039
2 0.526302 0.0699074 0.0213542 0.0305556 0.297806
2 0.323438 0.0861111 0.0375 0.0351852 0.377042
2 0.473437 0.109722 0.034375 0.0453704 0.424185
2 0.50625 0.104167 0.0427083 0.0638889 0.660425
10 0.203906 0.316204 0.0161458 0.0694444 0.711019
2 0.317969 0.121759 0.0515625 0.0694444 0.767152
11 0.729688 0.0435185 0.0270833 0.0574074 0.770206
2 0.532031 0.209259 0.0703125 0.0981481 0.89225
2 0.729688 0.418056 0.121875 0.175 0.909424
