2 0.754687 0.158796 0.0125 0.0175926 0.00102388
0 0.123698 0.663426 0.221354 0.400926 0.00104094
2 0.75651 0.12037 0.0151042 0.0425926 0.00104337
7 0.275781 0.0449074 0.0338542 0.0787037 0.00104776
0 0.757031 0.127778 0.0119792 0.037037 0.00106381
0 0.757031 0.374537 0.0203125 0.0324074 0.00109388
9 0.440885 0.228241 0.0119792 0.0305556 0.00109502
2 0.533854 0.110648 0.0177083 0.0490741 0.00109785
2 0.21849 0.134722 0.0578125 0.0546296 0.00112695
9 0.414844 0.00925926 0.0140625 0.0185185 0.00113203
13 0.960938 0.556481 0.0375 0.0462963 0.00113939
2 0.570833 0.422685 0.551042 0.182407 0.00122987
2 0.798437 0.0833333 0.0395833 0.0296296 0.00123918
13 0.970833 0.518981 0.0572917 0.176852 0.00125482
9 0.221094 0.0851852 0.0130208 0.0240741 0.00126342
0 0.361979 0.0564815 0.0135417 0.037037 0.00127079
2 0.242969 0.106944 0.0151042 0.0342593 0.00130251
2 0.297656 0.106944 0.0786458 0.0898148 0.00131218
2 0.445573 0.101852 0.0223958 0.05 0.00137229
58 0.968229 0.49537 0.0302083 0.087037 0.00138862
2 0.00416667 0.474074 0.00833333 0.172222 0.00140439
0 0.729948 0.371759 0.0244792 0.0287037 0.00143136
2 0.994531 0.518519 0.00989583 0.172222 0.00146521
12 0.702083 0.129167 0.0229167 0.0657407 0.00148126
2 0.780208 0.102315 0.03125 0.0490741 0.00149192
2 0.639323 0.130093 0.0473958 0.0657407 0.00154841
2 0.771354 0.110185 0.0135417 0.0222222 0.00155423
0 0.756771 0.0731481 0.0125 0.0388889 0.00163765
9 0.429167 0.0388889 0.00833333 0.0222222 0.00164524
2 0.03125 0.106019 0.053125 0.0546296 0.00168799
9 0.50026 0.603241 0.0151042 0.037963 0.00172816
9 0.264844 0.0296296 0.0140625 0.0462963 0.00182116
2 0.816927 0.233796 0.00989583 0.0453704 0.00188907
0 0.113802 0.110648 0.00989583 0.037963 0.00195886
0 0.75599 0.0902778 0.0151042 0.0731481 0.0019628
7 0.99375 0.51713 0.0114583 0.171296 0.00200121
1 0.139323 0.765278 0.0140625 0.117593 0.00202682
11 0.220833 0.0657407 0.0510417 0.0592593 0.0022151
2 0.405208 0.110185 0.2625 0.0759259 0.00223431
2 0.830469 0.236574 0.0380208 0.0527778 0.00223967
2 0.269531 0.0587963 0.0192708 0.0324074 0.00231809
9 0.571875 0.0314815 0.0145833 0.0574074 0.00240169
9 0.269792 0.0513889 0.0197917 0.0361111 0.0025026
1 0.132292 0.775926 0.028125 0.140741 0.00252436
0 0.26276 0.107407 0.00885417 0.0444444 0.0026048
2 0.442708 0.0865741 0.0135417 0.0268519 0.00265634
7 0.788281 0.0648148 0.0244792 0.062963 0.00293269
9 0.489062 0.980093 0.015625 0.0398148 0.00297307
12 0.701563 0.165278 0.0229167 0.037963 0.00312762
0 0.995573 0.329167 0.0078125 0.0546296 0.00313629
0 0.716146 0.371296 0.0239583 0.0277778 0.00330219
2 0.647656 0.145833 0.0359375 0.0601852 0.00337002
7 0.970573 0.523611 0.0578125 0.19537 0.00337823
2 0.566146 0.109722 0.21875 0.0638889 0.00341402
9 0.217448 0.0541667 0.0244792 0.0453704 0.00361829
2 0.814062 0.075 0.0177083 0.0203704 0.00372774
9 0.994531 0.499074 0.00989583 0.137037 0.00383202
9 0.26901 0.0203704 0.0203125 0.0296296 0.00437079
12 0.361458 0.0611111 0.0114583 0.0314815 0.00441261
24 0.121615 0.633333 0.0380208 0.0611111 0.0045741
9 0.207552 0.0694444 0.0182292 0.0407407 0.00510404
9 0.361979 0.0611111 0.0114583 0.0388889 0.0061909
12 0.994531 0.5 0.00989583 0.140741 0.00626562
11 0.236979 0.0694444 0.0166667 0.0462963 0.0068099
9 0.442448 0.0865741 0.0130208 0.0268519 0.00757913
5 0.221094 0.0652778 0.0484375 0.0601852 0.00909846
11 0.60599 0.0601852 0.0109375 0.0240741 0.00952815
2 0.00364583 0.423611 0.00729167 0.0564815 0.0115778
1 0.0046875 0.397685 0.009375 0.106481 0.0125049
1 0.00963542 0.393519 0.0192708 0.116667 0.0125439
2 0.238281 0.141667 0.0182292 0.0407407 0.0139952
2 0.271615 0.10787 0.0151042 0.0416667 0.0142597
2 0.592448 0.125 0.0171875 0.0259259 0.0161327
12 0.692708 0.164815 0.00833333 0.0388889 0.0164987
1 0.0111979 0.363889 0.0223958 0.0518519 0.016556
7 0.220573 0.0648148 0.0494792 0.0648148 0.0174666
2 0.634635 0.141667 0.0119792 0.05 0.0189085
2 0.785677 0.0888889 0.0140625 0.0222222 0.0212342
9 0.502344 0.760185 0.0130208 0.0537037 0.0276357
2 0.0046875 0.556019 0.009375 0.0416667 0.03002
9 0.567187 0.0481481 0.00833333 0.0240741 0.039988
2 0.48776 0.106944 0.0140625 0.0509259 0.0517159
7 0.296875 0.106944 0.0375 0.0824074 0.103942
2 0.29401 0.107407 0.0296875 0.0814815 0.136124
2 0.46276 0.110648 0.0140625 0.0416667 0.137592
24 0.119531 0.656944 0.0328125 0.0675926 0.150765
2 0.471875 0.109259 0.03125 0.0444444 0.309608
2 0.322396 0.0875 0.0375 0.037963 0.34499
1 0.116667 0.79537 0.0395833 0.155556 0.42475
2 0.627344 0.121759 0.0255208 0.0509259 0.494492
2 0.505729 0.103704 0.0427083 0.062963 0.673189
2 0.318229 0.122222 0.0510417 0.0703704 0.745847
10 0.204167 0.315741 0.015625 0.0722222 0.759341
0 0.11875 0.723148 0.0489583 0.25 0.786814
11 0.729167 0.0430556 0.0270833 0.0564815 0.81493
2 0.729688 0.419907 0.122917 0.171296 0.900371
