0 0.257031 0.0949074 0.0223958 0.0675926 0.00100514
2 0.219792 0.12963 0.05625 0.0648148 0.00101146
32 0.453906 0.313426 0.00885417 0.0138889 0.00103088
9 0.218229 0.102778 0.00833333 0.0388889 0.00104922
11 0.226042 0.0490741 0.0416667 0.0888889 0.00110128
7 0.220052 0.0902778 0.0526042 0.123148 0.00112547
0 0.18724 0.103241 0.0078125 0.0564815 0.00112756
9 0.264323 0.0277778 0.0203125 0.0537037 0.00115373
7 0.271354 0.0310185 0.028125 0.0601852 0.00124901
7 0.7875 0.0638889 0.0229167 0.0592593 0.00126111
2 0.363542 0.0671296 0.0114583 0.0194444 0.00133879
9 0.292708 0.0550926 0.00833333 0.0361111 0.00134433
9 0.18724 0.0847222 0.00677083 0.0268519 0.00139235
58 0.96849 0.498148 0.0317708 0.0944444 0.00139512
11 0.254687 0.0865741 0.0197917 0.0398148 0.0014269
10 0.176042 0.280093 0.0135417 0.0398148 0.00143135
0 0.757031 0.374074 0.0203125 0.0314815 0.00154116
12 0.701563 0.163889 0.0229167 0.0388889 0.00158762
9 0.276042 0.037963 0.0385417 0.0740741 0.00158777
2 0.449479 0.0652778 0.0229167 0.0324074 0.00173539
7 0.970573 0.52963 0.0578125 0.209259 0.0018102
2 0.29375 0.10463 0.08125 0.0944444 0.00184788
2 0.771875 0.107407 0.015625 0.0240741 0.0018525
1 0.0114583 0.374537 0.0229167 0.062037 0.00185692
0 0.817708 0.233333 0.00833333 0.037037 0.0018666
2 0.530729 0.112963 0.0135417 0.0425926 0.00187029
2 0.814583 0.0768519 0.0166667 0.0185185 0.00187978
2 0.495573 0.1125 0.389062 0.0787037 0.00194274
2 0.653646 0.138426 0.075 0.0805556 0.0020903
13 0.0132813 0.396296 0.0265625 0.107407 0.00212589
0 0.716146 0.372222 0.0229167 0.0259259 0.00228611
9 0.99349 0.493056 0.0119792 0.125 0.00232571
2 0.270312 0.0708333 0.01875 0.0509259 0.00240374
2 0.370833 0.109722 0.178125 0.0861111 0.00254358
13 0.993229 0.518056 0.0125 0.173148 0.00263415
10 0.194792 0.293981 0.0354167 0.117593 0.00291453
2 0.467708 0.0180556 0.0197917 0.0212963 0.00328542
2 0.592448 0.124074 0.0171875 0.0277778 0.00332035
2 0.778646 0.101852 0.0291667 0.0388889 0.00332895
0 0.26276 0.0925926 0.00885417 0.05 0.0035092
7 0.276563 0.0638889 0.0385417 0.122222 0.00355456
2 0.269531 0.049537 0.0192708 0.0342593 0.00369373
9 0.21276 0.0638889 0.0328125 0.0537037 0.0037667
13 0.970573 0.524074 0.0578125 0.188889 0.00377864
11 0.239844 0.0347222 0.0203125 0.0657407 0.00384109
2 0.00416667 0.408333 0.00833333 0.0851852 0.00410319
7 0.414844 0.0638889 0.0473958 0.0462963 0.00439898
12 0.99401 0.494444 0.0109375 0.12963 0.00487469
12 0.692969 0.164815 0.00677083 0.0388889 0.00514601
9 0.573958 0.0310185 0.015625 0.0601852 0.00528694
2 0.445573 0.116204 0.0244792 0.0212963 0.00583064
13 0.961719 0.555093 0.0401042 0.0435185 0.00598317
13 0.985677 0.518981 0.0276042 0.178704 0.00649517
9 0.502083 0.760185 0.0135417 0.0555556 0.00714476
1 0.00677083 0.391667 0.0135417 0.111111 0.00718364
2 0.60625 0.0601852 0.0104167 0.0240741 0.00739099
9 0.220573 0.087963 0.0119792 0.0148148 0.00766355
11 0.23724 0.0685185 0.0161458 0.0425926 0.00780363
2 0.785937 0.0898148 0.015625 0.0240741 0.0079118
0 0.285677 0.113426 0.0151042 0.0712963 0.0100828
2 0.64974 0.149074 0.0390625 0.0574074 0.0128478
5 0.220313 0.0638889 0.0479167 0.0592593 0.0129883
2 0.271354 0.106481 0.0145833 0.0444444 0.013482
9 0.26875 0.0180556 0.0208333 0.0324074 0.0153158
2 0.238281 0.140741 0.0182292 0.0407407 0.0157102
7 0.214062 0.062963 0.0375 0.0611111 0.0169692
2 0.634375 0.144907 0.0114583 0.0509259 0.0223214
9 0.567448 0.0476852 0.0078125 0.025 0.0285134
2 0.495052 0.106481 0.0255208 0.0518519 0.0286592
0 0.442448 0.0847222 0.0119792 0.025 0.0433485
0 0.461979 0.112037 0.0114583 0.0388889 0.0716581
2 0.0046875 0.557407 0.009375 0.0388889 0.0840093
2 0.297917 0.103704 0.0354167 0.0740741 0.100189
2 0.465365 0.110648 0.0171875 0.0416667 0.121084
2 0.397917 0.0699074 0.0135417 0.0324074 0.153506
2 0.479688 0.109259 0.01875 0.0444444 0.187911
2 0.321615 0.0856481 0.0380208 0.0342593 0.285561
7 0.505729 0.102778 0.0427083 0.0648148 0.350675
2 0.505729 0.102778 0.0427083 0.0648148 0.524044
2 0.417448 0.0675926 0.0411458 0.0407407 0.534189
2 0.627083 0.122222 0.0260417 0.0518519 0.598577
2 0.317969 0.121296 0.0526042 0.0703704 0.749455
11 0.728906 0.0425926 0.0276042 0.0555556 0.783354
10 0.203906 0.315278 0.0171875 0.0712963 0.798574
2 0.729688 0.419444 0.122917 0.17037 0.891329
