2 0.850781 0.318519 0.0973958 0.112963 0.00100079
9 0.276823 0.0643518 0.0390625 0.125 0.00101983
7 0.788542 0.0634259 0.025 0.0601852 0.00102875
0 0.75651 0.374537 0.0213542 0.0342593 0.00106982
0 0.116667 0.908333 0.0375 0.161111 0.00110256
2 0.815885 0.0689815 0.0151042 0.012037 0.00113757
58 0.920313 0.186111 0.159375 0.368519 0.00114993
2 0.571615 0.421296 0.549479 0.17963 0.00120943
12 0.702083 0.139352 0.0229167 0.087963 0.00123153
1 0.00442708 0.471296 0.00885417 0.198148 0.00128519
13 0.994271 0.52037 0.0104167 0.17037 0.00142666
2 0.641667 0.151852 0.0208333 0.062963 0.00146278
0 0.442448 0.0972222 0.0171875 0.0481481 0.00154103
0 0.263542 0.104167 0.009375 0.0509259 0.00160603
13 0.970573 0.525 0.0578125 0.17963 0.00164295
2 0.655208 0.136111 0.08125 0.0851852 0.00165994
7 0.146875 0.0888889 0.065625 0.0759259 0.00166928
1 0.0286458 0.158333 0.0572917 0.0925926 0.00185877
9 0.995052 0.523148 0.00885417 0.0759259 0.00186
12 0.693229 0.163889 0.00729167 0.0388889 0.00186646
2 0.291406 0.0717593 0.0140625 0.0157407 0.00187909
9 0.264062 0.087037 0.0104167 0.0351852 0.00197299
0 0.716146 0.371759 0.0229167 0.0287037 0.00199366
58 0.967969 0.497222 0.0296875 0.0851852 0.00204062
11 0.239844 0.037037 0.0213542 0.0722222 0.00211294
2 0.414062 0.1125 0.275 0.0842593 0.00211678
13 0.986979 0.519907 0.025 0.176852 0.0021688
7 0.992969 0.518519 0.0130208 0.172222 0.00220634
2 0.363542 0.0675926 0.0114583 0.0203704 0.0025222
9 0.29349 0.0569444 0.00989583 0.0398148 0.00256158
9 0.577083 0.0328704 0.0145833 0.062037 0.00267724
2 0.458854 0.111574 0.107292 0.0675926 0.00270344
9 0.3625 0.0694444 0.009375 0.0222222 0.0027114
2 0.559635 0.111574 0.277604 0.0731481 0.0027171
0 0.215885 0.943981 0.0213542 0.108333 0.00276989
1 0.00546875 0.364815 0.0109375 0.087037 0.00287953
11 0.236979 0.0694444 0.0177083 0.0481481 0.00316702
9 0.582812 0.0351852 0.0135417 0.0574074 0.00318104
2 0.813542 0.0759259 0.0177083 0.0166667 0.003308
9 0.994271 0.509722 0.0104167 0.15463 0.00331116
11 0.60599 0.0601852 0.00989583 0.0240741 0.0033367
1 0.183854 0.559259 0.0197917 0.109259 0.00335193
9 0.502344 0.760185 0.0119792 0.0518519 0.00355528
1 0.810417 0.331019 0.01875 0.0824074 0.0036775
0 0.75625 0.112963 0.015625 0.0537037 0.00371991
7 0.971354 0.524537 0.05625 0.19537 0.0039892
9 0.415625 0.00925926 0.015625 0.0185185 0.0040881
0 0.267448 0.1 0.0119792 0.0555556 0.00417268
2 0.442708 0.0884259 0.0135417 0.0287037 0.00429418
2 0.782812 0.0990741 0.0385417 0.0481481 0.00439098
12 0.994531 0.501852 0.00989583 0.142593 0.00445657
9 0.211979 0.0662037 0.0322917 0.0527778 0.00496365
9 0.458594 0.0652778 0.00677083 0.0305556 0.00496404
1 0.0117188 0.368056 0.0234375 0.0509259 0.00527987
2 0.532031 0.112037 0.0140625 0.0444444 0.0055674
2 0.238542 0.140741 0.01875 0.0425926 0.00704307
9 0.571875 0.0310185 0.0135417 0.0583333 0.00845882
7 0.220573 0.0675926 0.0505208 0.0611111 0.0111484
1 0.215625 0.531018 0.01875 0.110185 0.0113368
2 0.635156 0.144444 0.0109375 0.05 0.0126394
2 0.271094 0.109722 0.0140625 0.037963 0.0141945
9 0.442708 0.087963 0.0125 0.0277778 0.0153207
0 0.757031 0.0842593 0.0140625 0.0740741 0.0157137
2 0.592708 0.127315 0.0166667 0.0212963 0.0161123
5 0.220573 0.0662037 0.0494792 0.0583333 0.0163463
1 0.00416667 0.419444 0.00833333 0.0685185 0.0192708
1 0.00989583 0.39537 0.0197917 0.116667 0.0198661
2 0.790365 0.087037 0.0203125 0.0240741 0.0234738
2 0.489323 0.106944 0.0151042 0.0509259 0.0331109
9 0.567187 0.0476852 0.00833333 0.0231481 0.0351473
9 0.269271 0.037037 0.0229167 0.0703704 0.0386835
7 0.297656 0.106481 0.0359375 0.0814815 0.0436038
2 0.292969 0.108333 0.0265625 0.0759259 0.0498963
24 0.198177 0.448148 0.0265625 0.0555556 0.0652273
2 0.461719 0.113426 0.0130208 0.0361111 0.0983614
24 0.207552 0.448148 0.0244792 0.0592593 0.117165
2 0.468229 0.110185 0.0239583 0.0425926 0.246325
2 0.479427 0.109259 0.0213542 0.0444444 0.258258
2 0.322917 0.0856481 0.0364583 0.0342593 0.330444
1 0.207292 0.553241 0.025 0.126852 0.377726
2 0.627083 0.121759 0.0260417 0.0527778 0.489342
2 0.505729 0.104167 0.0427083 0.062037 0.619857
2 0.31875 0.120833 0.0510417 0.0712963 0.676352
11 0.729167 0.0430556 0.0270833 0.0564815 0.804735
10 0.204167 0.315741 0.015625 0.0703704 0.808636
0 0.204948 0.501852 0.0401042 0.2 0.844817
2 0.729948 0.419907 0.122396 0.171296 0.905661
