2 0.0200521 0.158333 0.0390625 0.037037 0.00100888
7 0.990885 0.518981 0.0171875 0.180556 0.00101847
2 0.659375 0.411111 0.473958 0.203704 0.0010338
7 0.790885 0.0643518 0.0317708 0.0564815 0.00104778
0 0.263021 0.105093 0.009375 0.0509259 0.00109762
2 0.795573 0.0842593 0.0359375 0.0314815 0.00113579
13 0.9625 0.55463 0.0385417 0.0388889 0.00115196
9 0.230729 0.0680556 0.0291667 0.0472222 0.00116868
2 0.00494792 0.0902778 0.00989583 0.0361111 0.00119466
12 0.995313 0.531482 0.00833333 0.0351852 0.00124344
0 0.728646 0.372222 0.0302083 0.0333333 0.00126149
9 0.585938 0.0421296 0.0208333 0.0675926 0.00130031
2 0.363802 0.0685185 0.0119792 0.0222222 0.00132818
0 0.34974 0.577778 0.0807292 0.0611111 0.00134426
32 0.454427 0.316204 0.0078125 0.0138889 0.00135309
0 0.524479 0.226852 0.559375 0.331481 0.00136344
9 0.547656 0.0597222 0.00989583 0.025 0.00139186
9 0.260417 0.0481481 0.0125 0.0518519 0.0014286
2 0.742969 0.176852 0.0203125 0.0296296 0.0014379
2 0.817708 0.234259 0.00833333 0.0407407 0.00144919
7 0.301823 0.107407 0.0848958 0.0962963 0.00149993
2 0.99375 0.517593 0.0114583 0.168519 0.00152952
1 0.05 0.16713 0.0708333 0.0675926 0.00157056
2 0.642187 0.151389 0.0229167 0.0638889 0.00163784
13 0.971875 0.521759 0.0552083 0.176852 0.0016757
11 0.240365 0.0416667 0.0234375 0.0814815 0.00172256
9 0.361979 0.0699074 0.009375 0.0231481 0.00172901
11 0.236979 0.0699074 0.0177083 0.0453704 0.00177716
2 0.783333 0.105556 0.0375 0.0574074 0.00181703
9 0.108333 0.0300926 0.0125 0.0435185 0.00182998
9 0.817448 0.234722 0.0078125 0.037963 0.00188813
0 0.419792 0.433796 0.751042 0.793519 0.00196367
2 0.401823 0.108333 0.270312 0.0777778 0.00197405
9 0.267188 0.1 0.0114583 0.0574074 0.0019786
1 0.00390625 0.388889 0.0078125 0.0407407 0.00209192
0 0.75625 0.374074 0.0197917 0.0314815 0.00211485
9 0.26276 0.0847222 0.0078125 0.0305556 0.00230479
46 0.482031 0.490278 0.0130208 0.0268519 0.00256509
2 0.238542 0.138889 0.0197917 0.0462963 0.00257942
2 0.777344 0.111111 0.0244792 0.037037 0.00261328
2 0.66224 0.150463 0.0651042 0.0638889 0.00263291
0 0.326823 0.577315 0.0401042 0.0527778 0.00283231
9 0.29349 0.0569444 0.00989583 0.0398148 0.00288433
0 0.347656 0.575 0.0119792 0.0351852 0.00289153
2 0.570573 0.10787 0.269271 0.0657407 0.00295913
9 0.258073 0.0712963 0.00989583 0.0444444 0.00314249
0 0.757812 0.0819444 0.0114583 0.0601852 0.0035915
9 0.252604 0.0861111 0.0125 0.0333333 0.00360937
2 0.813281 0.074537 0.0171875 0.0194444 0.00373653
0 0.44349 0.0967593 0.0182292 0.0490741 0.00374018
0 0.313021 0.575926 0.034375 0.0518519 0.00400955
9 0.502344 0.758796 0.0130208 0.0583333 0.00450794
58 0.920052 0.184722 0.159896 0.365741 0.00518698
9 0.993229 0.494444 0.0125 0.12037 0.00547763
5 0.220833 0.0685185 0.0510417 0.0555556 0.00551711
9 0.570312 0.0324074 0.0125 0.0555556 0.00559509
1 0.00416667 0.409722 0.00833333 0.087963 0.0059007
1 0.00911458 0.4 0.0182292 0.112963 0.0069377
19 0.44349 0.0884259 0.0140625 0.0305556 0.00719841
12 0.99349 0.496759 0.0119792 0.126852 0.00758691
7 0.220313 0.0685185 0.0510417 0.0574074 0.00840195
0 0.54375 0.24537 0.0302083 0.0314815 0.00843075
0 0.557292 0.24537 0.0270833 0.0277778 0.00876935
11 0.606771 0.0611111 0.0104167 0.0240741 0.00895469
2 0.475781 0.10787 0.0536458 0.0546296 0.00924638
0 0.714844 0.372222 0.0234375 0.0277778 0.00927221
2 0.592969 0.125 0.0171875 0.0240741 0.00992113
2 0.339063 0.0875 0.0135417 0.0305556 0.0111843
9 0.209375 0.0680556 0.0260417 0.0435185 0.0114949
9 0.115104 0.0236111 0.0125 0.0398148 0.0148426
2 0.271615 0.111111 0.0140625 0.037037 0.0152644
0 0.53125 0.244444 0.0229167 0.0259259 0.0158961
9 0.269792 0.0375 0.021875 0.0675926 0.0162684
2 0.785677 0.0902778 0.0140625 0.0231481 0.0177774
9 0.584115 0.0407407 0.0119792 0.05 0.0260844
1 0.0127604 0.374074 0.0255208 0.0666667 0.0329974
0 0.371354 0.576852 0.0416667 0.0537037 0.0354684
0 0.635417 0.147222 0.009375 0.05 0.0483602
2 0.635156 0.145833 0.0109375 0.0509259 0.065774
2 0.297917 0.106944 0.0364583 0.0824074 0.0702514
2 0.4625 0.110648 0.0145833 0.0416667 0.105467
9 0.567187 0.0476852 0.00833333 0.0231481 0.107493
7 0.29974 0.107407 0.0401042 0.0814815 0.148931
2 0.322135 0.0884259 0.0380208 0.0342593 0.188858
2 0.480208 0.109722 0.0239583 0.0453704 0.311435
2 0.627604 0.122222 0.025 0.05 0.400506
2 0.50651 0.10463 0.0421875 0.062963 0.537976
2 0.31875 0.121296 0.05 0.0722222 0.675697
11 0.729427 0.0435185 0.0265625 0.0555556 0.74182
10 0.203646 0.316667 0.0166667 0.0703704 0.773058
2 0.542969 0.283333 0.104687 0.151852 0.898351
2 0.729948 0.418981 0.122396 0.171296 0.913298
2 0.344792 0.633333 0.160417 0.235185 0.930222
