0 0.760156 0.12037 0.00989583 0.0425926 0.00101988
2 0.228385 0.135185 0.0401042 0.0555556 0.00102987
9 0.559635 0.0513889 0.0161458 0.025 0.00104809
7 0.148438 0.0907407 0.0666667 0.0796296 0.0011021
9 0.547656 0.0592593 0.0109375 0.0259259 0.00111715
9 0.258854 0.0736111 0.0125 0.0472222 0.00112494
0 0.75625 0.124537 0.0125 0.0435185 0.00130074
9 0.768229 0.0180556 0.015625 0.0342593 0.00131479
13 0.00390625 0.404167 0.0078125 0.102778 0.00131929
2 0.96875 0.571759 0.0552083 0.075 0.00133304
9 0.273958 0.0398148 0.0333333 0.0759259 0.0014115
0 0.741667 0.37037 0.0229167 0.0314815 0.0014802
2 0.0580729 0.0694444 0.0401042 0.0259259 0.00152213
9 0.458854 0.0662037 0.00833333 0.0305556 0.00158341
0 0.729948 0.371759 0.0255208 0.0305556 0.00159776
12 0.702604 0.160648 0.0229167 0.037963 0.0016008
12 0.702604 0.133796 0.0229167 0.075 0.00165653
0 0.44349 0.0981481 0.0182292 0.0518519 0.0016716
0 0.2625 0.106944 0.009375 0.0453704 0.00168017
13 0.0132813 0.396296 0.0265625 0.118519 0.00171406
1 0.0114583 0.370833 0.0229167 0.0675926 0.0017521
5 0.220052 0.0722222 0.0515625 0.0555556 0.00175924
2 0.813281 0.0759259 0.0161458 0.0166667 0.00179466
9 0.252865 0.0861111 0.0140625 0.0333333 0.00191878
9 0.577865 0.0333333 0.0151042 0.0611111 0.00196423
9 0.26901 0.0583333 0.0171875 0.0333333 0.00206193
2 0.559115 0.114815 0.190104 0.0777778 0.00222417
2 0.244531 0.107407 0.0130208 0.0333333 0.00226361
9 0.113802 0.0259259 0.0140625 0.0407407 0.00229573
2 0.970833 0.517593 0.0583333 0.175926 0.00231082
0 0.755469 0.0958333 0.0151042 0.0842593 0.00233012
9 0.582292 0.0444444 0.0114583 0.037037 0.00246568
2 0.772396 0.112963 0.0145833 0.0240741 0.00248945
9 0.995313 0.531482 0.00833333 0.037037 0.00255761
7 0.219792 0.0675926 0.0510417 0.0592593 0.00266765
0 0.757031 0.373148 0.0192708 0.0314815 0.00269902
9 0.570573 0.0314815 0.0119792 0.0592593 0.00274895
2 0.648958 0.15 0.0395833 0.0574074 0.00294063
9 0.214062 0.0680556 0.0395833 0.0509259 0.0029555
11 0.240365 0.0314815 0.0203125 0.0611111 0.00307439
2 0.534896 0.113426 0.0104167 0.0435185 0.00312329
2 0.407292 0.113889 0.263542 0.0833333 0.00322652
9 0.266146 0.0990741 0.0104167 0.0537037 0.00325833
2 0.593229 0.125926 0.0166667 0.0240741 0.0035158
2 0.442708 0.087963 0.0135417 0.0277778 0.00378319
9 0.270052 0.0449074 0.0203125 0.0490741 0.0041236
7 0.970312 0.537963 0.0583333 0.225926 0.0043516
2 0.29349 0.115278 0.0286458 0.087963 0.00467872
9 0.442969 0.087963 0.0130208 0.0296296 0.00488575
11 0.2375 0.0666667 0.0166667 0.0388889 0.00511867
9 0.361458 0.0486111 0.0104167 0.037963 0.00542853
9 0.220833 0.0884259 0.0104167 0.0138889 0.00545067
2 0.502604 0.126389 0.0489583 0.0361111 0.00545113
2 0.78125 0.103241 0.03125 0.0453704 0.0057146
0 0.996094 0.327315 0.00677083 0.0490741 0.00649759
9 0.263281 0.0875 0.0078125 0.0342593 0.00660457
2 0.339323 0.0856481 0.0140625 0.0287037 0.00664801
11 0.606771 0.0606481 0.0104167 0.025 0.00670402
2 0.99349 0.518981 0.0119792 0.167593 0.00698005
9 0.269531 0.0259259 0.0203125 0.0425926 0.00716703
7 0.984375 0.519444 0.0302083 0.185185 0.00764013
7 0.314844 0.115278 0.0567708 0.0861111 0.00801392
9 0.416146 0.0106481 0.0166667 0.0212963 0.00803892
0 0.715885 0.372685 0.0244792 0.0268519 0.0085904
2 0.271615 0.111574 0.0130208 0.0361111 0.00902925
2 0.961719 0.556019 0.0401042 0.0435185 0.00922977
2 0.523438 0.114352 0.0239583 0.0453704 0.0125114
9 0.993229 0.506019 0.0125 0.147222 0.0129323
9 0.217969 0.0546296 0.0223958 0.0444444 0.0140299
2 0.463281 0.118519 0.0151042 0.0481481 0.0159604
2 0.238542 0.141204 0.0197917 0.0435185 0.016968
9 0.207292 0.0675926 0.0177083 0.0388889 0.0260352
9 0.221875 0.0615741 0.0125 0.037963 0.0271212
9 0.36276 0.0699074 0.00885417 0.0231481 0.0307708
2 0.786458 0.0912037 0.0177083 0.0231481 0.0363356
9 0.566927 0.0486111 0.0078125 0.0231481 0.0409924
2 0.635156 0.147685 0.0119792 0.0527778 0.0459393
0 0.635417 0.148148 0.0104167 0.05 0.063054
7 0.296094 0.108333 0.0338542 0.0833333 0.140665
9 0.347656 0.049537 0.0109375 0.025 0.198637
2 0.322396 0.087037 0.0375 0.0333333 0.219422
2 0.627865 0.122222 0.0255208 0.0518519 0.223251
2 0.475781 0.114815 0.0369792 0.0537037 0.48991
2 0.509115 0.106019 0.0380208 0.062037 0.596547
2 0.31901 0.121296 0.0494792 0.0722222 0.645583
11 0.729427 0.0425926 0.0265625 0.0555556 0.75608
10 0.204167 0.315741 0.0166667 0.0703704 0.794709
2 0.49375 0.158796 0.0645833 0.0972222 0.852797
2 0.729948 0.419907 0.122396 0.171296 0.918934
