2 0.788802 0.0800926 0.0140625 0.025 0.00100146
58 0.971094 0.491204 0.0369792 0.10463 0.00103537
58 0.91901 0.183333 0.161979 0.361111 0.00106362
9 0.470313 0.411111 0.0104167 0.0314815 0.00107863
9 0.220573 0.104167 0.0119792 0.0416667 0.00108279
12 0.702604 0.160648 0.0239583 0.0416667 0.00109511
0 0.28099 0.0898148 0.0078125 0.0240741 0.00118103
2 0.241146 0.106944 0.0166667 0.0361111 0.00118187
2 0.657292 0.140278 0.0770833 0.0842593 0.00118792
12 0.702344 0.129167 0.0234375 0.062037 0.00120696
9 0.548177 0.0490741 0.0109375 0.0259259 0.00122695
13 0.970573 0.522222 0.0578125 0.177778 0.00132754
2 0.772656 0.112963 0.0151042 0.0277778 0.00133067
5 0.234896 0.0671296 0.021875 0.0453704 0.00133092
9 0.2375 0.0731481 0.0177083 0.0537037 0.00133402
2 0.53776 0.113426 0.00989583 0.0416667 0.00140145
9 0.5625 0.0490741 0.0208333 0.0277778 0.00142686
13 0.0132813 0.365278 0.0265625 0.0472222 0.00154174
2 0.790625 0.087963 0.015625 0.0166667 0.00169263
2 0.547917 0.115278 0.338542 0.0805556 0.00175554
9 0.258854 0.0726852 0.0114583 0.0509259 0.0018037
9 0.260677 0.0402778 0.0130208 0.062037 0.00181989
9 0.253125 0.0861111 0.0135417 0.0351852 0.00187054
0 0.263281 0.103241 0.00885417 0.0509259 0.0022296
9 0.558073 0.0287037 0.0265625 0.0555556 0.00223629
2 0.811198 0.0703704 0.0161458 0.0185185 0.00229116
2 0.416927 0.111574 0.289062 0.0842593 0.00246127
9 0.440365 0.213889 0.0140625 0.0703704 0.0024698
9 0.454688 0.314352 0.00729167 0.0157407 0.00248067
9 0.36224 0.0685185 0.00989583 0.0277778 0.00260121
9 0.994792 0.499537 0.009375 0.137963 0.00260158
2 0.784896 0.0912037 0.0114583 0.0175926 0.00260583
11 0.23724 0.0689815 0.0171875 0.0453704 0.00269251
2 0.815365 0.0675926 0.0151042 0.012963 0.00272473
9 0.29375 0.0518519 0.00833333 0.0444444 0.0028546
0 0.729688 0.371759 0.0385417 0.0305556 0.00316784
2 0.238542 0.140741 0.0197917 0.0425926 0.00384295
2 0.26875 0.109259 0.009375 0.037037 0.00403043
2 0.467969 0.1125 0.0880208 0.0694444 0.0041519
1 0.00885417 0.393981 0.0177083 0.117593 0.00420413
12 0.97526 0.494444 0.0421875 0.118519 0.00429948
9 0.263281 0.0888889 0.00885417 0.0351852 0.00435752
2 0.647917 0.148611 0.0354167 0.0564815 0.00446429
0 0.75651 0.0912037 0.0130208 0.0787037 0.00446445
0 0.757552 0.375926 0.0182292 0.0277778 0.00453422
9 0.265625 0.0967593 0.0104167 0.0490741 0.00455275
12 0.994792 0.493519 0.009375 0.12963 0.00471638
2 0.292448 0.0708333 0.00989583 0.0175926 0.00516987
7 0.223438 0.0518519 0.0552083 0.0888889 0.00535061
0 0.00442708 0.390278 0.00885417 0.121296 0.00537738
13 0.0140625 0.391667 0.028125 0.12037 0.00610871
2 0.442969 0.0907407 0.0151042 0.0314815 0.00673091
11 0.240625 0.0337963 0.021875 0.0638889 0.006871
0 0.715885 0.371759 0.0234375 0.0268519 0.009218
9 0.208333 0.0657407 0.021875 0.0462963 0.00938855
2 0.593229 0.127778 0.01875 0.0240741 0.00940394
9 0.567448 0.0310185 0.0151042 0.0583333 0.00943296
7 0.213802 0.0648148 0.0359375 0.0537037 0.0100024
11 0.60625 0.0601852 0.009375 0.0240741 0.0111453
5 0.220833 0.0648148 0.046875 0.0537037 0.0113758
9 0.443229 0.0888889 0.0135417 0.0277778 0.0123395
9 0.500521 0.602778 0.0145833 0.0388889 0.0124281
2 0.292708 0.113889 0.0270833 0.0666667 0.0135331
1 0.00416667 0.406944 0.00833333 0.087963 0.0139398
9 0.269792 0.0361111 0.021875 0.0648148 0.0153052
0 0.635417 0.147685 0.0104167 0.0490741 0.0162597
7 0.297656 0.108333 0.0317708 0.0777778 0.017349
9 0.220833 0.0875 0.0114583 0.0138889 0.0173576
2 0.448958 0.106019 0.0302083 0.0472222 0.0177813
2 0.634896 0.14537 0.0114583 0.05 0.0182891
0 0.180208 0.730556 0.173958 0.487037 0.0368968
9 0.567448 0.0481481 0.00885417 0.0240741 0.0507894
9 0.503125 0.760648 0.0125 0.0564815 0.0579661
2 0.463021 0.110185 0.0145833 0.0444444 0.0941037
2 0.627865 0.121759 0.0244792 0.0509259 0.243575
2 0.323177 0.0847222 0.0380208 0.0342593 0.327372
2 0.478125 0.109259 0.028125 0.0462963 0.419398
7 0.50651 0.10463 0.0432292 0.062963 0.441928
2 0.50625 0.10463 0.0427083 0.062963 0.449481
2 0.31875 0.121759 0.05 0.0694444 0.672818
10 0.204167 0.315741 0.0166667 0.0685185 0.759656
11 0.729948 0.0435185 0.0265625 0.0574074 0.770716
2 0.394531 0.144907 0.0546875 0.0787037 0.86869
2 0.729948 0.418981 0.122396 0.175 0.914521
