2 0.654948 0.139815 0.0796875 0.0814815 0.00100283
2 0.254167 0.124537 0.01875 0.0675926 0.00101531
7 0.789583 0.0615741 0.0270833 0.0601852 0.00107543
12 0.701563 0.164352 0.0208333 0.037963 0.0011153
2 0.363542 0.0666667 0.0114583 0.0222222 0.0011558
13 0.0127604 0.398611 0.0255208 0.106481 0.00118014
2 0.5875 0.122685 0.0104167 0.0305556 0.00120918
32 0.454688 0.314815 0.00729167 0.0148148 0.00138956
2 0.886719 0.125 0.0807292 0.087037 0.0014396
2 0.651042 0.150463 0.0427083 0.0601852 0.0014848
2 0.795573 0.0861111 0.0286458 0.0240741 0.00166949
12 0.689583 0.167593 0.0125 0.0333333 0.00177133
13 0.994271 0.518519 0.0104167 0.17037 0.00186771
2 0.592708 0.122685 0.015625 0.0287037 0.00188941
13 0.0046875 0.405556 0.009375 0.0888889 0.00195395
13 0.965365 0.5625 0.0463542 0.0601852 0.00197927
9 0.36224 0.0680556 0.00989583 0.0268519 0.00210701
2 0.236979 0.0694444 0.0177083 0.0481481 0.0021127
12 0.702083 0.144907 0.0229167 0.0731481 0.00224574
0 0.717969 0.371759 0.0265625 0.0287037 0.00224912
2 0.435937 0.111574 0.316667 0.0953704 0.00226663
12 0.69349 0.163889 0.00677083 0.0388889 0.00229416
7 0.970312 0.521759 0.0583333 0.186111 0.00231017
9 0.273698 0.0393519 0.0328125 0.075 0.00236174
2 0.294792 0.100463 0.0822917 0.0935185 0.00243244
2 0.99401 0.518056 0.0109375 0.169444 0.00263081
10 0.196094 0.29537 0.0328125 0.118519 0.00283121
0 0.758073 0.0708333 0.00989583 0.037963 0.00330587
13 0.970833 0.519444 0.0572917 0.172222 0.00335451
2 0.807292 0.0703704 0.0104167 0.0148148 0.00346644
58 0.967969 0.496759 0.0296875 0.0824074 0.00388
2 0.236198 0.10463 0.0171875 0.0481481 0.00408849
2 0.816927 0.231481 0.00989583 0.0444444 0.00418924
2 0.25599 0.0884259 0.0223958 0.0416667 0.00439405
9 0.502865 0.759722 0.0130208 0.0546296 0.00481152
0 0.995573 0.328241 0.0078125 0.0601852 0.00534759
12 0.994271 0.509259 0.0104167 0.157407 0.00548314
0 0.263281 0.1 0.00885417 0.0574074 0.00640259
11 0.60625 0.0606481 0.009375 0.025 0.00668157
2 0.270312 0.049537 0.01875 0.0361111 0.00767343
2 0.815104 0.074537 0.0166667 0.0157407 0.00975049
9 0.574219 0.0310185 0.0151042 0.0601852 0.0119343
2 0.53151 0.111111 0.0140625 0.0407407 0.0125661
2 0.265885 0.099537 0.0109375 0.0564815 0.0133369
2 0.270052 0.103241 0.0130208 0.0509259 0.0139429
2 0.816927 0.0685185 0.0140625 0.00925926 0.0141218
2 0.44349 0.0865741 0.0161458 0.0268519 0.0145025
9 0.269271 0.0231481 0.0208333 0.0388889 0.0156802
7 0.220573 0.062037 0.0515625 0.0777778 0.0158152
2 0.785417 0.0888889 0.0135417 0.0222222 0.0232748
2 0.238542 0.142593 0.0177083 0.0388889 0.0266171
2 0.634896 0.144444 0.0104167 0.0518519 0.0270642
9 0.567448 0.0481481 0.0078125 0.0240741 0.055811
5 0.220573 0.0675926 0.0505208 0.0666667 0.0803372
2 0.320312 0.087963 0.040625 0.0351852 0.178156
2 0.299219 0.106481 0.0369792 0.0796296 0.366119
2 0.627344 0.121296 0.0255208 0.05 0.47952
2 0.507292 0.10463 0.0395833 0.062963 0.599919
2 0.318229 0.12037 0.0510417 0.0722222 0.750025
11 0.729167 0.0435185 0.0270833 0.0555556 0.791587
10 0.204167 0.316667 0.0166667 0.0722222 0.798424
2 0.466146 0.116204 0.046875 0.062037 0.825209
2 0.729948 0.419444 0.122396 0.17037 0.903856
