13 0.952344 0.420833 0.0942708 0.14537 0.00106622
9 0.440365 0.218056 0.0119792 0.0416667 0.0010803
2 0.296094 0.108333 0.0890625 0.0925926 0.00109636
9 0.558854 0.0300926 0.0229167 0.0546296 0.00111645
12 0.702083 0.164815 0.01875 0.037037 0.00124251
1 0.222917 0.344907 0.05 0.113889 0.00127661
0 0.428385 0.362963 0.567187 0.433333 0.00131436
2 0.269531 0.0634259 0.0182292 0.0305556 0.00131599
58 0.96849 0.495833 0.0307292 0.0861111 0.00135551
13 0.961458 0.55463 0.0385417 0.0425926 0.00156674
2 0.409896 0.111111 0.2875 0.0796296 0.00158481
13 0.982813 0.518519 0.0333333 0.17963 0.00158822
9 0.547917 0.0532407 0.0104167 0.025 0.00164763
2 0.65651 0.1375 0.0744792 0.0805556 0.00173836
2 0.288021 0.0837963 0.0197917 0.0416667 0.00180836
0 0.26276 0.0925926 0.0078125 0.0481481 0.00184535
0 0.0815104 0.156019 0.0130208 0.0416667 0.00187661
7 0.233073 0.0685185 0.0244792 0.05 0.00193021
7 0.992448 0.516204 0.0140625 0.171296 0.00200373
9 0.36224 0.0481481 0.00989583 0.0388889 0.00204081
2 0.56849 0.110185 0.260938 0.0722222 0.00213191
2 0.290625 0.0717593 0.0135417 0.0157407 0.00215149
12 0.692187 0.165278 0.009375 0.0398148 0.00232526
2 0.238021 0.140741 0.01875 0.0407407 0.00234526
2 0.470313 0.110648 0.0885417 0.0638889 0.00236223
9 0.580208 0.0328704 0.015625 0.062037 0.00240276
2 0.784115 0.101389 0.0411458 0.0509259 0.00250665
1 0.00703125 0.363426 0.0140625 0.0861111 0.00262353
9 0.292708 0.0546296 0.00833333 0.0388889 0.00263925
2 0.44375 0.111574 0.0197917 0.0287037 0.00266318
9 0.273958 0.0412037 0.034375 0.0805556 0.00270267
7 0.970312 0.523611 0.0583333 0.19537 0.00288342
0 0.710156 0.373148 0.0192708 0.0277778 0.00299044
2 0.442448 0.087037 0.0130208 0.0277778 0.00305537
9 0.992448 0.515278 0.0140625 0.169444 0.00312983
9 0.26875 0.0490741 0.0197917 0.037037 0.00330843
2 0.813021 0.0759259 0.0177083 0.0166667 0.0034015
2 0.651042 0.148611 0.0416667 0.0583333 0.00366823
5 0.21276 0.0625 0.0338542 0.0601852 0.00367219
0 0.717188 0.371296 0.021875 0.0277778 0.00371004
1 0.211979 0.318056 0.0291667 0.0805556 0.00383096
2 0.304948 0.0824074 0.0255208 0.0351852 0.00389737
9 0.361979 0.0680556 0.00833333 0.0268519 0.00399701
2 0.60599 0.0601852 0.0109375 0.0240741 0.00446755
12 0.99375 0.50787 0.0114583 0.156481 0.00500224
1 0.00494792 0.399074 0.00989583 0.103704 0.0059029
11 0.23724 0.0685185 0.0171875 0.0425926 0.00661304
9 0.458594 0.0662037 0.0078125 0.0287037 0.00691703
7 0.213802 0.0638889 0.0369792 0.0611111 0.00724352
2 0.592708 0.124537 0.0166667 0.025 0.00728058
9 0.207552 0.0680556 0.0203125 0.0472222 0.00826014
2 0.270573 0.106944 0.0130208 0.0435185 0.00838211
9 0.217187 0.0587963 0.0239583 0.0527778 0.0099982
2 0.791667 0.087037 0.021875 0.0222222 0.010172
0 0.758073 0.0717593 0.0109375 0.0416667 0.0109372
2 0.784635 0.087963 0.0130208 0.0222222 0.0115618
1 0.0101562 0.39537 0.0203125 0.112963 0.0135617
9 0.572656 0.0314815 0.0140625 0.0592593 0.0159901
9 0.269271 0.0236111 0.0197917 0.0435185 0.0177394
2 0.634635 0.140741 0.0109375 0.0462963 0.0218517
9 0.442187 0.0865741 0.0125 0.0268519 0.0247441
24 0.238021 0.263426 0.0270833 0.0490741 0.0347191
2 0.489844 0.107407 0.0161458 0.05 0.0391935
7 0.295573 0.106019 0.0348958 0.0805556 0.0442693
2 0.296354 0.10463 0.034375 0.0759259 0.0504441
9 0.567187 0.0481481 0.00833333 0.0240741 0.101963
2 0.466406 0.111111 0.0203125 0.0388889 0.254949
2 0.479427 0.109722 0.0203125 0.0435185 0.28414
2 0.322396 0.0856481 0.0364583 0.0342593 0.301909
2 0.627083 0.121759 0.025 0.0546296 0.400688
1 0.236198 0.347685 0.0223958 0.0990741 0.565201
2 0.505729 0.103704 0.0427083 0.062963 0.612587
2 0.317969 0.121296 0.0515625 0.0703704 0.73486
0 0.238021 0.301852 0.0302083 0.12963 0.757395
10 0.204688 0.315278 0.0166667 0.0694444 0.782533
11 0.728906 0.0430556 0.0265625 0.0564815 0.813682
2 0.729427 0.419444 0.122396 0.172222 0.907306
