12 0.700781 0.164352 0.0213542 0.037963 0.00100294
2 0.398958 0.106944 0.266667 0.0824074 0.00100618
9 0.454427 0.313889 0.0078125 0.0166667 0.00102124
7 0.21875 0.0888889 0.05625 0.125926 0.00102387
2 0.655208 0.133333 0.0833333 0.0888889 0.00104487
9 0.3625 0.0449074 0.009375 0.0324074 0.00106019
2 0.778385 0.102315 0.0307292 0.0490741 0.00108903
2 0.489844 0.158796 0.0463542 0.0305556 0.00114155
0 0.730729 0.372222 0.0260417 0.0296296 0.00121842
7 0.271875 0.0541667 0.025 0.0657407 0.00123528
2 0.277083 0.112037 0.028125 0.0592593 0.00124992
9 0.547917 0.0527778 0.0104167 0.0240741 0.00125202
7 0.0578125 0.132407 0.105208 0.12037 0.00128189
2 0.483073 0.0902778 0.0348958 0.0601852 0.00129448
2 0.445312 0.116667 0.0229167 0.0203704 0.00146962
5 0.232812 0.0708333 0.025 0.0490741 0.00148137
32 0.460417 0.355556 0.0114583 0.0148148 0.00153827
2 0.238281 0.139815 0.0192708 0.0425926 0.00163512
2 0.255469 0.0865741 0.0203125 0.0361111 0.00164274
0 0.717448 0.372222 0.0265625 0.0277778 0.00175814
2 0.0341146 0.108333 0.0505208 0.0555556 0.00176745
7 0.235938 0.0685185 0.0177083 0.0462963 0.00193739
9 0.361979 0.0680556 0.00833333 0.0268519 0.00197091
0 0.75651 0.374074 0.0213542 0.0333333 0.00200004
13 0.971354 0.520833 0.05625 0.184259 0.00208998
9 0.56849 0.0314815 0.0119792 0.0574074 0.0021416
0 0.263281 0.0912037 0.0078125 0.0435185 0.00218226
2 0.290885 0.0703704 0.0130208 0.0148148 0.00219561
0 0.709115 0.373148 0.0192708 0.0277778 0.00223921
2 0.571615 0.106944 0.226562 0.0675926 0.00230858
7 0.7875 0.0648148 0.0229167 0.0592593 0.00277651
9 0.275781 0.0402778 0.0380208 0.0787037 0.00279905
7 0.276563 0.0592593 0.0385417 0.116667 0.00338312
12 0.690885 0.163889 0.00989583 0.0388889 0.00366742
11 0.236458 0.0662037 0.0166667 0.037963 0.00367879
13 0.961979 0.55463 0.0395833 0.0407407 0.0038716
7 0.316406 0.108333 0.0536458 0.0888889 0.00390821
2 0.0132813 0.389352 0.0265625 0.126852 0.00399751
58 0.968229 0.495833 0.03125 0.0916667 0.00430877
12 0.992969 0.506944 0.0130208 0.156481 0.00437144
2 0.267448 0.0981481 0.0119792 0.0574074 0.00461443
7 0.216146 0.062963 0.04375 0.0592593 0.0047165
5 0.220313 0.0648148 0.0489583 0.0555556 0.00485482
13 0.970312 0.563426 0.0572917 0.0824074 0.00492951
9 0.269271 0.0509259 0.0197917 0.0351852 0.00538708
2 0.442187 0.0851852 0.0125 0.0240741 0.0054137
9 0.292188 0.0532407 0.00729167 0.037963 0.00545946
0 0.755469 0.0893519 0.0140625 0.075 0.00558494
9 0.214323 0.0675926 0.0390625 0.0518519 0.00648127
2 0.484635 0.105556 0.0526042 0.0537037 0.00690863
13 0.9875 0.517593 0.0239583 0.175926 0.00718772
2 0.269792 0.109722 0.0125 0.037963 0.00822297
1 0.00390625 0.411574 0.0078125 0.0787037 0.00852474
9 0.5 0.602315 0.015625 0.0416667 0.00868896
2 0.786198 0.0875 0.0161458 0.0231481 0.00940032
9 0.207552 0.0685185 0.0203125 0.0407407 0.00990823
1 0.0140625 0.368519 0.028125 0.0555556 0.0107571
9 0.21901 0.0550926 0.0203125 0.0435185 0.011004
9 0.502344 0.760648 0.0130208 0.0601852 0.0113826
9 0.442187 0.0861111 0.0125 0.0240741 0.0123659
2 0.00390625 0.418056 0.0078125 0.0657407 0.0123751
7 0.489844 0.0722222 0.0380208 0.0407407 0.012841
2 0.60625 0.0587963 0.009375 0.0268519 0.0129502
9 0.269271 0.0175926 0.0208333 0.0314815 0.014462
1 0.00989583 0.391667 0.0197917 0.12037 0.0162353
7 0.290625 0.106944 0.025 0.0824074 0.0243021
2 0.53125 0.175926 0.0114583 0.0203704 0.0326482
2 0.461458 0.1125 0.0125 0.0361111 0.0362752
2 0.290365 0.1125 0.0234375 0.0712963 0.0393766
9 0.566667 0.0476852 0.00833333 0.0231481 0.0405125
9 0.219792 0.0898148 0.00833333 0.0148148 0.0448865
0 0.635156 0.148611 0.00885417 0.0527778 0.0474301
2 0.322135 0.0851852 0.0369792 0.0351852 0.286839
2 0.485938 0.0740741 0.0270833 0.0314815 0.355261
2 0.626562 0.119907 0.0260417 0.0509259 0.375184
2 0.471094 0.111111 0.0286458 0.0407407 0.411074
2 0.504948 0.103241 0.0432292 0.0638889 0.537909
10 0.204167 0.315741 0.015625 0.0703704 0.60684
2 0.317969 0.121296 0.0515625 0.0703704 0.659086
11 0.728906 0.0421296 0.0276042 0.0527778 0.801776
7 0.485677 0.20787 0.0890625 0.134259 0.868474
2 0.729167 0.419444 0.122917 0.17037 0.908802
