32 0.460417 0.356481 0.0104167 0.0148148 0.00100174
9 0.258854 0.075 0.0125 0.0481481 0.00102787
12 0.995573 0.530556 0.0078125 0.0351852 0.00103387
2 0.21901 0.102778 0.0557292 0.05 0.00108533
11 0.60625 0.0606481 0.0104167 0.0231481 0.00112463
7 0.279427 0.0740741 0.0348958 0.140741 0.00113147
2 0.776302 0.0990741 0.0244792 0.0425926 0.00117357
1 0.810677 0.328704 0.0182292 0.087037 0.0012084
9 0.50026 0.602778 0.0151042 0.0407407 0.0012302
2 0.292708 0.106944 0.0802083 0.0953704 0.0012331
9 0.559635 0.050463 0.0171875 0.025 0.00126739
2 0.976302 0.497222 0.0442708 0.124074 0.00127482
2 0.241146 0.10787 0.0166667 0.0342593 0.00131768
9 0.439323 0.200926 0.0130208 0.0425926 0.00137105
2 0.00546875 0.0865741 0.0109375 0.037963 0.00137897
10 0.00520833 0.4625 0.0104167 0.228704 0.00139598
9 0.26224 0.0458333 0.0151042 0.0527778 0.00146431
7 0.992969 0.519444 0.0130208 0.168519 0.00147666
2 0.754167 0.153704 0.0114583 0.0185185 0.00151831
9 0.548437 0.0513889 0.0114583 0.0268519 0.00160311
13 0.0046875 0.458333 0.009375 0.22963 0.00168844
12 0.976042 0.499537 0.0447917 0.130556 0.00169562
12 0.688542 0.16713 0.0145833 0.0361111 0.00177153
9 0.275781 0.0407407 0.0380208 0.0796296 0.00179062
2 0.332031 0.0787037 0.0286458 0.0296296 0.00180931
2 0.657031 0.137963 0.0786458 0.0833333 0.00192537
2 0.403906 0.111111 0.266146 0.0777778 0.00197276
9 0.292969 0.0564815 0.00885417 0.037037 0.00220944
2 0.442708 0.0861111 0.0135417 0.0259259 0.0023286
10 0.19974 0.296296 0.0244792 0.112963 0.00238615
9 0.440365 0.218981 0.0130208 0.0472222 0.00240926
9 0.291667 0.0703704 0.0114583 0.0148148 0.00241412
5 0.220052 0.0773148 0.0515625 0.0694444 0.00248886
0 0.263542 0.106019 0.00833333 0.0472222 0.00255925
1 0.0109375 0.366667 0.021875 0.0462963 0.00264729
7 0.984115 0.521296 0.0307292 0.190741 0.00266415
2 0.266667 0.0986111 0.0104167 0.0527778 0.00268153
12 0.692969 0.164352 0.0078125 0.0398148 0.00274212
0 0.724479 0.373148 0.0333333 0.0277778 0.00280607
32 0.454167 0.315741 0.00833333 0.0148148 0.00290555
0 0.757031 0.374537 0.0192708 0.0305556 0.0029088
9 0.584896 0.0398148 0.0135417 0.0462963 0.00302247
12 0.701563 0.164815 0.0197917 0.0388889 0.00306893
9 0.458073 0.0652778 0.00677083 0.0287037 0.00307481
2 0.570312 0.109722 0.21875 0.0638889 0.0031532
9 0.263021 0.087963 0.00833333 0.0351852 0.00348473
2 0.21875 0.135648 0.0583333 0.0527778 0.00350172
7 0.788281 0.0657407 0.0255208 0.062963 0.00376875
9 0.3625 0.0685185 0.009375 0.0240741 0.00402753
2 0.448958 0.115741 0.0302083 0.0240741 0.00406151
9 0.573698 0.0310185 0.0151042 0.0601852 0.00520071
7 0.219792 0.0694444 0.0510417 0.062963 0.00554688
11 0.239844 0.0337963 0.0203125 0.0657407 0.00559655
2 0.481771 0.110185 0.0510417 0.0574074 0.00560205
12 0.702083 0.140278 0.0229167 0.0861111 0.00573457
2 0.363542 0.0671296 0.0114583 0.0212963 0.0058368
0 0.755208 0.0893519 0.0145833 0.0694444 0.00652378
9 0.269271 0.0439815 0.0208333 0.0527778 0.0066702
9 0.502344 0.759259 0.0130208 0.0574074 0.00728814
9 0.221354 0.0888889 0.0114583 0.0148148 0.00731289
1 0.0122396 0.395833 0.0244792 0.115741 0.00778607
9 0.214844 0.0583333 0.0286458 0.0518519 0.00827963
12 0.994531 0.494444 0.00989583 0.12963 0.0084787
11 0.23724 0.0662037 0.0161458 0.0398148 0.00865696
0 0.714583 0.374537 0.025 0.0231481 0.00883899
9 0.442448 0.0865741 0.0130208 0.0268519 0.00955531
2 0.00416667 0.403241 0.00833333 0.10463 0.0100839
9 0.207813 0.0675926 0.0197917 0.0444444 0.010423
2 0.592188 0.125926 0.0177083 0.0240741 0.0108136
2 0.238542 0.141204 0.01875 0.0398148 0.0116398
2 0.270833 0.110185 0.0135417 0.0388889 0.0117087
9 0.26875 0.0236111 0.0208333 0.0416667 0.0125455
0 0.634896 0.147222 0.009375 0.05 0.0133766
1 0.0046875 0.397222 0.009375 0.112963 0.0153952
2 0.634896 0.144907 0.0104167 0.0546296 0.0201339
2 0.814583 0.0768519 0.0166667 0.0185185 0.0336414
9 0.566927 0.0481481 0.0078125 0.0240741 0.0421354
2 0.785937 0.0884259 0.0145833 0.0231481 0.0612271
2 0.292708 0.108796 0.0270833 0.0787037 0.0813172
2 0.465885 0.111574 0.0192708 0.0398148 0.261282
2 0.480208 0.110185 0.0208333 0.0444444 0.270886
2 0.321615 0.0875 0.0380208 0.0342593 0.303315
7 0.50651 0.103704 0.0421875 0.062963 0.350652
2 0.50625 0.103704 0.0416667 0.062963 0.485186
2 0.627083 0.121296 0.025 0.05 0.514733
2 0.31849 0.120833 0.0505208 0.0731481 0.740293
10 0.203906 0.315741 0.0161458 0.0722222 0.78164
11 0.728906 0.0430556 0.0276042 0.0564815 0.794608
2 0.729688 0.419444 0.122917 0.17037 0.905561
