12 0.9875 0.518981 0.0239583 0.180556 0.001031
2 0.836458 0.156481 0.160417 0.137037 0.00104462
9 0.23724 0.0708333 0.0151042 0.0453704 0.00115118
0 0.816927 0.237037 0.00885417 0.0351852 0.00115126
2 0.790365 0.130093 0.0609375 0.0564815 0.00119834
12 0.69349 0.1625 0.0078125 0.0416667 0.00126633
9 0.29349 0.0523148 0.0078125 0.0342593 0.00127854
9 0.263021 0.0875 0.00833333 0.0342593 0.00129271
7 0.220052 0.0884259 0.0557292 0.126852 0.00133359
11 0.60599 0.0606481 0.00989583 0.025 0.00135844
0 0.154687 0.113426 0.009375 0.0268519 0.00143272
2 0.602604 0.425 0.616667 0.183333 0.00154084
2 0.97526 0.52037 0.0484375 0.177778 0.00154324
7 0.145313 0.0902778 0.0645833 0.0787037 0.00157336
2 0.21875 0.135185 0.0583333 0.0518519 0.00158692
12 0.976823 0.500463 0.0453125 0.137963 0.00171289
9 0.261979 0.0333333 0.0145833 0.0611111 0.00173817
2 0.0328125 0.102778 0.0510417 0.0518519 0.0017965
2 0.539583 0.113889 0.361458 0.0759259 0.0021568
2 0.267188 0.099537 0.0104167 0.0546296 0.00226368
1 0.0046875 0.384259 0.009375 0.131481 0.00230636
2 0.648958 0.147685 0.0375 0.062037 0.0023222
2 0.503906 0.103241 0.0432292 0.0601852 0.00234699
9 0.501823 0.761111 0.0130208 0.0537037 0.0023776
2 0.299479 0.131481 0.021875 0.0555556 0.00238053
2 0.638542 0.145833 0.0166667 0.0546296 0.00242592
2 0.292188 0.106019 0.0822917 0.0898148 0.00249612
0 0.263281 0.106481 0.0078125 0.0462963 0.00255105
12 0.701563 0.164815 0.01875 0.0388889 0.00258075
5 0.220313 0.0717593 0.05 0.0564815 0.00261739
12 0.701823 0.140278 0.0223958 0.0861111 0.00288268
2 0.00364583 0.419907 0.00729167 0.0638889 0.00289559
2 0.417188 0.111574 0.167708 0.0675926 0.00296075
9 0.269271 0.0523148 0.01875 0.037963 0.00325217
2 0.345052 0.10787 0.0119792 0.0416667 0.00350633
9 0.415885 0.00972222 0.0161458 0.0194444 0.0038738
9 0.993229 0.511574 0.0125 0.162037 0.00412582
2 0.785417 0.087963 0.015625 0.0240741 0.00478266
7 0.213021 0.062963 0.034375 0.062963 0.00537841
9 0.758073 0.0731481 0.0109375 0.0407407 0.00543295
7 0.992188 0.518519 0.0145833 0.174074 0.00564357
9 0.570573 0.0310185 0.0130208 0.0583333 0.00570162
9 0.75599 0.0888889 0.0151042 0.0703704 0.00588243
2 0.773698 0.123611 0.0203125 0.0509259 0.00618395
12 0.99401 0.502315 0.0109375 0.14537 0.00653657
11 0.23724 0.0689815 0.0161458 0.0435185 0.00660955
9 0.584635 0.0365741 0.0130208 0.0527778 0.00709454
2 0.270312 0.109722 0.0125 0.037963 0.00748072
9 0.219531 0.0861111 0.00989583 0.0203704 0.00798556
2 0.592448 0.124537 0.0171875 0.0268519 0.00820869
9 0.218229 0.0523148 0.0229167 0.0435185 0.00841014
2 0.371615 0.112037 0.0609375 0.0648148 0.00887719
2 0.238281 0.140741 0.0182292 0.0407407 0.0108145
2 0.442448 0.0856481 0.0140625 0.025 0.0109661
7 0.971094 0.526852 0.0567708 0.203704 0.0118355
9 0.442448 0.087037 0.0130208 0.0259259 0.0133075
9 0.207292 0.0689815 0.01875 0.0435185 0.0140888
9 0.26875 0.0351852 0.021875 0.0648148 0.0152815
2 0.338281 0.0893519 0.0182292 0.0361111 0.0164636
2 0.446094 0.117593 0.0255208 0.0222222 0.016803
9 0.567187 0.0476852 0.00833333 0.0231481 0.0248536
2 0.634115 0.138426 0.0119792 0.0472222 0.0270855
2 0.48776 0.10787 0.0140625 0.0490741 0.0402081
2 0.29375 0.109259 0.0291667 0.0814815 0.072063
7 0.296094 0.108333 0.0359375 0.0833333 0.0991604
2 0.384115 0.0888889 0.0234375 0.0333333 0.101632
2 0.363542 0.0703704 0.0135417 0.0240741 0.15368
2 0.465885 0.111111 0.0182292 0.0407407 0.157187
2 0.479948 0.109259 0.0213542 0.0444444 0.278609
2 0.322396 0.0851852 0.0364583 0.0351852 0.301449
2 0.627083 0.121759 0.025 0.0509259 0.43804
7 0.505729 0.104167 0.0427083 0.0638889 0.445601
2 0.381771 0.0782407 0.021875 0.0287037 0.464006
2 0.31849 0.122222 0.0515625 0.0703704 0.698683
10 0.204167 0.316204 0.015625 0.0731481 0.722108
2 0.394792 0.105093 0.0395833 0.0527778 0.757322
11 0.728906 0.0430556 0.0276042 0.0564815 0.770244
2 0.365625 0.110648 0.0270833 0.0435185 0.770776
2 0.786979 0.162963 0.071875 0.122222 0.842626
2 0.729688 0.419907 0.121875 0.171296 0.898269
