1 0.0440104 0.162037 0.0869792 0.0925926 0.00102002
2 0.530729 0.113426 0.0125 0.0435185 0.00103932
13 0.961458 0.555556 0.0395833 0.0407407 0.00107286
2 0.53724 0.113426 0.0109375 0.0416667 0.00112531
9 0.563021 0.0513889 0.01875 0.025 0.00113088
9 0.569531 0.0861111 0.00885417 0.037037 0.00114789
2 0.660417 0.151389 0.0614583 0.0601852 0.00116262
9 0.582292 0.0467593 0.0125 0.0324074 0.0011916
13 0.9875 0.52037 0.0239583 0.177778 0.00119669
2 0.778906 0.117593 0.0286458 0.0574074 0.00131528
9 0.502083 0.760185 0.0135417 0.0537037 0.0013642
9 0.2625 0.0861111 0.00833333 0.0314815 0.00142445
9 0.570312 0.0324074 0.0125 0.0574074 0.00143914
1 0.0236979 0.179167 0.0442708 0.062037 0.00150607
9 0.292969 0.0541667 0.00885417 0.0324074 0.0015398
5 0.220833 0.0921296 0.053125 0.112037 0.00156967
12 0.702083 0.163889 0.021875 0.0351852 0.00157045
12 0.693229 0.164352 0.00729167 0.037963 0.0016115
9 0.50026 0.60463 0.0151042 0.0425926 0.00168102
1 0.0111979 0.366204 0.0223958 0.0435185 0.00180321
58 0.919271 0.183333 0.161458 0.366667 0.00184346
0 0.755729 0.374074 0.0208333 0.0314815 0.0018797
2 0.416146 0.113426 0.295833 0.0787037 0.00192244
9 0.271875 0.0402778 0.028125 0.075 0.00205401
7 0.970312 0.524537 0.0583333 0.19537 0.00217441
2 0.545573 0.113426 0.285937 0.0731481 0.00219614
0 0.995833 0.327778 0.00729167 0.0518519 0.00232443
11 0.2375 0.0689815 0.0166667 0.0435185 0.00234949
9 0.258333 0.0731481 0.0104167 0.0444444 0.00237005
0 0.728646 0.372222 0.0302083 0.0296296 0.00240948
2 0.448177 0.107407 0.0411458 0.05 0.00246903
2 0.442969 0.0907407 0.0151042 0.0333333 0.00250637
9 0.221354 0.0675926 0.053125 0.0518519 0.00257292
2 0.464323 0.112963 0.0984375 0.0666667 0.00297943
9 0.253125 0.0865741 0.0125 0.0342593 0.00333985
11 0.220573 0.0671296 0.0526042 0.0601852 0.00346475
2 0.783594 0.100463 0.0359375 0.0398148 0.0036996
0 0.263021 0.109722 0.00833333 0.0416667 0.00399883
7 0.990104 0.517593 0.01875 0.17963 0.00436509
2 0.267448 0.100926 0.0119792 0.0537037 0.00450991
12 0.99375 0.518981 0.0114583 0.171296 0.00452098
2 0.00494792 0.55787 0.00989583 0.0416667 0.00455641
2 0.771615 0.113889 0.0140625 0.0259259 0.00474945
1 0.00442708 0.40463 0.00885417 0.101852 0.00572137
11 0.240104 0.0324074 0.021875 0.0611111 0.00597138
9 0.270052 0.05 0.0203125 0.0388889 0.0060598
2 0.363542 0.0699074 0.0114583 0.0212963 0.00624006
9 0.269792 0.0259259 0.0197917 0.0333333 0.00673981
2 0.282552 0.0953704 0.0078125 0.0425926 0.0071756
2 0.816406 0.234259 0.0109375 0.0407407 0.00726886
2 0.444271 0.106019 0.01875 0.0435185 0.00746899
1 0.0111979 0.392593 0.0223958 0.107407 0.00840382
2 0.238542 0.142593 0.0177083 0.0407407 0.00874605
9 0.265885 0.0393519 0.0151042 0.0527778 0.00880145
2 0.338281 0.0875 0.0151042 0.0287037 0.00897507
0 0.715104 0.372685 0.0239583 0.0268519 0.00963106
2 0.78776 0.0847222 0.0151042 0.0212963 0.0101664
9 0.221094 0.0893519 0.00989583 0.0138889 0.0118852
7 0.220573 0.0675926 0.0515625 0.0611111 0.0126892
9 0.207813 0.0680556 0.0208333 0.0416667 0.0137666
2 0.59375 0.126389 0.0166667 0.0231481 0.0140942
9 0.442969 0.0884259 0.0130208 0.0287037 0.0157318
5 0.220833 0.0671296 0.05 0.0527778 0.0179231
2 0.467708 0.113889 0.0229167 0.0407407 0.0180297
2 0.813542 0.0763889 0.0197917 0.0194444 0.0200786
2 0.270833 0.110648 0.0125 0.037963 0.0202083
9 0.992969 0.503704 0.0130208 0.144444 0.0203903
11 0.60651 0.0611111 0.00989583 0.0240741 0.0276953
0 0.757812 0.0814815 0.0125 0.0555556 0.0300208
2 0.785417 0.0902778 0.0145833 0.0212963 0.0318677
2 0.635417 0.147222 0.0114583 0.0537037 0.0426987
0 0.635677 0.148611 0.00989583 0.0490741 0.0571276
9 0.567448 0.0490741 0.00885417 0.0240741 0.0690187
7 0.298177 0.105093 0.0369792 0.0787037 0.138606
2 0.298438 0.106019 0.0354167 0.0805556 0.19175
2 0.46224 0.115741 0.0130208 0.0333333 0.211738
2 0.321875 0.087963 0.0375 0.0314815 0.294337
2 0.480208 0.110185 0.021875 0.0444444 0.356582
2 0.627865 0.121759 0.0255208 0.0509259 0.412701
2 0.506771 0.105093 0.0416667 0.062037 0.487836
10 0.204167 0.316204 0.0166667 0.0712963 0.750743
2 0.31875 0.120833 0.05 0.0731481 0.75506
11 0.729688 0.0430556 0.0260417 0.0546296 0.767033
2 0.401042 0.125926 0.0489583 0.0685185 0.824745
2 0.729948 0.418981 0.122396 0.173148 0.913539
