12 0.694271 0.160648 0.00729167 0.0416667 0.00100112
0 0.457812 0.0652778 0.0135417 0.0287037 0.00100138
7 0.319531 0.0592593 0.0359375 0.0574074 0.00101938
9 0.2625 0.0490741 0.0166667 0.0407407 0.00106439
2 0.551562 0.423148 0.636458 0.181481 0.00113838
9 0.548177 0.0527778 0.0109375 0.0222222 0.00128425
0 0.757292 0.0712963 0.0104167 0.0425926 0.00131882
2 0.592448 0.119444 0.0171875 0.0333333 0.00138569
9 0.991146 0.516204 0.0166667 0.171296 0.00149612
2 0.0604167 0.0652778 0.0416667 0.0287037 0.00159521
12 0.976823 0.501389 0.0453125 0.139815 0.00160206
2 0.438281 0.109722 0.318229 0.0861111 0.00167641
9 0.219271 0.0833333 0.0135417 0.0240741 0.00169203
2 0.775 0.112037 0.0208333 0.0314815 0.00174515
2 0.296875 0.102778 0.116667 0.0944444 0.00186938
7 0.988542 0.517593 0.021875 0.185185 0.00187001
7 0.970833 0.522222 0.0572917 0.187037 0.00191506
0 0.75599 0.0898148 0.0130208 0.0777778 0.00194872
2 0.254948 0.0851852 0.0213542 0.037037 0.0021088
9 0.218229 0.103241 0.00833333 0.0398148 0.00212589
7 0.33724 0.0555556 0.0640625 0.0685185 0.0021448
9 0.275 0.0444444 0.03125 0.0537037 0.00216895
0 0.715625 0.370833 0.0239583 0.0268519 0.00234433
13 0.993229 0.518056 0.0125 0.171296 0.00241445
2 0.286458 0.0773148 0.0166667 0.0287037 0.00241679
9 0.570052 0.0305556 0.0151042 0.0592593 0.00256247
7 0.236719 0.0685185 0.0171875 0.0444444 0.00293469
1 0.0138021 0.391667 0.0276042 0.1 0.00309217
13 0.985937 0.517593 0.0270833 0.177778 0.00310973
12 0.702083 0.140741 0.0208333 0.0814815 0.00316455
5 0.236719 0.0666667 0.0171875 0.0425926 0.00346323
1 0.00885417 0.365278 0.0177083 0.0509259 0.00356336
2 0.00416667 0.408333 0.00833333 0.0851852 0.00395603
13 0.9625 0.552778 0.040625 0.0425926 0.0039852
0 0.263281 0.0925926 0.0078125 0.0481481 0.00424845
2 0.346354 0.101852 0.0145833 0.0481481 0.00443061
0 0.282292 0.0856481 0.00729167 0.0305556 0.00478075
32 0.453646 0.3125 0.00833333 0.0157407 0.00484057
2 0.353906 0.108333 0.100521 0.0777778 0.00497795
9 0.292708 0.049537 0.00729167 0.0398148 0.00502472
9 0.502344 0.75787 0.0140625 0.0583333 0.00525217
0 0.28724 0.112963 0.0171875 0.0740741 0.00573411
2 0.784635 0.0893519 0.0119792 0.0175926 0.00606517
2 0.441667 0.106944 0.0135417 0.0564815 0.00617581
2 0.60599 0.0597222 0.00989583 0.0287037 0.00619236
9 0.49974 0.601389 0.0151042 0.0416667 0.00651739
12 0.992708 0.507407 0.0135417 0.155556 0.00677719
2 0.269531 0.105093 0.0130208 0.0435185 0.0074233
2 0.292448 0.0717593 0.0151042 0.0157407 0.00819709
1 0.00416667 0.398148 0.00833333 0.105556 0.00844872
0 0.267188 0.0976852 0.0104167 0.0564815 0.00887948
2 0.345052 0.0861111 0.0151042 0.0407407 0.012228
7 0.358333 0.0592593 0.0427083 0.0407407 0.0135933
2 0.35651 0.0967593 0.0338542 0.0601852 0.0141854
9 0.26875 0.0328704 0.0208333 0.0601852 0.0146199
9 0.567187 0.0472222 0.00833333 0.0240741 0.0172595
7 0.219531 0.0652778 0.0515625 0.0583333 0.0200288
5 0.220313 0.0638889 0.05 0.0555556 0.0202265
2 0.296094 0.105093 0.0317708 0.0787037 0.024501
2 0.333333 0.075 0.0208333 0.0333333 0.0255342
0 0.634896 0.147222 0.009375 0.0518519 0.0285362
2 0.48151 0.0925926 0.0140625 0.0314815 0.0363937
2 0.442187 0.0898148 0.0125 0.0296296 0.090745
2 0.353646 0.0634259 0.0291667 0.0324074 0.103008
7 0.341667 0.0550926 0.04375 0.0453704 0.118794
7 0.327604 0.0523148 0.01875 0.0361111 0.129586
2 0.370573 0.0657407 0.0213542 0.0296296 0.187035
2 0.321094 0.0893519 0.0380208 0.0361111 0.267656
2 0.505469 0.103241 0.0432292 0.0638889 0.395507
2 0.627344 0.120833 0.0255208 0.0509259 0.396285
7 0.505729 0.103241 0.0427083 0.0638889 0.480432
2 0.460677 0.106944 0.0453125 0.062037 0.526618
2 0.377083 0.103241 0.0395833 0.0564815 0.772448
2 0.317969 0.119907 0.0515625 0.0694444 0.784141
11 0.728906 0.0407407 0.0276042 0.0518519 0.810283
10 0.204167 0.313889 0.0166667 0.0703704 0.829561
2 0.729688 0.419444 0.122917 0.172222 0.910527
