2 0.652344 0.138889 0.0723958 0.0833333 0.00102253
0 0.622396 0.597222 0.702083 0.581481 0.00102613
2 0.594792 0.122685 0.0145833 0.0305556 0.00109421
9 0.291667 0.0537037 0.0104167 0.0425926 0.00116923
12 0.693229 0.164352 0.00729167 0.037963 0.00122031
0 0.590885 0.6375 0.0734375 0.0583333 0.00125801
2 0.452865 0.107407 0.0411458 0.0462963 0.00127127
9 0.569271 0.0856481 0.00833333 0.0361111 0.00129102
0 0.759375 0.114815 0.0125 0.0537037 0.00135686
12 0.701823 0.150463 0.0223958 0.062037 0.00138557
13 0.970573 0.537037 0.0578125 0.172222 0.00139955
0 0.554948 0.638426 0.0473958 0.0564815 0.0014019
58 0.917448 0.186574 0.165104 0.371296 0.00144354
9 0.564323 0.062963 0.00885417 0.0425926 0.00145863
11 0.239844 0.0412037 0.0234375 0.0805556 0.00147177
7 0.970312 0.52963 0.0583333 0.207407 0.00148328
2 0.21849 0.129167 0.0609375 0.0694444 0.00149412
13 0.985937 0.522685 0.0270833 0.184259 0.00150334
7 0.99375 0.518056 0.0114583 0.171296 0.00152024
9 0.236198 0.0680556 0.0192708 0.0453704 0.00156972
7 0.789844 0.062963 0.0276042 0.0537037 0.00157085
7 0.221094 0.0569444 0.0526042 0.0824074 0.00160247
9 0.260417 0.0532407 0.0125 0.0398148 0.00164254
9 0.415625 0.00972222 0.015625 0.0194444 0.00166949
0 0.535677 0.285648 0.554688 0.469444 0.00168526
0 0.995833 0.325463 0.00729167 0.0564815 0.00171227
2 0.442969 0.0888889 0.0140625 0.0296296 0.00173119
7 0.986719 0.525463 0.0255208 0.206481 0.00173602
9 0.563021 0.0513889 0.01875 0.0268519 0.00176365
5 0.213021 0.0625 0.0333333 0.0564815 0.00199364
2 0.564062 0.109259 0.217708 0.0648148 0.00200576
9 0.547656 0.0597222 0.00989583 0.025 0.00209573
0 0.73125 0.372222 0.0291667 0.0314815 0.00216736
9 0.576823 0.0342593 0.0140625 0.062963 0.00223512
2 0.397656 0.108333 0.263021 0.0759259 0.00224636
0 0.263542 0.109722 0.00833333 0.0416667 0.00227104
9 0.582552 0.0439815 0.0109375 0.0416667 0.00250226
0 0.626042 0.644907 0.0239583 0.0435185 0.00270333
2 0.0046875 0.556481 0.009375 0.0444444 0.00278103
2 0.810156 0.0814815 0.0255208 0.0277778 0.00278483
2 0.772917 0.1125 0.015625 0.0287037 0.00293406
11 0.23776 0.0703704 0.0161458 0.0444444 0.0030265
0 0.75599 0.374537 0.0203125 0.0305556 0.00311365
2 0.300521 0.10787 0.078125 0.0898148 0.00326386
9 0.21849 0.0648148 0.0432292 0.0537037 0.00365411
9 0.26276 0.0851852 0.0078125 0.0351852 0.00370833
1 0.0122396 0.367593 0.0244792 0.0462963 0.00388387
7 0.213021 0.062037 0.0333333 0.0574074 0.00421787
0 0.442969 0.0986111 0.0182292 0.0509259 0.00456067
9 0.259375 0.0699074 0.0114583 0.0435185 0.0049927
9 0.571615 0.0319444 0.0140625 0.0601852 0.00500099
9 0.253906 0.0865741 0.0140625 0.037963 0.00518593
2 0.649219 0.15 0.0390625 0.0555556 0.00694632
2 0.782292 0.102778 0.0333333 0.0388889 0.00698796
9 0.361719 0.0708333 0.00885417 0.0231481 0.00798221
19 0.442708 0.0893519 0.0135417 0.0305556 0.00869949
11 0.606771 0.0615741 0.0104167 0.025 0.00892346
9 0.267188 0.0583333 0.0145833 0.0296296 0.00892901
9 0.208594 0.0680556 0.0234375 0.0435185 0.00913294
2 0.238802 0.143981 0.0192708 0.0361111 0.00959754
0 0.715625 0.373148 0.025 0.0277778 0.00962093
9 0.99349 0.510648 0.0119792 0.156481 0.0120225
2 0.339063 0.0875 0.0135417 0.0305556 0.0120487
1 0.00885417 0.406481 0.0177083 0.0962963 0.0126152
0 0.757292 0.0875 0.0125 0.075 0.0127599
0 0.613542 0.638426 0.0447917 0.0564815 0.0144338
2 0.270312 0.112037 0.0114583 0.037037 0.01579
2 0.816146 0.075 0.015625 0.0203704 0.0245423
9 0.26901 0.0351852 0.0223958 0.0666667 0.026334
2 0.789844 0.0898148 0.0192708 0.0185185 0.0283467
2 0.463021 0.112037 0.015625 0.0407407 0.0326669
1 0.00416667 0.410185 0.00833333 0.087037 0.0329141
0 0.635417 0.148611 0.009375 0.0490741 0.0599244
9 0.567448 0.0486111 0.00885417 0.025 0.0969911
2 0.295573 0.107407 0.0328125 0.0833333 0.106832
7 0.297135 0.106481 0.0348958 0.0814815 0.131202
2 0.321615 0.0875 0.0380208 0.0342593 0.251893
2 0.627865 0.122685 0.0255208 0.0509259 0.33577
7 0.50625 0.105556 0.0427083 0.062963 0.35316
2 0.473698 0.109722 0.0348958 0.0453704 0.411462
2 0.50625 0.105093 0.0427083 0.062037 0.442624
10 0.203906 0.316667 0.0171875 0.0703704 0.617135
2 0.31849 0.122222 0.0505208 0.0703704 0.712612
11 0.729427 0.0430556 0.0265625 0.0564815 0.7755
2 0.391406 0.211574 0.0744792 0.0972222 0.862652
2 0.730208 0.42037 0.122917 0.17037 0.918837
2 0.584896 0.696296 0.190625 0.296296 0.930006
