2 0.333594 0.0365741 0.0265625 0.0342593 0.00101869
7 0.332812 0.0407407 0.0291667 0.0444444 0.00103925
2 0.776042 0.105093 0.0239583 0.0361111 0.00104353
2 0.973437 0.519907 0.0520833 0.175 0.00104413
9 0.438281 0.205093 0.00885417 0.037963 0.00104629
13 0.96224 0.554167 0.0401042 0.0398148 0.00106822
2 0.0106771 0.0773148 0.0213542 0.0416667 0.00113006
0 0.75625 0.0717593 0.0104167 0.0361111 0.00114561
2 0.258594 0.0986111 0.0276042 0.0601852 0.0011729
2 0.413281 0.101852 0.291146 0.0925926 0.00117587
9 0.0578125 0.0226852 0.015625 0.0416667 0.0011948
9 0.254687 0.087963 0.01875 0.037037 0.00122395
2 0.294531 0.0569444 0.0119792 0.0398148 0.00123526
12 0.976042 0.505556 0.0458333 0.144444 0.001236
9 0.555469 0.0509259 0.0151042 0.0222222 0.00129524
9 0.441146 0.215741 0.0104167 0.037037 0.00137288
12 0.702344 0.137963 0.0223958 0.087037 0.00141866
0 0.754687 0.0907407 0.0135417 0.0722222 0.00144377
1 0.00442708 0.39537 0.00885417 0.111111 0.00152073
2 0.00625 0.087963 0.0125 0.0444444 0.00158418
11 0.239844 0.0361111 0.0213542 0.0685185 0.00175469
11 0.702344 0.119907 0.0213542 0.0472222 0.00176385
9 0.548177 0.0518519 0.0109375 0.0222222 0.00182035
9 0.242448 0.0893519 0.0109375 0.0361111 0.00182195
1 0.0119792 0.367593 0.0239583 0.0555556 0.00190124
9 0.264583 0.0402778 0.0197917 0.0638889 0.00195593
2 0.658854 0.135648 0.0822917 0.0842593 0.00197574
2 0.476042 0.105093 0.078125 0.0675926 0.00199306
2 0.641406 0.151389 0.0213542 0.062037 0.00200397
2 0.276823 0.115741 0.0265625 0.0537037 0.00201468
0 0.728646 0.372222 0.03125 0.0296296 0.00203844
2 0.442448 0.0861111 0.0140625 0.0259259 0.00207319
58 0.96901 0.494907 0.0317708 0.0935185 0.00208509
9 0.457812 0.0652778 0.00625 0.0287037 0.00215818
9 0.115104 0.0240741 0.0125 0.0407407 0.00217512
2 0.567708 0.107407 0.223958 0.0722222 0.00219083
9 0.582292 0.037037 0.0125 0.05 0.0022701
9 0.18724 0.0898148 0.0078125 0.0388889 0.0022967
9 0.994271 0.516667 0.0104167 0.172222 0.00230636
9 0.109115 0.0282407 0.0119792 0.0361111 0.00241008
13 0.99375 0.517593 0.0114583 0.172222 0.00244131
0 0.75625 0.374537 0.0208333 0.0324074 0.00248244
2 0.238542 0.138889 0.0197917 0.0425926 0.00272954
0 0.186979 0.105556 0.00729167 0.0462963 0.00276865
7 0.992969 0.51713 0.0130208 0.171296 0.00289703
2 0.60599 0.0592593 0.0109375 0.0240741 0.0030701
7 0.788021 0.0666667 0.025 0.062963 0.00325925
2 0.298438 0.108796 0.0333333 0.0768519 0.00370997
2 0.592188 0.124537 0.0177083 0.025 0.00378755
2 0.814583 0.0768519 0.0166667 0.0203704 0.00398519
11 0.236979 0.0657407 0.0166667 0.0388889 0.0040234
9 0.209375 0.0671296 0.0260417 0.0472222 0.00403796
9 0.263021 0.0888889 0.00833333 0.0388889 0.00514805
9 0.414844 0.0087963 0.0140625 0.0175926 0.0051909
0 0.28099 0.0875 0.0078125 0.0268519 0.00528319
13 0.970573 0.522685 0.0578125 0.184259 0.00529674
9 0.275781 0.0384259 0.0380208 0.075 0.00537708
7 0.970833 0.525926 0.0572917 0.2 0.00543608
9 0.572396 0.0310185 0.0135417 0.0583333 0.00603134
0 0.714583 0.372222 0.025 0.0259259 0.00667569
2 0.446094 0.116667 0.0244792 0.0222222 0.0068134
12 0.994792 0.504167 0.009375 0.156481 0.00727709
9 0.220313 0.087963 0.009375 0.0148148 0.0073786
9 0.442187 0.0865741 0.0135417 0.025 0.0078477
5 0.213021 0.062037 0.0333333 0.0592593 0.00790325
9 0.502344 0.759722 0.0119792 0.0527778 0.00813871
9 0.26849 0.049537 0.0192708 0.0398148 0.00996289
0 0.286458 0.119444 0.0166667 0.0611111 0.0100116
9 0.21849 0.0555556 0.0213542 0.0444444 0.0104493
7 0.219792 0.0671296 0.0510417 0.0675926 0.0123836
9 0.26849 0.0226852 0.0213542 0.0398148 0.0130172
2 0.286458 0.122222 0.015625 0.0537037 0.0132414
5 0.219792 0.0759259 0.0520833 0.0759259 0.014321
2 0.784896 0.0884259 0.0145833 0.025 0.0165416
2 0.292188 0.0671296 0.0145833 0.0231481 0.0181423
7 0.275781 0.037963 0.0380208 0.0740741 0.0202528
2 0.271094 0.110185 0.0151042 0.037037 0.0219612
2 0.634896 0.147222 0.0114583 0.0574074 0.0316764
2 0.489062 0.10787 0.0135417 0.0490741 0.0409779
9 0.566667 0.0476852 0.00833333 0.0231481 0.0499648
2 0.322917 0.0759259 0.0385417 0.0259259 0.0553058
2 0.461979 0.113889 0.0125 0.0351852 0.0953176
7 0.327344 0.0527778 0.0411458 0.0462963 0.111511
2 0.31276 0.0587963 0.0182292 0.0268519 0.113742
2 0.467969 0.110648 0.0182292 0.0416667 0.167871
2 0.327865 0.0537037 0.0390625 0.0444444 0.179745
2 0.321875 0.0888889 0.0385417 0.0351852 0.197122
2 0.479167 0.109722 0.0197917 0.0435185 0.232653
7 0.505729 0.103704 0.0427083 0.062963 0.43419
2 0.50599 0.103704 0.0421875 0.062963 0.436045
2 0.626823 0.121759 0.0255208 0.0509259 0.5971
2 0.317969 0.12037 0.0515625 0.0722222 0.669247
10 0.203906 0.314815 0.0161458 0.0722222 0.756631
11 0.728906 0.0430556 0.0276042 0.0564815 0.811597
2 0.729427 0.418981 0.122396 0.169444 0.907796
