2 0.381771 0.0625 0.015625 0.0212963 0.00104187
2 0.648958 0.148148 0.0375 0.0611111 0.00106453
13 0.970573 0.550926 0.0578125 0.118519 0.00108336
13 0.985677 0.520833 0.0276042 0.176852 0.00109419
0 0.00520833 0.47037 0.0104167 0.224074 0.00114581
2 0.653385 0.138426 0.0776042 0.0787037 0.00118026
9 0.991146 0.511574 0.0166667 0.158333 0.00118256
12 0.702083 0.164815 0.01875 0.0388889 0.00128621
2 0.0046875 0.556019 0.009375 0.0435185 0.00130469
7 0.988802 0.52037 0.0213542 0.188889 0.00134212
0 0.221615 0.431944 0.0223958 0.125 0.00136411
7 0.970573 0.530556 0.0578125 0.209259 0.00136725
12 0.995313 0.52963 0.00833333 0.0333333 0.00144752
10 0.945833 0.309722 0.009375 0.062037 0.0014592
12 0.702083 0.140278 0.0229167 0.0861111 0.00148349
11 0.240104 0.037963 0.0229167 0.0722222 0.00167093
0 0.777865 0.685185 0.0515625 0.211111 0.0016858
58 0.921615 0.181944 0.155729 0.362037 0.00169258
2 0.390885 0.102315 0.213021 0.0768519 0.00185865
9 0.502083 0.759259 0.0135417 0.0555556 0.00186811
7 0.273177 0.0476852 0.0265625 0.0527778 0.00197985
12 0.976042 0.499074 0.0447917 0.125926 0.00206221
0 0.716406 0.371759 0.0234375 0.0287037 0.00215778
7 0.220833 0.0875 0.053125 0.115741 0.00220517
11 0.236719 0.0712963 0.0171875 0.05 0.00256724
9 0.263281 0.0898148 0.0078125 0.0444444 0.00256928
7 0.267708 0.0773148 0.0697917 0.123148 0.00262478
0 0.755729 0.0916667 0.0145833 0.0759259 0.00267156
2 0.478385 0.106019 0.0817708 0.0657407 0.00281927
9 0.294531 0.0560185 0.0109375 0.0435185 0.00288149
2 0.560938 0.108796 0.255208 0.0712963 0.00308682
0 0.282031 0.0888889 0.00989583 0.0333333 0.00330028
1 0.0101562 0.469444 0.0203125 0.225926 0.00338362
1 0.197656 0.480093 0.0119792 0.075 0.0034625
58 0.96849 0.496759 0.0307292 0.0898148 0.00376339
2 0.238281 0.139815 0.0192708 0.0425926 0.00378897
9 0.582292 0.0361111 0.0135417 0.0555556 0.00395847
0 0.286198 0.117593 0.0151042 0.062963 0.00421107
1 0.221094 0.479167 0.0234375 0.117593 0.00421969
0 0.266406 0.0990741 0.0109375 0.0555556 0.00423471
2 0.269792 0.0486111 0.0197917 0.0398148 0.00424651
2 0.779688 0.102315 0.0302083 0.0490741 0.00428802
2 0.592969 0.125 0.0171875 0.0240741 0.00430925
0 0.444271 0.0972222 0.01875 0.0555556 0.0049294
2 0.270052 0.106019 0.0130208 0.0453704 0.00589935
24 0.21276 0.422685 0.0265625 0.0731481 0.00604401
9 0.269531 0.0347222 0.0234375 0.0657407 0.00658188
0 0.458073 0.0652778 0.00989583 0.0305556 0.00711199
24 0.214062 0.399537 0.0208333 0.0527778 0.0073045
11 0.60599 0.0587963 0.00989583 0.0287037 0.00750272
2 0.29349 0.0671296 0.0119792 0.025 0.00797507
2 0.292708 0.108333 0.025 0.0666667 0.008018
12 0.994271 0.493056 0.0104167 0.125 0.0100341
9 0.573177 0.0310185 0.0151042 0.0583333 0.0102953
1 0.00390625 0.416667 0.0078125 0.0666667 0.0105897
2 0.363542 0.0657407 0.0114583 0.0185185 0.0124885
2 0.635156 0.147222 0.0109375 0.0537037 0.0127687
0 0.635156 0.148611 0.00989583 0.0509259 0.0135684
2 0.785937 0.0888889 0.0145833 0.0240741 0.022047
1 0.0132813 0.4 0.0265625 0.101852 0.0249099
7 0.216406 0.0643518 0.0432292 0.0638889 0.0262138
7 0.278385 0.0421296 0.0421875 0.0824074 0.0378572
2 0.488542 0.106944 0.0135417 0.0509259 0.0410038
5 0.220313 0.0675926 0.05 0.0685185 0.0462104
2 0.461458 0.113426 0.0125 0.0361111 0.0480051
9 0.567187 0.0476852 0.00833333 0.0231481 0.0596564
0 0.442187 0.0842593 0.0125 0.0314815 0.0815477
2 0.480729 0.108796 0.0229167 0.0453704 0.172817
2 0.467969 0.110185 0.0234375 0.0425926 0.229046
2 0.322396 0.0851852 0.0364583 0.0351852 0.406225
2 0.410677 0.0662037 0.0203125 0.0268519 0.436193
1 0.208073 0.5 0.0296875 0.124074 0.448719
2 0.627344 0.122222 0.0255208 0.0518519 0.515644
2 0.429427 0.0680556 0.0317708 0.0268519 0.578221
2 0.50625 0.104167 0.0427083 0.062037 0.620045
2 0.318229 0.121759 0.0510417 0.0712963 0.746858
11 0.729167 0.0430556 0.0270833 0.0564815 0.803259
10 0.204167 0.314815 0.015625 0.0703704 0.820926
0 0.214062 0.449537 0.0364583 0.173148 0.822163
2 0.729427 0.419444 0.122396 0.172222 0.90177
