58 0.91901 0.183796 0.161979 0.363889 0.0010031
2 0.264062 0.105556 0.009375 0.0481481 0.00106166
2 0.477344 0.191204 0.477604 0.24537 0.00108934
2 0.97526 0.496296 0.0453125 0.125926 0.00109182
0 0.263281 0.0875 0.00885417 0.0361111 0.00112485
9 0.263021 0.0412037 0.0177083 0.062037 0.00114984
12 0.689844 0.166204 0.0130208 0.0361111 0.00118128
0 0.758073 0.116204 0.0130208 0.0490741 0.00126175
13 0.961979 0.554167 0.0395833 0.0398148 0.00126242
2 0.298698 0.10463 0.117188 0.0907407 0.00133856
0 0.1875 0.110648 0.00729167 0.0453704 0.00140507
9 0.253385 0.0851852 0.0130208 0.037037 0.00141217
2 0.775 0.121296 0.0208333 0.0425926 0.00147322
9 0.259115 0.0763889 0.0119792 0.0490741 0.00150371
12 0.69375 0.163889 0.00729167 0.0388889 0.00152132
9 0.570312 0.0324074 0.0135417 0.0592593 0.00162616
0 0.716406 0.372222 0.0234375 0.0259259 0.00173531
9 0.50026 0.603241 0.0161458 0.0416667 0.00177713
0 0.635677 0.150926 0.0119792 0.062963 0.0017817
2 0.58724 0.427315 0.702604 0.184259 0.00180933
13 0.99375 0.518056 0.0114583 0.173148 0.0018536
12 0.702344 0.130556 0.0223958 0.0666667 0.00200086
2 0.339323 0.0787037 0.0140625 0.0296296 0.00201412
0 0.463802 0.3375 0.707812 0.449074 0.00209842
9 0.293229 0.0560185 0.009375 0.0416667 0.00210251
7 0.970312 0.528241 0.0583333 0.212037 0.00212648
9 0.547917 0.0518519 0.0104167 0.0259259 0.00222146
58 0.96849 0.493056 0.0296875 0.0916667 0.00226856
2 0.639323 0.129167 0.0494792 0.0638889 0.00229514
9 0.292448 0.0680556 0.00989583 0.0212963 0.00254601
12 0.975 0.49537 0.0416667 0.124074 0.00255299
12 0.701823 0.164352 0.0192708 0.037963 0.00257204
2 0.276302 0.115741 0.0276042 0.0555556 0.00265998
2 0.200781 0.243981 0.0182292 0.0138889 0.00273141
2 0.442448 0.110185 0.380729 0.0759259 0.00288304
2 0.440104 0.108333 0.0135417 0.0481481 0.00292768
7 0.220313 0.0523148 0.0541667 0.0898148 0.00305041
2 0.813802 0.075 0.0182292 0.0185185 0.00328176
0 0.266927 0.0986111 0.0109375 0.0546296 0.00365364
9 0.109635 0.0282407 0.0130208 0.0361111 0.0036845
13 0.970833 0.522222 0.0572917 0.188889 0.0036994
2 0.648698 0.147222 0.0369792 0.0611111 0.00389195
0 0.35651 0.244444 0.0192708 0.0277778 0.00412553
2 0.375 0.110185 0.169792 0.0703704 0.00479608
2 0.310156 0.0824074 0.0213542 0.0351852 0.00518909
11 0.236979 0.0703704 0.0177083 0.0481481 0.00571794
12 0.994531 0.495833 0.00989583 0.137963 0.00629605
7 0.211719 0.0652778 0.0348958 0.0564815 0.00635404
11 0.605729 0.0597222 0.009375 0.0212963 0.00705255
9 0.20625 0.0680556 0.0208333 0.0453704 0.00706959
2 0.593229 0.125463 0.0166667 0.025 0.00736365
2 0.238542 0.140741 0.01875 0.0425926 0.00736463
9 0.115104 0.0231481 0.0125 0.037037 0.00793332
5 0.217969 0.0657407 0.0473958 0.0592593 0.00923547
1 0.0138021 0.396759 0.0276042 0.108333 0.0111594
2 0.635417 0.148148 0.009375 0.0518519 0.0125732
0 0.757812 0.0916667 0.0145833 0.0814815 0.01274
1 0.0046875 0.399074 0.009375 0.105556 0.0127403
1 0.0518229 0.161574 0.0671875 0.0787037 0.0138967
9 0.269792 0.0328704 0.0197917 0.0527778 0.014017
2 0.491146 0.10463 0.0145833 0.0592593 0.0149947
0 0.284115 0.109722 0.0109375 0.0638889 0.0170989
0 0.442708 0.102778 0.0166667 0.0592593 0.0174029
2 0.269792 0.111111 0.0125 0.0351852 0.0179422
2 0.785417 0.087037 0.0145833 0.0240741 0.0186645
0 0.36276 0.0689815 0.00989583 0.025 0.0277849
2 0.290365 0.118981 0.0213542 0.0583333 0.0302234
2 0.443229 0.0893519 0.0166667 0.0287037 0.0308777
9 0.567448 0.0481481 0.0078125 0.0240741 0.035345
9 0.502344 0.757407 0.0130208 0.0611111 0.0507499
9 0.222656 0.0611111 0.0119792 0.0388889 0.0541811
2 0.322135 0.087037 0.0369792 0.0351852 0.331503
2 0.627604 0.122222 0.025 0.0518519 0.470112
2 0.465365 0.101389 0.0463542 0.0712963 0.50902
2 0.506771 0.104167 0.0416667 0.062037 0.599681
2 0.31849 0.122222 0.0515625 0.0685185 0.767258
2 0.390104 0.101389 0.034375 0.0490741 0.79877
11 0.729427 0.0430556 0.0265625 0.0564815 0.810679
10 0.203906 0.315741 0.0171875 0.0722222 0.826252
2 0.37526 0.27963 0.103646 0.157407 0.890995
2 0.729688 0.42037 0.122917 0.17037 0.914879
