9 0.995313 0.530556 0.00833333 0.0314815 0.00100776
9 0.261458 0.0462963 0.0135417 0.05 0.00101879
2 0.44401 0.111111 0.0463542 0.0388889 0.00104354
7 0.29401 0.0796296 0.0223958 0.0296296 0.00104824
9 0.107552 0.0287037 0.0119792 0.0388889 0.00105079
13 0.985417 0.518056 0.028125 0.175 0.00105095
0 0.6875 0.405556 0.2625 0.233333 0.0010621
0 0.171615 0.107407 0.00885417 0.0333333 0.00110586
0 0.692448 0.164352 0.0078125 0.0398148 0.00111329
0 0.826823 0.183796 0.0359375 0.119444 0.00111539
1 0.624219 0.337963 0.0317708 0.137037 0.00115193
2 0.794792 0.0842593 0.034375 0.0314815 0.001152
9 0.50026 0.601852 0.0151042 0.0407407 0.00124158
1 0.829687 0.208333 0.0416667 0.0925926 0.0013126
9 0.263281 0.0893519 0.0078125 0.037963 0.00135207
2 0.21901 0.108796 0.0557292 0.0416667 0.00136753
0 0.846354 0.186574 0.00729167 0.0342593 0.00138025
9 0.27474 0.0439815 0.0359375 0.0842593 0.00140572
2 0.834635 0.188889 0.0526042 0.127778 0.00144603
32 0.460417 0.355556 0.0114583 0.0166667 0.00152385
9 0.261979 0.0222222 0.0135417 0.0388889 0.00153522
2 0.784115 0.102315 0.0390625 0.0564815 0.00156341
2 0.536458 0.111574 0.0104167 0.0453704 0.00157518
7 0.294531 0.106019 0.0859375 0.0953704 0.00165826
2 0.567448 0.109722 0.233854 0.0638889 0.00166388
0 0.731771 0.373611 0.025 0.0268519 0.00169633
0 0.758333 0.374074 0.0197917 0.0314815 0.0017318
2 0.263281 0.107407 0.00885417 0.0444444 0.00174799
7 0.970573 0.524074 0.0578125 0.196296 0.00177083
9 0.442969 0.2375 0.0109375 0.0287037 0.00180682
1 0.0109375 0.366204 0.021875 0.0416667 0.00181464
2 0.219271 0.134259 0.0572917 0.0537037 0.00189453
7 0.233073 0.0689815 0.0244792 0.0490741 0.00190674
2 0.53151 0.1125 0.0140625 0.0435185 0.00192876
2 0.242708 0.106481 0.0145833 0.0314815 0.00200203
3 0.828646 0.193056 0.0395833 0.121296 0.00212826
7 0.988802 0.51713 0.0213542 0.184259 0.00216632
9 0.58125 0.0337963 0.0125 0.0564815 0.00222997
9 0.547917 0.0523148 0.0104167 0.025 0.00225149
1 0.810938 0.331019 0.0177083 0.0916667 0.0022973
2 0.00546875 0.0930556 0.0109375 0.0490741 0.00236625
58 0.967969 0.497685 0.0286458 0.0916667 0.0023869
2 0.304948 0.130093 0.0296875 0.0583333 0.00244834
2 0.40625 0.111574 0.109375 0.0546296 0.00247416
5 0.213802 0.0625 0.0348958 0.0583333 0.00249467
7 0.788281 0.0666667 0.0244792 0.0648148 0.0025818
0 0.459896 0.235185 0.430208 0.337037 0.00271082
2 0.502865 0.102778 0.0380208 0.0611111 0.00277302
9 0.439844 0.205556 0.0130208 0.0425926 0.0028318
2 0.340104 0.074537 0.0145833 0.0212963 0.00298295
7 0.316406 0.0828704 0.0432292 0.0361111 0.00306584
2 0.813802 0.187037 0.0182292 0.124074 0.0030946
0 0.75599 0.0763889 0.0109375 0.0453704 0.00309626
2 0.825781 0.187963 0.0307292 0.0907407 0.00336769
2 0.355208 0.112963 0.134375 0.0685185 0.00337042
1 0.638542 0.294444 0.015625 0.0611111 0.00352454
9 0.994531 0.500926 0.00989583 0.148148 0.0036715
7 0.219531 0.062963 0.0494792 0.0666667 0.00369457
0 0.715365 0.373148 0.0223958 0.0240741 0.00375737
2 0.811719 0.0759259 0.0161458 0.0185185 0.00383382
12 0.99375 0.500463 0.0114583 0.141667 0.00394398
1 0.0132813 0.393056 0.0265625 0.113889 0.0040464
2 0.442708 0.087037 0.0145833 0.0277778 0.0041193
9 0.269531 0.0490741 0.0203125 0.0388889 0.00423139
3 0.479948 0.113426 0.0192708 0.0416667 0.00448184
2 0.477865 0.110185 0.0578125 0.05 0.00473414
2 0.59349 0.126389 0.0161458 0.0231481 0.0050603
32 0.453906 0.314352 0.00885417 0.0157407 0.00525633
9 0.441146 0.227778 0.0104167 0.0222222 0.00600749
9 0.502604 0.760185 0.0125 0.0555556 0.00668521
9 0.222135 0.0652778 0.0203125 0.0490741 0.00669494
2 0.446615 0.113426 0.0244792 0.0268519 0.0073338
9 0.219792 0.0884259 0.009375 0.0157407 0.00760935
9 0.458073 0.0662037 0.0078125 0.0268519 0.00812281
2 0.60599 0.0592593 0.00989583 0.0259259 0.00863691
1 0.00494792 0.389815 0.00989583 0.114815 0.00872098
9 0.207292 0.0694444 0.0197917 0.0407407 0.00944693
11 0.236979 0.0666667 0.0166667 0.0388889 0.0110693
9 0.572656 0.0314815 0.0140625 0.0592593 0.011176
2 0.285677 0.118519 0.0140625 0.0648148 0.0114666
9 0.26901 0.0203704 0.0203125 0.0333333 0.0117983
19 0.442708 0.0875 0.0135417 0.0268519 0.0126479
2 0.238802 0.139815 0.0182292 0.0425926 0.0145182
2 0.271354 0.110648 0.0145833 0.037963 0.0160087
9 0.222656 0.0532407 0.0140625 0.037963 0.0161086
2 0.7875 0.087963 0.0177083 0.0259259 0.0214361
2 0.292188 0.1125 0.0260417 0.0731481 0.0264659
2 0.363802 0.0675926 0.0119792 0.0203704 0.0300363
2 0.48724 0.109722 0.0130208 0.0453704 0.0452868
0 0.635156 0.149537 0.00885417 0.0509259 0.0604323
3 0.815365 0.200926 0.0140625 0.1 0.0757899
7 0.319531 0.099537 0.0453125 0.0601852 0.0768025
2 0.464583 0.112037 0.015625 0.037037 0.0921016
7 0.296354 0.107407 0.0375 0.0833333 0.106228
0 0.4625 0.114352 0.0125 0.0342593 0.106437
9 0.567448 0.0481481 0.0078125 0.0240741 0.132413
2 0.479167 0.111574 0.0166667 0.0398148 0.162561
0 0.815885 0.181019 0.0140625 0.110185 0.182549
2 0.322135 0.087037 0.0380208 0.0351852 0.193926
2 0.627083 0.122222 0.0260417 0.0537037 0.367318
1 0.622396 0.306019 0.0197917 0.0509259 0.434137
7 0.50651 0.103241 0.0411458 0.0638889 0.574186
2 0.317969 0.121759 0.0515625 0.0712963 0.607573
2 0.399479 0.109259 0.034375 0.0444444 0.685007
0 0.62474 0.263889 0.0276042 0.0962963 0.739057
10 0.204167 0.315741 0.0166667 0.0722222 0.78477
11 0.729167 0.0430556 0.0270833 0.0564815 0.80044
2 0.729688 0.419444 0.122917 0.172222 0.897196
