2 0.817187 0.233333 0.009375 0.0407407 0.00100512
2 0.783073 0.106019 0.0369792 0.0546296 0.00100598
2 0.0333333 0.062963 0.01875 0.0222222 0.00101373
13 0.970833 0.530556 0.0572917 0.168519 0.00103138
0 0.336458 0.525 0.0875 0.753704 0.00107868
2 0.596094 0.119444 0.0130208 0.0351852 0.00110102
0 0.757552 0.373611 0.0192708 0.0305556 0.00110178
9 0.264323 0.0861111 0.0109375 0.0333333 0.00110861
0 0.995313 0.326389 0.00833333 0.0527778 0.00112591
32 0.453646 0.315741 0.009375 0.0148148 0.00118801
12 0.988021 0.514815 0.0229167 0.164815 0.00122272
2 0.654167 0.141204 0.075 0.0805556 0.00124628
9 0.416146 0.0111111 0.015625 0.0222222 0.00124662
2 0.286719 0.075 0.0213542 0.0314815 0.00132738
1 0.810938 0.331481 0.01875 0.0925926 0.00132913
12 0.691927 0.164815 0.00885417 0.0388889 0.00136426
58 0.968229 0.49537 0.0302083 0.0888889 0.00140283
9 0.500521 0.602778 0.015625 0.0388889 0.00149427
2 0.295833 0.103241 0.0802083 0.0972222 0.00153987
2 0.771615 0.113426 0.0140625 0.0287037 0.00157596
2 0.227083 0.133796 0.0416667 0.0583333 0.00159179
58 0.995313 0.325463 0.00833333 0.0546296 0.00165578
7 0.795313 0.0625 0.0375 0.0601852 0.00168804
2 0.79375 0.0842593 0.0354167 0.0333333 0.00178198
9 0.816667 0.234259 0.009375 0.0407407 0.00179567
7 0.221615 0.0902778 0.0526042 0.125 0.00194929
12 0.995313 0.525463 0.00833333 0.0583333 0.00196025
11 0.221354 0.0652778 0.0510417 0.0638889 0.00206824
0 0.26276 0.106481 0.00885417 0.0462963 0.00223503
5 0.211198 0.0675926 0.0317708 0.0537037 0.00225741
0 0.716146 0.373148 0.0239583 0.0259259 0.00231751
9 0.290104 0.0277778 0.0114583 0.037037 0.0023457
2 0.454167 0.112037 0.361458 0.0962963 0.00271802
2 0.363542 0.0685185 0.0114583 0.0222222 0.00313474
0 0.266927 0.0990741 0.0109375 0.0518519 0.00365553
9 0.21849 0.0865741 0.00989583 0.0175926 0.00369246
2 0.434635 0.0875 0.00989583 0.025 0.00376036
9 0.293229 0.0527778 0.00833333 0.0425926 0.003839
9 0.28724 0.037037 0.0130208 0.062963 0.00451705
2 0.65026 0.15 0.0390625 0.0592593 0.00459946
9 0.567969 0.0319444 0.0109375 0.0583333 0.00615293
2 0.0257812 0.352315 0.0494792 0.0231481 0.00691571
9 0.114844 0.0236111 0.0192708 0.0435185 0.00703428
2 0.239323 0.106944 0.0161458 0.037963 0.00707373
12 0.75599 0.0930556 0.0130208 0.075 0.00764256
12 0.994271 0.495833 0.0104167 0.128704 0.00852449
2 0.0119792 0.368056 0.0239583 0.0435185 0.00911911
2 0.0255208 0.368981 0.0510417 0.0601852 0.00912452
9 0.3625 0.0694444 0.009375 0.0240741 0.0100553
9 0.502344 0.760185 0.0119792 0.0537037 0.0104857
2 0.592708 0.126852 0.0166667 0.0222222 0.0107672
2 0.271875 0.108333 0.0145833 0.0407407 0.0112596
11 0.23776 0.0685185 0.0161458 0.0425926 0.0112673
2 0.786198 0.0902778 0.0151042 0.0212963 0.0118864
1 0.0247396 0.394907 0.0494792 0.112037 0.0126478
1 0.00546875 0.375463 0.0109375 0.0675926 0.0136897
2 0.339323 0.0912037 0.0130208 0.0342593 0.0176442
11 0.60625 0.0587963 0.009375 0.025 0.0206069
2 0.635156 0.146296 0.0109375 0.0555556 0.0247817
7 0.213542 0.0634259 0.0364583 0.0638889 0.0259804
1 0.009375 0.396759 0.01875 0.110185 0.0271747
2 0.238281 0.141204 0.0182292 0.0416667 0.0282977
0 0.635417 0.148611 0.009375 0.0527778 0.0283066
0 0.00416667 0.4 0.00833333 0.0981481 0.0284217
2 0.493229 0.10463 0.0197917 0.0574074 0.0286196
2 0.28776 0.110648 0.0192708 0.0768519 0.031811
9 0.567187 0.0481481 0.00833333 0.0240741 0.0380097
1 0.00442708 0.404167 0.00885417 0.0953704 0.0394431
0 0.427865 0.0587963 0.00885417 0.0342593 0.0779703
9 0.269271 0.0356481 0.0208333 0.0675926 0.0851272
2 0.298698 0.106019 0.0411458 0.0824074 0.163272
2 0.485938 0.106944 0.01875 0.0509259 0.184892
2 0.322135 0.0888889 0.0380208 0.0388889 0.347931
2 0.627344 0.120833 0.0255208 0.0490741 0.392523
2 0.507031 0.10463 0.0411458 0.0611111 0.542992
10 0.203646 0.315741 0.0166667 0.0703704 0.711859
2 0.456771 0.100463 0.0489583 0.0694444 0.742439
2 0.318229 0.121296 0.0510417 0.0722222 0.742507
11 0.729167 0.0430556 0.0270833 0.0564815 0.811932
2 0.729948 0.419444 0.122396 0.172222 0.910617
