9 0.548958 0.0611111 0.0125 0.0259259 0.00101364
12 0.99375 0.519907 0.0114583 0.169444 0.00101403
12 0.98151 0.503704 0.0348958 0.137037 0.00104176
2 0.233854 0.105556 0.0208333 0.0407407 0.00109063
1 0.809896 0.328704 0.021875 0.0925926 0.00109858
2 0.586458 0.128241 0.03125 0.0324074 0.00110512
11 0.23724 0.0680556 0.0171875 0.0416667 0.00118541
0 0.240365 0.970833 0.0713542 0.0546296 0.00122939
0 0.759115 0.116667 0.0130208 0.0555556 0.00126098
9 0.261198 0.0449074 0.0140625 0.0527778 0.00133375
1 0.00755208 0.169907 0.0151042 0.0546296 0.00133509
2 0.744792 0.173148 0.0239583 0.0314815 0.00133751
9 0.979948 0.500926 0.0369792 0.131481 0.00149302
2 0.297656 0.0953704 0.0401042 0.0851852 0.00152661
1 0.102344 0.160648 0.0661458 0.0694444 0.00160895
2 0.100781 0.139815 0.0223958 0.0314815 0.0016154
2 0.220573 0.133796 0.0567708 0.0583333 0.00162827
9 0.253646 0.0865741 0.0125 0.0287037 0.0016511
2 0.546094 0.111111 0.252604 0.0685185 0.00172288
2 0.530469 0.108796 0.0140625 0.0472222 0.00187079
0 0.263021 0.110185 0.009375 0.0425926 0.00189105
1 0.0364583 0.168056 0.0510417 0.062037 0.00191554
2 0.616927 0.111574 0.0473958 0.0527778 0.00195154
9 0.263281 0.0861111 0.0078125 0.0296296 0.00198814
2 0.6625 0.149537 0.0666667 0.075 0.00210485
32 0.454688 0.315741 0.00729167 0.0148148 0.00215809
1 0.0184896 0.171759 0.0359375 0.0601852 0.00228283
9 0.990104 0.516667 0.01875 0.164815 0.00240979
1 0.00494792 0.377778 0.00989583 0.15 0.00249833
2 0.78125 0.103704 0.0333333 0.0425926 0.00257435
2 0.640885 0.13287 0.0515625 0.0694444 0.00261324
0 0.635417 0.151852 0.0125 0.0611111 0.00265793
9 0.271354 0.0384259 0.025 0.0712963 0.00273429
0 0.129167 0.168056 0.0145833 0.0472222 0.0027678
2 0.814583 0.075463 0.0166667 0.0157407 0.00276995
2 0.786719 0.0842593 0.0140625 0.0203704 0.00302589
9 0.257292 0.0703704 0.009375 0.0407407 0.00306683
2 0.369792 0.109259 0.171875 0.0722222 0.00318026
10 0.128906 0.173611 0.0130208 0.0416667 0.00323356
0 0.75625 0.374537 0.0208333 0.0305556 0.00324003
2 0.109635 0.155556 0.0473958 0.062963 0.00330675
2 0.00390625 0.410185 0.0078125 0.087037 0.00338094
0 0.733073 0.371296 0.0255208 0.0314815 0.00348356
1 0.00364583 0.410185 0.00729167 0.0851852 0.00353987
9 0.566927 0.0324074 0.0130208 0.0574074 0.0035409
0 0.283333 0.969907 0.111458 0.0583333 0.00421598
2 0.776042 0.108796 0.0208333 0.0268519 0.00423563
11 0.240625 0.0319444 0.0208333 0.0564815 0.00442109
0 0.0971354 0.1375 0.0130208 0.0305556 0.00446848
2 0.460677 0.108796 0.0505208 0.0490741 0.00457906
9 0.994792 0.49537 0.009375 0.125926 0.0051729
0 0.757292 0.0935185 0.0114583 0.0814815 0.00582363
7 0.220833 0.0703704 0.0510417 0.0592593 0.00722815
2 0.649219 0.149537 0.0369792 0.0564815 0.00789974
0 0.716146 0.371759 0.025 0.0305556 0.00814041
2 0.592969 0.129167 0.0182292 0.0231481 0.00835523
9 0.210417 0.0675926 0.0260417 0.0444444 0.00901483
9 0.443229 0.0884259 0.0125 0.025 0.00936243
11 0.60651 0.0615741 0.00989583 0.025 0.00950096
5 0.220833 0.0726852 0.0510417 0.062037 0.0114189
0 0.243229 0.97963 0.03125 0.0388889 0.0117731
0 0.296094 0.975926 0.0526042 0.0462963 0.011933
2 0.270833 0.10787 0.0125 0.0398148 0.0137174
2 0.238802 0.140741 0.0203125 0.0425926 0.0141532
2 0.635677 0.148611 0.0109375 0.0490741 0.0164132
0 0.339844 0.977315 0.0473958 0.0435185 0.0165049
9 0.270312 0.0472222 0.01875 0.0425926 0.0169931
9 0.114323 0.0263889 0.0130208 0.0342593 0.0170576
2 0.785937 0.0912037 0.0145833 0.0194444 0.0171702
2 0.446354 0.110648 0.025 0.0361111 0.0176308
9 0.500781 0.602778 0.0161458 0.0462963 0.0228251
2 0.442448 0.0861111 0.0151042 0.0259259 0.0275348
62 0.683333 0.645833 0.0625 0.0805556 0.0439856
2 0.305208 0.0791667 0.0239583 0.0287037 0.0540417
9 0.567708 0.049537 0.009375 0.0231481 0.0595709
7 0.294271 0.113426 0.0291667 0.0675926 0.0599773
2 0.292188 0.123611 0.0208333 0.0527778 0.0728658
2 0.530208 0.0833333 0.0177083 0.0222222 0.116305
7 0.303125 0.0666667 0.025 0.037037 0.12514
2 0.461979 0.113889 0.0125 0.037037 0.151574
2 0.303125 0.0662037 0.025 0.0361111 0.214618
2 0.323177 0.0856481 0.0348958 0.0342593 0.268943
2 0.479948 0.110185 0.0244792 0.0444444 0.375958
2 0.628385 0.123148 0.0244792 0.0518519 0.376056
2 0.50625 0.103704 0.0427083 0.0666667 0.412124
7 0.50651 0.10463 0.0432292 0.0648148 0.444754
7 0.672396 0.683796 0.211458 0.365741 0.66403
2 0.31875 0.123148 0.05 0.0685185 0.731435
11 0.729427 0.0430556 0.0265625 0.0546296 0.737583
10 0.204167 0.315741 0.0166667 0.0703704 0.836964
2 0.417708 0.111574 0.03125 0.0416667 0.843577
2 0.730469 0.419444 0.122396 0.17037 0.902826
2 0.301302 0.921296 0.216146 0.155556 0.912655
