2 0.715885 0.188426 0.0140625 0.0490741 0.00104565
11 0.745573 0.0402778 0.0640625 0.0768519 0.00107146
2 0.36224 0.0763889 0.00989583 0.0287037 0.00108301
11 0.702083 0.12037 0.0208333 0.0425926 0.00110746
9 0.549219 0.0365741 0.0140625 0.0564815 0.00110959
2 0.648698 0.149537 0.0390625 0.0583333 0.00111044
32 0.469271 0.410185 0.0114583 0.0259259 0.00111653
9 0.414844 0.00972222 0.0151042 0.0194444 0.00122464
2 0.245312 0.10787 0.0114583 0.0305556 0.00123867
2 0.301042 0.132407 0.0229167 0.0518519 0.00127458
2 0.579687 0.109722 0.301042 0.075 0.00129464
9 0.576302 0.0333333 0.0140625 0.0648148 0.00129804
13 0.971875 0.523148 0.0552083 0.181481 0.00130677
9 0.559896 0.05 0.021875 0.0277778 0.00131993
58 0.915885 0.253241 0.168229 0.499074 0.00132391
12 0.716146 0.172222 0.0145833 0.0777778 0.0013256
0 0.521875 0.301389 0.579167 0.525 0.00134997
2 0.0635417 0.0722222 0.0270833 0.0240741 0.00138296
9 0.108333 0.0347222 0.0104167 0.0305556 0.00140517
9 0.289583 0.0342593 0.0145833 0.0481481 0.00151811
9 0.254167 0.0861111 0.0145833 0.0351852 0.00152046
0 0.73151 0.372685 0.0296875 0.0287037 0.00152175
2 0.546354 0.422222 0.580208 0.183333 0.0016291
2 0.353646 0.110185 0.025 0.0407407 0.00168315
9 0.188021 0.0796296 0.00729167 0.0259259 0.00185886
0 0.00520833 0.369444 0.0104167 0.0759259 0.00191745
9 0.990625 0.5 0.0177083 0.12963 0.00206745
2 0.273958 0.118519 0.0208333 0.0462963 0.00229918
9 0.76875 0.0337963 0.0208333 0.0657407 0.00233243
9 0.263542 0.0791667 0.0104167 0.0416667 0.00239499
13 0.0125 0.365741 0.025 0.0537037 0.00247508
0 0.757292 0.0828704 0.0145833 0.0583333 0.00249512
9 0.756771 0.0782407 0.0125 0.0527778 0.00251261
2 0.344271 0.106481 0.0104167 0.0407407 0.00252334
2 0.421354 0.110648 0.226042 0.0675926 0.00263137
2 0.290104 0.0814815 0.015625 0.0314815 0.00280675
9 0.259635 0.0736111 0.0119792 0.0453704 0.00296703
9 0.267969 0.0944444 0.00989583 0.0407407 0.00297299
9 0.19349 0.0837963 0.00572917 0.0194444 0.00317105
1 0.009375 0.392593 0.01875 0.118519 0.00317119
12 0.975781 0.497685 0.0421875 0.126852 0.00319467
2 0.634896 0.150463 0.0125 0.062037 0.00324117
9 0.214583 0.0625 0.0354167 0.0583333 0.003259
12 0.693229 0.165278 0.00729167 0.0398148 0.00332122
9 0.275521 0.0486111 0.0395833 0.0935185 0.00338456
0 0.709115 0.374074 0.0192708 0.0240741 0.00380968
2 0.480469 0.109259 0.0713542 0.0592593 0.00389618
0 0.285677 0.118981 0.0151042 0.062037 0.00412495
0 0.716146 0.372222 0.0229167 0.0259259 0.00414583
9 0.454427 0.314815 0.0078125 0.012963 0.00448875
9 0.548177 0.0523148 0.0109375 0.0268519 0.00455169
2 0.238542 0.14213 0.01875 0.037963 0.00519281
2 0.717448 0.155556 0.0140625 0.0648148 0.00522477
0 0.796094 0.162037 0.0109375 0.0333333 0.00575337
2 0.53125 0.111111 0.0135417 0.0407407 0.00605993
9 0.236979 0.0685185 0.0145833 0.0444444 0.0063129
12 0.994792 0.491204 0.009375 0.121296 0.00692239
2 0.269531 0.1125 0.0109375 0.0324074 0.00737148
13 0.00390625 0.398611 0.0078125 0.0990741 0.0076242
2 0.363281 0.0652778 0.0119792 0.0212963 0.00797179
2 0.364062 0.111574 0.0614583 0.0601852 0.00807679
13 0.0140625 0.391204 0.028125 0.117593 0.00830499
11 0.23724 0.0671296 0.0161458 0.0398148 0.00834835
9 0.221094 0.0851852 0.0109375 0.0203704 0.00862651
9 0.292969 0.0569444 0.0109375 0.0453704 0.00902314
2 0.339063 0.087963 0.0135417 0.0314815 0.010977
2 0.442448 0.0875 0.0140625 0.0268519 0.0156497
9 0.28151 0.087963 0.00677083 0.0240741 0.0157371
9 0.565625 0.0319444 0.0145833 0.0601852 0.0166871
2 0.591927 0.125926 0.0161458 0.0240741 0.0203723
2 0.447656 0.114352 0.0286458 0.0268519 0.0205459
9 0.292708 0.0703704 0.0104167 0.0185185 0.0208151
2 0.289844 0.125463 0.0171875 0.0490741 0.0209287
9 0.206771 0.0717593 0.0197917 0.037963 0.0239272
7 0.301562 0.106944 0.040625 0.0805556 0.0279613
9 0.442708 0.0875 0.0135417 0.025 0.029298
11 0.60599 0.0601852 0.00989583 0.0240741 0.0302212
9 0.113542 0.0226852 0.0135417 0.0416667 0.0330601
0 0.634896 0.146296 0.0114583 0.0537037 0.0377411
2 0.46224 0.113889 0.0140625 0.0351852 0.0428545
0 0.629948 0.133333 0.0171875 0.0351852 0.0453107
9 0.500521 0.603241 0.015625 0.0398148 0.0563908
9 0.222656 0.0587963 0.0109375 0.0342593 0.111504
2 0.627344 0.119907 0.0255208 0.0472222 0.123086
9 0.269271 0.0342593 0.021875 0.0648148 0.135503
9 0.566927 0.0486111 0.00885417 0.025 0.152817
9 0.502344 0.759722 0.0119792 0.0546296 0.17775
2 0.469271 0.110185 0.025 0.0425926 0.196006
2 0.50625 0.103241 0.0427083 0.0638889 0.21812
2 0.321875 0.0865741 0.0375 0.0361111 0.249563
2 0.479167 0.109259 0.0270833 0.0444444 0.317437
7 0.50625 0.103241 0.0427083 0.0638889 0.498142
2 0.318229 0.122222 0.0510417 0.0703704 0.612778
10 0.203906 0.316204 0.0161458 0.0712963 0.749324
11 0.729427 0.0430556 0.0276042 0.0564815 0.807517
2 0.376302 0.110648 0.0338542 0.0398148 0.820211
7 0.770312 0.188889 0.104167 0.148148 0.896316
2 0.729948 0.418519 0.121354 0.174074 0.9028
