2 0.0195312 0.145833 0.0390625 0.0675926 0.00102549
9 0.220052 0.0851852 0.0140625 0.0240741 0.00103792
0 0.238021 0.134722 0.0166667 0.037963 0.00105125
2 0.00989583 0.134722 0.0197917 0.0435185 0.00105832
12 0.702083 0.121759 0.021875 0.0509259 0.00110886
2 0.771615 0.111111 0.0140625 0.0277778 0.00111933
9 0.547656 0.0606481 0.0109375 0.0231481 0.00114405
9 0.3625 0.0444444 0.009375 0.0314815 0.0011793
0 0.995833 0.331019 0.00729167 0.0564815 0.0012216
13 0.961719 0.553704 0.0380208 0.037037 0.00123215
1 0.0236979 0.395833 0.0473958 0.112037 0.00132867
9 0.253385 0.0884259 0.0140625 0.0342593 0.00141645
12 0.995573 0.53287 0.0078125 0.0342593 0.00144319
2 0.302083 0.128241 0.03125 0.062037 0.00163582
2 0.560156 0.421759 0.597396 0.180556 0.00166603
12 0.701823 0.154167 0.0223958 0.0564815 0.00168335
7 0.989583 0.51713 0.0197917 0.180556 0.00170736
9 0.415625 0.0101852 0.015625 0.0203704 0.00175124
9 0.817708 0.236574 0.00833333 0.0398148 0.00177656
7 0.788281 0.0634259 0.0255208 0.0583333 0.00186882
11 0.236458 0.0685185 0.0177083 0.0444444 0.00192675
9 0.50026 0.603241 0.0151042 0.0398148 0.00194783
9 0.502083 0.759259 0.0135417 0.0537037 0.00195139
12 0.689844 0.167593 0.0130208 0.0351852 0.0019907
58 0.968229 0.498148 0.028125 0.0851852 0.00204005
12 0.988021 0.518519 0.0229167 0.172222 0.00204185
9 0.429427 0.0398148 0.00885417 0.0222222 0.00208821
9 0.260938 0.05 0.0125 0.0444444 0.00212268
2 0.444531 0.109722 0.0213542 0.0324074 0.00219876
0 0.75599 0.122222 0.0151042 0.0444444 0.00233228
0 0.756771 0.373611 0.0197917 0.0305556 0.00249707
2 0.364062 0.0685185 0.0114583 0.0185185 0.0027127
9 0.263021 0.0888889 0.00833333 0.0351852 0.00277412
12 0.693229 0.164815 0.00729167 0.0388889 0.00278954
2 0.400521 0.111111 0.260417 0.0759259 0.00285697
1 0.0130208 0.368056 0.0260417 0.0472222 0.00286819
2 0.267448 0.1 0.0119792 0.0555556 0.00296587
0 0.727344 0.373148 0.0286458 0.0277778 0.00312742
2 0.54349 0.109259 0.155729 0.0611111 0.00318913
2 0.298177 0.108796 0.0703125 0.087963 0.00349638
0 0.263281 0.106481 0.00885417 0.0481481 0.00379119
2 0.780469 0.1 0.0317708 0.0407407 0.00381233
0 0.361979 0.0703704 0.00833333 0.0222222 0.00450617
2 0.442708 0.0875 0.0135417 0.0268519 0.00469183
11 0.60625 0.0611111 0.009375 0.0240741 0.00479984
2 0.592969 0.125 0.0171875 0.0240741 0.00487539
9 0.29375 0.0546296 0.009375 0.0351852 0.00550061
9 0.208333 0.0671296 0.0229167 0.0435185 0.00614807
9 0.572656 0.0314815 0.0140625 0.0592593 0.00668691
2 0.813542 0.074537 0.0166667 0.0175926 0.00697954
2 0.238802 0.140741 0.0192708 0.0407407 0.00702757
5 0.220052 0.0680556 0.0505208 0.0601852 0.00720169
2 0.480729 0.108796 0.0510417 0.0546296 0.00765783
7 0.219271 0.0699074 0.053125 0.0731481 0.00769768
9 0.584896 0.0393519 0.0125 0.0472222 0.00777893
12 0.99401 0.501389 0.0109375 0.139815 0.00796071
1 0.809896 0.333796 0.0197917 0.0787037 0.00964101
2 0.532031 0.110648 0.0151042 0.0453704 0.0101824
10 0.442708 0.0875 0.0125 0.0268519 0.0106912
2 0.271875 0.110185 0.0145833 0.0388889 0.0126007
0 0.757292 0.0768519 0.0114583 0.0481481 0.0137029
1 0.0046875 0.406481 0.009375 0.087037 0.0145033
0 0.635156 0.147685 0.00989583 0.0509259 0.0152517
0 0.714583 0.372222 0.0239583 0.0259259 0.0175482
9 0.269271 0.0361111 0.021875 0.0666667 0.0178561
1 0.00963542 0.398148 0.0192708 0.105556 0.0242199
2 0.489844 0.107407 0.0140625 0.05 0.0263321
2 0.786458 0.0893519 0.0166667 0.0231481 0.0494293
2 0.634635 0.144907 0.0119792 0.0509259 0.049835
9 0.567187 0.0481481 0.00833333 0.0240741 0.0647059
7 0.297396 0.107407 0.0385417 0.0814815 0.136606
2 0.294792 0.108333 0.03125 0.0814815 0.138025
2 0.480729 0.110185 0.01875 0.0425926 0.179285
2 0.528125 0.0791667 0.0197917 0.0305556 0.198061
2 0.46875 0.111574 0.025 0.0416667 0.28125
2 0.322135 0.0898148 0.0369792 0.0388889 0.378451
2 0.627344 0.122685 0.0255208 0.0509259 0.437478
2 0.50599 0.104167 0.0411458 0.062037 0.597729
10 0.204167 0.316204 0.015625 0.0712963 0.676183
2 0.318229 0.122685 0.05 0.0694444 0.764925
11 0.729167 0.0430556 0.0270833 0.0564815 0.812346
2 0.729688 0.418981 0.121875 0.171296 0.902894
