0 0.757031 0.375463 0.0192708 0.0305556 0.00101345
11 0.239844 0.037037 0.0213542 0.0703704 0.00104891
9 0.458073 0.0648148 0.00885417 0.0296296 0.00107106
2 0.293229 0.106019 0.101042 0.0972222 0.00107986
32 0.460677 0.355556 0.0119792 0.0166667 0.00108669
0 0.191146 0.720833 0.144792 0.465741 0.0011442
11 0.229427 0.0652778 0.0328125 0.0490741 0.00116046
7 0.99349 0.519444 0.0119792 0.168519 0.00116441
2 0.778646 0.102778 0.0270833 0.05 0.00121065
2 0.575781 0.126389 0.0505208 0.0342593 0.00122851
2 0.516927 0.108796 0.342187 0.0712963 0.00124775
2 0.77474 0.115278 0.0192708 0.0305556 0.00125848
9 0.557552 0.025 0.0255208 0.0481481 0.00126446
9 0.254167 0.0916667 0.0114583 0.0259259 0.00129467
2 0.0130208 0.386111 0.0260417 0.135185 0.00131764
9 0.968229 0.497222 0.0291667 0.1 0.0013757
0 0.73099 0.373148 0.0307292 0.0296296 0.00142114
9 0.260677 0.062037 0.0140625 0.0444444 0.00164585
7 0.219531 0.0662037 0.0505208 0.0527778 0.00165971
9 0.509115 0.261111 0.00989583 0.0240741 0.00189633
9 0.548177 0.0518519 0.0109375 0.0259259 0.00190991
9 0.415625 0.00972222 0.015625 0.0194444 0.00212456
0 0.282031 0.106481 0.00989583 0.0648148 0.00233477
9 0.509896 0.242593 0.0114583 0.0555556 0.00238664
2 0.459896 0.107407 0.0489583 0.05 0.00246111
2 0.81276 0.0763889 0.0192708 0.0175926 0.00247941
0 0.254167 0.128704 0.0135417 0.0555556 0.00255834
12 0.692448 0.163426 0.00885417 0.037963 0.00257979
9 0.454427 0.314815 0.0078125 0.0166667 0.00262098
9 0.214583 0.0625 0.0375 0.0564815 0.00262932
9 0.291406 0.0666667 0.0109375 0.0203704 0.00266181
0 0.263021 0.112963 0.00833333 0.0407407 0.00282432
2 0.66224 0.151852 0.0640625 0.062963 0.00288167
11 0.60599 0.0592593 0.00989583 0.0240741 0.00288863
9 0.994792 0.496759 0.009375 0.126852 0.00292169
0 0.560677 0.271296 0.0338542 0.0407407 0.00311701
9 0.572917 0.0319444 0.015625 0.0601852 0.00324315
0 0.75625 0.0921296 0.0135417 0.0787037 0.00328823
9 0.293229 0.0555556 0.00833333 0.0388889 0.00337673
7 0.970573 0.531944 0.0578125 0.20463 0.00343766
5 0.219531 0.0717593 0.0526042 0.0583333 0.0035516
0 0.709635 0.374537 0.0182292 0.025 0.00431945
12 0.973177 0.498611 0.0390625 0.123148 0.00453754
2 0.457812 0.107407 0.113542 0.0537037 0.00458355
11 0.23776 0.0652778 0.0151042 0.0361111 0.00474033
7 0.290104 0.109722 0.0197917 0.0824074 0.00478604
12 0.995052 0.49213 0.00885417 0.121296 0.00509699
0 0.716146 0.371759 0.021875 0.0268519 0.00539378
1 0.0138021 0.389352 0.0276042 0.123148 0.00612721
9 0.220833 0.087037 0.0104167 0.0166667 0.00615049
2 0.271354 0.111111 0.0135417 0.0351852 0.00815727
2 0.363281 0.106944 0.0682292 0.0546296 0.00823071
0 0.635156 0.148611 0.00885417 0.0490741 0.00969523
2 0.635156 0.145833 0.0109375 0.0546296 0.0107275
2 0.238542 0.140278 0.01875 0.0416667 0.0112292
9 0.502604 0.759259 0.0114583 0.0555556 0.0113022
2 0.00364583 0.413426 0.00729167 0.0731481 0.011419
2 0.295312 0.110185 0.0333333 0.0777778 0.0124871
2 0.442969 0.087037 0.0140625 0.0277778 0.0130373
2 0.531771 0.1125 0.0145833 0.0416667 0.0139069
9 0.442708 0.0861111 0.0125 0.0259259 0.0144687
2 0.324479 0.099537 0.0458333 0.0601852 0.0153953
2 0.790104 0.0865741 0.0197917 0.0268519 0.0154684
2 0.363021 0.0708333 0.0104167 0.025 0.0158275
2 0.592188 0.125926 0.0177083 0.0259259 0.0161187
9 0.207031 0.0689815 0.0213542 0.0416667 0.0171153
2 0.290365 0.120833 0.0192708 0.062037 0.0200568
1 0.00520833 0.387963 0.0104167 0.12037 0.0217045
2 0.460156 0.116667 0.0109375 0.0296296 0.0235197
9 0.566927 0.0476852 0.0078125 0.025 0.0287707
0 0.461979 0.113889 0.0114583 0.0351852 0.0422429
9 0.113281 0.024537 0.0161458 0.0398148 0.0493701
9 0.26901 0.0342593 0.0213542 0.0648148 0.0584064
2 0.445573 0.119444 0.0234375 0.0222222 0.0791801
2 0.345313 0.11713 0.0114583 0.0342593 0.0859067
9 0.222396 0.0583333 0.0114583 0.0333333 0.130063
2 0.321615 0.0842593 0.0369792 0.0333333 0.258539
2 0.627604 0.121296 0.025 0.05 0.371945
2 0.479427 0.108796 0.0244792 0.0453704 0.378251
2 0.50625 0.104167 0.0416667 0.0638889 0.431179
7 0.50625 0.103704 0.0416667 0.0648148 0.471
2 0.317708 0.122222 0.0510417 0.0685185 0.697429
10 0.203906 0.315278 0.0161458 0.0712963 0.706222
11 0.729167 0.0421296 0.0270833 0.0546296 0.800843
2 0.3875 0.0958333 0.0270833 0.0416667 0.811346
7 0.561458 0.304167 0.114583 0.20463 0.90333
2 0.729688 0.419444 0.122917 0.172222 0.921405
