0 0.714583 0.364815 0.0302083 0.037037 0.00100899
2 0.65651 0.153704 0.0526042 0.0648148 0.00101925
9 0.563021 0.0314815 0.025 0.0592593 0.00102543
0 0.176302 0.728704 0.189063 0.490741 0.00108706
0 0.664583 0.814352 0.0395833 0.0361111 0.00109165
2 0.0260417 0.370833 0.0510417 0.0657407 0.00110162
9 0.108594 0.0268519 0.0109375 0.037037 0.00112873
7 0.970573 0.528241 0.0578125 0.197222 0.00122136
9 0.995313 0.531018 0.00833333 0.0694444 0.0013604
2 0.773438 0.118056 0.0166667 0.0342593 0.00160487
2 0.336198 0.075 0.0234375 0.0277778 0.00169942
2 0.797917 0.0638889 0.0427083 0.0555556 0.00172308
9 0.483333 0.0430556 0.00729167 0.0287037 0.00176308
2 0.238802 0.139815 0.0192708 0.0425926 0.00190065
9 0.994792 0.500463 0.009375 0.134259 0.00191253
1 0.811198 0.3375 0.0192708 0.0935185 0.00196067
11 0.227344 0.0662037 0.0390625 0.0601852 0.00200792
11 0.240365 0.0347222 0.0223958 0.0657407 0.0022596
9 0.26224 0.0388889 0.0161458 0.0592593 0.00233425
2 0.566667 0.108796 0.2875 0.0731481 0.00247545
2 0.413021 0.10787 0.276042 0.0953704 0.00262971
0 0.75625 0.374074 0.0197917 0.0314815 0.00263318
0 0.757292 0.0736111 0.0114583 0.0453704 0.00279127
9 0.226562 0.0657407 0.0333333 0.0462963 0.00309359
2 0.793229 0.0828704 0.0270833 0.0287037 0.00314802
12 0.995052 0.496296 0.00885417 0.127778 0.0032439
0 0.266406 0.0981481 0.0119792 0.0574074 0.00334467
2 0.810417 0.074537 0.0260417 0.0194444 0.00341048
2 0.785677 0.0902778 0.0161458 0.0194444 0.0035183
0 0.26276 0.102315 0.00885417 0.0546296 0.00359762
9 0.26849 0.0513889 0.0171875 0.0490741 0.00362795
0 0.75625 0.0907407 0.015625 0.0796296 0.00364649
12 0.973958 0.497222 0.0375 0.122222 0.00367036
2 0.655469 0.137963 0.0817708 0.087037 0.00370139
2 0.60625 0.0606481 0.009375 0.025 0.0037121
5 0.220313 0.0722222 0.0510417 0.0574074 0.00416066
1 0.0132813 0.366667 0.0265625 0.0462963 0.00426215
2 0.459635 0.108796 0.108854 0.0675926 0.00451282
0 0.732292 0.831944 0.040625 0.062037 0.00471046
0 0.730469 0.371296 0.0317708 0.0314815 0.00512964
2 0.442708 0.0893519 0.0135417 0.0324074 0.00514925
2 0.300521 0.10463 0.075 0.0907407 0.00561343
9 0.254948 0.0777778 0.00989583 0.0462963 0.00611585
9 0.221094 0.0888889 0.0109375 0.0111111 0.0062625
0 0.734635 0.816204 0.0338542 0.0342593 0.00666627
9 0.222135 0.0546296 0.0151042 0.0462963 0.00680774
9 0.263021 0.087963 0.00833333 0.0388889 0.0068775
2 0.635417 0.146759 0.0114583 0.0527778 0.00791053
9 0.207552 0.0675926 0.0203125 0.0425926 0.0085266
12 0.702604 0.138889 0.0239583 0.0851852 0.00973567
11 0.235677 0.0689815 0.0203125 0.0453704 0.0102491
9 0.567708 0.0486111 0.009375 0.0231481 0.0121974
7 0.220833 0.0652778 0.0510417 0.0564815 0.0125576
9 0.500521 0.602778 0.015625 0.0407407 0.013663
2 0.272396 0.109722 0.0145833 0.0398148 0.0187654
0 0.635677 0.147685 0.00989583 0.0490741 0.0202348
0 0.713542 0.371759 0.0197917 0.025 0.0210407
1 0.00390625 0.40787 0.0078125 0.0842593 0.0247329
2 0.591927 0.130556 0.0203125 0.0203704 0.0318634
9 0.269271 0.0337963 0.0208333 0.0638889 0.0329013
1 0.0145833 0.395833 0.0291667 0.110185 0.0383737
0 0.664844 0.834722 0.0411458 0.062037 0.0440444
10 0.443229 0.087963 0.0135417 0.0333333 0.0604089
2 0.359375 0.0606481 0.01875 0.025 0.125118
2 0.298177 0.108333 0.0348958 0.0851852 0.158724
7 0.386458 0.0611111 0.0458333 0.0388889 0.178353
9 0.502865 0.760648 0.0130208 0.0527778 0.179701
2 0.322135 0.0875 0.0380208 0.0361111 0.264351
2 0.386979 0.062037 0.0447917 0.037037 0.462586
2 0.628125 0.121759 0.025 0.0527778 0.471111
2 0.505469 0.104167 0.0442708 0.062037 0.606744
2 0.473698 0.109722 0.0348958 0.0453704 0.629096
11 0.729948 0.0430556 0.0265625 0.0583333 0.744497
2 0.319271 0.121759 0.0489583 0.0694444 0.753847
10 0.203906 0.316204 0.0161458 0.0712963 0.83387
2 0.729948 0.418981 0.122396 0.173148 0.913513
2 0.696094 0.880556 0.199479 0.235185 0.918148
