58 0.91875 0.187037 0.1625 0.366667 0.00101738
0 0.99375 0.87037 0.0114583 0.0592593 0.00102255
0 0.196354 0.736111 0.139583 0.464815 0.00105619
0 0.260417 0.0990741 0.015625 0.0740741 0.00119483
2 0.5125 0.0967593 0.11875 0.0787037 0.00120585
9 0.260156 0.0393519 0.0130208 0.0638889 0.00121381
1 0.810677 0.331481 0.0192708 0.0907407 0.00125821
9 0.565885 0.0435185 0.0109375 0.037037 0.00126058
32 0.454427 0.315278 0.0078125 0.012037 0.00129037
9 0.570312 0.0314815 0.015625 0.0592593 0.00129951
2 0.015625 0.131944 0.0302083 0.0324074 0.00147845
2 0.664323 0.192593 0.0296875 0.037037 0.0015085
2 0.782031 0.109259 0.0359375 0.0611111 0.00154019
2 0.661458 0.153241 0.0666667 0.0657407 0.00185582
1 0.00390625 0.408796 0.0078125 0.0898148 0.00191122
9 0.253385 0.0856481 0.0130208 0.0416667 0.00194063
9 0.265625 0.0824074 0.0125 0.0685185 0.00198663
7 0.20599 0.0675926 0.0307292 0.0462963 0.00204516
2 0.238542 0.139815 0.0197917 0.0462963 0.00218693
7 0.315885 0.0736111 0.0557292 0.0898148 0.00236507
2 0.381771 0.101389 0.197917 0.102778 0.00241749
12 0.702865 0.138426 0.0234375 0.0805556 0.00254197
2 0.788281 0.0837963 0.0182292 0.0231481 0.00258567
2 0.77474 0.122222 0.0192708 0.0407407 0.00271239
9 0.257292 0.075463 0.009375 0.0490741 0.00281463
0 0.285417 0.109259 0.0135417 0.0703704 0.00303602
9 0.469792 0.415278 0.0104167 0.0287037 0.00311366
2 0.3 0.0921296 0.0458333 0.0935185 0.00316429
11 0.24401 0.0416667 0.0286458 0.0814815 0.00328817
9 0.4375 0.198611 0.009375 0.0342593 0.0033746
9 0.361979 0.0685185 0.00833333 0.0259259 0.00361429
0 0.263281 0.101852 0.00885417 0.0574074 0.00394322
2 0.266146 0.0986111 0.0125 0.0601852 0.00399647
7 0.215625 0.0523148 0.0291667 0.0453704 0.0040172
9 0.36224 0.0393519 0.00989583 0.0287037 0.00403616
2 0.813021 0.0740741 0.0208333 0.0185185 0.00408135
5 0.207813 0.0671296 0.0260417 0.0435185 0.00423377
2 0.270052 0.0435185 0.0203125 0.0462963 0.0042692
2 0.44375 0.0777778 0.015625 0.0388889 0.00483216
0 0.732292 0.370833 0.028125 0.0305556 0.00488549
0 0.757292 0.0898148 0.0135417 0.0703704 0.00537076
0 0.756771 0.375 0.01875 0.0277778 0.00574211
9 0.500521 0.603241 0.015625 0.0416667 0.00589767
0 0.634896 0.596759 0.0302083 0.0472222 0.00626209
7 0.970833 0.531018 0.0572917 0.200926 0.00636431
2 0.269531 0.106019 0.0130208 0.0490741 0.0074614
9 0.595052 0.0412037 0.00885417 0.0305556 0.00792159
9 0.964063 0.505556 0.01875 0.062963 0.00852824
9 0.270052 0.0222222 0.0203125 0.0388889 0.00936015
2 0.785937 0.0898148 0.015625 0.0203704 0.0112113
9 0.994792 0.499537 0.009375 0.132407 0.0137798
9 0.567448 0.0490741 0.00885417 0.0240741 0.0151036
0 0.71276 0.371296 0.0203125 0.0259259 0.0157252
0 0.635156 0.148611 0.00989583 0.0472222 0.0181566
9 0.976562 0.501389 0.0416667 0.130556 0.0199208
2 0.48776 0.109259 0.0151042 0.0462963 0.0224925
2 0.477604 0.087037 0.034375 0.0259259 0.0242683
0 0.44349 0.100926 0.0171875 0.0518519 0.0274296
7 0.220052 0.0634259 0.0526042 0.0601852 0.0404964
11 0.60651 0.0611111 0.00989583 0.0259259 0.0422138
7 0.300781 0.102778 0.0411458 0.087037 0.0457164
5 0.220052 0.0638889 0.0526042 0.0574074 0.0482684
2 0.474479 0.0935185 0.040625 0.0611111 0.049819
2 0.29375 0.110185 0.028125 0.0740741 0.0598714
2 0.308854 0.0578704 0.0385417 0.0398148 0.102831
2 0.470833 0.112963 0.0302083 0.0388889 0.106208
7 0.467969 0.0666667 0.0536458 0.037037 0.167316
2 0.449479 0.0689815 0.0197917 0.0268519 0.197481
2 0.628125 0.122222 0.025 0.0518519 0.199111
9 0.502083 0.760648 0.0125 0.0527778 0.286176
2 0.475 0.0666667 0.0385417 0.0314815 0.310281
2 0.321094 0.0773148 0.0390625 0.0435185 0.317234
2 0.50651 0.10463 0.0421875 0.062963 0.515912
11 0.729948 0.0435185 0.0265625 0.0574074 0.726582
2 0.319531 0.121759 0.0484375 0.0694444 0.805971
10 0.203906 0.316667 0.0171875 0.0703704 0.81092
2 0.730208 0.418981 0.122917 0.173148 0.910552
2 0.65599 0.658796 0.158854 0.230556 0.918743
