13 0.961979 0.552778 0.0395833 0.0388889 0.00101188
2 0.801302 0.433333 0.393229 0.211111 0.00102335
7 0.416406 0.102778 0.0369792 0.0555556 0.00103882
1 0.600521 0.314815 0.0375 0.0833333 0.00106088
58 0.920052 0.183796 0.159896 0.363889 0.00108924
9 0.27526 0.0625 0.0411458 0.123148 0.00112141
9 0.186979 0.0824074 0.00729167 0.0277778 0.00112764
0 0.730208 0.372222 0.028125 0.0296296 0.00113178
9 0.255729 0.087037 0.0197917 0.0351852 0.00114439
0 0.757031 0.373148 0.0223958 0.0351852 0.00117143
0 0.157813 0.959259 0.0958333 0.0722222 0.00117469
0 0.415625 0.605556 0.58125 0.711111 0.00124032
2 0.278125 0.114352 0.0291667 0.0564815 0.00127017
1 0.0247396 0.388426 0.0494792 0.123148 0.00127155
1 0.615365 0.312963 0.0380208 0.0907407 0.00133848
7 0.220573 0.0662037 0.0515625 0.0972222 0.00136391
9 0.236458 0.0662037 0.0166667 0.0398148 0.00137794
2 0.657552 0.136111 0.0755208 0.0833333 0.00142557
2 0.363542 0.0666667 0.0114583 0.0203704 0.001441
2 0.535937 0.108796 0.0114583 0.0490741 0.00145185
9 0.557031 0.0268519 0.0265625 0.05 0.00145896
0 0.154427 0.112963 0.0109375 0.0240741 0.00148423
0 0.41224 0.425 0.482812 0.316667 0.00162744
12 0.702083 0.163889 0.0229167 0.0388889 0.00182373
2 0.7875 0.0814815 0.015625 0.0222222 0.00184821
13 0.967448 0.54213 0.0505208 0.0768519 0.00189862
2 0.53099 0.111111 0.0130208 0.0444444 0.00191809
9 0.261458 0.0481481 0.0135417 0.0462963 0.00195239
0 0.75 0.0953704 0.0291667 0.0907407 0.00198126
7 0.78724 0.062037 0.0255208 0.0648148 0.00215452
0 0.0533854 0.103704 0.00989583 0.0351852 0.00220275
9 0.49974 0.602315 0.0140625 0.0398148 0.00235982
2 0.51875 0.111111 0.289583 0.0685185 0.00238461
12 0.692969 0.164352 0.0078125 0.0398148 0.00242163
0 0.284375 0.101389 0.0104167 0.0546296 0.00242163
0 0.404687 0.243056 0.458333 0.358333 0.00244174
0 0.4375 0.35 0.395833 0.159259 0.00247741
32 0.459896 0.355556 0.0125 0.0148148 0.00253627
9 0.584375 0.037037 0.0135417 0.0481481 0.00259439
2 0.238542 0.138426 0.01875 0.0416667 0.00270028
0 0.611198 0.233796 0.0286458 0.0638889 0.00275062
2 0.367708 0.109259 0.154167 0.0703704 0.00279964
5 0.220313 0.0777778 0.053125 0.0703704 0.00303558
9 0.458333 0.0657407 0.00833333 0.0277778 0.00325455
0 0.634896 0.150463 0.0125 0.0638889 0.00325848
58 0.96849 0.494907 0.0307292 0.0861111 0.00346933
2 0.474219 0.108333 0.0817708 0.0518519 0.00357595
9 0.266146 0.0939815 0.009375 0.0472222 0.00383598
9 0.291667 0.0550926 0.00833333 0.0435185 0.00397229
9 0.547656 0.0537037 0.00989583 0.0240741 0.00420582
13 0.99375 0.517593 0.0114583 0.174074 0.00424749
9 0.291667 0.0703704 0.009375 0.0166667 0.00428934
7 0.970833 0.526389 0.0572917 0.200926 0.00448064
0 0.817448 0.234259 0.0078125 0.037037 0.00472899
9 0.218229 0.102315 0.00729167 0.0361111 0.00493878
0 0.131771 0.964815 0.046875 0.0611111 0.00513711
0 0.716146 0.372685 0.0239583 0.025 0.00524021
2 0.270052 0.110648 0.0130208 0.0361111 0.00648264
0 0.286719 0.118519 0.0151042 0.0611111 0.00656458
9 0.572135 0.0314815 0.0130208 0.0574074 0.00679165
7 0.213021 0.062963 0.0333333 0.0592593 0.00685759
9 0.992708 0.512963 0.0135417 0.166667 0.00691397
2 0.784896 0.0888889 0.0145833 0.0222222 0.00694934
13 0.971094 0.524074 0.0567708 0.190741 0.00702244
3 0.0127604 0.396296 0.0255208 0.111111 0.00735094
9 0.206771 0.0680556 0.0197917 0.0416667 0.00862151
9 0.214583 0.0657407 0.0385417 0.0555556 0.00959736
9 0.263281 0.087037 0.0078125 0.0351852 0.00965345
7 0.295312 0.105556 0.0270833 0.0648148 0.010695
2 0.592708 0.123148 0.0177083 0.0277778 0.0117935
2 0.446615 0.109722 0.0265625 0.0305556 0.0120491
9 0.502083 0.759259 0.0125 0.0574074 0.0129771
2 0.60599 0.0597222 0.00989583 0.025 0.0145466
2 0.292708 0.113889 0.0208333 0.0537037 0.0149583
2 0.441927 0.087963 0.0151042 0.0277778 0.0151889
2 0.634896 0.144444 0.0114583 0.0555556 0.0168552
9 0.26901 0.0351852 0.0223958 0.0666667 0.0173049
1 0.00416667 0.409259 0.00833333 0.0796296 0.0191684
1 0.0117188 0.366667 0.0234375 0.0481481 0.0223581
32 0.453906 0.314352 0.00885417 0.0157407 0.0232755
2 0.00416667 0.410185 0.00833333 0.0796296 0.025848
1 0.609375 0.285185 0.0291667 0.124074 0.0337676
9 0.219531 0.0898148 0.0078125 0.0148148 0.038156
9 0.566667 0.0481481 0.00833333 0.0240741 0.0538187
0 0.75599 0.0865741 0.0140625 0.075 0.0641464
1 0.0117188 0.392593 0.0234375 0.112963 0.113327
2 0.321875 0.0851852 0.0375 0.0351852 0.237339
2 0.466146 0.110648 0.01875 0.0398148 0.271106
2 0.479688 0.109722 0.0208333 0.0435185 0.373058
1 0.607031 0.311574 0.0171875 0.0842593 0.378358
2 0.627344 0.122222 0.0255208 0.0537037 0.483675
7 0.50599 0.103241 0.0421875 0.0638889 0.505041
2 0.416927 0.106481 0.0359375 0.0481481 0.622642
2 0.318229 0.121759 0.0510417 0.0694444 0.629309
1 0.291667 0.369444 0.0427083 0.0777778 0.652725
11 0.728385 0.0412037 0.0276042 0.0527778 0.727788
2 0.204167 0.912037 0.3 0.168519 0.785745
0 0.609896 0.272222 0.0333333 0.142593 0.808697
0 0.296354 0.327315 0.0385417 0.117593 0.828064
10 0.204167 0.314352 0.015625 0.0694444 0.856259
2 0.729688 0.419907 0.122917 0.171296 0.913015
