2 0.59349 0.123611 0.0161458 0.0268519 0.00100126
9 0.414583 0.00833333 0.0145833 0.0166667 0.00101227
12 0.692187 0.164352 0.009375 0.0398148 0.00103988
2 0.00598958 0.0916667 0.0119792 0.0518519 0.0010764
9 0.990885 0.518519 0.0171875 0.174074 0.00109369
2 0.276563 0.108333 0.0260417 0.0666667 0.00113557
2 0.53724 0.0884259 0.00989583 0.0342593 0.00123557
7 0.970312 0.520833 0.0583333 0.187963 0.00124904
1 0.0046875 0.45463 0.009375 0.225926 0.00125359
0 0.447656 0.369444 0.606771 0.292593 0.00127314
7 0.990365 0.516204 0.0182292 0.180556 0.00127777
2 0.815365 0.0699074 0.0161458 0.012037 0.00134005
0 0.709115 0.373611 0.0182292 0.0287037 0.00141105
2 0.521615 0.422222 0.661979 0.181481 0.00147163
2 0.257292 0.0953704 0.0260417 0.0685185 0.00149968
9 0.566406 0.0597222 0.0109375 0.0472222 0.00152447
2 0.813542 0.0759259 0.0197917 0.0185185 0.00154743
9 0.293229 0.0523148 0.009375 0.037963 0.0015631
9 0.547917 0.0523148 0.0104167 0.0231481 0.00163871
2 0.786979 0.105093 0.0458333 0.062037 0.00164044
7 0.298958 0.0981481 0.09375 0.0981481 0.00164479
0 0.717969 0.371759 0.0234375 0.0287037 0.0016938
2 0.263542 0.0990741 0.009375 0.0592593 0.00169955
2 0.254948 0.0861111 0.0203125 0.0407407 0.00177518
2 0.655729 0.136574 0.0760417 0.0842593 0.00178733
2 0.531771 0.110648 0.0135417 0.0472222 0.00179416
9 0.49974 0.601852 0.0140625 0.0388889 0.00185523
7 0.22526 0.0555556 0.0651042 0.109259 0.00186594
11 0.236979 0.0689815 0.0177083 0.0453704 0.001872
2 0.413281 0.108333 0.285937 0.0851852 0.00207851
9 0.440104 0.210185 0.0125 0.0537037 0.00220478
2 0.776823 0.107407 0.0255208 0.0444444 0.0022221
2 0.533333 0.0944444 0.0125 0.0314815 0.00224101
11 0.60651 0.0601852 0.00989583 0.0259259 0.00236114
2 0.455208 0.109259 0.126042 0.0685185 0.00252806
2 0.560677 0.109722 0.271354 0.0712963 0.00261924
1 0.176823 0.27963 0.0151042 0.0425926 0.00265088
2 0.270312 0.0856481 0.0197917 0.0731481 0.00276182
9 0.26875 0.0490741 0.0197917 0.0388889 0.00304321
1 0.00651042 0.367593 0.0130208 0.0888889 0.00306758
1 0.223438 0.368981 0.0166667 0.0916667 0.00312439
2 0.651823 0.149537 0.0453125 0.0601852 0.00315769
7 0.234896 0.0689815 0.0208333 0.0490741 0.00322389
9 0.275781 0.0388889 0.0359375 0.0759259 0.00328231
0 0.757552 0.0731481 0.0109375 0.0425926 0.00425836
2 0.363542 0.0671296 0.0125 0.0212963 0.00448294
0 0.26224 0.0921296 0.00885417 0.0490741 0.00453574
0 0.442708 0.0990741 0.0177083 0.0518519 0.00455737
9 0.572396 0.0314815 0.0135417 0.0592593 0.00494028
9 0.209896 0.0662037 0.0291667 0.0527778 0.00513456
7 0.334115 0.0523148 0.0484375 0.0564815 0.00522918
2 0.291146 0.0898148 0.0260417 0.0518519 0.00542678
32 0.454167 0.314815 0.00833333 0.0148148 0.00619317
9 0.458333 0.0666667 0.00729167 0.0277778 0.00620089
0 0.75651 0.0898148 0.0140625 0.0740741 0.00630654
12 0.994271 0.510648 0.0104167 0.160185 0.00645145
0 0.635156 0.146296 0.00989583 0.0537037 0.00723136
7 0.329688 0.0717593 0.0583333 0.0564815 0.00767854
7 0.27526 0.0703704 0.0380208 0.137037 0.00898985
2 0.785417 0.0884259 0.0135417 0.0231481 0.0092001
9 0.26875 0.0212963 0.021875 0.0388889 0.0108157
1 0.00442708 0.410185 0.00885417 0.0851852 0.010985
0 0.205208 0.314352 0.01875 0.075 0.0130595
2 0.634896 0.141204 0.0114583 0.0472222 0.0155879
9 0.442448 0.0875 0.0130208 0.0287037 0.0157084
2 0.271094 0.108333 0.0140625 0.0425926 0.0157414
7 0.213021 0.0638889 0.0364583 0.0611111 0.0200162
5 0.219531 0.0643518 0.0484375 0.062037 0.0209562
9 0.502865 0.760185 0.0130208 0.0537037 0.0222928
9 0.567187 0.0481481 0.00833333 0.0240741 0.0320209
2 0.491927 0.106481 0.0192708 0.0518519 0.0397725
1 0.0104167 0.396759 0.0208333 0.110185 0.0440863
2 0.319792 0.0865741 0.046875 0.0398148 0.0799892
2 0.295573 0.106481 0.0338542 0.0814815 0.105817
2 0.466146 0.111574 0.0197917 0.0398148 0.217791
2 0.480208 0.109722 0.01875 0.0435185 0.221182
2 0.627083 0.121296 0.0260417 0.0555556 0.3892
2 0.334896 0.0615741 0.046875 0.0361111 0.482307
1 0.238281 0.38287 0.0265625 0.110185 0.520947
2 0.318229 0.117593 0.0510417 0.0777778 0.606815
10 0.203906 0.314815 0.0161458 0.0703704 0.630636
0 0.236719 0.343056 0.0328125 0.150926 0.681908
2 0.505469 0.103704 0.0432292 0.062963 0.686046
11 0.728906 0.0425926 0.0276042 0.0555556 0.814836
2 0.729688 0.418981 0.121875 0.171296 0.909725
