9 0.817448 0.235648 0.00885417 0.0398148 0.0010055
9 0.415365 0.00925926 0.0151042 0.0185185 0.00109201
7 0.78776 0.0638889 0.0234375 0.0592593 0.00112299
2 0.577344 0.420833 0.597396 0.180556 0.00112308
13 0.961979 0.556481 0.040625 0.0462963 0.00113091
2 0.21875 0.133333 0.0583333 0.0592593 0.00114099
12 0.979948 0.501389 0.0380208 0.134259 0.00119622
2 0.803385 0.0842593 0.0380208 0.0333333 0.00121751
12 0.692969 0.1625 0.0078125 0.0398148 0.00128575
58 0.96875 0.49537 0.0302083 0.0944444 0.0012974
2 0.238802 0.10463 0.0192708 0.0425926 0.0013003
2 0.771094 0.110648 0.0140625 0.025 0.001386
9 0.580469 0.0347222 0.0130208 0.0546296 0.00140018
2 0.778906 0.102778 0.0359375 0.0555556 0.00143648
0 0.263021 0.1 0.009375 0.0574074 0.00175657
9 0.264323 0.0407407 0.0203125 0.0574074 0.00178695
32 0.453906 0.314352 0.00885417 0.0157407 0.00179437
2 0.467969 0.0189815 0.0213542 0.0212963 0.00181644
2 0.201042 0.243519 0.0177083 0.012963 0.00182645
2 0.291927 0.0689815 0.0130208 0.0175926 0.00189823
9 0.276563 0.0388889 0.0385417 0.0740741 0.00190473
2 0.282813 0.0731481 0.028125 0.0351852 0.00190636
11 0.255729 0.0861111 0.01875 0.0407407 0.00192322
2 0.291406 0.103241 0.0921875 0.0898148 0.00193407
9 0.990885 0.5125 0.0171875 0.158333 0.00196381
2 0.653646 0.139352 0.0739583 0.0787037 0.00198864
2 0.275 0.113889 0.021875 0.0518519 0.00203467
2 0.535937 0.112037 0.009375 0.0444444 0.0021673
7 0.277083 0.0634259 0.0395833 0.121296 0.00228938
2 0.756771 0.116204 0.015625 0.0324074 0.0023039
2 0.592969 0.123611 0.0171875 0.0268519 0.00259143
11 0.60651 0.0597222 0.00989583 0.025 0.00261939
7 0.98776 0.523148 0.0234375 0.190741 0.00280619
10 0.19375 0.294907 0.0364583 0.115741 0.00294648
2 0.214583 0.483796 0.0166667 0.0138889 0.00297698
9 0.2625 0.0902778 0.00833333 0.0435185 0.00308286
2 0.566146 0.110185 0.220833 0.0648148 0.00322648
2 0.376823 0.1125 0.184896 0.0805556 0.00328475
7 0.970052 0.53287 0.0588542 0.213889 0.00341945
0 0.266667 0.0976852 0.0104167 0.0564815 0.0035243
0 0.715104 0.373148 0.0239583 0.0259259 0.00375501
10 0.176823 0.27963 0.0140625 0.0444444 0.0045336
2 0.53151 0.111574 0.0130208 0.0416667 0.00459563
9 0.457812 0.0638889 0.00729167 0.0314815 0.00492438
11 0.23724 0.0708333 0.0161458 0.0472222 0.00503195
2 0.309635 0.0805556 0.0223958 0.0314815 0.00600625
2 0.478646 0.110648 0.0541667 0.0546296 0.00605491
2 0.443229 0.0837963 0.0177083 0.025 0.00609504
1 0.810417 0.32963 0.01875 0.0777778 0.00629871
9 0.269271 0.0472222 0.0208333 0.0388889 0.00644648
2 0.813802 0.0763889 0.0192708 0.0194444 0.0067648
13 0.00598958 0.397685 0.0119792 0.106481 0.00749753
9 0.294531 0.0546296 0.00885417 0.0351852 0.00756544
9 0.572917 0.0314815 0.0145833 0.0592593 0.00766875
12 0.99375 0.502315 0.0114583 0.141667 0.00902
2 0.270312 0.110185 0.0125 0.0388889 0.00971516
9 0.21276 0.0625 0.0338542 0.0564815 0.0102854
2 0.286198 0.11713 0.0151042 0.0638889 0.0125502
2 0.64974 0.148611 0.0380208 0.0583333 0.0128796
13 0.0145833 0.396759 0.0291667 0.110185 0.0147574
2 0.786198 0.0888889 0.0140625 0.0240741 0.0149905
9 0.442187 0.0861111 0.0135417 0.0259259 0.0155495
1 0.00963542 0.396759 0.0192708 0.112037 0.0156028
9 0.502083 0.758796 0.0135417 0.0564815 0.0163091
9 0.26875 0.0240741 0.0208333 0.0425926 0.0216335
2 0.238542 0.141667 0.01875 0.0388889 0.0234103
7 0.220052 0.0689815 0.0515625 0.0638889 0.0236156
5 0.219792 0.075 0.0510417 0.0703704 0.0254915
2 0.635417 0.146296 0.0114583 0.0555556 0.0303261
2 0.363542 0.0675926 0.0135417 0.0203704 0.0489197
2 0.488802 0.107407 0.0140625 0.05 0.0494909
2 0.0046875 0.556944 0.009375 0.0398148 0.0526396
9 0.567708 0.0481481 0.00833333 0.0240741 0.0547607
2 0.298958 0.105556 0.034375 0.0740741 0.0808158
2 0.460417 0.116667 0.0145833 0.0314815 0.0845817
2 0.467969 0.109722 0.0265625 0.0435185 0.145039
2 0.478906 0.109259 0.0182292 0.0444444 0.222451
7 0.50651 0.103704 0.0411458 0.062963 0.359238
2 0.444271 0.12037 0.0260417 0.0240741 0.36591
2 0.322396 0.0842593 0.0364583 0.0314815 0.375305
2 0.50651 0.103704 0.0411458 0.062963 0.480195
2 0.627604 0.121759 0.0260417 0.0509259 0.651133
2 0.398958 0.0638889 0.0458333 0.0333333 0.741579
2 0.31875 0.121759 0.0510417 0.0694444 0.783041
10 0.204167 0.315741 0.0166667 0.0722222 0.797801
11 0.728906 0.0435185 0.0265625 0.0574074 0.810119
2 0.729688 0.419444 0.122917 0.17037 0.894525
