2 0.0122396 0.402778 0.0244792 0.15 0.00101658
2 0.21901 0.103704 0.0557292 0.0481481 0.00103845
2 0.976302 0.497222 0.0442708 0.124074 0.00108996
11 0.60625 0.0606481 0.0104167 0.0231481 0.00109688
7 0.293229 0.107407 0.0822917 0.0962963 0.00110734
2 0.240625 0.109259 0.0166667 0.0351852 0.0011558
9 0.559115 0.05 0.0171875 0.0259259 0.00116501
7 0.278906 0.0736111 0.0348958 0.139815 0.00118023
9 0.439323 0.196759 0.0130208 0.0324074 0.00121531
9 0.26224 0.0462963 0.0151042 0.0518519 0.00123239
1 0.810677 0.328704 0.0182292 0.087037 0.0012358
2 0.776042 0.0990741 0.0239583 0.0425926 0.00123712
9 0.548437 0.0513889 0.0114583 0.0268519 0.00158784
10 0.00520833 0.463426 0.0104167 0.228704 0.00162547
9 0.275781 0.0407407 0.0380208 0.0796296 0.00169444
2 0.332552 0.0782407 0.0276042 0.0287037 0.00172414
12 0.976042 0.499537 0.0447917 0.128704 0.00172657
11 0.234115 0.0486111 0.0255208 0.0898148 0.00177175
2 0.753906 0.153704 0.0119792 0.0185185 0.00180388
13 0.0046875 0.458796 0.009375 0.230556 0.00191163
9 0.440625 0.227778 0.0114583 0.0259259 0.00194108
2 0.403385 0.111111 0.263021 0.0777778 0.0019415
2 0.657031 0.138426 0.0776042 0.0824074 0.00196706
32 0.454167 0.315278 0.00833333 0.0138889 0.0020681
12 0.688802 0.166667 0.0140625 0.037037 0.00213898
7 0.974219 0.523148 0.0505208 0.192593 0.0022089
10 0.2 0.296296 0.0239583 0.112963 0.002237
2 0.442708 0.0861111 0.0135417 0.0259259 0.00224518
9 0.292969 0.0564815 0.00885417 0.037037 0.00225427
2 0.266406 0.0986111 0.0109375 0.0527778 0.0024469
0 0.725521 0.373148 0.0322917 0.0277778 0.00246942
0 0.757031 0.374537 0.0192708 0.0305556 0.00261043
9 0.291667 0.0703704 0.0114583 0.0148148 0.00263875
9 0.458073 0.0652778 0.00677083 0.0287037 0.00273513
1 0.0109375 0.366204 0.021875 0.0472222 0.00275011
0 0.263542 0.105556 0.00833333 0.0462963 0.00280787
2 0.569792 0.109722 0.216667 0.0638889 0.00310877
12 0.692969 0.163889 0.0078125 0.0388889 0.0032293
9 0.263021 0.087963 0.00833333 0.0351852 0.00325904
2 0.449219 0.114815 0.0307292 0.0259259 0.00340241
2 0.219271 0.135648 0.0583333 0.0527778 0.00347414
9 0.584896 0.0398148 0.0135417 0.0462963 0.00358206
5 0.220573 0.0648148 0.0463542 0.0555556 0.00367624
12 0.701563 0.164815 0.0197917 0.0388889 0.00375451
7 0.788281 0.0657407 0.0255208 0.062963 0.00377253
9 0.3625 0.0685185 0.009375 0.0240741 0.00378147
9 0.221094 0.0884259 0.0119792 0.0157407 0.00418178
9 0.502344 0.758796 0.0130208 0.0583333 0.00452566
2 0.363542 0.0671296 0.0114583 0.0212963 0.00487689
9 0.573438 0.0310185 0.0145833 0.0601852 0.00532657
9 0.269271 0.0444444 0.0208333 0.0518519 0.00587598
7 0.220052 0.0699074 0.0515625 0.0675926 0.00610071
2 0.481771 0.109722 0.05 0.0564815 0.00610509
11 0.239844 0.0337963 0.0203125 0.0657407 0.00664123
0 0.755208 0.0893519 0.0145833 0.0694444 0.00697086
12 0.702083 0.139815 0.0229167 0.087037 0.0073105
12 0.994792 0.494907 0.009375 0.130556 0.00778156
0 0.714844 0.374537 0.0244792 0.0231481 0.00817653
1 0.0119792 0.395833 0.0239583 0.115741 0.00830483
9 0.208333 0.0671296 0.021875 0.0453704 0.00836016
9 0.442448 0.0865741 0.0130208 0.0268519 0.0104557
2 0.270833 0.110648 0.0135417 0.037963 0.0106724
2 0.238542 0.140741 0.01875 0.0407407 0.0113299
9 0.26875 0.0231481 0.0208333 0.0407407 0.0113661
11 0.2375 0.0671296 0.0166667 0.0416667 0.0113694
2 0.00416667 0.402778 0.00833333 0.105556 0.0115601
2 0.592188 0.125926 0.0177083 0.0240741 0.0124469
0 0.634896 0.147222 0.009375 0.05 0.012554
1 0.0046875 0.397222 0.009375 0.112963 0.0168992
2 0.634896 0.144444 0.0104167 0.0537037 0.0196909
2 0.814583 0.0768519 0.0166667 0.0185185 0.0314906
9 0.566927 0.0481481 0.0078125 0.0240741 0.0427174
7 0.297396 0.10787 0.0385417 0.0824074 0.0475282
2 0.785937 0.0884259 0.0145833 0.0231481 0.0637582
2 0.298438 0.108333 0.0375 0.0796296 0.0700116
2 0.466406 0.111574 0.0203125 0.0398148 0.271818
2 0.480469 0.109722 0.0213542 0.0453704 0.277545
2 0.321875 0.087037 0.0385417 0.0333333 0.298028
7 0.50625 0.103704 0.0416667 0.062963 0.345145
2 0.50625 0.103704 0.0416667 0.062963 0.484546
2 0.627083 0.121296 0.025 0.05 0.518108
2 0.31849 0.119907 0.0505208 0.0731481 0.727146
10 0.203906 0.315741 0.0161458 0.0722222 0.771722
11 0.728906 0.0430556 0.0276042 0.0564815 0.794735
2 0.729688 0.419444 0.122917 0.17037 0.904208
