2 0.992448 0.522222 0.0140625 0.174074 0.00101545
7 0.220052 0.0865741 0.0588542 0.125 0.00103083
12 0.700781 0.165278 0.0192708 0.037963 0.00104932
2 0.592969 0.125926 0.0151042 0.0259259 0.0011045
9 0.572135 0.0310185 0.0140625 0.0583333 0.0011233
7 0.970052 0.528241 0.0588542 0.20463 0.00119679
9 0.502344 0.759722 0.0119792 0.0527778 0.00133194
2 0.00572917 0.0884259 0.0114583 0.0398148 0.00136283
7 0.988802 0.517593 0.0213542 0.181481 0.00136326
2 0.530469 0.111574 0.0130208 0.0435185 0.00139399
12 0.701302 0.146296 0.0213542 0.0759259 0.0013974
2 0.771354 0.112037 0.015625 0.0296296 0.00145089
2 0.628646 0.404167 0.385417 0.210185 0.00146723
13 0.970052 0.570833 0.0588542 0.0861111 0.00153356
0 0.454688 0.229167 0.009375 0.0342593 0.00154308
2 0.254948 0.0861111 0.0203125 0.037037 0.00160889
2 0.777083 0.106019 0.0260417 0.0435185 0.00169496
2 0.446354 0.117593 0.0270833 0.0203704 0.00170218
13 0.0135417 0.371296 0.0270833 0.0444444 0.00182834
0 0.756771 0.373611 0.0208333 0.0342593 0.0018969
0 0.263802 0.0935185 0.00885417 0.05 0.00197733
2 0.78724 0.0768519 0.0213542 0.0351852 0.00206085
0 0.730208 0.371296 0.0260417 0.0296296 0.00211129
2 0.270833 0.0601852 0.01875 0.0444444 0.00212921
7 0.285156 0.0967593 0.0598958 0.10463 0.00227544
2 0.397656 0.105556 0.224479 0.0888889 0.00238791
7 0.236719 0.0680556 0.0171875 0.0435185 0.00263032
2 0.45625 0.0643518 0.015625 0.0324074 0.00273471
58 0.967969 0.493519 0.0307292 0.087037 0.00281513
11 0.236198 0.0666667 0.0171875 0.0407407 0.00283248
13 0.0135417 0.397222 0.0270833 0.107407 0.00286897
13 0.00390625 0.402778 0.0078125 0.0962963 0.00287829
2 0.547656 0.108796 0.234896 0.075 0.00290312
9 0.992448 0.51713 0.0140625 0.173148 0.00302961
2 0.441927 0.0833333 0.0140625 0.0259259 0.00306956
2 0.00390625 0.420833 0.0078125 0.062037 0.00309905
0 0.717448 0.371296 0.0265625 0.0277778 0.00363252
2 0.449479 0.106944 0.148958 0.0638889 0.00392961
0 0.707812 0.372222 0.0197917 0.0277778 0.00398932
13 0.993229 0.518056 0.0125 0.171296 0.00412521
2 0.284635 0.0777778 0.0203125 0.0296296 0.00442787
12 0.99349 0.50787 0.0119792 0.156481 0.00453462
2 0.364062 0.0666667 0.0125 0.0203704 0.00468015
9 0.219271 0.102778 0.009375 0.037037 0.00515455
0 0.755729 0.0902778 0.0166667 0.0805556 0.0051703
12 0.692448 0.163889 0.0078125 0.0407407 0.00522806
5 0.211979 0.0606481 0.034375 0.0583333 0.00548124
0 0.284115 0.0912037 0.0109375 0.0453704 0.00619199
9 0.49974 0.602315 0.0140625 0.0398148 0.00636003
13 0.984896 0.518056 0.0291667 0.175 0.00648947
9 0.213802 0.0652778 0.0390625 0.0546296 0.00652291
9 0.291667 0.0513889 0.00833333 0.0416667 0.00677074
7 0.788281 0.0625 0.0244792 0.0564815 0.00710241
13 0.961458 0.554167 0.0395833 0.0453704 0.00731246
2 0.269531 0.108333 0.0119792 0.0407407 0.00757013
9 0.269531 0.050463 0.0192708 0.0361111 0.00815196
9 0.566667 0.0476852 0.00833333 0.0231481 0.00829092
2 0.785677 0.0875 0.0161458 0.0212963 0.00889299
2 0.291146 0.0699074 0.0114583 0.0138889 0.00952239
0 0.286979 0.110648 0.0166667 0.0787037 0.0111701
7 0.2125 0.0606481 0.0364583 0.0601852 0.0124495
7 0.275781 0.0444444 0.0390625 0.087037 0.0163301
2 0.461458 0.111574 0.0125 0.0361111 0.0183586
9 0.26901 0.0180556 0.0213542 0.0324074 0.0184497
7 0.290104 0.106019 0.0229167 0.0824074 0.01879
2 0.29375 0.104167 0.0291667 0.075 0.0254072
10 0.441927 0.0861111 0.0130208 0.0296296 0.0380719
9 0.220052 0.0898148 0.00885417 0.012963 0.0419843
2 0.60625 0.0597222 0.0104167 0.0268519 0.0458085
0 0.634375 0.143519 0.0114583 0.0481481 0.0462293
2 0.626562 0.12037 0.0260417 0.05 0.248361
2 0.384375 0.0648148 0.0197917 0.0240741 0.358515
2 0.472917 0.108333 0.0322917 0.0444444 0.373349
2 0.322135 0.0842593 0.0369792 0.0333333 0.379256
2 0.407031 0.0648148 0.0380208 0.0314815 0.599251
2 0.505469 0.103241 0.0421875 0.062037 0.600757
10 0.203906 0.315278 0.0161458 0.0712963 0.670063
2 0.317969 0.121759 0.0515625 0.0694444 0.696225
11 0.728646 0.0412037 0.0270833 0.0527778 0.828521
2 0.729427 0.418519 0.123438 0.17037 0.907742
7 0.490104 0.239815 0.103125 0.15 0.916616
