12 0.701563 0.1625 0.0208333 0.0416667 0.00103018
12 0.966927 0.497222 0.0255208 0.0851852 0.00103839
11 0.220573 0.062963 0.0526042 0.0685185 0.00105709
2 0.24349 0.10787 0.0119792 0.0361111 0.00109914
2 0.415365 0.110648 0.315104 0.087963 0.0011359
2 0.577604 0.109259 0.320833 0.0759259 0.00118636
9 0.548698 0.0472222 0.0130208 0.0277778 0.00125001
2 0.263542 0.105093 0.0104167 0.0472222 0.00125214
9 0.469792 0.414352 0.0104167 0.0305556 0.00128956
13 0.970833 0.525926 0.0572917 0.185185 0.00129203
2 0.591927 0.126389 0.0171875 0.025 0.00136362
2 0.813021 0.075 0.015625 0.0166667 0.00143801
2 0.297396 0.106481 0.0864583 0.0944444 0.00145591
2 0.786979 0.0828704 0.015625 0.0194444 0.00147519
2 0.46276 0.108796 0.118229 0.0657407 0.00158034
10 0.774479 0.126389 0.01875 0.0472222 0.00159372
11 0.236198 0.0699074 0.0192708 0.0472222 0.00161463
2 0.654688 0.137963 0.08125 0.0851852 0.00164843
11 0.239844 0.0328704 0.0223958 0.062037 0.0018289
2 0.641927 0.124074 0.0536458 0.0574074 0.00192134
9 0.561719 0.0314815 0.0244792 0.0592593 0.00194346
32 0.454427 0.314815 0.0078125 0.0111111 0.00201426
9 0.438802 0.193519 0.0140625 0.0351852 0.00201955
2 0.363542 0.0675926 0.0114583 0.0203704 0.00206471
0 0.732292 0.370833 0.0364583 0.0305556 0.00206552
1 0.811198 0.33287 0.0192708 0.0916667 0.00208311
9 0.207292 0.0699074 0.021875 0.0416667 0.00208878
2 0.77474 0.125463 0.0192708 0.0453704 0.00209347
7 0.970833 0.52963 0.0572917 0.2 0.00212697
9 0.565625 0.0421296 0.0114583 0.0398148 0.00218335
12 0.97526 0.499537 0.0442708 0.126852 0.00254869
0 0.75599 0.0967593 0.0140625 0.0787037 0.00255394
0 0.758333 0.375 0.0177083 0.0296296 0.0026963
0 0.248698 0.75 0.0203125 0.0537037 0.00278337
0 0.442969 0.102315 0.0182292 0.0472222 0.00283305
7 0.219531 0.0592593 0.0526042 0.0814815 0.00289367
12 0.702604 0.138426 0.0239583 0.0861111 0.00308587
2 0.0135417 0.364352 0.0270833 0.0453704 0.00321367
2 0.634635 0.141667 0.0119792 0.05 0.00378698
9 0.292969 0.0666667 0.00989583 0.0222222 0.00393629
0 0.635417 0.148148 0.0104167 0.0518519 0.00397783
9 0.36224 0.0694444 0.00885417 0.0222222 0.00401671
2 0.442448 0.0888889 0.0140625 0.0277778 0.00406566
9 0.97526 0.496759 0.0421875 0.121296 0.00434236
0 0.286198 0.1125 0.0140625 0.0657407 0.0045685
11 0.60599 0.0606481 0.00989583 0.0231481 0.00514279
9 0.995313 0.489352 0.00833333 0.117593 0.00540005
1 0.0143229 0.39537 0.0286458 0.112963 0.0074291
9 0.222656 0.0550926 0.0140625 0.0435185 0.0075215
2 0.289062 0.112037 0.0177083 0.0666667 0.00822675
9 0.442969 0.0884259 0.0140625 0.0268519 0.00823484
2 0.271094 0.110648 0.0151042 0.037963 0.00871376
0 0.710156 0.372685 0.0203125 0.0268519 0.00874824
0 0.295052 0.743519 0.0380208 0.0592593 0.00916699
1 0.00364583 0.406481 0.00729167 0.0888889 0.0143702
7 0.299219 0.106481 0.0411458 0.0833333 0.0146975
3 0.00390625 0.405093 0.0078125 0.0935185 0.0147907
9 0.567448 0.0481481 0.00885417 0.0240741 0.0148396
5 0.219792 0.0675926 0.0520833 0.0592593 0.0175845
3 0.00911458 0.394907 0.0182292 0.113889 0.0183062
0 0.00416667 0.393056 0.00833333 0.115741 0.0195442
2 0.785417 0.0907407 0.015625 0.0203704 0.0202119
2 0.300521 0.105556 0.0385417 0.0777778 0.020567
9 0.26901 0.0342593 0.0223958 0.0648148 0.0307446
0 0.275 0.74537 0.0552083 0.062963 0.0682938
9 0.500781 0.603241 0.0151042 0.0398148 0.0705777
9 0.502604 0.760185 0.0125 0.0537037 0.151783
0 0.334375 0.744444 0.05 0.0611111 0.196519
2 0.627865 0.120833 0.0244792 0.0509259 0.274927
2 0.322396 0.087037 0.0385417 0.037037 0.300694
2 0.473958 0.109722 0.034375 0.0453704 0.445111
2 0.50625 0.10463 0.0427083 0.062963 0.563435
10 0.203906 0.316667 0.0161458 0.0703704 0.702105
11 0.729948 0.0430556 0.0265625 0.0564815 0.726472
2 0.318229 0.121759 0.0510417 0.0694444 0.740467
2 0.729688 0.419907 0.121875 0.171296 0.904037
2 0.304427 0.813889 0.191146 0.27963 0.925146
