1 0.0776042 0.50463 0.0375 0.0944444 0.00100537
0 0.255208 0.614815 0.484375 0.461111 0.00102404
9 0.547917 0.0523148 0.0104167 0.0231481 0.00105582
12 0.701823 0.164352 0.0182292 0.0398148 0.00105989
0 0.523958 0.306944 0.561458 0.565741 0.00107711
1 0.0585938 0.350926 0.0401042 0.0203704 0.0011085
9 0.360677 0.0657407 0.00989583 0.0203704 0.00113964
1 0.0260417 0.380556 0.0520833 0.112963 0.00117908
0 0.361458 0.0689815 0.00833333 0.0268519 0.00130098
58 0.919271 0.184722 0.161458 0.363889 0.00130238
1 0.0229167 0.438889 0.0427083 0.0537037 0.00134211
0 0.0533854 0.110185 0.00989583 0.0462963 0.00134573
0 0.00520833 0.475 0.0104167 0.203704 0.00135328
0 0.73151 0.372685 0.0276042 0.0287037 0.00149642
7 0.405469 0.109722 0.242188 0.0916667 0.00150789
2 0.772135 0.110648 0.0203125 0.037963 0.00151552
12 0.976042 0.496759 0.0458333 0.128704 0.00155608
58 0.967188 0.507407 0.0510417 0.133333 0.00159523
2 0.399219 0.110185 0.240104 0.087037 0.00159555
0 0.433073 0.621759 0.817187 0.599074 0.0017304
11 0.236979 0.0680556 0.0166667 0.0435185 0.00178023
1 0.0609375 0.439815 0.034375 0.0703704 0.00178907
0 0.252344 0.460648 0.474479 0.223148 0.00183392
32 0.454167 0.312963 0.00833333 0.0166667 0.00185677
2 0.238021 0.141204 0.01875 0.0398148 0.00192648
7 0.2125 0.0592593 0.0354167 0.062963 0.00202818
7 0.786458 0.0638889 0.0229167 0.0592593 0.00209513
1 0.0419271 0.509722 0.0838542 0.115741 0.00210275
9 0.276042 0.0490741 0.0375 0.0962963 0.00214657
9 0.236458 0.0685185 0.0166667 0.0444444 0.00224323
2 0.974479 0.513426 0.05 0.162037 0.00242846
1 0.291927 0.481944 0.0286458 0.0787037 0.00248702
9 0.994531 0.52037 0.00989583 0.114815 0.00254978
0 0.263802 0.106019 0.0078125 0.0453704 0.0025579
1 0.00442708 0.45 0.00885417 0.161111 0.00262537
9 0.292969 0.0694444 0.00989583 0.0166667 0.00262895
2 0.814323 0.0759259 0.0171875 0.0203704 0.00263255
2 0.592448 0.123148 0.0171875 0.0296296 0.00271103
7 0.970312 0.528704 0.0583333 0.207407 0.00280717
2 0.515885 0.468519 0.564062 0.261111 0.0029185
0 0.307552 0.314352 0.574479 0.565741 0.00313943
5 0.213021 0.0615741 0.034375 0.0583333 0.00328201
1 0.0247396 0.354167 0.0473958 0.0212963 0.00336276
0 0.716146 0.372685 0.0260417 0.0268519 0.00376545
7 0.276823 0.0689815 0.0390625 0.130556 0.00382201
9 0.991667 0.5125 0.015625 0.165741 0.00403996
2 0.45625 0.0939815 0.0177083 0.0546296 0.00416718
2 0.778906 0.1 0.0317708 0.0481481 0.00428728
12 0.992448 0.496759 0.0140625 0.134259 0.00444034
9 0.269792 0.05 0.01875 0.037037 0.00463635
9 0.292188 0.0546296 0.00833333 0.0425926 0.00478565
13 0.964583 0.552315 0.0458333 0.0527778 0.0047968
9 0.502344 0.758333 0.0130208 0.0574074 0.00484187
0 0.403385 0.409722 0.0296875 0.0435185 0.00556227
58 0.96849 0.494444 0.0307292 0.0888889 0.00621575
9 0.213802 0.0601852 0.0317708 0.0555556 0.00622187
9 0.583594 0.0388889 0.0119792 0.0481481 0.006556
9 0.445052 0.243519 0.0078125 0.0185185 0.00671624
0 0.424479 0.408796 0.03125 0.0416667 0.00725477
1 0.0528646 0.486574 0.0286458 0.0824074 0.00743098
24 0.297135 0.366667 0.0390625 0.0685185 0.00762885
9 0.441146 0.227778 0.009375 0.0222222 0.00897513
9 0.572917 0.0305556 0.0135417 0.0592593 0.00914645
9 0.217969 0.104167 0.0078125 0.0398148 0.00916451
1 0.0111979 0.362963 0.0223958 0.0703704 0.0101442
9 0.269531 0.0199074 0.0203125 0.0361111 0.0109312
13 0.970312 0.532407 0.0583333 0.157407 0.0110768
13 0.98724 0.519444 0.0244792 0.177778 0.0131086
9 0.438021 0.199537 0.009375 0.0416667 0.0139053
2 0.41875 0.0893519 0.00729167 0.025 0.0159655
2 0.270312 0.110648 0.0125 0.037963 0.0162405
1 0.0205729 0.375463 0.0411458 0.0638889 0.0174713
2 0.60651 0.0601852 0.00989583 0.0259259 0.0219486
0 0.75651 0.0861111 0.0119792 0.0759259 0.0234063
2 0.785156 0.087963 0.0161458 0.0240741 0.0238426
2 0.465885 0.108333 0.0151042 0.0462963 0.0255685
0 0.634896 0.144907 0.0104167 0.0546296 0.0295803
7 0.292448 0.107407 0.0255208 0.0759259 0.0309051
9 0.566927 0.0472222 0.0078125 0.0222222 0.03455
9 0.21875 0.0888889 0.00729167 0.0148148 0.0355847
1 0.0776042 0.492593 0.0208333 0.0722222 0.0413978
2 0.292188 0.111574 0.025 0.0731481 0.0934685
1 0.00442708 0.412037 0.00885417 0.0759259 0.127897
0 0.446875 0.409259 0.0354167 0.0444444 0.180072
24 0.288021 0.371296 0.0239583 0.0537037 0.185249
1 0.0109375 0.398148 0.021875 0.101852 0.19119
0 0.377344 0.413889 0.0276042 0.0462963 0.253017
1 0.0632813 0.50787 0.0380208 0.0990741 0.25944
1 0.0583333 0.52037 0.01875 0.0740741 0.319335
2 0.322396 0.0851852 0.0364583 0.0351852 0.321952
2 0.627083 0.121296 0.0260417 0.0537037 0.403095
2 0.505729 0.102778 0.04375 0.0666667 0.423459
7 0.505469 0.103241 0.0432292 0.0657407 0.462033
2 0.477865 0.108796 0.0255208 0.0453704 0.490902
7 0.440365 0.0972222 0.0463542 0.0685185 0.496388
10 0.203906 0.314352 0.0161458 0.0694444 0.719486
2 0.31849 0.121296 0.0505208 0.0703704 0.738961
11 0.728906 0.0416667 0.0276042 0.0537037 0.766895
0 0.0619792 0.456481 0.0479167 0.142593 0.79555
1 0.29375 0.4875 0.046875 0.108333 0.823654
2 0.416406 0.481481 0.169271 0.261111 0.855934
0 0.301042 0.420833 0.05 0.182407 0.861404
2 0.729688 0.419907 0.122917 0.171296 0.907485
