0 0.807552 0.737963 0.108854 0.338889 0.00105706
7 0.280729 0.075463 0.0354167 0.143519 0.00106031
2 0.236198 0.10463 0.0171875 0.0388889 0.00107979
9 0.361979 0.0481481 0.0104167 0.0388889 0.00110366
2 0.53125 0.111574 0.0135417 0.0435185 0.00111146
9 0.439844 0.196759 0.0119792 0.0324074 0.00114822
1 0.14375 0.598148 0.0177083 0.0851852 0.00116701
0 0.755469 0.0925926 0.0151042 0.0796296 0.0012188
2 0.771354 0.1125 0.0135417 0.0268519 0.00123408
9 0.559896 0.0287037 0.0208333 0.05 0.0012443
9 0.566927 0.0574074 0.0109375 0.0444444 0.00130332
1 0.995052 0.331019 0.00885417 0.0527778 0.00130785
0 0.995313 0.330093 0.00833333 0.0564815 0.00132044
1 0.158333 0.597685 0.0322917 0.075 0.00136733
2 0.813542 0.0768519 0.0177083 0.0185185 0.00137052
11 0.220573 0.0643518 0.0515625 0.0657407 0.00140482
9 0.576823 0.0319444 0.0130208 0.0601852 0.00141355
7 0.989323 0.516667 0.0203125 0.181481 0.0014537
9 0.253385 0.087963 0.0161458 0.0351852 0.00146114
7 0.970573 0.518056 0.0578125 0.184259 0.00153555
1 0.177604 0.671296 0.01875 0.105556 0.00158053
12 0.995313 0.527315 0.00833333 0.0509259 0.00163268
2 0.289844 0.0884259 0.0244792 0.0509259 0.00168156
2 0.257031 0.0981481 0.0244792 0.062963 0.00168633
12 0.702083 0.132407 0.0229167 0.0722222 0.00175729
2 0.410937 0.111574 0.28125 0.0824074 0.00176479
2 0.654948 0.137963 0.0786458 0.087037 0.0018243
0 0.716667 0.371759 0.0229167 0.0287037 0.00183428
2 0.242969 0.10463 0.0119792 0.0333333 0.00194781
11 0.240104 0.0356481 0.0208333 0.0675926 0.00196058
2 0.565365 0.109722 0.252604 0.0712963 0.00197606
12 0.158854 0.570833 0.0427083 0.113889 0.00210321
2 0.00625 0.0925926 0.0125 0.0444444 0.00230706
12 0.701823 0.15787 0.0223958 0.0490741 0.00241927
9 0.35625 0.0189815 0.00729167 0.0194444 0.00244234
9 0.3625 0.0685185 0.009375 0.0240741 0.00245232
2 0.466406 0.110185 0.0890625 0.0648148 0.00255282
9 0.29349 0.0560185 0.00989583 0.0361111 0.00265731
2 0.442708 0.087037 0.0135417 0.0259259 0.00300185
0 0.442708 0.0986111 0.0177083 0.0509259 0.00302111
24 0.148698 0.575 0.0276042 0.0611111 0.00305506
1 0.00390625 0.415278 0.0078125 0.0694444 0.00332819
9 0.501823 0.760185 0.0130208 0.0518519 0.00345914
12 0.693229 0.163426 0.00729167 0.0398148 0.00352809
9 0.263542 0.0939815 0.009375 0.0472222 0.00372705
11 0.236979 0.0689815 0.0166667 0.0435185 0.00530957
0 0.263021 0.101389 0.009375 0.0527778 0.00556093
12 0.994531 0.498148 0.00989583 0.135185 0.00580557
2 0.00494792 0.557407 0.00989583 0.0388889 0.00595147
24 0.160417 0.546759 0.0322917 0.0601852 0.00604173
9 0.567708 0.0314815 0.0145833 0.0574074 0.0065691
2 0.650521 0.150463 0.0395833 0.0583333 0.00663979
2 0.363542 0.0671296 0.0114583 0.0212963 0.00702098
0 0.147656 0.923611 0.118229 0.150926 0.00727775
9 0.216146 0.0587963 0.0270833 0.0490741 0.00814527
9 0.209115 0.0680556 0.0244792 0.0472222 0.00841326
1 0.0130208 0.398148 0.0260417 0.103704 0.00873565
12 0.157552 0.541204 0.0223958 0.0490741 0.00972571
2 0.785937 0.0902778 0.0145833 0.0212963 0.00983677
11 0.60625 0.0601852 0.0104167 0.0240741 0.0129056
0 0.635417 0.149074 0.009375 0.0518519 0.0141862
2 0.238542 0.141204 0.0177083 0.0398148 0.0153248
7 0.219792 0.0685185 0.0510417 0.0666667 0.0164741
9 0.442448 0.087037 0.0130208 0.0259259 0.0165419
2 0.592448 0.124537 0.0171875 0.025 0.0166615
2 0.635156 0.14537 0.0109375 0.0537037 0.020919
5 0.220313 0.0703704 0.0510417 0.0666667 0.0223918
2 0.271354 0.105556 0.0145833 0.0462963 0.0269552
2 0.489323 0.106944 0.0151042 0.0509259 0.0337484
24 0.159635 0.56713 0.0244792 0.062037 0.053576
9 0.567187 0.0481481 0.00833333 0.0240741 0.0647275
9 0.26875 0.0337963 0.0208333 0.0657407 0.0658841
2 0.461979 0.114352 0.0125 0.0342593 0.143987
7 0.297135 0.107407 0.0380208 0.0814815 0.161047
2 0.297917 0.107407 0.0375 0.0833333 0.186327
2 0.470313 0.109722 0.028125 0.0435185 0.218278
2 0.322135 0.0861111 0.0380208 0.0351852 0.243127
2 0.479948 0.108796 0.0213542 0.0453704 0.26493
1 0.159896 0.684722 0.0395833 0.150926 0.430594
2 0.627344 0.121759 0.0255208 0.0509259 0.496224
2 0.505469 0.104167 0.0432292 0.062037 0.56473
2 0.31849 0.120833 0.0505208 0.0712963 0.685642
10 0.203906 0.315278 0.0161458 0.0731481 0.77229
11 0.729167 0.0430556 0.0270833 0.0564815 0.788992
0 0.158594 0.618981 0.0442708 0.210185 0.804033
2 0.729948 0.419907 0.122396 0.171296 0.895443
