9 0.44349 0.237963 0.00989583 0.0277778 0.00100236
2 0.253906 0.133333 0.0213542 0.0518519 0.00110963
1 0.6375 0.291667 0.025 0.0592593 0.00111383
2 0.53099 0.112963 0.0130208 0.0425926 0.00113047
13 0.994271 0.519907 0.0104167 0.169444 0.00116395
7 0.28724 0.102315 0.0984375 0.0972222 0.00119175
2 0.992188 0.32963 0.0145833 0.0592593 0.00120317
2 0.813021 0.0773148 0.0166667 0.0194444 0.00121429
9 0.582812 0.0388889 0.0125 0.0481481 0.00123689
0 0.75651 0.116204 0.0119792 0.0416667 0.00127038
1 0.00911458 0.385648 0.0182292 0.141667 0.00127596
7 0.788802 0.0634259 0.0265625 0.0712963 0.00130469
9 0.0583333 0.0226852 0.0145833 0.037963 0.0013351
2 0.239583 0.108333 0.01875 0.0351852 0.00135298
9 0.994792 0.505093 0.009375 0.147222 0.00136347
0 0.757552 0.372685 0.0203125 0.0324074 0.00137708
2 0.221094 0.134722 0.0546875 0.0527778 0.00138623
0 0.053125 0.106019 0.0114583 0.0453704 0.00138872
2 0.305208 0.129167 0.0302083 0.0601852 0.00139421
9 0.577083 0.0319444 0.015625 0.0583333 0.00141469
2 0.263021 0.10463 0.0104167 0.05 0.00146203
0 0.510677 0.249074 0.472396 0.383333 0.00151083
2 0.00572917 0.0916667 0.0114583 0.0407407 0.00152923
9 0.252865 0.087037 0.0140625 0.037037 0.00155316
0 0.73151 0.372685 0.0244792 0.0268519 0.00156857
9 0.547656 0.0527778 0.00989583 0.0240741 0.00160986
2 0.994792 0.373611 0.009375 0.149074 0.00165573
7 0.988281 0.519444 0.0223958 0.187037 0.00166018
2 0.0328125 0.0666667 0.021875 0.0203704 0.00167236
9 0.292708 0.0560185 0.009375 0.0435185 0.00172242
13 0.984375 0.52037 0.0302083 0.175926 0.00176255
1 0.810417 0.330556 0.01875 0.087037 0.00178592
2 0.0429688 0.0962963 0.0744792 0.0777778 0.00178861
9 0.50026 0.601389 0.0151042 0.0398148 0.00192043
2 0.559115 0.109722 0.267188 0.0675926 0.00193597
2 0.454948 0.110185 0.121354 0.0592593 0.00197032
2 0.0585938 0.0685185 0.0348958 0.0259259 0.00197558
32 0.453906 0.314815 0.00885417 0.0148148 0.00198839
2 0.357031 0.112037 0.133854 0.0722222 0.00198884
2 0.503385 0.103241 0.0401042 0.0601852 0.00217168
13 0.0138021 0.393519 0.0276042 0.118519 0.00218867
9 0.263021 0.0902778 0.00833333 0.0416667 0.00226125
0 0.817187 0.235185 0.00833333 0.0407407 0.00227274
9 0.115625 0.0240741 0.015625 0.0407407 0.0024478
9 0.441667 0.228704 0.009375 0.0240741 0.00251846
2 0.594271 0.125 0.015625 0.0240741 0.00266207
1 0.03125 0.15463 0.0625 0.0851852 0.00280714
0 0.282552 0.0893519 0.0078125 0.025 0.00280983
9 0.292188 0.0722222 0.0104167 0.0166667 0.00286295
1 0.668229 0.281944 0.0489583 0.062037 0.00298503
0 0.757031 0.074537 0.00989583 0.0435185 0.00315828
58 0.96875 0.496296 0.0302083 0.0925926 0.00358101
2 0.304688 0.0814815 0.0260417 0.0333333 0.00362665
0 0.75599 0.0935185 0.0130208 0.0796296 0.00393907
0 0.285937 0.118981 0.0135417 0.062037 0.00401699
1 0.00416667 0.455556 0.00833333 0.22963 0.00436209
11 0.236979 0.0680556 0.0177083 0.0435185 0.00449455
0 0.715365 0.372222 0.0234375 0.0259259 0.00463258
12 0.99375 0.500463 0.0114583 0.137963 0.00464423
9 0.107813 0.0296296 0.009375 0.0351852 0.00487754
9 0.571615 0.0319444 0.0130208 0.0583333 0.00500879
9 0.458594 0.0652778 0.0078125 0.0305556 0.00551382
2 0.60625 0.0597222 0.0104167 0.025 0.00567023
2 0.442969 0.0893519 0.0140625 0.0305556 0.00632809
0 0.443229 0.0976852 0.0177083 0.0509259 0.00648615
1 0.00442708 0.388889 0.00885417 0.12037 0.00803425
58 0.443229 0.0875 0.0135417 0.0287037 0.0099006
2 0.363802 0.0685185 0.0109375 0.0240741 0.0108526
0 0.635938 0.147222 0.009375 0.0518519 0.0112841
2 0.238542 0.140741 0.01875 0.0407407 0.0117882
2 0.295312 0.116667 0.025 0.0666667 0.0146223
0 0.995573 0.326852 0.0078125 0.0574074 0.0160588
2 0.790365 0.0875 0.0213542 0.0268519 0.0161248
0 0.363021 0.0689815 0.009375 0.0231481 0.0174877
7 0.220313 0.0657407 0.0510417 0.0740741 0.0189077
2 0.271354 0.110185 0.0145833 0.0388889 0.0203468
9 0.503125 0.759722 0.0135417 0.0546296 0.0204724
5 0.21901 0.0662037 0.0463542 0.0638889 0.0279728
7 0.3 0.105556 0.034375 0.0759259 0.0338225
9 0.26901 0.0356481 0.0223958 0.0675926 0.0361583
2 0.48776 0.108333 0.0130208 0.0481481 0.03756
1 0.658333 0.265741 0.0270833 0.109259 0.059976
9 0.567187 0.0481481 0.00833333 0.0240741 0.126606
2 0.464844 0.1125 0.0171875 0.037963 0.129022
2 0.479688 0.110185 0.0177083 0.0425926 0.218355
2 0.322135 0.0861111 0.0380208 0.0333333 0.280559
2 0.627344 0.122222 0.0255208 0.0537037 0.463944
1 0.65651 0.293519 0.0223958 0.0574074 0.500469
7 0.50651 0.104167 0.0421875 0.0638889 0.513184
2 0.31849 0.121296 0.0515625 0.0722222 0.659732
2 0.392969 0.104167 0.0348958 0.0509259 0.692479
11 0.729167 0.0430556 0.0270833 0.0564815 0.779982
10 0.203906 0.315741 0.0161458 0.0722222 0.780825
0 0.659115 0.259259 0.0276042 0.103704 0.797369
2 0.729688 0.419444 0.122917 0.172222 0.904954
