2 0.252865 0.087963 0.0151042 0.0351852 0.00101996
0 0.75625 0.130556 0.0125 0.0425926 0.00102641
2 0.778906 0.106019 0.0276042 0.0527778 0.00103118
32 0.454167 0.315278 0.00833333 0.0138889 0.00103929
2 0.570312 0.421759 0.571875 0.184259 0.00105497
0 0.994792 0.440741 0.009375 0.277778 0.00110655
9 0.263802 0.0296296 0.0182292 0.0555556 0.001117
2 0.270312 0.0648148 0.0197917 0.062963 0.00111781
9 0.582552 0.0347222 0.0182292 0.0564815 0.00125414
2 0.233854 0.0981481 0.0208333 0.05 0.00128773
9 0.558073 0.0287037 0.0192708 0.05 0.00128987
9 0.415365 0.00925926 0.0151042 0.0185185 0.00129876
58 0.968229 0.493981 0.03125 0.0898148 0.00131245
1 0.0130208 0.368519 0.0260417 0.05 0.00131722
9 0.275 0.0393519 0.0354167 0.075 0.00133997
2 0.255469 0.106481 0.0223958 0.0555556 0.00136579
9 0.548177 0.0523148 0.0109375 0.025 0.00136608
2 0.658333 0.149074 0.05625 0.0648148 0.00138049
2 0.994792 0.377315 0.009375 0.150926 0.00140611
2 0.814062 0.0763889 0.0166667 0.0194444 0.00142576
2 0.00546875 0.0916667 0.0109375 0.05 0.00144878
7 0.146094 0.0916667 0.0671875 0.0796296 0.00145848
12 0.363802 0.0675926 0.0109375 0.0222222 0.00155674
2 0.219271 0.0814815 0.0541667 0.0814815 0.00165753
10 0.197396 0.296296 0.0291667 0.112963 0.00167301
2 0.995052 0.331944 0.00885417 0.0583333 0.00169495
7 0.292969 0.104167 0.0765625 0.0898148 0.00179936
7 0.788021 0.0648148 0.025 0.0648148 0.00186658
11 0.605469 0.0601852 0.0109375 0.0240741 0.00188796
2 0.0140625 0.396296 0.028125 0.116667 0.00191929
2 0.33724 0.0796296 0.0182292 0.0314815 0.00200876
2 0.289323 0.0902778 0.0223958 0.0546296 0.00202712
7 0.992448 0.518056 0.0140625 0.173148 0.00206484
0 0.727344 0.372685 0.0317708 0.0287037 0.002089
11 0.239844 0.0333333 0.0213542 0.062963 0.00213348
0 0.75651 0.374074 0.0203125 0.0314815 0.00215833
2 0.408594 0.113889 0.278646 0.0814815 0.00215981
2 0.442708 0.0861111 0.0135417 0.0259259 0.00219348
9 0.10599 0.0296296 0.0140625 0.0351852 0.00226906
2 0.24349 0.106019 0.0119792 0.0324074 0.00227431
2 0.263281 0.107407 0.0078125 0.0425926 0.00246819
2 0.239063 0.131481 0.0197917 0.0537037 0.00254564
2 0.558333 0.1125 0.251042 0.0712963 0.00264013
2 0.456771 0.1125 0.107292 0.0657407 0.0028998
12 0.702083 0.133333 0.0229167 0.0740741 0.00297683
9 0.269271 0.0476852 0.0197917 0.037963 0.00303865
9 0.816927 0.236111 0.00885417 0.0407407 0.00313029
7 0.970312 0.524537 0.0583333 0.197222 0.00338459
1 0.0140625 0.39537 0.028125 0.112963 0.0034249
9 0.99375 0.493981 0.0114583 0.123148 0.00376292
2 0.448698 0.116204 0.0296875 0.025 0.00391772
2 0.00390625 0.40787 0.0078125 0.087963 0.00419152
11 0.220313 0.0662037 0.0520833 0.0601852 0.00437916
9 0.573698 0.0314815 0.0151042 0.0592593 0.004764
1 0.0046875 0.3875 0.009375 0.123148 0.00515561
1 0.810677 0.330556 0.0192708 0.0907407 0.00524167
0 0.754948 0.0902778 0.0151042 0.075 0.00525386
12 0.702083 0.165278 0.0197917 0.037963 0.00539536
2 0.592708 0.125463 0.0177083 0.025 0.0054398
12 0.691406 0.165278 0.00989583 0.037963 0.005799
9 0.502083 0.760185 0.0125 0.0537037 0.00612195
12 0.994271 0.49537 0.0104167 0.127778 0.00687752
9 0.36224 0.0680556 0.00885417 0.025 0.00706458
9 0.208333 0.0685185 0.025 0.0462963 0.00758192
0 0.714844 0.374074 0.0244792 0.0240741 0.00893726
11 0.236979 0.0685185 0.0177083 0.0444444 0.0110045
0 0.995573 0.32963 0.0078125 0.0537037 0.0111604
9 0.26901 0.0208333 0.0203125 0.0361111 0.0114316
9 0.442187 0.0865741 0.0135417 0.0268519 0.0150356
5 0.220573 0.0699074 0.0505208 0.0657407 0.0195212
2 0.785417 0.0898148 0.0145833 0.0240741 0.0214014
2 0.634896 0.143981 0.0104167 0.0527778 0.0252944
2 0.271615 0.109722 0.0151042 0.0398148 0.0288658
7 0.220313 0.0685185 0.0510417 0.0666667 0.0353659
2 0.488542 0.107407 0.0135417 0.05 0.0375283
9 0.566927 0.0481481 0.0078125 0.0240741 0.0410908
2 0.461458 0.113426 0.0125 0.0361111 0.0853556
2 0.297656 0.106944 0.0369792 0.0787037 0.152162
2 0.479948 0.109259 0.0213542 0.0444444 0.223391
2 0.466927 0.110185 0.0213542 0.0444444 0.245477
2 0.322135 0.0861111 0.0380208 0.0351852 0.359776
7 0.50625 0.103704 0.0427083 0.062963 0.365047
2 0.50599 0.103704 0.0421875 0.062963 0.475687
2 0.627083 0.122222 0.025 0.05 0.533224
2 0.31849 0.120833 0.0505208 0.0712963 0.716107
10 0.203906 0.315741 0.0161458 0.0722222 0.781238
11 0.728906 0.0430556 0.0276042 0.0564815 0.782196
2 0.729427 0.418519 0.122396 0.172222 0.907203
