0 0.479167 0.511574 0.7375 0.269444 0.00103084
1 0.810417 0.32963 0.0177083 0.0833333 0.00103306
7 0.146615 0.0907407 0.0661458 0.0740741 0.00104237
9 0.361198 0.0638889 0.0109375 0.0240741 0.00104838
0 0.683333 0.74213 0.139583 0.482407 0.00106553
0 0.539323 0.256944 0.522396 0.382407 0.00107854
0 0.388281 0.209722 0.0182292 0.0268519 0.00114644
2 0.592708 0.126389 0.0166667 0.0231481 0.00120759
0 0.758854 0.126852 0.0135417 0.0333333 0.00122803
2 0.974219 0.518981 0.0505208 0.175 0.00124753
9 0.416146 0.0106481 0.015625 0.0212963 0.00127005
2 0.815625 0.0837963 0.015625 0.0268519 0.00131383
2 0.442969 0.101389 0.0192708 0.0416667 0.0014136
1 0.0117188 0.362037 0.0234375 0.0759259 0.00144958
0 0.457292 0.659722 0.753125 0.584259 0.00149836
2 0.43151 0.107407 0.319271 0.0796296 0.0015162
2 0.689062 0.111111 0.14375 0.0796296 0.00157083
7 0.663281 0.134259 0.0901042 0.087037 0.00158884
2 0.363542 0.0666667 0.0114583 0.0203704 0.00175198
2 0.797656 0.0833333 0.0307292 0.0259259 0.00175943
58 0.96875 0.495833 0.03125 0.0916667 0.00178586
9 0.502344 0.760185 0.0119792 0.0537037 0.001792
11 0.236719 0.0671296 0.0171875 0.0416667 0.0018004
7 0.7875 0.0615741 0.0229167 0.0583333 0.00187155
0 0.756771 0.375463 0.0208333 0.0305556 0.00204674
13 0.9625 0.55463 0.040625 0.0407407 0.00206734
0 0.728906 0.372685 0.0296875 0.0287037 0.0021587
13 0.969271 0.567593 0.0552083 0.0703704 0.00218559
2 0.807292 0.0712963 0.0104167 0.0166667 0.00231188
2 0.442187 0.087037 0.0135417 0.0259259 0.00238517
2 0.60625 0.0597222 0.0104167 0.0231481 0.00244484
0 0.45651 0.405556 0.827604 0.698148 0.00248928
9 0.276042 0.0402778 0.0375 0.0768519 0.00250784
2 0.638542 0.149537 0.01875 0.0564815 0.00262255
13 0.974479 0.518056 0.05 0.176852 0.00278851
2 0.601042 0.108333 0.309375 0.0648148 0.00300943
9 0.290625 0.0717593 0.0125 0.0175926 0.00322777
0 0.75651 0.075463 0.0109375 0.0472222 0.00343081
0 0.995573 0.327778 0.0078125 0.0537037 0.0034407
2 0.482812 0.106944 0.0666667 0.0583333 0.0034778
2 0.238281 0.140741 0.0182292 0.0425926 0.00410489
2 0.815625 0.0694444 0.015625 0.012963 0.00415654
0 0.36224 0.0652778 0.00885417 0.0324074 0.00440552
9 0.293229 0.0574074 0.00833333 0.0388889 0.00445976
9 0.584375 0.0342593 0.0177083 0.0574074 0.00446667
7 0.99349 0.51713 0.0119792 0.171296 0.0045302
0 0.263542 0.100926 0.00833333 0.0555556 0.00455919
9 0.3625 0.049537 0.0104167 0.0398148 0.00459637
2 0.658854 0.150926 0.059375 0.0611111 0.00473334
0 0.713542 0.371759 0.0208333 0.0268519 0.00491317
9 0.817708 0.235185 0.00833333 0.0407407 0.00545809
9 0.99349 0.498611 0.0119792 0.137963 0.00564457
7 0.275781 0.0662037 0.0390625 0.128704 0.00572295
9 0.573698 0.0305556 0.0151042 0.0592593 0.00601961
2 0.270052 0.106481 0.0130208 0.0462963 0.00733892
5 0.221094 0.0671296 0.0484375 0.0564815 0.00735055
2 0.30651 0.0819444 0.0244792 0.0342593 0.00755495
0 0.267708 0.099537 0.0114583 0.0564815 0.00796599
7 0.970833 0.521759 0.0572917 0.189815 0.00907585
2 0.814062 0.0759259 0.0177083 0.0166667 0.0100929
7 0.220573 0.0685185 0.0494792 0.0592593 0.010127
9 0.207552 0.0675926 0.0203125 0.0462963 0.0105736
0 0.282552 0.0884259 0.0078125 0.0305556 0.0143934
9 0.220052 0.0884259 0.00885417 0.0157407 0.0148617
2 0.785417 0.0898148 0.0145833 0.0222222 0.014993
0 0.286719 0.111111 0.0171875 0.0759259 0.0170625
0 0.634896 0.147222 0.0114583 0.0537037 0.0209083
9 0.26901 0.0319444 0.0213542 0.0564815 0.0211255
9 0.442187 0.0875 0.0135417 0.0268519 0.022563
7 0.296615 0.10463 0.0359375 0.0777778 0.0240164
2 0.0135417 0.398148 0.0270833 0.107407 0.0275562
2 0.488021 0.107407 0.0135417 0.05 0.0308532
9 0.567187 0.0476852 0.00833333 0.0231481 0.0318477
1 0.00598958 0.398148 0.0119792 0.107407 0.0325875
1 0.0135417 0.397222 0.0270833 0.109259 0.0388602
0 0.348958 0.481019 0.0322917 0.0398148 0.0457941
2 0.291406 0.106944 0.0255208 0.075 0.0509427
3 0.00885417 0.398611 0.0177083 0.106481 0.0549666
2 0.00442708 0.406019 0.00885417 0.0916667 0.0576153
0 0.383073 0.479167 0.0338542 0.0416667 0.0812116
2 0.465885 0.110648 0.0192708 0.0416667 0.176845
2 0.479948 0.109259 0.0203125 0.0444444 0.221667
2 0.323177 0.0875 0.0380208 0.037963 0.315188
7 0.505729 0.103704 0.0427083 0.062963 0.399836
2 0.627083 0.121296 0.025 0.0518519 0.426608
2 0.505729 0.103704 0.0427083 0.062963 0.446803
2 0.31875 0.120833 0.0510417 0.0712963 0.656864
10 0.203646 0.315741 0.0166667 0.0722222 0.800514
11 0.728646 0.0425926 0.0270833 0.0574074 0.826415
2 0.383073 0.242593 0.0817708 0.111111 0.898723
2 0.729948 0.418981 0.122396 0.171296 0.911963
2 0.722917 0.193981 0.130208 0.108333 0.922318
2 0.363802 0.529167 0.139062 0.200926 0.928598
