0 0.232292 0.836574 0.3125 0.230556 0.00100727
0 0.0932292 0.736574 0.186458 0.332407 0.00101737
13 0.961458 0.558796 0.0395833 0.0490741 0.00101838
2 0.777865 0.102778 0.0317708 0.0592593 0.00102428
2 0.657292 0.140741 0.0739583 0.0796296 0.00104606
9 0.440885 0.226852 0.0119792 0.0333333 0.00105484
7 0.276302 0.0486111 0.0359375 0.0898148 0.0010594
2 0.536719 0.112963 0.0119792 0.0444444 0.00108081
2 0.573698 0.126389 0.0536458 0.0342593 0.00109763
2 0.771354 0.110648 0.0135417 0.025 0.00110292
0 0.756771 0.126852 0.0114583 0.037037 0.00110989
2 0.21849 0.135648 0.0588542 0.0546296 0.00122908
12 0.701823 0.123611 0.0223958 0.0527778 0.0012666
2 0.241146 0.10787 0.0177083 0.0361111 0.00138237
0 0.11224 0.688426 0.0453125 0.117593 0.00149648
1 0.810156 0.330556 0.0182292 0.0814815 0.00150991
0 0.204688 0.746296 0.316667 0.325926 0.0015605
12 0.995573 0.532407 0.0078125 0.0537037 0.00158815
2 0.269271 0.0601852 0.01875 0.0333333 0.00161997
9 0.263802 0.0287037 0.0130208 0.0444444 0.00166425
2 0.558073 0.423148 0.553646 0.181481 0.00166623
2 0.0125 0.397685 0.025 0.112037 0.00167819
0 0.846615 0.240278 0.00885417 0.0324074 0.00179
0 0.757031 0.0736111 0.0119792 0.0398148 0.00182622
1 0.0229167 0.39537 0.0458333 0.114815 0.00186797
12 0.701823 0.163889 0.0234375 0.0388889 0.00186942
12 0.363281 0.0638889 0.0119792 0.0296296 0.00188056
9 0.429688 0.0398148 0.00833333 0.0203704 0.00188395
0 0.00651042 0.552778 0.0130208 0.0481481 0.00199482
11 0.220833 0.0662037 0.0510417 0.0601852 0.00201097
58 0.96849 0.495833 0.0307292 0.087963 0.00201222
9 0.269792 0.0523148 0.0197917 0.0361111 0.00205169
2 0.442708 0.0865741 0.0135417 0.0268519 0.00206808
2 0.300781 0.10787 0.0755208 0.087963 0.00211305
0 0.716146 0.370833 0.0239583 0.0287037 0.00223841
2 0.404427 0.111111 0.264062 0.0759259 0.00227832
9 0.572656 0.0310185 0.0140625 0.0583333 0.00230054
2 0.960938 0.556019 0.0375 0.0435185 0.00234107
1 0.12526 0.801852 0.0171875 0.144444 0.002439
2 0.448177 0.110185 0.0286458 0.037037 0.00249493
2 0.816667 0.233333 0.0104167 0.0462963 0.00249799
0 0.263281 0.106944 0.00885417 0.0453704 0.00251874
7 0.970573 0.519444 0.0578125 0.185185 0.00257695
7 0.989323 0.517593 0.0203125 0.185185 0.00258541
2 0.99401 0.519444 0.0109375 0.168519 0.00263741
9 0.489062 0.980093 0.015625 0.0398148 0.0026661
0 0.995573 0.331481 0.0078125 0.0518519 0.00286538
2 0.564583 0.110648 0.229167 0.0657407 0.00312197
2 0.646615 0.145833 0.0348958 0.0601852 0.00331881
7 0.78776 0.0648148 0.0244792 0.062963 0.00334288
9 0.36224 0.0615741 0.0109375 0.037963 0.00354659
0 0.75651 0.0949074 0.0151042 0.0805556 0.00372015
1 0.11849 0.776852 0.0317708 0.0944444 0.00377737
9 0.207552 0.0694444 0.0182292 0.0407407 0.00379111
24 0.109635 0.656018 0.0390625 0.0601852 0.00411057
9 0.269271 0.0189815 0.0197917 0.0305556 0.00462345
11 0.236719 0.0694444 0.0171875 0.0462963 0.00534033
2 0.478646 0.110185 0.0552083 0.0574074 0.00580826
2 0.83099 0.234259 0.0390625 0.05 0.00586737
9 0.220833 0.0523148 0.0177083 0.0416667 0.00615232
5 0.220573 0.0652778 0.0494792 0.0601852 0.00677465
2 0.00520833 0.555093 0.0104167 0.0435185 0.00689704
9 0.442448 0.087037 0.0130208 0.0259259 0.00707795
2 0.00390625 0.421296 0.0078125 0.0611111 0.00779073
12 0.692969 0.164352 0.0078125 0.0398148 0.0078139
2 0.60599 0.0606481 0.0109375 0.0231481 0.00825893
12 0.994531 0.502315 0.00989583 0.147222 0.00897146
2 0.814844 0.075463 0.0171875 0.0175926 0.00906007
7 0.220052 0.0657407 0.0505208 0.0648148 0.0114418
1 0.0119792 0.368056 0.0239583 0.0527778 0.01244
2 0.238281 0.141667 0.0182292 0.0407407 0.0127621
24 0.108333 0.689815 0.04375 0.0962963 0.0146325
0 0.635417 0.147222 0.0104167 0.0518519 0.015753
2 0.271875 0.109259 0.0145833 0.0407407 0.015924
1 0.00390625 0.416204 0.0078125 0.0712963 0.0167347
2 0.591927 0.124537 0.0171875 0.0268519 0.0203027
2 0.488542 0.107407 0.0145833 0.05 0.0280108
2 0.785937 0.0893519 0.0145833 0.0212963 0.0285433
9 0.567448 0.0486111 0.0078125 0.0231481 0.0338754
2 0.634896 0.143519 0.0114583 0.0518519 0.0354653
9 0.502083 0.760648 0.0125 0.0527778 0.035768
1 0.0101562 0.396296 0.0203125 0.111111 0.0382294
7 0.297917 0.106481 0.0395833 0.0814815 0.126362
2 0.46276 0.112037 0.0140625 0.0407407 0.136432
2 0.294531 0.106944 0.0307292 0.0824074 0.157818
2 0.472135 0.110185 0.0317708 0.0444444 0.294539
2 0.322396 0.0875 0.0364583 0.037963 0.369813
2 0.627344 0.122685 0.0255208 0.0509259 0.462495
1 0.110156 0.816667 0.0463542 0.175926 0.58332
2 0.505729 0.104167 0.0427083 0.062037 0.687833
10 0.204167 0.315741 0.015625 0.0722222 0.716267
2 0.318229 0.122685 0.0510417 0.0694444 0.770911
11 0.729167 0.0430556 0.0270833 0.0564815 0.807747
0 0.109896 0.744444 0.05 0.246296 0.826884
2 0.729948 0.419907 0.122396 0.171296 0.900869
