0 0.729948 0.371759 0.0265625 0.0305556 0.00100953
0 0.929948 0.280093 0.0161458 0.0509259 0.00112741
2 0.407552 0.106944 0.283854 0.0824074 0.00113596
12 0.976042 0.500463 0.0458333 0.136111 0.00115744
0 0.264844 0.0967593 0.0109375 0.0564815 0.00116072
9 0.360677 0.0662037 0.00989583 0.0194444 0.00117608
0 0.18724 0.115278 0.00677083 0.037963 0.00121287
9 0.568229 0.0305556 0.015625 0.0574074 0.0012171
2 0.658073 0.135185 0.0744792 0.0759259 0.0012699
2 0.0127604 0.398611 0.0255208 0.108333 0.00129523
0 0.75625 0.373611 0.021875 0.0342593 0.00130041
1 0.00442708 0.40787 0.00885417 0.0861111 0.00143121
9 0.584635 0.0416667 0.0140625 0.0425926 0.00143171
2 0.23724 0.140278 0.0203125 0.0416667 0.00144474
13 0.00572917 0.400463 0.0114583 0.0990741 0.00162224
2 0.6375 0.143981 0.01875 0.0509259 0.00179979
2 0.557552 0.10787 0.283854 0.0712963 0.00183336
2 0.785417 0.0828704 0.015625 0.0231481 0.0018631
9 0.26224 0.0476852 0.0151042 0.0435185 0.00186617
2 0.444531 0.102315 0.0234375 0.0435185 0.00191467
9 0.468229 0.409722 0.009375 0.0231481 0.00192389
12 0.692708 0.162963 0.00729167 0.0407407 0.0019264
9 0.219271 0.102778 0.009375 0.037037 0.0019308
9 0.547917 0.0518519 0.0104167 0.0222222 0.00196626
0 0.708854 0.371759 0.0208333 0.0287037 0.00206473
2 0.00442708 0.411111 0.00885417 0.0796296 0.00207012
2 0.466406 0.106481 0.110937 0.062963 0.00208592
2 0.255208 0.0865741 0.0208333 0.0361111 0.00231625
9 0.242708 0.0787037 0.00833333 0.0388889 0.00237174
9 0.236979 0.0685185 0.0166667 0.0425926 0.00276824
7 0.144531 0.087037 0.0661458 0.0833333 0.00282528
13 0.0130208 0.396759 0.0260417 0.108333 0.00298425
1 0.0101562 0.397685 0.0203125 0.108333 0.00306667
2 0.264844 0.0990741 0.0109375 0.0555556 0.00316071
7 0.23099 0.0671296 0.0286458 0.0509259 0.00317745
9 0.215365 0.0638889 0.0421875 0.0592593 0.00323451
58 0.967969 0.49537 0.0307292 0.087037 0.00348009
9 0.991667 0.512963 0.015625 0.162963 0.00362942
2 0.286458 0.0777778 0.0166667 0.0296296 0.00385374
2 0.776042 0.105556 0.0239583 0.0351852 0.00387511
2 0.593229 0.126389 0.015625 0.025 0.00391249
9 0.291667 0.0509259 0.00833333 0.0407407 0.00466339
12 0.992448 0.503241 0.0140625 0.14537 0.00471456
7 0.27474 0.0416667 0.0348958 0.0814815 0.00479198
0 0.283854 0.0865741 0.009375 0.0342593 0.00486729
7 0.970312 0.528704 0.0583333 0.203704 0.00563487
13 0.964063 0.551852 0.0458333 0.0537037 0.00607296
2 0.441927 0.0861111 0.0151042 0.0240741 0.00607874
13 0.992708 0.518519 0.0135417 0.172222 0.00627355
7 0.220573 0.0555556 0.0526042 0.0833333 0.00695695
2 0.784115 0.0893519 0.0130208 0.0175926 0.00758728
9 0.441667 0.0865741 0.015625 0.025 0.00808068
0 0.755469 0.0912037 0.0140625 0.0805556 0.00837036
2 0.290625 0.0699074 0.0125 0.0138889 0.00847695
0 0.28776 0.109259 0.0182292 0.0777778 0.00866726
9 0.499479 0.602315 0.015625 0.0416667 0.010836
9 0.566406 0.0467593 0.00885417 0.0231481 0.0125938
5 0.21224 0.0611111 0.0338542 0.0574074 0.0136253
2 0.605729 0.0592593 0.009375 0.0277778 0.0137723
13 0.970052 0.525926 0.0588542 0.17963 0.0138829
7 0.21224 0.0615741 0.0338542 0.0564815 0.0163282
2 0.292708 0.107407 0.0239583 0.0685185 0.0174041
9 0.220052 0.0898148 0.00885417 0.0111111 0.019924
2 0.270052 0.105093 0.0140625 0.0453704 0.0206869
9 0.26875 0.0351852 0.0229167 0.0666667 0.0212033
9 0.502344 0.759259 0.0119792 0.0537037 0.0232541
2 0.490365 0.106944 0.0192708 0.0509259 0.0298771
0 0.634635 0.142593 0.0109375 0.0462963 0.0342697
2 0.463021 0.109259 0.0145833 0.0444444 0.164958
2 0.321354 0.0847222 0.0375 0.0342593 0.386214
2 0.47526 0.108796 0.0296875 0.0453704 0.44241
2 0.626562 0.120833 0.0260417 0.0509259 0.443904
2 0.505208 0.103241 0.0427083 0.0638889 0.605359
10 0.203906 0.315278 0.0161458 0.0712963 0.613677
2 0.317708 0.120833 0.0520833 0.0694444 0.721757
11 0.728646 0.0407407 0.0270833 0.0518519 0.814031
2 0.729167 0.418519 0.122917 0.172222 0.903336
7 0.507552 0.296759 0.120312 0.175 0.91429
