9 0.429688 0.0402778 0.00833333 0.0194444 0.00107953
9 0.279167 0.0634259 0.0208333 0.0546296 0.00110551
0 0.613281 0.238426 0.00885417 0.0509259 0.00110752
9 0.589323 0.0356481 0.0151042 0.0601852 0.00112532
0 0.74974 0.0986111 0.0276042 0.0898148 0.00116904
7 0.220052 0.0587963 0.0515625 0.075 0.00116919
9 0.556771 0.0259259 0.0270833 0.0481481 0.0011863
9 0.58125 0.0333333 0.0166667 0.062963 0.0011992
2 0.53724 0.110185 0.00885417 0.0462963 0.00126643
2 0.784115 0.105556 0.0401042 0.0555556 0.00129876
1 0.813021 0.351852 0.015625 0.0666667 0.00138252
9 0.689583 0.168519 0.0135417 0.0351852 0.00141483
9 0.253906 0.0856481 0.0140625 0.0324074 0.00143257
12 0.995313 0.52963 0.00833333 0.0518519 0.00146719
0 0.26276 0.110185 0.00989583 0.0444444 0.00147177
2 0.5 0.109722 0.338542 0.0694444 0.00151511
2 0.357552 0.1125 0.0328125 0.0398148 0.00153223
2 0.814323 0.0847222 0.0161458 0.0212963 0.00153458
2 0.689583 0.169907 0.0135417 0.0361111 0.0015507
13 0.970833 0.522222 0.0572917 0.172222 0.00155075
2 0.802083 0.0861111 0.0333333 0.0222222 0.00155361
2 0.425 0.100463 0.0552083 0.0472222 0.00162559
9 0.56276 0.0509259 0.0192708 0.0259259 0.00167275
9 0.548437 0.05 0.0114583 0.0259259 0.00180013
9 0.236979 0.0675926 0.0166667 0.0425926 0.00180385
12 0.690625 0.166667 0.0125 0.0388889 0.00184318
12 0.973958 0.497222 0.040625 0.12037 0.00184652
2 0.663021 0.147222 0.0666667 0.0833333 0.00189418
0 0.361458 0.0680556 0.0114583 0.0231481 0.00198989
2 0.77474 0.117593 0.0192708 0.0351852 0.00202136
0 0.758073 0.375463 0.0182292 0.0287037 0.0021613
9 0.441667 0.227315 0.009375 0.0175926 0.00216774
0 0.73099 0.372685 0.0359375 0.0305556 0.00233953
2 0.291146 0.0726852 0.0135417 0.0175926 0.00240339
2 0.442969 0.0972222 0.0182292 0.0462963 0.00249685
9 0.258594 0.0726852 0.0109375 0.0472222 0.00260031
9 0.268229 0.0976852 0.0125 0.0509259 0.00289779
9 0.46901 0.408333 0.0119792 0.0296296 0.00293033
9 0.989323 0.497222 0.0192708 0.122222 0.00366944
0 0.563542 0.256481 0.034375 0.0407407 0.00376993
2 0.53151 0.111574 0.0130208 0.0416667 0.00388944
2 0.296615 0.107407 0.0880208 0.0851852 0.00395221
9 0.264323 0.0828704 0.0119792 0.0287037 0.00458919
0 0.179688 0.729167 0.170833 0.463889 0.00477212
1 0.809375 0.331481 0.021875 0.0925926 0.00515876
0 0.709115 0.373611 0.0192708 0.0268519 0.00517176
2 0.649219 0.149537 0.0380208 0.0601852 0.00546007
1 0.0132813 0.364815 0.0265625 0.0518519 0.00558602
11 0.60625 0.0597222 0.009375 0.0231481 0.00566849
2 0.34401 0.110185 0.104687 0.062963 0.00667115
2 0.592188 0.127778 0.0177083 0.0222222 0.00679897
0 0.716927 0.372222 0.0234375 0.0277778 0.00683981
2 0.423698 0.109259 0.193229 0.0555556 0.00724936
2 0.271615 0.110648 0.0140625 0.0361111 0.00725345
1 0.00390625 0.409259 0.0078125 0.0833333 0.00743984
12 0.984635 0.496296 0.0161458 0.118519 0.00781414
9 0.215885 0.0662037 0.0328125 0.0490741 0.00911676
12 0.995313 0.487963 0.00833333 0.114815 0.0101326
9 0.454427 0.312037 0.0078125 0.0222222 0.0103349
2 0.814062 0.0773148 0.015625 0.0138889 0.0111067
9 0.571875 0.0314815 0.0145833 0.0592593 0.0111849
2 0.635677 0.149537 0.0109375 0.0546296 0.0120717
2 0.36276 0.0726852 0.0109375 0.0268519 0.012173
5 0.220833 0.0680556 0.0510417 0.0546296 0.0140646
2 0.328125 0.106019 0.05 0.0527778 0.0147994
1 0.0111979 0.387963 0.0223958 0.124074 0.0183501
9 0.442708 0.0865741 0.0125 0.025 0.0200659
0 0.635417 0.15 0.009375 0.05 0.0204438
9 0.502604 0.759259 0.0114583 0.0555556 0.0207244
9 0.221615 0.0527778 0.0161458 0.037037 0.0217534
9 0.206771 0.0675926 0.0197917 0.0425926 0.0304254
0 0.757031 0.0888889 0.0140625 0.0685185 0.0352802
2 0.785937 0.0888889 0.015625 0.0222222 0.0359099
2 0.46276 0.113426 0.0151042 0.037963 0.0369953
7 0.297917 0.109259 0.0385417 0.0814815 0.0410991
2 0.238281 0.141204 0.0192708 0.0416667 0.0422051
2 0.442708 0.0861111 0.0135417 0.0240741 0.0691736
2 0.293229 0.1125 0.028125 0.075 0.0847692
9 0.567448 0.0481481 0.00885417 0.0240741 0.0900237
2 0.347656 0.114815 0.0171875 0.0351852 0.220257
2 0.322135 0.0851852 0.0369792 0.0333333 0.269391
9 0.269271 0.0342593 0.021875 0.0648148 0.272907
2 0.473698 0.109259 0.0348958 0.0462963 0.452512
2 0.627865 0.121759 0.0255208 0.0509259 0.511603
2 0.50625 0.10463 0.0427083 0.062963 0.553816
11 0.728906 0.0425926 0.0276042 0.0555556 0.717281
2 0.31875 0.122685 0.05 0.0694444 0.750567
10 0.203646 0.316204 0.0166667 0.0712963 0.766524
2 0.386979 0.0898148 0.0260417 0.037037 0.790038
7 0.561198 0.288426 0.110937 0.191667 0.867556
2 0.729688 0.418981 0.122917 0.173148 0.917583
