0 0.816927 0.231481 0.00885417 0.037037 0.001056
2 0.660677 0.149074 0.0651042 0.0648148 0.00110156
9 0.266406 0.0356481 0.0171875 0.0527778 0.00110937
9 0.245573 0.0847222 0.0078125 0.0287037 0.0011137
2 0.813802 0.0736111 0.0192708 0.025 0.00120983
12 0.98099 0.502315 0.0359375 0.141667 0.00129304
2 0.238021 0.138889 0.0197917 0.0425926 0.00131659
9 0.292448 0.0236111 0.00885417 0.0324074 0.00132231
2 0.703646 0.475 0.436458 0.268519 0.00134728
0 0.263802 0.0944444 0.00989583 0.0537037 0.00134822
2 0.615885 0.0981481 0.0484375 0.0777778 0.00139952
9 0.756771 0.074537 0.0114583 0.0435185 0.00140363
12 0.755469 0.0898148 0.0161458 0.0722222 0.0014422
2 0.591927 0.122222 0.0151042 0.0296296 0.00146962
2 0.993229 0.518056 0.0125 0.171296 0.00149369
9 0.994531 0.5125 0.00989583 0.128704 0.00149578
7 0.971354 0.520833 0.05625 0.186111 0.00149828
9 0.990885 0.515741 0.0171875 0.17037 0.00151844
9 0.468229 0.408796 0.0125 0.0268519 0.00153639
2 0.605469 0.0592593 0.00989583 0.0277778 0.0015729
12 0.701042 0.162037 0.021875 0.0388889 0.00157514
58 0.967708 0.493056 0.03125 0.0861111 0.00158322
2 0.409375 0.109259 0.275 0.0796296 0.0016514
2 0.255729 0.0856481 0.0208333 0.037963 0.00166584
13 0.0132813 0.365741 0.0265625 0.0518519 0.00166875
13 0.986458 0.518519 0.0260417 0.175926 0.00176554
2 0.0140625 0.394444 0.028125 0.114815 0.00178661
0 0.554948 0.416667 0.0380208 0.0277778 0.00186359
5 0.236458 0.0652778 0.015625 0.0398148 0.00199673
13 0.961198 0.553704 0.0380208 0.0444444 0.002009
0 0.283594 0.087963 0.00989583 0.0351852 0.00202922
2 0.795573 0.0611111 0.0401042 0.0574074 0.00208135
13 0.0140625 0.393981 0.028125 0.113889 0.00215077
0 0.708854 0.372222 0.0229167 0.0314815 0.00216399
2 0.574219 0.10787 0.239063 0.0675926 0.00223507
9 0.360677 0.0652778 0.00989583 0.0175926 0.00273085
7 0.992188 0.51713 0.0145833 0.171296 0.00284337
12 0.69375 0.161574 0.00729167 0.0416667 0.0029962
9 0.501823 0.758796 0.0140625 0.0564815 0.00354963
0 0.286458 0.113426 0.015625 0.0694444 0.00356654
7 0.795052 0.0606481 0.0401042 0.0564815 0.00364179
9 0.288542 0.0435185 0.0104167 0.0425926 0.00386368
2 0.48125 0.107407 0.0645833 0.0592593 0.003883
1 0.00364583 0.412037 0.00729167 0.0777778 0.0039772
2 0.53151 0.10787 0.0171875 0.0490741 0.00405253
2 0.269271 0.0476852 0.01875 0.0342593 0.00408495
1 0.0111979 0.393981 0.0223958 0.115741 0.00442332
2 0.778385 0.099537 0.0276042 0.0342593 0.00444171
2 0.441927 0.0833333 0.0140625 0.0203704 0.0052176
9 0.564844 0.0449074 0.00989583 0.0287037 0.00541303
2 0.00364583 0.413426 0.00729167 0.075 0.00545768
2 0.446615 0.111574 0.0265625 0.0305556 0.00671932
9 0.291406 0.0486111 0.00885417 0.0416667 0.00758652
12 0.99349 0.50787 0.0119792 0.158333 0.00770973
2 0.288021 0.0800926 0.0135417 0.0268519 0.00788269
0 0.634635 0.146759 0.00989583 0.0546296 0.00855403
7 0.220313 0.0606481 0.0489583 0.0583333 0.00856238
9 0.441667 0.0837963 0.0145833 0.0231481 0.00896374
9 0.26875 0.0189815 0.0208333 0.0342593 0.00945126
2 0.269271 0.0976852 0.0135417 0.0564815 0.0150067
5 0.220833 0.062963 0.0479167 0.0574074 0.0199733
2 0.292708 0.111111 0.01875 0.05 0.0210264
2 0.783594 0.0893519 0.0171875 0.0212963 0.0243166
2 0.290625 0.0717593 0.0114583 0.0157407 0.0256273
2 0.634115 0.144444 0.0119792 0.0537037 0.0263473
2 0.463802 0.108333 0.0161458 0.0444444 0.174926
2 0.476562 0.10787 0.0291667 0.0453704 0.372175
2 0.505208 0.102778 0.0427083 0.062963 0.449138
2 0.321615 0.0842593 0.0369792 0.0351852 0.461101
7 0.505469 0.102778 0.0421875 0.062963 0.470056
2 0.627083 0.119907 0.025 0.0527778 0.494934
10 0.203646 0.314352 0.015625 0.0694444 0.50111
2 0.317448 0.12037 0.0505208 0.0666667 0.756289
11 0.728385 0.0402778 0.0265625 0.0527778 0.788817
2 0.728906 0.418519 0.123438 0.172222 0.895375
7 0.57474 0.506019 0.171354 0.256481 0.906988
