0 0.534115 0.280556 0.574479 0.553704 0.00106112
9 0.974219 0.497685 0.0401042 0.119444 0.001108
0 0.43724 0.64213 0.809896 0.484259 0.00110845
9 0.429427 0.0402778 0.00885417 0.0194444 0.00112532
7 0.148698 0.0912037 0.0671875 0.0787037 0.00114141
12 0.691927 0.163889 0.00989583 0.0407407 0.00114406
2 0.648177 0.14537 0.0359375 0.0555556 0.0012023
2 0.453125 0.108333 0.05625 0.0444444 0.00123498
2 0.00442708 0.557407 0.00885417 0.0388889 0.00125871
9 0.257031 0.075463 0.0119792 0.0416667 0.00128276
2 0.0622396 0.0689815 0.0328125 0.0305556 0.00128782
2 0.295833 0.103704 0.0947917 0.0944444 0.00130515
9 0.294271 0.0569444 0.009375 0.0342593 0.00134122
9 0.114323 0.0240741 0.0140625 0.037037 0.00144046
2 0.5875 0.108796 0.291667 0.0731481 0.00155548
9 0.2625 0.0282407 0.015625 0.0472222 0.00169112
9 0.469531 0.4125 0.00989583 0.0287037 0.00171423
2 0.406771 0.109259 0.294792 0.0851852 0.00182841
9 0.2625 0.0898148 0.009375 0.0407407 0.00190993
2 0.811198 0.0740741 0.0171875 0.0185185 0.00194939
1 0.0143229 0.396296 0.0286458 0.112963 0.00203501
11 0.235938 0.0689815 0.0197917 0.0472222 0.00210639
0 0.2875 0.11713 0.0166667 0.0657407 0.00218248
0 0.734115 0.37037 0.0338542 0.0314815 0.00223969
2 0.293229 0.0694444 0.0104167 0.0185185 0.00227317
2 0.773698 0.114352 0.0171875 0.0268519 0.00231441
11 0.240365 0.0319444 0.0213542 0.0601852 0.00232487
9 0.108594 0.025 0.0109375 0.0351852 0.00237878
5 0.207552 0.0680556 0.0234375 0.0453704 0.00246318
9 0.266406 0.0967593 0.0109375 0.0509259 0.00247451
2 0.640365 0.124537 0.0515625 0.0601852 0.00254153
1 0.811198 0.337963 0.0192708 0.0981481 0.00254595
9 0.565365 0.0314815 0.0140625 0.0574074 0.00257866
2 0.661979 0.151389 0.0666667 0.0712963 0.00270988
0 0.263021 0.10463 0.00833333 0.05 0.00288017
12 0.702604 0.138889 0.0239583 0.087037 0.00296318
2 0.009375 0.39213 0.01875 0.126852 0.00314801
0 0.757031 0.0912037 0.0140625 0.0787037 0.00339505
9 0.758594 0.0712963 0.00989583 0.0407407 0.00347026
9 0.221094 0.0884259 0.0109375 0.0138889 0.00358644
0 0.283854 0.101389 0.009375 0.0509259 0.00364778
2 0.477865 0.108333 0.0640625 0.062963 0.00399461
2 0.0138021 0.365741 0.0276042 0.0462963 0.00418263
2 0.269271 0.111111 0.0114583 0.037037 0.00476324
0 0.756771 0.375463 0.0197917 0.0305556 0.00512049
0 0.709896 0.373148 0.0197917 0.0277778 0.00514169
2 0.635156 0.144907 0.0109375 0.0490741 0.00515542
9 0.989844 0.500463 0.0192708 0.128704 0.00548926
2 0.238802 0.140278 0.0192708 0.0435185 0.00560475
0 0.00859375 0.399074 0.0171875 0.111111 0.0061419
11 0.60651 0.0606481 0.00885417 0.0231481 0.00621614
0 0.442708 0.099537 0.0177083 0.0509259 0.007589
9 0.995313 0.493056 0.00833333 0.123148 0.00771032
0 0.635417 0.148148 0.009375 0.05 0.0079536
9 0.438021 0.193056 0.0145833 0.0435185 0.00798943
2 0.592708 0.127778 0.01875 0.0222222 0.0101679
9 0.415885 0.0125 0.0161458 0.025 0.0119238
2 0.442708 0.087963 0.0145833 0.0259259 0.0120595
2 0.364062 0.0689815 0.0135417 0.0212963 0.0159037
2 0.296354 0.104167 0.03125 0.0694444 0.0165728
7 0.220052 0.0671296 0.0515625 0.0564815 0.018527
2 0.786198 0.0888889 0.0161458 0.0222222 0.0187648
9 0.567708 0.0486111 0.009375 0.0231481 0.0209927
2 0.00390625 0.406481 0.0078125 0.0925926 0.0225458
7 0.3 0.102315 0.0354167 0.0712963 0.0248276
5 0.220573 0.0680556 0.0505208 0.0527778 0.0257264
0 0.307031 0.625 0.0401042 0.05 0.0271663
0 0.00390625 0.4 0.0078125 0.107407 0.0372526
9 0.26901 0.0342593 0.0213542 0.062963 0.0402632
9 0.502604 0.759722 0.0125 0.0564815 0.0532965
9 0.500521 0.603241 0.0145833 0.0398148 0.10122
2 0.627865 0.120833 0.0244792 0.0509259 0.263844
2 0.322396 0.0865741 0.0385417 0.0361111 0.31502
0 0.354948 0.62037 0.0401042 0.0518519 0.398472
2 0.50599 0.104167 0.0432292 0.062037 0.507139
2 0.474479 0.109722 0.0354167 0.0453704 0.589514
10 0.203906 0.316667 0.0161458 0.0703704 0.728056
11 0.729688 0.0430556 0.0270833 0.0564815 0.747276
2 0.31875 0.121759 0.05 0.0694444 0.749942
2 0.729948 0.419907 0.122396 0.171296 0.91502
2 0.328646 0.686111 0.169792 0.248148 0.920477
