11 0.222917 0.0648148 0.0458333 0.0462963 0.00100073
7 0.280208 0.0763889 0.0395833 0.147222 0.00100139
13 0.00546875 0.470833 0.0109375 0.226852 0.00103249
0 0.817187 0.233333 0.00833333 0.0444444 0.00104157
0 0.75599 0.375 0.0213542 0.0314815 0.00116339
2 0.53125 0.113426 0.0125 0.0398148 0.00117683
9 0.590365 0.0384259 0.0130208 0.0509259 0.00118325
2 0.391927 0.122222 0.0317708 0.0314815 0.00121725
2 0.369792 0.114815 0.03125 0.0351852 0.00129529
2 0.294271 0.106481 0.0875 0.0925926 0.00130573
7 0.7875 0.062963 0.021875 0.0555556 0.00132623
2 0.00494792 0.469444 0.00989583 0.231481 0.00136256
0 0.728385 0.372685 0.0307292 0.0287037 0.00138527
9 0.363021 0.0671296 0.0125 0.0231481 0.00139234
2 0.592448 0.125463 0.0171875 0.025 0.00140888
10 0.00572917 0.474074 0.0114583 0.222222 0.00153459
0 0.36224 0.0731481 0.00989583 0.0296296 0.00177758
0 0.263802 0.102315 0.00885417 0.0509259 0.00186805
9 0.263542 0.0912037 0.00833333 0.0435185 0.0021265
2 0.238802 0.138426 0.0182292 0.0435185 0.00217512
58 0.96875 0.493056 0.03125 0.0972222 0.00229673
2 0.405469 0.112037 0.263021 0.0685185 0.00236308
13 0.961979 0.553241 0.040625 0.0398148 0.00236641
9 0.269792 0.0333333 0.0239583 0.0666667 0.0024434
11 0.236719 0.0657407 0.0171875 0.0388889 0.00247808
9 0.293229 0.0537037 0.009375 0.0351852 0.00261552
11 0.739583 0.0675926 0.015625 0.0222222 0.00264486
2 0.605729 0.0597222 0.0104167 0.025 0.00281161
2 0.266927 0.0981481 0.0119792 0.0555556 0.0028456
2 0.347917 0.1125 0.0145833 0.0416667 0.00328419
2 0.276823 0.116667 0.0255208 0.0592593 0.00335208
9 0.269271 0.050463 0.0197917 0.0361111 0.00352804
2 0.441927 0.0884259 0.0140625 0.0305556 0.00359605
2 0.0119792 0.399537 0.0239583 0.110185 0.00368466
2 0.464583 0.107407 0.0354167 0.0462963 0.00391178
9 0.207552 0.0657407 0.0192708 0.0388889 0.00394661
10 0.196354 0.292593 0.0322917 0.116667 0.00404958
5 0.220833 0.0648148 0.0489583 0.05 0.00406589
9 0.21849 0.0578704 0.0223958 0.0435185 0.00412748
2 0.408854 0.11713 0.015625 0.0287037 0.00412931
9 0.993229 0.496759 0.0125 0.134259 0.00438451
1 0.0119792 0.399074 0.0239583 0.109259 0.00467226
9 0.572656 0.0310185 0.0151042 0.0601852 0.00510874
13 0.992448 0.517593 0.0140625 0.172222 0.00512048
9 0.502083 0.759259 0.0125 0.0555556 0.00518355
0 0.716406 0.371296 0.0244792 0.0277778 0.00534402
13 0.969792 0.567593 0.0572917 0.0740741 0.00542129
7 0.219792 0.0662037 0.0510417 0.0583333 0.00573184
2 0.788281 0.0875 0.0171875 0.0212963 0.00608991
9 0.219271 0.101852 0.0104167 0.037037 0.00762078
9 0.269531 0.0194444 0.0203125 0.0351852 0.00776301
1 0.0046875 0.401389 0.009375 0.10463 0.00841977
2 0.270573 0.109259 0.0119792 0.0388889 0.00893714
13 0.983333 0.517593 0.0322917 0.177778 0.00919709
2 0.00416667 0.40787 0.00833333 0.0953704 0.00987651
0 0.75625 0.0902778 0.0135417 0.0824074 0.010036
2 0.784375 0.0907407 0.0135417 0.0185185 0.0111971
2 0.00494792 0.558796 0.00989583 0.0435185 0.011568
9 0.441927 0.0856481 0.0109375 0.025 0.0173376
9 0.567187 0.0472222 0.00833333 0.0240741 0.0215273
2 0.48724 0.10787 0.0130208 0.0490741 0.022554
9 0.219531 0.0907407 0.00989583 0.0166667 0.0236074
2 0.285156 0.120833 0.0151042 0.0601852 0.0287807
2 0.294271 0.103704 0.03125 0.0759259 0.0517667
7 0.29401 0.106944 0.0307292 0.0861111 0.0540822
2 0.459635 0.115741 0.0119792 0.0277778 0.0939067
0 0.634115 0.147685 0.0109375 0.0564815 0.155535
2 0.50651 0.103704 0.0411458 0.0648148 0.166157
2 0.321615 0.0861111 0.0380208 0.0351852 0.223972
2 0.479427 0.109259 0.0203125 0.0444444 0.241307
2 0.626823 0.120833 0.0255208 0.0490741 0.25653
7 0.50651 0.103241 0.0411458 0.0638889 0.46338
2 0.444271 0.11713 0.025 0.025 0.557723
2 0.317187 0.120833 0.053125 0.0694444 0.745326
11 0.728906 0.0416667 0.0276042 0.0518519 0.754522
2 0.519792 0.213426 0.08125 0.123148 0.782036
10 0.204167 0.314352 0.015625 0.0712963 0.8261
2 0.385417 0.139352 0.0604167 0.0953704 0.830942
2 0.729688 0.418056 0.122917 0.173148 0.90488
