12 0.702083 0.122685 0.021875 0.0527778 0.0010495
2 0.8125 0.0773148 0.01875 0.0212963 0.00106371
9 0.23724 0.0708333 0.0140625 0.0453704 0.00107581
2 0.466667 0.0199074 0.01875 0.0212963 0.00112256
2 0.771354 0.110185 0.0145833 0.0277778 0.00114958
9 0.548177 0.0527778 0.0109375 0.0240741 0.00115771
9 0.995313 0.522222 0.00833333 0.05 0.00116121
2 0.445312 0.103704 0.0229167 0.0407407 0.00116673
2 0.46224 0.114352 0.0140625 0.0398148 0.00117107
12 0.977865 0.499074 0.0411458 0.133333 0.00119869
13 0.970833 0.525463 0.0572917 0.191667 0.00122828
9 0.457812 0.0648148 0.00833333 0.0296296 0.00123251
2 0.202604 0.104167 0.028125 0.0453704 0.00124306
9 0.107031 0.0282407 0.0119792 0.0342593 0.00128159
9 0.5 0.602315 0.0145833 0.0398148 0.00129967
9 0.253125 0.0865741 0.0145833 0.0398148 0.00132222
1 0.00625 0.378704 0.0125 0.0888889 0.00134063
13 0.0127604 0.393519 0.0255208 0.114815 0.00138137
12 0.702083 0.163426 0.0229167 0.037963 0.00138773
9 0.115885 0.0226852 0.0151042 0.0398148 0.00144213
9 0.990625 0.509259 0.0177083 0.153704 0.00149755
2 0.652865 0.138426 0.0776042 0.0805556 0.00156417
2 0.398438 0.108333 0.254167 0.0777778 0.00160555
2 0.00520833 0.0925926 0.0104167 0.05 0.0016651
58 0.96849 0.497222 0.0296875 0.0907407 0.00169702
2 0.270312 0.0569444 0.01875 0.0305556 0.00171471
10 0.194271 0.295833 0.0354167 0.115741 0.0017229
7 0.970052 0.531018 0.0588542 0.212037 0.00172298
11 0.222135 0.0759259 0.0463542 0.0611111 0.00172517
2 0.285937 0.0740741 0.0197917 0.0351852 0.0018299
2 0.79375 0.0875 0.0322917 0.0305556 0.00195395
13 0.985937 0.520833 0.0270833 0.178704 0.00198647
7 0.986198 0.523611 0.0265625 0.19537 0.00201457
13 0.961719 0.55463 0.0401042 0.0444444 0.00208137
2 0.53125 0.1125 0.0135417 0.0416667 0.0021983
1 0.810938 0.331481 0.0177083 0.0833333 0.00224944
2 0.503125 0.102315 0.0395833 0.062037 0.00232493
0 0.710156 0.375 0.0203125 0.0259259 0.00249431
2 0.779167 0.1 0.0302083 0.0481481 0.00252598
2 0.290365 0.0712963 0.0130208 0.0185185 0.00263899
9 0.215625 0.0657407 0.040625 0.0574074 0.00269409
7 0.789062 0.0666667 0.025 0.062963 0.00274503
2 0.571615 0.109722 0.223438 0.0675926 0.002774
2 0.0046875 0.40463 0.009375 0.0944444 0.00280174
0 0.263021 0.0907407 0.00833333 0.0462963 0.00292478
11 0.240104 0.0347222 0.021875 0.0675926 0.00293839
13 0.0046875 0.399074 0.009375 0.101852 0.00332858
9 0.582812 0.0333333 0.0145833 0.0574074 0.0034354
0 0.268229 0.0986111 0.0125 0.0583333 0.00346671
0 0.757031 0.0731481 0.0119792 0.0425926 0.00372332
2 0.342969 0.0777778 0.0171875 0.0277778 0.00377449
2 0.442448 0.0856481 0.0140625 0.025 0.00398849
9 0.269271 0.050463 0.0208333 0.0361111 0.00400769
12 0.69349 0.163426 0.00677083 0.037963 0.00421239
2 0.650521 0.15 0.0395833 0.0574074 0.00465554
9 0.207292 0.0680556 0.01875 0.0435185 0.00488625
9 0.820573 0.162037 0.00572917 0.0388889 0.00496762
9 0.292708 0.0569444 0.00833333 0.037963 0.00521506
0 0.283854 0.100463 0.0104167 0.062037 0.0052743
2 0.48099 0.108333 0.0463542 0.0574074 0.00546309
0 0.75599 0.0925926 0.0151042 0.0796296 0.00548284
7 0.217448 0.0643518 0.0463542 0.0712963 0.00598093
9 0.502344 0.759259 0.0130208 0.0555556 0.00637562
2 0.285937 0.1125 0.015625 0.0731481 0.00685667
12 0.994271 0.494444 0.0104167 0.127778 0.00709812
9 0.574219 0.0310185 0.0151042 0.0601852 0.00791395
2 0.238542 0.141204 0.01875 0.0398148 0.00865331
2 0.592448 0.125926 0.0171875 0.0240741 0.00887778
2 0.60625 0.0601852 0.0104167 0.0240741 0.00887835
2 0.271094 0.106481 0.0140625 0.0444444 0.0097337
9 0.442448 0.0861111 0.0130208 0.0259259 0.0106421
7 0.276042 0.0546296 0.0385417 0.105556 0.0116714
2 0.0046875 0.557407 0.009375 0.0388889 0.0123581
9 0.220573 0.0888889 0.0109375 0.0166667 0.0131895
2 0.303385 0.0828704 0.0286458 0.0361111 0.0144901
2 0.635156 0.146296 0.0109375 0.0518519 0.0160607
9 0.26901 0.0194444 0.0213542 0.0333333 0.0162554
11 0.23724 0.0680556 0.0161458 0.0416667 0.0166172
2 0.785937 0.0888889 0.0145833 0.0240741 0.0274109
9 0.222396 0.0648148 0.0125 0.0481481 0.0284401
9 0.567448 0.0481481 0.0078125 0.0240741 0.0386291
2 0.48776 0.108333 0.0140625 0.0481481 0.0402805
7 0.297917 0.10463 0.0385417 0.0796296 0.0478446
2 0.299479 0.10463 0.0364583 0.0759259 0.0664177
2 0.313021 0.0935185 0.0416667 0.0518519 0.0749829
2 0.48099 0.109259 0.0192708 0.0444444 0.202406
2 0.468229 0.109722 0.025 0.0435185 0.251098
2 0.321354 0.0856481 0.0385417 0.0324074 0.258513
7 0.372396 0.0675926 0.03125 0.0444444 0.266519
2 0.372396 0.0671296 0.03125 0.0453704 0.283083
7 0.50599 0.103241 0.0421875 0.0638889 0.48001
2 0.627083 0.121759 0.0260417 0.0509259 0.571129
2 0.318229 0.121296 0.0520833 0.0703704 0.737615
10 0.204167 0.315741 0.0166667 0.0722222 0.753238
11 0.728906 0.0430556 0.0265625 0.0564815 0.796128
2 0.729688 0.419907 0.121875 0.171296 0.896414
