0 0.529948 0.3125 0.556771 0.450926 0.00101029
9 0.416146 0.012963 0.015625 0.0259259 0.00102891
7 0.791146 0.0643518 0.0302083 0.0601852 0.00106736
1 0.0888021 0.15 0.0755208 0.0592593 0.00117175
0 0.566927 0.244907 0.0557292 0.0731481 0.00117632
0 0.23776 0.137037 0.0182292 0.0407407 0.00118177
9 0.561979 0.049537 0.0208333 0.0287037 0.00122377
0 0.6125 0.218519 0.00833333 0.0425926 0.00124925
2 0.294531 0.12963 0.0171875 0.0592593 0.00125256
12 0.973958 0.495833 0.0395833 0.117593 0.00129457
13 0.970573 0.523611 0.0578125 0.175 0.00134331
2 0.784375 0.108333 0.040625 0.0574074 0.00137571
2 0.523177 0.110185 0.242188 0.0722222 0.00143565
1 0.00546875 0.375463 0.0109375 0.121296 0.00155196
9 0.274219 0.049537 0.0276042 0.0768519 0.00156889
9 0.515365 0.219444 0.0109375 0.0555556 0.00163471
0 0.536979 0.1125 0.009375 0.0435185 0.00175393
2 0.370313 0.0777778 0.0208333 0.0388889 0.00180458
1 0.0710938 0.162963 0.133854 0.0925926 0.00180722
2 0.294531 0.106019 0.0953125 0.087963 0.00180828
0 0.757812 0.375463 0.01875 0.0305556 0.00184396
9 0.2375 0.0689815 0.0166667 0.0435185 0.00186873
9 0.557031 0.0287037 0.0276042 0.0555556 0.00191465
2 0.273698 0.117593 0.0203125 0.0518519 0.00192912
9 0.589063 0.0356481 0.0145833 0.062037 0.0019486
0 0.73099 0.372222 0.0359375 0.0314815 0.00201473
0 0.442969 0.0976852 0.0182292 0.0472222 0.00206252
2 0.616667 0.113889 0.0479167 0.0462963 0.00210087
9 0.548437 0.0481481 0.0114583 0.0296296 0.00211568
2 0.77474 0.117593 0.0192708 0.0351852 0.00212516
0 0.263021 0.109722 0.009375 0.0416667 0.00215883
9 0.689323 0.169907 0.0140625 0.0342593 0.0023167
9 0.454167 0.3125 0.00833333 0.0212963 0.00238033
9 0.581771 0.0333333 0.0166667 0.0648148 0.00241921
9 0.989323 0.497685 0.0192708 0.121296 0.00264101
0 0.172656 0.730556 0.174479 0.481481 0.00265518
9 0.254167 0.0875 0.0125 0.0324074 0.00280419
2 0.813802 0.0768519 0.0151042 0.0148148 0.0030626
9 0.217448 0.0819444 0.0192708 0.025 0.00313868
2 0.291146 0.0722222 0.0114583 0.0166667 0.00336654
2 0.532292 0.111574 0.0135417 0.0435185 0.00343729
2 0.79401 0.0884259 0.0307292 0.0231481 0.00345899
2 0.414583 0.111111 0.291667 0.0703704 0.00370178
9 0.258333 0.0726852 0.0104167 0.0472222 0.00444156
2 0.689323 0.170833 0.0140625 0.0361111 0.00449472
1 0.0143229 0.367593 0.0286458 0.05 0.00485859
9 0.267188 0.0949074 0.0104167 0.0453704 0.00515904
0 0.716927 0.372222 0.0244792 0.0277778 0.00542723
11 0.60625 0.0597222 0.009375 0.0231481 0.00557172
2 0.658333 0.153241 0.0552083 0.0638889 0.00579072
2 0.592448 0.127315 0.0171875 0.0231481 0.00582259
1 0.00390625 0.409722 0.0078125 0.0805556 0.00640025
9 0.263542 0.0837963 0.0104167 0.0287037 0.00655713
0 0.56224 0.242593 0.0296875 0.037037 0.00665847
12 0.995313 0.487963 0.00833333 0.116667 0.00713558
12 0.984115 0.496296 0.0161458 0.116667 0.00728039
2 0.271354 0.112037 0.0135417 0.0333333 0.00772109
2 0.45651 0.109722 0.123438 0.0564815 0.00772985
2 0.635677 0.149074 0.0109375 0.0555556 0.00823791
1 0.809115 0.331481 0.0223958 0.0907407 0.00848242
5 0.220573 0.0712963 0.0505208 0.0555556 0.0112457
9 0.220833 0.0527778 0.01875 0.0388889 0.013327
13 0.0145833 0.395833 0.0291667 0.108333 0.0137762
9 0.572917 0.0314815 0.015625 0.0611111 0.0148046
2 0.238281 0.141204 0.0182292 0.0398148 0.0155651
2 0.363802 0.0680556 0.0119792 0.0231481 0.0155948
0 0.635677 0.149537 0.00989583 0.0490741 0.01628
0 0.757031 0.0861111 0.0140625 0.062963 0.0173013
1 0.0101562 0.39537 0.0203125 0.111111 0.0202741
9 0.207031 0.0680556 0.0203125 0.0435185 0.0204807
9 0.442969 0.0865741 0.0130208 0.025 0.0205484
2 0.786198 0.0898148 0.0161458 0.0203704 0.021214
2 0.461458 0.114815 0.0125 0.0351852 0.0301698
2 0.442448 0.0865741 0.0140625 0.025 0.0414733
7 0.296615 0.110648 0.0317708 0.075 0.0431398
9 0.502604 0.759259 0.0114583 0.0555556 0.0463468
2 0.292188 0.114815 0.0260417 0.0685185 0.0490272
9 0.567187 0.0486111 0.00833333 0.025 0.0693447
2 0.322396 0.0847222 0.0375 0.0342593 0.258394
9 0.26901 0.0347222 0.0213542 0.0657407 0.289115
2 0.47526 0.109259 0.0348958 0.0462963 0.439745
2 0.627865 0.121296 0.0255208 0.0518519 0.501319
2 0.50625 0.10463 0.0427083 0.062963 0.513534
2 0.31901 0.122685 0.0494792 0.0675926 0.685864
2 0.351042 0.116667 0.0197917 0.0314815 0.687131
10 0.203906 0.316667 0.0161458 0.0703704 0.766073
11 0.729167 0.0430556 0.0270833 0.0564815 0.772691
2 0.390365 0.0805556 0.0276042 0.0407407 0.775856
7 0.56224 0.273148 0.104687 0.183333 0.857577
2 0.730208 0.419444 0.122917 0.174074 0.911549
