1 0.810417 0.331481 0.0197917 0.1 0.00100889
12 0.970573 0.494444 0.0338542 0.111111 0.00104353
9 0.416146 0.012037 0.0166667 0.0240741 0.00110728
1 0.00416667 0.396296 0.00833333 0.107407 0.00111362
2 0.285937 0.12037 0.0145833 0.0611111 0.00114379
12 0.702083 0.163426 0.01875 0.0398148 0.00116553
9 0.36224 0.0453704 0.00989583 0.0333333 0.00119496
2 0.363281 0.0662037 0.0119792 0.0212963 0.00119609
9 0.584375 0.0365741 0.0145833 0.0601852 0.00120608
9 0.285417 0.0712963 0.015625 0.037037 0.00121659
0 0.542188 0.289815 0.532292 0.474074 0.00122666
0 0.263021 0.101389 0.00833333 0.0546296 0.00131577
0 0.390104 0.171296 0.0270833 0.0407407 0.00133682
2 0.790625 0.0777778 0.0270833 0.0296296 0.00140164
2 0.745052 0.156944 0.0213542 0.0138889 0.00145678
9 0.2875 0.0773148 0.00833333 0.0212963 0.0015254
2 0.267708 0.105093 0.009375 0.0453704 0.00153821
9 0.576042 0.0337963 0.0177083 0.0657407 0.00168963
2 0.77474 0.120833 0.0192708 0.0398148 0.00174888
2 0.795313 0.062037 0.0385417 0.0592593 0.00176267
2 0.436458 0.106481 0.336458 0.0944444 0.00179352
0 0.284375 0.1125 0.0125 0.0712963 0.00179587
11 0.240365 0.0319444 0.0213542 0.062037 0.00180281
2 0.592448 0.127778 0.0182292 0.0222222 0.00197055
9 0.592969 0.0444444 0.00989583 0.0351852 0.00198086
13 0.970833 0.523611 0.0572917 0.178704 0.00204021
2 0.611979 0.422222 0.70625 0.183333 0.0020862
2 0.416667 0.0222222 0.0177083 0.0277778 0.00219126
2 0.348698 0.104167 0.122396 0.0935185 0.00226314
2 0.441146 0.112037 0.053125 0.037037 0.0023076
7 0.213542 0.0611111 0.0333333 0.0518519 0.00234861
9 0.208073 0.0648148 0.0213542 0.0407407 0.00259739
2 0.467969 0.0217593 0.0213542 0.0194444 0.00263376
12 0.702344 0.139352 0.0234375 0.087963 0.0027018
0 0.757552 0.375 0.0182292 0.0296296 0.00277537
0 0.731771 0.372222 0.03125 0.0296296 0.00294957
9 0.23724 0.0694444 0.0140625 0.0388889 0.00297535
0 0.758594 0.0708333 0.00989583 0.0472222 0.00311375
9 0.966146 0.501389 0.0239583 0.0768519 0.00318377
32 0.454167 0.313426 0.00833333 0.0157407 0.00341658
2 0.238281 0.141204 0.0182292 0.0416667 0.00344579
9 0.255208 0.0875 0.0125 0.037963 0.00377844
9 0.258073 0.0782407 0.0109375 0.0546296 0.00387904
0 0.361979 0.0675926 0.00833333 0.0314815 0.00393291
9 0.26276 0.0388889 0.0161458 0.0611111 0.00406691
7 0.971354 0.526852 0.05625 0.196296 0.00469157
9 0.292708 0.0560185 0.009375 0.0398148 0.00490447
9 0.263021 0.0907407 0.00833333 0.0407407 0.00575682
9 0.291927 0.0671296 0.00989583 0.0212963 0.00661526
0 0.716406 0.371296 0.0223958 0.0259259 0.00710593
9 0.548177 0.0486111 0.0109375 0.0287037 0.00749408
9 0.266406 0.0949074 0.00989583 0.0453704 0.00766496
2 0.785937 0.0888889 0.0166667 0.0203704 0.00766548
9 0.995313 0.490741 0.00833333 0.122222 0.00799999
2 0.291146 0.117593 0.0135417 0.0425926 0.0080528
0 0.757552 0.119907 0.0119792 0.037963 0.0082475
9 0.116667 0.0222222 0.01875 0.0388889 0.0082676
0 0.757552 0.0921296 0.0130208 0.0898148 0.0097204
0 0.442969 0.0976852 0.0182292 0.0472222 0.0108455
9 0.984115 0.494907 0.0182292 0.119444 0.0109837
9 0.442969 0.0884259 0.0140625 0.0287037 0.011372
9 0.223177 0.0537037 0.0140625 0.0407407 0.013959
9 0.561719 0.0314815 0.0255208 0.0592593 0.0141645
11 0.60651 0.0597222 0.00989583 0.025 0.0157352
9 0.973958 0.497685 0.0354167 0.123148 0.0163371
9 0.282031 0.087963 0.00572917 0.0222222 0.0171876
9 0.565885 0.0388889 0.0109375 0.0444444 0.0212579
0 0.634635 0.149537 0.00989583 0.0509259 0.0262262
9 0.220052 0.105093 0.0119792 0.0416667 0.0306574
9 0.219792 0.0893519 0.0104167 0.0157407 0.035542
9 0.269531 0.0365741 0.0213542 0.0638889 0.0560711
9 0.501042 0.602778 0.0145833 0.0425926 0.0673762
9 0.502865 0.760185 0.0119792 0.0555556 0.077613
9 0.567448 0.0476852 0.00885417 0.025 0.0822869
2 0.4625 0.111111 0.0135417 0.0407407 0.0846988
2 0.480208 0.109259 0.0239583 0.0444444 0.272419
2 0.322396 0.0861111 0.0385417 0.0351852 0.366864
2 0.627604 0.121759 0.025 0.0509259 0.417735
11 0.729688 0.0421296 0.0270833 0.0583333 0.45627
2 0.50625 0.103704 0.04375 0.062963 0.543786
2 0.31849 0.121296 0.0515625 0.0722222 0.707581
10 0.203906 0.314815 0.0161458 0.0685185 0.83231
2 0.385677 0.175926 0.0640625 0.087037 0.882462
2 0.730208 0.418981 0.121875 0.173148 0.904529
