1 0.0231771 0.381019 0.0463542 0.112037 0.00104045
32 0.454167 0.315741 0.00833333 0.0148148 0.00109033
2 0.789844 0.0666667 0.0265625 0.062963 0.00110104
2 0.811719 0.0782407 0.0192708 0.0194444 0.00115176
2 0.536198 0.110648 0.0130208 0.0472222 0.00119491
2 0.421354 0.0347222 0.0229167 0.0287037 0.00122955
12 0.696615 0.1625 0.0109375 0.0398148 0.00123556
0 0.741146 0.370833 0.0229167 0.0324074 0.00125859
9 0.440885 0.224537 0.00885417 0.0157407 0.00126561
9 0.176563 0.511574 0.0364583 0.0416667 0.00128593
2 0.532292 0.101389 0.0166667 0.037963 0.00131977
0 0.756771 0.374074 0.0208333 0.0333333 0.00133394
9 0.258594 0.0736111 0.0130208 0.0509259 0.001349
2 0.784375 0.103704 0.0395833 0.0574074 0.00135805
9 0.29401 0.0564815 0.0109375 0.0351852 0.00139009
0 0.732292 0.371296 0.0239583 0.0314815 0.00141923
13 0.0239583 0.366667 0.0479167 0.0592593 0.00148502
2 0.969271 0.509259 0.053125 0.142593 0.0015241
9 0.559115 0.0291667 0.0213542 0.0509259 0.0016322
2 0.00520833 0.0935185 0.0104167 0.0462963 0.00167215
2 0.576823 0.422222 0.580729 0.17963 0.00172154
9 0.252604 0.087037 0.0135417 0.0351852 0.00175452
7 0.98724 0.524074 0.0244792 0.194444 0.0017616
7 0.280729 0.075463 0.0322917 0.141667 0.00181596
9 0.207292 0.0675926 0.021875 0.0425926 0.00184648
12 0.98724 0.516667 0.0244792 0.17037 0.00193607
9 0.50026 0.60463 0.0151042 0.0425926 0.0020178
12 0.702604 0.1375 0.0229167 0.0842593 0.00204009
9 0.995052 0.531944 0.00885417 0.0435185 0.00204988
2 0.452344 0.0685185 0.0140625 0.0277778 0.00206733
9 0.561458 0.050463 0.0197917 0.025 0.00210269
9 0.416146 0.0138889 0.0166667 0.0277778 0.00215843
2 0.297135 0.101852 0.0776042 0.0962963 0.00221761
1 0.00625 0.358796 0.0125 0.0824074 0.0024414
7 0.789844 0.0657407 0.0276042 0.0611111 0.00253618
0 0.26276 0.104167 0.00885417 0.0509259 0.00254427
2 0.79401 0.0842593 0.0296875 0.0277778 0.00260497
2 0.96224 0.553704 0.0390625 0.0407407 0.00286584
9 0.588542 0.0398148 0.0145833 0.0481481 0.00288658
9 0.274479 0.0388889 0.034375 0.0759259 0.00294256
2 0.238802 0.10787 0.0171875 0.0416667 0.00309659
1 0.0140625 0.360185 0.028125 0.0814815 0.00314889
12 0.702344 0.164815 0.0203125 0.037037 0.00319464
2 0.26901 0.0583333 0.0182292 0.0296296 0.00335558
9 0.43776 0.200926 0.00885417 0.0388889 0.00355168
2 0.390885 0.104167 0.226562 0.0898148 0.00358092
2 0.0606771 0.0675926 0.0328125 0.0296296 0.00367629
2 0.238802 0.141204 0.0192708 0.0435185 0.0037128
2 0.0341146 0.0662037 0.0223958 0.0231481 0.00387248
9 0.36224 0.0694444 0.00989583 0.0240741 0.00388786
9 0.99349 0.493981 0.0119792 0.125 0.00390429
2 0.416667 0.0162037 0.0166667 0.0324074 0.00398738
0 0.714583 0.370833 0.025 0.0287037 0.00399509
9 0.269792 0.0527778 0.0208333 0.0333333 0.0043613
2 0.0046875 0.376389 0.009375 0.0546296 0.00450964
2 0.408333 0.0990741 0.121875 0.0666667 0.00466839
2 0.534896 0.102778 0.155208 0.062963 0.00468177
11 0.236979 0.0689815 0.0177083 0.0435185 0.00474271
2 0.634896 0.138889 0.0114583 0.0481481 0.00550857
2 0.363802 0.0680556 0.0119792 0.0231481 0.00571272
12 0.994531 0.495833 0.00989583 0.130556 0.00590727
5 0.220313 0.0800926 0.05 0.0787037 0.00606025
0 0.635417 0.147685 0.009375 0.0527778 0.0063358
0 0.755729 0.0902778 0.0135417 0.0731481 0.00644588
9 0.583073 0.0356481 0.0140625 0.0564815 0.00763712
13 0.00442708 0.396296 0.00885417 0.112963 0.0101763
2 0.270573 0.106481 0.0140625 0.0462963 0.0130264
9 0.574219 0.0314815 0.0151042 0.0611111 0.0132327
1 0.0114583 0.393981 0.0229167 0.117593 0.014306
11 0.60651 0.0601852 0.00989583 0.0240741 0.014447
13 0.0143229 0.394444 0.0286458 0.114815 0.0154067
0 0.442969 0.1 0.0182292 0.0481481 0.0155555
9 0.502344 0.760185 0.0130208 0.0537037 0.0164327
9 0.269531 0.0199074 0.0203125 0.0342593 0.0195294
2 0.592708 0.128241 0.0177083 0.0212963 0.0211708
2 0.461979 0.113889 0.0145833 0.0351852 0.0226152
2 0.479167 0.099537 0.0489583 0.0509259 0.0253923
2 0.785937 0.0884259 0.015625 0.0231481 0.0263429
7 0.220573 0.0643518 0.0505208 0.0694444 0.0367473
2 0.44349 0.0898148 0.0161458 0.0314815 0.0368485
9 0.567448 0.0481481 0.0078125 0.0240741 0.0946746
2 0.471354 0.110648 0.0302083 0.0416667 0.170296
2 0.299219 0.106481 0.0390625 0.0796296 0.227463
2 0.322135 0.0884259 0.0390625 0.037963 0.268523
2 0.627344 0.121759 0.0255208 0.0509259 0.381832
2 0.479948 0.075 0.0286458 0.0333333 0.416712
2 0.43125 0.0699074 0.040625 0.0398148 0.633973
2 0.31849 0.120833 0.0505208 0.0712963 0.7042
2 0.505729 0.103704 0.0427083 0.062963 0.711117
10 0.204167 0.316667 0.0166667 0.0722222 0.735268
11 0.729688 0.0425926 0.0270833 0.0555556 0.788428
2 0.729688 0.419444 0.122917 0.172222 0.917317
