12 0.702344 0.163889 0.0244792 0.037037 0.00100573
9 0.252604 0.087037 0.015625 0.0351852 0.0010319
9 0.558854 0.0296296 0.0229167 0.0537037 0.00104108
2 0.536979 0.111111 0.0114583 0.0462963 0.00104824
9 0.547917 0.0518519 0.0104167 0.0259259 0.00105995
32 0.453906 0.315278 0.0078125 0.0157407 0.00112235
9 0.236979 0.0675926 0.015625 0.0425926 0.00113697
32 0.460417 0.356019 0.0104167 0.0157407 0.00117324
0 0.591406 0.313426 0.0119792 0.0342593 0.00123514
9 0.469792 0.409259 0.009375 0.0240741 0.00126453
1 0.811458 0.334259 0.0177083 0.0925926 0.0012765
9 0.990625 0.508796 0.0177083 0.152778 0.00129118
2 0.361979 0.074537 0.0114583 0.0268519 0.0013031
7 0.214583 0.062963 0.0375 0.0611111 0.00130694
13 0.970833 0.521759 0.0572917 0.175 0.00132421
12 0.715365 0.163889 0.0109375 0.0333333 0.00134179
13 0.952344 0.421296 0.0942708 0.146296 0.0014837
9 0.56224 0.0490741 0.0182292 0.0259259 0.0014968
1 0.00598958 0.360648 0.0119792 0.0805556 0.00150825
9 0.429427 0.0421296 0.0078125 0.025 0.00170645
2 0.223958 0.138426 0.0479167 0.0472222 0.00180078
12 0.977604 0.499074 0.0427083 0.131481 0.00183663
7 0.289323 0.099537 0.0213542 0.075 0.00184513
13 0.9875 0.519444 0.0239583 0.175926 0.00188569
9 0.263021 0.0884259 0.00833333 0.037963 0.00189734
0 0.716146 0.371759 0.0239583 0.0268519 0.00189905
9 0.577344 0.0300926 0.0140625 0.0583333 0.00190433
9 0.216667 0.0657407 0.040625 0.0555556 0.00197614
0 0.533333 0.314352 0.0177083 0.0305556 0.00199631
2 0.263021 0.108796 0.00833333 0.0398148 0.00207592
2 0.267969 0.099537 0.0119792 0.0546296 0.00221053
2 0.547396 0.109722 0.316667 0.0694444 0.00241205
9 0.415885 0.0106481 0.0161458 0.0212963 0.00254014
2 0.402604 0.1125 0.25625 0.075 0.00261164
9 0.458073 0.0657407 0.0078125 0.0277778 0.00281323
9 0.995052 0.49213 0.00885417 0.128704 0.00286459
2 0.0127604 0.39537 0.0255208 0.114815 0.00288268
9 0.5 0.601852 0.015625 0.0407407 0.00303725
0 0.442448 0.0981481 0.0171875 0.05 0.00318522
0 0.756771 0.0888889 0.0145833 0.0740741 0.00354027
12 0.994531 0.494444 0.00989583 0.127778 0.00356961
9 0.29349 0.0574074 0.00989583 0.0407407 0.00369598
12 0.69375 0.164352 0.00729167 0.037963 0.00412666
2 0.442708 0.087963 0.0135417 0.0277778 0.00451189
2 0.646354 0.401852 0.3125 0.207407 0.00480621
2 0.446875 0.110648 0.119792 0.0601852 0.00486058
9 0.292188 0.0712963 0.0114583 0.0166667 0.00546204
2 0.286458 0.113889 0.015625 0.0740741 0.0055264
1 0.0122396 0.368981 0.0244792 0.0509259 0.00596062
9 0.207552 0.0657407 0.0192708 0.0444444 0.00613994
9 0.757552 0.0731481 0.0119792 0.0444444 0.00706845
9 0.571875 0.0314815 0.0135417 0.0592593 0.00778764
2 0.363802 0.0662037 0.0119792 0.0194444 0.00875984
11 0.23724 0.0652778 0.0161458 0.0361111 0.00915504
2 0.785677 0.0888889 0.0151042 0.0222222 0.0100231
0 0.554427 0.313889 0.0234375 0.0259259 0.0113364
9 0.442708 0.087037 0.0135417 0.0277778 0.0117347
9 0.219792 0.0884259 0.009375 0.0175926 0.0127833
2 0.635156 0.147222 0.0109375 0.0537037 0.0135919
0 0.635156 0.149074 0.00885417 0.0518519 0.0153434
2 0.60599 0.0597222 0.0109375 0.025 0.0162388
0 0.572917 0.314815 0.0197917 0.0296296 0.0169307
1 0.00963542 0.395833 0.0192708 0.110185 0.023104
9 0.269531 0.0375 0.0213542 0.062037 0.0256773
2 0.238542 0.140278 0.0177083 0.0416667 0.0257058
1 0.00390625 0.409722 0.0078125 0.0805556 0.0275595
2 0.29401 0.10787 0.0296875 0.0842593 0.0305661
2 0.272135 0.111574 0.0161458 0.0361111 0.03182
2 0.00390625 0.412037 0.0078125 0.0777778 0.032905
7 0.315625 0.0962963 0.0489583 0.0574074 0.0330429
2 0.486719 0.10787 0.0151042 0.0490741 0.041496
9 0.222396 0.0578704 0.0125 0.0342593 0.0632167
9 0.567187 0.0481481 0.00729167 0.0240741 0.0632386
9 0.502604 0.760185 0.0135417 0.0555556 0.0864184
2 0.46224 0.111111 0.0130208 0.0407407 0.099978
7 0.298438 0.10787 0.040625 0.0842593 0.14416
2 0.321615 0.0861111 0.0380208 0.0333333 0.21299
2 0.50599 0.103704 0.0421875 0.0648148 0.235466
2 0.479688 0.109722 0.0229167 0.0453704 0.26739
2 0.627083 0.122685 0.0260417 0.0527778 0.396937
7 0.505729 0.103704 0.0427083 0.0648148 0.455233
2 0.349219 0.111574 0.0192708 0.0398148 0.523398
2 0.31901 0.122685 0.0505208 0.0675926 0.70637
10 0.203906 0.316204 0.0161458 0.0712963 0.720217
11 0.729167 0.0425926 0.0270833 0.0574074 0.731999
2 0.553125 0.351852 0.111458 0.153704 0.876209
2 0.729948 0.419444 0.122396 0.172222 0.904553
