32 0.454427 0.313889 0.0078125 0.0148148 0.00109845
12 0.69349 0.162037 0.00677083 0.0407407 0.00114678
9 0.56224 0.05 0.0182292 0.0240741 0.00118913
12 0.701563 0.164815 0.01875 0.0388889 0.00119231
7 0.278906 0.0763889 0.0380208 0.14537 0.00121031
9 0.557552 0.0277778 0.0234375 0.0518519 0.00127393
7 0.972396 0.635185 0.0541667 0.448148 0.00131187
2 0.466927 0.0199074 0.0203125 0.0194444 0.00135616
0 0.991406 0.915741 0.0161458 0.155556 0.00137829
2 0.409896 0.106944 0.292708 0.0787037 0.00144117
2 0.364062 0.0666667 0.0114583 0.0185185 0.00145504
9 0.260156 0.0513889 0.0109375 0.0398148 0.00145521
9 0.5 0.601852 0.015625 0.0425926 0.00146308
0 0.991146 0.87037 0.0166667 0.062963 0.00148234
2 0.584375 0.423148 0.591667 0.181481 0.00149113
2 0.448698 0.110185 0.0338542 0.037037 0.00150981
0 0.053125 0.111111 0.0104167 0.0518519 0.00157977
9 0.276042 0.0425926 0.0385417 0.0833333 0.00159976
1 0.00416667 0.400463 0.00833333 0.100926 0.00160978
12 0.702344 0.138426 0.0223958 0.087963 0.00163108
9 0.458073 0.0652778 0.0078125 0.0287037 0.00169054
7 0.09375 0.112963 0.178125 0.124074 0.00178656
9 0.547917 0.0518519 0.0104167 0.0222222 0.00187477
0 0.717708 0.372685 0.0229167 0.0268519 0.00196989
2 0.00364583 0.424074 0.00729167 0.0518519 0.00201199
9 0.429688 0.0388889 0.00833333 0.0259259 0.00208307
0 0.190885 0.0925926 0.00989583 0.0277778 0.00210388
2 0.570573 0.108796 0.246354 0.0712963 0.00217699
1 0.00755208 0.366204 0.0151042 0.0583333 0.00221818
7 0.236719 0.0657407 0.0171875 0.0388889 0.0024132
2 0.817187 0.231019 0.009375 0.0453704 0.00248577
2 0.479948 0.107407 0.0671875 0.0611111 0.00254289
0 0.2625 0.177778 0.0114583 0.0685185 0.00255118
2 0.301042 0.0828704 0.0208333 0.0361111 0.00256186
9 0.263021 0.0884259 0.00729167 0.037963 0.00287302
0 0.263802 0.105556 0.0078125 0.0481481 0.00297342
0 0.171354 0.108796 0.00729167 0.0361111 0.0029852
9 0.415104 0.0087963 0.0145833 0.0175926 0.00302687
9 0.413542 0.0310185 0.0104167 0.0157407 0.00306286
9 0.566146 0.0587963 0.0114583 0.0453704 0.00355587
9 0.60599 0.0587963 0.00885417 0.0287037 0.00386427
0 0.75625 0.0828704 0.0125 0.0675926 0.00394371
9 0.292448 0.0546296 0.0078125 0.0388889 0.00423025
9 0.265365 0.0398148 0.0140625 0.0555556 0.0044433
0 0.1875 0.109259 0.00729167 0.0407407 0.00470135
2 0.322135 0.101389 0.0463542 0.0509259 0.00477698
1 0.26849 0.278241 0.0307292 0.0824074 0.00493836
0 0.190365 0.106481 0.0109375 0.0481481 0.00499395
9 0.268229 0.1 0.0114583 0.0555556 0.00516785
9 0.211719 0.0652778 0.0296875 0.0527778 0.0052495
9 0.109375 0.025 0.0145833 0.037037 0.00563856
2 0.442187 0.0861111 0.0135417 0.0259259 0.00605591
2 0.532031 0.1125 0.0151042 0.0416667 0.0061006
9 0.99349 0.509259 0.0119792 0.157407 0.00656996
9 0.578646 0.0337963 0.0166667 0.0638889 0.00699273
7 0.147135 0.0916667 0.0692708 0.0814815 0.00724127
7 0.992969 0.518056 0.0130208 0.173148 0.00743655
9 0.221354 0.087037 0.0114583 0.0185185 0.00758459
2 0.0046875 0.556944 0.009375 0.0416667 0.00815771
9 0.757812 0.0694444 0.009375 0.0407407 0.00816115
9 0.269792 0.0263889 0.0208333 0.0472222 0.00834751
2 0.284896 0.116667 0.0135417 0.0666667 0.00903038
2 0.591927 0.125 0.0182292 0.0259259 0.0092395
9 0.444531 0.236574 0.00885417 0.0287037 0.00938895
2 0.270312 0.110185 0.0135417 0.0388889 0.00987875
9 0.442187 0.0856481 0.0125 0.025 0.0102411
9 0.270052 0.049537 0.0182292 0.0398148 0.0108305
9 0.584115 0.0388889 0.0130208 0.0518519 0.0113614
9 0.502865 0.758796 0.0140625 0.0583333 0.0118442
2 0.445833 0.11713 0.025 0.0212963 0.0125041
2 0.78724 0.087963 0.0182292 0.0259259 0.0125985
7 0.970573 0.527778 0.0578125 0.201852 0.014371
9 0.569531 0.0314815 0.0119792 0.0592593 0.0155857
2 0.238021 0.141667 0.0177083 0.0388889 0.0174474
7 0.220052 0.0662037 0.0505208 0.0601852 0.0180875
2 0.293229 0.109722 0.0291667 0.0768519 0.0199466
0 0.634896 0.149537 0.009375 0.0527778 0.030241
2 0.634896 0.148148 0.0104167 0.0574074 0.0304976
2 0.460938 0.112963 0.0114583 0.0351852 0.0387866
2 0.488281 0.10787 0.0140625 0.0490741 0.053254
9 0.440104 0.214352 0.0145833 0.0675926 0.0616741
7 0.294271 0.106481 0.03125 0.0833333 0.0727362
9 0.566927 0.0481481 0.00885417 0.0240741 0.0871556
2 0.479948 0.110185 0.0192708 0.0425926 0.220478
2 0.467708 0.110185 0.021875 0.0407407 0.229839
2 0.322396 0.0875 0.0375 0.037963 0.270387
2 0.627344 0.121296 0.0255208 0.05 0.431387
10 0.204167 0.315741 0.015625 0.0703704 0.440654
1 0.259896 0.287037 0.0177083 0.0833333 0.500772
2 0.505729 0.103704 0.0416667 0.062963 0.576964
2 0.318229 0.121759 0.0510417 0.0694444 0.662096
0 0.259375 0.251852 0.0239583 0.107407 0.680354
11 0.728906 0.0421296 0.0276042 0.0546296 0.784095
2 0.729688 0.42037 0.121875 0.17037 0.900885
