9 0.254167 0.087037 0.0166667 0.0388889 0.00108757
0 0.46875 0.492593 0.665625 0.842593 0.00113678
0 0.361719 0.0717593 0.00885417 0.0305556 0.00116979
9 0.547917 0.0523148 0.0104167 0.0231481 0.0012027
2 0.677344 0.115278 0.126563 0.0787037 0.00120318
0 0.552083 0.264352 0.525 0.389815 0.00121178
9 0.258333 0.0796296 0.0125 0.0537037 0.00122923
0 0.0809896 0.160648 0.0109375 0.0287037 0.00123613
2 0.447396 0.109722 0.071875 0.0435185 0.00124378
0 0.389323 0.298148 0.0161458 0.0259259 0.00126128
0 0.75651 0.375463 0.0223958 0.0324074 0.00126996
2 0.60599 0.418519 0.616146 0.194444 0.00131751
2 0.813802 0.0759259 0.0182292 0.0185185 0.00133956
2 0.792708 0.104167 0.0572917 0.0601852 0.00135757
2 0.658073 0.137037 0.0859375 0.0814815 0.00143256
9 0.236719 0.0680556 0.0171875 0.0435185 0.00148323
9 0.502083 0.760185 0.0135417 0.0537037 0.00151093
2 0.448177 0.114815 0.0286458 0.0222222 0.00167542
9 0.579167 0.0319444 0.0166667 0.0583333 0.00168109
0 0.729167 0.372685 0.0270833 0.0268519 0.00169887
32 0.459896 0.356944 0.0104167 0.0138889 0.00172646
2 0.773958 0.112963 0.0197917 0.0333333 0.00173015
0 0.755208 0.124537 0.0177083 0.025 0.00179578
0 0.366667 0.125463 0.015625 0.0268519 0.00185671
9 0.275781 0.0671296 0.0380208 0.128704 0.0018579
2 0.593229 0.125 0.0166667 0.0259259 0.00203048
9 0.263542 0.0902778 0.009375 0.0416667 0.00230992
2 0.53151 0.1125 0.0140625 0.0435185 0.00235305
2 0.0132813 0.394444 0.0265625 0.12037 0.00239287
2 0.40625 0.110648 0.28125 0.0768519 0.00240651
7 0.970312 0.525926 0.0583333 0.2 0.00245655
58 0.968229 0.493981 0.03125 0.087963 0.0025368
9 0.572396 0.0310185 0.0145833 0.0583333 0.00260396
12 0.700521 0.162037 0.0208333 0.0425926 0.00265939
9 0.992448 0.496296 0.0140625 0.12963 0.00293247
13 0.96224 0.553704 0.0401042 0.0407407 0.00296064
2 0.786458 0.0861111 0.0239583 0.0277778 0.00298159
0 0.266927 0.0986111 0.0109375 0.0546296 0.00312005
58 0.995573 0.327315 0.0078125 0.0490741 0.00321374
13 0.99401 0.521296 0.0109375 0.174074 0.00322074
1 0.0130208 0.373148 0.0260417 0.0740741 0.00351524
2 0.594271 0.112037 0.292708 0.0666667 0.00386552
2 0.442187 0.0856481 0.0125 0.025 0.00396812
2 0.78125 0.1 0.034375 0.0425926 0.00410376
12 0.992969 0.496296 0.0130208 0.131481 0.00455799
0 0.714323 0.370833 0.0223958 0.0268519 0.00461169
7 0.146875 0.0921296 0.071875 0.0842593 0.00488295
0 0.356771 0.281944 0.0208333 0.0268519 0.00495998
2 0.238281 0.137963 0.0182292 0.0462963 0.0050922
13 0.970312 0.531018 0.0583333 0.178704 0.00518755
2 0.648698 0.149537 0.0380208 0.0583333 0.0053067
13 0.985937 0.52037 0.0270833 0.17963 0.0059934
2 0.270052 0.10787 0.0130208 0.0416667 0.00632536
9 0.292708 0.0527778 0.00833333 0.0425926 0.00636674
12 0.69349 0.1625 0.0109375 0.0398148 0.00645976
2 0.482552 0.111111 0.0651042 0.0592593 0.00690512
1 0.00390625 0.410648 0.0078125 0.0787037 0.00752385
9 0.210417 0.0657407 0.0291667 0.0518519 0.00770101
2 0.365365 0.122222 0.0182292 0.0240741 0.00840062
2 0.00390625 0.412963 0.0078125 0.0759259 0.00872165
9 0.220573 0.0842593 0.0130208 0.0222222 0.00924976
0 0.754687 0.0810185 0.0145833 0.0601852 0.0100764
5 0.216667 0.0638889 0.040625 0.0592593 0.0127033
1 0.00703125 0.390278 0.0140625 0.115741 0.0128255
2 0.784375 0.0907407 0.0145833 0.0240741 0.0138145
7 0.220052 0.0666667 0.0505208 0.0703704 0.0156387
0 0.634896 0.149074 0.009375 0.0518519 0.017218
0 0.284375 0.104167 0.0114583 0.0694444 0.0177758
2 0.605729 0.0597222 0.0104167 0.025 0.0225196
9 0.566667 0.0476852 0.00833333 0.0231481 0.0252159
2 0.492969 0.106944 0.0234375 0.0509259 0.0264749
7 0.297135 0.106944 0.0348958 0.0805556 0.0504811
9 0.26849 0.0351852 0.0223958 0.0666667 0.051539
2 0.461458 0.112037 0.0125 0.037037 0.0524249
9 0.442187 0.0856481 0.0125 0.025 0.052937
2 0.292708 0.10787 0.028125 0.0805556 0.0531659
2 0.634635 0.143519 0.0109375 0.0481481 0.0570875
7 0.316667 0.106944 0.0520833 0.0805556 0.0634226
2 0.321615 0.0847222 0.0380208 0.0342593 0.165768
7 0.505208 0.103704 0.04375 0.062963 0.343589
2 0.472656 0.108796 0.0328125 0.0453704 0.422597
2 0.626823 0.120833 0.0255208 0.0490741 0.468888
2 0.505208 0.103704 0.04375 0.062963 0.484613
2 0.317969 0.120833 0.0515625 0.0712963 0.660508
10 0.203646 0.315741 0.015625 0.0703704 0.704373
11 0.728906 0.0425926 0.0276042 0.0555556 0.821811
2 0.38099 0.175 0.0630208 0.0851852 0.86524
2 0.378646 0.319444 0.1 0.137037 0.884624
2 0.729688 0.418981 0.122917 0.171296 0.913491
2 0.745833 0.190278 0.128125 0.112037 0.919637
