12 0.995573 0.531944 0.0078125 0.0342593 0.00100176
0 0.888802 0.441204 0.0192708 0.0601852 0.0010057
2 0.746875 0.173611 0.0270833 0.0342593 0.00101034
2 0.45599 0.173148 0.376563 0.203704 0.0010117
11 0.227604 0.0648148 0.0364583 0.0462963 0.00101265
13 0.961458 0.553704 0.0385417 0.0388889 0.00102104
58 0.995573 0.326389 0.0078125 0.062037 0.00103649
9 0.548177 0.0523148 0.0109375 0.025 0.00104065
9 0.103906 0.0287037 0.0161458 0.0388889 0.00106454
2 0.26849 0.0953704 0.0109375 0.0481481 0.00107823
0 0.816927 0.234259 0.00885417 0.0407407 0.00107853
9 0.29349 0.0569444 0.00989583 0.0416667 0.00108438
0 0.513542 0.210185 0.0166667 0.0277778 0.00108984
2 0.363542 0.0671296 0.0114583 0.0212963 0.00109687
13 0.970312 0.565741 0.0572917 0.0851852 0.00112263
9 0.261979 0.05 0.015625 0.0407407 0.00113202
2 0.782292 0.106944 0.0364583 0.062037 0.00113944
2 0.29375 0.133796 0.0145833 0.0509259 0.00124022
2 0.531771 0.1125 0.0125 0.0416667 0.00124551
2 0.604167 0.425 0.483333 0.172222 0.00133497
2 0.478385 0.205093 0.0109375 0.0231481 0.00136793
2 0.298958 0.110648 0.0885417 0.0898148 0.00139184
9 0.559896 0.0282407 0.0208333 0.0472222 0.00139231
12 0.817187 0.234259 0.009375 0.0407407 0.00141319
9 0.116406 0.0240741 0.0161458 0.0388889 0.00141901
9 0.577083 0.0337963 0.0145833 0.062037 0.00143289
2 0.775 0.119444 0.0197917 0.0388889 0.00153897
13 0.9875 0.519907 0.0239583 0.175 0.00154494
0 0.717188 0.371759 0.0239583 0.0287037 0.00154629
9 0.582812 0.0356481 0.0135417 0.0583333 0.00157798
12 0.702344 0.126852 0.0223958 0.062963 0.00161392
9 0.267969 0.0587963 0.0161458 0.0305556 0.00168657
12 0.977865 0.496296 0.0348958 0.124074 0.00174494
9 0.271354 0.0421296 0.0291667 0.0805556 0.00180572
32 0.454167 0.314352 0.00729167 0.0138889 0.00183715
2 0.649479 0.15 0.0385417 0.0574074 0.00185788
9 0.428646 0.0314815 0.0104167 0.0314815 0.00192818
12 0.696354 0.163426 0.0104167 0.037963 0.00205537
2 0.36224 0.0814815 0.0109375 0.0351852 0.00223083
2 0.3625 0.11713 0.01875 0.0361111 0.00223661
12 0.716146 0.164815 0.0125 0.0314815 0.00227663
2 0.276042 0.116667 0.0239583 0.05 0.00232062
0 0.44375 0.100926 0.01875 0.0518519 0.00234442
2 0.534896 0.110648 0.284375 0.0712963 0.00243112
9 0.26276 0.0856481 0.0078125 0.0324074 0.00259073
0 0.757031 0.0708333 0.0119792 0.0416667 0.0025974
9 0.213542 0.0625 0.0333333 0.0546296 0.00286883
0 0.75651 0.0888889 0.0140625 0.0759259 0.00294944
2 0.00494792 0.361111 0.00989583 0.101852 0.0037045
2 0.442708 0.087963 0.0135417 0.0277778 0.00374732
12 0.702865 0.164815 0.0203125 0.037037 0.00381961
1 0.811458 0.334259 0.0166667 0.0888889 0.00406291
9 0.292448 0.0708333 0.0109375 0.0175926 0.00413745
9 0.269271 0.0490741 0.0208333 0.037037 0.00427665
2 0.424219 0.111111 0.185937 0.0611111 0.00463971
9 0.571615 0.0314815 0.0140625 0.0592593 0.00525833
2 0.238281 0.140278 0.0182292 0.0416667 0.00591126
2 0.60625 0.0597222 0.0104167 0.025 0.00614336
9 0.442708 0.087963 0.0135417 0.0277778 0.00626348
12 0.995052 0.493981 0.00885417 0.128704 0.006484
9 0.458073 0.0662037 0.00677083 0.0287037 0.00740189
2 0.00859375 0.395833 0.0171875 0.121296 0.00750366
2 0.785937 0.0888889 0.015625 0.0240741 0.00979777
11 0.236979 0.0662037 0.0166667 0.037963 0.010292
9 0.207031 0.0680556 0.0192708 0.0416667 0.012134
2 0.592448 0.126389 0.0171875 0.0212963 0.0136456
9 0.220052 0.0893519 0.00885417 0.0157407 0.016037
9 0.26875 0.0226852 0.0208333 0.0398148 0.016893
2 0.272135 0.1125 0.0151042 0.0324074 0.0190891
2 0.00416667 0.401389 0.00833333 0.10463 0.0191933
2 0.635156 0.147685 0.0109375 0.0546296 0.0197273
0 0.635417 0.149074 0.009375 0.05 0.0267188
2 0.290104 0.115278 0.021875 0.0675926 0.0311028
9 0.502604 0.759259 0.0125 0.0537037 0.0359292
2 0.48724 0.107407 0.0151042 0.05 0.0360659
7 0.296354 0.108333 0.0333333 0.0796296 0.0364955
9 0.567448 0.0481481 0.0078125 0.0240741 0.0655847
2 0.46224 0.1125 0.0130208 0.037963 0.115401
9 0.222135 0.0578704 0.0109375 0.0324074 0.119335
2 0.322396 0.0847222 0.0395833 0.0305556 0.164273
2 0.473698 0.108333 0.0348958 0.0462963 0.207124
2 0.627344 0.122222 0.0255208 0.0537037 0.342273
2 0.50651 0.104167 0.0421875 0.062037 0.562977
2 0.351823 0.113426 0.0213542 0.037963 0.652524
2 0.31901 0.121759 0.0505208 0.0712963 0.65964
10 0.203906 0.315741 0.0161458 0.0722222 0.730071
11 0.729167 0.0435185 0.0270833 0.0574074 0.780036
2 0.513802 0.228704 0.0817708 0.111111 0.865986
2 0.729688 0.419907 0.122917 0.171296 0.905363
