58 0.919271 0.185648 0.161458 0.365741 0.00102005
12 0.00520833 0.474537 0.0104167 0.219444 0.00103499
13 0.00442708 0.471296 0.00885417 0.22037 0.00108533
9 0.260677 0.049537 0.0119792 0.0453704 0.00110073
9 0.547656 0.0592593 0.00989583 0.0240741 0.00116053
2 0.5375 0.113889 0.009375 0.0407407 0.00119747
0 0.749479 0.123148 0.0270833 0.0703704 0.00122748
0 0.75651 0.375 0.0203125 0.0296296 0.00122829
11 0.240625 0.0351852 0.0239583 0.0666667 0.00123134
0 0.995833 0.326389 0.00729167 0.0583333 0.00124006
2 0.575781 0.125926 0.0515625 0.0351852 0.00124396
2 0.263021 0.106019 0.00833333 0.0472222 0.00124807
2 0.0179687 0.128704 0.0296875 0.0277778 0.00125759
2 0.639844 0.133796 0.0505208 0.0712963 0.0013116
13 0.961458 0.558796 0.040625 0.0472222 0.00139599
0 0.729948 0.372222 0.0276042 0.0296296 0.00163644
2 0.407292 0.1125 0.2875 0.0787037 0.00170171
0 0.53099 0.936111 0.0171875 0.0555556 0.00170798
12 0.702865 0.134259 0.0234375 0.0740741 0.00177807
2 0.217708 0.131481 0.0614583 0.0611111 0.00183156
9 0.500521 0.603241 0.0145833 0.037963 0.00189822
9 0.253125 0.087037 0.0125 0.0314815 0.00192253
11 0.220833 0.0643518 0.053125 0.0694444 0.00197216
2 0.442708 0.0875 0.0135417 0.0287037 0.00200084
9 0.36276 0.0703704 0.0109375 0.0259259 0.00206051
9 0.258073 0.0685185 0.00989583 0.0407407 0.00220491
11 0.23724 0.0703704 0.0171875 0.0462963 0.00222107
9 0.572135 0.0319444 0.0140625 0.0583333 0.00222367
0 0.759375 0.123148 0.0114583 0.0425926 0.00223243
2 0.748177 0.143981 0.0234375 0.037963 0.00223505
2 0.363542 0.0685185 0.0114583 0.0222222 0.00224707
2 0.78724 0.111111 0.0453125 0.0666667 0.00236451
2 0.961719 0.555556 0.0401042 0.0407407 0.00242887
12 0.702604 0.164352 0.0239583 0.037963 0.00255477
9 0.26276 0.0861111 0.0078125 0.0296296 0.00259755
2 0.267448 0.099537 0.0109375 0.0546296 0.00268605
7 0.970312 0.523148 0.0583333 0.188889 0.00270231
2 0.797656 0.0837963 0.0265625 0.025 0.00286745
9 0.219792 0.0847222 0.0166667 0.0231481 0.00308237
2 0.56849 0.112963 0.231771 0.0685185 0.00308823
12 0.69401 0.163426 0.00677083 0.037963 0.00309352
2 0.409896 0.125926 0.0333333 0.0222222 0.00333442
2 0.699219 0.95463 0.0588542 0.087037 0.0035092
12 0.99375 0.518981 0.0114583 0.173148 0.0036268
1 0.0111979 0.367593 0.0223958 0.0462963 0.00371337
0 0.757292 0.133333 0.0114583 0.0425926 0.00373104
2 0.282292 0.0893519 0.00729167 0.0231481 0.00375783
7 0.990365 0.518056 0.0182292 0.180556 0.00423048
13 0.0130208 0.396759 0.0260417 0.110185 0.00424101
9 0.415885 0.0111111 0.0161458 0.0222222 0.00449851
9 0.502604 0.759259 0.0135417 0.0555556 0.00488376
2 0.771875 0.118519 0.0145833 0.037037 0.00509312
1 0.0486979 0.158333 0.0671875 0.0777778 0.00517239
2 0.446875 0.112963 0.0260417 0.0277778 0.00564101
2 0.777604 0.108796 0.025 0.0472222 0.00631408
2 0.00494792 0.55787 0.00989583 0.0435185 0.00654393
0 0.714844 0.372685 0.0234375 0.0268519 0.00719033
2 0.813542 0.0740741 0.015625 0.0185185 0.00765149
13 0.00390625 0.408796 0.0078125 0.0861111 0.00787051
2 0.494792 0.953704 0.059375 0.0907407 0.0079534
2 0.238542 0.141667 0.01875 0.0407407 0.00798694
10 0.442448 0.087037 0.0130208 0.0277778 0.00799635
2 0.649479 0.149074 0.0385417 0.0574074 0.00864123
1 0.00416667 0.410185 0.00833333 0.087037 0.00932663
2 0.336458 0.0884259 0.01875 0.0324074 0.00934886
9 0.267448 0.0407407 0.0182292 0.0574074 0.00938969
7 0.220313 0.0657407 0.0510417 0.0685185 0.0111533
9 0.992448 0.512037 0.0140625 0.161111 0.0127267
9 0.207031 0.0675926 0.0213542 0.0425926 0.0128483
5 0.219271 0.0648148 0.046875 0.0574074 0.0144634
2 0.592969 0.125463 0.0171875 0.025 0.0150599
1 0.009375 0.398148 0.01875 0.109259 0.0157853
0 0.757031 0.0847222 0.0130208 0.062037 0.019566
0 0.635417 0.148148 0.0104167 0.0481481 0.0262145
11 0.60625 0.0606481 0.009375 0.0231481 0.0295712
2 0.271354 0.111574 0.0135417 0.0361111 0.0343099
2 0.785156 0.0902778 0.0140625 0.0231481 0.0369743
7 0.297656 0.10463 0.0359375 0.0796296 0.0495904
2 0.298698 0.104167 0.0328125 0.075 0.0498044
2 0.635156 0.144907 0.0109375 0.0490741 0.0512838
9 0.567448 0.0486111 0.00885417 0.025 0.0761456
2 0.463021 0.111111 0.0145833 0.0425926 0.18042
2 0.321875 0.087963 0.0375 0.0351852 0.258006
7 0.50599 0.105093 0.0432292 0.062037 0.355276
2 0.476823 0.109722 0.0296875 0.0453704 0.381542
2 0.627865 0.121296 0.0255208 0.05 0.40989
2 0.50599 0.10463 0.0432292 0.062963 0.482454
10 0.203906 0.316667 0.0161458 0.0703704 0.695993
11 0.729427 0.0421296 0.0265625 0.0546296 0.747598
2 0.31901 0.121296 0.0505208 0.0722222 0.772317
2 0.597135 0.949074 0.264062 0.1 0.83036
2 0.399219 0.160648 0.0609375 0.0824074 0.860488
2 0.730208 0.419444 0.122917 0.172222 0.914415
