2 0.571354 0.425 0.536458 0.17963 0.0010125
32 0.460417 0.356944 0.0114583 0.0157407 0.00106038
0 0.470052 0.610185 0.865104 0.327778 0.00106208
9 0.560677 0.050463 0.0182292 0.0231481 0.00110095
9 0.294271 0.0513889 0.009375 0.0398148 0.00112831
12 0.700521 0.164815 0.0229167 0.037037 0.00113673
9 0.263281 0.0421296 0.0182292 0.0546296 0.00114633
2 0.655469 0.139352 0.0828125 0.0861111 0.00114744
1 0.0510417 0.151389 0.065625 0.0657407 0.00114803
2 0.78724 0.105556 0.0453125 0.0574074 0.00115874
9 0.991146 0.511111 0.0166667 0.162963 0.00120976
7 0.293229 0.0949074 0.0947917 0.0990741 0.00124506
7 0.990365 0.518519 0.0182292 0.187037 0.00125047
2 0.242969 0.106944 0.0151042 0.037963 0.00126913
12 0.995573 0.531944 0.0078125 0.0435185 0.00128511
2 0.816406 0.234259 0.00989583 0.0425926 0.00134141
9 0.584635 0.0384259 0.0140625 0.0453704 0.00145047
2 0.771354 0.114815 0.0145833 0.0333333 0.00145171
0 0.447396 0.443981 0.838542 0.74537 0.00148361
9 0.579427 0.0310185 0.0140625 0.0564815 0.00149326
9 0.49974 0.604167 0.0140625 0.0398148 0.00151393
9 0.236719 0.0666667 0.0182292 0.0407407 0.00157606
7 0.283854 0.075 0.0385417 0.138889 0.00159449
13 0.977604 0.520833 0.04375 0.178704 0.00164587
9 0.269271 0.0615741 0.01875 0.0361111 0.00164675
9 0.253125 0.0861111 0.015625 0.037037 0.00167422
2 0.808854 0.0726852 0.0177083 0.0175926 0.00170528
9 0.277344 0.037963 0.0369792 0.0722222 0.00184726
2 0.304167 0.124537 0.0354167 0.0675926 0.00191377
2 0.570052 0.109722 0.161979 0.0731481 0.00191736
0 0.272917 0.591667 0.0239583 0.0444444 0.00207779
2 0.416927 0.10463 0.282813 0.0796296 0.00227539
1 0.810938 0.331019 0.0177083 0.0842593 0.00245718
2 0.529167 0.0925926 0.0208333 0.062963 0.00260033
0 0.740885 0.371296 0.0213542 0.0314815 0.00263599
0 0.442708 0.0884259 0.0145833 0.0305556 0.00264547
13 0.961979 0.555556 0.0385417 0.0425926 0.00306596
0 0.732292 0.372685 0.0239583 0.0287037 0.00307137
0 0.345833 0.580556 0.04375 0.0555556 0.00309174
9 0.263281 0.0888889 0.0078125 0.0407407 0.00315925
12 0.701563 0.140741 0.0239583 0.0814815 0.00333422
0 0.995833 0.326852 0.00729167 0.0574074 0.00406672
2 0.803125 0.0828704 0.03125 0.025 0.00408806
2 0.483073 0.105556 0.0619792 0.0574074 0.00411243
0 0.263542 0.101852 0.00833333 0.0537037 0.00418252
2 0.443229 0.102778 0.0197917 0.0444444 0.00477339
1 0.0132813 0.367593 0.0265625 0.0481481 0.00490615
2 0.60625 0.0606481 0.0104167 0.025 0.00532662
9 0.56901 0.0310185 0.0109375 0.0564815 0.00590089
0 0.317969 0.585648 0.0536458 0.0453704 0.00590143
9 0.269531 0.0481481 0.0203125 0.0388889 0.00599297
0 0.75625 0.374074 0.0197917 0.0296296 0.00609685
2 0.238542 0.141667 0.01875 0.0407407 0.00676145
12 0.994271 0.498148 0.0104167 0.135185 0.00773501
12 0.691667 0.165741 0.009375 0.037037 0.00860102
9 0.502604 0.760648 0.0135417 0.0583333 0.00923181
58 0.442969 0.0884259 0.0140625 0.0287037 0.00986571
9 0.208594 0.0671296 0.0244792 0.0472222 0.0103782
2 0.592448 0.125 0.0151042 0.0259259 0.0103934
2 0.327865 0.0740741 0.0473958 0.05 0.0104484
2 0.361979 0.0671296 0.015625 0.0194444 0.0116215
2 0.297917 0.0777778 0.0270833 0.0296296 0.0136144
9 0.221354 0.0569444 0.0177083 0.0472222 0.0159344
1 0.00442708 0.402778 0.00885417 0.0981481 0.0162589
9 0.269792 0.0208333 0.0197917 0.0361111 0.0165825
1 0.0117188 0.397222 0.0234375 0.112963 0.0175398
0 0.7125 0.373148 0.0197917 0.0259259 0.0178383
2 0.813542 0.0763889 0.01875 0.0175926 0.0184434
0 0.295833 0.587037 0.040625 0.0462963 0.018575
0 0.332292 0.582407 0.0260417 0.05 0.019187
5 0.220573 0.0685185 0.0505208 0.0555556 0.0195256
7 0.220313 0.0671296 0.0510417 0.062037 0.02015
2 0.00520833 0.556944 0.0104167 0.0435185 0.0211844
2 0.271615 0.109259 0.0151042 0.0407407 0.0215834
2 0.635156 0.146296 0.0109375 0.0555556 0.0244267
2 0.513021 0.0685185 0.0208333 0.0222222 0.028045
0 0.635417 0.147685 0.009375 0.0509259 0.0363961
2 0.785677 0.0893519 0.0151042 0.0231481 0.0577683
2 0.494531 0.107407 0.0223958 0.05 0.0616447
9 0.566927 0.0476852 0.0078125 0.0231481 0.0641659
0 0.757031 0.0921296 0.0130208 0.0787037 0.0721273
7 0.294531 0.106944 0.0328125 0.0824074 0.0928473
2 0.29401 0.108796 0.0296875 0.0805556 0.117205
2 0.46224 0.115278 0.0119792 0.0324074 0.119797
2 0.318229 0.0583333 0.0208333 0.0240741 0.138092
2 0.470313 0.110185 0.028125 0.0425926 0.159527
2 0.321354 0.0865741 0.0385417 0.0342593 0.173778
2 0.340104 0.062963 0.0302083 0.0314815 0.204542
2 0.479688 0.109259 0.0208333 0.0444444 0.328957
2 0.525521 0.0740741 0.025 0.0351852 0.350526
2 0.627604 0.121759 0.025 0.0509259 0.394915
2 0.50599 0.10463 0.0421875 0.0611111 0.596144
2 0.31849 0.119907 0.0505208 0.075 0.650144
11 0.729167 0.0430556 0.0270833 0.0564815 0.8014
10 0.203906 0.316667 0.0161458 0.0703704 0.815368
2 0.729688 0.42037 0.122917 0.17037 0.914912
2 0.31875 0.642593 0.1625 0.244444 0.927319
