12 0.702083 0.164352 0.0197917 0.037963 0.00101455
2 0.361979 0.0675926 0.0125 0.0259259 0.0010178
2 0.263281 0.104167 0.00989583 0.0509259 0.00108329
2 0.8125 0.0768519 0.0177083 0.0185185 0.00109586
2 0.778646 0.10787 0.028125 0.0564815 0.00112377
2 0.23125 0.128704 0.03125 0.05 0.00113953
9 0.252865 0.0865741 0.0140625 0.0342593 0.0011464
1 0.00338542 0.423148 0.00677083 0.0518519 0.00118525
9 0.561458 0.05 0.021875 0.0259259 0.0012267
2 0.45625 0.101389 0.08125 0.0601852 0.00122909
1 0.00494792 0.356019 0.00989583 0.0731481 0.00123717
2 0.639323 0.128704 0.0505208 0.062963 0.00147678
2 0.10026 0.12963 0.0192708 0.0333333 0.00150579
2 0.539323 0.10787 0.242188 0.0935185 0.00152279
9 0.593229 0.0458333 0.0114583 0.0324074 0.00162051
9 0.260677 0.0666667 0.0140625 0.0574074 0.00166944
9 0.416406 0.0166667 0.0171875 0.0333333 0.0016923
1 0.009375 0.392593 0.01875 0.116667 0.00170006
7 0.970833 0.523611 0.0572917 0.191667 0.00178764
9 0.584115 0.0384259 0.0151042 0.0564815 0.00179346
7 0.27526 0.0476852 0.0338542 0.0935185 0.00180204
0 0.732031 0.372222 0.0276042 0.0277778 0.00189872
12 0.985417 0.502778 0.0270833 0.137037 0.00205433
2 0.516927 0.102315 0.124479 0.0712963 0.00206558
9 0.2625 0.0342593 0.0145833 0.0574074 0.0021453
2 0.00651042 0.0907407 0.0130208 0.0425926 0.00218819
9 0.576563 0.0342593 0.0145833 0.0666667 0.0022533
9 0.454688 0.313889 0.00729167 0.0148148 0.0022925
2 0.774479 0.121759 0.01875 0.0416667 0.00233054
9 0.2375 0.0717593 0.0145833 0.0453704 0.00245007
2 0.34401 0.103704 0.0130208 0.0481481 0.00249808
12 0.966406 0.5 0.0255208 0.0759259 0.00257961
7 0.293229 0.102315 0.0729167 0.0972222 0.00281999
2 0.363802 0.087037 0.0109375 0.0333333 0.00311161
2 0.222917 0.105093 0.0375 0.0398148 0.00317591
1 0.00390625 0.395833 0.0078125 0.108333 0.00320194
0 0.75651 0.0935185 0.0140625 0.0814815 0.00346746
9 0.263021 0.087037 0.009375 0.0351852 0.0036679
9 0.547917 0.0518519 0.0104167 0.0240741 0.00367842
2 0.605208 0.0592593 0.0104167 0.0259259 0.00380641
2 0.790104 0.087963 0.01875 0.0222222 0.00411593
2 0.267708 0.0976852 0.0104167 0.0527778 0.00431688
2 0.592448 0.124537 0.0171875 0.0268519 0.0043555
2 0.651042 0.150463 0.0416667 0.0564815 0.00439351
9 0.560156 0.0287037 0.0234375 0.0555556 0.00442417
0 0.709635 0.373611 0.0182292 0.025 0.0046111
9 0.206771 0.0685185 0.01875 0.0407407 0.00478922
2 0.784635 0.0893519 0.0119792 0.0212963 0.00483637
2 0.385417 0.108333 0.188542 0.0759259 0.00506702
2 0.308594 0.0810185 0.0213542 0.0324074 0.00509065
5 0.214323 0.0611111 0.0359375 0.0592593 0.00509489
7 0.219271 0.0652778 0.0489583 0.0768519 0.00511496
2 0.238542 0.140741 0.01875 0.0407407 0.00563902
1 0.0114583 0.364815 0.0229167 0.0481481 0.00587116
0 0.717448 0.371296 0.0203125 0.0259259 0.0062961
0 0.363542 0.0675926 0.0114583 0.0259259 0.00631438
9 0.111198 0.024537 0.0130208 0.0361111 0.00635791
9 0.220052 0.0884259 0.0109375 0.0138889 0.00776753
12 0.994792 0.494907 0.009375 0.128704 0.00914058
0 0.442448 0.0967593 0.0171875 0.0472222 0.00958541
12 0.973698 0.495833 0.0401042 0.119444 0.0096677
11 0.23724 0.0680556 0.0161458 0.0416667 0.00995796
0 0.634896 0.144444 0.0114583 0.0481481 0.0121617
9 0.29401 0.0564815 0.00885417 0.0388889 0.0125006
2 0.340104 0.0875 0.0114583 0.0287037 0.0133436
2 0.442708 0.0833333 0.0135417 0.0296296 0.0189505
9 0.223438 0.0532407 0.0135417 0.0361111 0.0236913
2 0.272135 0.110648 0.0140625 0.0361111 0.0238302
9 0.566927 0.0310185 0.0130208 0.0583333 0.0284358
9 0.502604 0.760185 0.0114583 0.0555556 0.0368955
9 0.26901 0.0375 0.0213542 0.062037 0.0442093
2 0.479688 0.0837963 0.0229167 0.0212963 0.0715454
9 0.50026 0.602778 0.0151042 0.0407407 0.0719258
7 0.295573 0.109259 0.0348958 0.0796296 0.085841
9 0.567187 0.0481481 0.009375 0.0240741 0.130651
2 0.29375 0.109722 0.0302083 0.0805556 0.134953
2 0.321875 0.0856481 0.0375 0.0324074 0.256293
2 0.472135 0.110185 0.0328125 0.0425926 0.261216
2 0.451042 0.0671296 0.01875 0.0305556 0.274955
2 0.627083 0.122685 0.025 0.0527778 0.282128
2 0.471615 0.0717593 0.0296875 0.0361111 0.341136
2 0.50625 0.103241 0.0427083 0.0638889 0.541701
2 0.31849 0.121296 0.0505208 0.0703704 0.649689
10 0.203906 0.315278 0.0161458 0.0694444 0.746623
11 0.729427 0.0430556 0.0276042 0.0564815 0.765443
2 0.378906 0.106481 0.0401042 0.0518519 0.827153
2 0.729948 0.418981 0.121354 0.175 0.907179
