7 0.275521 0.0375 0.03125 0.0601852 0.00111591
9 0.239323 0.0736111 0.0161458 0.0509259 0.00112467
12 0.994531 0.52037 0.00989583 0.166667 0.00114098
2 0.6375 0.412037 0.379167 0.194444 0.00119782
0 0.995833 0.325 0.00729167 0.0592593 0.0012104
9 0.569271 0.0319444 0.0145833 0.0601852 0.00137026
7 0.972396 0.530093 0.0541667 0.200926 0.00147828
9 0.260938 0.0393519 0.0145833 0.0583333 0.00155337
1 0.00885417 0.396759 0.0177083 0.117593 0.00159452
9 0.327083 0.0148148 0.0177083 0.0277778 0.00173244
2 0.774219 0.119907 0.0182292 0.037963 0.00175386
2 0.655208 0.138426 0.0802083 0.0861111 0.00180303
2 0.0117188 0.366204 0.0234375 0.0435185 0.00186892
9 0.274219 0.0333333 0.0307292 0.0648148 0.00200289
2 0.284115 0.0685185 0.0286458 0.0388889 0.00201638
32 0.470052 0.412037 0.00989583 0.0259259 0.00204879
2 0.567448 0.106019 0.348437 0.0712963 0.00205742
9 0.415625 0.0101852 0.015625 0.0203704 0.00207021
13 0.0138021 0.394907 0.0276042 0.115741 0.00213963
7 0.29974 0.0671296 0.0484375 0.0898148 0.0022041
2 0.532552 0.113426 0.0140625 0.0435185 0.00223737
2 0.413021 0.109722 0.30625 0.0842593 0.00233693
9 0.267708 0.0592593 0.015625 0.0333333 0.00238811
0 0.36224 0.0671296 0.00989583 0.0287037 0.00246077
0 0.26276 0.102778 0.0109375 0.0518519 0.00257845
9 0.591927 0.0421296 0.0130208 0.037963 0.00295453
0 0.756771 0.374537 0.01875 0.0305556 0.00298555
9 0.966406 0.502778 0.0244792 0.0703704 0.00354583
5 0.209115 0.0662037 0.0276042 0.0472222 0.00357503
0 0.73125 0.371296 0.0291667 0.0296296 0.00361617
11 0.236198 0.0685185 0.0192708 0.0444444 0.00364249
9 0.470052 0.410648 0.00989583 0.025 0.00382965
2 0.44401 0.107407 0.155729 0.0648148 0.00386459
0 0.567969 0.269907 0.0213542 0.0324074 0.00390019
0 0.635156 0.143981 0.0119792 0.0583333 0.00427378
1 0.810417 0.331944 0.021875 0.0916667 0.00431886
12 0.972917 0.492593 0.0375 0.111111 0.00441094
2 0.296615 0.106019 0.0713542 0.087963 0.00493379
2 0.363542 0.0662037 0.0114583 0.0212963 0.00495304
1 0.00390625 0.4 0.0078125 0.105556 0.00526177
9 0.50026 0.603241 0.0151042 0.037963 0.0056635
9 0.995313 0.490741 0.00833333 0.118519 0.00566954
2 0.238802 0.14213 0.0192708 0.0398148 0.00587516
2 0.267448 0.0981481 0.0119792 0.0555556 0.00612334
11 0.240625 0.0342593 0.021875 0.0666667 0.00632885
9 0.263021 0.087037 0.00833333 0.037037 0.00661529
2 0.592708 0.130093 0.01875 0.0231481 0.00662961
32 0.461198 0.355556 0.0119792 0.0166667 0.00676889
9 0.254687 0.0800926 0.0104167 0.0453704 0.00731432
13 0.00364583 0.4 0.00729167 0.105556 0.0077025
11 0.605729 0.0601852 0.009375 0.0240741 0.00891164
0 0.00364583 0.395833 0.00729167 0.110185 0.0105812
9 0.222656 0.0583333 0.0151042 0.0444444 0.0117456
0 0.713021 0.371759 0.0197917 0.025 0.0118268
9 0.270052 0.024537 0.0203125 0.0435185 0.0120343
9 0.973437 0.49537 0.0375 0.118519 0.0121005
9 0.566927 0.0486111 0.00885417 0.025 0.0140803
2 0.463542 0.112963 0.0166667 0.037037 0.01762
32 0.454688 0.313889 0.00729167 0.012963 0.0183154
0 0.442708 0.0884259 0.0125 0.025 0.0195885
7 0.218229 0.0657407 0.05625 0.0574074 0.0226805
5 0.21849 0.0680556 0.0557292 0.0564815 0.0234574
0 0.442187 0.1 0.015625 0.0481481 0.0351623
9 0.502604 0.760185 0.0114583 0.0537037 0.0472086
2 0.310417 0.075 0.0322917 0.0277778 0.0687939
2 0.272917 0.111111 0.0166667 0.037037 0.0792829
2 0.304688 0.0541667 0.0260417 0.037963 0.132039
2 0.309896 0.0625 0.0291667 0.0287037 0.203836
2 0.627865 0.122222 0.0244792 0.0518519 0.231663
2 0.29349 0.115278 0.0276042 0.075 0.235443
2 0.322656 0.0865741 0.0380208 0.0324074 0.264663
2 0.47474 0.109259 0.0348958 0.0462963 0.343257
2 0.50599 0.104167 0.0432292 0.062037 0.643824
11 0.729688 0.0439815 0.0260417 0.0583333 0.698865
10 0.203906 0.316204 0.0161458 0.0712963 0.740313
2 0.319271 0.121759 0.05 0.0694444 0.755504
2 0.553385 0.305556 0.0942708 0.133333 0.884079
2 0.729948 0.418981 0.122396 0.173148 0.914383
