12 0.692448 0.164815 0.00885417 0.0425926 0.00108249
1 0.809635 0.326389 0.0234375 0.0916667 0.00108989
9 0.502604 0.761111 0.0104167 0.0574074 0.00115053
11 0.239844 0.0324074 0.0203125 0.0574074 0.00120041
62 0.661198 0.59213 0.0588542 0.0638889 0.00120883
2 0.449219 0.116204 0.0317708 0.037963 0.00121624
9 0.261719 0.0523148 0.0151042 0.0398148 0.00129073
0 0.728385 0.371759 0.0432292 0.037963 0.00135896
1 0.0270833 0.171759 0.0166667 0.0453704 0.00136279
2 0.584896 0.125463 0.034375 0.0361111 0.00142138
32 0.454427 0.316204 0.0078125 0.0157407 0.00156093
9 0.23776 0.0689815 0.0151042 0.0416667 0.001567
2 0.640625 0.130556 0.0520833 0.0666667 0.00161409
1 0.0333333 0.175463 0.0489583 0.0657407 0.00162952
32 0.460677 0.356944 0.0109375 0.0138889 0.00166937
0 0.75625 0.374537 0.0239583 0.0324074 0.00168743
2 0.219531 0.135648 0.0588542 0.0546296 0.00168946
0 0.757812 0.130556 0.0114583 0.0407407 0.00173535
2 0.533854 0.110648 0.198958 0.0657407 0.00174729
9 0.976823 0.500463 0.0421875 0.128704 0.00176973
2 0.617188 0.114352 0.046875 0.0490741 0.00179442
7 0.303125 0.0652778 0.0270833 0.0490741 0.0018269
9 0.253646 0.087037 0.0135417 0.0296296 0.00194177
1 0.00885417 0.148611 0.0177083 0.0787037 0.0020057
2 0.530729 0.103241 0.0166667 0.0546296 0.00204821
0 0.635156 0.152778 0.0130208 0.0611111 0.00226853
9 0.415625 0.00833333 0.0145833 0.0166667 0.00233585
2 0.276823 0.113889 0.0265625 0.0555556 0.00251156
9 0.263021 0.0824074 0.00833333 0.0259259 0.00251317
2 0.267188 0.1 0.0114583 0.0481481 0.00263211
2 0.779427 0.105093 0.0286458 0.0472222 0.00285297
9 0.566406 0.0324074 0.0130208 0.0555556 0.00286502
2 0.00364583 0.411111 0.00729167 0.0833333 0.00301885
2 0.777344 0.121296 0.0244792 0.05 0.00302937
2 0.368229 0.110185 0.165625 0.0703704 0.00309558
9 0.990365 0.506481 0.0182292 0.140741 0.00341338
1 0.00572917 0.373611 0.0114583 0.156481 0.00378006
9 0.995052 0.496296 0.00885417 0.127778 0.00384414
2 0.592969 0.125926 0.0171875 0.0259259 0.00422266
2 0.814323 0.0759259 0.0171875 0.0166667 0.00425005
0 0.0966146 0.138426 0.0119792 0.037963 0.004595
9 0.257812 0.0675926 0.0104167 0.0333333 0.00462548
1 0.00364583 0.410648 0.00729167 0.0824074 0.00471939
0 0.757552 0.0888889 0.0119792 0.0722222 0.00493315
1 0.00677083 0.168981 0.0135417 0.0564815 0.00519681
2 0.656771 0.152315 0.0520833 0.062037 0.0052157
2 0.775781 0.110185 0.0203125 0.0222222 0.00620224
0 0.708073 0.372222 0.0203125 0.0314815 0.00623563
1 0.0432292 0.158333 0.0510417 0.0740741 0.00636085
1 0.0184896 0.17037 0.0369792 0.0685185 0.00640866
2 0.465885 0.108796 0.0473958 0.0490741 0.00730959
9 0.442708 0.0893519 0.0125 0.0268519 0.00828192
2 0.269792 0.109259 0.0114583 0.0388889 0.00879442
2 0.444531 0.103704 0.0192708 0.0425926 0.0101469
11 0.60625 0.0611111 0.0104167 0.0240741 0.0101476
0 0.716667 0.372222 0.021875 0.0314815 0.0102322
7 0.294271 0.109722 0.0270833 0.0805556 0.0103673
7 0.220573 0.0680556 0.0505208 0.0564815 0.0105021
9 0.209375 0.0685185 0.0270833 0.0444444 0.0118673
1 0.0773437 0.159722 0.115104 0.0842593 0.0119336
9 0.500781 0.602778 0.0161458 0.0444444 0.0124765
2 0.635677 0.148611 0.00989583 0.0472222 0.0132928
5 0.219271 0.0675926 0.0479167 0.0518519 0.0133764
9 0.114583 0.0268519 0.0135417 0.0333333 0.015156
1 0.108333 0.160648 0.053125 0.0657407 0.0152321
9 0.269271 0.0412037 0.0197917 0.0527778 0.0171492
2 0.785937 0.0912037 0.0135417 0.0194444 0.0199367
2 0.238802 0.140278 0.0203125 0.0435185 0.0237772
9 0.567187 0.0486111 0.009375 0.0231481 0.037388
2 0.442448 0.087037 0.0151042 0.0259259 0.0471855
2 0.292448 0.116667 0.0244792 0.0648148 0.133312
2 0.46224 0.112037 0.0130208 0.0407407 0.143433
2 0.303385 0.0699074 0.0234375 0.037963 0.143639
2 0.527865 0.0805556 0.0203125 0.0333333 0.182267
2 0.323438 0.0856481 0.0354167 0.0324074 0.22244
2 0.478906 0.110185 0.0255208 0.0444444 0.326539
2 0.628125 0.123148 0.025 0.0518519 0.407791
2 0.50625 0.104167 0.0427083 0.0657407 0.419523
7 0.50625 0.105093 0.0427083 0.0638889 0.449388
11 0.729427 0.0421296 0.0265625 0.0546296 0.71027
2 0.31849 0.122685 0.0505208 0.0694444 0.732718
2 0.275521 0.953704 0.194792 0.0907407 0.755581
10 0.203906 0.315741 0.0171875 0.0703704 0.815804
2 0.415885 0.1125 0.0307292 0.0398148 0.840706
2 0.730208 0.419907 0.122917 0.171296 0.883552
7 0.651302 0.633333 0.199479 0.342593 0.932132
