2 0.754948 0.156944 0.0109375 0.0194444 0.00100634
9 0.292969 0.0550926 0.00885417 0.0435185 0.00101312
0 0.757031 0.373611 0.0203125 0.0324074 0.00102107
2 0.545833 0.111111 0.209375 0.0851852 0.0010453
9 0.547917 0.0509259 0.0114583 0.0240741 0.00105254
2 0.321615 0.0759259 0.0317708 0.0222222 0.00122417
7 0.221094 0.0884259 0.0505208 0.0898148 0.00133166
0 0.188281 0.115278 0.00677083 0.0361111 0.00133256
7 0.982552 0.532407 0.0338542 0.218519 0.00134165
9 0.566406 0.0574074 0.0119792 0.0425926 0.00137487
9 0.114844 0.0259259 0.0151042 0.0388889 0.00137797
9 0.995052 0.531482 0.00885417 0.0388889 0.00146037
9 0.589063 0.0393519 0.0145833 0.0453704 0.00149348
9 0.109375 0.0291667 0.0135417 0.037963 0.0015076
2 0.2375 0.105093 0.01875 0.0435185 0.00152908
9 0.273177 0.0416667 0.0317708 0.0796296 0.00152961
9 0.259896 0.0532407 0.0125 0.0416667 0.00159155
13 0.984115 0.526852 0.0307292 0.194444 0.00169839
9 0.577865 0.0324074 0.0161458 0.0592593 0.00175034
9 0.263021 0.0226852 0.0166667 0.0398148 0.00177058
2 0.363281 0.0675926 0.0119792 0.0203704 0.00186478
11 0.240365 0.0328704 0.0213542 0.062037 0.00187887
7 0.295833 0.100926 0.08125 0.0888889 0.00190428
12 0.69375 0.164352 0.00729167 0.037963 0.00195723
2 0.0208333 0.141667 0.0416667 0.0574074 0.00199463
0 0.757031 0.131481 0.0109375 0.0388889 0.00201993
0 0.26276 0.101389 0.00885417 0.0564815 0.00215816
11 0.220573 0.0671296 0.0526042 0.0564815 0.00223287
0 0.757031 0.0837963 0.0130208 0.0583333 0.00225479
9 0.5 0.602778 0.0145833 0.0407407 0.00227884
2 0.652083 0.151852 0.0447917 0.0592593 0.00231565
9 0.458333 0.0652778 0.00729167 0.0305556 0.00235796
2 0.414583 0.112037 0.3 0.0851852 0.00236221
58 0.918229 0.18287 0.163542 0.362037 0.00244133
2 0.293229 0.0731481 0.0166667 0.0185185 0.00247865
58 0.96849 0.495833 0.0296875 0.0861111 0.0024907
32 0.460417 0.356944 0.0125 0.0157407 0.00257695
2 0.443229 0.109722 0.0208333 0.0305556 0.00276717
9 0.583073 0.0439815 0.0109375 0.0361111 0.00279052
2 0.771875 0.113889 0.0135417 0.0240741 0.00288323
0 0.442708 0.0893519 0.0145833 0.0305556 0.00307863
32 0.454427 0.316667 0.0078125 0.0166667 0.00317853
11 0.23724 0.0689815 0.0171875 0.0435185 0.00353152
0 0.535937 0.108796 0.0104167 0.0490741 0.00382546
0 0.715885 0.372222 0.0244792 0.0277778 0.00402973
9 0.993229 0.497222 0.0125 0.127778 0.00407898
2 0.814062 0.0773148 0.0166667 0.0175926 0.00429911
2 0.302083 0.0842593 0.0354167 0.0388889 0.00433851
1 0.0143229 0.366667 0.0286458 0.0425926 0.00435293
2 0.778125 0.109722 0.025 0.0342593 0.00468418
9 0.265365 0.0958333 0.00989583 0.0472222 0.00536436
12 0.99375 0.5 0.0114583 0.135185 0.00547025
2 0.532552 0.112037 0.0140625 0.0444444 0.00558262
9 0.270573 0.0509259 0.0192708 0.0388889 0.00560463
9 0.415885 0.0087963 0.0151042 0.0175926 0.00582286
9 0.361979 0.0699074 0.009375 0.0231481 0.00640531
9 0.253906 0.0861111 0.0140625 0.037037 0.00643745
9 0.257552 0.075463 0.0119792 0.0472222 0.00685321
2 0.470833 0.108333 0.034375 0.0481481 0.00685689
2 0.606771 0.0606481 0.0114583 0.025 0.00741965
10 0.443229 0.0888889 0.0135417 0.0296296 0.00875784
9 0.502344 0.760185 0.0119792 0.0537037 0.00906835
2 0.238542 0.143056 0.01875 0.037963 0.0091645
9 0.567187 0.0324074 0.0125 0.0555556 0.0113041
9 0.269792 0.0212963 0.01875 0.037037 0.0117036
2 0.284635 0.110648 0.0130208 0.0638889 0.0125091
1 0.0046875 0.410185 0.009375 0.0851852 0.012753
9 0.208073 0.0666667 0.0234375 0.0444444 0.0129335
9 0.26276 0.087037 0.0078125 0.0333333 0.0176118
2 0.488281 0.109259 0.0119792 0.0462963 0.0221729
2 0.271875 0.109259 0.0145833 0.0388889 0.0247258
2 0.786719 0.0898148 0.0171875 0.0240741 0.0271644
1 0.0122396 0.397685 0.0244792 0.112037 0.0290048
5 0.220052 0.0657407 0.0505208 0.0574074 0.0379843
2 0.635156 0.147685 0.0109375 0.0546296 0.0537454
0 0.635677 0.148611 0.00989583 0.0490741 0.0595827
2 0.298958 0.10787 0.0375 0.0805556 0.0884492
9 0.567187 0.0476852 0.009375 0.0231481 0.141069
2 0.465885 0.113426 0.0192708 0.037963 0.141632
2 0.479427 0.111574 0.0192708 0.0416667 0.220477
2 0.322135 0.0893519 0.0369792 0.0361111 0.243991
9 0.31901 0.0490741 0.00885417 0.0277778 0.25504
2 0.627604 0.122222 0.025 0.0518519 0.279541
2 0.507031 0.105093 0.0411458 0.062037 0.531422
2 0.31875 0.121296 0.05 0.0722222 0.674809
11 0.729427 0.0425926 0.0265625 0.0555556 0.73273
10 0.203906 0.315278 0.0161458 0.0712963 0.766098
2 0.513542 0.198148 0.0822917 0.116667 0.88863
2 0.729948 0.420833 0.122396 0.171296 0.916918
