12 0.693229 0.163426 0.00729167 0.0398148 0.00104055
13 0.984635 0.575926 0.0286458 0.0574074 0.00104109
2 0.615365 0.0958333 0.0494792 0.0824074 0.00105149
9 0.43776 0.201389 0.00989583 0.0453704 0.0010633
0 0.731771 0.371296 0.028125 0.0296296 0.00110343
2 0.264323 0.0990741 0.0109375 0.0574074 0.00124476
9 0.572917 0.0305556 0.015625 0.0574074 0.00125142
2 0.415885 0.106019 0.311979 0.0861111 0.00125982
0 0.361979 0.95 0.0354167 0.0962963 0.00131504
13 0.970052 0.56713 0.0578125 0.0787037 0.00132794
0 0.757031 0.373148 0.0192708 0.0333333 0.00136246
9 0.995052 0.526389 0.00885417 0.037963 0.00139858
2 0.661458 0.149074 0.0666667 0.0648148 0.00144223
9 0.548177 0.0523148 0.0109375 0.0212963 0.00146089
12 0.986458 0.520833 0.0260417 0.176852 0.00153228
0 0.51849 0.325926 0.0276042 0.0296296 0.00169133
0 0.755729 0.0703704 0.0125 0.0388889 0.00169561
2 0.574219 0.105093 0.271354 0.0731481 0.00170146
2 0.452344 0.10463 0.138021 0.0666667 0.00173393
2 0.291406 0.101389 0.0223958 0.0657407 0.0017917
7 0.236198 0.0648148 0.0161458 0.037037 0.00180129
2 0.3 0.118519 0.0364583 0.0611111 0.00186501
0 0.539583 0.290278 0.0125 0.0157407 0.00188528
0 0.755729 0.0925926 0.015625 0.0833333 0.00191099
0 0.558594 0.313889 0.0276042 0.0222222 0.0019542
32 0.453646 0.313426 0.00833333 0.0101852 0.00197
0 0.816667 0.233333 0.00833333 0.037037 0.00213269
2 0.530729 0.110185 0.0145833 0.0462963 0.00215428
1 0.0307292 0.175 0.0583333 0.0574074 0.00224475
7 0.209896 0.0625 0.025 0.0527778 0.0022513
2 0.217969 0.128704 0.0609375 0.0648148 0.00227791
2 0.59349 0.124074 0.0151042 0.0296296 0.0023625
2 0.772656 0.114352 0.0411458 0.0527778 0.00236623
9 0.220052 0.0888889 0.00989583 0.012963 0.00249932
9 0.990885 0.508796 0.0171875 0.152778 0.002513
0 0.715885 0.37037 0.0265625 0.0296296 0.00255858
7 0.970052 0.52963 0.0588542 0.205556 0.00262827
2 0.446875 0.111111 0.0270833 0.0296296 0.00274748
0 0.264583 0.0949074 0.0104167 0.0564815 0.00276257
7 0.986458 0.519907 0.0260417 0.184259 0.00278002
9 0.290365 0.050463 0.0109375 0.0490741 0.00280392
13 0.96224 0.552778 0.0401042 0.0462963 0.00293057
2 0.25599 0.0875 0.0223958 0.0416667 0.00294223
2 0.605729 0.0592593 0.009375 0.0277778 0.00295456
2 0.757812 0.117593 0.0145833 0.037037 0.00296074
13 0.985937 0.518981 0.0270833 0.175 0.00302606
2 0.00416667 0.408796 0.00833333 0.0842593 0.00303333
0 0.285937 0.110185 0.0145833 0.0648148 0.00308666
1 0.00859375 0.389815 0.0171875 0.118519 0.00310522
2 0.270052 0.0773148 0.0203125 0.0861111 0.00329003
2 0.627083 0.400926 0.345833 0.211111 0.00329688
7 0.214844 0.0685185 0.0661458 0.109259 0.00332229
13 0.0135417 0.394444 0.0270833 0.112963 0.00340214
9 0.583594 0.0444444 0.0109375 0.037037 0.00362028
9 0.26849 0.0263889 0.0223958 0.0490741 0.0038557
9 0.994792 0.491204 0.009375 0.125 0.00417857
7 0.626302 0.398611 0.336979 0.212037 0.00438648
9 0.502083 0.758333 0.0125 0.0537037 0.00450588
1 0.00390625 0.408333 0.0078125 0.0833333 0.00457065
12 0.994271 0.493519 0.0104167 0.127778 0.00459189
2 0.777083 0.103704 0.0260417 0.0314815 0.00492844
2 0.441927 0.0837963 0.0130208 0.025 0.00569322
0 0.517969 0.314352 0.0307292 0.025 0.0058578
2 0.2875 0.0768519 0.0166667 0.0296296 0.00616092
2 0.285677 0.123148 0.0140625 0.0537037 0.00651929
0 0.282292 0.0847222 0.00625 0.0268519 0.00697595
7 0.274219 0.0652778 0.0348958 0.128704 0.00705782
9 0.566406 0.0462963 0.00885417 0.0240741 0.00778903
5 0.220573 0.0643518 0.0484375 0.0638889 0.0102684
7 0.220052 0.0592593 0.0494792 0.0611111 0.0113769
2 0.269792 0.0481481 0.01875 0.0333333 0.0114638
2 0.238542 0.137037 0.0197917 0.0462963 0.0117038
2 0.783073 0.0888889 0.0171875 0.0203704 0.0133632
2 0.26849 0.0972222 0.0130208 0.0555556 0.0135111
2 0.290104 0.116204 0.0135417 0.0398148 0.0211286
9 0.441927 0.0842593 0.0130208 0.0259259 0.0224425
0 0.634896 0.146759 0.009375 0.0527778 0.0380919
2 0.290104 0.0717593 0.0125 0.0157407 0.0452597
2 0.46276 0.110185 0.0130208 0.0407407 0.129544
2 0.47474 0.10787 0.0317708 0.0453704 0.285327
2 0.321354 0.0842593 0.0375 0.0351852 0.429001
2 0.627083 0.119444 0.025 0.05 0.437096
7 0.505208 0.102778 0.0427083 0.062963 0.450431
2 0.505208 0.102315 0.0427083 0.0638889 0.451433
10 0.203646 0.313889 0.015625 0.0722222 0.748028
2 0.317708 0.12037 0.05 0.0666667 0.759728
11 0.728646 0.0402778 0.0270833 0.0546296 0.789673
2 0.729167 0.418056 0.123958 0.171296 0.91036
7 0.534896 0.389352 0.145833 0.215741 0.91151
