1 0.811198 0.334259 0.0171875 0.0907407 0.0010288
2 0.654167 0.137963 0.0791667 0.0851852 0.00104623
2 0.574219 0.126852 0.0536458 0.0333333 0.00107271
9 0.559635 0.0277778 0.0213542 0.05 0.00113539
7 0.990885 0.518519 0.0171875 0.17963 0.00114138
0 0.151042 0.908333 0.117708 0.17963 0.00114913
0 0.730469 0.371296 0.0265625 0.0314815 0.00118879
9 0.580208 0.0347222 0.0125 0.0583333 0.00128039
12 0.702344 0.125 0.0223958 0.0574074 0.00131088
2 0.295312 0.106019 0.0822917 0.0990741 0.00131107
11 0.240104 0.037037 0.0208333 0.0703704 0.0013185
9 0.457812 0.0652778 0.00729167 0.0287037 0.00132477
9 0.415104 0.00972222 0.0145833 0.0194444 0.00136727
0 0.108854 0.578704 0.217708 0.412963 0.00136932
0 0.756771 0.124074 0.0125 0.0407407 0.00138805
9 0.253385 0.087963 0.0140625 0.0351852 0.00145678
2 0.0046875 0.558333 0.009375 0.0388889 0.00153023
2 0.815365 0.0699074 0.0151042 0.0138889 0.00161514
9 0.277865 0.0601852 0.0411458 0.116667 0.00163669
9 0.258073 0.075 0.0119792 0.0481481 0.00166423
2 0.532031 0.111574 0.0140625 0.0435185 0.00172437
2 0.65 0.15 0.0395833 0.0592593 0.00183259
12 0.702083 0.162037 0.021875 0.0407407 0.00189051
2 0.776823 0.104167 0.0307292 0.0509259 0.00189973
2 0.40651 0.110648 0.267188 0.0805556 0.00195516
2 0.771875 0.110648 0.0135417 0.025 0.0019706
2 0.99375 0.517593 0.0114583 0.168519 0.00209644
9 0.116927 0.025463 0.0161458 0.0361111 0.00235013
2 0.363802 0.0675926 0.0109375 0.0203704 0.00237624
0 0.171875 0.526389 0.0416667 0.0842593 0.0023936
2 0.445573 0.114352 0.0234375 0.025 0.00244912
2 0.814062 0.075 0.0177083 0.0185185 0.00258156
2 0.240885 0.106944 0.0171875 0.0324074 0.00260872
2 0.569792 0.109722 0.226042 0.0675926 0.00269946
2 0.755729 0.119444 0.0135417 0.0351852 0.00270788
9 0.35599 0.0217593 0.00677083 0.0175926 0.0027314
0 0.716406 0.371296 0.0223958 0.0277778 0.00295057
13 0.96276 0.564352 0.0421875 0.0601852 0.00296412
13 0.970833 0.519907 0.0572917 0.173148 0.00303042
2 0.442708 0.087037 0.0135417 0.0259259 0.00316402
0 0.995313 0.331481 0.00833333 0.0537037 0.00327791
9 0.3625 0.0694444 0.009375 0.0222222 0.00342859
12 0.69401 0.163889 0.00677083 0.0388889 0.0034506
7 0.970573 0.522685 0.0578125 0.193519 0.0038628
11 0.60625 0.0606481 0.0104167 0.0231481 0.00404745
0 0.282552 0.0939815 0.0078125 0.0342593 0.00412436
11 0.236979 0.0694444 0.0166667 0.0462963 0.0046946
0 0.757031 0.0717593 0.0109375 0.0472222 0.00525515
7 0.220313 0.0662037 0.05 0.0712963 0.00583962
12 0.994531 0.502778 0.00989583 0.146296 0.0058641
1 0.00416667 0.419444 0.00833333 0.0611111 0.00597818
1 0.159635 0.627315 0.0192708 0.110185 0.00616429
0 0.266406 0.1 0.0109375 0.0518519 0.00648881
9 0.264062 0.0888889 0.009375 0.037037 0.00691354
9 0.502344 0.760185 0.0130208 0.0518519 0.0073076
5 0.220573 0.075 0.0505208 0.0722222 0.00770056
9 0.571615 0.0310185 0.0140625 0.0583333 0.00843233
24 0.173177 0.510648 0.0338542 0.0527778 0.00884517
1 0.0117188 0.36713 0.0234375 0.0490741 0.00928254
9 0.209115 0.0680556 0.0223958 0.0453704 0.0103985
2 0.270052 0.108796 0.0130208 0.0398148 0.0104613
9 0.442708 0.087037 0.0125 0.0259259 0.0126725
9 0.220833 0.0532407 0.0177083 0.0435185 0.013543
0 0.635156 0.148148 0.00885417 0.0518519 0.0172376
2 0.238281 0.141204 0.0182292 0.0398148 0.0191119
2 0.634896 0.14537 0.0104167 0.0537037 0.0202677
2 0.785677 0.0888889 0.0140625 0.0222222 0.0226154
1 0.0111979 0.397685 0.0223958 0.108333 0.0227723
9 0.292708 0.0671296 0.0114583 0.025 0.0230616
2 0.592448 0.126389 0.0171875 0.0212963 0.0301615
24 0.171875 0.534259 0.0416667 0.0962963 0.0335716
2 0.292448 0.112963 0.0255208 0.0648148 0.0376438
2 0.48776 0.10787 0.0140625 0.0490741 0.0457633
7 0.298177 0.106481 0.0348958 0.0777778 0.0481923
24 0.16849 0.537963 0.0276042 0.062963 0.0596744
9 0.567187 0.0476852 0.00729167 0.0231481 0.0721033
2 0.4625 0.1125 0.0135417 0.037963 0.150756
9 0.269271 0.0351852 0.021875 0.0648148 0.166902
2 0.472135 0.109722 0.0317708 0.0435185 0.291092
2 0.322396 0.0861111 0.0364583 0.0351852 0.313452
2 0.627344 0.121296 0.0255208 0.05 0.449416
1 0.169531 0.651852 0.0307292 0.138889 0.473124
2 0.505729 0.104167 0.0427083 0.062037 0.54223
2 0.31875 0.121759 0.0510417 0.0694444 0.694567
10 0.204167 0.315741 0.015625 0.0722222 0.709139
11 0.729167 0.0430556 0.0270833 0.0564815 0.798597
0 0.172135 0.585648 0.0442708 0.202778 0.822338
2 0.729948 0.42037 0.122396 0.17037 0.897761
