7 0.396875 0.111574 0.223958 0.0953704 0.00101319
2 0.00416667 0.468519 0.00833333 0.211111 0.00102393
2 0.594271 0.121296 0.015625 0.0314815 0.00104838
9 0.58151 0.0361111 0.0151042 0.0518519 0.00105925
11 0.221094 0.0648148 0.0505208 0.0537037 0.00112951
13 0.969792 0.56713 0.05625 0.0694444 0.00117674
7 0.29375 0.104167 0.090625 0.0935185 0.00121411
2 0.65599 0.136574 0.0796875 0.0824074 0.00122199
2 0.545052 0.115278 0.208854 0.0824074 0.00129206
9 0.547917 0.0527778 0.0104167 0.0240741 0.00130635
0 0.154948 0.111574 0.0119792 0.025 0.00134506
13 0.9625 0.553704 0.040625 0.0407407 0.00143869
9 0.261458 0.0481481 0.0145833 0.0481481 0.00144781
2 0.780208 0.105556 0.0322917 0.0555556 0.00145041
7 0.276563 0.0680556 0.0385417 0.130556 0.00146959
0 0.197396 0.276389 0.0229167 0.037963 0.001652
12 0.69401 0.152315 0.0078125 0.062037 0.00177285
2 0.0679687 0.294907 0.135937 0.125 0.00190325
9 0.292708 0.0555556 0.009375 0.0388889 0.00190982
9 0.361979 0.0675926 0.00833333 0.0259259 0.0019608
0 0.715885 0.373148 0.0244792 0.0259259 0.00196483
7 0.989583 0.516667 0.0197917 0.185185 0.0020399
2 0.48125 0.0921296 0.0291667 0.0416667 0.00205144
2 0.457292 0.0703704 0.0197917 0.0148148 0.00206608
12 0.701563 0.163889 0.0197917 0.0407407 0.00209932
9 0.218229 0.103241 0.00833333 0.037963 0.0022571
9 0.502344 0.758333 0.0130208 0.0555556 0.00227173
7 0.970052 0.526852 0.0588542 0.207407 0.00241121
2 0.788021 0.0837963 0.015625 0.0231481 0.00256549
9 0.263281 0.0912037 0.0078125 0.0416667 0.0031068
9 0.990885 0.517593 0.0171875 0.175926 0.00318029
0 0.266146 0.0990741 0.0104167 0.0555556 0.00319848
9 0.573177 0.0310185 0.0140625 0.0583333 0.0033428
2 0.00833333 0.387963 0.0166667 0.127778 0.00416068
2 0.269271 0.106019 0.0114583 0.0453704 0.00422143
2 0.0260417 0.281481 0.0520833 0.0333333 0.00430292
2 0.292969 0.0699074 0.0109375 0.0138889 0.00458359
12 0.702083 0.138889 0.021875 0.0888889 0.00486887
12 0.991406 0.505556 0.0161458 0.153704 0.00539609
2 0.00442708 0.356481 0.00885417 0.0833333 0.00557981
0 0.288802 0.110648 0.0192708 0.0805556 0.00573072
13 0.97526 0.518519 0.0484375 0.183333 0.00608817
13 0.992188 0.51713 0.0145833 0.175 0.00626483
2 0.238542 0.140278 0.01875 0.0453704 0.00715671
2 0.784896 0.0893519 0.0135417 0.0231481 0.00753397
11 0.236979 0.0685185 0.0166667 0.0425926 0.00902789
5 0.220833 0.0634259 0.0489583 0.0583333 0.00937966
9 0.21276 0.062963 0.0328125 0.0537037 0.0102326
7 0.220052 0.0648148 0.0505208 0.0648148 0.0116947
11 0.60599 0.0587963 0.00989583 0.0268519 0.0122247
2 0.456771 0.0828704 0.034375 0.0231481 0.0124638
2 0.0255208 0.327778 0.0510417 0.12963 0.012939
58 0.967708 0.496759 0.028125 0.0824074 0.0129582
9 0.26901 0.0365741 0.0223958 0.0675926 0.0145496
9 0.219531 0.0884259 0.00885417 0.0138889 0.01855
0 0.635156 0.147222 0.00989583 0.0537037 0.0213223
0 0.75625 0.0884259 0.0135417 0.0768519 0.025045
2 0.634896 0.146759 0.0114583 0.0583333 0.0271368
2 0.00390625 0.427315 0.0078125 0.0472222 0.0275478
9 0.567448 0.0472222 0.0078125 0.0240741 0.0307617
0 0.203646 0.284259 0.009375 0.0203704 0.0310304
7 0.298438 0.106481 0.0354167 0.0814815 0.034087
2 0.301302 0.106019 0.0380208 0.0787037 0.0470003
2 0.00416667 0.39537 0.00833333 0.111111 0.0559914
2 0.440365 0.0865741 0.0140625 0.025 0.127216
2 0.321615 0.0851852 0.0380208 0.0351852 0.286342
7 0.508854 0.104167 0.0375 0.0601852 0.394244
2 0.508594 0.103704 0.0380208 0.0611111 0.474757
2 0.627344 0.122222 0.0255208 0.0537037 0.532091
7 0.466146 0.116667 0.05625 0.0907407 0.714646
2 0.31849 0.121296 0.0505208 0.0703704 0.716823
11 0.728906 0.0430556 0.0265625 0.0546296 0.777351
2 0.12526 0.331481 0.249479 0.201852 0.898471
2 0.729688 0.419907 0.122917 0.171296 0.903421
