2 0.814062 0.0768519 0.0177083 0.0203704 0.00107552
2 0.633333 0.391667 0.383333 0.246296 0.00111586
2 0.422135 0.10787 0.311979 0.0842593 0.0011659
9 0.2625 0.0467593 0.015625 0.0435185 0.00117906
0 0.75599 0.373611 0.0213542 0.0342593 0.00119761
2 0.2375 0.140278 0.0208333 0.0416667 0.00123506
1 0.00442708 0.40787 0.00885417 0.0861111 0.00130625
32 0.46849 0.409259 0.00885417 0.0222222 0.00134758
1 0.0111979 0.364815 0.0223958 0.05 0.00136192
9 0.238542 0.0726852 0.015625 0.0490741 0.00136763
9 0.56849 0.0305556 0.0151042 0.0574074 0.00139165
9 0.21901 0.102315 0.00989583 0.0361111 0.00139207
9 0.585156 0.0421296 0.0140625 0.0398148 0.00146324
7 0.22474 0.05 0.0598958 0.0981481 0.00152176
2 0.00442708 0.412037 0.00885417 0.0777778 0.00154145
2 0.658594 0.135185 0.0744792 0.0777778 0.00157604
7 0.266927 0.0930556 0.0151042 0.0638889 0.00170778
2 0.785677 0.0824074 0.0161458 0.0240741 0.00172236
2 0.282552 0.074537 0.0244792 0.0324074 0.00175097
9 0.508073 0.75787 0.0255208 0.0583333 0.00180793
0 0.709375 0.372222 0.0208333 0.0277778 0.00191306
9 0.216146 0.0643518 0.04375 0.0583333 0.001978
2 0.561458 0.108333 0.271875 0.0703704 0.00207643
1 0.0104167 0.395833 0.0208333 0.113889 0.00208466
2 0.471875 0.107407 0.127083 0.0648148 0.00209086
0 0.532812 0.236574 0.025 0.0268519 0.00210769
12 0.692448 0.162963 0.0078125 0.0407407 0.00219788
9 0.547917 0.0523148 0.0104167 0.0231481 0.00225377
7 0.23724 0.0685185 0.0161458 0.0425926 0.00227228
13 0.99375 0.518981 0.0114583 0.173148 0.0023454
2 0.25599 0.087037 0.0203125 0.037037 0.00251429
2 0.776823 0.10463 0.0255208 0.037037 0.00266242
2 0.444792 0.10463 0.0239583 0.0407407 0.00268773
12 0.994271 0.498148 0.0104167 0.138889 0.00281439
1 0.0395833 0.167593 0.0427083 0.062963 0.00314385
0 0.929948 0.280093 0.0161458 0.0527778 0.00330834
7 0.970573 0.525926 0.0578125 0.194444 0.00332735
58 0.967969 0.494907 0.0307292 0.087963 0.00350437
7 0.144792 0.087963 0.065625 0.0833333 0.00358337
9 0.992448 0.500926 0.0140625 0.140741 0.00366957
2 0.593229 0.126389 0.015625 0.0231481 0.00367895
2 0.286458 0.0907407 0.015625 0.0462963 0.00372316
13 0.961198 0.553241 0.0390625 0.0416667 0.00475301
13 0.970052 0.551852 0.0588542 0.109259 0.0052539
2 0.441927 0.0861111 0.0151042 0.0240741 0.00526715
0 0.283854 0.0902778 0.0104167 0.037963 0.00586987
2 0.290625 0.0680556 0.0114583 0.0157407 0.00599265
13 0.984896 0.518519 0.0291667 0.177778 0.00628391
7 0.276042 0.0597222 0.0375 0.119444 0.00740288
2 0.784375 0.0898148 0.0135417 0.0185185 0.0077192
0 0.755729 0.0907407 0.0145833 0.0814815 0.00777771
5 0.21276 0.0611111 0.0338542 0.0555556 0.00851468
9 0.441667 0.0865741 0.015625 0.025 0.00867393
2 0.336979 0.0875 0.0177083 0.0287037 0.0106522
9 0.291667 0.0527778 0.00833333 0.0407407 0.010749
9 0.499479 0.602315 0.015625 0.0416667 0.0126594
9 0.566406 0.0467593 0.00885417 0.0231481 0.0127687
2 0.292708 0.111574 0.021875 0.062037 0.013926
9 0.219792 0.0898148 0.009375 0.0111111 0.0139325
2 0.60599 0.0592593 0.00989583 0.0277778 0.0146492
7 0.213281 0.0606481 0.0369792 0.0583333 0.0158288
9 0.26875 0.0347222 0.0229167 0.0657407 0.0164778
2 0.26901 0.0990741 0.0130208 0.0555556 0.0179816
0 0.285937 0.111111 0.0145833 0.0740741 0.0194825
0 0.634896 0.147685 0.009375 0.0490741 0.025551
2 0.634635 0.143056 0.0109375 0.0472222 0.0391801
9 0.502344 0.759722 0.0119792 0.0527778 0.0547307
2 0.463021 0.110185 0.0145833 0.0425926 0.16476
2 0.321354 0.0842593 0.0375 0.0351852 0.379515
2 0.472396 0.108796 0.03125 0.0435185 0.393108
2 0.626562 0.120833 0.0260417 0.0509259 0.413859
10 0.203906 0.315278 0.0161458 0.0712963 0.595157
2 0.504948 0.102778 0.0432292 0.062963 0.630213
2 0.317969 0.121296 0.0515625 0.0685185 0.709463
11 0.728906 0.0407407 0.0265625 0.0518519 0.814104
2 0.729167 0.418519 0.122917 0.172222 0.901106
7 0.509375 0.300463 0.122917 0.176852 0.910033
