9 0.589063 0.0393519 0.015625 0.062037 0.00101634
0 0.263542 0.108333 0.00833333 0.0425926 0.00103356
9 0.213021 0.0583333 0.0364583 0.0611111 0.00103849
0 0.361979 0.0814815 0.0114583 0.0277778 0.0010861
2 0.277083 0.116204 0.03125 0.0601852 0.00112092
9 0.263542 0.0856481 0.00833333 0.0342593 0.00123907
2 0.774479 0.122222 0.0208333 0.0444444 0.00124243
11 0.239583 0.0347222 0.021875 0.0638889 0.0012885
2 0.782552 0.108796 0.0390625 0.0694444 0.00141131
12 0.967188 0.502315 0.028125 0.0842593 0.00147062
2 0.524219 0.110185 0.286979 0.0722222 0.00152266
9 0.292708 0.0541667 0.00833333 0.0416667 0.00159653
46 0.483073 0.491204 0.0140625 0.0268519 0.00160298
0 0.757812 0.375 0.01875 0.0296296 0.00160938
9 0.273958 0.0430556 0.03125 0.0712963 0.00161517
2 0.654688 0.13287 0.08125 0.0731481 0.00164328
0 0.604688 0.20787 0.0208333 0.0305556 0.00165799
13 0.970573 0.528241 0.0578125 0.191667 0.00189874
9 0.547656 0.05 0.00989583 0.0259259 0.00191513
12 0.692448 0.164815 0.0078125 0.0388889 0.00196816
9 0.767969 0.0162037 0.0140625 0.0305556 0.00199654
7 0.221354 0.0689815 0.0479167 0.0527778 0.00203065
0 0.731771 0.372222 0.028125 0.0296296 0.00203657
9 0.113542 0.025463 0.0145833 0.0398148 0.002052
9 0.469531 0.411574 0.0109375 0.0268519 0.00216239
13 0.0127604 0.366667 0.0255208 0.0555556 0.00233087
2 0.363542 0.0675926 0.0114583 0.0222222 0.00237107
0 0.595573 0.20787 0.0213542 0.0324074 0.00250428
2 0.36875 0.110185 0.1625 0.0611111 0.00253125
12 0.986719 0.494907 0.0234375 0.123148 0.00257327
9 0.994271 0.505556 0.0104167 0.15 0.00280127
0 0.530208 0.111111 0.0114583 0.0425926 0.00283665
5 0.219792 0.0712963 0.0520833 0.0555556 0.00285157
0 0.633333 0.205093 0.00833333 0.0268519 0.00294442
13 0.0135417 0.39213 0.0270833 0.117593 0.00299677
2 0.471875 0.108333 0.170833 0.0537037 0.00333554
13 0.00416667 0.39537 0.00833333 0.109259 0.00371902
0 0.282552 0.0907407 0.00885417 0.0296296 0.00379721
2 0.292708 0.0689815 0.009375 0.0157407 0.00388897
2 0.605469 0.0597222 0.0109375 0.0268519 0.00391689
11 0.236979 0.0680556 0.0166667 0.0435185 0.00405358
2 0.238281 0.140741 0.0182292 0.0407407 0.00410459
0 0.626562 0.128241 0.0260417 0.0583333 0.00508896
12 0.976302 0.497222 0.0338542 0.124074 0.00517544
9 0.50026 0.602315 0.0151042 0.0398148 0.00568367
9 0.571875 0.0310185 0.015625 0.0601852 0.00581937
12 0.995052 0.494907 0.00885417 0.130556 0.00609347
0 0.708854 0.373148 0.0208333 0.0259259 0.00612559
7 0.970833 0.527778 0.0572917 0.2 0.00638868
9 0.502865 0.758333 0.0109375 0.0574074 0.00691001
2 0.270573 0.111111 0.0130208 0.0351852 0.00785443
9 0.207031 0.0694444 0.0203125 0.0407407 0.00815875
2 0.789323 0.087037 0.0182292 0.0259259 0.0100186
0 0.663281 0.184722 0.0119792 0.0527778 0.0104203
9 0.270052 0.05 0.0192708 0.0388889 0.0112466
0 0.75625 0.0916667 0.0135417 0.0777778 0.0115562
9 0.222396 0.0606481 0.0125 0.0398148 0.0119197
2 0.445833 0.116204 0.0260417 0.0231481 0.0138486
2 0.342187 0.0875 0.0125 0.0287037 0.0173922
9 0.220313 0.0888889 0.00833333 0.0148148 0.0179338
7 0.293229 0.111111 0.0291667 0.0759259 0.0207891
2 0.461719 0.1125 0.0130208 0.0361111 0.0296177
2 0.289844 0.118519 0.0213542 0.0648148 0.0615213
9 0.567448 0.0481481 0.0078125 0.0240741 0.0632535
2 0.35026 0.114815 0.0171875 0.0333333 0.0688483
0 0.442969 0.0833333 0.0151042 0.0240741 0.0778181
7 0.321875 0.0856481 0.0375 0.0342593 0.145163
2 0.322135 0.0842593 0.0369792 0.0333333 0.160654
2 0.627083 0.124074 0.0260417 0.0555556 0.192323
2 0.475781 0.109259 0.0317708 0.0444444 0.406551
2 0.50599 0.103704 0.0432292 0.062963 0.56232
2 0.317969 0.122685 0.0515625 0.0694444 0.582819
2 0.433854 0.0699074 0.0333333 0.037963 0.627229
2 0.360938 0.113889 0.0302083 0.0351852 0.754705
10 0.204167 0.315741 0.015625 0.0703704 0.76495
11 0.728906 0.0421296 0.0276042 0.0546296 0.774903
7 0.609896 0.236111 0.109375 0.164815 0.873388
2 0.730469 0.42037 0.123438 0.172222 0.91088
