0 0.757552 0.118056 0.0109375 0.0324074 0.00100821
2 0.291927 0.104167 0.0921875 0.100926 0.00102683
2 0.241927 0.106019 0.0151042 0.0361111 0.001033
2 0.794271 0.0856481 0.0354167 0.0305556 0.00106698
7 0.220052 0.0893519 0.0557292 0.132407 0.00107402
2 0.263021 0.101852 0.0104167 0.0537037 0.00113475
2 0.573698 0.121759 0.0526042 0.0361111 0.00126372
0 0.817448 0.235648 0.0078125 0.037963 0.00130447
0 0.995313 0.329167 0.00833333 0.0527778 0.00130646
0 0.75625 0.373611 0.021875 0.0342593 0.00132907
9 0.582812 0.0388889 0.0125 0.0481481 0.00138217
13 0.96875 0.565741 0.0541667 0.0648148 0.00147241
58 0.96849 0.493519 0.0307292 0.0962963 0.00148084
12 0.693229 0.164352 0.00729167 0.0398148 0.00150545
32 0.453646 0.313889 0.009375 0.0148148 0.00155832
9 0.253906 0.0861111 0.0161458 0.037037 0.00159386
13 0.0138021 0.393519 0.0276042 0.112963 0.00164811
9 0.258333 0.0773148 0.0125 0.0453704 0.00168012
2 0.644531 0.151389 0.0286458 0.0638889 0.00185685
1 0.995313 0.33287 0.00833333 0.0453704 0.00187638
9 0.275521 0.0611111 0.0375 0.118519 0.00190788
7 0.213281 0.0638889 0.0359375 0.0592593 0.00191751
2 0.21901 0.131481 0.0578125 0.0611111 0.00198469
0 0.709375 0.373611 0.0197917 0.0268519 0.00203794
2 0.363542 0.0671296 0.0114583 0.0212963 0.00206795
0 0.361979 0.0685185 0.009375 0.0240741 0.00216131
0 0.75651 0.0875 0.0130208 0.0805556 0.00218352
9 0.214062 0.0611111 0.0354167 0.0592593 0.00221388
0 0.716667 0.371759 0.0229167 0.0268519 0.002431
9 0.291146 0.0712963 0.0114583 0.0148148 0.00252441
2 0.458333 0.0675926 0.0104167 0.0259259 0.00255002
1 0.00416667 0.395833 0.00833333 0.106481 0.00262098
9 0.569792 0.0319444 0.0114583 0.0564815 0.00268547
9 0.291927 0.0541667 0.00885417 0.0453704 0.00274935
9 0.266406 0.0972222 0.00989583 0.0537037 0.00283865
2 0.00416667 0.407407 0.00833333 0.087037 0.00295786
2 0.81276 0.075463 0.0161458 0.0194444 0.00301492
9 0.263542 0.087963 0.00833333 0.037037 0.00308168
2 0.467448 0.0842593 0.0265625 0.0351852 0.0032318
2 0.77474 0.121759 0.0203125 0.0435185 0.00329916
9 0.23724 0.0675926 0.0151042 0.0425926 0.00337688
2 0.545573 0.110648 0.270312 0.0675926 0.00338133
0 0.520312 0.0638889 0.0104167 0.0277778 0.00345627
13 0.00390625 0.403704 0.0078125 0.0907407 0.00350962
0 0.283594 0.0893519 0.00885417 0.0305556 0.0035202
2 0.369792 0.109259 0.170833 0.0759259 0.00377226
13 0.99349 0.516667 0.0119792 0.174074 0.00399909
9 0.21875 0.102315 0.009375 0.037963 0.00405428
0 0.757031 0.0662037 0.00989583 0.0398148 0.00451091
2 0.470573 0.109259 0.0765625 0.0555556 0.0050829
11 0.23724 0.0671296 0.0151042 0.0398148 0.00562359
2 0.311198 0.0842593 0.0307292 0.0388889 0.00575043
0 0.285677 0.114815 0.0140625 0.0685185 0.00582722
2 0.780469 0.104167 0.0317708 0.0546296 0.00638509
2 0.269792 0.108796 0.0125 0.037963 0.00681307
2 0.289323 0.108333 0.0182292 0.0740741 0.00682876
7 0.970833 0.523611 0.0572917 0.199074 0.00870092
9 0.206771 0.0694444 0.0197917 0.0388889 0.0089582
9 0.115104 0.0231481 0.0125 0.037037 0.00944411
9 0.502604 0.759259 0.0125 0.0555556 0.00993299
13 0.970573 0.518056 0.0578125 0.180556 0.010259
11 0.60599 0.0587963 0.00989583 0.0268519 0.0107595
2 0.591406 0.125463 0.0171875 0.025 0.0132
9 0.991927 0.509259 0.0151042 0.162963 0.0142376
7 0.298698 0.105093 0.0390625 0.0805556 0.0152908
0 0.634896 0.15 0.009375 0.0537037 0.0188551
2 0.332552 0.0875 0.0265625 0.0324074 0.0202097
9 0.269271 0.037037 0.021875 0.0648148 0.0202161
2 0.444792 0.10787 0.015625 0.0287037 0.021562
2 0.634896 0.149537 0.0114583 0.0601852 0.0254069
9 0.21875 0.0893519 0.00833333 0.0175926 0.025642
2 0.299219 0.102778 0.0348958 0.0703704 0.0259
9 0.26901 0.0194444 0.0203125 0.0351852 0.0281434
9 0.222135 0.0611111 0.0140625 0.0407407 0.0324297
2 0.475 0.0694444 0.0197917 0.0222222 0.0328683
2 0.48724 0.111111 0.0140625 0.0425926 0.0399144
2 0.238542 0.140278 0.0177083 0.0416667 0.0419925
9 0.567187 0.0476852 0.00833333 0.0231481 0.0463629
2 0.786719 0.087963 0.0171875 0.0240741 0.0478053
0 0.442969 0.0888889 0.0119792 0.0314815 0.0515685
2 0.46276 0.111574 0.0140625 0.037963 0.183537
2 0.485938 0.0726852 0.0302083 0.0305556 0.195322
2 0.322135 0.087963 0.0380208 0.037037 0.289041
2 0.473437 0.110185 0.0260417 0.0407407 0.302862
2 0.626823 0.122222 0.0255208 0.0537037 0.417398
2 0.50651 0.103704 0.0411458 0.062963 0.554374
10 0.203906 0.315278 0.0161458 0.0694444 0.691492
2 0.317969 0.121296 0.0515625 0.0703704 0.747476
2 0.423177 0.106019 0.0359375 0.0490741 0.777587
11 0.728906 0.0430556 0.0265625 0.0546296 0.799424
2 0.729948 0.419907 0.122396 0.171296 0.906343
