9 0.258594 0.0810185 0.0151042 0.0546296 0.00103773
12 0.702083 0.132407 0.0229167 0.0722222 0.00104
0 0.5125 0.172222 0.482292 0.211111 0.00105528
12 0.9875 0.519444 0.0239583 0.177778 0.00112329
0 0.151302 0.517593 0.0203125 0.0425926 0.00112373
0 0.518229 0.297685 0.542708 0.510185 0.00113305
2 0.640625 0.152315 0.01875 0.0638889 0.0011749
2 0.448698 0.112037 0.0307292 0.0351852 0.00117682
2 0.79375 0.099537 0.0572917 0.062037 0.00121635
2 0.989062 0.527315 0.0208333 0.180556 0.00123698
9 0.293229 0.0546296 0.00833333 0.0351852 0.00128838
2 0.0578125 0.0675926 0.0395833 0.0277778 0.00129959
9 0.548177 0.0583333 0.0109375 0.0240741 0.00130742
12 0.995313 0.528704 0.00833333 0.037037 0.00142303
2 0.0223958 0.146759 0.0447917 0.0694444 0.00150738
13 0.986458 0.521759 0.0260417 0.182407 0.00156735
1 0.0536458 0.934259 0.0239583 0.112963 0.00156866
0 0.716927 0.371296 0.0234375 0.0296296 0.00162385
1 0.810156 0.333796 0.0192708 0.0861111 0.00162439
9 0.571354 0.0310185 0.0135417 0.0564815 0.00162659
12 0.701823 0.163889 0.0234375 0.037037 0.00165823
32 0.454427 0.315741 0.0078125 0.0166667 0.00172101
2 0.656771 0.1375 0.0791667 0.0861111 0.00188061
11 0.240104 0.0328704 0.021875 0.0638889 0.00205717
11 0.2375 0.0685185 0.0166667 0.0444444 0.00221615
1 0.0125 0.369444 0.025 0.0518519 0.00223062
2 0.300521 0.10787 0.08125 0.0916667 0.00225551
2 0.771094 0.1125 0.0140625 0.0342593 0.00225596
10 0.196615 0.312037 0.0307292 0.0833333 0.00225793
9 0.584896 0.0439815 0.0125 0.037963 0.00230007
9 0.502865 0.758796 0.0119792 0.0564815 0.00230553
9 0.290365 0.0259259 0.0109375 0.0351852 0.00232843
2 0.711979 0.452778 0.423958 0.212963 0.00253014
1 0.0440104 0.151389 0.0859375 0.087963 0.00260476
2 0.404948 0.111111 0.272396 0.0833333 0.00270524
2 0.554688 0.109722 0.285417 0.0731481 0.00271831
2 0.201042 0.243056 0.0177083 0.0138889 0.00272299
9 0.263021 0.0893519 0.00833333 0.0398148 0.00272698
2 0.96224 0.55463 0.0411458 0.0407407 0.00283521
12 0.692969 0.164352 0.0078125 0.0398148 0.00327816
0 0.266667 0.0986111 0.0104167 0.0564815 0.00367136
2 0.467187 0.109722 0.0885417 0.0657407 0.00372323
7 0.970312 0.525 0.0583333 0.194444 0.00389299
7 0.989583 0.519907 0.0197917 0.186111 0.00392418
0 0.00729167 0.90787 0.0145833 0.108333 0.00394092
0 0.263281 0.103704 0.00885417 0.0518519 0.00477246
1 0.00911458 0.398611 0.0182292 0.108333 0.00557063
0 0.756771 0.0939815 0.015625 0.0842593 0.00579171
9 0.415885 0.0138889 0.0171875 0.0277778 0.00713539
0 0.615885 0.457407 0.0286458 0.037037 0.00716022
2 0.780208 0.103241 0.03125 0.0509259 0.0078505
2 0.442969 0.087037 0.0151042 0.0259259 0.0084982
11 0.60625 0.0606481 0.009375 0.025 0.008576
12 0.994271 0.506481 0.0104167 0.153704 0.00872475
2 0.271094 0.109259 0.0130208 0.0407407 0.00885021
2 0.593229 0.126389 0.0177083 0.025 0.0104086
9 0.208594 0.0657407 0.0255208 0.0481481 0.0116054
1 0.00390625 0.411574 0.0078125 0.0805556 0.0118654
1 0.00885417 0.935185 0.0135417 0.0462963 0.0120817
10 0.442448 0.0875 0.0140625 0.0268519 0.0132286
0 0.757812 0.0740741 0.0114583 0.0462963 0.014215
7 0.220313 0.0662037 0.05 0.0675926 0.0143683
0 0.635417 0.147222 0.009375 0.05 0.0160972
2 0.238542 0.141667 0.01875 0.0407407 0.0171999
2 0.635417 0.144444 0.0104167 0.05 0.0218923
5 0.220313 0.0671296 0.05 0.062037 0.0223717
2 0.4875 0.10787 0.0135417 0.0490741 0.0312606
1 0.00885417 0.956481 0.015625 0.0851852 0.0318201
9 0.567448 0.0472222 0.00885417 0.0222222 0.0344335
2 0.363542 0.0680556 0.0114583 0.0212963 0.0347859
9 0.269271 0.0356481 0.021875 0.0657407 0.0357565
2 0.814583 0.0773148 0.01875 0.0231481 0.0425456
2 0.785937 0.0902778 0.015625 0.0231481 0.0509557
2 0.461979 0.114352 0.0135417 0.0361111 0.0680117
2 0.298698 0.106481 0.0359375 0.0777778 0.0932078
7 0.298438 0.106481 0.0375 0.0777778 0.144843
2 0.467969 0.111574 0.0234375 0.0416667 0.205939
2 0.480469 0.109259 0.0203125 0.0444444 0.215441
24 0.0367187 0.848148 0.0328125 0.0888889 0.292958
2 0.322917 0.0865741 0.0364583 0.0361111 0.326545
2 0.389583 0.0634259 0.0197917 0.025 0.366046
2 0.627604 0.121296 0.025 0.0518519 0.373197
1 0.0338542 0.95787 0.0510417 0.0842593 0.562319
2 0.407552 0.0643518 0.0244792 0.025 0.614617
2 0.50625 0.104167 0.0427083 0.062037 0.63976
2 0.31849 0.122222 0.0494792 0.0685185 0.727135
10 0.203906 0.315278 0.0161458 0.0731481 0.730356
11 0.729167 0.0430556 0.0270833 0.0564815 0.808103
0 0.0380208 0.891667 0.0583333 0.214815 0.85583
2 0.729948 0.42037 0.122396 0.17037 0.900971
2 0.585417 0.501389 0.130208 0.176852 0.925805
