9 0.588802 0.0412037 0.0151042 0.0398148 0.00102329
2 0.771875 0.110185 0.0145833 0.0240741 0.00103906
2 0.868229 0.108333 0.040625 0.0518519 0.00104104
2 0.0119792 0.398611 0.0239583 0.108333 0.00105606
9 0.292969 0.0550926 0.00989583 0.0361111 0.00107554
2 0.65599 0.139352 0.0807292 0.0824074 0.00109368
2 0.903125 0.142593 0.0510417 0.0833333 0.00112434
2 0.757292 0.117593 0.0145833 0.0388889 0.00115559
13 0.96901 0.549074 0.0536458 0.0703704 0.00118618
0 0.816927 0.233333 0.00885417 0.0444444 0.00118739
2 0.651563 0.150926 0.0458333 0.0611111 0.0012053
13 0.952604 0.420833 0.09375 0.139815 0.00127408
7 0.983333 0.518519 0.0322917 0.181481 0.00128276
2 0.994271 0.518981 0.0104167 0.165741 0.00130991
2 0.238021 0.108796 0.0177083 0.0435185 0.00143086
2 0.254948 0.0875 0.0203125 0.0361111 0.00151931
1 0.00494792 0.3875 0.00989583 0.123148 0.00157227
2 0.509375 0.116204 0.28125 0.0842593 0.00158006
12 0.702083 0.132407 0.0229167 0.0722222 0.00160282
9 0.361979 0.0671296 0.009375 0.0287037 0.00166468
2 0.817187 0.23287 0.009375 0.0435185 0.00167788
9 0.263542 0.0416667 0.01875 0.0555556 0.00179443
2 0.801562 0.0842593 0.01875 0.0240741 0.00185861
5 0.236979 0.0694444 0.0166667 0.0462963 0.00190201
13 0.972135 0.519444 0.0546875 0.174074 0.0019464
13 0.00442708 0.393981 0.00885417 0.113889 0.00196436
2 0.00416667 0.408333 0.00833333 0.0833333 0.00213945
9 0.274479 0.0398148 0.0322917 0.0740741 0.00214093
12 0.701563 0.161111 0.0229167 0.0407407 0.00215787
0 0.717969 0.370833 0.0255208 0.0287037 0.00221783
2 0.778906 0.101852 0.0296875 0.0444444 0.00227767
2 0.886458 0.125463 0.0791667 0.087963 0.00233778
9 0.49974 0.603241 0.0140625 0.037963 0.00235959
7 0.295052 0.1 0.0786458 0.0944444 0.00240269
9 0.584115 0.0444444 0.0130208 0.037037 0.00248488
13 0.0132813 0.393519 0.0265625 0.114815 0.00249953
11 0.60651 0.0611111 0.00989583 0.0259259 0.00254766
9 0.263542 0.0902778 0.00833333 0.0398148 0.00273412
10 0.195573 0.29537 0.0338542 0.114815 0.00289309
2 0.816146 0.0689815 0.0135417 0.012037 0.00306329
2 0.810417 0.0712963 0.01875 0.0166667 0.00306684
58 0.96849 0.496759 0.0296875 0.0861111 0.00419385
12 0.994271 0.494907 0.0104167 0.128704 0.00457874
12 0.692187 0.165741 0.00833333 0.0388889 0.00483983
2 0.592448 0.125926 0.0171875 0.0240741 0.00519544
2 0.402083 0.111574 0.211458 0.0712963 0.00559357
0 0.758333 0.0708333 0.0104167 0.0398148 0.00580758
0 0.265885 0.0990741 0.0109375 0.0537037 0.00624406
9 0.269531 0.0462963 0.0203125 0.0425926 0.00796027
9 0.573438 0.0305556 0.0145833 0.0592593 0.0081669
9 0.502604 0.760185 0.0125 0.0555556 0.00826412
2 0.813281 0.075 0.0182292 0.0148148 0.00997203
0 0.995573 0.32963 0.0078125 0.0611111 0.0101411
2 0.531771 0.111574 0.0135417 0.0416667 0.0106576
2 0.442187 0.0921296 0.0177083 0.0324074 0.0129876
2 0.238281 0.140741 0.0182292 0.0407407 0.0138226
9 0.26901 0.0240741 0.0203125 0.0425926 0.0138439
2 0.271094 0.109259 0.0140625 0.0407407 0.0149948
2 0.785417 0.0898148 0.0145833 0.0222222 0.0227472
2 0.634635 0.14537 0.0109375 0.0537037 0.0370576
9 0.567187 0.0481481 0.00833333 0.0240741 0.0458514
7 0.220052 0.0662037 0.0505208 0.0694444 0.0545571
5 0.220313 0.0666667 0.05 0.0648148 0.0644249
2 0.298698 0.107407 0.0390625 0.0833333 0.142293
7 0.298177 0.106944 0.0401042 0.0824074 0.1481
2 0.322135 0.0847222 0.0380208 0.0342593 0.235991
2 0.48099 0.109259 0.0182292 0.0462963 0.269897
2 0.627083 0.121296 0.0260417 0.0518519 0.437146
2 0.505729 0.104167 0.0427083 0.062037 0.547334
2 0.317969 0.120833 0.0515625 0.0712963 0.647206
2 0.455208 0.106019 0.0427083 0.0527778 0.778426
10 0.203906 0.315741 0.0161458 0.0722222 0.802844
11 0.728906 0.0435185 0.0265625 0.0574074 0.815981
2 0.729948 0.419444 0.122396 0.17037 0.907553
