2 0.00572917 0.0907407 0.0114583 0.0518519 0.00102666
0 0.186979 0.113426 0.00729167 0.0435185 0.00103227
2 0.55 0.42037 0.584375 0.183333 0.00103414
7 0.275781 0.05 0.0380208 0.0962963 0.00106736
2 0.26849 0.0791667 0.0171875 0.0601852 0.00109669
2 0.771875 0.109722 0.015625 0.025 0.00110711
7 0.986198 0.517593 0.0265625 0.183333 0.00111879
9 0.559896 0.0291667 0.0197917 0.0490741 0.00113643
9 0.27474 0.0476852 0.0359375 0.0935185 0.00114482
11 0.240104 0.0365741 0.021875 0.0694444 0.00114491
32 0.454167 0.315278 0.00833333 0.0138889 0.00120243
7 0.235938 0.0694444 0.01875 0.0481481 0.00125232
9 0.348437 0.024537 0.0135417 0.0361111 0.001255
1 0.00442708 0.458796 0.00885417 0.223148 0.00127468
12 0.702344 0.164815 0.0203125 0.0388889 0.00127678
13 0.970833 0.517593 0.0572917 0.172222 0.00130983
10 0.176302 0.281481 0.0151042 0.0425926 0.00131529
9 0.49974 0.602315 0.0140625 0.0398148 0.00131806
2 0.813021 0.0763889 0.01875 0.0175926 0.00134734
0 0.709375 0.373148 0.01875 0.0277778 0.00138483
2 0.416927 0.110648 0.299479 0.0824074 0.00141138
7 0.993229 0.516667 0.0125 0.17037 0.00144636
1 0.221354 0.342593 0.0479167 0.122222 0.00149193
2 0.755729 0.116204 0.0166667 0.0324074 0.00152587
2 0.238281 0.143056 0.0192708 0.037963 0.00153124
9 0.548177 0.0587963 0.0109375 0.025 0.00154938
2 0.363542 0.0675926 0.0114583 0.0222222 0.00163955
2 0.65651 0.137963 0.0734375 0.0796296 0.00171364
0 0.717188 0.371759 0.021875 0.0268519 0.00181817
12 0.692187 0.164815 0.009375 0.0407407 0.00185139
13 0.961458 0.55463 0.0385417 0.0444444 0.00186448
9 0.26901 0.05 0.0192708 0.037037 0.00205954
2 0.442969 0.103241 0.0182292 0.0472222 0.00210231
10 0.198177 0.314815 0.0348958 0.0759259 0.00211012
58 0.96849 0.495833 0.0296875 0.0842593 0.00219175
0 0.263281 0.0925926 0.0078125 0.05 0.00228273
9 0.3625 0.0481481 0.0104167 0.0388889 0.00240623
2 0.572135 0.110185 0.223438 0.0685185 0.00245553
0 0.442448 0.0888889 0.0130208 0.0314815 0.00245637
2 0.481771 0.110185 0.0697917 0.062963 0.00251765
7 0.221615 0.0546296 0.0557292 0.0944444 0.0026318
2 0.782812 0.100463 0.0385417 0.0490741 0.00314345
9 0.502344 0.760185 0.0130208 0.0537037 0.00338071
2 0.60599 0.0601852 0.00989583 0.0222222 0.00351048
9 0.569271 0.0319444 0.0125 0.0583333 0.00360439
1 0.223177 0.320833 0.0151042 0.112037 0.00362107
2 0.651563 0.148148 0.04375 0.0611111 0.0036315
11 0.236719 0.0675926 0.0171875 0.0425926 0.00370161
2 0.288542 0.0768519 0.01875 0.0314815 0.0037163
2 0.593229 0.125 0.0166667 0.0259259 0.0040216
2 0.286719 0.114352 0.0151042 0.0694444 0.00551545
9 0.458333 0.0657407 0.00729167 0.0296296 0.0060019
12 0.994271 0.502315 0.0104167 0.14537 0.00604945
7 0.211979 0.0662037 0.034375 0.0564815 0.006251
9 0.3625 0.0685185 0.009375 0.0259259 0.00632227
9 0.207031 0.0689815 0.0223958 0.0453704 0.00632974
0 0.283854 0.0888889 0.009375 0.0333333 0.0065911
9 0.440104 0.210185 0.0125 0.0555556 0.00666531
2 0.270052 0.108333 0.0130208 0.0407407 0.00700659
2 0.292969 0.0703704 0.0109375 0.0185185 0.00730978
9 0.269271 0.0194444 0.0197917 0.0351852 0.0077302
9 0.29349 0.0564815 0.00885417 0.0425926 0.00832651
2 0.311979 0.0805556 0.0229167 0.0314815 0.00846234
0 0.634896 0.146759 0.009375 0.0546296 0.0100506
1 0.00755208 0.370833 0.0151042 0.0694444 0.0124815
2 0.469531 0.10787 0.0307292 0.0472222 0.0126611
0 0.757031 0.075 0.0119792 0.0462963 0.0139788
1 0.00416667 0.411574 0.00833333 0.0787037 0.0141409
2 0.789583 0.087963 0.0197917 0.0240741 0.0144271
2 0.3 0.105556 0.040625 0.0777778 0.0150354
1 0.228125 0.342593 0.0260417 0.0944444 0.0177553
1 0.0101562 0.396296 0.0203125 0.111111 0.0221979
0 0.285156 0.110185 0.0140625 0.0777778 0.0258838
9 0.442708 0.087963 0.0125 0.0277778 0.0283389
2 0.634635 0.140741 0.0109375 0.0462963 0.0294253
9 0.567187 0.0481481 0.00833333 0.0240741 0.0445351
2 0.489844 0.106944 0.0161458 0.0509259 0.0544496
2 0.464844 0.113426 0.0171875 0.0361111 0.140387
2 0.479688 0.109722 0.0197917 0.0435185 0.27578
2 0.322135 0.0847222 0.0369792 0.0342593 0.369899
2 0.626823 0.121296 0.0255208 0.0555556 0.441996
1 0.235417 0.356019 0.025 0.100926 0.538791
2 0.50599 0.103704 0.0432292 0.062963 0.606778
2 0.318229 0.121296 0.0510417 0.0703704 0.768111
0 0.234635 0.313889 0.0307292 0.137037 0.788012
11 0.728906 0.0430556 0.0276042 0.0546296 0.812987
10 0.204688 0.314815 0.0166667 0.0703704 0.861501
2 0.729427 0.418981 0.122396 0.171296 0.902784
