9 0.565885 0.0430556 0.0109375 0.0398148 0.00109691
58 0.915365 0.253241 0.169271 0.502778 0.00111589
2 0.630729 0.5375 0.735417 0.356481 0.0011169
0 0.523698 0.310185 0.601562 0.598148 0.00114768
0 0.259896 0.099537 0.0166667 0.0787037 0.00120134
2 0.566667 0.104167 0.219792 0.0694444 0.00120307
12 0.702604 0.137963 0.0239583 0.0814815 0.0012992
0 0.672135 0.54213 0.0276042 0.0361111 0.0013021
1 0.00390625 0.405093 0.0078125 0.0972222 0.00131515
9 0.258854 0.0717593 0.0114583 0.0453704 0.00137049
2 0.0177083 0.131019 0.034375 0.0305556 0.00138412
9 0.482031 0.490741 0.0161458 0.0259259 0.00139817
2 0.796094 0.0592593 0.0390625 0.0518519 0.00143858
2 0.653906 0.153241 0.0473958 0.0638889 0.00147081
9 0.990104 0.509259 0.01875 0.17963 0.00147682
2 0.295052 0.0537037 0.0109375 0.0351852 0.0014853
2 0.641667 0.124074 0.053125 0.0574074 0.00160239
9 0.56901 0.0314815 0.0161458 0.0592593 0.00164534
2 0.277344 0.0481481 0.0317708 0.0407407 0.00166123
2 0.591927 0.131944 0.0182292 0.0212963 0.00169972
2 0.299219 0.1 0.102604 0.0944444 0.00171382
2 0.402344 0.102778 0.251563 0.0833333 0.00182176
7 0.795833 0.062037 0.0385417 0.0555556 0.00184799
9 0.266406 0.0587963 0.0130208 0.0305556 0.00189899
9 0.4375 0.197685 0.0104167 0.0342593 0.00195182
2 0.797917 0.0875 0.05 0.0435185 0.00202181
2 0.286198 0.0777778 0.0265625 0.0425926 0.00206933
2 0.655208 0.138426 0.0802083 0.0861111 0.00224585
7 0.278646 0.0398148 0.0416667 0.0740741 0.00231207
1 0.809115 0.331944 0.0223958 0.0916667 0.00243195
32 0.454427 0.315741 0.0078125 0.012963 0.00248838
9 0.269792 0.0217593 0.0208333 0.0398148 0.00255987
2 0.282031 0.0916667 0.00677083 0.0259259 0.0026997
9 0.500521 0.603241 0.015625 0.0416667 0.00277324
7 0.314844 0.0537037 0.0213542 0.0296296 0.00287944
9 0.470052 0.414352 0.00989583 0.0268519 0.00295465
2 0.786979 0.105093 0.0447917 0.0638889 0.00303835
7 0.341146 0.0541667 0.0364583 0.0472222 0.00327933
0 0.263281 0.104167 0.00885417 0.0527778 0.00346637
0 0.621094 0.546296 0.0265625 0.0407407 0.00356083
7 0.971094 0.52963 0.0567708 0.198148 0.00391118
2 0.266146 0.0990741 0.0125 0.0592593 0.00404008
2 0.77526 0.115278 0.0203125 0.0324074 0.00413351
9 0.995313 0.534722 0.00833333 0.0509259 0.00423624
2 0.286719 0.107407 0.0151042 0.0666667 0.00427621
9 0.965625 0.504167 0.0229167 0.0694444 0.00429069
5 0.214844 0.0569444 0.0307292 0.0509259 0.00461601
0 0.733594 0.370833 0.0296875 0.0305556 0.00467896
0 0.75651 0.375 0.0192708 0.0296296 0.00504645
2 0.813281 0.074537 0.0203125 0.0194444 0.00519799
2 0.270052 0.0513889 0.0182292 0.0324074 0.0063567
2 0.479688 0.102778 0.0427083 0.0574074 0.00644638
2 0.790885 0.0898148 0.0182292 0.0185185 0.00644969
11 0.24375 0.0375 0.028125 0.0731481 0.00659138
2 0.269271 0.110185 0.0114583 0.0388889 0.00778478
7 0.475521 0.0981481 0.040625 0.0685185 0.00813035
2 0.785417 0.0921296 0.015625 0.0194444 0.00926265
0 0.757552 0.0916667 0.0130208 0.0777778 0.00952192
2 0.364062 0.0680556 0.0114583 0.0212963 0.0100531
0 0.635417 0.148148 0.0104167 0.0481481 0.0105075
9 0.595573 0.0412037 0.00885417 0.0287037 0.0109202
9 0.994531 0.499537 0.00989583 0.136111 0.0117949
2 0.303125 0.0819444 0.025 0.0398148 0.0133167
0 0.7125 0.371296 0.0208333 0.0259259 0.0135962
9 0.567969 0.0490741 0.00885417 0.0240741 0.0158303
9 0.977604 0.5 0.0427083 0.131481 0.0186414
2 0.296354 0.0717593 0.0177083 0.0175926 0.0239813
9 0.502865 0.760185 0.0119792 0.0555556 0.0244221
11 0.60651 0.0611111 0.00989583 0.0259259 0.0253181
7 0.21875 0.0657407 0.0552083 0.0592593 0.028641
2 0.486979 0.110648 0.015625 0.0453704 0.0362803
2 0.317708 0.0560185 0.0208333 0.0287037 0.0368258
2 0.463021 0.113426 0.015625 0.037963 0.0421518
0 0.442969 0.1 0.0161458 0.0481481 0.0524063
5 0.21875 0.0652778 0.0552083 0.0546296 0.0633418
2 0.330729 0.0648148 0.0375 0.0388889 0.070519
2 0.479167 0.075 0.0208333 0.0259259 0.0765282
2 0.297135 0.104167 0.0286458 0.075 0.077238
2 0.494271 0.0662037 0.021875 0.025 0.103718
2 0.322656 0.0625 0.0317708 0.025 0.116711
2 0.471615 0.1125 0.0307292 0.0398148 0.261817
2 0.341667 0.0587963 0.0333333 0.0398148 0.287586
7 0.50651 0.105093 0.0421875 0.062037 0.312804
2 0.628385 0.122222 0.0244792 0.0518519 0.324765
2 0.323438 0.0884259 0.0364583 0.0416667 0.419938
2 0.50651 0.105556 0.0421875 0.0611111 0.450052
11 0.729948 0.0435185 0.0265625 0.0574074 0.722978
2 0.319271 0.122222 0.0489583 0.0685185 0.818534
10 0.203906 0.316667 0.0171875 0.0685185 0.847452
2 0.730469 0.418056 0.122396 0.173148 0.919037
2 0.638802 0.602315 0.150521 0.221296 0.925385
