9 0.253125 0.0847222 0.0145833 0.0342593 0.00102364
2 0.655469 0.140278 0.0828125 0.0824074 0.00106589
9 0.258854 0.0773148 0.0135417 0.0472222 0.00107173
2 0.21875 0.134259 0.0583333 0.0555556 0.00108117
0 0.607813 0.642593 0.075 0.0518519 0.00111975
13 0.970573 0.513426 0.0567708 0.156481 0.00113522
13 0.986979 0.519444 0.025 0.17963 0.00117709
9 0.995313 0.526852 0.00833333 0.0425926 0.00117741
58 0.96875 0.491204 0.03125 0.0972222 0.0012129
2 0.647917 0.145833 0.0354167 0.0601852 0.00125237
9 0.275781 0.0388889 0.0359375 0.0740741 0.00130003
2 0.0109375 0.368056 0.021875 0.0453704 0.00131373
2 0.00520833 0.0921296 0.0104167 0.0472222 0.00133609
9 0.23724 0.0703704 0.0151042 0.0444444 0.00136101
12 0.994271 0.519444 0.0104167 0.168519 0.00145614
2 0.415104 0.109722 0.295833 0.0824074 0.00146419
7 0.970833 0.522222 0.0572917 0.192593 0.00149908
2 0.5375 0.111574 0.009375 0.0453704 0.00153677
7 0.222135 0.0564815 0.0526042 0.0981481 0.00165604
0 0.995833 0.324074 0.00729167 0.062963 0.0016699
2 0.779688 0.101389 0.0302083 0.0472222 0.00175911
0 0.636458 0.644444 0.0416667 0.0518519 0.00195184
2 0.531771 0.1125 0.0135417 0.0435185 0.00203108
2 0.564844 0.110648 0.239063 0.0712963 0.0020576
2 0.474219 0.110185 0.0765625 0.062963 0.00206964
9 0.572917 0.0310185 0.0145833 0.0583333 0.00212671
0 0.36276 0.0652778 0.00989583 0.0305556 0.00217525
7 0.992708 0.517593 0.0135417 0.17037 0.00220435
2 0.59349 0.125463 0.0171875 0.0231481 0.00231585
2 0.363281 0.0666667 0.0119792 0.0240741 0.0023327
0 0.715104 0.371759 0.025 0.0268519 0.00247417
12 0.701823 0.138426 0.0244792 0.087963 0.0025029
2 0.00520833 0.371759 0.0104167 0.0675926 0.00275215
2 0.267708 0.099537 0.0114583 0.0564815 0.00286644
2 0.00885417 0.397685 0.0177083 0.112037 0.00295792
2 0.444531 0.108796 0.0223958 0.0324074 0.00306317
9 0.458333 0.0666667 0.00729167 0.0259259 0.00348966
12 0.691667 0.164815 0.009375 0.0407407 0.00362941
9 0.99401 0.49537 0.0109375 0.12963 0.00392944
0 0.757031 0.0875 0.0130208 0.0787037 0.0039523
9 0.502865 0.759259 0.0109375 0.0555556 0.00413651
1 0.810938 0.329167 0.01875 0.0972222 0.00441462
2 0.301823 0.0814815 0.0255208 0.0333333 0.00474595
5 0.218229 0.0643518 0.0416667 0.0601852 0.00480098
0 0.580469 0.641204 0.0401042 0.0509259 0.00512256
9 0.213802 0.0611111 0.0328125 0.0574074 0.00518734
11 0.60625 0.0597222 0.0104167 0.025 0.00564403
9 0.269531 0.0412037 0.0203125 0.0527778 0.00582671
7 0.213542 0.0638889 0.034375 0.0611111 0.00613602
2 0.442708 0.0865741 0.0135417 0.025 0.00627615
2 0.270833 0.109259 0.0135417 0.0407407 0.00693736
2 0.238802 0.140741 0.0182292 0.0425926 0.00755308
9 0.269271 0.0222222 0.0197917 0.0333333 0.00790015
2 0.634896 0.136574 0.0114583 0.0527778 0.00870449
2 0.00416667 0.401852 0.00833333 0.0981481 0.00917018
9 0.442969 0.0865741 0.0130208 0.025 0.00981832
11 0.23724 0.0689815 0.0161458 0.0435185 0.0104758
2 0.470573 0.108333 0.0328125 0.0462963 0.013988
2 0.284635 0.111111 0.0192708 0.05 0.0163465
2 0.786458 0.0893519 0.0177083 0.025 0.0169859
9 0.220573 0.0893519 0.00989583 0.0175926 0.0230503
9 0.567448 0.0476852 0.0078125 0.0231481 0.0246669
2 0.296354 0.0953704 0.0239583 0.0462963 0.0464363
2 0.29401 0.110648 0.0203125 0.0472222 0.047975
2 0.465365 0.111574 0.0171875 0.0398148 0.195128
2 0.323177 0.0865741 0.0369792 0.0361111 0.256508
2 0.480469 0.110185 0.0203125 0.0425926 0.258074
2 0.50625 0.104167 0.0416667 0.0638889 0.434474
7 0.50625 0.104167 0.0427083 0.0638889 0.45144
2 0.627344 0.122685 0.0255208 0.0527778 0.49679
11 0.729167 0.0435185 0.0260417 0.0574074 0.723682
2 0.31849 0.122222 0.0515625 0.0685185 0.755912
10 0.204167 0.315741 0.015625 0.0703704 0.764262
2 0.730208 0.418981 0.121875 0.173148 0.897209
2 0.60599 0.698611 0.176563 0.249074 0.923124
