9 0.977604 0.499537 0.04375 0.132407 0.00102244
9 0.76875 0.0462963 0.021875 0.0907407 0.00102916
7 0.147917 0.0902778 0.065625 0.0805556 0.00106098
9 0.236198 0.0625 0.0171875 0.0342593 0.00107352
2 0.0283854 0.352778 0.0432292 0.0185185 0.00111249
2 0.971615 0.510648 0.0546875 0.156481 0.00115713
0 0.757031 0.374537 0.0192708 0.0324074 0.00122276
58 0.945573 0.181019 0.108854 0.358333 0.00122583
0 0.445312 0.6625 0.74375 0.639815 0.00124335
0 0.540625 0.289815 0.536458 0.455556 0.00126142
9 0.258333 0.0717593 0.0114583 0.0472222 0.00135595
9 0.252604 0.0898148 0.0125 0.0314815 0.00143979
0 0.730729 0.372685 0.0239583 0.0287037 0.00144503
2 0.678385 0.113889 0.127604 0.0759259 0.00144717
2 0.655729 0.135648 0.0833333 0.0805556 0.00149966
0 0.263281 0.102778 0.00885417 0.0518519 0.00155802
9 0.502344 0.760185 0.0130208 0.0537037 0.0015751
2 0.573698 0.431019 0.619271 0.186111 0.00160693
0 0.390104 0.210185 0.01875 0.0333333 0.00160864
7 0.789323 0.062963 0.0265625 0.0592593 0.0016177
9 0.995573 0.527315 0.0078125 0.037963 0.00164145
2 0.00442708 0.45787 0.00885417 0.213889 0.00164628
0 0.45625 0.436111 0.873958 0.387037 0.00172537
2 0.363542 0.0675926 0.0114583 0.0203704 0.00176625
2 0.302083 0.107407 0.0854167 0.0925926 0.00182953
2 0.779948 0.101852 0.0307292 0.0462963 0.00184558
0 0.00755208 0.360648 0.0151042 0.0712963 0.00186309
2 0.994792 0.521296 0.009375 0.168519 0.00190051
1 0.810677 0.33287 0.0182292 0.0935185 0.00192088
11 0.23724 0.0648148 0.0161458 0.037037 0.00196601
11 0.240365 0.0342593 0.0213542 0.0648148 0.00197697
2 0.434635 0.108796 0.327604 0.0824074 0.00208214
9 0.567187 0.0319444 0.0125 0.0564815 0.00217339
0 0.713802 0.371296 0.0213542 0.0277778 0.00235674
58 0.96875 0.49537 0.03125 0.087037 0.00237335
2 0.817969 0.235185 0.00885417 0.0425926 0.0024386
7 0.99401 0.519444 0.0109375 0.168519 0.00250989
0 0.36224 0.0699074 0.00885417 0.025 0.00259663
2 0.0242187 0.394444 0.0484375 0.116667 0.00259893
9 0.817708 0.235648 0.00833333 0.0416667 0.00260991
2 0.0255208 0.361574 0.05 0.0453704 0.00279505
0 0.758073 0.121759 0.0130208 0.0324074 0.00282515
2 0.64974 0.152778 0.0390625 0.0592593 0.00307288
2 0.592188 0.127778 0.0177083 0.0222222 0.0031438
2 0.583073 0.109722 0.348437 0.0694444 0.00314939
9 0.213802 0.0680556 0.0348958 0.0509259 0.00315207
9 0.292969 0.0546296 0.00989583 0.0444444 0.00317163
2 0.442448 0.0884259 0.0140625 0.0305556 0.0033004
12 0.700781 0.163426 0.0192708 0.0416667 0.00348338
2 0.465625 0.108796 0.123958 0.0638889 0.0034958
0 0.369531 0.418056 0.0703125 0.0583333 0.00407987
2 0.238542 0.141204 0.01875 0.0416667 0.00421126
3 0.0234375 0.39537 0.046875 0.112963 0.00468693
0 0.442708 0.0972222 0.0177083 0.0481481 0.00532377
9 0.220052 0.0884259 0.00989583 0.0138889 0.00537919
9 0.266146 0.0981481 0.0104167 0.0518519 0.00551989
2 0.270052 0.108796 0.0130208 0.0398148 0.00564989
9 0.263802 0.087963 0.00885417 0.0351852 0.00570451
7 0.970833 0.527778 0.0572917 0.2 0.00591062
9 0.99375 0.494444 0.0114583 0.125926 0.00687748
12 0.694531 0.163889 0.00885417 0.0388889 0.0087634
2 0.813542 0.0740741 0.0177083 0.0166667 0.00981068
9 0.755469 0.0773148 0.0130208 0.0453704 0.0100719
9 0.207813 0.0675926 0.0177083 0.0425926 0.0104612
2 0.0117188 0.366667 0.0234375 0.0462963 0.0112968
0 0.995313 0.328704 0.00833333 0.05 0.0123856
9 0.442448 0.0884259 0.0140625 0.0305556 0.0137762
11 0.60599 0.0601852 0.00989583 0.0240741 0.0168148
1 0.0119792 0.393981 0.0239583 0.112037 0.020546
0 0.347917 0.428704 0.025 0.0333333 0.0242536
2 0.489062 0.107407 0.015625 0.05 0.0294107
0 0.635156 0.149537 0.00885417 0.0490741 0.0350711
9 0.26875 0.0356481 0.021875 0.0675926 0.037566
2 0.785677 0.087963 0.0161458 0.0240741 0.0420548
9 0.566927 0.0481481 0.00885417 0.0222222 0.0430091
0 0.383333 0.425 0.034375 0.0388889 0.0490887
3 0.00416667 0.412037 0.00833333 0.0814815 0.0527507
2 0.292969 0.10787 0.0276042 0.0787037 0.0699109
9 0.222656 0.0578704 0.0119792 0.0342593 0.0864168
7 0.297656 0.106481 0.0380208 0.0814815 0.0965314
3 0.0106771 0.396296 0.0213542 0.111111 0.102123
2 0.461979 0.113426 0.0125 0.0361111 0.114841
2 0.479948 0.108796 0.0213542 0.0453704 0.267946
2 0.322396 0.0861111 0.0375 0.0351852 0.329016
2 0.627344 0.120833 0.0255208 0.0509259 0.407623
2 0.505729 0.103704 0.04375 0.062963 0.537383
10 0.204167 0.316204 0.015625 0.0712963 0.683154
2 0.31849 0.122222 0.0505208 0.0703704 0.690091
11 0.729427 0.0439815 0.0276042 0.0583333 0.80603
2 0.38151 0.226389 0.0776042 0.10463 0.873351
2 0.729948 0.419444 0.122396 0.17037 0.900891
2 0.738021 0.192593 0.130208 0.111111 0.913702
2 0.369792 0.471296 0.128125 0.185185 0.932414
