12 0.70026 0.163426 0.0244792 0.037963 0.00115489
0 0.264323 0.0944444 0.00989583 0.0574074 0.00115815
9 0.483073 0.0194444 0.00989583 0.0259259 0.00116697
1 0.0486979 0.162037 0.0765625 0.0666667 0.00119056
9 0.995313 0.527315 0.00833333 0.0342593 0.0011964
9 0.245312 0.0884259 0.00729167 0.025 0.00120408
7 0.269792 0.0337963 0.0239583 0.0564815 0.00120929
2 0.0127604 0.396296 0.0255208 0.116667 0.00121079
2 0.408854 0.10463 0.308333 0.0851852 0.00127559
9 0.548437 0.0518519 0.0114583 0.0222222 0.00133501
2 0.615104 0.0898148 0.0479167 0.0851852 0.00150839
9 0.816927 0.232407 0.00885417 0.037037 0.00154132
58 0.967708 0.494444 0.0302083 0.0833333 0.0016062
2 0.813021 0.075 0.01875 0.0185185 0.00162803
12 0.985677 0.521296 0.0276042 0.177778 0.00175773
2 0.448438 0.114352 0.0302083 0.025 0.00183646
2 0.96224 0.552778 0.0390625 0.0462963 0.00191049
2 0.594271 0.125926 0.0135417 0.0259259 0.00193212
2 0.589063 0.10463 0.284375 0.0703704 0.0019497
0 0.186979 0.116667 0.00729167 0.0388889 0.00196562
9 0.43776 0.202315 0.00989583 0.0472222 0.00198496
0 0.715625 0.37037 0.0270833 0.0296296 0.00198633
2 0.661719 0.149074 0.0651042 0.062963 0.00199823
0 0.559375 0.309722 0.0302083 0.0194444 0.00200684
9 0.36224 0.0435185 0.00885417 0.0296296 0.00208686
9 0.990365 0.517593 0.0182292 0.172222 0.00216229
2 0.776563 0.103704 0.0239583 0.0259259 0.00231152
14 0.482031 0.488426 0.0151042 0.0305556 0.00235186
9 0.292188 0.050463 0.009375 0.0398148 0.00235466
2 0.605208 0.0597222 0.0114583 0.0268519 0.0023788
1 0.0179687 0.158333 0.0359375 0.0444444 0.00245335
7 0.220313 0.0574074 0.0572917 0.105556 0.00255823
2 0.475521 0.103704 0.078125 0.062963 0.00257541
0 0.517969 0.310185 0.0296875 0.0203704 0.00268827
9 0.415885 0.00972222 0.0171875 0.0194444 0.0027031
0 0.283333 0.0861111 0.009375 0.0333333 0.00275194
7 0.627344 0.39537 0.339063 0.211111 0.00316756
7 0.99401 0.520833 0.0109375 0.175 0.00342066
12 0.691927 0.163426 0.00885417 0.0398148 0.00371051
2 0.269531 0.0657407 0.0203125 0.0555556 0.00430567
7 0.275521 0.0657407 0.0395833 0.127778 0.00431244
7 0.21875 0.0615741 0.04375 0.0564815 0.00436289
0 0.755469 0.101852 0.0182292 0.087037 0.00440722
7 0.970312 0.531018 0.0583333 0.212037 0.00500929
2 0.628125 0.397222 0.346875 0.212963 0.00516774
9 0.502083 0.758796 0.0125 0.0546296 0.00531169
9 0.26875 0.0324074 0.0229167 0.0592593 0.00532911
5 0.221094 0.0643518 0.0473958 0.0546296 0.00533154
9 0.207813 0.0652778 0.0197917 0.0416667 0.0060257
2 0.442187 0.0837963 0.0135417 0.0231481 0.00666856
1 0.0132813 0.393519 0.0265625 0.112963 0.00675224
1 0.0302083 0.170833 0.0572917 0.0564815 0.00727925
9 0.49974 0.6 0.0151042 0.0407407 0.00749529
9 0.995052 0.490741 0.00885417 0.124074 0.0078996
2 0.285937 0.11713 0.0145833 0.0657407 0.00800561
2 0.23776 0.138426 0.0192708 0.0435185 0.0085403
2 0.00416667 0.407407 0.00833333 0.0851852 0.00857864
9 0.755469 0.0958333 0.0182292 0.0842593 0.00887193
9 0.564844 0.0449074 0.00989583 0.0287037 0.0094987
2 0.269531 0.0472222 0.0192708 0.0351852 0.00987811
7 0.985417 0.52037 0.028125 0.187037 0.0100135
2 0.2875 0.0773148 0.0177083 0.0305556 0.010604
9 0.219531 0.0893519 0.00885417 0.0138889 0.0115412
1 0.0046875 0.395833 0.009375 0.108333 0.0122997
2 0.269531 0.0976852 0.0151042 0.0564815 0.0169953
2 0.782552 0.0884259 0.0171875 0.0212963 0.0180025
2 0.634375 0.143056 0.0104167 0.0509259 0.021691
2 0.292708 0.1125 0.0239583 0.062037 0.024856
0 0.634635 0.146296 0.00885417 0.0518519 0.0252368
9 0.441927 0.0851852 0.0130208 0.0240741 0.0266934
2 0.460938 0.1125 0.0114583 0.0342593 0.0383477
2 0.289844 0.0717593 0.0140625 0.0175926 0.0462041
2 0.471094 0.107407 0.0296875 0.0444444 0.319269
2 0.626823 0.119907 0.0255208 0.0509259 0.347415
2 0.321875 0.0833333 0.0364583 0.0333333 0.41794
7 0.505208 0.102778 0.0427083 0.062963 0.435133
2 0.504948 0.102778 0.0421875 0.062963 0.437379
11 0.728646 0.0398148 0.0270833 0.0537037 0.737573
2 0.317187 0.119907 0.0510417 0.0675926 0.765102
10 0.203646 0.313889 0.0166667 0.0703704 0.820749
7 0.534115 0.381944 0.144271 0.213889 0.879274
2 0.729167 0.418519 0.122917 0.17037 0.915833
