0 0.361719 0.0759259 0.0130208 0.0259259 0.0010536
10 0.0809896 0.158333 0.0119792 0.0425926 0.0010574
7 0.146615 0.0898148 0.0640625 0.0722222 0.00106589
58 0.967969 0.499074 0.0286458 0.0814815 0.00109935
2 0.642708 0.151389 0.0239583 0.0638889 0.00111569
0 0.757292 0.120833 0.0135417 0.0527778 0.00123175
7 0.456771 0.087963 0.0666667 0.0648148 0.0012671
1 0.0138021 0.147685 0.0276042 0.0731481 0.00130167
2 0.817708 0.235185 0.00833333 0.037037 0.00132339
13 0.961979 0.555093 0.0395833 0.0416667 0.00137308
1 0.00807292 0.159259 0.0161458 0.0481481 0.00139746
2 0.791146 0.112037 0.0520833 0.0666667 0.00140285
2 0.240104 0.10463 0.015625 0.0388889 0.00141937
2 0.582292 0.421759 0.6375 0.178704 0.0014613
7 0.448698 0.0615741 0.0473958 0.0398148 0.00149137
9 0.56224 0.050463 0.0182292 0.025 0.00149933
9 0.2375 0.0685185 0.0166667 0.0425926 0.00153719
1 0.0046875 0.466204 0.009375 0.219444 0.00155684
12 0.702344 0.131944 0.0234375 0.0694444 0.00159832
9 0.582552 0.0402778 0.0119792 0.0453704 0.00174451
1 0.0348958 0.160185 0.0677083 0.0925926 0.00186255
12 0.689583 0.166204 0.0135417 0.0361111 0.00191457
58 0.919531 0.181481 0.160938 0.359259 0.00196368
9 0.114063 0.0236111 0.0166667 0.0435185 0.0020535
7 0.970312 0.523611 0.0583333 0.193519 0.0021053
2 0.46276 0.113889 0.0151042 0.0407407 0.00218291
12 0.702604 0.164815 0.0229167 0.037037 0.0022198
0 0.26276 0.101389 0.00885417 0.0564815 0.00232785
2 0.592969 0.125 0.0171875 0.0259259 0.00232981
2 0.339844 0.112963 0.0151042 0.0481481 0.00234647
9 0.569271 0.0319444 0.0125 0.0583333 0.00236388
9 0.257812 0.0768519 0.0135417 0.0518519 0.00249252
2 0.298177 0.10463 0.0859375 0.087037 0.00251341
7 0.990625 0.518056 0.0177083 0.184259 0.00253993
2 0.99375 0.519907 0.0114583 0.167593 0.00256775
2 0.814323 0.0842593 0.0161458 0.0296296 0.00269144
9 0.26276 0.0875 0.0078125 0.0361111 0.00276351
2 0.995052 0.32963 0.00885417 0.0611111 0.00278422
12 0.69375 0.163889 0.00729167 0.037037 0.00289082
2 0.775 0.113889 0.0197917 0.0462963 0.00294935
2 0.46276 0.102778 0.0723958 0.0592593 0.00336893
2 0.56276 0.110648 0.219271 0.0675926 0.00348173
9 0.363542 0.0694444 0.0125 0.0222222 0.00381983
2 0.3875 0.1125 0.210417 0.0712963 0.00404838
9 0.252865 0.087963 0.0130208 0.0351852 0.00411531
2 0.267708 0.099537 0.0125 0.0583333 0.00413208
1 0.0231771 0.179167 0.0463542 0.0805556 0.00425383
9 0.267969 0.0574074 0.0161458 0.0314815 0.00435246
2 0.269792 0.0527778 0.01875 0.0333333 0.00436514
0 0.715365 0.372685 0.0244792 0.0268519 0.00443715
9 0.108594 0.0287037 0.0119792 0.037037 0.00465314
9 0.993229 0.515741 0.0125 0.164815 0.00466815
0 0.444271 0.0990741 0.0208333 0.0537037 0.00608134
9 0.210417 0.0671296 0.0291667 0.0472222 0.00618271
12 0.99349 0.509259 0.0119792 0.153704 0.00635736
2 0.341406 0.0907407 0.00885417 0.0259259 0.00668705
2 0.238542 0.140278 0.01875 0.0435185 0.00720587
2 0.779948 0.103241 0.0296875 0.0472222 0.00735729
9 0.50026 0.603704 0.0151042 0.0425926 0.00760222
9 0.269792 0.0203704 0.0197917 0.0351852 0.00866554
2 0.804167 0.0865741 0.0270833 0.0268519 0.00869649
9 0.502865 0.761574 0.0130208 0.0527778 0.0121007
2 0.272135 0.109722 0.0140625 0.0398148 0.0142306
2 0.811979 0.075463 0.021875 0.0194444 0.0171926
1 0.00442708 0.409259 0.00885417 0.0925926 0.0198119
0 0.757031 0.0893519 0.0140625 0.0712963 0.0257349
0 0.995573 0.325926 0.0078125 0.0537037 0.0257769
2 0.635156 0.145833 0.0109375 0.0527778 0.0314343
0 0.635417 0.147685 0.009375 0.0490741 0.0330941
1 0.0127604 0.39537 0.0255208 0.118519 0.033715
2 0.60599 0.0606481 0.00989583 0.025 0.0339563
7 0.220313 0.0662037 0.0510417 0.0657407 0.0393849
5 0.220573 0.0689815 0.0505208 0.0657407 0.0395706
0 0.443229 0.0888889 0.0135417 0.0351852 0.0532915
9 0.567187 0.0486111 0.00833333 0.0231481 0.0561083
2 0.786458 0.0902778 0.0166667 0.0231481 0.0817881
2 0.3 0.105093 0.0416667 0.0787037 0.181008
7 0.299219 0.105556 0.0411458 0.0796296 0.203618
2 0.320833 0.0898148 0.0395833 0.0333333 0.213977
7 0.506771 0.105093 0.0416667 0.062037 0.334979
2 0.50651 0.105093 0.0411458 0.062037 0.488252
2 0.627604 0.122685 0.0260417 0.0509259 0.501023
2 0.448698 0.0662037 0.0463542 0.0305556 0.510791
2 0.473437 0.109259 0.034375 0.0462963 0.513916
2 0.31901 0.12037 0.0505208 0.0722222 0.647003
10 0.203906 0.315741 0.0161458 0.0722222 0.753249
11 0.729167 0.0430556 0.0270833 0.0546296 0.779536
2 0.370052 0.113426 0.0359375 0.0398148 0.812286
2 0.729948 0.419444 0.122396 0.172222 0.916048
