13 0.0255208 0.350926 0.05 0.0277778 0.00101041
2 0.03125 0.0671296 0.0197917 0.0212963 0.00102836
2 0.286198 0.0768519 0.0203125 0.0296296 0.00103737
58 0.961719 0.284259 0.0453125 0.148148 0.00110771
2 0.36224 0.0685185 0.00989583 0.0240741 0.00114205
9 0.415625 0.00972222 0.015625 0.0194444 0.00116202
2 0.00546875 0.0912037 0.0109375 0.0435185 0.00118333
2 0.813281 0.075463 0.0161458 0.0194444 0.00118447
9 0.458594 0.0527778 0.00885417 0.0259259 0.00121311
2 0.239844 0.10463 0.0151042 0.0388889 0.00121603
12 0.701563 0.163889 0.01875 0.0388889 0.0012241
13 0.96224 0.553704 0.0401042 0.0388889 0.00123152
9 0.261198 0.0513889 0.0130208 0.0398148 0.00124818
2 0.295052 0.107407 0.0869792 0.0962963 0.00126942
2 0.26276 0.099537 0.00989583 0.0583333 0.00128054
2 0.221094 0.136111 0.0546875 0.0518519 0.00139281
2 0.817448 0.23287 0.00885417 0.0435185 0.00139294
9 0.259115 0.0768519 0.0140625 0.05 0.0014169
0 0.729948 0.372685 0.0255208 0.0287037 0.00141764
0 0.756771 0.374537 0.0208333 0.0324074 0.00144062
7 0.792708 0.0625 0.0333333 0.062037 0.00145944
9 0.214323 0.0689815 0.0380208 0.0509259 0.00153061
9 0.236979 0.0694444 0.015625 0.0444444 0.00154886
0 0.053125 0.114815 0.0104167 0.05 0.00156923
2 0.77526 0.116204 0.0213542 0.0342593 0.00168319
2 0.657812 0.151389 0.0552083 0.0601852 0.00175314
9 0.253125 0.0865741 0.0145833 0.0361111 0.00192594
9 0.265885 0.0972222 0.00989583 0.0537037 0.00192757
9 0.292448 0.0527778 0.0078125 0.0425926 0.00207888
0 0.757812 0.0703704 0.0104167 0.037037 0.00211156
0 0.75651 0.0898148 0.0140625 0.0759259 0.00213462
9 0.27526 0.0402778 0.0348958 0.0787037 0.00216119
2 0.641146 0.150926 0.0208333 0.062963 0.00225467
9 0.266667 0.0583333 0.0135417 0.0277778 0.00228997
9 0.208333 0.0708333 0.0229167 0.0361111 0.00247452
9 0.992448 0.494444 0.0140625 0.125926 0.00264841
0 0.716927 0.371759 0.0244792 0.0268519 0.00291204
9 0.56901 0.0319444 0.0119792 0.0583333 0.00318623
1 0.0236979 0.393981 0.0473958 0.112037 0.00319634
58 0.967969 0.497222 0.0296875 0.087037 0.003499
13 0.993229 0.51713 0.0125 0.171296 0.00352148
2 0.529948 0.111111 0.304688 0.0703704 0.00353939
7 0.213281 0.0615741 0.0359375 0.0638889 0.00356922
0 0.441406 0.0652778 0.0119792 0.0287037 0.00374438
0 0.496354 0.0666667 0.0114583 0.0259259 0.00379472
12 0.99349 0.49537 0.0119792 0.12963 0.00383035
2 0.593229 0.125 0.0177083 0.0259259 0.00392246
2 0.37474 0.10787 0.179688 0.0768519 0.00408923
2 0.780729 0.102315 0.0322917 0.0472222 0.00420763
13 0.971875 0.517593 0.0552083 0.172222 0.00423918
12 0.691927 0.164815 0.00885417 0.037037 0.004441
2 0.291146 0.0717593 0.0114583 0.0157407 0.00445283
2 0.286198 0.115741 0.0151042 0.0666667 0.00448098
9 0.269271 0.0490741 0.0197917 0.0388889 0.00544908
2 0.269531 0.108796 0.0119792 0.037963 0.00578568
9 0.263281 0.087037 0.0078125 0.037037 0.00618966
9 0.219531 0.0884259 0.00989583 0.0194444 0.0090974
2 0.464063 0.107407 0.0802083 0.0574074 0.00916357
2 0.307813 0.0791667 0.01875 0.0324074 0.00945454
2 0.238542 0.139352 0.01875 0.0435185 0.0114733
13 0.0145833 0.395833 0.0291667 0.106481 0.0119957
11 0.60625 0.0583333 0.009375 0.0277778 0.0123247
1 0.0046875 0.403704 0.009375 0.0888889 0.0134466
11 0.2375 0.0662037 0.015625 0.037963 0.0135951
9 0.269271 0.0199074 0.0197917 0.0342593 0.0155632
1 0.00963542 0.397222 0.0192708 0.103704 0.0161323
2 0.785937 0.0893519 0.015625 0.0231481 0.0183675
2 0.339583 0.0893519 0.0125 0.0324074 0.0191807
7 0.297656 0.105556 0.0359375 0.0796296 0.0210913
2 0.635156 0.146759 0.0109375 0.0583333 0.0227833
9 0.567187 0.0481481 0.00833333 0.0240741 0.0286786
9 0.222656 0.0569444 0.0130208 0.0435185 0.0319892
2 0.298698 0.104167 0.0348958 0.0731481 0.0392435
2 0.463542 0.108796 0.0135417 0.0453704 0.132228
2 0.322396 0.0875 0.0375 0.0361111 0.268297
2 0.479427 0.108796 0.0244792 0.0453704 0.378703
2 0.627344 0.122685 0.0255208 0.0527778 0.471699
2 0.50651 0.104167 0.0421875 0.062037 0.532439
2 0.31849 0.121296 0.0515625 0.0703704 0.764289
2 0.433073 0.105093 0.0390625 0.0527778 0.793031
10 0.204167 0.314815 0.015625 0.0685185 0.803176
11 0.729167 0.0421296 0.0270833 0.0546296 0.811857
2 0.729948 0.418056 0.122396 0.171296 0.898219
