2 0.21901 0.121759 0.0598958 0.0712963 0.00102016
10 0.195573 0.314815 0.0338542 0.0740741 0.00103304
9 0.3625 0.0462963 0.009375 0.0333333 0.00105098
2 0.813281 0.0773148 0.0161458 0.0194444 0.00106322
2 0.410156 0.113426 0.245312 0.0972222 0.00109422
0 0.00494792 0.339352 0.00989583 0.121296 0.00118268
32 0.459896 0.356019 0.0104167 0.0138889 0.00120365
2 0.5125 0.114815 0.294792 0.0851852 0.00134164
2 0.277604 0.107407 0.028125 0.0703704 0.00134418
2 0.465885 0.119907 0.0296875 0.0361111 0.00136458
9 0.56849 0.0300926 0.0140625 0.0564815 0.00136951
9 0.556771 0.0231481 0.0239583 0.0425926 0.0014129
12 0.702083 0.123611 0.021875 0.0564815 0.00142961
2 0.236719 0.0689815 0.0171875 0.0453704 0.00158196
2 0.593229 0.123148 0.015625 0.0296296 0.00159734
12 0.69375 0.1625 0.00625 0.0398148 0.00164884
2 0.530729 0.111111 0.0145833 0.0444444 0.00185024
2 0.26276 0.0990741 0.00989583 0.0574074 0.00189971
0 0.757031 0.374074 0.0203125 0.0333333 0.00195678
2 0.776302 0.108333 0.0223958 0.0296296 0.00196027
13 0.964323 0.550463 0.0442708 0.0509259 0.00208662
0 0.26224 0.0916667 0.00989583 0.05 0.00219898
12 0.701823 0.156019 0.0203125 0.0509259 0.00237138
9 0.218229 0.101852 0.00833333 0.0388889 0.00240865
0 0.754167 0.0888889 0.0145833 0.0759259 0.0025375
0 0.581771 0.902315 0.025 0.0935185 0.00253853
7 0.7875 0.062963 0.025 0.0592593 0.00258224
9 0.548177 0.0527778 0.0109375 0.0222222 0.00267097
0 0.729167 0.371759 0.03125 0.0287037 0.00280645
7 0.274479 0.050463 0.0354167 0.0953704 0.0039369
2 0.239063 0.137037 0.0197917 0.0462963 0.00405156
0 0.283333 0.087037 0.0104167 0.0351852 0.00414225
9 0.458594 0.0634259 0.0078125 0.0287037 0.00424072
11 0.240365 0.0328704 0.0223958 0.0638889 0.00459003
13 0.970312 0.531482 0.0583333 0.172222 0.00467806
58 0.968229 0.496759 0.0302083 0.087963 0.00469009
2 0.00390625 0.424537 0.0078125 0.0509259 0.00472815
9 0.991146 0.514352 0.0166667 0.171296 0.00473619
13 0.986979 0.517593 0.025 0.17963 0.00487428
2 0.25625 0.0865741 0.021875 0.0416667 0.00544882
2 0.286719 0.0773148 0.0192708 0.0305556 0.00608441
2 0.00442708 0.375463 0.00885417 0.152778 0.0063222
0 0.715885 0.370833 0.0255208 0.0268519 0.00691181
9 0.292188 0.05 0.00833333 0.0407407 0.00700113
9 0.26901 0.0180556 0.0213542 0.0324074 0.00725722
3 0.00494792 0.376852 0.00989583 0.166667 0.00734163
2 0.270052 0.0592593 0.0192708 0.0425926 0.0073427
2 0.482552 0.0953704 0.0307292 0.0203704 0.00770301
2 0.60599 0.0592593 0.00989583 0.0277778 0.00773658
9 0.441927 0.0851852 0.0130208 0.0240741 0.00803714
9 0.566667 0.0467593 0.00833333 0.0231481 0.0092403
9 0.5 0.601389 0.0145833 0.0398148 0.00927691
2 0.790104 0.0861111 0.0197917 0.0222222 0.0104117
9 0.502083 0.758333 0.0135417 0.0555556 0.0119753
2 0.442448 0.0856481 0.0151042 0.025 0.0133704
32 0.453906 0.313426 0.0078125 0.0138889 0.0135866
2 0.471354 0.0925926 0.0375 0.0166667 0.0147177
2 0.784375 0.0884259 0.0125 0.0194444 0.0157575
9 0.219531 0.0888889 0.0078125 0.012963 0.0167373
5 0.220313 0.0634259 0.0489583 0.0564815 0.0176233
2 0.271875 0.0976852 0.0177083 0.0583333 0.0201006
2 0.291146 0.0703704 0.0114583 0.0148148 0.0224623
7 0.220052 0.062037 0.0505208 0.0703704 0.0266583
2 0.294271 0.103704 0.03125 0.0759259 0.0401511
0 0.634635 0.147222 0.00989583 0.0518519 0.0479328
2 0.634115 0.146296 0.0119792 0.0537037 0.0559265
2 0.443229 0.115741 0.0197917 0.0166667 0.107419
2 0.477083 0.138426 0.0635417 0.0990741 0.37489
2 0.626823 0.119907 0.0265625 0.0490741 0.399279
2 0.321094 0.0856481 0.0401042 0.0361111 0.432218
7 0.476823 0.138426 0.0619792 0.0990741 0.545743
2 0.509635 0.102778 0.0348958 0.062963 0.605811
10 0.203906 0.314815 0.0161458 0.0703704 0.74177
11 0.728646 0.0407407 0.0270833 0.0518519 0.784803
2 0.317969 0.119907 0.0505208 0.0694444 0.786154
2 0.0565104 0.305556 0.113021 0.192593 0.841683
2 0.729427 0.418519 0.123438 0.17037 0.914291
