58 0.96849 0.49537 0.0307292 0.0888889 0.00105543
7 0.78776 0.0615741 0.0244792 0.0694444 0.00107895
9 0.50026 0.603241 0.0151042 0.0398148 0.00108004
9 0.261979 0.0449074 0.015625 0.0546296 0.0010973
2 0.00546875 0.0925926 0.0109375 0.0481481 0.00109995
0 0.0536458 0.110648 0.0114583 0.0527778 0.00112525
0 0.729948 0.372685 0.0265625 0.0287037 0.00112699
1 0.219531 0.4125 0.0369792 0.160185 0.00113315
2 0.773177 0.110185 0.0161458 0.0296296 0.00121617
12 0.995573 0.530093 0.0078125 0.0342593 0.0012626
2 0.25599 0.087037 0.0192708 0.037037 0.00128289
0 0.228646 0.350926 0.021875 0.0518519 0.00132172
2 0.292969 0.0976852 0.0786458 0.0990741 0.00140647
2 0.531771 0.110648 0.0145833 0.0435185 0.00143993
9 0.547656 0.0601852 0.0109375 0.0240741 0.00155445
12 0.701823 0.165278 0.0203125 0.037963 0.00160434
12 0.989062 0.496759 0.0208333 0.126852 0.00175571
2 0.654688 0.137963 0.0822917 0.0833333 0.00190569
0 0.757031 0.374537 0.0192708 0.0324074 0.00195079
10 0.217969 0.325926 0.0244792 0.0444444 0.00231724
7 0.970833 0.524074 0.0572917 0.196296 0.00239743
0 0.716667 0.371759 0.025 0.0287037 0.00257472
0 0.755208 0.114815 0.0177083 0.0425926 0.00267017
2 0.814323 0.075463 0.0171875 0.0157407 0.00268189
1 0.0130208 0.360648 0.0260417 0.0731481 0.00271776
2 0.778385 0.100926 0.0296875 0.05 0.00294273
9 0.502083 0.759722 0.0135417 0.0564815 0.00296863
2 0.559115 0.108796 0.296354 0.0768519 0.00311804
2 0.458333 0.106944 0.113542 0.0712963 0.00314309
2 0.398177 0.105093 0.258854 0.0898148 0.00333854
11 0.236979 0.0689815 0.0166667 0.0453704 0.00343813
7 0.35651 0.0523148 0.0515625 0.0453704 0.00356589
9 0.582292 0.0351852 0.0135417 0.0555556 0.0039014
11 0.60599 0.0592593 0.00989583 0.0259259 0.00398174
2 0.266667 0.099537 0.0114583 0.0583333 0.0041198
0 0.263281 0.100926 0.00885417 0.0555556 0.00414522
2 0.269792 0.0560185 0.01875 0.0342593 0.00424822
0 0.447396 0.101852 0.0260417 0.0518519 0.00425668
1 0.00520833 0.368981 0.0104167 0.0990741 0.00434447
9 0.211458 0.0648148 0.0302083 0.0518519 0.00476266
2 0.288281 0.0814815 0.0223958 0.037037 0.00500555
9 0.270052 0.0481481 0.0192708 0.0407407 0.0052381
2 0.270052 0.108796 0.0130208 0.0416667 0.00566273
9 0.994531 0.492593 0.00989583 0.122222 0.0061043
0 0.21224 0.342593 0.0192708 0.0407407 0.00650246
12 0.691406 0.165741 0.00989583 0.0388889 0.00678823
2 0.592448 0.125926 0.0171875 0.0240741 0.00794218
2 0.238542 0.139352 0.01875 0.0435185 0.00911355
9 0.26901 0.0282407 0.0223958 0.0490741 0.0094331
12 0.994792 0.493056 0.009375 0.125 0.00965276
5 0.219792 0.0652778 0.0489583 0.062037 0.0105028
7 0.276563 0.0541667 0.0375 0.102778 0.0106777
1 0.00598958 0.459259 0.0119792 0.240741 0.0109493
0 0.755469 0.0921296 0.0161458 0.0787037 0.0123871
7 0.220313 0.0634259 0.05 0.0675926 0.0125019
1 0.0143229 0.45463 0.0286458 0.253704 0.0127294
9 0.572396 0.0310185 0.0145833 0.0583333 0.0167036
2 0.635156 0.146759 0.0109375 0.0546296 0.0191943
24 0.223698 0.349074 0.0265625 0.062963 0.0197954
2 0.33776 0.0578704 0.0151042 0.0305556 0.0249377
0 0.635417 0.148148 0.009375 0.0518519 0.0341368
0 0.442187 0.0888889 0.0114583 0.0259259 0.0370437
2 0.785417 0.087963 0.0135417 0.0240741 0.0422673
1 0.00442708 0.40787 0.00885417 0.0898148 0.0473894
2 0.333854 0.074537 0.0197917 0.0231481 0.0720835
9 0.567187 0.0476852 0.00833333 0.0231481 0.0843399
1 0.0135417 0.398148 0.0270833 0.107407 0.148761
2 0.301302 0.105556 0.0432292 0.0796296 0.176626
2 0.321875 0.0888889 0.0375 0.0407407 0.349962
2 0.472396 0.108796 0.0333333 0.0453704 0.387162
1 0.217969 0.438426 0.0213542 0.113889 0.450941
2 0.627344 0.121759 0.0255208 0.0509259 0.457558
2 0.359375 0.0569444 0.046875 0.0361111 0.475753
2 0.43151 0.0675926 0.0494792 0.0314815 0.64939
2 0.505729 0.104167 0.0427083 0.062037 0.683433
10 0.204167 0.312963 0.015625 0.0648148 0.712718
2 0.318229 0.121759 0.0510417 0.0712963 0.72727
0 0.217708 0.396296 0.0385417 0.159259 0.737888
11 0.728906 0.0425926 0.0276042 0.0555556 0.818
2 0.729688 0.419907 0.122917 0.171296 0.914986
