0 0.756771 0.372222 0.0229167 0.037037 0.00100528
0 0.994792 0.367593 0.009375 0.168519 0.0010123
13 0.952344 0.421296 0.0953125 0.137037 0.00104941
0 0.731771 0.372685 0.0291667 0.0287037 0.00115945
7 0.278646 0.0726852 0.0333333 0.137963 0.00118041
2 0.991927 0.323148 0.0151042 0.0759259 0.00119272
11 0.254687 0.0875 0.0177083 0.037963 0.00121782
2 0.245312 0.106481 0.0125 0.0314815 0.00122395
1 0.00572917 0.361111 0.0114583 0.0888889 0.00132802
2 0.00598958 0.0912037 0.0119792 0.0453704 0.00136302
13 0.99401 0.518519 0.0109375 0.17037 0.001396
12 0.692708 0.164352 0.00729167 0.0398148 0.00141645
9 0.108073 0.0273148 0.00989583 0.0324074 0.00146869
7 0.295312 0.104167 0.0822917 0.0953704 0.001471
1 0.00963542 0.458333 0.0192708 0.240741 0.00148454
0 0.263021 0.102315 0.009375 0.0527778 0.00168758
2 0.408333 0.111574 0.272917 0.0805556 0.00179076
2 0.592188 0.125463 0.0166667 0.025 0.00182314
9 0.415625 0.00833333 0.015625 0.0166667 0.00184083
2 0.446875 0.114815 0.0270833 0.0240741 0.00186625
9 0.363021 0.0699074 0.009375 0.0212963 0.00188632
9 0.263281 0.0898148 0.00885417 0.0407407 0.00216102
2 0.565365 0.110648 0.277604 0.0731481 0.00218286
2 0.238281 0.141667 0.0192708 0.0388889 0.00220248
1 0.810677 0.331019 0.0171875 0.0861111 0.00234225
7 0.788281 0.0643518 0.0255208 0.0657407 0.00237671
2 0.266667 0.0986111 0.0114583 0.0546296 0.0028301
2 0.467708 0.110648 0.08125 0.0638889 0.00297942
0 0.573438 0.59537 0.021875 0.0351852 0.00306288
13 0.970573 0.52037 0.0578125 0.174074 0.00311257
0 0.714844 0.372685 0.0255208 0.0268519 0.0032179
7 0.970833 0.523148 0.0572917 0.192593 0.00362909
9 0.273438 0.0407407 0.0333333 0.0796296 0.00401754
2 0.442448 0.087037 0.0140625 0.0259259 0.0040997
2 0.814062 0.075463 0.0166667 0.0157407 0.00433281
9 0.99375 0.493056 0.0114583 0.123148 0.00459154
9 0.458594 0.0666667 0.0078125 0.0277778 0.00474242
9 0.291927 0.0712963 0.0119792 0.0166667 0.00504
58 0.96849 0.493519 0.0307292 0.0907407 0.00551647
0 0.75599 0.0875 0.0130208 0.0675926 0.00553381
2 0.00442708 0.40787 0.00885417 0.0861111 0.00644685
9 0.292708 0.0555556 0.009375 0.0444444 0.00666624
2 0.0140625 0.399074 0.028125 0.109259 0.00687869
2 0.270833 0.109259 0.0135417 0.0388889 0.00809437
2 0.2875 0.114352 0.0166667 0.0712963 0.0084935
0 0.657812 0.595833 0.040625 0.0305556 0.00857547
9 0.269531 0.05 0.0203125 0.0425926 0.00859187
2 0.364062 0.0680556 0.0114583 0.0194444 0.0087521
11 0.2375 0.0689815 0.015625 0.0435185 0.0107647
11 0.60625 0.0601852 0.009375 0.0240741 0.0118846
0 0.59349 0.593982 0.0421875 0.0398148 0.0134678
0 0.995573 0.320833 0.0078125 0.0712963 0.0154042
9 0.566927 0.0481481 0.0078125 0.0222222 0.016143
2 0.634635 0.141667 0.0109375 0.0462963 0.0170752
9 0.26901 0.0300926 0.0213542 0.0546296 0.0203054
2 0.785417 0.0884259 0.0135417 0.0231481 0.0219459
5 0.219792 0.0643518 0.0479167 0.062037 0.0225497
7 0.219792 0.0643518 0.05 0.0657407 0.0278942
9 0.442448 0.087037 0.0130208 0.0259259 0.0305479
2 0.486719 0.107407 0.0151042 0.05 0.0395356
7 0.298958 0.106481 0.0395833 0.0814815 0.0512969
2 0.3 0.106944 0.0375 0.0787037 0.0558018
1 0.0135417 0.396759 0.0270833 0.108333 0.0578233
2 0.463542 0.110185 0.015625 0.0425926 0.128199
2 0.321875 0.087963 0.0385417 0.0351852 0.265142
2 0.472135 0.109259 0.0317708 0.0444444 0.331257
7 0.505208 0.104167 0.04375 0.0638889 0.349224
2 0.505469 0.103704 0.0432292 0.062963 0.457068
2 0.627083 0.121759 0.025 0.0527778 0.479305
2 0.318229 0.121296 0.0510417 0.0722222 0.669346
11 0.728906 0.0430556 0.0276042 0.0564815 0.762746
10 0.203906 0.316204 0.0161458 0.0712963 0.796115
2 0.729427 0.418981 0.123438 0.171296 0.903406
7 0.622396 0.714352 0.213542 0.336111 0.90664
