0 0.41901 0.400463 0.745313 0.800926 0.00101566
2 0.638802 0.149074 0.0161458 0.0555556 0.00102125
2 0.788021 0.0824074 0.0177083 0.0222222 0.00104295
9 0.553646 0.0324074 0.0239583 0.0537037 0.0010683
0 0.640104 0.149537 0.01875 0.0583333 0.00108639
2 0.610417 0.444907 0.761458 0.223148 0.0010953
2 0.640104 0.126852 0.05 0.0611111 0.00119363
2 0.244531 0.108333 0.0119792 0.0351852 0.00119856
11 0.746094 0.0611111 0.0619792 0.118519 0.00124467
9 0.29349 0.0537037 0.00989583 0.0388889 0.0012586
9 0.259896 0.0763889 0.0135417 0.0527778 0.00126541
58 0.917708 0.255556 0.164583 0.492593 0.00128334
9 0.233854 0.0652778 0.0229167 0.0416667 0.00132797
58 0.957812 0.325926 0.084375 0.35 0.00138516
9 0.985156 0.510648 0.0213542 0.147222 0.00142285
2 0.430469 0.109722 0.203646 0.0731481 0.00145249
58 0.966667 0.266204 0.065625 0.187963 0.00148642
2 0.291667 0.0708333 0.0125 0.0157407 0.00151678
2 0.745573 0.156944 0.0223958 0.0175926 0.00153619
2 0.577083 0.130093 0.0479167 0.0305556 0.00155276
0 0.00885417 0.441204 0.0177083 0.212037 0.00156816
12 0.99401 0.518981 0.0109375 0.163889 0.00157476
0 0.758333 0.123611 0.0114583 0.037963 0.00157625
0 0.177344 0.278704 0.0140625 0.0425926 0.00163106
2 0.299219 0.108796 0.0859375 0.0935185 0.00164251
0 0.263281 0.100926 0.00885417 0.0555556 0.00166841
9 0.415885 0.0101852 0.0161458 0.0203704 0.00169997
11 0.738802 0.0638889 0.0161458 0.0240741 0.00171384
9 0.548177 0.0518519 0.0109375 0.0259259 0.00174315
9 0.36276 0.0444444 0.00989583 0.0314815 0.00199836
9 0.454427 0.312963 0.0078125 0.0148148 0.00205435
9 0.261198 0.0467593 0.0130208 0.0453704 0.00211689
2 0.238542 0.14213 0.0197917 0.0398148 0.00213973
9 0.469271 0.4125 0.0104167 0.025 0.00216909
2 0.774479 0.120833 0.0177083 0.037963 0.00224097
9 0.3625 0.0685185 0.009375 0.0259259 0.00232653
11 0.60599 0.0606481 0.00989583 0.025 0.0023291
2 0.66276 0.151389 0.0651042 0.0657407 0.00241627
2 0.266146 0.0972222 0.0114583 0.0555556 0.00264004
9 0.26875 0.0541667 0.0197917 0.0583333 0.00277363
0 0.758854 0.0703704 0.0104167 0.0444444 0.00283693
11 0.236979 0.0689815 0.0166667 0.0435185 0.0028412
9 0.438021 0.191204 0.015625 0.0398148 0.0033385
0 0.282292 0.0958333 0.00729167 0.0398148 0.0033784
0 0.757031 0.374537 0.0192708 0.0305556 0.00351856
0 0.442969 0.099537 0.0192708 0.0490741 0.00359273
9 0.56276 0.0314815 0.0234375 0.0592593 0.00363056
0 0.732031 0.371759 0.0307292 0.0287037 0.00366988
1 0.0111979 0.36713 0.0223958 0.0435185 0.00392044
9 0.995573 0.525926 0.0078125 0.0574074 0.00405567
2 0.363542 0.0671296 0.0114583 0.0212963 0.00479091
9 0.565625 0.0421296 0.0114583 0.037963 0.00492756
9 0.263021 0.0916667 0.00833333 0.0462963 0.00543296
9 0.220833 0.087963 0.0104167 0.0148148 0.00575076
2 0.442448 0.0888889 0.0151042 0.0277778 0.00583102
7 0.971094 0.528704 0.0567708 0.201852 0.00599813
9 0.447656 0.259722 0.0151042 0.0583333 0.00611714
3 0.0135417 0.393056 0.0270833 0.117593 0.00619665
5 0.21276 0.0625 0.0338542 0.0564815 0.00681226
7 0.220313 0.0662037 0.05 0.0638889 0.00754999
2 0.269792 0.111574 0.0125 0.0361111 0.00762654
0 0.757812 0.0925926 0.0135417 0.0888889 0.00801603
9 0.207552 0.0675926 0.0213542 0.0444444 0.00843322
9 0.995313 0.490741 0.00833333 0.124074 0.00898757
2 0.786198 0.0893519 0.0151042 0.0194444 0.00905978
0 0.715885 0.371759 0.0223958 0.025 0.00911034
1 0.810156 0.339815 0.0213542 0.1 0.00991974
9 0.501042 0.602778 0.0166667 0.0425926 0.0138086
1 0.0127604 0.394444 0.0255208 0.111111 0.0151453
9 0.567448 0.0481481 0.00885417 0.0240741 0.0205459
9 0.442969 0.0884259 0.0140625 0.0268519 0.0209139
0 0.635417 0.149074 0.009375 0.0518519 0.0216372
9 0.269531 0.0333333 0.0223958 0.0648148 0.0257674
2 0.292448 0.113426 0.0265625 0.0731481 0.0316151
9 0.502865 0.759259 0.0109375 0.0574074 0.0326335
2 0.591927 0.12963 0.0192708 0.0203704 0.035748
9 0.973958 0.500926 0.0395833 0.125926 0.037382
0 0.00598958 0.396296 0.0119792 0.109259 0.0373936
0 0.347917 0.495833 0.0260417 0.0472222 0.0423672
7 0.298438 0.107407 0.0375 0.0851852 0.0512886
0 0.323177 0.496296 0.0369792 0.0462963 0.126303
0 0.366927 0.496296 0.0338542 0.0444444 0.268791
2 0.627604 0.121759 0.025 0.0509259 0.293083
2 0.322656 0.0851852 0.0380208 0.0351852 0.306867
7 0.50651 0.103704 0.0421875 0.0648148 0.343421
2 0.50625 0.103704 0.0427083 0.062963 0.502215
2 0.473437 0.109722 0.0333333 0.0453704 0.52955
11 0.729688 0.0435185 0.0270833 0.0592593 0.682004
2 0.31875 0.121759 0.05 0.0694444 0.719471
10 0.204167 0.315741 0.0166667 0.0703704 0.840462
2 0.730208 0.419444 0.121875 0.172222 0.896269
2 0.340365 0.55 0.145313 0.209259 0.926253
