2 0.363542 0.0666667 0.0114583 0.0203704 0.00100175
2 0.745573 0.156944 0.0223958 0.0157407 0.00104328
2 0.240104 0.103704 0.0145833 0.0333333 0.00108488
0 0.2625 0.1 0.009375 0.0574074 0.0011166
2 0.416406 0.0236111 0.0171875 0.025 0.00112297
2 0.774479 0.120833 0.01875 0.0398148 0.00114661
7 0.971094 0.525 0.0567708 0.198148 0.00126019
9 0.989062 0.505093 0.0208333 0.147222 0.00134039
0 0.542448 0.285648 0.544271 0.475 0.00149678
2 0.570052 0.423148 0.671354 0.17963 0.00155772
12 0.966146 0.500463 0.025 0.0768519 0.00155784
13 0.970833 0.522685 0.0572917 0.178704 0.00158042
11 0.739062 0.0648148 0.015625 0.0240741 0.00160449
9 0.220833 0.104167 0.0125 0.0398148 0.00169753
9 0.995313 0.527778 0.00833333 0.0574074 0.00171697
9 0.581771 0.0347222 0.0125 0.0601852 0.00183158
2 0.65651 0.1375 0.0796875 0.0824074 0.001857
9 0.29375 0.0560185 0.009375 0.0361111 0.00189041
11 0.240365 0.0328704 0.0213542 0.062037 0.00197133
2 0.429688 0.106019 0.320833 0.087963 0.00204381
9 0.59401 0.0425926 0.00989583 0.0333333 0.00210211
9 0.108073 0.025463 0.0109375 0.037963 0.00212661
2 0.785937 0.0898148 0.0145833 0.0203704 0.00216677
9 0.576302 0.0328704 0.0151042 0.0638889 0.00225672
1 0.00442708 0.391667 0.00885417 0.118519 0.002273
0 0.36224 0.0671296 0.00885417 0.0305556 0.00251259
2 0.61849 0.114352 0.0432292 0.0527778 0.00254436
9 0.553125 0.0287037 0.021875 0.05 0.00255225
9 0.23776 0.0708333 0.0140625 0.0416667 0.0025768
32 0.453906 0.313426 0.00885417 0.0157407 0.0027142
9 0.36224 0.0453704 0.00989583 0.0333333 0.00280506
12 0.984375 0.493056 0.0208333 0.115741 0.00280976
9 0.291927 0.0662037 0.00989583 0.0212963 0.00295436
9 0.261458 0.0425926 0.0135417 0.0555556 0.00310204
9 0.559896 0.0449074 0.01875 0.0305556 0.00330256
9 0.547917 0.049537 0.0104167 0.0268519 0.00339418
9 0.117708 0.0217593 0.0197917 0.037963 0.00347219
2 0.26849 0.106944 0.0109375 0.0398148 0.00361522
0 0.730729 0.371759 0.0333333 0.0305556 0.00439588
9 0.995313 0.4875 0.00833333 0.121296 0.0045791
12 0.973958 0.49537 0.034375 0.118519 0.00484047
2 0.238021 0.140741 0.01875 0.0407407 0.00485086
9 0.257031 0.0773148 0.00885417 0.0472222 0.00501579
0 0.757292 0.375463 0.01875 0.0287037 0.00510319
9 0.207813 0.0648148 0.0208333 0.0462963 0.00573609
0 0.180208 0.73287 0.14375 0.491667 0.00582687
2 0.796094 0.0625 0.0390625 0.0583333 0.00596363
9 0.28125 0.0884259 0.00625 0.025 0.00604793
12 0.702344 0.14213 0.0223958 0.0824074 0.00632598
2 0.442969 0.087963 0.0140625 0.0277778 0.00634849
12 0.995052 0.490741 0.00885417 0.124074 0.00673339
9 0.252604 0.087037 0.0125 0.0351852 0.00676739
0 0.758073 0.0847222 0.0119792 0.0712963 0.00712977
11 0.60625 0.0606481 0.0104167 0.025 0.00778283
0 0.715104 0.371296 0.0239583 0.0259259 0.00782799
2 0.291927 0.118981 0.0213542 0.062037 0.00942189
2 0.298438 0.106944 0.03125 0.0768519 0.00954585
2 0.635156 0.149537 0.0109375 0.0564815 0.0105625
0 0.635156 0.148611 0.00989583 0.0509259 0.011442
9 0.560938 0.0314815 0.025 0.0592593 0.0131827
0 0.442969 0.0875 0.0140625 0.0268519 0.0146242
9 0.263021 0.087963 0.00833333 0.037037 0.0154331
9 0.220052 0.0884259 0.00885417 0.0138889 0.0155999
9 0.565365 0.0402778 0.0109375 0.0416667 0.0193145
2 0.592448 0.126852 0.0182292 0.0240741 0.0197149
0 0.442448 0.0976852 0.0171875 0.0472222 0.0212405
9 0.269271 0.0356481 0.021875 0.0657407 0.0281931
9 0.223177 0.0574074 0.0130208 0.037037 0.035451
9 0.50026 0.60463 0.0151042 0.0462963 0.0521482
9 0.567187 0.0476852 0.00833333 0.025 0.0669203
2 0.463281 0.110648 0.0151042 0.0416667 0.0916988
9 0.502865 0.759722 0.0119792 0.0546296 0.161033
2 0.479167 0.108796 0.0270833 0.0453704 0.276339
2 0.322396 0.087037 0.0385417 0.0351852 0.348715
2 0.627604 0.122222 0.025 0.0518519 0.383211
2 0.50599 0.103704 0.0432292 0.062963 0.548492
11 0.729688 0.0435185 0.0270833 0.0592593 0.627369
2 0.318229 0.120833 0.0510417 0.0712963 0.636113
10 0.203906 0.314815 0.0161458 0.0685185 0.819425
2 0.370573 0.212037 0.0744792 0.1 0.87827
2 0.730469 0.418981 0.122396 0.173148 0.913322
