2 0.60651 0.421759 0.518229 0.186111 0.00100071
1 0.810677 0.330556 0.0182292 0.0777778 0.00100188
2 0.0625 0.109722 0.03125 0.0490741 0.00102151
2 0.985937 0.521759 0.0270833 0.178704 0.00104046
2 0.289583 0.102315 0.0989583 0.0935185 0.00108338
13 0.970312 0.537037 0.0583333 0.166667 0.00111658
2 0.995052 0.331944 0.00885417 0.0583333 0.0011227
0 0.501823 0.0564815 0.0151042 0.0296296 0.00114678
9 0.0578125 0.0222222 0.0135417 0.037037 0.00119729
12 0.98724 0.519444 0.0244792 0.177778 0.00124155
1 0.702083 0.297685 0.0229167 0.0824074 0.00126428
2 0.0257812 0.0986111 0.0505208 0.0638889 0.00127039
9 0.995052 0.527778 0.00885417 0.0555556 0.00128169
9 0.547917 0.0523148 0.0104167 0.0231481 0.001287
7 0.473177 0.100463 0.0390625 0.062037 0.00130733
0 0.845833 0.192593 0.00729167 0.05 0.00131899
11 0.220573 0.0648148 0.0515625 0.062963 0.0013266
1 0.0046875 0.455093 0.009375 0.24537 0.00133159
1 0.0119792 0.368056 0.0239583 0.0564815 0.00133186
2 0.264062 0.106944 0.009375 0.0435185 0.0013476
9 0.261979 0.0226852 0.0135417 0.0398148 0.00135111
7 0.090625 0.0925926 0.173958 0.101852 0.0014205
2 0.334635 0.0828704 0.0234375 0.037963 0.00142235
2 0.44375 0.101389 0.0197917 0.0472222 0.00151865
5 0.233594 0.0680556 0.0234375 0.0472222 0.00155627
9 0.292969 0.0537037 0.0078125 0.0425926 0.00163188
9 0.430208 0.0319444 0.009375 0.0287037 0.00164915
0 0.3625 0.0782407 0.0135417 0.0435185 0.00166286
9 0.115104 0.025 0.0166667 0.0425926 0.00168311
1 0.722396 0.295833 0.0322917 0.0694444 0.0017081
1 0.0296875 0.15787 0.059375 0.087963 0.00175738
2 0.290885 0.0726852 0.0130208 0.0157407 0.00175988
9 0.441667 0.224537 0.009375 0.0231481 0.00179256
0 0.731771 0.372685 0.0239583 0.0268519 0.00182125
2 0.536719 0.113889 0.00989583 0.0407407 0.00183307
9 0.415104 0.0101852 0.0145833 0.0203704 0.00189426
1 0.0138021 0.393519 0.0276042 0.12037 0.00194316
2 0.532031 0.1125 0.0140625 0.0416667 0.00204924
2 0.241927 0.106019 0.0161458 0.0305556 0.00212339
9 0.692187 0.164815 0.00833333 0.037037 0.00226009
2 0.05625 0.0675926 0.0416667 0.0333333 0.00228368
9 0.458073 0.0652778 0.0078125 0.0287037 0.0024298
7 0.970312 0.530093 0.0583333 0.210185 0.00248508
9 0.578646 0.0328704 0.0166667 0.0601852 0.00255202
10 0.196354 0.311574 0.03125 0.0842593 0.00257179
2 0.0710938 0.0481481 0.0130208 0.0203704 0.00259578
2 0.0450521 0.0972222 0.0661458 0.0740741 0.00264781
13 0.986198 0.521296 0.0265625 0.181481 0.00278044
2 0.00625 0.0907407 0.0125 0.0407407 0.00280708
2 0.0354167 0.0657407 0.0197917 0.0240741 0.0029714
9 0.108594 0.0296296 0.0109375 0.037037 0.00303194
2 0.426302 0.103241 0.179688 0.062037 0.00307931
7 0.988021 0.520833 0.0229167 0.189815 0.00313048
2 0.0424479 0.0606481 0.0286458 0.0287037 0.00313577
2 0.565885 0.10787 0.214062 0.0638889 0.00326218
9 0.26901 0.0430556 0.0213542 0.0490741 0.00344729
12 0.994531 0.503241 0.00989583 0.152778 0.00356534
9 0.210417 0.0671296 0.0270833 0.0453704 0.00376746
0 0.75625 0.0740741 0.0104167 0.0425926 0.00406819
11 0.60625 0.0592593 0.0104167 0.0259259 0.00414643
13 0.0135417 0.393056 0.0270833 0.119444 0.00427391
9 0.99349 0.500926 0.0119792 0.140741 0.00432919
2 0.304167 0.0824074 0.0291667 0.0351852 0.00447605
0 0.755208 0.0925926 0.0125 0.0777778 0.00453257
7 0.788021 0.0634259 0.0260417 0.0712963 0.0047774
58 0.96849 0.497222 0.0307292 0.0981481 0.00483695
0 0.714844 0.371759 0.0223958 0.0268519 0.00607421
2 0.00416667 0.4 0.00833333 0.105556 0.00614335
9 0.572917 0.0310185 0.0135417 0.0601852 0.00635738
11 0.236719 0.0685185 0.0171875 0.0444444 0.00657907
0 0.995573 0.32963 0.0078125 0.0518519 0.00692097
2 0.238802 0.139352 0.0192708 0.0435185 0.00808853
2 0.480469 0.106019 0.0442708 0.0490741 0.00859572
0 0.286458 0.115741 0.015625 0.0685185 0.00912002
2 0.369271 0.103704 0.0510417 0.0555556 0.00915599
1 0.00546875 0.389815 0.0109375 0.12037 0.00953987
9 0.26901 0.0203704 0.0203125 0.0351852 0.0109609
2 0.592708 0.125463 0.0166667 0.0231481 0.0112823
2 0.635156 0.146296 0.0109375 0.0518519 0.0114429
2 0.789062 0.0884259 0.0197917 0.0268519 0.0122893
9 0.442448 0.087037 0.0130208 0.0277778 0.0138583
7 0.220052 0.0662037 0.0505208 0.0694444 0.0145192
2 0.442708 0.087037 0.0135417 0.0277778 0.0146472
0 0.635417 0.148148 0.009375 0.0518519 0.0158628
5 0.220313 0.0685185 0.0510417 0.0648148 0.0194382
0 0.817708 0.234722 0.00833333 0.037963 0.020664
2 0.271094 0.110648 0.0151042 0.037963 0.023118
9 0.502604 0.759722 0.0135417 0.0546296 0.0236046
2 0.489062 0.108333 0.0145833 0.0481481 0.033369
2 0.363281 0.0708333 0.0130208 0.0342593 0.03823
7 0.298177 0.105556 0.0390625 0.0777778 0.0435273
2 0.299219 0.103704 0.0369792 0.0722222 0.0491497
9 0.567187 0.0481481 0.00833333 0.0240741 0.0719122
1 0.711198 0.293981 0.0140625 0.075 0.0829918
2 0.503125 0.0652778 0.0197917 0.025 0.103804
2 0.485156 0.0717593 0.0213542 0.0194444 0.164371
2 0.479688 0.110648 0.0177083 0.0416667 0.173946
2 0.465625 0.110648 0.01875 0.0398148 0.19457
1 0.714844 0.279167 0.0140625 0.0453704 0.275794
2 0.321875 0.0865741 0.0375 0.0342593 0.321639
7 0.505729 0.102778 0.0427083 0.0648148 0.479433
2 0.627344 0.121759 0.0255208 0.0509259 0.513177
0 0.717708 0.241204 0.0166667 0.0935185 0.708167
10 0.203646 0.315741 0.015625 0.0722222 0.758559
2 0.318229 0.121296 0.0510417 0.0703704 0.76052
2 0.382292 0.0912037 0.03125 0.0490741 0.77074
11 0.728906 0.0430556 0.0276042 0.0564815 0.80007
2 0.729948 0.418519 0.122396 0.174074 0.907685
