9 0.588802 0.0412037 0.0151042 0.0398148 0.00104781
2 0.771875 0.110185 0.0145833 0.0240741 0.00106058
2 0.65599 0.139352 0.0807292 0.0824074 0.00107025
2 0.869271 0.109259 0.0427083 0.0537037 0.00112859
7 0.986719 0.517593 0.0255208 0.181481 0.00113601
2 0.902344 0.143056 0.0515625 0.0824074 0.00115046
13 0.968229 0.554167 0.0520833 0.0583333 0.00116354
2 0.757292 0.117593 0.0145833 0.0388889 0.00120062
2 0.651563 0.150926 0.0458333 0.0611111 0.00122171
0 0.816927 0.233333 0.00885417 0.0444444 0.00122677
2 0.0119792 0.398611 0.0239583 0.108333 0.00126976
13 0.952604 0.420833 0.09375 0.139815 0.00129927
2 0.994271 0.518981 0.0104167 0.165741 0.00131257
2 0.510677 0.116204 0.277604 0.0842593 0.00140967
12 0.702083 0.131481 0.0229167 0.0703704 0.00143657
2 0.238021 0.108796 0.0177083 0.0435185 0.0014832
2 0.254948 0.0875 0.0203125 0.0361111 0.00154131
1 0.00494792 0.387037 0.00989583 0.122222 0.0016452
2 0.817187 0.23287 0.009375 0.0453704 0.00183171
9 0.361979 0.0671296 0.009375 0.0287037 0.00189049
2 0.801302 0.0847222 0.0192708 0.0231481 0.00190576
9 0.263802 0.0407407 0.0192708 0.0574074 0.00192128
13 0.971875 0.518981 0.0552083 0.173148 0.00194161
12 0.701563 0.161111 0.0229167 0.0407407 0.00200568
5 0.236979 0.0694444 0.0166667 0.0462963 0.00209369
9 0.994271 0.498148 0.0104167 0.131481 0.00212012
0 0.717708 0.370833 0.025 0.0287037 0.00219524
13 0.00442708 0.394444 0.00885417 0.112963 0.00219899
9 0.275 0.0407407 0.0333333 0.0759259 0.00220475
2 0.885938 0.123148 0.078125 0.0833333 0.00227966
10 0.195573 0.29537 0.0338542 0.114815 0.00234228
2 0.779167 0.101852 0.0291667 0.0444444 0.0023427
7 0.294531 0.099537 0.0796875 0.0953704 0.00240757
9 0.263281 0.0902778 0.00885417 0.0398148 0.0025108
9 0.583594 0.0439815 0.0130208 0.037963 0.00253923
2 0.60651 0.0611111 0.00989583 0.0259259 0.00255604
2 0.00416667 0.408333 0.00833333 0.0833333 0.00256672
9 0.5 0.603241 0.0145833 0.037963 0.00271602
13 0.0135417 0.393981 0.0270833 0.113889 0.00275104
2 0.810417 0.0712963 0.01875 0.0166667 0.00305312
2 0.816146 0.0689815 0.0135417 0.012037 0.00308356
2 0.408333 0.112037 0.280208 0.0851852 0.0033642
58 0.96849 0.496759 0.0296875 0.0861111 0.00407351
12 0.994271 0.49537 0.0104167 0.12963 0.00411283
12 0.692187 0.165741 0.00833333 0.0388889 0.00464776
2 0.592448 0.125926 0.0171875 0.0240741 0.00502304
0 0.758333 0.0708333 0.0104167 0.0398148 0.00584556
0 0.265885 0.0990741 0.0109375 0.0537037 0.00632085
9 0.502604 0.759722 0.0125 0.0546296 0.00832731
9 0.269531 0.0458333 0.0203125 0.0435185 0.00875482
9 0.573438 0.0310185 0.0145833 0.0601852 0.00884574
2 0.813281 0.075463 0.0182292 0.0157407 0.00998371
0 0.995573 0.32963 0.0078125 0.0611111 0.0103188
2 0.531771 0.111574 0.0135417 0.0416667 0.0103232
2 0.238281 0.140278 0.0182292 0.0416667 0.0140952
9 0.26901 0.0240741 0.0203125 0.0425926 0.0144621
2 0.271094 0.109259 0.0140625 0.0407407 0.0150535
2 0.785417 0.0898148 0.0145833 0.0222222 0.0226431
2 0.634635 0.14537 0.0109375 0.0537037 0.0372603
9 0.566927 0.0481481 0.0078125 0.0240741 0.0466078
7 0.220052 0.0657407 0.0505208 0.0703704 0.0582228
5 0.220313 0.0662037 0.05 0.0657407 0.0755561
2 0.298698 0.107407 0.0390625 0.0833333 0.143947
7 0.297917 0.106944 0.0395833 0.0824074 0.156855
2 0.322135 0.0851852 0.0380208 0.0351852 0.235272
2 0.479948 0.108796 0.0182292 0.0472222 0.31744
7 0.505729 0.103704 0.0427083 0.062963 0.335515
2 0.627083 0.121296 0.0260417 0.0518519 0.438824
2 0.505469 0.104167 0.0432292 0.062037 0.52331
2 0.317969 0.121296 0.0515625 0.0722222 0.644713
2 0.454167 0.106019 0.0416667 0.0527778 0.778154
10 0.203906 0.315741 0.0161458 0.0722222 0.800463
11 0.729167 0.0435185 0.0270833 0.0555556 0.815908
2 0.729948 0.419444 0.122396 0.17037 0.90816
