10 0.194792 0.296296 0.0333333 0.116667 0.00108029
0 0.263021 0.104167 0.009375 0.0527778 0.00115324
9 0.429688 0.0430556 0.00833333 0.0268519 0.00115832
2 0.515885 0.115741 0.273438 0.087037 0.00116104
0 0.526563 0.288426 0.508333 0.447222 0.00118053
0 0.442969 0.100463 0.0182292 0.0509259 0.00123206
0 0.707292 0.372685 0.0197917 0.0268519 0.00124341
32 0.454167 0.314352 0.00729167 0.0138889 0.00130988
9 0.502865 0.758796 0.0151042 0.0583333 0.00134174
2 0.563281 0.424074 0.580729 0.174074 0.00136259
9 0.990365 0.512037 0.0182292 0.17037 0.00138061
0 0.717448 0.372222 0.0244792 0.0259259 0.0013892
9 0.190885 0.087037 0.00989583 0.0203704 0.00142994
13 0.970573 0.541204 0.0578125 0.167593 0.00146944
7 0.295052 0.108333 0.0828125 0.0907407 0.00152803
9 0.259896 0.0736111 0.0135417 0.0509259 0.00153715
12 0.701563 0.165278 0.01875 0.037963 0.00158343
2 0.782812 0.112963 0.0364583 0.0648148 0.00160247
12 0.692448 0.162963 0.0078125 0.0407407 0.00165111
9 0.415365 0.00925926 0.0151042 0.0185185 0.00165884
13 0.0135417 0.394907 0.0270833 0.113889 0.00167526
7 0.235677 0.0680556 0.0192708 0.0490741 0.00168708
9 0.253646 0.0856481 0.0166667 0.0361111 0.00171959
9 0.21875 0.104167 0.0104167 0.0398148 0.00173319
2 0.297917 0.136111 0.01875 0.0462963 0.00174141
7 0.970573 0.524537 0.0578125 0.206481 0.00176706
1 0.0046875 0.369907 0.009375 0.0657407 0.0018165
9 0.758073 0.0717593 0.00989583 0.0416667 0.00186257
7 0.220052 0.0912037 0.0546875 0.126852 0.00189742
0 0.744792 0.141204 0.0114583 0.0398148 0.0019237
9 0.579687 0.0337963 0.015625 0.0638889 0.00202524
13 0.00390625 0.4 0.0078125 0.103704 0.00206072
0 0.846094 0.211111 0.00885417 0.0796296 0.00221048
9 0.18776 0.0851852 0.00677083 0.0277778 0.00221692
9 0.290625 0.0712963 0.0135417 0.0148148 0.00225111
12 0.701823 0.138889 0.0223958 0.0888889 0.00226208
2 0.77526 0.122685 0.0192708 0.0435185 0.0023532
2 0.21901 0.139352 0.0578125 0.0453704 0.00240639
0 0.816927 0.237037 0.00885417 0.037037 0.00252824
9 0.293229 0.0560185 0.009375 0.0398148 0.00260316
2 0.406771 0.114815 0.261458 0.0796296 0.00276873
9 0.266927 0.0967593 0.0109375 0.0527778 0.00282703
12 0.976042 0.497222 0.04375 0.125926 0.00283021
2 0.65026 0.149537 0.0390625 0.0564815 0.0032647
7 0.213281 0.062037 0.0359375 0.0611111 0.00331857
9 0.26276 0.0856481 0.0078125 0.0342593 0.00433274
2 0.53151 0.112963 0.0140625 0.0425926 0.00441143
2 0.363281 0.0675926 0.0130208 0.0240741 0.00453285
9 0.458333 0.0652778 0.00729167 0.0305556 0.00549069
2 0.271094 0.109259 0.0140625 0.0388889 0.005976
12 0.994792 0.493981 0.009375 0.136111 0.00620208
9 0.269792 0.0509259 0.01875 0.0351852 0.00623305
9 0.573177 0.0319444 0.0151042 0.0601852 0.00709553
2 0.605729 0.0597222 0.009375 0.025 0.00830424
9 0.214844 0.0546296 0.0296875 0.05 0.00942514
2 0.442708 0.0865741 0.0135417 0.025 0.00966645
9 0.207813 0.0662037 0.0197917 0.0453704 0.0115893
2 0.786458 0.0888889 0.015625 0.0240741 0.011836
2 0.592448 0.127315 0.0171875 0.0212963 0.0125828
9 0.269531 0.0291667 0.0203125 0.0509259 0.01591
9 0.442969 0.087037 0.0130208 0.0259259 0.0167067
2 0.238281 0.141667 0.0182292 0.0407407 0.0172954
11 0.23724 0.0671296 0.0161458 0.0398148 0.0185656
9 0.21901 0.0893519 0.0078125 0.0138889 0.0212031
0 0.635417 0.149074 0.009375 0.05 0.0252402
2 0.494531 0.106944 0.0234375 0.0527778 0.0267704
2 0.635417 0.146296 0.0104167 0.0518519 0.0297383
9 0.567187 0.0481481 0.00833333 0.0240741 0.0418435
2 0.292969 0.108333 0.0286458 0.0814815 0.0485533
7 0.296615 0.10787 0.0369792 0.0842593 0.134187
2 0.465625 0.113889 0.0177083 0.0351852 0.146467
2 0.480208 0.110185 0.0208333 0.0425926 0.19248
2 0.321354 0.0861111 0.0385417 0.0333333 0.195433
2 0.627344 0.122222 0.0255208 0.0518519 0.291468
2 0.505729 0.104167 0.0427083 0.062037 0.540491
2 0.318229 0.121759 0.0510417 0.0712963 0.593425
11 0.729427 0.0430556 0.0265625 0.0583333 0.727488
2 0.358333 0.109259 0.0322917 0.0444444 0.782022
10 0.203646 0.316204 0.0166667 0.0731481 0.793814
2 0.494271 0.181019 0.06875 0.0935185 0.860317
2 0.729948 0.419907 0.122396 0.171296 0.879615
