2 0.4625 0.114352 0.0145833 0.0398148 0.00101476
9 0.551823 0.0583333 0.0130208 0.0240741 0.00103771
2 0.79349 0.107407 0.0578125 0.0648148 0.00105272
2 0.976042 0.517593 0.046875 0.168519 0.001061
7 0.235677 0.0736111 0.0213542 0.0583333 0.00108921
10 0.199219 0.295833 0.0255208 0.113889 0.00117392
0 0.757031 0.375 0.0203125 0.0314815 0.00117892
9 0.278906 0.0703704 0.0369792 0.135185 0.0011895
2 0.00625 0.0912037 0.0125 0.0453704 0.00121989
9 0.548177 0.0537037 0.0109375 0.0259259 0.00124506
9 0.558854 0.0273148 0.0229167 0.0527778 0.00129139
12 0.693229 0.143519 0.009375 0.0833333 0.00134924
2 0.0046875 0.557407 0.009375 0.0407407 0.0014079
2 0.658333 0.1375 0.0760417 0.0861111 0.0014995
2 0.771875 0.113426 0.0145833 0.0287037 0.00158742
12 0.701823 0.131481 0.0234375 0.0703704 0.0016218
7 0.990885 0.518519 0.0171875 0.172222 0.00166455
0 0.717188 0.371296 0.0260417 0.0277778 0.00170721
32 0.454427 0.315278 0.0078125 0.0175926 0.00174412
26 0.0794271 0.851389 0.0192708 0.0342593 0.00178748
2 0.363542 0.0680556 0.0114583 0.0212963 0.00181274
2 0.444792 0.100463 0.0229167 0.0472222 0.00183259
2 0.816927 0.233333 0.00989583 0.0425926 0.00188181
12 0.700781 0.164815 0.0234375 0.0388889 0.00191817
7 0.788021 0.0523148 0.0260417 0.087963 0.00198032
26 0.0789063 0.818519 0.0213542 0.0518519 0.00202955
2 0.296094 0.105556 0.0796875 0.0962963 0.0020424
9 0.995313 0.526389 0.00833333 0.0472222 0.0020731
0 0.615885 0.575463 0.0244792 0.0342593 0.00207846
9 0.561979 0.0513889 0.01875 0.025 0.00209463
9 0.292708 0.0560185 0.00833333 0.0361111 0.00210478
1 0.810938 0.331481 0.0166667 0.0907407 0.00211372
24 0.0458333 0.785648 0.0177083 0.0546296 0.00212872
2 0.531771 0.112037 0.0135417 0.0425926 0.00241822
5 0.788021 0.0518519 0.0270833 0.0925926 0.00242176
13 0.961979 0.556481 0.040625 0.0444444 0.00250951
2 0.779167 0.105093 0.0291667 0.0509259 0.00253584
2 0.217969 0.1375 0.0598958 0.0509259 0.00259101
2 0.545052 0.109722 0.309896 0.0768519 0.0028641
2 0.404687 0.109722 0.279167 0.0842593 0.00304534
11 0.23724 0.0675926 0.0171875 0.0425926 0.00313083
9 0.290365 0.0263889 0.0109375 0.0342593 0.00323955
1 0.00520833 0.364352 0.0104167 0.0583333 0.00344557
9 0.583594 0.0439815 0.0119792 0.037963 0.00351515
1 0.0460938 0.153704 0.0901042 0.0944444 0.00364771
2 0.60599 0.0597222 0.00989583 0.0231481 0.00380829
0 0.263021 0.10463 0.009375 0.05 0.00397381
9 0.210677 0.0666667 0.0296875 0.05 0.00482963
9 0.994531 0.493519 0.00989583 0.127778 0.00537531
1 0.0783854 0.908796 0.0151042 0.087963 0.00553314
1 0.0338542 0.870833 0.0208333 0.0601852 0.00574354
9 0.572396 0.0314815 0.0135417 0.0592593 0.00607453
2 0.267708 0.1 0.0125 0.0555556 0.00615447
9 0.416667 0.0143519 0.0166667 0.0287037 0.0062336
7 0.970573 0.527778 0.0578125 0.198148 0.0080609
1 0.00390625 0.400926 0.0078125 0.103704 0.00816143
1 0.009375 0.396296 0.01875 0.118519 0.00828604
0 0.757031 0.0921296 0.0140625 0.0787037 0.00846014
1 0.0138021 0.365741 0.0276042 0.0518519 0.00884572
9 0.269792 0.0412037 0.021875 0.0675926 0.00957258
9 0.36224 0.0694444 0.00885417 0.0222222 0.00991009
2 0.591927 0.125463 0.0182292 0.025 0.0108959
2 0.271354 0.10787 0.0145833 0.0435185 0.0120725
1 0.0429688 0.918981 0.0390625 0.158333 0.012237
12 0.691927 0.165278 0.00885417 0.0398148 0.0180165
2 0.238542 0.140741 0.01875 0.0407407 0.0223861
0 0.667448 0.569444 0.0307292 0.0388889 0.0244488
2 0.634896 0.143981 0.0104167 0.0509259 0.0249931
7 0.220052 0.0680556 0.0515625 0.0638889 0.0264131
2 0.442448 0.087963 0.0151042 0.0259259 0.0276074
24 0.0651042 0.76713 0.0229167 0.0453704 0.0327359
2 0.813802 0.0759259 0.0192708 0.0185185 0.0352992
2 0.786198 0.0888889 0.0161458 0.0240741 0.0364647
2 0.486979 0.107407 0.0145833 0.05 0.0382068
9 0.26901 0.0208333 0.0203125 0.0361111 0.0383704
5 0.220313 0.0685185 0.0520833 0.0611111 0.0397717
24 0.0640625 0.785648 0.0395833 0.0657407 0.0428824
9 0.567187 0.0481481 0.00833333 0.0240741 0.0664385
7 0.296875 0.108333 0.0375 0.0814815 0.0931881
2 0.294792 0.10787 0.03125 0.0805556 0.135634
2 0.322656 0.0865741 0.0369792 0.0361111 0.261846
2 0.627083 0.12037 0.025 0.0518519 0.302542
2 0.472135 0.109259 0.0317708 0.0444444 0.305141
2 0.436458 0.0671296 0.0416667 0.0268519 0.496846
1 0.0601562 0.920833 0.0526042 0.156481 0.584681
2 0.50599 0.103704 0.0421875 0.062963 0.606674
2 0.31849 0.121759 0.0505208 0.0694444 0.669595
10 0.204167 0.315741 0.015625 0.0722222 0.746057
11 0.728906 0.0425926 0.0276042 0.0555556 0.777633
0 0.0632813 0.856481 0.0546875 0.268519 0.853311
2 0.729948 0.419907 0.122396 0.169444 0.906824
2 0.632552 0.620833 0.151562 0.206481 0.930538
