10 0.00625 0.459259 0.0125 0.237037 0.00101246
2 0.0320312 0.0699074 0.0203125 0.0194444 0.00103559
12 0.976823 0.5 0.0442708 0.135185 0.00105588
9 0.415625 0.0087963 0.015625 0.0175926 0.0010611
11 0.223438 0.0736111 0.04375 0.0564815 0.00107112
2 0.21901 0.13287 0.0578125 0.0583333 0.00109149
7 0.472396 0.101389 0.0385417 0.062037 0.00110552
0 0.733073 0.371759 0.0276042 0.0305556 0.00111644
2 0.00598958 0.0925926 0.0119792 0.0481481 0.0011421
9 0.757292 0.0731481 0.0104167 0.0407407 0.00116631
2 0.653125 0.138426 0.078125 0.0787037 0.00117
2 0.285417 0.0731481 0.0197917 0.037037 0.00120137
9 0.253125 0.087037 0.0135417 0.037037 0.0012948
0 0.846094 0.159259 0.0078125 0.0759259 0.00137531
13 0.994531 0.521296 0.00989583 0.172222 0.001404
9 0.50026 0.602315 0.0151042 0.0398148 0.00140553
9 0.107813 0.0296296 0.0114583 0.0351852 0.00142088
9 0.26224 0.0458333 0.0151042 0.0509259 0.00142924
9 0.263281 0.0888889 0.0078125 0.0407407 0.00143924
7 0.21901 0.0847222 0.0557292 0.119444 0.0014487
2 0.46224 0.113889 0.0140625 0.0407407 0.00149181
2 0.4125 0.106481 0.240625 0.0777778 0.00167227
58 0.96849 0.494444 0.0296875 0.0888889 0.00170294
1 0.00703125 0.458333 0.0140625 0.235185 0.00175508
2 0.242969 0.106481 0.0161458 0.0296296 0.00179186
11 0.240365 0.0361111 0.0213542 0.0703704 0.00189634
9 0.457812 0.0652778 0.00729167 0.0287037 0.00191414
0 0.757812 0.373611 0.0197917 0.0324074 0.00191833
1 0.810938 0.332407 0.0177083 0.0814815 0.00194633
9 0.115365 0.0240741 0.0151042 0.0407407 0.00196715
2 0.813281 0.075 0.0171875 0.0185185 0.00202978
7 0.986458 0.528241 0.0260417 0.19537 0.00205447
2 0.652083 0.150463 0.04375 0.0601852 0.00216654
0 0.282813 0.0865741 0.00833333 0.0268519 0.00227326
9 0.276302 0.0402778 0.0380208 0.0768519 0.00236168
2 0.499479 0.102315 0.0333333 0.062037 0.00236532
7 0.213021 0.0611111 0.0354167 0.0648148 0.00239451
1 0.0109375 0.371296 0.021875 0.0555556 0.00243257
2 0.218229 0.0944444 0.0541667 0.0666667 0.00252142
9 0.267969 0.0976852 0.0119792 0.0546296 0.00252311
2 0.208333 0.107407 0.0364583 0.0407407 0.0025249
2 0.780208 0.101852 0.0302083 0.05 0.00256971
2 0.571875 0.109259 0.220833 0.0666667 0.00260986
7 0.275781 0.0439815 0.0390625 0.0861111 0.00262736
9 0.215625 0.0671296 0.0395833 0.0527778 0.002904
2 0.288281 0.0851852 0.0140625 0.0388889 0.00295078
2 0.345052 0.0777778 0.0182292 0.0296296 0.00297475
13 0.984115 0.527778 0.0307292 0.192593 0.00299178
0 0.715365 0.371759 0.0223958 0.0268519 0.00324467
2 0.28776 0.116204 0.0140625 0.0601852 0.00334657
9 0.429688 0.0393519 0.00833333 0.0212963 0.0033603
0 0.845833 0.17963 0.00625 0.0314815 0.00336957
7 0.970052 0.53287 0.0588542 0.212037 0.00348795
0 0.442448 0.0972222 0.0161458 0.0481481 0.00369322
3 0.816406 0.234259 0.0109375 0.0388889 0.00417019
1 0.811458 0.225 0.021875 0.0574074 0.00426446
2 0.442708 0.0875 0.0135417 0.0268519 0.00456176
2 0.0046875 0.556944 0.009375 0.0398148 0.0050034
9 0.292448 0.0550926 0.00885417 0.0435185 0.00509277
2 0.291146 0.0712963 0.0114583 0.0185185 0.00516095
0 0.284115 0.109259 0.0119792 0.0685185 0.00517782
9 0.585417 0.0337963 0.0145833 0.0564815 0.0057799
12 0.994271 0.494444 0.0104167 0.12963 0.00616076
2 0.60625 0.0597222 0.0114583 0.025 0.00627306
2 0.271094 0.109259 0.0140625 0.0388889 0.00654908
9 0.269531 0.0486111 0.0203125 0.0398148 0.00690075
2 0.480208 0.10787 0.0416667 0.0527778 0.00906257
9 0.207292 0.0685185 0.01875 0.0407407 0.00943744
9 0.502344 0.759722 0.0130208 0.0546296 0.00965202
11 0.23724 0.0680556 0.0161458 0.0416667 0.0100497
2 0.307813 0.0805556 0.0208333 0.0314815 0.0101054
9 0.573698 0.0305556 0.0140625 0.0592593 0.0104177
2 0.00651042 0.396759 0.0130208 0.108333 0.0109273
2 0.238542 0.140741 0.01875 0.0407407 0.0116983
9 0.442448 0.087037 0.0130208 0.0259259 0.011931
9 0.220833 0.0884259 0.0114583 0.0157407 0.0127517
1 0.816146 0.215741 0.0125 0.0574074 0.0128953
2 0.592448 0.126852 0.0182292 0.0222222 0.0137849
2 0.302604 0.103704 0.034375 0.0703704 0.0142572
0 0.635417 0.148611 0.009375 0.0509259 0.0165436
9 0.269271 0.0199074 0.0208333 0.0342593 0.0171497
1 0.00833333 0.396296 0.0166667 0.112963 0.0183672
2 0.635156 0.146296 0.0109375 0.0518519 0.0248544
2 0.785417 0.0888889 0.0135417 0.0240741 0.0360426
9 0.567448 0.0476852 0.0078125 0.0231481 0.0448558
9 0.222656 0.0597222 0.0119792 0.0398148 0.0877106
2 0.48151 0.110185 0.0182292 0.0444444 0.204142
2 0.468229 0.109722 0.025 0.0435185 0.266162
7 0.369792 0.0699074 0.0291667 0.0472222 0.324262
2 0.369531 0.0699074 0.0286458 0.0472222 0.342969
2 0.321615 0.0856481 0.0380208 0.0324074 0.412086
2 0.627344 0.121759 0.0255208 0.0509259 0.497356
7 0.50651 0.103241 0.0411458 0.0638889 0.528146
2 0.31875 0.121296 0.0510417 0.0703704 0.75323
10 0.204167 0.315741 0.0166667 0.0722222 0.767267
0 0.810417 0.186574 0.021875 0.087963 0.773702
11 0.728906 0.0430556 0.0276042 0.0564815 0.797104
2 0.729948 0.419907 0.122396 0.171296 0.882598
