2 0.797917 0.075463 0.0354167 0.0342593 0.00115499
2 0.807813 0.0703704 0.0145833 0.0166667 0.00120605
2 0.103385 0.125 0.0223958 0.0425926 0.00121739
2 0.213281 0.106481 0.0484375 0.05 0.00123553
2 0.640365 0.125 0.0494792 0.0555556 0.00127503
9 0.219271 0.101852 0.0104167 0.0388889 0.00127875
12 0.702344 0.14213 0.0203125 0.0805556 0.00130257
2 0.811719 0.075463 0.0203125 0.0212963 0.00136723
9 0.278125 0.0759259 0.0375 0.146296 0.00137568
9 0.583073 0.037037 0.0151042 0.0592593 0.00140578
11 0.239583 0.0375 0.021875 0.0731481 0.00144281
1 0.00390625 0.396296 0.0078125 0.111111 0.00145855
2 0.220052 0.124537 0.0567708 0.0731481 0.00150392
2 0.528646 0.10787 0.43125 0.0842593 0.00158916
9 0.576823 0.0337963 0.0140625 0.0657407 0.00161375
7 0.271875 0.0467593 0.0270833 0.0898148 0.00171893
7 0.970833 0.521759 0.0572917 0.189815 0.00174651
9 0.238281 0.075 0.0161458 0.0537037 0.00177221
2 0.226302 0.102315 0.0286458 0.037963 0.00182322
0 0.263542 0.102315 0.009375 0.0527778 0.00184793
9 0.110156 0.0240741 0.0109375 0.0351852 0.00196952
13 0.970573 0.518519 0.0578125 0.175926 0.00203386
2 0.00364583 0.409722 0.00729167 0.0842593 0.00204882
0 0.758073 0.375463 0.0171875 0.0287037 0.00220016
2 0.592448 0.123148 0.0182292 0.0314815 0.00233529
2 0.773698 0.114352 0.0182292 0.0324074 0.00248321
2 0.274479 0.114815 0.021875 0.0537037 0.00250093
9 0.547917 0.0523148 0.0104167 0.0231481 0.00254178
2 0.447917 0.115278 0.0291667 0.0231481 0.00255832
9 0.990365 0.501389 0.0182292 0.134259 0.00258293
9 0.488802 0.980093 0.0151042 0.037963 0.00272926
2 0.779948 0.105556 0.0307292 0.0518519 0.00274592
0 0.729167 0.371759 0.0291667 0.0287037 0.00276803
2 0.290625 0.0986111 0.0791667 0.0972222 0.00296603
2 0.00625 0.0902778 0.0125 0.0416667 0.00302878
2 0.390104 0.107407 0.196875 0.087037 0.00308843
9 0.292188 0.0652778 0.0114583 0.0231481 0.00316703
9 0.558333 0.0282407 0.0260417 0.0546296 0.00317659
12 0.963542 0.498148 0.01875 0.0722222 0.00326163
2 0.791667 0.0865741 0.0197917 0.0194444 0.00382494
9 0.254167 0.0861111 0.015625 0.037037 0.00385186
0 0.755208 0.0907407 0.0166667 0.0851852 0.00458504
11 0.236979 0.0675926 0.0166667 0.0425926 0.00475749
2 0.784635 0.0893519 0.0203125 0.0194444 0.00480826
9 0.258073 0.075 0.0109375 0.05 0.00487475
12 0.986979 0.49213 0.021875 0.117593 0.00551767
5 0.219792 0.0782407 0.0520833 0.075 0.00628617
9 0.29375 0.0546296 0.0104167 0.0407407 0.00650581
9 0.266146 0.0935185 0.0114583 0.0462963 0.00686615
9 0.442448 0.0865741 0.0140625 0.025 0.00702113
2 0.605729 0.0592593 0.0104167 0.0277778 0.00712471
5 0.214844 0.0583333 0.0369792 0.0592593 0.00737076
2 0.238542 0.140741 0.01875 0.0407407 0.00754131
0 0.709375 0.372685 0.01875 0.025 0.00914261
9 0.220313 0.0888889 0.009375 0.0166667 0.00928974
0 0.716667 0.37037 0.0229167 0.0277778 0.00949077
12 0.973177 0.494444 0.0380208 0.118519 0.0108607
2 0.416927 0.0185185 0.0182292 0.0351852 0.010935
9 0.263281 0.0875 0.00989583 0.0342593 0.0111526
7 0.219792 0.0671296 0.0520833 0.0712963 0.0112581
9 0.20625 0.0657407 0.0166667 0.037037 0.0131096
2 0.442708 0.0851852 0.0145833 0.0240741 0.0143679
12 0.994792 0.488889 0.009375 0.12037 0.0147829
9 0.566927 0.0310185 0.0130208 0.0583333 0.020935
2 0.270833 0.112037 0.0135417 0.0333333 0.0221521
9 0.222656 0.0574074 0.0130208 0.0388889 0.0326344
2 0.46224 0.109722 0.0140625 0.0398148 0.0328871
0 0.633594 0.147222 0.0130208 0.0537037 0.0418937
9 0.567448 0.0472222 0.00885417 0.0240741 0.0502168
7 0.29375 0.109259 0.03125 0.0796296 0.0595934
2 0.348698 0.0587963 0.0140625 0.0287037 0.0883076
9 0.26901 0.0347222 0.0223958 0.0657407 0.115769
9 0.500521 0.602315 0.015625 0.0398148 0.124931
2 0.292188 0.111111 0.0270833 0.0777778 0.172466
9 0.502604 0.759722 0.0125 0.0546296 0.206051
7 0.370833 0.0560185 0.0510417 0.037963 0.223137
2 0.321875 0.0851852 0.0385417 0.0351852 0.297046
2 0.373698 0.0560185 0.0453125 0.037963 0.332528
2 0.627604 0.121759 0.025 0.0509259 0.376022
7 0.50599 0.103241 0.0432292 0.062037 0.418442
2 0.505729 0.102778 0.04375 0.062963 0.445506
2 0.473177 0.108333 0.0338542 0.0444444 0.485906
2 0.318229 0.120833 0.0510417 0.0694444 0.710539
2 0.392708 0.103241 0.04375 0.0583333 0.768532
11 0.729427 0.0412037 0.0276042 0.0546296 0.781204
10 0.203906 0.314815 0.0161458 0.0685185 0.82266
2 0.730208 0.418056 0.121875 0.175 0.912263
