1 0.0127604 0.356944 0.0255208 0.0916667 0.00103031
9 0.559115 0.0259259 0.0213542 0.0462963 0.00105913
2 0.0614583 0.0666667 0.0322917 0.0277778 0.00106062
11 0.222135 0.0643518 0.0473958 0.0490741 0.00106716
9 0.56224 0.050463 0.0192708 0.025 0.0010685
7 0.146615 0.0902778 0.0630208 0.0712963 0.00116192
9 0.547917 0.0523148 0.0104167 0.025 0.00116252
2 0.0114583 0.39537 0.0229167 0.12037 0.00116394
12 0.995573 0.531944 0.0078125 0.0398148 0.00118053
13 0.961719 0.55463 0.0390625 0.0407407 0.00120018
9 0.579167 0.0324074 0.0125 0.0592593 0.00125308
13 0.971615 0.519907 0.0557292 0.175 0.00126527
12 0.695312 0.162963 0.00833333 0.037037 0.00130707
9 0.253125 0.0875 0.015625 0.0342593 0.00136323
9 0.107292 0.0291667 0.0135417 0.0398148 0.00139715
9 0.261458 0.0472222 0.0145833 0.0481481 0.00141296
7 0.220573 0.0925926 0.0536458 0.125926 0.00142182
2 0.53151 0.112037 0.0140625 0.0425926 0.00142341
2 0.645573 0.151852 0.0286458 0.0611111 0.00145151
0 0.816927 0.234259 0.00885417 0.0407407 0.00160016
9 0.115885 0.025 0.0171875 0.0388889 0.00161316
2 0.77526 0.122222 0.0192708 0.0444444 0.00164118
12 0.702344 0.130093 0.0223958 0.0657407 0.00175918
12 0.817187 0.233796 0.009375 0.0398148 0.00187717
1 0.801042 0.31713 0.0291667 0.0824074 0.00195798
9 0.429427 0.0319444 0.00989583 0.0305556 0.00195809
0 0.715625 0.371759 0.0229167 0.0268519 0.00198128
9 0.272135 0.0421296 0.0286458 0.0805556 0.00199829
2 0.290365 0.131944 0.0171875 0.0546296 0.00217587
12 0.976042 0.498611 0.0427083 0.128704 0.00233754
12 0.702344 0.157407 0.0223958 0.0481481 0.00240367
2 0.567969 0.108333 0.283854 0.0648148 0.00244125
9 0.269792 0.049537 0.0208333 0.0490741 0.00250382
9 0.469531 0.413426 0.00989583 0.0268519 0.0025412
9 0.263021 0.087963 0.00833333 0.0351852 0.00254944
0 0.263021 0.108796 0.00833333 0.0398148 0.00265698
2 0.224219 0.138889 0.0473958 0.0462963 0.00277301
2 0.402604 0.111574 0.2625 0.075 0.00285053
9 0.458073 0.0657407 0.0078125 0.0277778 0.00287905
2 0.644531 0.394907 0.322396 0.228704 0.00291531
2 0.593229 0.293519 0.0114583 0.0203704 0.00329362
0 0.442708 0.0976852 0.0166667 0.0490741 0.00333519
0 0.75651 0.0837963 0.0140625 0.062037 0.00342112
2 0.267708 0.0990741 0.0125 0.0555556 0.00342395
7 0.217969 0.0643518 0.0453125 0.0657407 0.00346022
1 0.00572917 0.36713 0.0114583 0.0694444 0.00350778
2 0.291927 0.0703704 0.0119792 0.0148148 0.00350905
0 0.554427 0.290278 0.0494792 0.0453704 0.00357345
2 0.442708 0.0875 0.0135417 0.0268519 0.00374809
13 0.0127604 0.367593 0.0255208 0.0574074 0.0038162
9 0.293229 0.0560185 0.0104167 0.0416667 0.00400627
9 0.757292 0.074537 0.0125 0.0453704 0.00410896
9 0.56875 0.0319444 0.0125 0.0583333 0.00465691
5 0.213802 0.0615741 0.0338542 0.0583333 0.00486614
2 0.457812 0.109722 0.0989583 0.0564815 0.00625282
13 0.0138021 0.390741 0.0276042 0.12037 0.00640579
12 0.994792 0.496759 0.009375 0.134259 0.00730938
1 0.00885417 0.393056 0.0177083 0.115741 0.00765155
9 0.214844 0.062037 0.0286458 0.0518519 0.00894788
2 0.00416667 0.405556 0.00833333 0.0925926 0.0100675
9 0.220313 0.0884259 0.0104167 0.0157407 0.0104118
0 0.534896 0.288889 0.0208333 0.0296296 0.010602
9 0.269271 0.025463 0.0208333 0.0453704 0.0109433
13 0.0046875 0.393519 0.009375 0.114815 0.011602
2 0.635417 0.147685 0.0104167 0.0527778 0.0116645
9 0.442708 0.087037 0.0135417 0.0259259 0.0125793
2 0.60599 0.0597222 0.0109375 0.025 0.0126353
11 0.23724 0.0666667 0.0161458 0.037037 0.012818
0 0.566927 0.291667 0.0192708 0.0259259 0.014368
2 0.238542 0.140741 0.01875 0.0425926 0.0149959
0 0.545313 0.288426 0.025 0.0361111 0.0150607
0 0.635417 0.149537 0.009375 0.0490741 0.0157284
9 0.221354 0.0541667 0.0166667 0.0416667 0.016439
1 0.811198 0.333796 0.0182292 0.0935185 0.0191414
2 0.785937 0.0888889 0.015625 0.0240741 0.0236306
9 0.502604 0.759722 0.0125 0.0546296 0.030292
2 0.272135 0.1125 0.0161458 0.0342593 0.0473907
2 0.294271 0.109259 0.03125 0.0851852 0.0499266
9 0.567187 0.0481481 0.00833333 0.0240741 0.075696
2 0.46224 0.112037 0.0130208 0.0388889 0.121379
7 0.298177 0.108333 0.0411458 0.0851852 0.153767
2 0.321615 0.0851852 0.0390625 0.0314815 0.202773
2 0.469531 0.109722 0.0265625 0.0435185 0.245298
2 0.480208 0.109259 0.021875 0.0444444 0.248845
7 0.50651 0.104167 0.0421875 0.0638889 0.360705
2 0.627344 0.122222 0.0255208 0.0518519 0.462184
2 0.50651 0.103704 0.0411458 0.062963 0.47538
2 0.350521 0.112963 0.0197917 0.0388889 0.603474
2 0.31901 0.121759 0.0505208 0.0712963 0.685098
11 0.729167 0.0435185 0.0270833 0.0574074 0.757994
10 0.203906 0.315741 0.0161458 0.0722222 0.803195
2 0.545313 0.326852 0.10625 0.146296 0.804067
2 0.729688 0.419907 0.121875 0.173148 0.902546
