2 0.0291667 0.105093 0.040625 0.0509259 0.00103138
7 0.286198 0.0972222 0.0765625 0.112963 0.00104016
0 0.73099 0.372222 0.0255208 0.0277778 0.00106968
2 0.647656 0.412963 0.439063 0.194444 0.00107274
9 0.3625 0.0439815 0.009375 0.0305556 0.00107827
7 0.426042 0.062037 0.0489583 0.0407407 0.00117503
1 0.00885417 0.344444 0.0177083 0.101852 0.00119712
2 0.213802 0.105556 0.0505208 0.0388889 0.00122767
58 0.967969 0.494444 0.0317708 0.087037 0.00123347
7 0.21875 0.0865741 0.0572917 0.121296 0.00123757
0 0.0901042 0.134259 0.0302083 0.105556 0.0012422
2 0.255469 0.0865741 0.0203125 0.0361111 0.00128508
0 0.717708 0.372685 0.0270833 0.0268519 0.00137176
0 0.361979 0.0680556 0.00833333 0.0268519 0.00149841
9 0.502344 0.759722 0.0130208 0.0583333 0.00157319
0 0.708594 0.372685 0.0192708 0.0287037 0.0015819
0 0.75651 0.374537 0.0213542 0.0324074 0.00180883
0 0.263802 0.0925926 0.00885417 0.0481481 0.00182321
2 0.770312 0.111111 0.0166667 0.0333333 0.00189361
9 0.567969 0.0314815 0.0119792 0.0574074 0.00193597
7 0.0585938 0.134722 0.106771 0.125 0.00217008
2 0.550521 0.109722 0.2625 0.0805556 0.00238093
2 0.397135 0.1 0.131771 0.0703704 0.00245994
2 0.238542 0.1375 0.01875 0.0435185 0.00254359
11 0.236979 0.0694444 0.0166667 0.0444444 0.00271447
2 0.00546875 0.0893519 0.0109375 0.0398148 0.00277128
12 0.691406 0.163889 0.00885417 0.0407407 0.00279688
2 0.0130208 0.384722 0.0260417 0.136111 0.00288541
2 0.446354 0.118056 0.025 0.0194444 0.00326098
13 0.96224 0.553704 0.0401042 0.0407407 0.00333618
7 0.970312 0.519907 0.0583333 0.187963 0.00337187
7 0.232812 0.0680556 0.0239583 0.0509259 0.00345006
7 0.78776 0.0638889 0.0234375 0.0592593 0.00382997
2 0.291406 0.0689815 0.00989583 0.0157407 0.00403886
2 0.779427 0.100926 0.0338542 0.0518519 0.00413265
9 0.5 0.602315 0.0145833 0.0416667 0.00417355
13 0.992969 0.51713 0.0130208 0.175 0.00442901
7 0.316146 0.104167 0.0572917 0.0916667 0.00465409
7 0.991927 0.51713 0.0151042 0.175 0.00468605
13 0.970573 0.564352 0.0578125 0.0861111 0.00479133
13 0.984896 0.51713 0.0291667 0.178704 0.00524038
9 0.269271 0.050463 0.0197917 0.0361111 0.00610286
13 0.0135417 0.388426 0.0270833 0.123148 0.00612055
0 0.285937 0.106944 0.015625 0.0768519 0.00623805
2 0.269792 0.109722 0.0125 0.037963 0.00633761
9 0.992448 0.511574 0.0140625 0.165741 0.00674595
5 0.220052 0.062963 0.0484375 0.0574074 0.00713977
1 0.0138021 0.36713 0.0276042 0.062037 0.00809981
9 0.292188 0.0541667 0.00729167 0.037963 0.00816624
9 0.214583 0.0560185 0.0291667 0.0453704 0.00861373
2 0.00390625 0.418519 0.0078125 0.0648148 0.00938864
2 0.786198 0.087963 0.0171875 0.0240741 0.0095293
7 0.276042 0.0430556 0.0385417 0.0842593 0.00973288
2 0.455729 0.0652778 0.0135417 0.0305556 0.010977
2 0.285677 0.113889 0.0151042 0.0722222 0.0112673
7 0.215104 0.0615741 0.0416667 0.062037 0.0115243
7 0.280469 0.0842593 0.0348958 0.125926 0.0117195
1 0.0101562 0.3875 0.0203125 0.128704 0.0129298
2 0.29375 0.106481 0.03125 0.0759259 0.0153146
0 0.75599 0.0898148 0.0140625 0.0814815 0.016058
9 0.220052 0.0893519 0.00989583 0.012037 0.0190767
9 0.26901 0.0185185 0.0213542 0.0314815 0.0192514
9 0.566667 0.0472222 0.00833333 0.0240741 0.0243809
2 0.461719 0.111111 0.0130208 0.0388889 0.027384
0 0.443229 0.0842593 0.0145833 0.0277778 0.0366019
0 0.634635 0.145833 0.0109375 0.0527778 0.0400827
2 0.60599 0.0592593 0.0109375 0.0277778 0.0530135
2 0.411719 0.0675926 0.0203125 0.0240741 0.282302
2 0.426562 0.0666667 0.0479167 0.0296296 0.296774
2 0.321875 0.0847222 0.0375 0.0342593 0.30525
2 0.626823 0.119444 0.0255208 0.05 0.406936
2 0.472656 0.108796 0.0328125 0.0435185 0.41069
2 0.50599 0.103241 0.0421875 0.062037 0.610608
2 0.318229 0.120833 0.0510417 0.0712963 0.679951
10 0.203906 0.315278 0.0161458 0.0694444 0.685042
11 0.728906 0.0421296 0.0276042 0.0527778 0.801527
2 0.729427 0.418981 0.122396 0.171296 0.909441
7 0.490365 0.231944 0.100521 0.14537 0.917585
