2 0.0578125 0.0671296 0.0395833 0.0268519 0.00101917
0 0.510938 0.176389 0.452083 0.217593 0.00105709
2 0.640625 0.152315 0.01875 0.0638889 0.00109042
13 0.964844 0.560648 0.0473958 0.0527778 0.00109328
7 0.788281 0.062963 0.0265625 0.0611111 0.00113299
12 0.98776 0.518981 0.0234375 0.178704 0.00113313
9 0.548437 0.0583333 0.0114583 0.0240741 0.0012038
2 0.817448 0.233796 0.00885417 0.0435185 0.00127749
0 0.50599 0.277778 0.525521 0.464815 0.00130344
2 0.989583 0.526389 0.0197917 0.180556 0.00131161
13 0.986458 0.521759 0.0260417 0.182407 0.00136143
9 0.290104 0.025463 0.0125 0.0342593 0.00143567
0 0.0236979 0.906482 0.0130208 0.0685185 0.00143927
12 0.701823 0.164352 0.0234375 0.037963 0.00144124
9 0.571094 0.0310185 0.0130208 0.0564815 0.00146372
9 0.29349 0.0546296 0.00885417 0.0351852 0.00148225
2 0.0171875 0.937037 0.034375 0.125926 0.00153412
9 0.26224 0.0412037 0.0151042 0.0564815 0.0015346
11 0.240104 0.0328704 0.021875 0.0638889 0.00157859
2 0.771094 0.1125 0.0140625 0.0342593 0.00161901
2 0.65599 0.1375 0.0796875 0.0861111 0.00162743
9 0.584896 0.0444444 0.0125 0.037037 0.00164891
0 0.0247396 0.886574 0.0151042 0.136111 0.0016622
2 0.021875 0.144907 0.04375 0.0657407 0.00168555
12 0.995313 0.528704 0.00833333 0.0407407 0.0017138
9 0.489583 0.980093 0.0177083 0.0398148 0.00174456
1 0.0570313 0.157407 0.0713542 0.0796296 0.00187423
9 0.502344 0.759722 0.0119792 0.0546296 0.0018827
0 0.457812 0.0652778 0.00729167 0.0305556 0.00191299
0 0.717188 0.370833 0.0239583 0.0287037 0.00199127
2 0.447396 0.110185 0.028125 0.037037 0.00201479
1 0.0125 0.368519 0.025 0.0481481 0.00208991
2 0.300521 0.106944 0.0822917 0.0916667 0.0021489
10 0.196615 0.311574 0.0307292 0.0842593 0.00230476
2 0.201042 0.243056 0.0177083 0.0138889 0.00235798
0 0.584115 0.488889 0.0244792 0.0314815 0.00240895
1 0.0322917 0.156481 0.0614583 0.0833333 0.00269115
11 0.23724 0.0685185 0.0171875 0.0444444 0.00276827
2 0.748438 0.500463 0.490625 0.247222 0.00279207
9 0.263021 0.0893519 0.00833333 0.0398148 0.0028688
2 0.9625 0.55463 0.0416667 0.0407407 0.00310364
12 0.692969 0.164352 0.0078125 0.0398148 0.00325891
2 0.559375 0.109722 0.246875 0.0694444 0.00326381
0 0.266146 0.0990741 0.0104167 0.0555556 0.003314
2 0.442187 0.0787037 0.0145833 0.0185185 0.00331906
32 0.454427 0.316204 0.0078125 0.0157407 0.00333775
1 0.00911458 0.397222 0.0182292 0.111111 0.00339274
2 0.389323 0.108796 0.233854 0.0768519 0.00341967
7 0.993229 0.518519 0.0125 0.172222 0.00382461
7 0.970052 0.524537 0.0588542 0.193519 0.00404509
0 0.263281 0.103704 0.00885417 0.0518519 0.00444131
2 0.478646 0.108333 0.0645833 0.0592593 0.00483325
2 0.779948 0.102778 0.0307292 0.05 0.00579586
9 0.415885 0.012963 0.0161458 0.0259259 0.0073503
2 0.270573 0.109259 0.0130208 0.0407407 0.00772665
30 0.0507812 0.950463 0.0244792 0.0990741 0.0077997
2 0.592969 0.125926 0.0171875 0.0259259 0.00816481
0 0.630208 0.4875 0.025 0.0361111 0.00834623
12 0.994271 0.50463 0.0104167 0.15 0.00854596
1 0.00390625 0.406019 0.0078125 0.0916667 0.00891279
11 0.60625 0.0606481 0.009375 0.025 0.00896045
0 0.757031 0.0939815 0.0151042 0.0842593 0.00975646
24 0.0442708 0.796759 0.0270833 0.0546296 0.0104812
9 0.208073 0.0662037 0.0234375 0.0472222 0.0106998
2 0.363542 0.0680556 0.0114583 0.0212963 0.0140375
7 0.220313 0.0648148 0.05 0.0685185 0.0140958
2 0.238542 0.141667 0.01875 0.0407407 0.0146736
5 0.220313 0.0662037 0.05 0.062037 0.0183257
0 0.757812 0.074537 0.0114583 0.0472222 0.019323
0 0.635417 0.147222 0.009375 0.05 0.0205079
10 0.442448 0.087963 0.0130208 0.0296296 0.0235893
9 0.269271 0.0351852 0.021875 0.0648148 0.0236151
24 0.0458333 0.825463 0.034375 0.108333 0.0265105
2 0.635417 0.143981 0.0104167 0.0490741 0.0273495
2 0.4875 0.107407 0.0135417 0.05 0.0278188
1 0.0484375 0.945833 0.0489583 0.108333 0.0305557
9 0.567187 0.0472222 0.00833333 0.0222222 0.0306331
2 0.814583 0.0773148 0.01875 0.0231481 0.0454134
2 0.785937 0.0898148 0.015625 0.0222222 0.0548305
2 0.295052 0.106019 0.0317708 0.0768519 0.0773665
2 0.46276 0.112037 0.0140625 0.0407407 0.114731
7 0.298177 0.106019 0.0380208 0.0768519 0.118043
2 0.471615 0.110185 0.0317708 0.0444444 0.263644
2 0.397656 0.0652778 0.0171875 0.0231481 0.298081
2 0.322917 0.0865741 0.0364583 0.0361111 0.306698
2 0.627604 0.121296 0.025 0.0518519 0.354088
2 0.410677 0.0652778 0.0380208 0.0268519 0.473867
2 0.50625 0.104167 0.0427083 0.062037 0.623082
2 0.31849 0.121759 0.0494792 0.0694444 0.706927
10 0.203906 0.315278 0.0161458 0.0731481 0.720273
0 0.0460938 0.884259 0.0567708 0.231481 0.755025
11 0.728906 0.0430556 0.0265625 0.0564815 0.802432
2 0.729948 0.419444 0.122396 0.17037 0.894712
2 0.598437 0.531018 0.136458 0.184259 0.938432
