12 0.702865 0.164352 0.0213542 0.037963 0.00100353
0 0.260156 0.14213 0.0151042 0.123148 0.00107792
9 0.446875 0.261111 0.0125 0.0537037 0.00116515
0 0.73099 0.371296 0.0359375 0.0314815 0.00117264
9 0.547917 0.0592593 0.0104167 0.0222222 0.00118684
2 0.009375 0.396759 0.01875 0.115741 0.00122806
9 0.483333 0.0212963 0.0104167 0.0296296 0.00123113
13 0.99401 0.518519 0.0109375 0.17037 0.00126089
7 0.276042 0.0564815 0.0416667 0.105556 0.00129489
2 0.639583 0.124074 0.05 0.0592593 0.00134074
7 0.457552 0.0666667 0.0421875 0.05 0.0013631
11 0.240104 0.0342593 0.0229167 0.0648148 0.00147416
7 0.232292 0.0722222 0.028125 0.0555556 0.00152185
13 0.971354 0.523148 0.05625 0.183333 0.00159471
0 0.757292 0.374537 0.0208333 0.0305556 0.00165038
7 0.970833 0.526852 0.0572917 0.198148 0.00167482
9 0.584115 0.0398148 0.0140625 0.0481481 0.00177625
0 0.816406 0.233796 0.00989583 0.0453704 0.00184256
9 0.576563 0.0328704 0.015625 0.0638889 0.00185441
2 0.280729 0.0611111 0.0375 0.05 0.00187774
9 0.566406 0.062963 0.0130208 0.0537037 0.00193014
0 0.254427 0.126389 0.0161458 0.0675926 0.00197466
1 0.0127604 0.366667 0.0255208 0.0444444 0.00201593
0 0.895052 0.994444 0.0161458 0.0111111 0.00206136
9 0.5625 0.05 0.01875 0.0240741 0.00206632
9 0.29401 0.0560185 0.0109375 0.0398148 0.00208045
2 0.46224 0.113889 0.0140625 0.0407407 0.00212195
7 0.792188 0.0634259 0.0322917 0.0601852 0.0021732
0 0.346615 0.650926 0.0619792 0.0740741 0.00237702
0 0.75625 0.0921296 0.0145833 0.0787037 0.00239122
9 0.271615 0.0384259 0.0296875 0.075 0.00247528
2 0.0145833 0.367593 0.0291667 0.0425926 0.00252389
2 0.790365 0.0888889 0.0234375 0.0222222 0.00276756
2 0.503125 0.0625 0.0145833 0.025 0.00287785
9 0.415625 0.0106481 0.0166667 0.0212963 0.00298332
11 0.236458 0.0699074 0.01875 0.0472222 0.00315826
2 0.532812 0.108333 0.2125 0.0703704 0.00325865
0 0.263021 0.109722 0.00833333 0.0490741 0.00356571
0 0.708594 0.373148 0.0203125 0.0259259 0.00362032
2 0.269271 0.10787 0.0114583 0.0416667 0.0036542
9 0.502344 0.0560185 0.0130208 0.0342593 0.00370545
2 0.288021 0.112963 0.0197917 0.062963 0.00384643
9 0.98724 0.493981 0.0244792 0.125 0.00391626
0 0.717969 0.371759 0.0223958 0.0268519 0.0039637
0 0.282813 0.0861111 0.009375 0.0296296 0.00452388
2 0.292448 0.062963 0.0130208 0.0296296 0.00463417
2 0.383073 0.105093 0.184896 0.0842593 0.00477473
0 0.634896 0.147222 0.0104167 0.0518519 0.00516119
2 0.634635 0.145833 0.0109375 0.0527778 0.00525423
9 0.208073 0.0680556 0.0265625 0.0472222 0.00534956
2 0.238281 0.143519 0.0192708 0.037037 0.00538511
9 0.502604 0.759259 0.0114583 0.0555556 0.0075361
9 0.571094 0.0314815 0.0140625 0.0592593 0.00775423
2 0.269531 0.049537 0.0203125 0.0361111 0.00978805
1 0.809896 0.32963 0.0197917 0.0925926 0.0099246
9 0.269271 0.0226852 0.0229167 0.0416667 0.0104547
9 0.113802 0.024537 0.0140625 0.0398148 0.0107809
9 0.995052 0.491204 0.00885417 0.123148 0.0110348
2 0.60625 0.0615741 0.009375 0.025 0.0135349
2 0.00390625 0.424537 0.0078125 0.0509259 0.0140144
7 0.220052 0.0643518 0.0515625 0.0694444 0.018584
7 0.3 0.102315 0.0385417 0.0712963 0.0209275
2 0.455469 0.1125 0.0223958 0.037963 0.0267661
5 0.220052 0.0675926 0.0505208 0.0592593 0.0287255
2 0.592188 0.127778 0.0177083 0.0222222 0.0316923
0 0.398958 0.659259 0.0458333 0.0518519 0.0390652
2 0.291406 0.125926 0.0182292 0.0407407 0.0392438
2 0.441406 0.0782407 0.0109375 0.0416667 0.0447966
0 0.369792 0.662037 0.03125 0.0444444 0.0491083
0 0.346875 0.662963 0.0270833 0.0462963 0.0727643
9 0.567187 0.0481481 0.00833333 0.0240741 0.0803604
2 0.527865 0.0671296 0.0161458 0.025 0.0915803
2 0.457812 0.0703704 0.040625 0.0407407 0.229546
0 0.335156 0.664352 0.0453125 0.0527778 0.261214
2 0.322396 0.087037 0.0375 0.037037 0.283879
2 0.627604 0.121759 0.025 0.0527778 0.364605
5 0.783854 0.90787 0.282292 0.169444 0.371414
2 0.432031 0.0708333 0.0203125 0.0305556 0.376682
2 0.474219 0.108796 0.0348958 0.0472222 0.432426
2 0.347917 0.0597222 0.040625 0.0305556 0.493683
2 0.318229 0.121759 0.0510417 0.0694444 0.556296
2 0.505729 0.104167 0.0427083 0.0638889 0.563567
10 0.203646 0.317593 0.0166667 0.0685185 0.647716
11 0.729427 0.0430556 0.0265625 0.0564815 0.769555
7 0.784896 0.908796 0.28125 0.171296 0.773197
2 0.426562 0.106944 0.0333333 0.0472222 0.797197
2 0.363281 0.733333 0.197396 0.337037 0.808481
2 0.730208 0.42037 0.122917 0.17037 0.90371
