11 0.239844 0.0337963 0.0213542 0.0638889 0.00102084
2 0.792969 0.10463 0.0578125 0.0666667 0.00102739
7 0.220052 0.0935185 0.0536458 0.12037 0.00103407
9 0.483854 0.0458333 0.00833333 0.025 0.00105803
58 0.96849 0.495833 0.0296875 0.087963 0.00113111
9 0.50026 0.606019 0.0151042 0.0453704 0.00114979
1 0.0111979 0.368056 0.0223958 0.0657407 0.00119328
0 0.357812 0.317593 0.0197917 0.0314815 0.00124505
2 0.816406 0.233333 0.0109375 0.0462963 0.00126316
58 0.920052 0.183333 0.159896 0.355556 0.0013514
2 0.592448 0.125926 0.0182292 0.0259259 0.00138788
9 0.2625 0.0444444 0.015625 0.0555556 0.00142306
2 0.442708 0.0884259 0.0145833 0.0287037 0.00148198
9 0.572917 0.0324074 0.015625 0.0574074 0.00152576
13 0.971094 0.518981 0.0578125 0.173148 0.00161145
2 0.57526 0.419444 0.542188 0.185185 0.00165264
7 0.298438 0.106481 0.078125 0.0925926 0.001736
2 0.757031 0.119444 0.0151042 0.0351852 0.00186613
2 0.655208 0.139352 0.0822917 0.0842593 0.00189224
0 0.635156 0.15 0.0119792 0.0648148 0.00190214
0 0.742188 0.371759 0.021875 0.0305556 0.00190829
0 0.245052 0.980556 0.0213542 0.037037 0.00199185
2 0.240885 0.108796 0.0182292 0.0361111 0.00204578
2 0.418229 0.108796 0.295833 0.0824074 0.00206102
2 0.79349 0.0916667 0.0401042 0.0388889 0.00208377
9 0.235938 0.0634259 0.0177083 0.0361111 0.00222777
9 0.273698 0.0398148 0.0338542 0.0777778 0.00224164
12 0.701823 0.151852 0.0223958 0.0611111 0.00230576
9 0.994271 0.493056 0.0104167 0.121296 0.00234486
0 0.728125 0.373148 0.0270833 0.0277778 0.00239376
9 0.361719 0.0708333 0.0078125 0.0231481 0.0024976
2 0.571615 0.108333 0.274479 0.0722222 0.00252173
9 0.257292 0.0773148 0.0135417 0.0472222 0.00263729
13 0.961458 0.554167 0.0385417 0.0416667 0.00264948
0 0.75651 0.0912037 0.0151042 0.075 0.00266289
0 0.757552 0.074537 0.0119792 0.0416667 0.00269227
1 0.00390625 0.411574 0.0078125 0.0824074 0.00275394
0 0.442448 0.0976852 0.0171875 0.0472222 0.00284764
9 0.26849 0.0578704 0.0192708 0.0361111 0.00285621
9 0.253646 0.087037 0.0145833 0.0351852 0.00291565
0 0.755729 0.375 0.021875 0.0314815 0.00314517
11 0.2375 0.0675926 0.015625 0.0407407 0.00336527
2 0.813021 0.0773148 0.0197917 0.0157407 0.00349616
2 0.772917 0.113426 0.0166667 0.0305556 0.00353553
12 0.994531 0.494907 0.00989583 0.126852 0.00356768
12 0.69401 0.164352 0.00677083 0.0361111 0.00362911
2 0.467448 0.107407 0.0953125 0.0611111 0.0039913
2 0.238281 0.139815 0.0192708 0.0425926 0.00401424
32 0.454427 0.315278 0.0078125 0.0138889 0.00458487
9 0.502865 0.760648 0.0140625 0.0527778 0.00460268
1 0.810677 0.331944 0.0203125 0.0916667 0.00505517
7 0.213802 0.0648148 0.0369792 0.0555556 0.00546739
0 0.265885 0.0976852 0.00989583 0.0509259 0.00579107
2 0.647135 0.147685 0.0338542 0.0601852 0.00593996
9 0.219271 0.0648148 0.0458333 0.0537037 0.00628061
32 0.460677 0.356019 0.00989583 0.0175926 0.00653651
0 0.406771 0.318056 0.0208333 0.0305556 0.00674406
11 0.60625 0.0606481 0.0104167 0.025 0.00743245
0 0.715365 0.372685 0.0255208 0.025 0.00781298
2 0.78099 0.103241 0.0317708 0.0509259 0.00944758
9 0.263281 0.087963 0.0078125 0.0351852 0.00957894
9 0.269531 0.0226852 0.0203125 0.0398148 0.0108517
0 0.995833 0.326852 0.00729167 0.05 0.0119827
2 0.48776 0.10787 0.0130208 0.0490741 0.0162555
9 0.443229 0.0884259 0.0135417 0.0287037 0.0180439
0 0.383854 0.318056 0.021875 0.0324074 0.019087
0 0.36875 0.318519 0.021875 0.0296296 0.0197637
9 0.207292 0.0671296 0.021875 0.0453704 0.0211098
2 0.635156 0.143056 0.0109375 0.0509259 0.0216356
9 0.567187 0.0486111 0.00833333 0.0231481 0.0228028
2 0.786198 0.0888889 0.0161458 0.0240741 0.0269683
2 0.272135 0.110648 0.0151042 0.037963 0.0337199
2 0.4625 0.111111 0.0135417 0.0407407 0.0692661
2 0.296354 0.107407 0.034375 0.0814815 0.111156
7 0.297656 0.106944 0.0390625 0.0805556 0.164901
2 0.472656 0.109722 0.0328125 0.0453704 0.23971
2 0.322396 0.0875 0.0385417 0.0342593 0.2536
2 0.627344 0.122685 0.0255208 0.0527778 0.432103
2 0.50599 0.104167 0.0432292 0.062037 0.638469
2 0.31849 0.120833 0.0505208 0.0731481 0.675755
10 0.203906 0.316667 0.0161458 0.0703704 0.744215
2 0.209115 0.947222 0.192188 0.101852 0.802077
11 0.729167 0.0435185 0.0270833 0.0574074 0.802129
2 0.538281 0.225926 0.115104 0.107407 0.903643
2 0.388281 0.356481 0.111979 0.151852 0.912716
2 0.729688 0.418519 0.122917 0.17037 0.912832
