12 0.701823 0.162963 0.0213542 0.0407407 0.00101679
2 0.270573 0.11713 0.0213542 0.0564815 0.00102595
2 0.535937 0.111574 0.0145833 0.0453704 0.00102766
2 0.448698 0.12037 0.0348958 0.0296296 0.00102961
2 0.285937 0.075 0.0229167 0.0314815 0.00105997
2 0.774479 0.124074 0.01875 0.0444444 0.00107428
2 0.795313 0.104167 0.0552083 0.087963 0.00107909
2 0.0533854 0.0513889 0.0473958 0.0601852 0.00108666
2 0.657552 0.139815 0.0765625 0.0833333 0.00110142
14 0.202344 0.241667 0.0140625 0.0166667 0.00111348
58 0.96849 0.489815 0.0307292 0.1 0.00114573
10 0.192188 0.293056 0.0395833 0.117593 0.00115327
7 0.218229 0.0592593 0.0458333 0.0777778 0.00126056
9 0.989583 0.508796 0.0197917 0.158333 0.00126802
9 0.260156 0.0712963 0.0130208 0.0518519 0.00133046
2 0.00755208 0.0842593 0.0151042 0.0685185 0.00133462
2 0.283073 0.10787 0.0109375 0.062037 0.00140653
9 0.548177 0.049537 0.0109375 0.0268519 0.00142722
2 0.638802 0.145833 0.0171875 0.0509259 0.00155246
12 0.966927 0.497222 0.0265625 0.0796296 0.00155907
9 0.5625 0.0490741 0.0208333 0.0277778 0.00161421
9 0.361458 0.0648148 0.0114583 0.0222222 0.00162079
9 0.2375 0.0731481 0.0135417 0.037037 0.00163821
2 0.551823 0.113426 0.349479 0.0842593 0.00164613
9 0.261198 0.0402778 0.0130208 0.0601852 0.00180201
0 0.263281 0.10463 0.00885417 0.05 0.00187056
11 0.23776 0.0689815 0.0161458 0.0435185 0.00187397
2 0.784896 0.0912037 0.0135417 0.0194444 0.00190044
2 0.421354 0.110185 0.308333 0.0888889 0.00192132
12 0.702344 0.140741 0.0234375 0.0833333 0.0020069
2 0.0307292 0.0263889 0.0260417 0.0416667 0.00202562
2 0.417448 0.127315 0.0151042 0.0324074 0.00219312
2 0.646875 0.147685 0.034375 0.0564815 0.00225447
0 0.36224 0.0680556 0.00989583 0.0287037 0.00227048
2 0.0520833 0.0277778 0.03125 0.0444444 0.00275029
9 0.293229 0.0513889 0.00833333 0.0435185 0.00282365
0 0.731771 0.372685 0.0333333 0.0287037 0.00286261
9 0.557552 0.0273148 0.0265625 0.0527778 0.00304714
9 0.219792 0.101389 0.0114583 0.0435185 0.00317366
2 0.46849 0.111574 0.0994792 0.0712963 0.003228
32 0.454688 0.313889 0.00729167 0.0148148 0.0032462
2 0.442969 0.0898148 0.0151042 0.0314815 0.00359077
9 0.470313 0.412037 0.0104167 0.0296296 0.00362344
1 0.009375 0.353241 0.01875 0.0861111 0.00366627
0 0.757552 0.375 0.0182292 0.0277778 0.00403821
9 0.263542 0.0898148 0.00833333 0.0407407 0.00407728
2 0.593229 0.128241 0.01875 0.0231481 0.00450509
0 0.75651 0.0921296 0.0130208 0.0824074 0.00456442
13 0.0046875 0.399537 0.009375 0.100926 0.00465996
2 0.269271 0.109722 0.0104167 0.037963 0.00480348
13 0.0138021 0.368056 0.0276042 0.0638889 0.00575706
2 0.291927 0.0703704 0.00989583 0.0166667 0.00606604
1 0.0101562 0.390278 0.0203125 0.125 0.00609764
12 0.974219 0.493981 0.0411458 0.119444 0.00620364
11 0.240365 0.0324074 0.0213542 0.062963 0.00633685
2 0.238281 0.140741 0.0182292 0.0407407 0.00685139
0 0.715625 0.371759 0.021875 0.025 0.00754349
1 0.00416667 0.410648 0.00833333 0.0824074 0.00765954
7 0.293229 0.109722 0.0270833 0.0824074 0.00827296
9 0.566927 0.0310185 0.0171875 0.0583333 0.00857424
12 0.994792 0.491667 0.009375 0.127778 0.00917981
2 0.445312 0.108333 0.025 0.0388889 0.00996625
9 0.220573 0.062963 0.0171875 0.0444444 0.0102011
9 0.208073 0.0662037 0.0203125 0.0453704 0.011498
9 0.565625 0.0412037 0.0104167 0.0398148 0.0127708
9 0.443229 0.0888889 0.0135417 0.0296296 0.0159041
9 0.500521 0.602315 0.0145833 0.0398148 0.0173264
11 0.60599 0.0601852 0.00989583 0.0240741 0.0175379
0 0.635156 0.147685 0.00989583 0.0509259 0.0201271
9 0.269792 0.0351852 0.021875 0.0648148 0.0209772
0 0.20026 0.729167 0.136979 0.480556 0.0234503
9 0.220313 0.087037 0.0104167 0.0166667 0.0352748
2 0.461719 0.113426 0.0130208 0.0361111 0.0369303
9 0.567187 0.0481481 0.00833333 0.0240741 0.0389233
9 0.503125 0.759722 0.0125 0.0583333 0.0540155
2 0.290365 0.114815 0.0234375 0.0666667 0.0573451
2 0.627604 0.121296 0.025 0.05 0.317309
2 0.322917 0.0856481 0.0385417 0.0342593 0.320093
7 0.50599 0.103704 0.0432292 0.062963 0.421211
2 0.475 0.108333 0.0333333 0.0462963 0.441349
2 0.50599 0.103704 0.0432292 0.062963 0.478997
2 0.31849 0.121296 0.0505208 0.0703704 0.678657
11 0.729948 0.0430556 0.0276042 0.0564815 0.758741
10 0.204427 0.315741 0.0161458 0.0703704 0.805097
2 0.391406 0.157407 0.0578125 0.0796296 0.870997
2 0.729948 0.417593 0.122396 0.175926 0.910787
