9 0.577604 0.0337963 0.0177083 0.0583333 0.00102288
12 0.691406 0.163426 0.00989583 0.0416667 0.00104406
0 0.73151 0.372685 0.0255208 0.0287037 0.00105155
0 0.756771 0.113889 0.0125 0.0351852 0.00105859
2 0.255469 0.087037 0.0192708 0.037037 0.00109709
2 0.223177 0.099537 0.0411458 0.0472222 0.00112937
12 0.976562 0.498611 0.0458333 0.132407 0.00113594
9 0.49974 0.602778 0.0151042 0.0425926 0.00127495
0 0.533854 0.0921296 0.0135417 0.0638889 0.00131336
58 0.975781 0.498611 0.0432292 0.130556 0.00145346
9 0.547656 0.0518519 0.00989583 0.0222222 0.00151718
0 0.75651 0.374537 0.0203125 0.0342593 0.00152756
7 0.220313 0.0847222 0.0552083 0.115741 0.0016116
9 0.583854 0.0388889 0.0135417 0.0462963 0.00162753
2 0.80599 0.0675926 0.0119792 0.0240741 0.00178042
7 0.970833 0.518981 0.0572917 0.186111 0.00180908
9 0.209635 0.0671296 0.0276042 0.0453704 0.00181634
2 0.282292 0.0680556 0.028125 0.037963 0.00189121
2 0.466667 0.0236111 0.0197917 0.0194444 0.00197151
2 0.433073 0.0925926 0.0192708 0.0351852 0.00201602
2 0.771615 0.109722 0.0161458 0.0268519 0.0020225
2 0.0125 0.39537 0.025 0.109259 0.00222818
32 0.453906 0.313889 0.00885417 0.0148148 0.0022529
9 0.442969 0.235185 0.0119792 0.0333333 0.0023861
13 0.970573 0.568056 0.0567708 0.0768519 0.00239329
9 0.276302 0.0425926 0.0390625 0.0833333 0.00245712
7 0.236979 0.0671296 0.0166667 0.0416667 0.00256398
2 0.270052 0.0550926 0.0182292 0.0361111 0.00259919
9 0.439323 0.193519 0.0130208 0.0333333 0.0026789
2 0.535417 0.111574 0.29375 0.0731481 0.0027609
0 0.714844 0.372222 0.0234375 0.0259259 0.00277073
1 0.0114583 0.366204 0.0229167 0.0472222 0.00284402
2 0.397656 0.0662037 0.0317708 0.0287037 0.0028971
2 0.60599 0.0583333 0.00989583 0.0277778 0.00308615
2 0.592188 0.125463 0.01875 0.025 0.00310976
0 0.283073 0.0893519 0.00885417 0.0324074 0.00315735
13 0.970833 0.518056 0.0572917 0.175 0.00320079
7 0.275521 0.0592593 0.0375 0.116667 0.00339045
2 0.473177 0.110648 0.0921875 0.062037 0.00383436
2 0.289062 0.0944444 0.015625 0.0555556 0.00391337
2 0.371875 0.108333 0.167708 0.0814815 0.00396599
2 0.238542 0.139352 0.01875 0.0453704 0.00427327
2 0.811458 0.0740741 0.01875 0.0185185 0.00471632
2 0.634375 0.151389 0.0135417 0.062037 0.00494473
2 0.778906 0.100926 0.0317708 0.0462963 0.00505034
2 0.531771 0.109259 0.015625 0.0481481 0.00528933
58 0.967708 0.493981 0.0270833 0.0861111 0.00533475
1 0.0125 0.394907 0.025 0.110185 0.0055503
12 0.994531 0.494907 0.00989583 0.134259 0.00585
9 0.992708 0.495833 0.0135417 0.130556 0.00650036
9 0.291146 0.0699074 0.0114583 0.0212963 0.00676202
9 0.269792 0.0513889 0.01875 0.0361111 0.00696508
9 0.292448 0.0574074 0.00989583 0.0425926 0.00704168
5 0.21276 0.0615741 0.0348958 0.0583333 0.00735489
0 0.286198 0.112963 0.0151042 0.0722222 0.0075302
9 0.502604 0.759259 0.0125 0.0555556 0.00888972
2 0.270052 0.108796 0.0140625 0.0398148 0.00949501
9 0.458073 0.0657407 0.00677083 0.0240741 0.0100504
9 0.570833 0.0310185 0.0125 0.0583333 0.0105267
2 0.298177 0.103241 0.0328125 0.0694444 0.0105501
0 0.757552 0.0685185 0.00989583 0.0444444 0.0106494
9 0.219531 0.0898148 0.00989583 0.012963 0.0113017
9 0.269271 0.0180556 0.0208333 0.0324074 0.0125341
1 0.00520833 0.393519 0.0104167 0.107407 0.0145573
2 0.445312 0.113426 0.0197917 0.0231481 0.0160195
7 0.217708 0.0638889 0.0458333 0.0592593 0.0167931
2 0.363802 0.0662037 0.0119792 0.0194444 0.0218738
0 0.442708 0.0861111 0.0125 0.0259259 0.0236768
0 0.634375 0.147685 0.0114583 0.0601852 0.0248446
2 0.00416667 0.406481 0.00833333 0.087037 0.0319166
0 0.530208 0.0805556 0.0125 0.0481481 0.033186
2 0.786458 0.0888889 0.0166667 0.0222222 0.0353536
2 0.491146 0.106481 0.0208333 0.0518519 0.045693
9 0.529948 0.0703704 0.00989583 0.0277778 0.0510614
2 0.460938 0.112963 0.0114583 0.0351852 0.056786
9 0.567187 0.0467593 0.00833333 0.0231481 0.0682917
2 0.384896 0.0657407 0.0177083 0.0185185 0.187988
2 0.321875 0.087037 0.0375 0.037037 0.313165
2 0.471875 0.108796 0.0302083 0.0435185 0.356232
2 0.409115 0.0638889 0.0286458 0.0259259 0.391788
2 0.627344 0.122222 0.0255208 0.0537037 0.471861
2 0.505729 0.103704 0.0427083 0.062963 0.551767
10 0.204167 0.313889 0.015625 0.0685185 0.617999
2 0.31849 0.121296 0.0505208 0.0703704 0.722233
2 0.420312 0.106481 0.0364583 0.0462963 0.761362
11 0.728906 0.0421296 0.0265625 0.0527778 0.790039
2 0.729948 0.42037 0.122396 0.17037 0.917039
