13 0.0135417 0.394444 0.0270833 0.116667 0.00103085
0 0.716406 0.372222 0.0234375 0.0277778 0.00105933
2 0.610417 0.424537 0.605208 0.180556 0.00106946
2 0.65651 0.139815 0.0786458 0.0814815 0.00112725
2 0.209635 0.109722 0.0401042 0.0361111 0.00113458
2 0.220313 0.136574 0.05625 0.0509259 0.00115464
0 0.995573 0.334259 0.0078125 0.05 0.00119767
12 0.9875 0.517593 0.0239583 0.175926 0.0012578
58 0.96875 0.496296 0.0302083 0.0925926 0.00133469
9 0.29349 0.0546296 0.00885417 0.037037 0.00137447
12 0.701302 0.164352 0.0223958 0.0398148 0.00137875
2 0.304688 0.130093 0.0322917 0.0583333 0.0014139
0 0.761719 0.114815 0.0140625 0.0296296 0.00141958
13 0.970573 0.526852 0.0578125 0.196296 0.00154431
13 0.00416667 0.396759 0.00833333 0.112037 0.0016024
9 0.261719 0.0430556 0.0140625 0.0564815 0.00179688
12 0.976562 0.5 0.0447917 0.131481 0.00190909
12 0.690104 0.164352 0.0135417 0.0416667 0.00199354
5 0.219531 0.0768519 0.0515625 0.0703704 0.00203205
0 0.266146 0.0981481 0.009375 0.0518519 0.0021064
0 0.263542 0.106019 0.00833333 0.0472222 0.00217547
2 0.295052 0.106944 0.0890625 0.0898148 0.00229913
7 0.146615 0.0907407 0.0651042 0.0796296 0.00231715
9 0.263281 0.0865741 0.0078125 0.0305556 0.00232573
2 0.4 0.0685185 0.0197917 0.0222222 0.00239339
2 0.442187 0.10463 0.0177083 0.0351852 0.002582
9 0.416146 0.0111111 0.015625 0.0222222 0.00282776
2 0.366667 0.0949074 0.0229167 0.0472222 0.00287155
2 0.40625 0.113426 0.244792 0.0768519 0.00299185
7 0.970573 0.529167 0.0578125 0.212037 0.00314279
2 0.441667 0.0805556 0.0145833 0.0203704 0.0032401
11 0.60625 0.0606481 0.009375 0.025 0.00337532
2 0.789323 0.103704 0.0494792 0.0537037 0.00339435
9 0.99375 0.493056 0.0114583 0.123148 0.00391852
2 0.649219 0.149074 0.0369792 0.0611111 0.0040311
2 0.778385 0.111574 0.0265625 0.0342593 0.00413976
2 0.352083 0.1125 0.109375 0.075 0.00415753
2 0.638802 0.148611 0.0161458 0.0564815 0.0044797
9 0.757292 0.0759259 0.0125 0.0444444 0.00452673
7 0.220052 0.0657407 0.0505208 0.0703704 0.00516573
2 0.592708 0.125 0.0177083 0.0259259 0.00538308
9 0.220052 0.0884259 0.0109375 0.0157407 0.00553795
9 0.570833 0.0310185 0.0125 0.0583333 0.00572232
11 0.236979 0.0680556 0.0166667 0.0416667 0.00573702
2 0.269531 0.110648 0.0109375 0.0361111 0.00599448
2 0.345833 0.10787 0.0125 0.0435185 0.00608683
0 0.757031 0.0930556 0.0171875 0.0768519 0.00619391
12 0.69375 0.162963 0.00729167 0.0425926 0.00624731
12 0.994792 0.494907 0.009375 0.137963 0.00632874
9 0.215885 0.0569444 0.0286458 0.0527778 0.00719071
9 0.208073 0.0671296 0.0203125 0.0472222 0.00753823
1 0.810677 0.333796 0.0182292 0.0842593 0.0095001
9 0.501823 0.760185 0.0130208 0.0537037 0.00972894
2 0.238542 0.141667 0.01875 0.0407407 0.0103507
9 0.584115 0.0351852 0.0130208 0.0574074 0.0111763
2 0.363542 0.0685185 0.0125 0.0259259 0.0146072
2 0.634896 0.14213 0.0114583 0.0490741 0.0178358
2 0.785677 0.0888889 0.0151042 0.0240741 0.0184336
9 0.26901 0.0365741 0.0213542 0.0657407 0.0240966
0 0.443229 0.0875 0.0114583 0.0268519 0.0345654
9 0.567708 0.0481481 0.00833333 0.0240741 0.0355541
2 0.48776 0.107407 0.0140625 0.05 0.036524
2 0.29349 0.110648 0.0286458 0.0768519 0.0661867
7 0.297135 0.108333 0.0359375 0.0814815 0.0671096
2 0.461198 0.114352 0.0119792 0.0342593 0.0746755
2 0.466406 0.111111 0.0203125 0.0407407 0.148244
2 0.479948 0.109259 0.0213542 0.0444444 0.284828
2 0.322917 0.0861111 0.0375 0.0351852 0.319523
7 0.50625 0.103704 0.0427083 0.062963 0.346642
2 0.627344 0.121759 0.0255208 0.0527778 0.405483
2 0.416146 0.0736111 0.0322917 0.0342593 0.438727
2 0.50599 0.104167 0.0421875 0.062037 0.471601
10 0.204167 0.316667 0.015625 0.0722222 0.691367
2 0.365885 0.110648 0.0265625 0.0453704 0.734017
2 0.31849 0.122685 0.0505208 0.0694444 0.744573
2 0.395052 0.106019 0.0432292 0.0638889 0.75589
11 0.729167 0.0435185 0.0270833 0.0555556 0.794485
2 0.729688 0.42037 0.122917 0.17037 0.907615
2 0.765885 0.180556 0.114063 0.111111 0.916669
