0 0.00546875 0.364352 0.0109375 0.0787037 0.00109363
2 0.3375 0.0759259 0.0208333 0.0277778 0.0011017
12 0.988281 0.51713 0.0223958 0.171296 0.00115087
11 0.240365 0.0328704 0.0223958 0.062037 0.00117152
11 0.221094 0.0648148 0.0515625 0.0648148 0.00117282
9 0.554167 0.050463 0.015625 0.0268519 0.00118296
2 0.536719 0.109259 0.0119792 0.05 0.00120658
2 0.60651 0.422685 0.646354 0.178704 0.00123584
58 0.960417 0.283333 0.0416667 0.142593 0.00123632
9 0.289583 0.0240741 0.0114583 0.0333333 0.00123653
9 0.259896 0.049537 0.0114583 0.0453704 0.0012974
2 0.640104 0.131481 0.0520833 0.0666667 0.00138155
2 0.5875 0.124537 0.0104167 0.025 0.00141208
7 0.989844 0.518056 0.0192708 0.184259 0.00156585
2 0.482812 0.114352 0.398958 0.0898148 0.0016575
0 0.26276 0.106944 0.00989583 0.0490741 0.00183923
9 0.258333 0.0736111 0.0114583 0.0490741 0.00187838
0 0.756771 0.0972222 0.0145833 0.0740741 0.00196748
0 0.757031 0.373611 0.0192708 0.0287037 0.00199192
9 0.253646 0.0856481 0.0125 0.0342593 0.00206897
0 0.995573 0.32963 0.0078125 0.05 0.00211949
7 0.970312 0.533796 0.0583333 0.217593 0.00215177
2 0.220833 0.137963 0.0541667 0.0481481 0.00220096
2 0.290625 0.0921296 0.0260417 0.0583333 0.00224337
2 0.771875 0.113889 0.0145833 0.0277778 0.00229664
0 0.717188 0.372685 0.025 0.0268519 0.00229756
9 0.816927 0.236111 0.00989583 0.0388889 0.00256686
9 0.26276 0.0856481 0.0078125 0.0324074 0.00257081
9 0.266146 0.0967593 0.0104167 0.0509259 0.00258109
9 0.991406 0.506944 0.0161458 0.149074 0.00266105
1 0.810938 0.333796 0.0197917 0.0916667 0.00288178
9 0.272917 0.0393519 0.0302083 0.075 0.00293354
2 0.79401 0.0875 0.0307292 0.025 0.00295569
9 0.548177 0.05 0.0119792 0.0277778 0.00305118
2 0.777865 0.107407 0.0255208 0.0444444 0.00315332
2 0.59349 0.125 0.0171875 0.0259259 0.00338469
2 0.238802 0.10787 0.0171875 0.037963 0.00375794
9 0.415885 0.00972222 0.0151042 0.0194444 0.00403629
9 0.571094 0.0314815 0.0130208 0.0592593 0.00411448
9 0.270052 0.0578704 0.0182292 0.0305556 0.00412108
9 0.219271 0.087037 0.0104167 0.0148148 0.00429244
9 0.114844 0.0240741 0.0192708 0.0425926 0.00455969
11 0.23724 0.0689815 0.0171875 0.0435185 0.00468199
9 0.50026 0.602778 0.0151042 0.0388889 0.00482076
12 0.75599 0.0907407 0.0130208 0.0703704 0.00510918
9 0.215625 0.0587963 0.0291667 0.0564815 0.00543082
2 0.457552 0.0694444 0.0317708 0.0203704 0.00555899
1 0.025 0.39537 0.05 0.112963 0.00585812
0 0.36276 0.0685185 0.00989583 0.0240741 0.00659523
5 0.220313 0.0634259 0.0489583 0.0583333 0.006783
12 0.99349 0.499074 0.0119792 0.135185 0.00755499
2 0.481771 0.0958333 0.0208333 0.0490741 0.00774534
2 0.271354 0.109722 0.0135417 0.037963 0.00781406
2 0.0257812 0.368519 0.0515625 0.0574074 0.00832149
2 0.363802 0.0685185 0.0109375 0.0222222 0.0113773
2 0.65 0.149537 0.0385417 0.0583333 0.0119669
2 0.00755208 0.372685 0.0151042 0.0583333 0.0132882
2 0.340104 0.0888889 0.0114583 0.0296296 0.0152326
9 0.269792 0.0217593 0.01875 0.0342593 0.0153303
7 0.220573 0.0634259 0.0505208 0.0768519 0.0156379
2 0.478906 0.110648 0.0244792 0.0564815 0.0176618
1 0.009375 0.398148 0.01875 0.111111 0.0202788
0 0.635677 0.148148 0.00989583 0.0518519 0.0212786
9 0.502344 0.760648 0.0119792 0.0527778 0.0218249
2 0.784896 0.0907407 0.0135417 0.0222222 0.0236671
11 0.60651 0.0597222 0.00989583 0.025 0.0262092
2 0.238281 0.141204 0.0182292 0.0416667 0.0274491
2 0.635156 0.14537 0.0109375 0.0518519 0.0318805
1 0.00442708 0.405093 0.00885417 0.0935185 0.0409487
9 0.567708 0.0486111 0.00833333 0.0231481 0.0427228
2 0.441667 0.0837963 0.0104167 0.0324074 0.0604215
7 0.298958 0.105556 0.0395833 0.0833333 0.0762426
2 0.448438 0.0782407 0.028125 0.037963 0.0909959
2 0.29974 0.106481 0.0390625 0.0814815 0.160515
0 0.403646 0.0583333 0.00729167 0.0333333 0.169948
2 0.321615 0.0893519 0.0390625 0.037963 0.271667
2 0.627604 0.121296 0.025 0.05 0.421134
10 0.203906 0.316667 0.0161458 0.0703704 0.578486
2 0.508073 0.105093 0.0390625 0.062037 0.637498
2 0.318229 0.120833 0.0510417 0.0712963 0.725013
2 0.464583 0.108796 0.0510417 0.075 0.789925
11 0.729427 0.0430556 0.0265625 0.0564815 0.792397
2 0.729948 0.418981 0.122396 0.171296 0.912621
