9 0.577083 0.0328704 0.0135417 0.0601852 0.00102906
2 0.995052 0.331944 0.00885417 0.0583333 0.00107279
2 0.79375 0.087037 0.034375 0.0259259 0.00116746
5 0.23151 0.0768519 0.0296875 0.0648148 0.00116943
0 0.0890625 0.766667 0.133333 0.224074 0.00121633
0 0.164323 0.724537 0.234896 0.237963 0.00122277
0 0.716406 0.371296 0.0234375 0.0296296 0.00133245
7 0.970573 0.520833 0.0578125 0.187963 0.0013625
7 0.789844 0.0652778 0.0286458 0.0638889 0.00142091
7 0.990625 0.516667 0.0177083 0.181481 0.00147109
0 0.113542 0.65787 0.227083 0.521296 0.0014963
2 0.771875 0.110648 0.0145833 0.0268519 0.00150044
2 0.777865 0.110185 0.0255208 0.0351852 0.00150234
11 0.23724 0.0685185 0.0171875 0.0444444 0.00156744
2 0.23776 0.1125 0.0182292 0.0435185 0.00159924
2 0.363542 0.0662037 0.0114583 0.0231481 0.00167358
58 0.96901 0.496759 0.0307292 0.0935185 0.00169178
12 0.701563 0.165278 0.01875 0.037963 0.00170916
0 0.442969 0.0986111 0.0182292 0.0509259 0.00175385
2 0.773438 0.104167 0.0333333 0.062037 0.00178396
9 0.293229 0.0569444 0.009375 0.037963 0.00179469
0 0.757812 0.126389 0.0114583 0.037963 0.00188134
5 0.213281 0.0638889 0.0348958 0.0574074 0.00192562
2 0.417708 0.1125 0.294792 0.0824074 0.00198763
9 0.458333 0.0662037 0.00729167 0.0287037 0.00223316
2 0.556771 0.111111 0.26875 0.0722222 0.00227686
2 0.653906 0.137963 0.0776042 0.0851852 0.00231465
2 0.45625 0.111574 0.120833 0.0675926 0.00238503
2 0.229427 0.140741 0.0369792 0.0444444 0.00241594
0 0.196354 0.674537 0.345833 0.391667 0.00256318
2 0.75 0.124537 0.028125 0.0638889 0.00260574
9 0.570052 0.0310185 0.0151042 0.0583333 0.00271874
2 0.442708 0.0865741 0.0135417 0.0268519 0.00273326
9 0.263542 0.0930556 0.009375 0.0453704 0.00292739
2 0.75625 0.119444 0.0166667 0.0407407 0.00295127
2 0.297917 0.10787 0.071875 0.0898148 0.00301659
9 0.264062 0.0384259 0.0197917 0.0657407 0.00310493
2 0.532031 0.111574 0.0140625 0.0435185 0.00345573
2 0.592969 0.125 0.0171875 0.0240741 0.00351234
1 0.0132813 0.369907 0.0265625 0.0453704 0.00356768
2 0.639323 0.148611 0.0171875 0.0546296 0.00356834
9 0.3625 0.0486111 0.0104167 0.037963 0.00364422
12 0.692969 0.164352 0.0078125 0.0398148 0.00394318
0 0.263021 0.102778 0.009375 0.0537037 0.00415245
1 0.126563 0.796296 0.028125 0.103704 0.00437059
0 0.75651 0.0726852 0.0119792 0.0435185 0.00439044
9 0.273698 0.0407407 0.0317708 0.0796296 0.00473167
0 0.995573 0.330556 0.0078125 0.0537037 0.00477346
1 0.0101562 0.39537 0.0203125 0.114815 0.00523089
9 0.208594 0.0680556 0.0213542 0.0453704 0.00525414
1 0.00442708 0.397685 0.00885417 0.10463 0.00582648
12 0.994271 0.506019 0.0104167 0.150926 0.00728804
9 0.35625 0.0180556 0.00729167 0.0194444 0.00752677
9 0.501823 0.760648 0.0130208 0.0527778 0.00829607
2 0.267188 0.100463 0.0125 0.0564815 0.00887816
9 0.3625 0.0662037 0.009375 0.0287037 0.00940005
2 0.650781 0.150463 0.0401042 0.0583333 0.0109679
11 0.60625 0.0601852 0.0104167 0.0240741 0.0132537
9 0.442448 0.087037 0.0130208 0.0259259 0.013459
7 0.220052 0.074537 0.0526042 0.0768519 0.0144138
2 0.785677 0.0893519 0.0140625 0.0212963 0.0146125
2 0.271354 0.107407 0.0145833 0.0444444 0.0213273
2 0.00494792 0.55787 0.00989583 0.037963 0.0231936
2 0.238802 0.142593 0.0182292 0.0388889 0.0272211
9 0.567448 0.0476852 0.0078125 0.0231481 0.0301289
2 0.48776 0.107407 0.0140625 0.05 0.0301649
5 0.219792 0.0796296 0.0520833 0.0814815 0.0304225
2 0.634635 0.14213 0.0109375 0.0453704 0.0320762
9 0.269531 0.0282407 0.0203125 0.0509259 0.0454364
24 0.132292 0.635648 0.0416667 0.0824074 0.0818648
2 0.46224 0.111111 0.0130208 0.0407407 0.114283
2 0.295312 0.108333 0.0322917 0.0814815 0.153504
2 0.471615 0.109722 0.0307292 0.0435185 0.272396
2 0.322396 0.087037 0.0364583 0.037037 0.377608
2 0.627083 0.121759 0.0260417 0.0509259 0.476047
2 0.505729 0.104167 0.0427083 0.062037 0.62646
1 0.126563 0.769907 0.0427083 0.15463 0.672682
0 0.129167 0.698148 0.0489583 0.242593 0.740125
2 0.31849 0.122222 0.0505208 0.0703704 0.74692
10 0.203906 0.316204 0.0161458 0.0731481 0.758033
11 0.729167 0.0430556 0.0270833 0.0546296 0.821597
2 0.729688 0.419907 0.122917 0.171296 0.90147
