9 0.459635 0.0671296 0.00989583 0.0268519 0.00101054
7 0.993229 0.520833 0.0125 0.169444 0.0010687
2 0.363542 0.0662037 0.0125 0.0212963 0.0010775
7 0.310937 0.0694444 0.0427083 0.0592593 0.00122468
9 0.257552 0.0675926 0.00989583 0.0388889 0.00131722
9 0.252604 0.0865741 0.0135417 0.0305556 0.00136705
9 0.3625 0.0439815 0.0104167 0.0305556 0.00137883
58 0.925 0.185185 0.15 0.361111 0.00150978
2 0.00364583 0.415741 0.00729167 0.0722222 0.0015479
0 0.757292 0.374537 0.0208333 0.0305556 0.00154876
2 0.513542 0.112037 0.286458 0.0851852 0.00158244
2 0.442448 0.0902778 0.0182292 0.0361111 0.00158651
0 0.730208 0.371296 0.0270833 0.0314815 0.00159259
2 0.592448 0.127315 0.0151042 0.0231481 0.00166528
0 0.267188 0.1 0.0125 0.0518519 0.00185033
2 0.294531 0.109259 0.0755208 0.0888889 0.0020147
2 0.65651 0.137963 0.0796875 0.087037 0.00201622
1 0.809115 0.336574 0.0234375 0.10463 0.00210648
2 0.793229 0.105556 0.05625 0.0666667 0.00228243
9 0.269792 0.0231481 0.0208333 0.0388889 0.00229653
9 0.565104 0.0310185 0.0166667 0.0583333 0.00233296
12 0.701563 0.138889 0.0239583 0.0888889 0.00243813
9 0.560677 0.05 0.0171875 0.0240741 0.00245321
11 0.23724 0.0685185 0.0171875 0.0444444 0.00245438
0 0.26276 0.114352 0.00885417 0.0435185 0.00255943
1 0.00364583 0.407407 0.00729167 0.0888889 0.00259962
2 0.653385 0.152778 0.0463542 0.062963 0.0027103
9 0.995573 0.529167 0.0078125 0.0435185 0.00273104
0 0.75599 0.0736111 0.0109375 0.037963 0.00274702
1 0.00520833 0.378241 0.0104167 0.14537 0.00285148
2 0.527865 0.109722 0.165104 0.0638889 0.00293253
9 0.208333 0.0689815 0.025 0.0435185 0.00296407
2 0.238802 0.141204 0.0192708 0.0416667 0.00298893
2 0.776042 0.110648 0.0208333 0.0305556 0.00309661
9 0.967448 0.494907 0.0265625 0.087963 0.00344212
9 0.269271 0.0546296 0.0177083 0.0333333 0.003594
11 0.239583 0.0337963 0.021875 0.0638889 0.00378098
2 0.813802 0.0763889 0.0182292 0.0194444 0.00390522
2 0.377344 0.112037 0.193229 0.0759259 0.00405579
2 0.269792 0.0513889 0.01875 0.0361111 0.00449593
12 0.692969 0.165278 0.00885417 0.0398148 0.0049933
0 0.75651 0.0953704 0.0130208 0.0814815 0.00523639
11 0.60599 0.0601852 0.00989583 0.0240741 0.00532574
0 0.708073 0.371759 0.0203125 0.0287037 0.00569425
0 0.716146 0.370833 0.0239583 0.0287037 0.00609104
7 0.971354 0.52963 0.05625 0.201852 0.00619786
9 0.221094 0.0884259 0.0109375 0.0157407 0.00688247
0 0.353125 0.868981 0.0677083 0.0601852 0.00703837
2 0.40599 0.110185 0.0901042 0.0574074 0.00704935
7 0.219531 0.0671296 0.0494792 0.0564815 0.00766523
0 0.332552 0.870833 0.0463542 0.0546296 0.00815003
5 0.220573 0.0685185 0.0505208 0.0537037 0.00833863
9 0.995313 0.49213 0.00833333 0.125 0.00933932
0 0.635156 0.148611 0.00989583 0.0490741 0.0103041
2 0.635156 0.148148 0.0109375 0.0518519 0.0107705
9 0.976562 0.499074 0.04375 0.125926 0.0112581
2 0.786198 0.0893519 0.0151042 0.0212963 0.0118279
62 0.721094 0.743056 0.0692708 0.0861111 0.0131058
2 0.270833 0.111574 0.0135417 0.037963 0.0137014
0 0.442969 0.087037 0.0130208 0.0277778 0.015001
9 0.567187 0.0486111 0.00833333 0.0231481 0.0172636
0 0.372135 0.865278 0.0380208 0.0583333 0.0213028
9 0.50026 0.603241 0.0161458 0.0435185 0.0277697
2 0.447656 0.107407 0.0244792 0.037037 0.0282725
9 0.115365 0.0231481 0.0161458 0.0388889 0.0306826
9 0.502083 0.761111 0.0114583 0.0518519 0.0518365
7 0.294271 0.111574 0.0291667 0.0787037 0.0748754
7 0.303125 0.0606481 0.025 0.0361111 0.0842391
2 0.461198 0.113426 0.0130208 0.0361111 0.0930563
2 0.304167 0.062037 0.0229167 0.0333333 0.106125
0 0.278906 0.873148 0.0380208 0.0611111 0.251338
2 0.527604 0.0810185 0.021875 0.037963 0.269763
2 0.29349 0.114352 0.0276042 0.075 0.293454
2 0.322396 0.0861111 0.0364583 0.037037 0.310461
7 0.50625 0.104167 0.0427083 0.0638889 0.431995
2 0.627344 0.122222 0.0255208 0.0518519 0.458616
2 0.47474 0.109259 0.0348958 0.0462963 0.47444
2 0.50599 0.103704 0.0421875 0.0648148 0.479045
2 0.31875 0.123148 0.05 0.0666667 0.72101
10 0.203906 0.316667 0.0161458 0.0722222 0.739069
11 0.729688 0.0421296 0.028125 0.0546296 0.746624
2 0.420573 0.110185 0.0317708 0.0425926 0.831201
7 0.709896 0.78287 0.235417 0.400926 0.843267
2 0.729948 0.419907 0.123438 0.171296 0.895361
2 0.318229 0.871296 0.239583 0.251852 0.922087
