0 0.758073 0.375463 0.0182292 0.0305556 0.00123775
9 0.989583 0.511111 0.0197917 0.153704 0.00123776
32 0.461198 0.355556 0.0109375 0.0166667 0.00126645
2 0.539583 0.108333 0.241667 0.0703704 0.00129811
2 0.00416667 0.458333 0.00833333 0.211111 0.00129964
1 0.810938 0.331944 0.0177083 0.0935185 0.00141075
0 0.26276 0.116204 0.00885417 0.037963 0.00143513
9 0.609896 0.309722 0.009375 0.0361111 0.00150029
2 0.503125 0.102778 0.0385417 0.0592593 0.00153292
2 0.218229 0.138426 0.0604167 0.0490741 0.00153788
2 0.638802 0.147685 0.0171875 0.0527778 0.00157735
9 0.265885 0.0601852 0.0161458 0.0833333 0.00166375
9 0.515885 0.3125 0.0192708 0.0638889 0.00166985
9 0.559115 0.05 0.0244792 0.0277778 0.00170073
2 0.656771 0.141667 0.078125 0.0814815 0.00177102
0 0.253906 0.131481 0.0130208 0.05 0.00181226
13 0.970833 0.525926 0.0572917 0.187037 0.00185148
9 0.29401 0.0560185 0.00885417 0.037963 0.00186387
9 0.995052 0.513889 0.00885417 0.161111 0.00194975
0 0.707552 0.374074 0.0192708 0.0259259 0.00198422
0 0.3625 0.0694444 0.009375 0.0240741 0.00198742
1 0.00859375 0.312963 0.0171875 0.037037 0.00204257
0 0.71901 0.372685 0.0234375 0.0268519 0.00204329
2 0.815365 0.0694444 0.0151042 0.0111111 0.00208244
9 0.454167 0.315741 0.00833333 0.0166667 0.0022159
2 0.536458 0.112963 0.009375 0.0425926 0.00231599
9 0.259115 0.0703704 0.0109375 0.0388889 0.00249091
2 0.80599 0.0828704 0.0338542 0.0287037 0.00255979
9 0.292448 0.0680556 0.0109375 0.0212963 0.00257812
9 0.255729 0.0875 0.0114583 0.0342593 0.00261661
1 0.0138021 0.366204 0.0276042 0.0453704 0.00264549
7 0.219531 0.0662037 0.0494792 0.0583333 0.00266424
11 0.2375 0.0652778 0.015625 0.0361111 0.00283836
2 0.0143229 0.393519 0.0286458 0.114815 0.00311146
9 0.416406 0.0157407 0.0171875 0.0314815 0.00311231
12 0.691927 0.165278 0.00989583 0.0398148 0.00336421
9 0.548177 0.0518519 0.0109375 0.0259259 0.00349924
9 0.28151 0.0856481 0.00677083 0.025 0.00356699
9 0.558073 0.0287037 0.0255208 0.0555556 0.00364074
2 0.363542 0.0666667 0.0114583 0.0185185 0.00392366
0 0.286198 0.118981 0.0140625 0.0638889 0.00404973
5 0.220052 0.0726852 0.0515625 0.062037 0.00421742
2 0.361198 0.111574 0.121354 0.0657407 0.00433197
2 0.53151 0.112037 0.0140625 0.0425926 0.00449243
1 0.0145833 0.393519 0.0291667 0.114815 0.00459028
2 0.651042 0.152315 0.040625 0.062037 0.00471576
2 0.416667 0.111111 0.101042 0.0537037 0.00502359
11 0.60625 0.0592593 0.009375 0.0240741 0.00511356
9 0.20651 0.0699074 0.0213542 0.0416667 0.0057961
9 0.502083 0.759259 0.0114583 0.0555556 0.00605287
12 0.974479 0.499074 0.0375 0.124074 0.00607112
2 0.289583 0.113426 0.01875 0.075 0.00666274
2 0.271094 0.110648 0.0140625 0.0361111 0.00684262
12 0.995052 0.489352 0.00885417 0.121296 0.00737041
0 0.756771 0.0916667 0.015625 0.0796296 0.00741372
3 0.00859375 0.396296 0.0171875 0.111111 0.00742346
7 0.791406 0.0648148 0.0307292 0.0611111 0.0079156
2 0.583333 0.128241 0.0364583 0.0305556 0.00795734
9 0.10625 0.0310185 0.0125 0.0324074 0.00803014
2 0.811979 0.0763889 0.021875 0.0175926 0.00876772
9 0.114323 0.025 0.0140625 0.037037 0.00881536
2 0.442969 0.0865741 0.0140625 0.0268519 0.00881978
1 0.00520833 0.390741 0.0104167 0.118519 0.00931517
9 0.571615 0.0319444 0.0151042 0.0601852 0.00933196
9 0.504948 0.287963 0.0130208 0.0722222 0.011747
0 0.00442708 0.395833 0.00885417 0.110185 0.0129586
0 0.634896 0.147685 0.0114583 0.0546296 0.0160297
2 0.238281 0.140741 0.0182292 0.0407407 0.018029
9 0.442708 0.087037 0.0135417 0.0259259 0.0225689
9 0.521354 0.311574 0.009375 0.0453704 0.0256957
2 0.791927 0.087037 0.0234375 0.0259259 0.0283534
7 0.298958 0.108333 0.0375 0.0796296 0.0329237
2 0.00416667 0.407407 0.00833333 0.0888889 0.0361673
2 0.448698 0.11713 0.0307292 0.0231481 0.0383175
9 0.222656 0.0583333 0.0119792 0.0351852 0.0470244
2 0.592188 0.127778 0.01875 0.0240741 0.0498059
2 0.46276 0.1125 0.0151042 0.037963 0.0597786
9 0.566667 0.0486111 0.00833333 0.025 0.130836
9 0.269271 0.0342593 0.021875 0.0666667 0.135826
2 0.321875 0.0851852 0.0375 0.0333333 0.272512
2 0.627344 0.121759 0.0255208 0.0509259 0.347534
10 0.203906 0.316204 0.0161458 0.0712963 0.38268
2 0.473437 0.109259 0.034375 0.0444444 0.430026
7 0.50625 0.103704 0.0427083 0.0648148 0.550549
2 0.317969 0.122222 0.0515625 0.0685185 0.604315
2 0.413281 0.118056 0.0505208 0.0268519 0.638653
2 0.394531 0.106944 0.0286458 0.0435185 0.696494
11 0.729167 0.0425926 0.0270833 0.0537037 0.788473
2 0.729688 0.418056 0.121875 0.175 0.909848
7 0.56224 0.349537 0.129688 0.225 0.919583
