3 0.461719 0.114352 0.0130208 0.0398148 0.00102403
2 0.977865 0.520833 0.0432292 0.178704 0.0010246
2 0.65651 0.130093 0.0796875 0.0638889 0.00104519
12 0.976302 0.496759 0.0453125 0.130556 0.00104612
26 0.169271 0.380093 0.0302083 0.062037 0.00106002
9 0.579948 0.0337963 0.0140625 0.0564815 0.00107527
9 0.1875 0.0875 0.00729167 0.0342593 0.00107819
2 0.639583 0.150926 0.0166667 0.062963 0.00115009
0 0.3875 0.352315 0.469792 0.184259 0.00121915
12 0.701823 0.164815 0.0192708 0.0388889 0.00124466
2 0.217708 0.131481 0.0604167 0.062963 0.00151675
0 0.263542 0.0888889 0.009375 0.0407407 0.00154209
0 0.816927 0.234722 0.00885417 0.037963 0.00154472
0 0.421615 0.546296 0.665104 0.477778 0.00155271
0 0.73125 0.373148 0.025 0.0296296 0.0015647
7 0.294271 0.104167 0.0885417 0.0990741 0.00161211
58 0.929427 0.182407 0.141146 0.361111 0.0016359
7 0.219792 0.0939815 0.0552083 0.123148 0.00166154
9 0.291406 0.0555556 0.00989583 0.0425926 0.00168122
0 0.171354 0.336111 0.0333333 0.0592593 0.00171368
11 0.240104 0.0388889 0.0208333 0.0759259 0.00178037
2 0.265885 0.105093 0.0119792 0.0490741 0.0017999
0 0.36224 0.0694444 0.00885417 0.0240741 0.00186892
0 0.428385 0.682407 0.0203125 0.05 0.00188371
2 0.289583 0.0712963 0.0135417 0.0166667 0.00188918
0 0.41901 0.2375 0.476562 0.362037 0.00192454
0 0.1875 0.106944 0.00729167 0.0509259 0.00199823
26 0.563021 0.293981 0.0229167 0.0564815 0.00205143
1 0.00833333 0.347222 0.0166667 0.1 0.00207315
9 0.502083 0.759722 0.0125 0.0564815 0.00211965
2 0.363802 0.0671296 0.0109375 0.0194444 0.00223254
13 0.96224 0.553704 0.0401042 0.0388889 0.00224291
32 0.453906 0.314352 0.00885417 0.0157407 0.00234124
2 0.676302 0.414352 0.266146 0.206481 0.00236313
0 0.336719 0.433333 0.534896 0.253704 0.00238581
1 0.18125 0.388889 0.0291667 0.0685185 0.00248764
3 0.48125 0.112963 0.0229167 0.0425926 0.00249125
7 0.788021 0.062963 0.0239583 0.0611111 0.00251592
2 0.383073 0.10787 0.200521 0.0824074 0.00266015
7 0.275521 0.0657407 0.0385417 0.127778 0.00277614
0 0.888802 0.253704 0.0151042 0.0388889 0.0029463
11 0.23724 0.0685185 0.0171875 0.0444444 0.0031536
0 0.289844 0.706019 0.0171875 0.037963 0.00324385
2 0.536979 0.107407 0.159375 0.0648148 0.00346537
9 0.275781 0.0425926 0.0380208 0.0833333 0.00352772
1 0.0197917 0.369907 0.0395833 0.0601852 0.00359238
13 0.969271 0.567593 0.0552083 0.0685185 0.00388062
0 0.716667 0.372685 0.0239583 0.0268519 0.00392724
0 0.709635 0.375 0.0182292 0.0259259 0.00399324
9 0.573438 0.0310185 0.0166667 0.0601852 0.0043849
7 0.970312 0.527778 0.0583333 0.203704 0.00471432
0 0.347917 0.700463 0.0385417 0.0638889 0.0048318
13 0.991406 0.518056 0.0161458 0.175 0.00509886
58 0.96875 0.493981 0.0302083 0.0898148 0.00558952
0 0.298438 0.703241 0.0541667 0.0638889 0.00576466
0 0.271094 0.100463 0.0161458 0.0564815 0.00579772
12 0.994271 0.49537 0.0104167 0.135185 0.0061909
9 0.992448 0.493981 0.0140625 0.128704 0.00640018
24 0.564062 0.269444 0.0229167 0.05 0.00686218
7 0.436458 0.0875 0.0114583 0.0361111 0.00690341
2 0.789323 0.0875 0.0192708 0.0268519 0.00701345
0 0.3875 0.7125 0.0208333 0.0472222 0.00847
13 0.971354 0.523611 0.05625 0.187963 0.00881388
2 0.238281 0.141204 0.0182292 0.0416667 0.00894524
2 0.592188 0.125 0.01875 0.0259259 0.00956638
2 0.486198 0.0907407 0.0140625 0.0407407 0.00994658
7 0.21849 0.0657407 0.0484375 0.062963 0.0106229
0 0.286458 0.116667 0.0166667 0.0666667 0.0113974
9 0.269271 0.0472222 0.0208333 0.0444444 0.0123417
5 0.220313 0.0671296 0.0510417 0.0583333 0.0123901
0 0.272135 0.70787 0.0369792 0.0694444 0.0135883
2 0.60625 0.0597222 0.0104167 0.0268519 0.0152084
0 0.75651 0.0884259 0.0130208 0.0768519 0.0166809
2 0.288542 0.108333 0.0197917 0.0759259 0.0172425
9 0.26875 0.0287037 0.021875 0.0537037 0.0202497
2 0.472917 0.105556 0.040625 0.05 0.0220432
2 0.488542 0.108333 0.015625 0.05 0.028663
2 0.271875 0.110185 0.0166667 0.0388889 0.0335558
7 0.298698 0.105093 0.0401042 0.0787037 0.0341065
3 0.00520833 0.409722 0.0104167 0.0824074 0.0353174
9 0.566927 0.0476852 0.0078125 0.0231481 0.0374707
0 0.371354 0.708333 0.0479167 0.0574074 0.0558456
0 0.635677 0.149537 0.00885417 0.0546296 0.0592216
2 0.29974 0.10463 0.0380208 0.0740741 0.0681168
3 0.00989583 0.397685 0.0197917 0.106481 0.0691631
0 0.441406 0.0902778 0.0109375 0.0342593 0.0733861
2 0.478906 0.110185 0.0182292 0.0425926 0.0921906
1 0.0109375 0.39213 0.021875 0.110185 0.125375
2 0.466927 0.110185 0.0213542 0.0425926 0.146763
7 0.460938 0.0680556 0.0458333 0.0398148 0.208076
2 0.321354 0.0856481 0.0375 0.0342593 0.232173
2 0.460417 0.0675926 0.046875 0.037037 0.246939
1 0.563802 0.349074 0.0234375 0.0888889 0.397702
7 0.50651 0.103704 0.0421875 0.0648148 0.430969
2 0.627344 0.123148 0.0255208 0.0537037 0.436006
2 0.50651 0.104167 0.0411458 0.0638889 0.443559
2 0.328906 0.799074 0.236979 0.381481 0.444972
2 0.422396 0.105093 0.0375 0.0527778 0.57765
1 0.170833 0.406019 0.0375 0.0972222 0.591136
7 0.328906 0.799074 0.236979 0.381481 0.666983
2 0.318229 0.121296 0.0510417 0.0703704 0.680965
10 0.204167 0.314815 0.015625 0.0703704 0.701661
11 0.728646 0.0421296 0.0270833 0.0546296 0.751172
0 0.17474 0.365741 0.0401042 0.118519 0.80029
0 0.565365 0.304167 0.0359375 0.156481 0.839497
2 0.729688 0.419444 0.122917 0.17037 0.905907
