9 0.442708 0.233796 0.0114583 0.0324074 0.00103487
9 0.259115 0.0768519 0.0130208 0.0444444 0.0010387
9 0.582031 0.037037 0.0130208 0.05 0.0011054
7 0.145573 0.087963 0.0651042 0.0740741 0.00110733
9 0.360677 0.0648148 0.00989583 0.0203704 0.00111698
0 0.740104 0.370833 0.0239583 0.0342593 0.00112624
2 0.290625 0.102315 0.0927083 0.102778 0.00113181
0 0.995573 0.328704 0.0078125 0.0537037 0.00113888
2 0.0320312 0.0680556 0.0213542 0.0194444 0.00118969
13 0.966146 0.562037 0.0489583 0.0574074 0.00123312
2 0.573958 0.124537 0.0520833 0.0342593 0.00125042
9 0.21901 0.101389 0.0109375 0.037963 0.00136739
2 0.263802 0.103241 0.0109375 0.0527778 0.00138004
9 0.977865 0.5 0.0432292 0.137037 0.00139406
9 0.263802 0.0888889 0.00989583 0.0388889 0.00141243
2 0.794531 0.0847222 0.0338542 0.0287037 0.00141923
2 0.363542 0.0666667 0.0114583 0.0203704 0.0014598
2 0.772396 0.116667 0.0166667 0.0351852 0.00152291
9 0.547396 0.0523148 0.0104167 0.0231481 0.00152761
13 0.0140625 0.393056 0.028125 0.110185 0.00157161
9 0.23724 0.0680556 0.0151042 0.0435185 0.0016272
1 0.995313 0.331481 0.00833333 0.0462963 0.0016685
0 0.361979 0.0685185 0.009375 0.0259259 0.00176911
7 0.219792 0.0902778 0.05625 0.132407 0.00179684
12 0.693229 0.164352 0.00729167 0.0398148 0.00185939
9 0.263542 0.0444444 0.0177083 0.0537037 0.0018628
0 0.75599 0.373611 0.0213542 0.0342593 0.00194367
0 0.75625 0.087963 0.0135417 0.0814815 0.00197681
58 0.96849 0.49213 0.0296875 0.0953704 0.0020367
9 0.110156 0.0259259 0.0161458 0.037037 0.0021953
0 0.715365 0.371759 0.0223958 0.0268519 0.00223819
2 0.21849 0.132407 0.0598958 0.0592593 0.00232402
0 0.522135 0.0657407 0.00989583 0.0259259 0.00232964
2 0.523177 0.1125 0.317187 0.0768519 0.0026196
9 0.291406 0.0527778 0.00989583 0.0462963 0.00262899
11 0.60599 0.0587963 0.00989583 0.0268519 0.00273229
2 0.290885 0.0712963 0.0119792 0.0148148 0.00285915
11 0.236979 0.0662037 0.015625 0.0398148 0.00293106
32 0.453646 0.314352 0.009375 0.0138889 0.00302993
13 0.992708 0.516667 0.0135417 0.172222 0.00309178
2 0.811719 0.075 0.0161458 0.0185185 0.00309351
2 0.463802 0.110185 0.101562 0.062963 0.00335211
2 0.36875 0.109259 0.16875 0.0777778 0.0038113
13 0.00390625 0.403704 0.0078125 0.0907407 0.00382009
9 0.115104 0.0226852 0.0125 0.0361111 0.00420744
1 0.00416667 0.397222 0.00833333 0.103704 0.00440431
0 0.527604 0.0675926 0.0104167 0.0240741 0.00456179
5 0.215885 0.0648148 0.0380208 0.0555556 0.00477035
9 0.571615 0.0310185 0.0130208 0.0583333 0.00493803
2 0.00416667 0.406481 0.00833333 0.0888889 0.00537641
7 0.970833 0.523611 0.0572917 0.197222 0.00545602
9 0.21901 0.0578704 0.0223958 0.0527778 0.00575969
0 0.757031 0.0662037 0.0109375 0.0398148 0.00597028
13 0.970833 0.519444 0.0572917 0.181481 0.00655465
2 0.78125 0.102315 0.034375 0.0546296 0.00672108
9 0.206771 0.0708333 0.0197917 0.037963 0.00703568
9 0.275 0.0393519 0.0333333 0.075 0.00710464
9 0.502083 0.758796 0.0125 0.0546296 0.00726361
7 0.214583 0.062963 0.0385417 0.0648148 0.00738849
9 0.991927 0.512963 0.0151042 0.17037 0.00760318
2 0.591667 0.125 0.0177083 0.0259259 0.00795337
0 0.285937 0.114815 0.0145833 0.0703704 0.00834934
2 0.448177 0.0791667 0.0380208 0.0435185 0.00857507
2 0.443229 0.107407 0.0135417 0.0296296 0.00866004
2 0.340625 0.087963 0.0114583 0.0296296 0.0104333
2 0.270312 0.109259 0.0135417 0.0388889 0.0105782
9 0.269271 0.0509259 0.0197917 0.037037 0.0127598
9 0.21849 0.0902778 0.00885417 0.0175926 0.0168467
2 0.436719 0.0884259 0.0140625 0.0342593 0.0170298
7 0.297656 0.104167 0.0380208 0.0787037 0.0185814
2 0.460938 0.0675926 0.0177083 0.0259259 0.0212888
0 0.634896 0.149537 0.009375 0.0527778 0.0237555
2 0.495833 0.106481 0.0260417 0.0518519 0.0240555
2 0.634635 0.149074 0.0109375 0.0592593 0.0259956
2 0.297656 0.102778 0.0338542 0.0722222 0.0288667
9 0.26875 0.0240741 0.0208333 0.0444444 0.0293406
2 0.78724 0.087963 0.0192708 0.0259259 0.0415768
9 0.567187 0.0476852 0.00833333 0.0231481 0.0484939
2 0.238542 0.139815 0.01875 0.0425926 0.0509141
2 0.436198 0.0703704 0.0255208 0.0203704 0.0636295
2 0.451823 0.0675926 0.0328125 0.0277778 0.115299
2 0.46224 0.111574 0.0130208 0.037963 0.129051
0 0.442187 0.0842593 0.0114583 0.0333333 0.148898
2 0.476823 0.10787 0.0265625 0.0453704 0.251517
2 0.321615 0.0875 0.0380208 0.037963 0.269881
7 0.50625 0.103241 0.0427083 0.0638889 0.354349
2 0.626823 0.122685 0.0255208 0.0527778 0.374435
2 0.50599 0.103704 0.0421875 0.062963 0.488492
10 0.203906 0.314352 0.0161458 0.0694444 0.689136
2 0.422396 0.106481 0.0364583 0.0481481 0.749518
2 0.317969 0.121296 0.0515625 0.0703704 0.772234
11 0.728906 0.0430556 0.0265625 0.0546296 0.792645
2 0.729948 0.419444 0.122396 0.17037 0.910343
