1 0.0171875 0.183333 0.034375 0.0759259 0.00101108
2 0.53099 0.1125 0.0140625 0.0435185 0.00102232
2 0.68125 0.113426 0.132292 0.0805556 0.00104307
0 0.755469 0.128241 0.0182292 0.0194444 0.0010635
9 0.236458 0.0643518 0.0166667 0.0361111 0.00110212
2 0.592708 0.124074 0.0166667 0.0259259 0.00110685
7 0.146875 0.0912037 0.0677083 0.0805556 0.00119147
0 0.0796875 0.162037 0.0114583 0.0259259 0.00123652
2 0.363802 0.0662037 0.0119792 0.0194444 0.00131258
0 0.388542 0.165278 0.0239583 0.0305556 0.00135302
0 0.489323 0.314352 0.671354 0.315741 0.00135942
2 0.779427 0.166204 0.0598958 0.062037 0.00146006
0 0.361458 0.0694444 0.009375 0.0314815 0.00149192
2 0.29974 0.106019 0.0932292 0.100926 0.00153507
7 0.970833 0.524074 0.0572917 0.194444 0.00162398
13 0.96224 0.554167 0.0401042 0.0416667 0.00163766
2 0.657031 0.137037 0.0828125 0.0814815 0.00163919
9 0.583594 0.0398148 0.0140625 0.0481481 0.00178349
0 0.73125 0.373148 0.0260417 0.0259259 0.00184396
7 0.275781 0.0675926 0.0390625 0.12963 0.00189048
11 0.236719 0.0675926 0.0171875 0.0425926 0.00190645
2 0.557031 0.419444 0.606771 0.187037 0.0019887
2 0.430469 0.109722 0.328646 0.0861111 0.00200697
2 0.399219 0.195833 0.0328125 0.087963 0.00203921
9 0.292448 0.0537037 0.0078125 0.0425926 0.00208489
9 0.415625 0.00972222 0.015625 0.0194444 0.00216167
12 0.700521 0.162037 0.0208333 0.0425926 0.00216322
58 0.966146 0.511111 0.0479167 0.127778 0.00220128
2 0.238542 0.139352 0.01875 0.0435185 0.00220531
9 0.502083 0.759722 0.0125 0.0546296 0.00221976
0 0.757031 0.375463 0.0203125 0.0305556 0.00225074
2 0.00364583 0.415278 0.00729167 0.0694444 0.00227094
0 0.266927 0.0986111 0.00989583 0.0546296 0.00233676
2 0.446094 0.113889 0.0255208 0.0259259 0.00235476
2 0.648698 0.149074 0.0369792 0.0611111 0.00245769
9 0.276302 0.0416667 0.0369792 0.0777778 0.00267811
2 0.475 0.111111 0.167708 0.0703704 0.0027163
7 0.220052 0.0731481 0.0526042 0.0574074 0.00273301
13 0.969792 0.508333 0.05625 0.144444 0.002853
9 0.263281 0.0898148 0.0078125 0.0407407 0.00288138
2 0.585677 0.1125 0.344271 0.0731481 0.0028993
13 0.99375 0.519907 0.0114583 0.173148 0.00300814
2 0.442187 0.087037 0.0135417 0.0259259 0.00304711
1 0.00494792 0.396296 0.00989583 0.111111 0.00329888
9 0.573177 0.0305556 0.0151042 0.0592593 0.00339943
1 0.0114583 0.380093 0.0229167 0.087963 0.00345658
0 0.753906 0.0842593 0.0140625 0.0648148 0.00353388
0 0.714323 0.371759 0.0223958 0.0268519 0.00354061
12 0.694271 0.162963 0.0125 0.0388889 0.0038773
2 0.782552 0.101389 0.0369792 0.0453704 0.00398794
12 0.994792 0.491204 0.009375 0.126852 0.00438159
5 0.213802 0.0643518 0.0348958 0.0546296 0.00445691
0 0.995573 0.328704 0.0078125 0.0537037 0.00489565
9 0.99401 0.491667 0.0109375 0.124074 0.00500064
2 0.776563 0.113426 0.025 0.0342593 0.00506989
9 0.50026 0.603704 0.0161458 0.0425926 0.00536097
13 0.985417 0.52037 0.028125 0.175926 0.00605124
0 0.283854 0.087037 0.009375 0.0333333 0.00651292
32 0.454427 0.314352 0.0078125 0.012037 0.0072044
9 0.211458 0.0675926 0.0322917 0.0518519 0.00759096
2 0.270312 0.110185 0.0135417 0.037037 0.00793516
7 0.213021 0.0615741 0.0333333 0.0583333 0.00805195
58 0.967969 0.496759 0.0296875 0.0842593 0.00846849
2 0.785156 0.0888889 0.0182292 0.0259259 0.0118678
9 0.26901 0.0449074 0.0203125 0.0472222 0.0130192
9 0.26849 0.0273148 0.0213542 0.0490741 0.0137911
2 0.488802 0.106944 0.0151042 0.0509259 0.018733
2 0.60599 0.0592593 0.00989583 0.0259259 0.0203783
9 0.220052 0.0888889 0.00885417 0.0148148 0.0209093
0 0.634896 0.148611 0.009375 0.0527778 0.0243071
9 0.441927 0.0875 0.0130208 0.025 0.0247868
0 0.383073 0.331481 0.0369792 0.037037 0.0253275
0 0.357031 0.332407 0.0234375 0.0259259 0.0270705
0 0.369531 0.331019 0.0255208 0.0287037 0.0289139
9 0.566927 0.0476852 0.0078125 0.0231481 0.0299841
2 0.29401 0.110185 0.0296875 0.0759259 0.0302279
7 0.297135 0.106019 0.0338542 0.0787037 0.0406521
0 0.394531 0.331019 0.0255208 0.0324074 0.0407595
2 0.634896 0.144907 0.0104167 0.0509259 0.043983
2 0.46224 0.110648 0.0130208 0.0416667 0.0763076
2 0.321875 0.0856481 0.0385417 0.0361111 0.243921
2 0.472396 0.109259 0.03125 0.0444444 0.28288
7 0.505469 0.103241 0.0432292 0.0638889 0.398646
2 0.627344 0.12037 0.0255208 0.05 0.439622
2 0.505469 0.102778 0.0432292 0.0648148 0.446584
10 0.203646 0.315278 0.015625 0.0712963 0.619952
2 0.318229 0.120833 0.0520833 0.0712963 0.695843
11 0.728906 0.0425926 0.0265625 0.0555556 0.828706
2 0.379948 0.194907 0.0703125 0.0935185 0.873966
2 0.729688 0.419444 0.122917 0.172222 0.90956
2 0.745313 0.190278 0.127083 0.110185 0.91874
2 0.377083 0.368519 0.109375 0.157407 0.923459
