0 0.729167 0.372222 0.03125 0.0296296 0.00101005
9 0.429948 0.0402778 0.00885417 0.0342593 0.00107688
9 0.25651 0.0865741 0.0182292 0.037963 0.00108611
13 0.00390625 0.403704 0.0078125 0.0944444 0.0010977
58 0.920313 0.18287 0.159375 0.35463 0.00112648
5 0.788021 0.050463 0.028125 0.087963 0.00113411
12 0.702083 0.125926 0.0208333 0.0574074 0.00118862
7 0.217448 0.0606481 0.0432292 0.0509259 0.00127589
2 0.7875 0.0833333 0.0197917 0.0222222 0.00128604
12 0.980208 0.499074 0.0385417 0.135185 0.00128804
13 0.970573 0.571296 0.0567708 0.0796296 0.00130634
2 0.292448 0.10787 0.105729 0.0972222 0.00131016
13 0.952344 0.422685 0.0953125 0.143519 0.00141649
9 0.415365 0.0101852 0.0161458 0.0203704 0.00149618
9 0.430729 0.0287037 0.0104167 0.0222222 0.00149868
13 0.993229 0.51713 0.0125 0.171296 0.00172207
2 0.427083 0.113426 0.298958 0.0805556 0.00175397
0 0.282292 0.0861111 0.00833333 0.0296296 0.00182604
9 0.547917 0.0532407 0.0104167 0.0231481 0.00185076
2 0.283854 0.0759259 0.0177083 0.0259259 0.00197489
9 0.280469 0.0518519 0.0286458 0.0981481 0.00199045
2 0.544271 0.112037 0.142708 0.0703704 0.00213337
9 0.582552 0.0356481 0.0151042 0.0601852 0.00214097
0 0.816406 0.2375 0.00989583 0.0305556 0.00217807
0 0.75651 0.0898148 0.0140625 0.0814815 0.00223103
9 0.260156 0.0680556 0.0130208 0.0490741 0.00225639
9 0.236719 0.0675926 0.0151042 0.0444444 0.00250148
12 0.701302 0.165741 0.0192708 0.0388889 0.00250317
0 0.757812 0.0703704 0.0114583 0.0407407 0.00253483
1 0.009375 0.398611 0.01875 0.110185 0.00254638
9 0.482812 0.0435185 0.00729167 0.0277778 0.00264547
9 0.245052 0.0833333 0.00677083 0.0333333 0.00266278
7 0.788281 0.0527778 0.0265625 0.0833333 0.00287554
13 0.970833 0.520833 0.0572917 0.180556 0.00301411
5 0.213021 0.0597222 0.0333333 0.0564815 0.00338075
7 0.970833 0.525463 0.0572917 0.199074 0.00338522
9 0.502083 0.75787 0.0135417 0.0583333 0.003825
2 0.593229 0.127315 0.015625 0.0231481 0.00387872
0 0.459375 0.114352 0.0114583 0.0268519 0.00431344
11 0.236979 0.0680556 0.0166667 0.0416667 0.00449085
0 0.716927 0.371296 0.0234375 0.0259259 0.00476015
2 0.271094 0.106481 0.0140625 0.0425926 0.00491899
9 0.266667 0.0967593 0.0104167 0.0527778 0.00519085
12 0.994792 0.490741 0.009375 0.12963 0.00519599
9 0.99349 0.501852 0.0119792 0.148148 0.00523866
1 0.00494792 0.377778 0.00989583 0.0555556 0.00546888
2 0.290885 0.0703704 0.0119792 0.0148148 0.00548453
9 0.263281 0.0893519 0.00885417 0.037963 0.00550053
2 0.605469 0.0587963 0.00989583 0.0268519 0.0063171
2 0.238281 0.139352 0.0182292 0.0416667 0.00631852
9 0.573177 0.0310185 0.0151042 0.0601852 0.00682653
2 0.363021 0.0662037 0.0125 0.025 0.00757164
2 0.785156 0.0902778 0.0151042 0.0194444 0.00803305
9 0.292188 0.0513889 0.009375 0.0453704 0.00812184
12 0.692708 0.162963 0.00729167 0.0425926 0.00822674
2 0.463021 0.118519 0.01875 0.0240741 0.00875203
9 0.213802 0.062037 0.0307292 0.0481481 0.0102014
2 0.345833 0.112963 0.0822917 0.0703704 0.0103849
2 0.345573 0.0930556 0.0109375 0.0268519 0.0116968
1 0.0117188 0.364352 0.0234375 0.0657407 0.015794
0 0.634896 0.148148 0.009375 0.0518519 0.0179099
2 0.634635 0.146296 0.0109375 0.0555556 0.0208454
9 0.458073 0.0652778 0.00677083 0.025 0.0210187
9 0.217708 0.103704 0.00729167 0.0388889 0.021238
2 0.444792 0.116204 0.0229167 0.0194444 0.0234248
2 0.289844 0.11713 0.0213542 0.062037 0.0336837
9 0.566927 0.0472222 0.0078125 0.0240741 0.0395484
9 0.21849 0.0921296 0.0078125 0.0157407 0.0594376
9 0.442448 0.0861111 0.0130208 0.0240741 0.0855637
9 0.26901 0.0347222 0.0223958 0.0657407 0.140042
2 0.479688 0.0972222 0.0239583 0.0222222 0.207762
2 0.321354 0.0842593 0.0375 0.0333333 0.261233
2 0.627083 0.122222 0.0260417 0.0518519 0.309789
2 0.509635 0.102778 0.0348958 0.062963 0.46839
2 0.317969 0.121759 0.0505208 0.0694444 0.713319
11 0.728906 0.0412037 0.0276042 0.0527778 0.778057
2 0.363021 0.106019 0.0354167 0.0509259 0.784537
2 0.479167 0.145833 0.05625 0.0787037 0.789428
10 0.204167 0.314815 0.0166667 0.0703704 0.79817
2 0.729688 0.418981 0.122917 0.171296 0.902216
