9 0.360677 0.0638889 0.00989583 0.0222222 0.00105888
2 0.676562 0.114352 0.125 0.0787037 0.00106629
0 0.55625 0.264815 0.519792 0.388889 0.0010773
0 0.363281 0.301852 0.0213542 0.0314815 0.00108309
0 0.755729 0.124074 0.01875 0.0259259 0.00108708
2 0.363542 0.0657407 0.0125 0.0203704 0.00110342
58 0.966667 0.508796 0.05 0.130556 0.00117882
9 0.485156 0.0259259 0.0109375 0.0333333 0.00122027
9 0.236458 0.0638889 0.0177083 0.037037 0.00123327
2 0.0244792 0.164815 0.0489583 0.105556 0.00126563
9 0.582812 0.0412037 0.0145833 0.0453704 0.0012789
7 0.146354 0.0912037 0.0677083 0.0824074 0.00128071
9 0.501823 0.759722 0.0130208 0.0546296 0.0014013
2 0.446875 0.111574 0.0270833 0.0287037 0.00141094
0 0.478906 0.503241 0.689062 0.836111 0.00151837
11 0.236979 0.0675926 0.0177083 0.0425926 0.00154913
2 0.572656 0.357407 0.546354 0.305556 0.00164378
0 0.366927 0.125 0.0151042 0.0259259 0.00168147
0 0.757031 0.375463 0.0213542 0.0324074 0.00182176
2 0.65625 0.136111 0.0833333 0.0814815 0.00182407
7 0.275781 0.0601852 0.0390625 0.114815 0.00186059
0 0.36901 0.290278 0.0630208 0.0472222 0.00186963
2 0.792708 0.100926 0.05625 0.0611111 0.00188307
2 0.00390625 0.414815 0.0078125 0.0703704 0.0021013
0 0.730208 0.373148 0.0270833 0.0277778 0.00213691
7 0.970573 0.525926 0.0578125 0.198148 0.00216916
0 0.361458 0.0699074 0.009375 0.0305556 0.00217002
9 0.484115 0.0462963 0.00885417 0.0259259 0.00217336
2 0.78151 0.101389 0.0348958 0.0435185 0.0021898
2 0.299219 0.106019 0.0942708 0.100926 0.00220751
2 0.648958 0.149074 0.0385417 0.0592593 0.00232202
9 0.21276 0.0597222 0.0348958 0.062037 0.00240432
9 0.263542 0.0902778 0.00833333 0.0416667 0.00250004
9 0.50026 0.602778 0.0151042 0.0407407 0.00255011
9 0.0796875 0.161111 0.0114583 0.0277778 0.00258902
2 0.414062 0.110185 0.294792 0.0796296 0.00261711
2 0.442187 0.087037 0.0135417 0.0259259 0.0026505
9 0.290625 0.0685185 0.0125 0.0185185 0.00284371
9 0.276042 0.0402778 0.0375 0.0768519 0.00287025
0 0.267188 0.0986111 0.0104167 0.0546296 0.00287371
9 0.99349 0.490741 0.0119792 0.118519 0.00288667
2 0.238021 0.140741 0.01875 0.0407407 0.00297361
13 0.99375 0.519907 0.0114583 0.173148 0.00326173
7 0.220052 0.0736111 0.0526042 0.0601852 0.0033
13 0.96224 0.553704 0.0401042 0.0407407 0.00350202
9 0.573177 0.0305556 0.0151042 0.0592593 0.00367156
2 0.597917 0.112037 0.313542 0.0685185 0.0037437
2 0.36224 0.122222 0.0223958 0.0259259 0.0040057
12 0.99349 0.490741 0.0119792 0.12037 0.00421386
0 0.995833 0.328704 0.00729167 0.0537037 0.00427074
13 0.970312 0.531482 0.0583333 0.177778 0.00433255
0 0.714844 0.371759 0.0234375 0.0268519 0.00437046
2 0.775521 0.114352 0.021875 0.0342593 0.00447106
0 0.754948 0.0837963 0.0140625 0.0638889 0.00454357
0 0.357031 0.289352 0.0203125 0.0287037 0.00537625
1 0.0117188 0.372222 0.0234375 0.0685185 0.0053788
12 0.695312 0.1625 0.0125 0.0416667 0.00542666
1 0.00598958 0.396296 0.0119792 0.107407 0.00544452
2 0.286979 0.110648 0.0166667 0.0787037 0.00568283
2 0.484115 0.111111 0.0786458 0.062963 0.00574043
0 0.283854 0.0972222 0.0104167 0.0518519 0.00620229
58 0.967969 0.494444 0.0307292 0.0888889 0.00641699
9 0.292969 0.0550926 0.00885417 0.0416667 0.00654634
13 0.985156 0.519444 0.0286458 0.17963 0.00657048
7 0.213021 0.0625 0.0333333 0.0564815 0.00689424
2 0.784375 0.0902778 0.015625 0.0231481 0.00828612
2 0.270833 0.109722 0.0145833 0.037963 0.01039
0 0.392708 0.290741 0.0229167 0.0388889 0.0107285
9 0.207292 0.0685185 0.0208333 0.0425926 0.0137843
2 0.489062 0.106481 0.0166667 0.0518519 0.015995
2 0.60599 0.0592593 0.00989583 0.0259259 0.0161357
9 0.441927 0.0865741 0.0130208 0.025 0.0173635
9 0.26849 0.0328704 0.0213542 0.0601852 0.0184273
0 0.634896 0.148611 0.009375 0.0509259 0.0216122
2 0.296875 0.106481 0.034375 0.0777778 0.0222963
9 0.566927 0.0476852 0.0078125 0.0231481 0.0298902
9 0.220313 0.0893519 0.009375 0.0138889 0.0356013
7 0.302083 0.106019 0.0427083 0.0787037 0.043857
2 0.634635 0.143519 0.0109375 0.0481481 0.0482751
2 0.463021 0.109259 0.0145833 0.0444444 0.112154
2 0.321094 0.0856481 0.0390625 0.0361111 0.225398
7 0.505208 0.103704 0.04375 0.062963 0.370689
2 0.472656 0.108796 0.0317708 0.0453704 0.371796
2 0.627083 0.120833 0.0260417 0.0509259 0.447781
2 0.505208 0.103241 0.04375 0.0638889 0.453336
10 0.203646 0.315278 0.015625 0.0712963 0.549867
2 0.318229 0.121296 0.0520833 0.0722222 0.72256
11 0.728646 0.0421296 0.0270833 0.0546296 0.82119
2 0.379948 0.179167 0.0640625 0.087963 0.872493
2 0.729688 0.419907 0.122917 0.171296 0.908765
2 0.378385 0.328241 0.102604 0.14537 0.910387
2 0.745833 0.190741 0.128125 0.111111 0.923083
