2 0.0322917 0.103704 0.0479167 0.0518519 0.00101751
2 0.753906 0.159259 0.0119792 0.0185185 0.00101831
9 0.274479 0.0453704 0.0364583 0.087037 0.00106346
0 0.104167 0.756019 0.208333 0.365741 0.00106721
11 0.756771 0.074537 0.0114583 0.0398148 0.00108836
9 0.261719 0.024537 0.0140625 0.0416667 0.00109166
13 0.961198 0.556019 0.0380208 0.0453704 0.00111332
9 0.263021 0.0907407 0.00833333 0.0425926 0.00116549
2 0.809375 0.0800926 0.0270833 0.0287037 0.00118683
2 0.975781 0.520833 0.0473958 0.176852 0.00119665
2 0.241146 0.106481 0.0177083 0.0351852 0.00127374
2 0.816667 0.233333 0.0104167 0.0462963 0.00131455
0 0.846875 0.240741 0.009375 0.0333333 0.00155253
11 0.220833 0.0657407 0.0510417 0.0611111 0.00158285
12 0.702344 0.130093 0.0234375 0.0657407 0.00162064
58 0.96849 0.495833 0.0307292 0.0898148 0.00163638
12 0.363281 0.062037 0.0119792 0.0333333 0.00170493
0 0.75599 0.0939815 0.0140625 0.0787037 0.00178112
9 0.429167 0.0412037 0.00833333 0.0194444 0.00184488
9 0.572917 0.0310185 0.0145833 0.0583333 0.00196598
0 0.713542 0.941667 0.040625 0.0555556 0.0020331
2 0.406771 0.111111 0.26875 0.0777778 0.00205919
2 0.646875 0.146759 0.034375 0.0601852 0.00219386
0 0.717188 0.371296 0.0239583 0.0277778 0.00225493
12 0.702344 0.164815 0.0223958 0.037037 0.00232702
0 0.078125 0.772222 0.11875 0.235185 0.00232932
2 0.83125 0.235648 0.0395833 0.0509259 0.00233947
2 0.301302 0.108333 0.0786458 0.0888889 0.00237057
2 0.994531 0.518981 0.00989583 0.173148 0.00243384
2 0.442708 0.0865741 0.0135417 0.0268519 0.00259934
0 0.0544271 0.811111 0.0619792 0.135185 0.00260405
0 0.204688 0.756944 0.389583 0.400926 0.00262267
1 0.115885 0.802315 0.0171875 0.123148 0.00272974
0 0.263281 0.105556 0.00885417 0.0481481 0.0027315
2 0.560677 0.110185 0.195312 0.062963 0.00295632
7 0.788021 0.0648148 0.025 0.062963 0.00295649
2 0.448177 0.110185 0.0276042 0.037037 0.00304513
9 0.5 0.603241 0.0145833 0.037963 0.00327646
7 0.99401 0.517593 0.0109375 0.172222 0.00343179
0 0.995573 0.327778 0.0078125 0.0555556 0.00348985
9 0.208073 0.0685185 0.0203125 0.0444444 0.00371862
2 0.00520833 0.555556 0.0104167 0.0425926 0.00400942
11 0.236979 0.0703704 0.0166667 0.0462963 0.00441711
9 0.269792 0.0518519 0.0197917 0.037037 0.00458883
9 0.36224 0.0611111 0.0109375 0.0388889 0.00512772
2 0.814323 0.074537 0.0182292 0.0194444 0.00598054
7 0.970312 0.523611 0.0583333 0.19537 0.00617018
12 0.692969 0.164352 0.0078125 0.037963 0.00630577
9 0.219792 0.0532407 0.0197917 0.0435185 0.00649531
12 0.994531 0.506019 0.00989583 0.15463 0.00652386
1 0.110417 0.830556 0.0239583 0.155556 0.00717787
9 0.26901 0.0199074 0.0203125 0.0324074 0.0075457
9 0.489062 0.980093 0.0166667 0.0398148 0.00817626
0 0.675 0.942593 0.0677083 0.0611111 0.00848006
0 0.10026 0.701852 0.0505208 0.112963 0.00863089
11 0.605729 0.0601852 0.0114583 0.0240741 0.00865985
9 0.442448 0.087037 0.0130208 0.0259259 0.00883498
5 0.220573 0.0657407 0.0494792 0.0611111 0.00912024
2 0.530208 0.0981481 0.01875 0.0592593 0.0092137
2 0.592448 0.124537 0.0171875 0.0268519 0.00974409
2 0.238281 0.141667 0.0182292 0.0407407 0.0112984
2 0.00364583 0.423148 0.00729167 0.0574074 0.0120386
7 0.220313 0.0652778 0.05 0.0638889 0.0131402
2 0.271875 0.108796 0.0145833 0.0416667 0.0156999
1 0.00364583 0.42037 0.00729167 0.062963 0.01611
2 0.785417 0.0893519 0.0135417 0.0212963 0.0164819
0 0.635417 0.147222 0.009375 0.0518519 0.0168269
1 0.0135417 0.366204 0.0270833 0.0490741 0.0193047
2 0.490365 0.107407 0.0171875 0.05 0.0211974
9 0.567187 0.0486111 0.00833333 0.0231481 0.0217138
2 0.634896 0.143519 0.0114583 0.0518519 0.0228598
1 0.00989583 0.394907 0.0197917 0.113889 0.0266371
0 0.655729 0.941204 0.0416667 0.0527778 0.0359051
24 0.0984375 0.70787 0.034375 0.0805556 0.0407226
2 0.46224 0.112037 0.0130208 0.0388889 0.118582
9 0.502083 0.760648 0.0125 0.0527778 0.119103
2 0.298438 0.107407 0.0385417 0.0814815 0.12713
2 0.529167 0.0805556 0.01875 0.0296296 0.24211
2 0.472396 0.109259 0.0322917 0.0444444 0.285784
2 0.322656 0.0888889 0.0369792 0.0388889 0.332927
2 0.627344 0.122222 0.0255208 0.0518519 0.424934
1 0.0973958 0.846296 0.0427083 0.17037 0.547654
2 0.505469 0.104167 0.0421875 0.062037 0.657157
10 0.204167 0.316204 0.015625 0.0712963 0.718584
2 0.31849 0.121759 0.0505208 0.0694444 0.766437
0 0.100521 0.772685 0.0520833 0.256481 0.773533
11 0.729167 0.0435185 0.0270833 0.0574074 0.812401
2 0.729688 0.419907 0.122917 0.171296 0.89814
2 0.680469 0.923148 0.205729 0.148148 0.904325
