9 0.470313 0.4125 0.0104167 0.0268519 0.00107933
9 0.482552 0.0439815 0.00677083 0.025 0.00109425
12 0.692969 0.162037 0.00885417 0.0407407 0.00112702
58 0.9625 0.25463 0.0739583 0.216667 0.00114695
58 0.916927 0.258333 0.166146 0.507407 0.00117283
2 0.775 0.119907 0.01875 0.0361111 0.00122711
9 0.436979 0.191204 0.0135417 0.0361111 0.00129099
1 0.810938 0.339352 0.0197917 0.0916667 0.0013193
13 0.99375 0.518056 0.0114583 0.167593 0.00142498
9 0.561719 0.0310185 0.0213542 0.0583333 0.00144132
13 0.971094 0.528241 0.0567708 0.189815 0.00151194
2 0.463021 0.113426 0.015625 0.0435185 0.0015269
2 0.645312 0.152778 0.0270833 0.0611111 0.0015499
2 0.799219 0.0833333 0.0348958 0.0296296 0.00159981
2 0.0539063 0.0708333 0.0473958 0.0287037 0.00161162
1 0.00364583 0.404167 0.00729167 0.0953704 0.00166941
9 0.415885 0.00925926 0.0151042 0.0185185 0.00168704
10 0.774219 0.124074 0.0182292 0.0444444 0.00169511
2 0.798177 0.0703704 0.0411458 0.0444444 0.00170698
11 0.252604 0.0861111 0.0135417 0.0351852 0.00183179
2 0.363542 0.0685185 0.0114583 0.0222222 0.0019562
2 0.578125 0.110185 0.259375 0.0666667 0.00198987
9 0.261719 0.0439815 0.0151042 0.0527778 0.00199911
9 0.565625 0.0425926 0.0104167 0.037037 0.0020032
12 0.702344 0.159722 0.0234375 0.0435185 0.00203125
2 0.401823 0.1125 0.272396 0.0824074 0.00219531
9 0.296354 0.0587963 0.015625 0.0361111 0.00245767
12 0.9875 0.500463 0.021875 0.128704 0.00251195
0 0.732031 0.370833 0.0359375 0.0324074 0.00265587
2 0.64401 0.125463 0.0578125 0.062037 0.00278898
2 0.813802 0.0689815 0.0171875 0.0157407 0.00283483
9 0.256771 0.074537 0.0104167 0.0453704 0.00290868
2 0.239063 0.139352 0.0197917 0.0472222 0.00297058
12 0.702344 0.136574 0.0234375 0.0768519 0.0029805
2 0.592969 0.130093 0.0192708 0.0212963 0.00304407
9 0.207292 0.0680556 0.025 0.0435185 0.00319507
0 0.757292 0.376852 0.0177083 0.0277778 0.00320229
11 0.240885 0.0333333 0.0223958 0.062963 0.00322485
11 0.235938 0.0699074 0.0208333 0.0472222 0.00338805
9 0.265885 0.0976852 0.0109375 0.0527778 0.00342306
11 0.220313 0.0671296 0.053125 0.0583333 0.00343852
2 0.442969 0.0865741 0.0140625 0.0268519 0.0036353
0 0.263021 0.104167 0.009375 0.0509259 0.0039194
32 0.454688 0.315278 0.00729167 0.0138889 0.00393292
9 0.994531 0.506019 0.00989583 0.143519 0.00395237
2 0.790885 0.0819444 0.0223958 0.0231481 0.00410465
2 0.475521 0.109722 0.0666667 0.0583333 0.00444038
2 0.811719 0.074537 0.0213542 0.0194444 0.00503307
0 0.757292 0.0888889 0.0125 0.0759259 0.00513703
9 0.219531 0.0476852 0.0213542 0.0361111 0.00556767
2 0.663802 0.156019 0.0651042 0.0675926 0.00598054
9 0.26224 0.0875 0.00885417 0.0342593 0.00660401
2 0.635156 0.145833 0.0109375 0.0490741 0.00678585
11 0.60599 0.0611111 0.00989583 0.0240741 0.00722975
12 0.995052 0.500926 0.00885417 0.135185 0.00755255
9 0.500781 0.603241 0.0161458 0.0416667 0.00788989
0 0.44401 0.099537 0.0171875 0.0509259 0.00804454
0 0.635417 0.149074 0.009375 0.05 0.00954183
2 0.786198 0.0907407 0.0161458 0.0185185 0.00977906
0 0.713802 0.371759 0.0213542 0.0268519 0.0125545
9 0.567448 0.0481481 0.00885417 0.0240741 0.0131328
10 0.44349 0.0865741 0.0130208 0.0268519 0.0133585
2 0.271875 0.111111 0.0135417 0.037037 0.0148752
9 0.3625 0.0689815 0.009375 0.0231481 0.0156165
2 0.292969 0.114815 0.0276042 0.0759259 0.0216613
2 0.296094 0.0634259 0.0140625 0.0287037 0.02511
9 0.26901 0.0347222 0.0213542 0.0675926 0.0304667
5 0.21901 0.0689815 0.0546875 0.0564815 0.068802
2 0.30599 0.109259 0.0494792 0.0796296 0.13237
9 0.502865 0.761111 0.0109375 0.0518519 0.149545
2 0.322656 0.0865741 0.0369792 0.0361111 0.284018
2 0.627865 0.122222 0.0244792 0.0537037 0.344531
2 0.473958 0.110185 0.034375 0.0444444 0.521136
2 0.50599 0.10463 0.0432292 0.062963 0.569785
2 0.319271 0.122222 0.0489583 0.0685185 0.75426
11 0.729948 0.0430556 0.0265625 0.0564815 0.760876
10 0.204167 0.315741 0.0166667 0.0703704 0.831298
2 0.729948 0.419907 0.122396 0.171296 0.912353
