0 0.53125 0.267593 0.526042 0.453704 0.00108557
2 0.275781 0.0402778 0.0328125 0.0601852 0.00110058
0 0.35599 0.324074 0.0515625 0.0462963 0.0011336
7 0.970312 0.52037 0.0583333 0.185185 0.00121835
32 0.460156 0.356019 0.00989583 0.0157407 0.00122877
9 0.429688 0.0472222 0.00833333 0.0222222 0.00123005
0 0.191146 0.930093 0.0114583 0.0138889 0.00129396
7 0.986979 0.518519 0.025 0.183333 0.0013063
9 0.274479 0.0333333 0.034375 0.0648148 0.0013317
2 0.795573 0.0842593 0.0338542 0.0296296 0.00133502
1 0.0236979 0.395833 0.0473958 0.117593 0.0013486
0 0.75625 0.0967593 0.0166667 0.0731481 0.00135291
9 0.548177 0.0578704 0.0109375 0.025 0.00135954
2 0.771094 0.10787 0.0140625 0.0268519 0.00138729
1 0.809635 0.333796 0.0192708 0.0842593 0.00139833
12 0.701563 0.161574 0.0229167 0.0435185 0.00140789
9 0.26224 0.024537 0.0151042 0.0453704 0.00141876
7 0.147135 0.0916667 0.0671875 0.0796296 0.00148648
9 0.502083 0.759722 0.0125 0.0546296 0.00149244
2 0.548437 0.113426 0.209375 0.0861111 0.00156109
0 0.995573 0.326389 0.0078125 0.0601852 0.00173245
2 0.657552 0.153241 0.0536458 0.0638889 0.00175578
9 0.570573 0.0310185 0.0140625 0.0583333 0.00181366
0 0.36224 0.0689815 0.00885417 0.025 0.00184574
0 0.443229 0.460185 0.852083 0.427778 0.00188344
13 0.972396 0.518981 0.0541667 0.175 0.00189783
0 0.263542 0.0925926 0.00833333 0.0444444 0.00191607
0 0.340885 0.334259 0.0265625 0.0296296 0.00194788
9 0.220313 0.0805556 0.0145833 0.0314815 0.00196588
11 0.236979 0.0685185 0.0166667 0.0444444 0.00201181
1 0.0114583 0.359259 0.0229167 0.0685185 0.00207451
2 0.516667 0.418981 0.577083 0.182407 0.00228888
2 0.295312 0.103704 0.0802083 0.0962963 0.00234507
2 0.775521 0.0990741 0.0333333 0.0481481 0.00242153
12 0.692448 0.164815 0.0078125 0.0407407 0.00246468
2 0.817187 0.234722 0.009375 0.0416667 0.00252491
58 0.968229 0.494907 0.0302083 0.087963 0.00254017
9 0.416146 0.0175926 0.0145833 0.0240741 0.00254132
2 0.427865 0.109259 0.323438 0.0907407 0.00274552
2 0.286458 0.074537 0.0208333 0.0305556 0.00285405
0 0.74375 0.370833 0.0177083 0.0305556 0.00285486
9 0.482812 0.0425926 0.00729167 0.0277778 0.0030531
13 0.961458 0.555556 0.0385417 0.0444444 0.00331314
2 0.814323 0.0763889 0.0171875 0.0194444 0.00337274
2 0.655729 0.136574 0.0802083 0.0898148 0.00352749
0 0.730469 0.372685 0.0223958 0.0268519 0.0036578
2 0.442448 0.0875 0.0130208 0.0268519 0.00401068
2 0.363802 0.0680556 0.0119792 0.0194444 0.00433336
9 0.485938 0.0171296 0.0135417 0.0287037 0.00441495
0 0.75651 0.374537 0.0203125 0.0305556 0.00468224
12 0.994531 0.510648 0.00989583 0.162037 0.0048511
7 0.788021 0.0662037 0.0239583 0.0657407 0.00539248
0 0.266406 0.099537 0.00989583 0.0564815 0.00569046
0 0.390104 0.33287 0.0229167 0.0231481 0.0059451
9 0.26901 0.0226852 0.0213542 0.0398148 0.00610785
2 0.592708 0.124537 0.01875 0.025 0.00625882
2 0.316927 0.0601852 0.0390625 0.0444444 0.00626005
0 0.757031 0.0731481 0.0130208 0.0425926 0.00659516
9 0.209375 0.0662037 0.0229167 0.0490741 0.00663791
2 0.238542 0.140741 0.01875 0.0407407 0.00705976
2 0.60599 0.0601852 0.00989583 0.0240741 0.00737103
2 0.270052 0.10463 0.0130208 0.05 0.00779292
5 0.220833 0.0671296 0.0479167 0.0546296 0.0108525
2 0.269531 0.0486111 0.0192708 0.0361111 0.0126023
0 0.71276 0.373148 0.0203125 0.0240741 0.0137499
7 0.220313 0.0680556 0.05 0.0583333 0.0146443
9 0.415104 0.00972222 0.0145833 0.0194444 0.0146502
0 0.635417 0.148611 0.009375 0.0509259 0.0191386
1 0.0046875 0.406944 0.009375 0.0935185 0.0285373
2 0.635156 0.148148 0.0109375 0.0555556 0.0307852
9 0.567187 0.0481481 0.00833333 0.0240741 0.0318189
0 0.351823 0.330093 0.0255208 0.0324074 0.0334273
2 0.297396 0.062963 0.0135417 0.0296296 0.0347794
9 0.442708 0.087963 0.0125 0.0259259 0.0352555
7 0.29349 0.108796 0.0276042 0.0787037 0.0373115
2 0.488021 0.106944 0.0135417 0.0509259 0.0377571
2 0.785417 0.087963 0.0145833 0.0259259 0.0563152
0 0.377865 0.331019 0.0234375 0.0305556 0.0608419
1 0.00989583 0.396759 0.0197917 0.112037 0.0772936
2 0.4625 0.115741 0.0125 0.0314815 0.0927939
2 0.308333 0.0467593 0.025 0.0231481 0.139299
2 0.292448 0.111574 0.0265625 0.0731481 0.139378
2 0.31901 0.0689815 0.0286458 0.025 0.185043
2 0.322135 0.0888889 0.0369792 0.037037 0.251998
2 0.479688 0.109259 0.01875 0.0444444 0.328519
2 0.50599 0.104167 0.0432292 0.062037 0.473648
2 0.627344 0.121296 0.0255208 0.0518519 0.494542
2 0.19401 0.965741 0.193229 0.0666667 0.713023
10 0.204167 0.316204 0.015625 0.0712963 0.761343
2 0.318229 0.121759 0.0510417 0.0694444 0.774421
11 0.729167 0.0435185 0.0270833 0.0574074 0.783335
2 0.729427 0.419444 0.122396 0.17037 0.90418
2 0.365104 0.371296 0.111458 0.161111 0.925656
