0 0.817448 0.237037 0.0078125 0.0351852 0.00100317
2 0.660677 0.150463 0.0619792 0.0638889 0.00102807
2 0.289062 0.0726852 0.021875 0.0324074 0.00109291
9 0.563542 0.0324074 0.0197917 0.0574074 0.00109383
11 0.240365 0.0342593 0.0223958 0.0648148 0.00109797
2 0.623958 0.425 0.6875 0.187037 0.0011275
0 0.757552 0.375463 0.0182292 0.0305556 0.00115213
12 0.689062 0.166204 0.0135417 0.037963 0.00115605
2 0.234375 0.10463 0.0197917 0.0407407 0.00117531
1 0.0046875 0.463426 0.009375 0.226852 0.00119856
9 0.579687 0.0342593 0.0145833 0.0518519 0.00119952
9 0.261198 0.0532407 0.0140625 0.037963 0.00127255
2 0.961458 0.554167 0.0385417 0.0398148 0.00133357
12 0.702083 0.156481 0.0229167 0.0518519 0.00143498
0 0.26276 0.105556 0.00989583 0.05 0.00145613
9 0.547656 0.0611111 0.00989583 0.0222222 0.00146677
0 0.73125 0.372685 0.0322917 0.0305556 0.00150444
9 0.565885 0.0569444 0.0119792 0.0416667 0.00153384
9 0.415365 0.0101852 0.0151042 0.0203704 0.00167801
9 0.583594 0.0439815 0.0130208 0.037963 0.00180558
9 0.56276 0.05 0.0182292 0.0259259 0.0018883
2 0.815885 0.0875 0.0130208 0.0268519 0.00189566
9 0.50026 0.604167 0.0151042 0.0398148 0.00202346
9 0.115104 0.0236111 0.0145833 0.0416667 0.00204757
2 0.991406 0.530556 0.0161458 0.17037 0.0020554
12 0.69349 0.163889 0.00677083 0.0388889 0.00206728
12 0.988802 0.516667 0.0213542 0.175926 0.00216355
9 0.109896 0.0287037 0.0125 0.0388889 0.00225799
9 0.236198 0.0638889 0.0182292 0.0351852 0.00231002
2 0.398438 0.111111 0.25625 0.0759259 0.00251809
2 0.59375 0.124074 0.0166667 0.0277778 0.00266697
2 0.241146 0.106019 0.0125 0.0342593 0.0026671
2 0.563281 0.111111 0.243229 0.0666667 0.00275154
2 0.453385 0.103704 0.0578125 0.0555556 0.00277068
2 0.299479 0.106944 0.0760417 0.0916667 0.00296162
2 0.796875 0.087037 0.0354167 0.0259259 0.00312498
11 0.23724 0.0666667 0.0171875 0.0388889 0.00318602
7 0.986979 0.524537 0.025 0.208333 0.00325942
9 0.258333 0.0726852 0.0125 0.0453704 0.00330239
1 0.0114583 0.356019 0.0229167 0.0675926 0.00332723
2 0.773177 0.1125 0.0161458 0.0268519 0.00346251
1 0.0330729 0.181019 0.0265625 0.0564815 0.0039179
9 0.2625 0.0856481 0.00729167 0.0342593 0.00410001
2 0.442448 0.0916667 0.0151042 0.0351852 0.00471445
9 0.220573 0.0856481 0.0119792 0.0157407 0.00494225
7 0.970312 0.521759 0.0583333 0.19537 0.00497727
9 0.502344 0.761111 0.0119792 0.0518519 0.00497888
0 0.442969 0.0990741 0.0182292 0.0518519 0.00529442
0 0.716406 0.373148 0.0244792 0.0277778 0.00540968
2 0.364062 0.0685185 0.0114583 0.0203704 0.00543972
9 0.253125 0.0875 0.0135417 0.0361111 0.00552293
9 0.269531 0.0328704 0.0213542 0.0546296 0.0057612
9 0.269792 0.0509259 0.0197917 0.037037 0.0060159
9 0.363021 0.0703704 0.009375 0.0240741 0.00669844
2 0.780208 0.101852 0.0291667 0.0425926 0.00735014
7 0.220573 0.0694444 0.0494792 0.0592593 0.00744978
9 0.266667 0.0583333 0.0135417 0.0296296 0.0079707
2 0.340885 0.0902778 0.00989583 0.025 0.0086845
9 0.442448 0.0875 0.0140625 0.0268519 0.00892516
2 0.813802 0.0763889 0.0182292 0.0157407 0.00924988
7 0.993229 0.518981 0.0125 0.169444 0.00970993
0 0.995833 0.324074 0.00729167 0.0518519 0.0120418
2 0.238281 0.14213 0.0182292 0.0398148 0.0124446
9 0.993229 0.514815 0.0125 0.166667 0.0127753
11 0.60625 0.0606481 0.009375 0.025 0.0134483
0 0.757292 0.0837963 0.0125 0.0601852 0.0163965
9 0.207552 0.0666667 0.0223958 0.0462963 0.0175551
2 0.271875 0.110648 0.0135417 0.037963 0.018361
1 0.00416667 0.409722 0.00833333 0.087963 0.0208266
1 0.0229167 0.181944 0.0458333 0.0712963 0.025145
2 0.635417 0.146759 0.0114583 0.0546296 0.0313639
2 0.00442708 0.40787 0.00885417 0.0935185 0.0314477
0 0.635677 0.148148 0.00989583 0.05 0.0342453
2 0.785937 0.0898148 0.015625 0.0222222 0.0478499
9 0.566927 0.0490741 0.00885417 0.0240741 0.0515175
1 0.0117188 0.394444 0.0234375 0.12037 0.0785366
2 0.295312 0.106481 0.0322917 0.0833333 0.0938858
7 0.298958 0.106481 0.0395833 0.0833333 0.0972057
2 0.46276 0.112963 0.0151042 0.0388889 0.115405
2 0.321875 0.0888889 0.0375 0.037037 0.312016
9 0.294531 0.0597222 0.00885417 0.0361111 0.362438
2 0.47474 0.110185 0.0348958 0.0462963 0.378751
7 0.50651 0.105093 0.0411458 0.062037 0.426742
2 0.50651 0.104167 0.0421875 0.0638889 0.452115
2 0.627604 0.122222 0.0260417 0.05 0.5006
10 0.204167 0.315741 0.015625 0.0703704 0.689152
2 0.31901 0.121296 0.0505208 0.0703704 0.728488
11 0.729427 0.0425926 0.0265625 0.0555556 0.80034
2 0.39974 0.11713 0.0484375 0.0657407 0.830748
2 0.730208 0.419444 0.121875 0.174074 0.917256
