2 0.467187 0.0194444 0.0208333 0.0166667 0.00100523
2 0.605208 0.427778 0.714583 0.192593 0.00106894
7 0.788542 0.0643518 0.0260417 0.0601852 0.0010932
9 0.25625 0.087037 0.01875 0.037037 0.00112961
2 0.00390625 0.408333 0.0078125 0.087037 0.00114019
1 0.00390625 0.404167 0.0078125 0.0935185 0.00117116
9 0.430208 0.0402778 0.00833333 0.0342593 0.00121117
12 0.979167 0.501852 0.040625 0.140741 0.00133655
2 0.786979 0.0828704 0.015625 0.0212963 0.00137382
12 0.702083 0.125463 0.0208333 0.0583333 0.00137884
58 0.919792 0.18287 0.160417 0.352778 0.0014642
13 0.952344 0.422685 0.0953125 0.143519 0.00153791
7 0.218229 0.0606481 0.0447917 0.0509259 0.00157879
9 0.278646 0.050463 0.0333333 0.0953704 0.00158625
9 0.415365 0.0101852 0.0161458 0.0203704 0.00161415
2 0.425781 0.1125 0.297396 0.0805556 0.00162443
9 0.483073 0.0435185 0.0078125 0.0277778 0.00167096
9 0.430729 0.0287037 0.0104167 0.0222222 0.00173518
0 0.816406 0.2375 0.00989583 0.0305556 0.00173913
9 0.281771 0.0851852 0.00729167 0.0277778 0.00178164
9 0.547917 0.0532407 0.0104167 0.0231481 0.00185123
13 0.992969 0.51713 0.0130208 0.171296 0.00194748
2 0.53724 0.111574 0.113021 0.0675926 0.00212682
9 0.260156 0.0694444 0.0130208 0.05 0.00218453
9 0.236458 0.0671296 0.015625 0.0453704 0.00260159
9 0.244792 0.0842593 0.00625 0.0351852 0.00265026
1 0.009375 0.399074 0.01875 0.109259 0.00271183
2 0.288281 0.0782407 0.0140625 0.0231481 0.00292221
12 0.701302 0.165741 0.0192708 0.0388889 0.00325152
9 0.583333 0.037037 0.0145833 0.0574074 0.0032709
13 0.970833 0.521759 0.0572917 0.184259 0.00391185
2 0.593229 0.126389 0.015625 0.0231481 0.0039303
7 0.970833 0.525926 0.0572917 0.2 0.00408341
9 0.502083 0.75787 0.0135417 0.0583333 0.00412952
0 0.458333 0.115741 0.0114583 0.0277778 0.0041724
0 0.716667 0.371296 0.0239583 0.0259259 0.00420122
0 0.758333 0.0708333 0.0114583 0.0416667 0.00432489
12 0.994792 0.496296 0.009375 0.140741 0.00434541
2 0.271094 0.106481 0.0140625 0.0425926 0.00452264
11 0.236979 0.0675926 0.0166667 0.0407407 0.00458572
0 0.2875 0.115278 0.0177083 0.0694444 0.00464333
0 0.757292 0.0898148 0.0135417 0.0796296 0.00475248
5 0.21276 0.0601852 0.0328125 0.0574074 0.00485593
9 0.992188 0.512037 0.0145833 0.168519 0.00522771
2 0.463802 0.119444 0.0244792 0.0259259 0.00551227
1 0.00494792 0.378704 0.00989583 0.0574074 0.00571522
9 0.263021 0.0888889 0.00833333 0.037037 0.00591612
9 0.266667 0.0967593 0.009375 0.0509259 0.00637985
2 0.238281 0.139815 0.0182292 0.0425926 0.00665439
2 0.291146 0.0708333 0.0114583 0.0138889 0.00677892
2 0.784635 0.0907407 0.0140625 0.0185185 0.00715546
9 0.573177 0.0310185 0.0151042 0.0601852 0.00759486
2 0.363021 0.0666667 0.0125 0.0240741 0.00839162
9 0.213021 0.0615741 0.0322917 0.0509259 0.008597
2 0.351302 0.106481 0.0192708 0.05 0.00868463
9 0.292448 0.0513889 0.00885417 0.0453704 0.00875561
2 0.346615 0.112963 0.0817708 0.0703704 0.00876957
2 0.345573 0.0939815 0.0109375 0.0287037 0.00999223
2 0.605469 0.0587963 0.00989583 0.0268519 0.0109891
2 0.44401 0.11713 0.0213542 0.0194444 0.0141537
0 0.634896 0.148611 0.009375 0.0509259 0.0154228
12 0.692187 0.163426 0.00833333 0.0416667 0.0161427
1 0.0117188 0.363889 0.0234375 0.0648148 0.0163166
2 0.634635 0.145833 0.0109375 0.0546296 0.0203732
9 0.217969 0.104167 0.0078125 0.037963 0.0206714
2 0.290885 0.120833 0.0192708 0.0546296 0.0214002
9 0.458333 0.0657407 0.00729167 0.0240741 0.024785
2 0.48151 0.108796 0.0411458 0.0435185 0.0265267
9 0.566927 0.0472222 0.0078125 0.0240741 0.0388249
9 0.21849 0.0912037 0.0078125 0.0138889 0.0607495
9 0.442448 0.0861111 0.0130208 0.0240741 0.0847946
9 0.26901 0.0342593 0.0223958 0.0666667 0.125556
2 0.479427 0.0958333 0.0255208 0.0194444 0.249894
2 0.321615 0.0842593 0.0369792 0.0333333 0.262188
2 0.627083 0.120833 0.0260417 0.0509259 0.278709
2 0.509896 0.103241 0.034375 0.0638889 0.394389
7 0.509896 0.103241 0.034375 0.0638889 0.395764
2 0.317969 0.121759 0.0505208 0.0694444 0.70476
2 0.478125 0.143981 0.05625 0.0787037 0.752736
2 0.363542 0.106019 0.0354167 0.0509259 0.759657
11 0.728906 0.0412037 0.0276042 0.0527778 0.775702
10 0.204167 0.314815 0.0166667 0.0703704 0.799105
2 0.729948 0.418981 0.122396 0.171296 0.90344
