14 0.88776 0.980093 0.0411458 0.025 0.00102102
2 0.0247396 0.353704 0.0484375 0.0240741 0.00104129
2 0.416406 0.0148148 0.0171875 0.0296296 0.00112781
32 0.454167 0.314815 0.00833333 0.0166667 0.00114326
1 0.0140625 0.361574 0.028125 0.0787037 0.00116384
2 0.783333 0.103704 0.0375 0.0574074 0.00123056
1 0.0231771 0.393519 0.0463542 0.118519 0.00123162
7 0.788802 0.0652778 0.0265625 0.0601852 0.00125083
9 0.220052 0.087037 0.0119792 0.0166667 0.00126063
2 0.79401 0.0851852 0.0307292 0.0296296 0.00127246
2 0.654948 0.137037 0.0807292 0.087037 0.00128203
2 0.0403646 0.0717593 0.0401042 0.0324074 0.00132279
2 0.970052 0.505556 0.0557292 0.153704 0.00133484
9 0.440885 0.224537 0.00989583 0.0157407 0.00133599
9 0.275521 0.0393519 0.0364583 0.0768519 0.00141808
9 0.559375 0.0277778 0.0208333 0.05 0.0014523
2 0.332812 0.0805556 0.0291667 0.0351852 0.00146511
2 0.532552 0.102315 0.0161458 0.0398148 0.00151364
2 0.579687 0.421759 0.592708 0.180556 0.00155828
0 0.458333 0.0671296 0.00833333 0.0268519 0.00156758
9 0.561979 0.050463 0.0197917 0.025 0.00159869
2 0.536979 0.110185 0.0104167 0.0481481 0.00162308
9 0.258854 0.0736111 0.0135417 0.0527778 0.00164278
9 0.995313 0.531944 0.00833333 0.0453704 0.00170563
11 0.220573 0.0657407 0.0515625 0.0592593 0.00173001
12 0.69375 0.1625 0.00729167 0.0398148 0.00176303
2 0.442708 0.0884259 0.0135417 0.0305556 0.00186519
7 0.270573 0.0319444 0.0255208 0.062037 0.00187117
0 0.00546875 0.360648 0.0109375 0.0824074 0.00191689
7 0.988021 0.523148 0.0229167 0.190741 0.00196929
0 0.26276 0.10463 0.00989583 0.05 0.00205257
9 0.846094 0.176852 0.00677083 0.0277778 0.00210574
9 0.588281 0.0384259 0.0161458 0.0453704 0.00214513
2 0.553906 0.109259 0.192188 0.0833333 0.00218627
9 0.176563 0.510648 0.0375 0.0416667 0.00221179
9 0.207292 0.0675926 0.0208333 0.0425926 0.00224769
9 0.252604 0.087037 0.0135417 0.0351852 0.0022942
9 0.218229 0.0537037 0.0239583 0.0481481 0.00250299
12 0.702344 0.137037 0.0234375 0.0814815 0.00260712
0 0.714323 0.371296 0.0244792 0.0296296 0.00269264
9 0.50026 0.60463 0.0151042 0.0425926 0.00280854
2 0.00546875 0.0916667 0.0109375 0.0425926 0.00288663
2 0.498177 0.0842593 0.0348958 0.0444444 0.00292513
2 0.961979 0.553704 0.0385417 0.0407407 0.00297055
12 0.702344 0.164352 0.0213542 0.037963 0.00300756
2 0.507552 0.0990741 0.0984375 0.0703704 0.00320156
2 0.26901 0.0601852 0.0182292 0.0314815 0.00331711
7 0.278385 0.0736111 0.0348958 0.137963 0.00334576
11 0.236979 0.0685185 0.0166667 0.0425926 0.0034604
9 0.43776 0.201389 0.00885417 0.037963 0.0034655
2 0.411979 0.101852 0.258333 0.0944444 0.00347
12 0.989062 0.500926 0.0197917 0.133333 0.0037383
2 0.239844 0.106944 0.0171875 0.037963 0.00381627
0 0.442448 0.0962963 0.0171875 0.0481481 0.00435647
2 0.00442708 0.380093 0.00885417 0.0490741 0.00472688
2 0.238802 0.141204 0.0182292 0.0416667 0.00620921
2 0.0539063 0.0675926 0.0505208 0.0314815 0.00640627
0 0.00416667 0.400926 0.00833333 0.1 0.00653824
2 0.034375 0.0671296 0.0208333 0.0231481 0.00661572
5 0.219792 0.0782407 0.0520833 0.0768519 0.00662329
9 0.581771 0.0356481 0.0125 0.0527778 0.00666828
1 0.00416667 0.405556 0.00833333 0.0907407 0.00671601
0 0.75625 0.087037 0.0135417 0.0648148 0.00677325
13 0.00416667 0.402315 0.00833333 0.0972222 0.00724373
9 0.269792 0.0194444 0.0208333 0.0333333 0.00773058
2 0.0145833 0.368981 0.0291667 0.0583333 0.00841078
12 0.994531 0.498611 0.00989583 0.136111 0.00918893
11 0.60599 0.0601852 0.00989583 0.0240741 0.00956965
13 0.0143229 0.39537 0.0286458 0.112963 0.0108077
9 0.573958 0.0310185 0.0145833 0.0601852 0.0118857
0 0.635677 0.147222 0.00989583 0.0518519 0.0119969
2 0.592448 0.127778 0.0171875 0.0222222 0.012035
2 0.635156 0.143056 0.0109375 0.0472222 0.0124065
1 0.0106771 0.39537 0.0213542 0.116667 0.0136459
9 0.502344 0.759259 0.0130208 0.0555556 0.0136519
2 0.785937 0.0888889 0.0145833 0.0240741 0.01425
2 0.271615 0.106944 0.0151042 0.0453704 0.0180201
2 0.461458 0.113889 0.0125 0.0351852 0.0209599
7 0.220313 0.0652778 0.0510417 0.0675926 0.0380507
10 0.442708 0.0888889 0.0125 0.0296296 0.0485545
9 0.567187 0.0481481 0.00833333 0.0240741 0.0891236
2 0.479948 0.0935185 0.0411458 0.0759259 0.100491
7 0.481771 0.0810185 0.0354167 0.0527778 0.106275
2 0.483854 0.0740741 0.0291667 0.037037 0.179707
2 0.472396 0.108796 0.0322917 0.0453704 0.18177
2 0.322135 0.0888889 0.0390625 0.0388889 0.228404
2 0.298958 0.106019 0.0385417 0.0805556 0.258643
2 0.627344 0.121296 0.0255208 0.0518519 0.495928
2 0.372135 0.062963 0.0442708 0.0277778 0.524999
2 0.50599 0.102778 0.0421875 0.0648148 0.610206
2 0.31849 0.120833 0.0505208 0.0712963 0.698017
10 0.204167 0.31713 0.0166667 0.0712963 0.742141
11 0.729688 0.0430556 0.0270833 0.0564815 0.776963
2 0.729688 0.419444 0.122917 0.172222 0.917055
