7 0.289323 0.101852 0.0828125 0.103704 0.00104361
0 0.216146 0.943056 0.0197917 0.110185 0.00104819
1 0.00442708 0.464815 0.00885417 0.207407 0.00107963
0 0.253385 0.128704 0.0140625 0.0574074 0.00109036
2 0.286458 0.0763889 0.0208333 0.0305556 0.00109679
0 0.755469 0.0912037 0.0151042 0.0768519 0.00109794
2 0.649479 0.149074 0.0385417 0.0592593 0.00113433
2 0.782552 0.105556 0.0369792 0.05 0.00114296
11 0.240104 0.037963 0.021875 0.0740741 0.00114765
12 0.986719 0.501389 0.0244792 0.139815 0.00117631
9 0.561458 0.0305556 0.0197917 0.0555556 0.00118986
2 0.445052 0.110648 0.0234375 0.0305556 0.00119568
9 0.75651 0.0717593 0.0119792 0.0416667 0.00121827
2 0.654688 0.139352 0.08125 0.0805556 0.00123258
12 0.702344 0.121296 0.0223958 0.0481481 0.00124408
0 0.756771 0.373611 0.021875 0.0342593 0.00128778
9 0.2625 0.0425926 0.015625 0.0592593 0.00130158
9 0.259375 0.075463 0.0125 0.0527778 0.00134111
58 0.968229 0.494907 0.03125 0.0898148 0.00147781
9 0.253646 0.0861111 0.015625 0.037037 0.00150981
2 0.815365 0.0689815 0.0161458 0.012037 0.00157481
9 0.565885 0.0550926 0.0109375 0.0398148 0.0015834
1 0.177344 0.514815 0.0953125 0.12963 0.00160397
2 0.756771 0.120833 0.0135417 0.0324074 0.00166538
58 0.91901 0.185185 0.160938 0.362963 0.00167622
2 0.238021 0.141667 0.0197917 0.0388889 0.0016892
13 0.99401 0.519444 0.0109375 0.174074 0.0018061
2 0.813802 0.075463 0.0171875 0.0175926 0.00184983
1 0.00494792 0.359259 0.00989583 0.0777778 0.00193438
11 0.605729 0.0592593 0.0104167 0.0240741 0.00196905
2 0.403125 0.106481 0.25625 0.0796296 0.00199768
7 0.476302 0.0967593 0.0421875 0.0675926 0.00205995
13 0.985937 0.521759 0.0270833 0.180556 0.00211119
7 0.277083 0.0708333 0.0395833 0.137963 0.00213723
0 0.757292 0.127778 0.0125 0.0407407 0.00220763
0 0.715885 0.371759 0.0223958 0.0287037 0.0022428
12 0.701823 0.165278 0.0192708 0.0361111 0.00225332
9 0.263021 0.0898148 0.00833333 0.0407407 0.00235358
2 0.776042 0.0986111 0.0229167 0.0342593 0.00242531
0 0.36224 0.0671296 0.00885417 0.0287037 0.00245433
9 0.994271 0.515278 0.0104167 0.171296 0.00300267
2 0.548177 0.106019 0.170312 0.0638889 0.0030624
7 0.970833 0.526852 0.0572917 0.2 0.00312312
13 0.970573 0.527315 0.0578125 0.187963 0.0031746
2 0.363542 0.0662037 0.0114583 0.0212963 0.00317549
9 0.415104 0.0087963 0.0145833 0.0175926 0.00320083
12 0.692708 0.163426 0.00729167 0.0398148 0.00342956
2 0.290885 0.0703704 0.0130208 0.0148148 0.00379776
2 0.442187 0.0865741 0.0135417 0.0268519 0.00401158
9 0.21224 0.0652778 0.0328125 0.0564815 0.00406941
0 0.263281 0.102778 0.0078125 0.0518519 0.00411457
9 0.29349 0.0560185 0.00885417 0.037963 0.00452192
11 0.23724 0.0703704 0.0171875 0.0481481 0.00457343
9 0.58151 0.0342593 0.0130208 0.0592593 0.0048378
2 0.592448 0.125 0.0171875 0.0240741 0.00626138
9 0.442187 0.087037 0.0125 0.0259259 0.00810676
12 0.995052 0.495833 0.00885417 0.136111 0.00822339
1 0.0125 0.368981 0.025 0.0509259 0.0101733
2 0.271615 0.10787 0.0151042 0.0416667 0.0103709
2 0.784896 0.0884259 0.0135417 0.0231481 0.0104712
24 0.210677 0.425926 0.0213542 0.0574074 0.0110857
2 0.532031 0.111574 0.0140625 0.0416667 0.0117767
9 0.26901 0.0365741 0.0234375 0.0694444 0.0130226
9 0.502344 0.760185 0.0130208 0.0537037 0.0136978
9 0.572135 0.0310185 0.0151042 0.0583333 0.0162897
2 0.483333 0.105556 0.0427083 0.0537037 0.0170283
5 0.220052 0.0708333 0.0505208 0.0694444 0.0171841
7 0.220052 0.0652778 0.0505208 0.0712963 0.0189168
2 0.635156 0.147222 0.00989583 0.0555556 0.0203592
2 0.490104 0.108333 0.015625 0.0481481 0.0206398
0 0.635156 0.15 0.00885417 0.0518519 0.0316949
7 0.295573 0.106944 0.0348958 0.0824074 0.038123
1 0.00546875 0.402778 0.0109375 0.0981481 0.0433975
2 0.291406 0.1125 0.0255208 0.0712963 0.0440754
9 0.566667 0.0472222 0.00833333 0.0240741 0.0813454
2 0.4625 0.114352 0.0135417 0.0342593 0.0832087
1 0.0130208 0.398148 0.0260417 0.107407 0.0916304
2 0.471094 0.111574 0.0286458 0.0398148 0.216287
2 0.484115 0.0736111 0.0286458 0.0305556 0.26004
2 0.322396 0.0856481 0.0364583 0.0342593 0.31275
2 0.626823 0.122222 0.0255208 0.0518519 0.362816
1 0.206771 0.514815 0.0302083 0.12963 0.537299
2 0.505729 0.103241 0.0427083 0.0638889 0.616232
2 0.318229 0.120833 0.0520833 0.0731481 0.697211
11 0.729167 0.0430556 0.0270833 0.0564815 0.788379
0 0.210156 0.459722 0.0369792 0.175 0.821732
10 0.203906 0.314352 0.0161458 0.0712963 0.831482
2 0.729948 0.418981 0.122396 0.171296 0.897935
