32 0.454427 0.316204 0.0078125 0.0157407 0.00101337
2 0.793229 0.102778 0.0541667 0.0574074 0.00102957
58 0.96901 0.497222 0.0307292 0.0888889 0.00104682
2 0.58776 0.423148 0.618229 0.177778 0.0010705
9 0.589323 0.0425926 0.0140625 0.037037 0.00109331
0 0.817448 0.236574 0.0078125 0.0324074 0.00123181
9 0.3625 0.0509259 0.0114583 0.0425926 0.00128682
2 0.807292 0.0736111 0.0177083 0.0194444 0.00130392
2 0.289844 0.103704 0.0848958 0.087037 0.00132309
9 0.995313 0.531482 0.00833333 0.0444444 0.00132906
13 0.961979 0.556019 0.0395833 0.0435185 0.00134122
2 0.244792 0.105556 0.009375 0.0333333 0.001354
58 0.920052 0.183333 0.159896 0.362963 0.00136373
2 0.99375 0.521296 0.0114583 0.159259 0.00144202
9 0.429948 0.0430556 0.0078125 0.0157407 0.00145188
9 0.5625 0.05 0.0177083 0.0240741 0.00145412
9 0.261198 0.0532407 0.0130208 0.037963 0.0014885
9 0.579427 0.0328704 0.0140625 0.0527778 0.00156441
7 0.970573 0.523611 0.0578125 0.193519 0.00162629
7 0.988021 0.521759 0.0229167 0.189815 0.00172698
9 0.569792 0.0314815 0.0125 0.0574074 0.00172727
2 0.44349 0.0875 0.0151042 0.0287037 0.00173962
2 0.816406 0.0703704 0.0130208 0.0148148 0.00179313
12 0.69375 0.163889 0.00729167 0.0388889 0.001925
9 0.583073 0.0407407 0.0119792 0.0425926 0.00193422
12 0.702604 0.165278 0.0208333 0.037963 0.00211534
2 0.815625 0.0861111 0.0135417 0.0296296 0.00211536
9 0.266927 0.1 0.0109375 0.0555556 0.00222509
0 0.534896 0.109259 0.0125 0.0518519 0.00226042
9 0.2375 0.0680556 0.0166667 0.0416667 0.00230372
9 0.115104 0.0240741 0.0145833 0.0425926 0.00237175
1 0.0046875 0.464815 0.009375 0.211111 0.00248184
2 0.445052 0.107407 0.0213542 0.0407407 0.00255546
2 0.419531 0.109722 0.189063 0.0601852 0.00261847
1 0.00911458 0.158796 0.0182292 0.0416667 0.0026449
0 0.26276 0.105556 0.00885417 0.05 0.00268214
9 0.415365 0.0106481 0.0151042 0.0212963 0.00269376
32 0.459896 0.358333 0.0104167 0.0148148 0.00273941
2 0.363281 0.0675926 0.0119792 0.0240741 0.00280221
14 0.482031 0.491204 0.0130208 0.0287037 0.00290818
9 0.258594 0.0694444 0.0109375 0.0444444 0.00292133
9 0.108594 0.0300926 0.0119792 0.037963 0.00327659
2 0.364323 0.112037 0.113021 0.062963 0.00332081
2 0.445833 0.118981 0.0291667 0.025 0.00349908
2 0.774219 0.113426 0.0182292 0.0342593 0.00353976
2 0.535417 0.109722 0.136458 0.0564815 0.00354906
9 0.26276 0.0861111 0.0078125 0.0314815 0.00399994
9 0.993229 0.495833 0.0125 0.125 0.00453815
2 0.593229 0.125 0.0166667 0.0259259 0.00472155
0 0.715885 0.372222 0.0244792 0.0277778 0.00496797
2 0.80026 0.0856481 0.0265625 0.025 0.00552704
2 0.780208 0.102315 0.0302083 0.0435185 0.00611741
9 0.252604 0.0875 0.0125 0.0324074 0.00638795
12 0.99349 0.496759 0.0119792 0.128704 0.00685735
1 0.0229167 0.180556 0.0458333 0.0759259 0.00688669
0 0.995833 0.326852 0.00729167 0.0574074 0.00697113
2 0.53125 0.111111 0.015625 0.0462963 0.00766614
9 0.26901 0.0555556 0.0171875 0.0333333 0.0076738
2 0.271354 0.110185 0.0125 0.0388889 0.00865684
2 0.238542 0.139815 0.01875 0.0444444 0.00982955
9 0.36224 0.0671296 0.00989583 0.0268519 0.0109648
9 0.50026 0.603704 0.0151042 0.0425926 0.0120367
9 0.26901 0.037037 0.0213542 0.062963 0.013383
2 0.339583 0.0888889 0.0125 0.0296296 0.0137832
58 0.443229 0.087963 0.0135417 0.0277778 0.0139461
2 0.813542 0.0759259 0.0177083 0.0166667 0.0152342
11 0.60599 0.0606481 0.00989583 0.025 0.015251
5 0.220833 0.0675926 0.05 0.0592593 0.0155818
9 0.176563 0.510648 0.0375 0.0416667 0.0171073
9 0.208854 0.0675926 0.0239583 0.0444444 0.0175284
7 0.220313 0.0652778 0.05 0.0601852 0.0198377
9 0.502344 0.760648 0.0130208 0.0527778 0.0208086
1 0.0132813 0.394444 0.0265625 0.12037 0.0297389
2 0.634896 0.146296 0.0114583 0.0518519 0.0312369
0 0.635417 0.148148 0.0104167 0.05 0.0351791
9 0.567187 0.0486111 0.00833333 0.0231481 0.0374896
1 0.00442708 0.409722 0.00885417 0.0916667 0.043311
0 0.757292 0.0935185 0.015625 0.0777778 0.0592574
2 0.786719 0.0907407 0.0161458 0.0222222 0.0686442
2 0.295312 0.107407 0.03125 0.0796296 0.106759
2 0.529427 0.0833333 0.0171875 0.0259259 0.157805
7 0.296354 0.106481 0.034375 0.0796296 0.165659
2 0.46276 0.111574 0.0151042 0.0416667 0.173649
2 0.322135 0.0875 0.0369792 0.0342593 0.308113
2 0.474479 0.109722 0.0354167 0.0453704 0.382699
2 0.627604 0.123148 0.0260417 0.0518519 0.471508
2 0.506771 0.10463 0.040625 0.062963 0.490445
2 0.31875 0.120833 0.05 0.0712963 0.664936
10 0.203906 0.316204 0.0161458 0.0712963 0.756317
11 0.728906 0.0425926 0.0265625 0.0555556 0.774611
2 0.391927 0.110185 0.0359375 0.0462963 0.825226
2 0.729948 0.419444 0.122396 0.172222 0.919656
