2 0.0307292 0.0273148 0.028125 0.0416667 0.00108758
9 0.219792 0.103704 0.0114583 0.0425926 0.0011007
2 0.46901 0.0236111 0.0244792 0.0194444 0.00110182
7 0.210417 0.0657407 0.0302083 0.05 0.0011366
9 0.3625 0.05 0.0114583 0.0407407 0.00114541
2 0.0515625 0.0296296 0.03125 0.0425926 0.00118026
12 0.817708 0.235185 0.00833333 0.037037 0.00122733
0 0.282552 0.102778 0.00989583 0.05 0.00123808
9 0.989323 0.507407 0.0203125 0.151852 0.0012437
2 0.77474 0.118519 0.0192708 0.037037 0.00125567
2 0.747396 0.157407 0.0197917 0.0166667 0.00131633
9 0.548177 0.049537 0.0109375 0.025 0.00131724
58 0.96276 0.247222 0.0734375 0.227778 0.00132554
11 0.2375 0.0694444 0.0166667 0.0444444 0.00139614
9 0.260938 0.0398148 0.0135417 0.062963 0.00140812
2 0.547917 0.114352 0.376042 0.0842593 0.00142871
9 0.253125 0.0865741 0.0135417 0.0342593 0.0015016
58 0.969531 0.491204 0.0328125 0.100926 0.00153597
13 0.0119792 0.365741 0.0239583 0.0481481 0.00154736
9 0.258594 0.0726852 0.0109375 0.0490741 0.00155236
9 0.56276 0.0490741 0.0192708 0.0277778 0.00165463
2 0.8 0.075463 0.0416667 0.0361111 0.00165989
2 0.661719 0.15 0.0661458 0.0685185 0.00172868
2 0.809115 0.0740741 0.0286458 0.0240741 0.00177303
2 0.425521 0.111111 0.304167 0.0888889 0.00177863
7 0.225781 0.0523148 0.0619792 0.0898148 0.00178454
0 0.263281 0.106019 0.00885417 0.0472222 0.00178737
9 0.361719 0.0643518 0.0119792 0.0268519 0.00181073
2 0.647135 0.148148 0.0348958 0.0555556 0.00185921
2 0.404427 0.124537 0.0328125 0.0268519 0.00185976
1 0.009375 0.391667 0.01875 0.122222 0.00193448
9 0.293229 0.0513889 0.00833333 0.0435185 0.00227047
9 0.558073 0.0291667 0.0265625 0.0564815 0.00236425
0 0.3625 0.0662037 0.0104167 0.0305556 0.00242886
12 0.702344 0.139352 0.0234375 0.0842593 0.00246294
2 0.463542 0.1125 0.11875 0.0731481 0.00251767
2 0.789844 0.087963 0.0161458 0.0185185 0.00265646
0 0.730729 0.371759 0.034375 0.0305556 0.00271821
2 0.41849 0.126389 0.0161458 0.0305556 0.00284249
0 0.0046875 0.388889 0.009375 0.124074 0.00288802
9 0.454427 0.313889 0.0078125 0.0148148 0.0032405
9 0.994792 0.494444 0.009375 0.127778 0.00333607
9 0.470313 0.412037 0.0104167 0.0314815 0.00347184
0 0.757552 0.375463 0.0182292 0.0287037 0.00387352
2 0.785417 0.0916667 0.0135417 0.0185185 0.00390086
2 0.26875 0.110185 0.009375 0.0351852 0.00423365
9 0.263542 0.0884259 0.00833333 0.0361111 0.00440286
9 0.265625 0.0962963 0.0104167 0.0481481 0.00449564
0 0.75651 0.0921296 0.0130208 0.0805556 0.00498407
13 0.00390625 0.404167 0.0078125 0.0916667 0.00505846
2 0.292188 0.0708333 0.009375 0.0157407 0.00512012
13 0.0132813 0.390741 0.0265625 0.122222 0.00513055
1 0.00416667 0.407407 0.00833333 0.087037 0.00561852
0 0.709115 0.373611 0.0192708 0.0268519 0.00607254
2 0.238542 0.141667 0.01875 0.0407407 0.00613698
2 0.442969 0.0902778 0.0151042 0.0305556 0.00618931
9 0.207813 0.0657407 0.0208333 0.0462963 0.00630086
12 0.994792 0.491667 0.009375 0.127778 0.00650452
12 0.972917 0.493519 0.0385417 0.112963 0.00688942
0 0.716927 0.371759 0.0234375 0.0268519 0.00705853
2 0.593229 0.127778 0.01875 0.0240741 0.00971225
9 0.567187 0.0310185 0.015625 0.0583333 0.0103281
11 0.240885 0.0333333 0.0223958 0.0648148 0.01048
9 0.223438 0.0564815 0.0135417 0.037037 0.010923
7 0.296354 0.109259 0.03125 0.0833333 0.0120221
11 0.60599 0.0601852 0.00989583 0.0240741 0.012646
9 0.221094 0.0875 0.0109375 0.0157407 0.0133626
9 0.270052 0.0361111 0.0223958 0.0648148 0.0136771
9 0.500521 0.602778 0.0145833 0.0388889 0.0150826
2 0.634896 0.14537 0.0114583 0.0481481 0.0151476
0 0.635156 0.148148 0.00989583 0.0481481 0.0159668
0 0.199479 0.727315 0.134375 0.478704 0.0175559
9 0.44349 0.0888889 0.0130208 0.0277778 0.0237834
2 0.447396 0.113426 0.0291667 0.0324074 0.0275487
2 0.291406 0.114352 0.0244792 0.0675926 0.0324155
9 0.567187 0.0481481 0.009375 0.0240741 0.0497177
9 0.503385 0.760648 0.0119792 0.0564815 0.0503289
2 0.464583 0.110648 0.0177083 0.0435185 0.0955507
2 0.627604 0.120833 0.025 0.0490741 0.234086
2 0.322656 0.0856481 0.0380208 0.0342593 0.325084
2 0.477344 0.108796 0.0296875 0.0453704 0.375495
2 0.50651 0.104167 0.0421875 0.062037 0.420993
7 0.50651 0.104167 0.0432292 0.0638889 0.464992
2 0.31875 0.121759 0.05 0.0694444 0.657365
11 0.729948 0.0435185 0.0265625 0.0574074 0.762965
10 0.204427 0.315741 0.0161458 0.0703704 0.802045
2 0.392448 0.151852 0.0567708 0.0814815 0.869136
2 0.729948 0.418519 0.122396 0.174074 0.915012
