2 0.744792 0.153704 0.0239583 0.0185185 0.00101802
2 0.775521 0.114352 0.0229167 0.0416667 0.00107439
0 0.361979 0.0717593 0.0104167 0.0268519 0.0010876
9 0.214323 0.0671296 0.0390625 0.0527778 0.00109708
11 0.739844 0.0675926 0.0161458 0.0222222 0.00116839
32 0.453646 0.313426 0.00833333 0.0138889 0.00122979
9 0.49974 0.601852 0.0151042 0.0425926 0.00126418
9 0.548177 0.0518519 0.0109375 0.0240741 0.00126953
0 0.75599 0.374537 0.0213542 0.0324074 0.00136023
2 0.423698 0.103704 0.0546875 0.0537037 0.00142513
2 0.373958 0.158796 0.0395833 0.0638889 0.00144936
9 0.363542 0.0671296 0.0125 0.0212963 0.00149598
12 0.977604 0.499074 0.04375 0.137037 0.00156019
0 0.729688 0.371759 0.0302083 0.0287037 0.00166583
2 0.592188 0.125463 0.01875 0.025 0.00179368
2 0.414062 0.112037 0.288542 0.0796296 0.00184309
2 0.433073 0.115741 0.0473958 0.0314815 0.00195222
10 0.19974 0.292593 0.0255208 0.116667 0.00208617
2 0.78776 0.0828704 0.0161458 0.0212963 0.0021399
1 0.0114583 0.368056 0.0229167 0.0490741 0.00217681
11 0.236458 0.0657407 0.0177083 0.0388889 0.00218194
7 0.231771 0.0648148 0.0260417 0.0481481 0.00231387
2 0.238281 0.1375 0.0182292 0.0435185 0.00235009
2 0.278385 0.115278 0.0307292 0.0675926 0.00237346
9 0.458594 0.0657407 0.00885417 0.0277778 0.00248515
2 0.346875 0.114352 0.0145833 0.0453704 0.00249616
7 0.970833 0.520833 0.0572917 0.191667 0.00273287
5 0.213281 0.0615741 0.0328125 0.0527778 0.00277281
9 0.269271 0.0490741 0.0197917 0.0407407 0.00283758
9 0.571615 0.0310185 0.0151042 0.0601852 0.00292025
13 0.9625 0.55463 0.040625 0.0444444 0.00292464
9 0.502344 0.759259 0.0119792 0.0555556 0.00299746
7 0.220313 0.0597222 0.0510417 0.0824074 0.00302408
2 0.408854 0.118519 0.015625 0.0296296 0.00318038
58 0.968229 0.493981 0.0302083 0.0916667 0.00344596
9 0.292969 0.0546296 0.00989583 0.0388889 0.00368679
13 0.992969 0.516204 0.0130208 0.173148 0.00428577
13 0.970312 0.568056 0.0572917 0.0768519 0.0045211
2 0.420052 0.118519 0.0244792 0.0277778 0.00455352
0 0.266146 0.0990741 0.0104167 0.0555556 0.00468552
9 0.269531 0.0185185 0.0203125 0.0314815 0.00482573
2 0.404427 0.111574 0.0182292 0.0342593 0.00488876
9 0.207292 0.0652778 0.01875 0.0416667 0.00492281
2 0.00494792 0.558796 0.00989583 0.0416667 0.00494345
2 0.442708 0.0898148 0.015625 0.0314815 0.0051724
0 0.289323 0.10787 0.0234375 0.0787037 0.00530543
2 0.00416667 0.410185 0.00833333 0.0888889 0.00556692
0 0.716146 0.371296 0.025 0.0277778 0.00569328
2 0.291406 0.0712963 0.0130208 0.0148148 0.00578157
13 0.971615 0.51713 0.0557292 0.176852 0.00600584
9 0.993229 0.500926 0.0125 0.142593 0.0067357
0 0.442708 0.0856481 0.0125 0.0231481 0.00685465
1 0.00546875 0.399074 0.0109375 0.107407 0.0074892
2 0.784635 0.0912037 0.0140625 0.0194444 0.00904656
7 0.276042 0.0569444 0.0395833 0.112037 0.00950079
2 0.605729 0.0597222 0.009375 0.0268519 0.0104379
1 0.0114583 0.393519 0.0229167 0.112963 0.0110549
9 0.220833 0.0569444 0.0166667 0.0416667 0.0119369
2 0.489844 0.106481 0.0140625 0.0518519 0.015059
2 0.293229 0.10787 0.0291667 0.0768519 0.0153395
7 0.292448 0.107407 0.0286458 0.0851852 0.0179007
0 0.75625 0.0902778 0.015625 0.0842593 0.0249913
9 0.566927 0.0472222 0.00885417 0.0240741 0.0257288
2 0.286198 0.121296 0.0161458 0.0611111 0.0291177
0 0.633854 0.148148 0.0114583 0.0574074 0.0583216
9 0.219271 0.0925926 0.009375 0.0185185 0.0669285
2 0.465365 0.112037 0.0140625 0.037037 0.0818097
2 0.479688 0.110648 0.01875 0.0416667 0.15106
2 0.447656 0.115278 0.0255208 0.0287037 0.157093
2 0.321875 0.0856481 0.0375 0.0361111 0.266209
2 0.626823 0.120833 0.0255208 0.0490741 0.270149
2 0.50651 0.103241 0.0421875 0.0638889 0.42549
7 0.50651 0.103241 0.0421875 0.0638889 0.428928
11 0.729167 0.0416667 0.0270833 0.0518519 0.734337
2 0.317448 0.120833 0.0526042 0.0694444 0.755381
2 0.517708 0.205556 0.0802083 0.122222 0.814747
10 0.203906 0.313889 0.0161458 0.0722222 0.832186
2 0.383854 0.142593 0.059375 0.0962963 0.850126
2 0.729948 0.418519 0.122396 0.172222 0.905451
