1 0.00885417 0.458333 0.0177083 0.242593 0.0010131
2 0.771875 0.109259 0.0145833 0.0259259 0.0010149
2 0.654688 0.136574 0.0822917 0.0824074 0.00102291
9 0.570312 0.0324074 0.0135417 0.0555556 0.00105289
2 0.680469 0.425 0.564062 0.188889 0.00105474
0 0.75625 0.373148 0.0229167 0.037037 0.0010657
0 0.994792 0.25463 0.009375 0.205556 0.00112325
0 0.731771 0.372685 0.0270833 0.0287037 0.00119442
2 0.776042 0.114815 0.021875 0.037037 0.00123795
1 0.810938 0.331481 0.0177083 0.0888889 0.00124165
10 0.195573 0.295833 0.0317708 0.112037 0.00126449
2 0.255469 0.087963 0.0192708 0.0388889 0.00135133
7 0.294531 0.102778 0.0838542 0.0944444 0.00138182
2 0.28724 0.074537 0.0203125 0.0287037 0.00143819
9 0.500521 0.602315 0.0145833 0.0398148 0.00160718
9 0.502344 0.75787 0.0119792 0.0583333 0.00161955
9 0.107813 0.0277778 0.0104167 0.0333333 0.0016996
2 0.592708 0.124537 0.0166667 0.0268519 0.00180726
2 0.409375 0.111111 0.278125 0.0796296 0.00200498
7 0.788021 0.0652778 0.025 0.0657407 0.00222916
0 0.573438 0.658796 0.0229167 0.0324074 0.00224469
7 0.99401 0.518056 0.0109375 0.171296 0.0023244
2 0.563021 0.110648 0.276042 0.0712963 0.00233593
0 0.263281 0.0916667 0.00885417 0.0444444 0.00238468
9 0.36276 0.0685185 0.00989583 0.0240741 0.00238777
2 0.814323 0.0759259 0.0161458 0.0166667 0.00241204
9 0.273958 0.0412037 0.034375 0.0805556 0.00243641
0 0.75651 0.0930556 0.0140625 0.0787037 0.0025811
9 0.415365 0.00833333 0.0151042 0.0166667 0.00274653
0 0.598437 0.680556 0.034375 0.0685185 0.00275994
2 0.238281 0.14213 0.0192708 0.037963 0.00276546
2 0.447135 0.116204 0.0276042 0.0231481 0.00301056
0 0.603646 0.700926 0.0208333 0.0277778 0.00303285
2 0.466927 0.110648 0.0848958 0.0638889 0.00315186
0 0.714583 0.372685 0.025 0.0268519 0.00337165
9 0.458594 0.0657407 0.0078125 0.0277778 0.00352943
58 0.96849 0.492593 0.0307292 0.087037 0.00353315
12 0.692448 0.164815 0.0078125 0.0407407 0.00366555
0 0.75651 0.074537 0.0109375 0.0435185 0.00411662
2 0.364062 0.0675926 0.0114583 0.0203704 0.00413715
9 0.75599 0.0851852 0.0119792 0.062963 0.00421765
2 0.266667 0.0986111 0.0114583 0.0564815 0.00454419
9 0.269792 0.050463 0.0197917 0.037963 0.00489699
9 0.992969 0.49537 0.0130208 0.12963 0.00493406
1 0.00416667 0.40463 0.00833333 0.0907407 0.00496979
2 0.442448 0.087037 0.0140625 0.0259259 0.00505336
2 0.0135417 0.398148 0.0270833 0.111111 0.00546455
0 0.286979 0.113889 0.0166667 0.0722222 0.00620419
2 0.289323 0.108796 0.0213542 0.0768519 0.00664043
9 0.292188 0.0712963 0.0114583 0.0166667 0.00693643
2 0.00416667 0.409722 0.00833333 0.0824074 0.0069422
9 0.292708 0.0564815 0.009375 0.0444444 0.00768995
11 0.2375 0.0694444 0.015625 0.0444444 0.00857466
2 0.270833 0.10787 0.0145833 0.0435185 0.00913945
2 0.634635 0.141204 0.0109375 0.0472222 0.010218
7 0.970833 0.524537 0.0572917 0.197222 0.0113672
9 0.26901 0.0208333 0.0213542 0.037963 0.012587
11 0.60625 0.0601852 0.009375 0.0240741 0.0144866
2 0.785937 0.0888889 0.015625 0.0240741 0.0147149
0 0.995573 0.32037 0.0078125 0.0685185 0.0159142
0 0.661979 0.657407 0.0416667 0.0333333 0.0176021
9 0.567187 0.0481481 0.00833333 0.0222222 0.018492
9 0.442448 0.087037 0.0130208 0.0259259 0.0226073
0 0.592969 0.655093 0.0338542 0.0361111 0.0242558
5 0.220052 0.0657407 0.0484375 0.062963 0.0309891
1 0.0111979 0.396759 0.0223958 0.108333 0.0319449
7 0.220052 0.0648148 0.0494792 0.0648148 0.0338995
2 0.4875 0.107407 0.0145833 0.05 0.0397219
2 0.461719 0.112037 0.0130208 0.0388889 0.044197
7 0.3 0.105556 0.0416667 0.0814815 0.0443776
2 0.300781 0.106019 0.0390625 0.0787037 0.0566342
2 0.321615 0.087963 0.0380208 0.0351852 0.251356
7 0.505208 0.103704 0.04375 0.062963 0.331038
2 0.471875 0.109259 0.03125 0.0444444 0.338283
2 0.505469 0.103704 0.0432292 0.062963 0.477463
2 0.627083 0.122222 0.025 0.0518519 0.520675
2 0.31849 0.121296 0.0505208 0.0722222 0.712231
11 0.728906 0.0430556 0.0276042 0.0564815 0.774444
10 0.203906 0.315741 0.0161458 0.0703704 0.80951
7 0.626302 0.785185 0.227604 0.362963 0.859549
2 0.729688 0.419907 0.122917 0.171296 0.908782
