9 0.561458 0.0449074 0.0208333 0.0361111 0.00101526
2 0.59349 0.125463 0.0171875 0.025 0.00103451
12 0.684635 0.17037 0.0213542 0.0425926 0.00106023
9 0.995573 0.526852 0.0078125 0.0444444 0.00108562
2 0.219531 0.134722 0.0588542 0.0546296 0.0010888
58 0.685677 0.169444 0.0203125 0.0444444 0.00109995
9 0.252865 0.087963 0.0140625 0.0351852 0.00111408
0 0.390104 0.208796 0.01875 0.0287037 0.00111953
2 0.654688 0.139352 0.084375 0.0842593 0.00114895
2 0.0651042 0.109259 0.025 0.0462963 0.00118578
2 0.448698 0.105093 0.0380208 0.0509259 0.00120813
58 0.968229 0.497222 0.0302083 0.0888889 0.00126532
12 0.97526 0.498148 0.0442708 0.127778 0.00131516
0 0.716406 0.371759 0.0255208 0.0268519 0.00132106
2 0.795833 0.0847222 0.0458333 0.0342593 0.0013455
9 0.429688 0.0472222 0.00833333 0.0277778 0.00135855
1 0.0557292 0.156944 0.0604167 0.0805556 0.00139999
1 0.0236979 0.393056 0.0473958 0.117593 0.00141934
9 0.60625 0.0601852 0.009375 0.0259259 0.00142203
9 0.281771 0.0736111 0.0322917 0.139815 0.00150032
9 0.258333 0.0763889 0.0125 0.0509259 0.00154324
2 0.0338542 0.138889 0.0666667 0.112963 0.00156257
2 0.891667 0.109259 0.0239583 0.0240741 0.00163885
1 0.00546875 0.376389 0.0109375 0.121296 0.00167872
12 0.7 0.163889 0.0229167 0.0444444 0.00173931
9 0.236719 0.0643518 0.0171875 0.037963 0.00176794
7 0.972917 0.526852 0.053125 0.205556 0.00184753
32 0.454427 0.314352 0.0078125 0.0157407 0.00191665
0 0.26276 0.104167 0.00885417 0.0509259 0.00195319
2 0.875 0.109259 0.0583333 0.0388889 0.00199245
1 0.0460938 0.162037 0.0317708 0.0666667 0.00202724
9 0.559635 0.0282407 0.0223958 0.0546296 0.00214133
2 0.298698 0.10787 0.0890625 0.0953704 0.00240093
9 0.994271 0.493519 0.0104167 0.122222 0.00255674
2 0.432813 0.1125 0.316667 0.075 0.00265598
2 0.817708 0.235185 0.00833333 0.0407407 0.00265726
13 0.994531 0.522222 0.00989583 0.17037 0.00267313
0 0.995573 0.325463 0.0078125 0.0601852 0.00280703
5 0.220833 0.075463 0.0510417 0.0638889 0.00285669
9 0.264062 0.0865741 0.0104167 0.0342593 0.00302321
2 0.831771 0.213426 0.0354167 0.0824074 0.00313616
11 0.23724 0.0666667 0.0161458 0.0407407 0.00313641
0 0.747396 0.118519 0.0135417 0.0407407 0.00314913
0 0.266406 0.0990741 0.0109375 0.0555556 0.00320167
2 0.442448 0.0888889 0.0140625 0.0296296 0.00330971
2 0.641667 0.151389 0.021875 0.0638889 0.00415616
12 0.995052 0.493519 0.00885417 0.131481 0.0043431
2 0.468229 0.112037 0.125 0.062963 0.00442936
2 0.566927 0.1125 0.365104 0.0694444 0.00454703
1 0.0328125 0.151389 0.0625 0.0916667 0.00461806
2 0.363542 0.0680556 0.0114583 0.0194444 0.00463722
0 0.75625 0.0805556 0.0125 0.0574074 0.00472133
2 0.0140625 0.39537 0.028125 0.112963 0.00504754
13 0.970573 0.528704 0.0578125 0.185185 0.00506253
9 0.5 0.602778 0.0145833 0.0388889 0.00563966
9 0.220052 0.0657407 0.0453125 0.0518519 0.00571287
13 0.985937 0.523611 0.0270833 0.180556 0.00610673
0 0.442448 0.0986111 0.0171875 0.0509259 0.00613614
9 0.578125 0.0333333 0.015625 0.062963 0.00620901
9 0.584896 0.0342593 0.0166667 0.062963 0.00651393
9 0.56875 0.0314815 0.015625 0.0592593 0.00656365
2 0.271615 0.109722 0.0140625 0.0398148 0.00680216
7 0.220573 0.0689815 0.0494792 0.0601852 0.00689258
12 0.691146 0.166204 0.0114583 0.0398148 0.00764182
9 0.220833 0.0865741 0.0114583 0.0157407 0.00775524
0 0.757552 0.122222 0.0130208 0.0314815 0.00849031
2 0.238802 0.139815 0.0192708 0.0425926 0.0105352
2 0.786458 0.0888889 0.0166667 0.0240741 0.0111294
1 0.00416667 0.409259 0.00833333 0.0833333 0.0119072
9 0.442448 0.087963 0.0130208 0.0277778 0.0135223
0 0.635677 0.149074 0.00989583 0.0555556 0.0141198
1 0.009375 0.39537 0.01875 0.112963 0.0148903
2 0.635156 0.149537 0.0109375 0.0601852 0.0220401
2 0.00416667 0.408796 0.00833333 0.0842593 0.0231858
9 0.207813 0.0666667 0.0208333 0.0462963 0.0295153
9 0.503125 0.760185 0.0145833 0.0592593 0.0428865
9 0.567187 0.0481481 0.00833333 0.0240741 0.0441366
2 0.48776 0.107407 0.0140625 0.05 0.0454128
7 0.297135 0.106019 0.0380208 0.0824074 0.115042
2 0.294531 0.106944 0.0307292 0.0824074 0.126239
2 0.46224 0.111574 0.0130208 0.0398148 0.147743
9 0.26875 0.0351852 0.0208333 0.0666667 0.177845
2 0.475 0.108333 0.0322917 0.0462963 0.305989
2 0.322656 0.0875 0.0380208 0.037963 0.370615
2 0.627344 0.121759 0.0255208 0.0509259 0.466104
2 0.505469 0.103704 0.0432292 0.062963 0.602505
10 0.204167 0.316204 0.015625 0.0712963 0.632444
2 0.31875 0.121296 0.05 0.0703704 0.758796
11 0.729167 0.0430556 0.0270833 0.0564815 0.821864
2 0.390625 0.126389 0.0489583 0.0731481 0.845842
2 0.380729 0.230556 0.0770833 0.109259 0.883167
2 0.729948 0.419444 0.122396 0.17037 0.909284
2 0.746094 0.190741 0.128646 0.111111 0.914427
