9 0.252344 0.0865741 0.0130208 0.0342593 0.00100715
11 0.728125 0.00787037 0.0270833 0.0157407 0.00103705
2 0.0330729 0.0675926 0.0213542 0.0222222 0.00105637
2 0.44401 0.0652778 0.0223958 0.0268519 0.00107172
2 0.127083 0.0921296 0.0145833 0.025 0.00108445
12 0.701823 0.164352 0.0203125 0.037963 0.00109416
13 0.9625 0.55463 0.040625 0.0407407 0.00117638
2 0.26276 0.105093 0.00885417 0.0472222 0.00123186
0 0.995833 0.326852 0.00729167 0.0574074 0.00123505
9 0.990885 0.500926 0.0171875 0.137037 0.00127463
12 0.977083 0.498148 0.0447917 0.12963 0.00132309
9 0.261198 0.05 0.0130208 0.0425926 0.00134331
11 0.224479 0.0652778 0.04375 0.0527778 0.00135825
2 0.0260417 0.367593 0.0520833 0.062963 0.00137941
9 0.416146 0.00972222 0.0166667 0.0194444 0.00144065
7 0.221354 0.0907407 0.053125 0.133333 0.00146317
2 0.423698 0.0972222 0.0119792 0.0333333 0.0016591
2 0.239323 0.106019 0.0161458 0.037963 0.00189679
0 0.717188 0.372222 0.025 0.0259259 0.00192863
2 0.588021 0.125463 0.0104167 0.0231481 0.00207942
2 0.782812 0.099537 0.0375 0.0472222 0.00210069
9 0.263281 0.0861111 0.00885417 0.0333333 0.00212674
2 0.267188 0.0990741 0.0104167 0.0537037 0.0023473
2 0.793229 0.0856481 0.034375 0.0305556 0.00240501
9 0.114844 0.0231481 0.0171875 0.0407407 0.00243786
2 0.0268229 0.350463 0.0494792 0.0231481 0.00248238
2 0.291146 0.0717593 0.0114583 0.0157407 0.00274825
2 0.3625 0.0689815 0.009375 0.0231481 0.00282824
9 0.292969 0.0541667 0.0078125 0.0416667 0.00284794
7 0.794531 0.062963 0.0359375 0.062963 0.00288579
13 0.994271 0.518519 0.0104167 0.164815 0.00294363
9 0.502865 0.759259 0.0119792 0.0555556 0.00309848
2 0.220833 0.135185 0.0541667 0.0555556 0.00310411
2 0.40625 0.1125 0.244792 0.0824074 0.00313593
9 0.209896 0.0671296 0.0260417 0.0453704 0.00327557
9 0.570573 0.0319444 0.0130208 0.0583333 0.00329867
58 0.968229 0.497222 0.0291667 0.0851852 0.00333916
12 0.691667 0.164815 0.009375 0.037037 0.00380312
13 0.986719 0.517593 0.0255208 0.174074 0.00394902
13 0.970312 0.511111 0.0572917 0.153704 0.00451815
1 0.0244792 0.393981 0.0489583 0.113889 0.0045319
2 0.421354 0.109722 0.0114583 0.037963 0.00499864
2 0.286719 0.1125 0.0161458 0.0731481 0.00550351
2 0.592969 0.126389 0.0171875 0.0231481 0.00593626
12 0.994271 0.493519 0.0104167 0.124074 0.00605258
0 0.757292 0.0898148 0.0145833 0.0740741 0.00608327
9 0.216927 0.0560185 0.0265625 0.0509259 0.00632621
2 0.270312 0.108333 0.0125 0.0388889 0.00673752
2 0.309115 0.0805556 0.0192708 0.0333333 0.00712932
1 0.0145833 0.372685 0.0291667 0.0583333 0.0093733
7 0.214062 0.062037 0.0354167 0.0648148 0.00942872
0 0.635156 0.148148 0.00989583 0.0537037 0.00960245
9 0.219531 0.0884259 0.00989583 0.0175926 0.0124639
9 0.269792 0.0472222 0.0208333 0.0444444 0.0127684
2 0.635156 0.146759 0.0109375 0.0564815 0.0131181
11 0.60625 0.0587963 0.009375 0.0268519 0.0132859
11 0.2375 0.0671296 0.015625 0.0398148 0.0158695
1 0.009375 0.396759 0.01875 0.108333 0.0175265
2 0.238542 0.140278 0.0177083 0.0435185 0.019448
7 0.296615 0.106481 0.0348958 0.0814815 0.0209604
2 0.296875 0.105093 0.0322917 0.075 0.0228338
9 0.269271 0.0291667 0.0208333 0.0527778 0.0232542
1 0.00416667 0.404167 0.00833333 0.0916667 0.0247885
2 0.785937 0.0893519 0.0166667 0.0231481 0.0279895
0 0.471615 0.0625 0.00885417 0.0305556 0.0292418
9 0.567708 0.0481481 0.00833333 0.0240741 0.0352226
2 0.322396 0.0865741 0.0375 0.0361111 0.296105
7 0.50625 0.10463 0.0427083 0.0611111 0.424451
2 0.627344 0.122685 0.0255208 0.0527778 0.428223
2 0.50625 0.104167 0.0427083 0.062037 0.48782
2 0.477865 0.10787 0.0286458 0.0472222 0.547875
2 0.318229 0.120833 0.0520833 0.0712963 0.72059
2 0.443229 0.101852 0.0427083 0.0611111 0.746669
10 0.204167 0.314815 0.015625 0.0703704 0.77294
11 0.729427 0.0435185 0.0265625 0.0574074 0.778612
2 0.730208 0.419444 0.121875 0.17037 0.902597
