2 0.576302 0.129167 0.0494792 0.0324074 0.00103134
32 0.459115 0.357407 0.00989583 0.0166667 0.00108708
2 0.572135 0.423148 0.665104 0.187037 0.00108751
12 0.995573 0.530093 0.0078125 0.0398148 0.00111172
5 0.228125 0.0759259 0.0354167 0.0611111 0.00112841
7 0.971354 0.523148 0.05625 0.2 0.00113218
2 0.407031 0.125463 0.0276042 0.0398148 0.00118319
9 0.548177 0.0513889 0.0109375 0.025 0.00122193
10 0.195833 0.315278 0.034375 0.0731481 0.00135314
9 0.280208 0.0773148 0.0416667 0.149074 0.00137917
2 0.363281 0.0680556 0.0119792 0.0231481 0.00145032
58 0.968229 0.489352 0.03125 0.0990741 0.00147835
0 0.75599 0.0944444 0.0130208 0.0833333 0.00148742
58 0.961979 0.247685 0.075 0.226852 0.00160279
2 0.240625 0.106019 0.0177083 0.0342593 0.00170777
13 0.0125 0.366667 0.025 0.0481481 0.00170997
12 0.75625 0.0930556 0.0125 0.0824074 0.00174051
9 0.56276 0.049537 0.0203125 0.0268519 0.00178068
9 0.115104 0.024537 0.0135417 0.0398148 0.00180072
2 0.543229 0.113889 0.325 0.0796296 0.00183576
2 0.638802 0.147685 0.0161458 0.0546296 0.0018934
12 0.966927 0.497685 0.0276042 0.0805556 0.00190322
2 0.773958 0.119907 0.0177083 0.0361111 0.00192007
7 0.292448 0.102778 0.0776042 0.101852 0.00203958
9 0.2375 0.0717593 0.0145833 0.0453704 0.00206501
0 0.263021 0.102315 0.009375 0.0546296 0.00217175
2 0.661458 0.150463 0.0645833 0.0657407 0.00231377
2 0.785156 0.0912037 0.0140625 0.0194444 0.00238725
2 0.291927 0.0722222 0.0151042 0.0185185 0.00245483
9 0.29349 0.0509259 0.00885417 0.0444444 0.00252913
2 0.409635 0.111574 0.281771 0.0842593 0.00256804
2 0.273958 0.116667 0.021875 0.0537037 0.0027189
11 0.2375 0.0685185 0.0166667 0.0444444 0.00278113
0 0.73125 0.371296 0.0333333 0.0296296 0.00288134
9 0.454688 0.314815 0.00729167 0.0148148 0.00301349
12 0.702604 0.139352 0.0239583 0.0842593 0.00303266
9 0.258333 0.0726852 0.0114583 0.0564815 0.00340873
0 0.757292 0.374537 0.0177083 0.0287037 0.00360509
2 0.304688 0.0819444 0.0239583 0.0342593 0.00374351
9 0.252865 0.087037 0.0130208 0.0351852 0.00387644
2 0.463802 0.112037 0.0953125 0.0685185 0.00402361
7 0.213021 0.0592593 0.0354167 0.062963 0.00406479
11 0.239844 0.0351852 0.0213542 0.0666667 0.00418673
9 0.219271 0.104167 0.0104167 0.0416667 0.00446795
9 0.26224 0.0388889 0.0161458 0.0648148 0.00499326
12 0.97474 0.492593 0.0421875 0.116667 0.00538602
1 0.00989583 0.39213 0.0197917 0.117593 0.00606066
9 0.36224 0.0689815 0.00989583 0.0268519 0.00639843
12 0.994792 0.491667 0.009375 0.127778 0.0069125
2 0.442708 0.0888889 0.0145833 0.0277778 0.00696865
2 0.269792 0.110185 0.0114583 0.037037 0.00718244
13 0.0135417 0.391667 0.0270833 0.118519 0.00728858
1 0.00442708 0.409722 0.00885417 0.0824074 0.00739055
2 0.592708 0.127778 0.01875 0.0240741 0.00768864
9 0.500521 0.603241 0.0145833 0.0398148 0.00787484
0 0.715885 0.371296 0.0223958 0.0259259 0.00835777
9 0.565104 0.0310185 0.0239583 0.0601852 0.0094406
9 0.207552 0.0662037 0.0213542 0.0472222 0.0105982
5 0.21276 0.062037 0.0338542 0.0555556 0.0112625
9 0.263542 0.087037 0.009375 0.0351852 0.011277
2 0.238281 0.141204 0.0192708 0.0416667 0.0118391
11 0.60625 0.0606481 0.0104167 0.0231481 0.0153562
9 0.442969 0.0888889 0.0130208 0.0277778 0.0169083
0 0.635417 0.148611 0.009375 0.0509259 0.0291089
9 0.219792 0.0875 0.0104167 0.0138889 0.030559
2 0.448438 0.114815 0.0302083 0.0296296 0.0312302
2 0.461458 0.114815 0.0125 0.0351852 0.0405226
9 0.503125 0.759259 0.0125 0.0574074 0.0433437
9 0.567448 0.0486111 0.00885417 0.025 0.0510744
2 0.293229 0.109259 0.0291667 0.0814815 0.0709726
0 0.174479 0.733333 0.184375 0.501852 0.0720241
7 0.296615 0.108333 0.0338542 0.0833333 0.0858309
9 0.269792 0.0361111 0.021875 0.0666667 0.094797
2 0.322917 0.0851852 0.0375 0.0333333 0.287874
2 0.627604 0.122222 0.025 0.0518519 0.360121
2 0.476823 0.109259 0.0296875 0.0462963 0.407385
2 0.50625 0.103704 0.0427083 0.062963 0.435841
7 0.50625 0.104167 0.0427083 0.0638889 0.450248
2 0.31875 0.121759 0.0510417 0.0694444 0.700706
10 0.204167 0.315741 0.015625 0.0703704 0.758777
11 0.729688 0.0439815 0.0270833 0.0564815 0.764379
2 0.395833 0.138889 0.053125 0.0759259 0.869201
2 0.729948 0.419444 0.121354 0.174074 0.909746
