9 0.288281 0.025463 0.0140625 0.0453704 0.00100143
2 0.0117188 0.125463 0.0234375 0.0342593 0.0010022
2 0.975781 0.498611 0.0442708 0.126852 0.00100841
2 0.466927 0.0208333 0.0203125 0.0194444 0.00100845
1 0.0046875 0.465278 0.009375 0.225 0.00103395
2 0.363281 0.0685185 0.0119792 0.0203704 0.00107046
2 0.785937 0.103704 0.04375 0.0555556 0.00107085
2 0.813542 0.0759259 0.0208333 0.0203704 0.0010816
0 0.75651 0.373611 0.0213542 0.0324074 0.00109522
2 0.274219 0.111574 0.0213542 0.0583333 0.00112829
2 0.00546875 0.0921296 0.0109375 0.0435185 0.00114016
2 0.892448 0.190278 0.0911458 0.208333 0.00115124
2 0.00963542 0.105556 0.0192708 0.062963 0.00119181
2 0.779688 0.167593 0.0604167 0.0648148 0.00123826
2 0.404167 0.128241 0.0208333 0.0416667 0.00125685
2 0.53099 0.1125 0.0130208 0.0435185 0.00128909
0 0.751302 0.0939815 0.0234375 0.0898148 0.00129994
2 0.778125 0.114352 0.0270833 0.0342593 0.00132252
13 0.961719 0.552778 0.0390625 0.037037 0.00133548
9 0.292708 0.0532407 0.00833333 0.0342593 0.00142006
7 0.236719 0.0643518 0.0161458 0.0361111 0.00143837
2 0.638542 0.124537 0.05 0.0638889 0.00146393
0 0.745833 0.118519 0.015625 0.0388889 0.00148407
0 0.746094 0.127778 0.0203125 0.0203704 0.00149375
0 0.714844 0.37037 0.0203125 0.0277778 0.00154816
7 0.290104 0.0898148 0.0260417 0.0537037 0.00164604
9 0.264062 0.0865741 0.0104167 0.0342593 0.0016788
0 0.263281 0.103704 0.00885417 0.0518519 0.0017016
11 0.23724 0.0662037 0.0161458 0.0398148 0.00173698
12 0.976042 0.499074 0.0447917 0.125926 0.00174582
2 0.815625 0.0685185 0.015625 0.0111111 0.00175806
58 0.96849 0.496296 0.0307292 0.0888889 0.00176973
1 0.0127604 0.389815 0.0255208 0.12037 0.00176985
0 0.758073 0.110185 0.0161458 0.0518519 0.00199222
9 0.5 0.602315 0.0145833 0.0398148 0.00244927
12 0.70026 0.1625 0.0213542 0.0435185 0.00248685
9 0.99349 0.492593 0.0119792 0.12037 0.00248868
2 0.675 0.11713 0.120833 0.0768519 0.00262216
2 0.392448 0.125926 0.0359375 0.0388889 0.00279891
2 0.296875 0.10463 0.0854167 0.0944444 0.00283753
9 0.360938 0.0671296 0.0104167 0.0194444 0.00288595
0 0.267708 0.0990741 0.0114583 0.0555556 0.00307897
13 0.99375 0.521759 0.0114583 0.173148 0.0032038
2 0.418229 0.111111 0.301042 0.0703704 0.00338635
2 0.644792 0.151852 0.0291667 0.062963 0.00345776
2 0.370052 0.119907 0.0223958 0.0268519 0.00367671
32 0.454427 0.314815 0.0078125 0.0148148 0.00398769
9 0.276302 0.0634259 0.0369792 0.123148 0.00405659
2 0.605469 0.0592593 0.00989583 0.0259259 0.00432874
0 0.361719 0.0708333 0.00885417 0.0268519 0.00474431
2 0.441927 0.0861111 0.0130208 0.0259259 0.00478075
12 0.99401 0.493981 0.0109375 0.125 0.00512336
2 0.00807292 0.395833 0.0161458 0.110185 0.00527473
7 0.972396 0.526852 0.0541667 0.205556 0.00534672
1 0.00494792 0.389815 0.00989583 0.12037 0.00540165
2 0.238542 0.140278 0.01875 0.0416667 0.0058281
2 0.59375 0.112037 0.297917 0.0648148 0.00610057
9 0.57474 0.0310185 0.0161458 0.0601852 0.00644182
0 0.75625 0.124074 0.015625 0.0259259 0.00645991
2 0.785417 0.0893519 0.0145833 0.025 0.00675503
13 0.985417 0.525926 0.028125 0.185185 0.00868985
5 0.21875 0.0643518 0.04375 0.062037 0.00902215
2 0.48151 0.111574 0.0567708 0.0564815 0.00920984
2 0.270833 0.110185 0.0135417 0.037037 0.0108357
9 0.208073 0.0666667 0.0223958 0.05 0.0129711
12 0.69349 0.163426 0.00989583 0.0398148 0.0142575
7 0.220313 0.0685185 0.05 0.0666667 0.0146616
9 0.220573 0.0888889 0.00989583 0.0166667 0.0151662
0 0.75625 0.0777778 0.0135417 0.0555556 0.0159187
9 0.566927 0.0481481 0.0078125 0.0240741 0.0220227
2 0.491406 0.106944 0.0203125 0.0509259 0.022595
2 0.446875 0.118519 0.0270833 0.0240741 0.0233113
2 0.00442708 0.406944 0.00885417 0.087963 0.02554
2 0.634635 0.144907 0.0109375 0.0509259 0.0284462
9 0.502344 0.759722 0.0130208 0.0564815 0.0321884
9 0.442187 0.0865741 0.0125 0.025 0.0335531
2 0.461458 0.112963 0.0125 0.037037 0.0370078
9 0.26875 0.0347222 0.021875 0.0675926 0.0969203
7 0.296094 0.106481 0.0369792 0.0833333 0.119415
2 0.292969 0.10787 0.0296875 0.0824074 0.120207
2 0.467448 0.109722 0.0213542 0.0435185 0.197735
2 0.479948 0.109259 0.0213542 0.0444444 0.241303
2 0.322135 0.0851852 0.0369792 0.0351852 0.294289
2 0.626823 0.121759 0.0265625 0.0527778 0.524725
2 0.505469 0.103704 0.0432292 0.062963 0.564865
10 0.204167 0.315741 0.015625 0.0722222 0.622679
2 0.318229 0.121759 0.0520833 0.0694444 0.742475
11 0.729167 0.0425926 0.028125 0.0555556 0.816704
2 0.386719 0.144444 0.0536458 0.0777778 0.848781
2 0.379167 0.261574 0.084375 0.119444 0.898423
2 0.729688 0.419907 0.122917 0.169444 0.913038
2 0.745573 0.190278 0.127604 0.112037 0.91473
