2 0.534635 0.109259 0.0161458 0.0481481 0.00101739
2 0.363542 0.0657407 0.0114583 0.0203704 0.00105088
9 0.548437 0.0467593 0.0125 0.025 0.00106163
2 0.63776 0.145833 0.0171875 0.0509259 0.00108617
32 0.469271 0.409722 0.0104167 0.0231481 0.00108686
9 0.561198 0.0458333 0.0213542 0.0342593 0.00109109
2 0.653385 0.150926 0.0494792 0.0611111 0.00111781
2 0.00885417 0.401389 0.0177083 0.110185 0.00112352
1 0.0119792 0.367593 0.0239583 0.0555556 0.00127289
2 0.577604 0.10787 0.351042 0.0787037 0.00131826
9 0.36224 0.0472222 0.00989583 0.0351852 0.00133715
2 0.291406 0.0736111 0.0130208 0.0194444 0.00138912
9 0.239583 0.0472222 0.021875 0.0944444 0.00145741
9 0.282813 0.074537 0.0291667 0.139815 0.00146899
9 0.277083 0.0662037 0.021875 0.0490741 0.00147506
5 0.236198 0.0638889 0.0182292 0.037037 0.0015356
11 0.738802 0.0634259 0.0161458 0.0231481 0.00163965
9 0.452344 0.29213 0.0203125 0.0638889 0.00164658
2 0.44349 0.0990741 0.0192708 0.05 0.00170687
9 0.236979 0.0680556 0.0177083 0.0435185 0.00172549
12 0.694271 0.1625 0.00729167 0.037963 0.00176501
0 0.378385 0.363889 0.0223958 0.0351852 0.00182926
1 0.0135417 0.39537 0.0270833 0.114815 0.00185333
9 0.445052 0.24213 0.0119792 0.0268519 0.0018994
12 0.970573 0.494444 0.0338542 0.109259 0.00194691
2 0.594531 0.425 0.757812 0.190741 0.00208423
0 0.160677 0.730093 0.230729 0.493519 0.00211084
2 0.297396 0.1 0.08125 0.0925926 0.00228719
2 0.414844 0.108796 0.308854 0.0861111 0.00248587
0 0.28099 0.10463 0.00885417 0.0703704 0.00261532
9 0.291406 0.0550926 0.00885417 0.0398148 0.00284373
11 0.240625 0.0393519 0.021875 0.0768519 0.00289
9 0.360677 0.0643518 0.00989583 0.0212963 0.00302138
2 0.452083 0.108796 0.132292 0.0694444 0.00311965
9 0.259896 0.0694444 0.0125 0.0555556 0.00314522
7 0.221875 0.0550926 0.053125 0.0898148 0.00314898
12 0.701823 0.163426 0.0192708 0.0398148 0.00315744
0 0.757292 0.372685 0.01875 0.0324074 0.00321479
0 0.263802 0.100463 0.00885417 0.0546296 0.00332484
9 0.50026 0.601389 0.0151042 0.0416667 0.00340673
0 0.75651 0.0921296 0.0140625 0.0861111 0.00354003
2 0.591927 0.129167 0.0182292 0.0212963 0.0036128
0 0.323177 0.366667 0.0255208 0.037037 0.00383924
9 0.559375 0.0310185 0.03125 0.0601852 0.00390803
9 0.261198 0.0444444 0.0130208 0.0537037 0.00411643
12 0.995052 0.492593 0.00885417 0.125926 0.00443051
11 0.60599 0.0601852 0.00885417 0.0259259 0.00444101
0 0.733073 0.371759 0.0307292 0.0287037 0.00450475
9 0.966146 0.501852 0.0239583 0.0722222 0.00482971
9 0.995313 0.488889 0.00833333 0.122222 0.00495952
9 0.252865 0.087037 0.0130208 0.0351852 0.00510602
2 0.790104 0.0861111 0.0177083 0.0203704 0.00515347
9 0.565365 0.0398148 0.0109375 0.0425926 0.0051547
9 0.438281 0.190741 0.0140625 0.0351852 0.0051864
9 0.207292 0.0666667 0.0197917 0.0425926 0.0051921
2 0.00364583 0.421296 0.00729167 0.0611111 0.00521917
32 0.460417 0.355556 0.009375 0.0148148 0.0052935
9 0.220833 0.102778 0.0135417 0.0351852 0.00549557
7 0.970833 0.528704 0.0572917 0.201852 0.0055134
2 0.26875 0.110648 0.0104167 0.0361111 0.00588918
9 0.502344 0.761111 0.0109375 0.0574074 0.00649467
12 0.702083 0.139815 0.021875 0.0851852 0.00650142
9 0.221615 0.0527778 0.0161458 0.0388889 0.00806315
2 0.303385 0.0939815 0.0390625 0.0583333 0.00973038
1 0.00390625 0.396296 0.0078125 0.112963 0.0103283
9 0.972917 0.498148 0.0375 0.122222 0.0107775
9 0.266406 0.0967593 0.00989583 0.0527778 0.0136504
9 0.442969 0.0865741 0.0140625 0.025 0.0157534
0 0.714323 0.37037 0.0223958 0.0259259 0.0160018
2 0.442448 0.0865741 0.0140625 0.025 0.0164226
9 0.263021 0.0884259 0.009375 0.0361111 0.0172708
9 0.220833 0.0902778 0.0114583 0.0138889 0.017777
5 0.221615 0.0657407 0.0494792 0.0555556 0.0180804
0 0.634896 0.147222 0.0114583 0.0537037 0.018301
2 0.461719 0.110648 0.0130208 0.037963 0.0214944
9 0.454167 0.312963 0.00833333 0.0185185 0.0257983
9 0.567187 0.0481481 0.00833333 0.0240741 0.0303949
0 0.366406 0.362037 0.0234375 0.0333333 0.0403294
0 0.341146 0.363426 0.021875 0.0324074 0.0438981
2 0.293229 0.108333 0.0302083 0.0833333 0.0603565
7 0.298698 0.106019 0.0359375 0.0805556 0.066725
9 0.269531 0.0356481 0.0213542 0.0675926 0.0801612
2 0.627604 0.121296 0.0260417 0.0518519 0.238622
2 0.322135 0.0865741 0.0390625 0.037963 0.292299
2 0.473698 0.10787 0.0338542 0.0453704 0.545976
2 0.505729 0.102778 0.04375 0.0648148 0.571558
11 0.729427 0.0430556 0.0276042 0.0564815 0.701358
2 0.317969 0.121296 0.0515625 0.0703704 0.726143
10 0.204167 0.315278 0.0166667 0.0694444 0.835551
2 0.729948 0.419444 0.122396 0.172222 0.909661
2 0.351562 0.407407 0.119792 0.168519 0.926657
