0 0.520052 0.234259 0.550521 0.338889 0.00100287
9 0.76901 0.0189815 0.0171875 0.0361111 0.00106428
2 0.363542 0.0689815 0.0125 0.0231481 0.0010883
58 0.919792 0.183333 0.160417 0.364815 0.00111014
9 0.458594 0.0648148 0.0078125 0.0314815 0.00123706
9 0.292708 0.0550926 0.0104167 0.0435185 0.00125573
9 0.236458 0.0699074 0.01875 0.0490741 0.00128382
9 0.263021 0.0523148 0.0177083 0.0435185 0.00134145
0 0.188021 0.116667 0.00729167 0.0351852 0.00136162
2 0.23776 0.107407 0.0182292 0.0388889 0.00142381
0 0.73125 0.372222 0.0239583 0.0296296 0.00172659
0 0.263021 0.101389 0.009375 0.0564815 0.00182096
0 0.432552 0.451389 0.703646 0.752778 0.00183003
0 0.757812 0.117593 0.0135417 0.0425926 0.00184696
0 0.75625 0.374074 0.0197917 0.0314815 0.00190729
0 0.716146 0.850926 0.034375 0.283333 0.00192678
12 0.693229 0.163426 0.00729167 0.0398148 0.00192726
2 0.771354 0.113889 0.0145833 0.0296296 0.00195954
2 0.398958 0.108796 0.269792 0.0768519 0.00209329
0 0.995833 0.325926 0.00729167 0.0574074 0.00222739
9 0.569792 0.0314815 0.0145833 0.0592593 0.00225937
7 0.298958 0.10463 0.084375 0.0944444 0.00229104
2 0.6625 0.149074 0.0635417 0.0648148 0.00258245
9 0.5625 0.05 0.01875 0.0240741 0.00272061
2 0.0138021 0.397222 0.0276042 0.109259 0.00278758
2 0.795573 0.0856481 0.0328125 0.0287037 0.0029093
9 0.267188 0.100463 0.0114583 0.0583333 0.00311264
9 0.110156 0.0277778 0.0130208 0.037037 0.00311327
0 0.291146 0.67963 0.0489583 0.0611111 0.00312963
7 0.99401 0.51713 0.0109375 0.167593 0.00314988
2 0.56875 0.108796 0.244792 0.0657407 0.00318616
9 0.578125 0.0337963 0.0145833 0.0601852 0.00319132
0 0.55651 0.228704 0.0223958 0.037037 0.00327687
0 0.758073 0.0722222 0.0119792 0.0388889 0.00331964
9 0.566667 0.0625 0.0114583 0.0527778 0.00342102
7 0.972656 0.524074 0.0536458 0.190741 0.00349328
2 0.442969 0.087963 0.0151042 0.0277778 0.00361063
2 0.238802 0.140741 0.0192708 0.0425926 0.00365447
9 0.26276 0.0861111 0.0078125 0.0333333 0.00379124
9 0.584375 0.0421296 0.0135417 0.0416667 0.00381042
0 0.330469 0.681944 0.0359375 0.0546296 0.00382093
9 0.253646 0.0865741 0.0145833 0.0361111 0.00395712
9 0.502344 0.75787 0.0130208 0.0583333 0.00428051
2 0.780208 0.106019 0.0333333 0.0564815 0.00439544
0 0.757552 0.0930556 0.0140625 0.0805556 0.00448003
9 0.258333 0.0731481 0.0114583 0.0444444 0.00468552
0 0.547135 0.226852 0.0265625 0.0388889 0.00477887
19 0.442969 0.0875 0.0140625 0.0287037 0.00478672
9 0.115365 0.0240741 0.0130208 0.0388889 0.00532132
9 0.270312 0.0555556 0.0197917 0.0388889 0.00564263
2 0.813281 0.0763889 0.0182292 0.0175926 0.00599886
0 0.00416667 0.407407 0.00833333 0.0907407 0.00657854
9 0.361719 0.0694444 0.00989583 0.0240741 0.00691957
0 0.714844 0.373148 0.0234375 0.0277778 0.0073052
9 0.211979 0.0675926 0.0333333 0.0481481 0.0073729
0 0.53151 0.226389 0.0171875 0.0361111 0.00752681
2 0.592969 0.124537 0.0171875 0.025 0.00771307
2 0.335677 0.0875 0.0192708 0.0324074 0.00889446
1 0.0101562 0.397685 0.0203125 0.112037 0.0093488
2 0.00364583 0.424074 0.00729167 0.0555556 0.00981262
0 0.139583 0.959722 0.0333333 0.0768519 0.0109905
9 0.992969 0.501852 0.0130208 0.138889 0.0117582
2 0.271875 0.110648 0.0145833 0.0398148 0.0117705
9 0.269531 0.0351852 0.0223958 0.0685185 0.01299
2 0.606771 0.0611111 0.0104167 0.0240741 0.0138964
7 0.220052 0.0671296 0.0515625 0.0601852 0.024307
0 0.635677 0.147685 0.00989583 0.0490741 0.0243263
5 0.220313 0.0675926 0.0510417 0.0574074 0.0293363
2 0.635677 0.144907 0.0109375 0.0509259 0.0315229
2 0.786458 0.0902778 0.015625 0.0231481 0.0327543
0 0.359375 0.677778 0.040625 0.0611111 0.0370963
1 0.0125 0.368981 0.025 0.0546296 0.0480161
9 0.567448 0.0486111 0.00885417 0.0231481 0.0644871
2 0.463281 0.110648 0.0161458 0.0435185 0.100087
7 0.298438 0.106019 0.0385417 0.0805556 0.162122
2 0.321354 0.0893519 0.0395833 0.0324074 0.164694
2 0.477865 0.109259 0.0317708 0.0462963 0.324581
2 0.627604 0.121759 0.025 0.0509259 0.388329
2 0.50651 0.10463 0.0421875 0.0611111 0.529189
2 0.31875 0.120833 0.05 0.0712963 0.656482
10 0.203906 0.316204 0.0161458 0.0712963 0.777053
11 0.729688 0.0430556 0.0270833 0.0546296 0.780755
2 0.539062 0.268056 0.1 0.14537 0.890332
2 0.729948 0.419444 0.122396 0.172222 0.909085
2 0.326302 0.737963 0.177604 0.262963 0.941007
