9 0.107031 0.025463 0.0109375 0.0361111 0.00101797
11 0.240104 0.0337963 0.0229167 0.0638889 0.00102039
9 0.469792 0.414352 0.0104167 0.0305556 0.00104957
2 0.263281 0.103704 0.00989583 0.05 0.00105078
0 0.758073 0.0773148 0.00885417 0.0527778 0.00105398
2 0.24375 0.10787 0.0114583 0.0361111 0.00105776
12 0.69349 0.162963 0.0078125 0.037037 0.00108239
2 0.745833 0.157407 0.0239583 0.0166667 0.00109312
11 0.221094 0.0657407 0.0515625 0.0611111 0.0011173
9 0.221094 0.0865741 0.0109375 0.0194444 0.00114151
2 0.296354 0.105556 0.0916667 0.0962963 0.00118201
2 0.416406 0.110185 0.311979 0.087037 0.00123316
9 0.548698 0.0481481 0.0130208 0.0277778 0.00124199
2 0.582292 0.109259 0.31875 0.0759259 0.00128914
9 0.438542 0.194444 0.0145833 0.037037 0.001338
10 0.774479 0.125463 0.01875 0.0453704 0.0014352
1 0.811198 0.331944 0.0192708 0.0935185 0.0014627
13 0.970833 0.526389 0.0572917 0.187963 0.00161481
2 0.467187 0.108333 0.107292 0.0648148 0.00171794
12 0.975 0.497685 0.0416667 0.123148 0.0018425
12 0.701823 0.161111 0.0213542 0.0444444 0.00187436
2 0.591667 0.126852 0.0177083 0.0240741 0.0018834
2 0.654427 0.1375 0.0807292 0.0842593 0.00197365
9 0.5625 0.0314815 0.0239583 0.0592593 0.00199427
0 0.732031 0.370833 0.0338542 0.0305556 0.002021
2 0.267448 0.0990741 0.0119792 0.0555556 0.00207843
32 0.454427 0.314815 0.0078125 0.0111111 0.00209658
9 0.207292 0.0694444 0.021875 0.0425926 0.00222935
11 0.235938 0.0699074 0.0197917 0.0472222 0.00228357
2 0.775 0.123611 0.01875 0.0416667 0.00236827
0 0.302604 0.798611 0.0302083 0.0564815 0.00237847
7 0.970573 0.530093 0.0578125 0.200926 0.00241305
0 0.758594 0.375 0.0171875 0.0296296 0.00246677
2 0.363542 0.0675926 0.0114583 0.0203704 0.00262246
9 0.565625 0.0430556 0.0114583 0.037963 0.00262532
1 0.0135417 0.364352 0.0270833 0.0453704 0.00263755
9 0.975521 0.497222 0.0416667 0.124074 0.00284455
0 0.757031 0.0921296 0.0130208 0.0805556 0.0028772
9 0.29375 0.0569444 0.009375 0.0361111 0.0029926
2 0.813802 0.075 0.0161458 0.0166667 0.00346518
9 0.36224 0.0694444 0.00885417 0.0222222 0.00360016
2 0.634635 0.141204 0.0119792 0.0509259 0.00389413
0 0.635417 0.148148 0.0104167 0.0518519 0.00397434
2 0.442448 0.0888889 0.0140625 0.0277778 0.00405925
2 0.292969 0.0662037 0.00989583 0.0231481 0.00410786
0 0.283594 0.0976852 0.00885417 0.037963 0.00436705
9 0.995313 0.489815 0.00833333 0.118519 0.00501415
2 0.270833 0.109259 0.0135417 0.0407407 0.00517993
11 0.60599 0.0606481 0.00989583 0.0231481 0.00538509
0 0.285677 0.112037 0.0130208 0.0648148 0.00558591
12 0.702604 0.138889 0.0239583 0.0851852 0.00562178
1 0.0143229 0.395833 0.0286458 0.112037 0.00602313
0 0.27474 0.803241 0.0317708 0.062037 0.00678219
0 0.442708 0.1 0.0177083 0.05 0.00763193
2 0.288542 0.112037 0.0166667 0.062963 0.0079314
10 0.442969 0.0884259 0.0140625 0.0268519 0.00808145
0 0.709896 0.372685 0.0208333 0.0268519 0.00950902
9 0.223177 0.0541667 0.0140625 0.0416667 0.00966815
3 0.00911458 0.395833 0.0182292 0.112037 0.011594
2 0.00390625 0.405093 0.0078125 0.0935185 0.0125682
7 0.220052 0.0671296 0.0515625 0.0583333 0.0127225
5 0.220313 0.0689815 0.0510417 0.0564815 0.0130482
0 0.00416667 0.393519 0.00833333 0.114815 0.0131722
1 0.00364583 0.406944 0.00729167 0.0861111 0.0133821
0 0.252083 0.805556 0.05 0.0648148 0.0157202
9 0.567448 0.0481481 0.00885417 0.0240741 0.0168171
2 0.299479 0.10463 0.0364583 0.0759259 0.0173274
9 0.269271 0.0347222 0.021875 0.0657407 0.0375329
2 0.785417 0.0893519 0.015625 0.0231481 0.0556682
9 0.500781 0.603704 0.0151042 0.0407407 0.0633117
9 0.502604 0.760648 0.0125 0.0546296 0.122025
2 0.628125 0.120833 0.025 0.0509259 0.304751
0 0.319271 0.802315 0.046875 0.062037 0.340557
2 0.322396 0.0861111 0.0385417 0.037037 0.360362
2 0.473958 0.110185 0.034375 0.0444444 0.445426
2 0.50599 0.104167 0.0432292 0.062037 0.570136
11 0.729688 0.0439815 0.0270833 0.0583333 0.695741
10 0.203906 0.316667 0.0161458 0.0703704 0.714121
2 0.318229 0.121759 0.0510417 0.0675926 0.751763
2 0.285156 0.860648 0.202604 0.271296 0.901675
2 0.729688 0.419907 0.121875 0.171296 0.905499
