0 0.571875 0.538426 0.01875 0.0287037 0.00101309
2 0.219531 0.118981 0.0557292 0.0731481 0.00103079
9 0.238281 0.0726852 0.0161458 0.0509259 0.00103085
2 0.975 0.520833 0.0489583 0.175 0.00104042
2 0.363802 0.0666667 0.0109375 0.0185185 0.0010415
0 0.732031 0.371759 0.0265625 0.0305556 0.00108483
9 0.361979 0.0694444 0.00833333 0.0240741 0.00112724
2 0.0135417 0.397685 0.0270833 0.10463 0.00114745
2 0.448177 0.112037 0.0369792 0.037037 0.00117826
7 0.236719 0.0689815 0.0161458 0.0453704 0.00123122
0 0.188802 0.112037 0.0078125 0.037037 0.00124533
9 0.415625 0.00925926 0.015625 0.0185185 0.00127287
2 0.00625 0.0898148 0.0125 0.0462963 0.00127941
9 0.261719 0.0467593 0.0140625 0.0472222 0.00134068
11 0.239844 0.0398148 0.0223958 0.0759259 0.0013542
11 0.256771 0.0875 0.0197917 0.0398148 0.00140328
2 0.407813 0.109722 0.275 0.0787037 0.00142425
2 0.194792 0.103704 0.0145833 0.0351852 0.00144303
9 0.547917 0.0541667 0.0104167 0.0231481 0.00144592
2 0.657812 0.135185 0.0791667 0.0740741 0.0015836
13 0.960938 0.552315 0.0375 0.037963 0.00172334
12 0.702083 0.133333 0.021875 0.0722222 0.00175391
1 0.0046875 0.397222 0.009375 0.107407 0.00177897
9 0.192188 0.0981481 0.0104167 0.0296296 0.00187235
9 0.268229 0.0527778 0.0177083 0.0407407 0.00188107
9 0.21875 0.102315 0.009375 0.0361111 0.00205043
9 0.26276 0.0921296 0.00885417 0.0472222 0.00215172
0 0.709115 0.372222 0.0213542 0.0296296 0.00249284
2 0.238281 0.137963 0.0192708 0.0462963 0.00252508
0 0.283594 0.0847222 0.00885417 0.0287037 0.00257705
2 0.776823 0.106481 0.0244792 0.0407407 0.00263475
2 0.00390625 0.418981 0.0078125 0.0638889 0.00267945
9 0.458073 0.0657407 0.00677083 0.0277778 0.00273045
7 0.78776 0.0625 0.0255208 0.062037 0.00273133
2 0.576302 0.110648 0.236979 0.0675926 0.00300527
12 0.701302 0.165278 0.0182292 0.0361111 0.00302005
13 0.99375 0.518056 0.0114583 0.171296 0.00312528
7 0.276042 0.0601852 0.0395833 0.118519 0.00355261
2 0.442448 0.0865741 0.0130208 0.025 0.00386716
13 0.970833 0.567593 0.0572917 0.0796296 0.00410663
7 0.220313 0.0787037 0.05 0.0703704 0.00464182
2 0.2875 0.0773148 0.0166667 0.0287037 0.00473566
12 0.692708 0.163426 0.00729167 0.037963 0.00477646
7 0.970833 0.524537 0.0572917 0.191667 0.00482027
11 0.236979 0.0685185 0.0166667 0.0425926 0.00485454
0 0.754427 0.0902778 0.0151042 0.0805556 0.00485459
2 0.481771 0.109259 0.053125 0.0592593 0.00490805
9 0.566667 0.0476852 0.00833333 0.0231481 0.00507089
13 0.970833 0.519444 0.0572917 0.175926 0.00550939
9 0.994531 0.498611 0.00989583 0.139815 0.00595449
2 0.270573 0.105556 0.0140625 0.0444444 0.00648671
9 0.292969 0.0537037 0.00885417 0.0388889 0.00649777
2 0.592448 0.122685 0.0161458 0.0305556 0.00691364
58 0.968229 0.494444 0.0302083 0.0851852 0.00693881
2 0.289323 0.0907407 0.0182292 0.05 0.0080395
2 0.605729 0.0592593 0.0104167 0.0259259 0.00828314
0 0.648177 0.539815 0.0369792 0.0259259 0.00947103
2 0.446875 0.11713 0.028125 0.0212963 0.00983688
0 0.589583 0.536111 0.0354167 0.0314815 0.0118091
2 0.784635 0.0884259 0.0151042 0.0231481 0.0123258
2 0.29349 0.106944 0.0286458 0.0787037 0.0124848
0 0.286979 0.112963 0.0166667 0.0740741 0.0126139
9 0.26875 0.0351852 0.0229167 0.0648148 0.0128974
7 0.213021 0.0615741 0.0354167 0.0657407 0.0148733
5 0.213021 0.0611111 0.0333333 0.0611111 0.0195828
9 0.442187 0.0865741 0.0125 0.025 0.0196144
9 0.219531 0.0907407 0.00885417 0.0148148 0.0208219
2 0.290625 0.0712963 0.0125 0.0148148 0.0229069
2 0.633854 0.141667 0.0114583 0.0481481 0.0241112
2 0.461198 0.110648 0.0119792 0.037963 0.0449163
2 0.488281 0.107407 0.0151042 0.05 0.0485645
2 0.471094 0.108796 0.0286458 0.0435185 0.333213
2 0.321875 0.0865741 0.0375 0.0361111 0.373497
7 0.505469 0.103241 0.0432292 0.0638889 0.398935
2 0.505469 0.103704 0.0432292 0.062963 0.463674
2 0.626823 0.122685 0.0255208 0.0546296 0.483867
2 0.317708 0.121759 0.0510417 0.0694444 0.701546
10 0.204167 0.315278 0.015625 0.0712963 0.721638
11 0.728646 0.0416667 0.0270833 0.0518519 0.772302
2 0.729427 0.419907 0.123438 0.171296 0.902117
7 0.613281 0.650926 0.200521 0.311111 0.907923
