0 0.757552 0.374074 0.0203125 0.0333333 0.00101611
7 0.970573 0.523148 0.0578125 0.190741 0.00101691
9 0.56276 0.050463 0.0192708 0.025 0.00104725
9 0.547656 0.0606481 0.0109375 0.025 0.00107454
13 0.00494792 0.378241 0.00989583 0.0601852 0.00108161
0 0.757552 0.0740741 0.0119792 0.0407407 0.00112929
58 0.919271 0.184259 0.161458 0.362963 0.00115584
2 0.23776 0.112963 0.0203125 0.0518519 0.00120797
2 0.296615 0.0592593 0.0140625 0.037037 0.00122865
32 0.460677 0.357407 0.0109375 0.0148148 0.00125987
0 0.53099 0.249537 0.506771 0.375 0.00134513
0 0.513802 0.253704 0.0192708 0.0259259 0.0013541
0 0.166406 0.743981 0.179688 0.482407 0.00136747
2 0.772396 0.115278 0.0145833 0.0305556 0.00140159
2 0.779167 0.122222 0.0291667 0.0462963 0.00141115
2 0.807031 0.0856481 0.0161458 0.0212963 0.0014533
11 0.236458 0.0703704 0.01875 0.0481481 0.00161101
9 0.500521 0.60463 0.015625 0.0425926 0.00162029
13 0.0143229 0.372685 0.0286458 0.0675926 0.00166201
2 0.65651 0.396296 0.426562 0.235185 0.0016889
2 0.548958 0.108333 0.289583 0.0759259 0.00170038
2 0.646875 0.147685 0.0354167 0.0601852 0.00181992
2 0.0138021 0.363889 0.0276042 0.0592593 0.00182596
7 0.991146 0.518056 0.0166667 0.180556 0.00187803
12 0.689323 0.16713 0.0130208 0.0361111 0.00188133
2 0.295573 0.0842593 0.0359375 0.0666667 0.00190731
9 0.589583 0.0421296 0.0135417 0.0398148 0.00198934
1 0.809896 0.331944 0.0208333 0.087963 0.00199353
1 0.0354167 0.159722 0.0708333 0.0898148 0.00202968
2 0.410677 0.105556 0.273438 0.087037 0.00211885
9 0.502865 0.762037 0.0119792 0.0518519 0.00222004
2 0.0575521 0.0675926 0.0401042 0.0296296 0.00228858
9 0.21901 0.105093 0.00989583 0.0361111 0.00234865
9 0.257292 0.0787037 0.0135417 0.05 0.00244841
11 0.239844 0.0375 0.0223958 0.0731481 0.00253822
13 0.00390625 0.408796 0.0078125 0.0898148 0.0026259
0 0.757292 0.0921296 0.0135417 0.0768519 0.00269308
12 0.693229 0.165741 0.00729167 0.037037 0.00287351
13 0.96224 0.555556 0.0401042 0.0425926 0.00297927
9 0.578125 0.0347222 0.0135417 0.0601852 0.00322837
0 0.715885 0.371296 0.0234375 0.0277778 0.00347023
9 0.429427 0.0398148 0.00885417 0.0203704 0.00359869
9 0.415365 0.0101852 0.0151042 0.0203704 0.00398103
2 0.238281 0.140278 0.0192708 0.0435185 0.00439208
9 0.584115 0.037037 0.0140625 0.0574074 0.00445109
2 0.60599 0.0611111 0.00989583 0.0240741 0.00464698
0 0.442708 0.0967593 0.0166667 0.0490741 0.00502627
2 0.780469 0.104167 0.0307292 0.0509259 0.00518821
0 0.263281 0.101389 0.00885417 0.0583333 0.00534783
0 0.995573 0.325463 0.0078125 0.0527778 0.00579863
2 0.270052 0.108333 0.0119792 0.0425926 0.00626853
12 0.99375 0.51713 0.0114583 0.171296 0.00643574
2 0.592448 0.128241 0.0171875 0.0231481 0.00682294
2 0.33151 0.0726852 0.0307292 0.0509259 0.00846105
9 0.99349 0.50787 0.0119792 0.152778 0.00859527
2 0.814323 0.075 0.0171875 0.0185185 0.0096901
9 0.263281 0.0884259 0.00885417 0.0361111 0.00972498
9 0.213021 0.0671296 0.034375 0.0490741 0.0146355
9 0.571354 0.0324074 0.0135417 0.0592593 0.0156909
2 0.486979 0.108796 0.0125 0.0490741 0.018403
10 0.442708 0.0865741 0.0125 0.0287037 0.024506
7 0.220313 0.0689815 0.0510417 0.0564815 0.0276926
5 0.220313 0.0712963 0.0510417 0.0592593 0.0307377
9 0.26901 0.0361111 0.0213542 0.0648148 0.0372123
2 0.307292 0.0824074 0.0270833 0.0296296 0.0436656
2 0.635156 0.146296 0.0109375 0.0518519 0.0452789
2 0.303125 0.0675926 0.0229167 0.0314815 0.048672
2 0.786198 0.0893519 0.0161458 0.0231481 0.0551463
7 0.294271 0.109722 0.0302083 0.0824074 0.0619711
0 0.635156 0.147222 0.00989583 0.05 0.0673163
2 0.29349 0.112963 0.0276042 0.0740741 0.0700518
2 0.46224 0.112963 0.0130208 0.0388889 0.0732565
9 0.567187 0.0486111 0.00833333 0.025 0.120323
2 0.322656 0.0861111 0.0369792 0.0333333 0.207428
2 0.472656 0.110648 0.0317708 0.0435185 0.223451
2 0.627344 0.122222 0.0255208 0.0518519 0.294131
2 0.347656 0.0601852 0.0421875 0.0314815 0.573149
2 0.50625 0.10463 0.0427083 0.062963 0.617045
10 0.203906 0.316204 0.0161458 0.0712963 0.673773
2 0.31849 0.120833 0.0505208 0.0712963 0.699989
11 0.729427 0.0430556 0.0265625 0.0546296 0.811902
2 0.516667 0.279167 0.084375 0.113889 0.89197
2 0.729948 0.420833 0.122396 0.169444 0.912273
