2 0.976562 0.502778 0.0447917 0.138889 0.00100524
2 0.771875 0.109259 0.0145833 0.0259259 0.00102673
9 0.484635 0.0226852 0.00989583 0.0287037 0.00102982
13 0.961979 0.553704 0.0395833 0.0388889 0.00112106
2 0.544792 0.424074 0.598958 0.183333 0.00112681
5 0.235677 0.0685185 0.0192708 0.0481481 0.00113804
0 0.511458 0.196759 0.482292 0.256481 0.00114828
7 0.147656 0.0851852 0.0661458 0.0722222 0.00115645
1 0.810938 0.333333 0.0177083 0.087037 0.00126082
0 0.361979 0.0685185 0.00833333 0.0259259 0.00126714
2 0.796354 0.0884259 0.0385417 0.0342593 0.001298
9 0.236719 0.0708333 0.0171875 0.0472222 0.00138829
2 0.817187 0.232407 0.009375 0.0462963 0.00139981
2 0.539062 0.110648 0.328125 0.0787037 0.0014186
0 0.0536458 0.110185 0.0114583 0.0518519 0.00142777
9 0.289583 0.0226852 0.0114583 0.037963 0.00143402
1 0.0114583 0.366667 0.0229167 0.0722222 0.00144171
1 0.26875 0.328241 0.0739583 0.102778 0.00158064
9 0.116667 0.0236111 0.0145833 0.0398148 0.00163069
1 0.00494792 0.358796 0.00989583 0.0916667 0.00164088
2 0.42474 0.109722 0.186979 0.0694444 0.0016661
0 0.71849 0.371296 0.0234375 0.0277778 0.00166699
0 0.449219 0.409722 0.609896 0.578704 0.00167679
9 0.109115 0.0259259 0.0109375 0.0351852 0.00174748
9 0.577083 0.0333333 0.0145833 0.062963 0.00178616
0 0.995833 0.324537 0.00729167 0.0601852 0.00187281
2 0.661198 0.148148 0.0619792 0.0648148 0.00195152
9 0.440885 0.228241 0.0130208 0.0287037 0.00204352
2 0.780469 0.101852 0.0317708 0.0462963 0.00211994
9 0.557552 0.025463 0.0234375 0.0453704 0.00216648
2 0.617969 0.114352 0.0442708 0.0509259 0.00220992
9 0.439583 0.196759 0.0135417 0.0324074 0.00229326
9 0.415625 0.00833333 0.015625 0.0166667 0.00231874
13 0.978385 0.522222 0.0421875 0.183333 0.00244258
58 0.968229 0.495833 0.0302083 0.0861111 0.00258473
2 0.814583 0.075463 0.01875 0.0194444 0.00270571
2 0.444271 0.103704 0.0197917 0.0388889 0.00272318
2 0.238542 0.141204 0.01875 0.0398148 0.00275828
1 0.149479 0.347222 0.0364583 0.0888889 0.00298269
9 0.49974 0.603241 0.0140625 0.0416667 0.00329544
9 0.263021 0.0902778 0.00833333 0.0416667 0.00356694
1 0.224479 0.3125 0.0208333 0.0787037 0.00367601
7 0.99349 0.518981 0.0119792 0.173148 0.0036783
2 0.442448 0.0865741 0.0130208 0.0287037 0.00378963
9 0.503125 0.760185 0.0135417 0.0555556 0.00391011
9 0.99375 0.508796 0.0114583 0.156481 0.00401566
0 0.757292 0.0708333 0.0104167 0.0435185 0.00443003
7 0.970312 0.524537 0.0583333 0.199074 0.00448582
12 0.99401 0.503241 0.0109375 0.147222 0.00463378
1 0.0046875 0.397222 0.009375 0.107407 0.00526343
2 0.26901 0.106481 0.0109375 0.0425926 0.00585062
11 0.60599 0.0597222 0.00989583 0.0268519 0.00607251
0 0.266146 0.0990741 0.0104167 0.0555556 0.00683975
9 0.56901 0.0310185 0.0140625 0.0583333 0.0081073
2 0.592448 0.125 0.0171875 0.0240741 0.00839711
5 0.213021 0.0638889 0.0375 0.0592593 0.00847824
9 0.207552 0.0680556 0.0244792 0.0453704 0.00893351
9 0.442448 0.087037 0.0130208 0.0277778 0.0130876
1 0.23776 0.31713 0.0338542 0.0842593 0.0131726
7 0.21224 0.0638889 0.0369792 0.0592593 0.0145364
2 0.789583 0.0884259 0.01875 0.025 0.0166978
2 0.468229 0.108333 0.028125 0.0462963 0.0221339
2 0.635156 0.147222 0.0109375 0.0574074 0.0224872
0 0.635417 0.148148 0.009375 0.0518519 0.0323533
2 0.488542 0.107407 0.0145833 0.05 0.0397848
9 0.26875 0.0361111 0.021875 0.0685185 0.0409247
2 0.29375 0.107407 0.0291667 0.0796296 0.0457783
9 0.567187 0.0481481 0.00833333 0.0240741 0.0717951
2 0.460677 0.113889 0.0109375 0.0351852 0.0792669
7 0.296615 0.106019 0.0348958 0.0824074 0.101887
2 0.465625 0.112037 0.0145833 0.0388889 0.142218
2 0.322135 0.0856481 0.0380208 0.0342593 0.273695
2 0.479948 0.109722 0.0192708 0.0453704 0.293287
7 0.505469 0.103241 0.0432292 0.0638889 0.361543
2 0.627344 0.122222 0.0255208 0.0518519 0.474148
2 0.505469 0.103704 0.0432292 0.062963 0.479397
1 0.247656 0.331481 0.0213542 0.0888889 0.612088
2 0.31875 0.121296 0.0510417 0.0703704 0.714117
10 0.203906 0.315741 0.0161458 0.0685185 0.754145
0 0.247135 0.2875 0.0286458 0.125 0.755961
11 0.729167 0.0435185 0.0270833 0.0555556 0.805974
2 0.729427 0.418519 0.122396 0.172222 0.903604
