9 0.21849 0.101852 0.00989583 0.037037 0.00100176
2 0.363802 0.0671296 0.0109375 0.0194444 0.00115388
2 0.245833 0.104167 0.0114583 0.0305556 0.00116365
7 0.219531 0.0865741 0.0546875 0.117593 0.00117527
12 0.700521 0.164815 0.0229167 0.0388889 0.00118957
12 0.817448 0.231944 0.00885417 0.0435185 0.0012343
0 0.817187 0.23287 0.00833333 0.0416667 0.00124372
2 0.592708 0.124074 0.0177083 0.0259259 0.00137922
1 0.810156 0.329167 0.0182292 0.0842593 0.00144221
14 0.499479 0.602315 0.015625 0.0398148 0.00148012
13 0.99375 0.517593 0.0114583 0.174074 0.00153233
7 0.991927 0.516667 0.0151042 0.172222 0.00193461
0 0.729948 0.372685 0.0265625 0.0287037 0.00196153
1 0.0125 0.364815 0.025 0.0537037 0.00197161
7 0.788802 0.0662037 0.0255208 0.0657407 0.00209791
13 0.961719 0.555556 0.0401042 0.0444444 0.00217308
7 0.277083 0.0722222 0.0385417 0.138889 0.00217342
13 0.985677 0.518981 0.0276042 0.180556 0.00248481
2 0.294792 0.105093 0.075 0.0916667 0.00251587
2 0.238542 0.138426 0.01875 0.0453704 0.00254715
2 0.661458 0.149537 0.065625 0.0694444 0.00256366
0 0.75625 0.0777778 0.0125 0.05 0.00257194
58 0.96875 0.496296 0.03125 0.0925926 0.00258371
2 0.442448 0.0861111 0.0140625 0.0259259 0.00264471
7 0.23151 0.0689815 0.0265625 0.0509259 0.00268694
7 0.970312 0.525 0.0583333 0.2 0.0028102
2 0.00416667 0.406481 0.00833333 0.0925926 0.00284709
0 0.263802 0.101852 0.00885417 0.0537037 0.00293242
9 0.29349 0.0532407 0.00885417 0.0416667 0.00297081
0 0.995573 0.326852 0.0078125 0.0574074 0.00304293
1 0.0143229 0.387963 0.0286458 0.107407 0.00306748
0 0.75625 0.374537 0.021875 0.0305556 0.00310557
2 0.641146 0.150926 0.0208333 0.062963 0.00313851
9 0.361979 0.0694444 0.00833333 0.0240741 0.00326353
2 0.546354 0.424537 0.515625 0.175 0.00351542
9 0.573698 0.0305556 0.0151042 0.0592593 0.00353211
12 0.994271 0.505556 0.0104167 0.153704 0.00363664
11 0.23724 0.0666667 0.0161458 0.0388889 0.00382951
2 0.441406 0.110648 0.182812 0.0675926 0.00436922
2 0.550521 0.111111 0.258333 0.0703704 0.00439043
9 0.757292 0.0726852 0.0104167 0.0398148 0.00443158
9 0.217187 0.0541667 0.025 0.0472222 0.00456531
0 0.713281 0.372222 0.0203125 0.0259259 0.00553962
9 0.207292 0.0666667 0.0208333 0.0462963 0.00580506
1 0.00494792 0.387037 0.00989583 0.125926 0.00599241
5 0.220052 0.062963 0.0484375 0.0592593 0.00635578
9 0.502344 0.760185 0.0119792 0.0555556 0.00685464
2 0.785417 0.0888889 0.0145833 0.0240741 0.00755991
2 0.60625 0.0597222 0.0104167 0.0231481 0.00828527
9 0.442187 0.0861111 0.0135417 0.0240741 0.00948517
0 0.385938 0.377778 0.0625 0.0481481 0.0111503
12 0.692187 0.165278 0.00833333 0.0398148 0.011161
7 0.213802 0.0625 0.0390625 0.062037 0.0115384
9 0.219792 0.0888889 0.0104167 0.0166667 0.0119467
9 0.26875 0.0356481 0.0229167 0.0675926 0.0173115
9 0.567187 0.0476852 0.00729167 0.0231481 0.0190973
2 0.494271 0.106481 0.0260417 0.0518519 0.0223136
0 0.635156 0.149537 0.00885417 0.0546296 0.0241151
2 0.271875 0.108333 0.0145833 0.0425926 0.0275765
2 0.635156 0.148611 0.0109375 0.0601852 0.0359028
0 0.40599 0.381481 0.0286458 0.037037 0.0390037
2 0.46276 0.1125 0.0151042 0.0361111 0.0497161
7 0.296354 0.106481 0.0364583 0.0777778 0.083074
2 0.29349 0.107407 0.0296875 0.0777778 0.119206
0 0.369531 0.380093 0.0307292 0.0398148 0.126021
2 0.472396 0.108796 0.0333333 0.0453704 0.336188
2 0.322135 0.0861111 0.0369792 0.0351852 0.358952
2 0.626562 0.121296 0.0260417 0.0518519 0.495498
2 0.505469 0.104167 0.0442708 0.062037 0.623996
2 0.31849 0.120833 0.0505208 0.0712963 0.705822
10 0.203646 0.315741 0.015625 0.0703704 0.764968
11 0.728906 0.0430556 0.0276042 0.0564815 0.799057
2 0.729427 0.419444 0.122396 0.17037 0.913593
2 0.478125 0.238889 0.107292 0.109259 0.915764
2 0.386198 0.422685 0.123438 0.173148 0.92734
