2 0.361458 0.075 0.0125 0.0296296 0.00103238
7 0.409635 0.0662037 0.0307292 0.0490741 0.0010333
2 0.613281 0.0611111 0.0276042 0.0351852 0.00105089
2 0.776563 0.110185 0.0239583 0.0388889 0.00109419
9 0.261458 0.049537 0.0135417 0.0398148 0.00110124
13 0.970573 0.53287 0.0578125 0.175 0.00123526
2 0.7875 0.0828704 0.015625 0.0231481 0.00127678
9 0.274219 0.0421296 0.0369792 0.0805556 0.00130643
2 0.448438 0.109722 0.028125 0.0342593 0.00145547
2 0.592188 0.125463 0.01875 0.0268519 0.00146745
7 0.21901 0.0893519 0.0546875 0.119444 0.00147904
0 0.817448 0.234722 0.00885417 0.037963 0.0014858
12 0.986719 0.500463 0.0244792 0.132407 0.00154475
7 0.99349 0.518056 0.0119792 0.171296 0.001571
9 0.288542 0.0768519 0.0104167 0.0222222 0.0016374
9 0.547917 0.0523148 0.0104167 0.0231481 0.0017236
32 0.46901 0.408796 0.00989583 0.0212963 0.00176368
12 0.966406 0.504167 0.0265625 0.0731481 0.00181247
2 0.286719 0.0763889 0.0171875 0.0305556 0.00181407
32 0.459375 0.356481 0.0104167 0.0148148 0.00187991
9 0.502865 0.758796 0.0119792 0.0583333 0.00192118
9 0.2875 0.0458333 0.0135417 0.0564815 0.00194965
2 0.340365 0.0791667 0.0140625 0.0305556 0.00197276
2 0.541146 0.108333 0.172917 0.0648148 0.00199983
1 0.00442708 0.398148 0.00885417 0.105556 0.00216929
2 0.53151 0.112037 0.0140625 0.0444444 0.00220676
9 0.97474 0.495833 0.0421875 0.123148 0.00221041
2 0.277344 0.118981 0.0276042 0.0490741 0.00228608
0 0.0942708 0.145833 0.0135417 0.0490741 0.00230262
9 0.414844 0.0125 0.0151042 0.025 0.0023806
0 0.73099 0.372222 0.0296875 0.0296296 0.0024107
7 0.295573 0.10787 0.0276042 0.075 0.00250175
9 0.110156 0.0263889 0.0130208 0.0361111 0.00250447
9 0.291667 0.0537037 0.00833333 0.0407407 0.00255246
9 0.9875 0.493519 0.0229167 0.122222 0.00259303
2 0.404687 0.108796 0.261458 0.0601852 0.00266024
2 0.271615 0.0953704 0.0161458 0.0462963 0.00267744
0 0.757812 0.376389 0.0177083 0.0268519 0.00280531
2 0.270052 0.0546296 0.0182292 0.0333333 0.00281467
2 0.455469 0.0638889 0.0130208 0.0314815 0.00282697
9 0.573698 0.0314815 0.0151042 0.0611111 0.0032284
0 0.56875 0.220833 0.0239583 0.0398148 0.00338219
11 0.23724 0.0666667 0.0161458 0.0388889 0.00369
2 0.238542 0.141204 0.01875 0.0398148 0.00375901
9 0.236719 0.0675926 0.0161458 0.0462963 0.00385095
12 0.97474 0.49537 0.0411458 0.124074 0.00405494
32 0.454167 0.313889 0.00729167 0.0166667 0.00417484
12 0.994792 0.494444 0.009375 0.127778 0.0047042
9 0.995052 0.492593 0.00885417 0.127778 0.00471038
2 0.785156 0.0898148 0.0151042 0.0203704 0.00488975
9 0.217969 0.101852 0.0078125 0.0351852 0.0053445
0 0.286458 0.121759 0.015625 0.0583333 0.00553409
7 0.970573 0.529167 0.0578125 0.20463 0.00595465
0 0.755729 0.0921296 0.015625 0.0824074 0.00677189
0 0.709375 0.371759 0.021875 0.0268519 0.00851759
2 0.270052 0.1125 0.0130208 0.0324074 0.0087903
9 0.26901 0.0282407 0.0223958 0.0527778 0.00927374
9 0.270312 0.0481481 0.01875 0.0351852 0.00928598
2 0.291406 0.0689815 0.00885417 0.0157407 0.00968177
2 0.363281 0.0666667 0.0119792 0.0203704 0.0104751
7 0.214062 0.0625 0.0385417 0.0601852 0.0109225
2 0.336979 0.0851852 0.01875 0.0277778 0.0118708
0 0.442448 0.0861111 0.0130208 0.0240741 0.0124524
9 0.28099 0.0851852 0.00572917 0.0240741 0.0138782
2 0.605729 0.0587963 0.0104167 0.0268519 0.0149155
5 0.214062 0.0606481 0.0364583 0.0601852 0.0154548
2 0.290104 0.118981 0.015625 0.0453704 0.0162173
0 0.634375 0.137963 0.0114583 0.0518519 0.0174708
9 0.207031 0.0680556 0.0192708 0.0435185 0.0174937
9 0.628125 0.201852 0.0104167 0.0407407 0.0196403
9 0.566927 0.0476852 0.0078125 0.025 0.0239859
9 0.222135 0.0537037 0.0151042 0.0388889 0.0265709
2 0.441927 0.0842593 0.0140625 0.0222222 0.0275863
2 0.463802 0.110648 0.0171875 0.0398148 0.0289364
9 0.219531 0.0898148 0.0078125 0.012963 0.0520862
7 0.321615 0.0861111 0.0421875 0.037037 0.0925617
2 0.321875 0.0842593 0.0375 0.0351852 0.210598
2 0.473177 0.108333 0.0328125 0.0444444 0.461449
2 0.627344 0.119444 0.0255208 0.05 0.464118
2 0.409115 0.0708333 0.0296875 0.0398148 0.558124
2 0.505729 0.103704 0.0427083 0.062963 0.581944
2 0.355208 0.115278 0.028125 0.0342593 0.628337
2 0.317708 0.122685 0.0510417 0.0675926 0.652723
10 0.204167 0.314815 0.0166667 0.0703704 0.752525
11 0.728906 0.0425926 0.0276042 0.0537037 0.768842
7 0.577344 0.250926 0.108854 0.172222 0.886975
2 0.730208 0.419907 0.122917 0.171296 0.913377
