9 0.00546875 0.0175926 0.0109375 0.0351852 0.00105244
32 0.460677 0.356019 0.00989583 0.0157407 0.00106256
2 0.276823 0.115278 0.0286458 0.062037 0.00107279
12 0.99401 0.518981 0.0109375 0.163889 0.001116
0 0.440885 0.27963 0.756771 0.542593 0.00116818
9 0.445833 0.239815 0.0104167 0.0296296 0.00118213
9 0.283333 0.0574074 0.0208333 0.105556 0.00119971
2 0.297135 0.105556 0.0911458 0.0962963 0.00120933
9 0.547656 0.0513889 0.00989583 0.0231481 0.00132286
2 0.656771 0.138889 0.0791667 0.0833333 0.00132845
0 0.186719 0.750926 0.159896 0.435185 0.00139045
11 0.739323 0.0657407 0.0161458 0.0277778 0.00139694
11 0.745833 0.0648148 0.0614583 0.127778 0.00146145
2 0.569531 0.109259 0.335938 0.0777778 0.00148627
0 0.263802 0.101852 0.00885417 0.0537037 0.00149202
2 0.00416667 0.45463 0.00833333 0.194444 0.00160864
12 0.692448 0.162963 0.00885417 0.0388889 0.001665
9 0.557292 0.0259259 0.028125 0.0518519 0.00168736
9 0.258854 0.0726852 0.0114583 0.0490741 0.00168838
9 0.36224 0.0680556 0.00885417 0.0268519 0.00183434
9 0.438281 0.193981 0.0151042 0.0342593 0.00193246
9 0.253646 0.0865741 0.0135417 0.0361111 0.00196316
9 0.291927 0.0537037 0.00885417 0.0425926 0.00214398
2 0.421615 0.109722 0.313021 0.0861111 0.00232114
12 0.702344 0.1625 0.0192708 0.0416667 0.0023257
0 0.355208 0.376389 0.059375 0.0564815 0.00256279
9 0.260938 0.0462963 0.0135417 0.0481481 0.00280494
9 0.3625 0.0430556 0.009375 0.0287037 0.00282762
11 0.236458 0.0685185 0.0177083 0.0444444 0.00291943
0 0.28125 0.0865741 0.00729167 0.0268519 0.00299465
2 0.458073 0.109722 0.118229 0.0694444 0.00300832
2 0.6 0.429167 0.755208 0.19537 0.00337288
2 0.363802 0.0671296 0.0119792 0.0231481 0.00344894
9 0.566146 0.0314815 0.0197917 0.0592593 0.00380505
7 0.220573 0.0671296 0.0505208 0.0583333 0.00380529
1 0.0117188 0.36713 0.0234375 0.0527778 0.00420505
5 0.221354 0.0726852 0.0489583 0.0583333 0.0043611
9 0.263281 0.0898148 0.00885417 0.0407407 0.00437158
2 0.790625 0.0884259 0.0197917 0.0194444 0.0044403
9 0.267708 0.0953704 0.0114583 0.05 0.00449629
11 0.240625 0.037963 0.021875 0.0740741 0.00450501
11 0.60625 0.0592593 0.009375 0.0259259 0.00454208
0 0.732031 0.372222 0.0338542 0.0277778 0.00481358
9 0.220833 0.103241 0.0135417 0.0361111 0.00495167
7 0.971094 0.526852 0.0567708 0.198148 0.00498482
9 0.454427 0.314352 0.0078125 0.0157407 0.00503459
2 0.291927 0.0703704 0.00989583 0.0166667 0.00505787
2 0.00833333 0.399537 0.0166667 0.10463 0.00521961
0 0.757292 0.0925926 0.0145833 0.0888889 0.00573577
9 0.206771 0.0689815 0.01875 0.037963 0.00599008
9 0.994792 0.493981 0.009375 0.123148 0.00600552
12 0.702083 0.139352 0.0229167 0.0861111 0.00610122
0 0.757812 0.373148 0.0177083 0.0296296 0.00643408
9 0.503385 0.758333 0.0119792 0.0592593 0.00643491
9 0.565625 0.0425926 0.0104167 0.037037 0.00661085
2 0.445052 0.108796 0.0223958 0.0342593 0.00712327
1 0.0135417 0.394444 0.0270833 0.112963 0.00763591
9 0.966927 0.501852 0.0255208 0.0759259 0.00847128
0 0.710417 0.371296 0.0197917 0.0277778 0.0103377
0 0.33125 0.386111 0.0302083 0.0333333 0.0110593
2 0.270312 0.110648 0.0135417 0.0361111 0.0112383
2 0.286198 0.12037 0.0161458 0.062963 0.0115482
2 0.591146 0.128704 0.0177083 0.0203704 0.0117769
2 0.442448 0.087037 0.0140625 0.0259259 0.0118246
0 0.378125 0.384259 0.0239583 0.0333333 0.0160073
9 0.442969 0.087037 0.0140625 0.0259259 0.0168985
9 0.500521 0.602778 0.015625 0.0425926 0.0189319
9 0.220313 0.0898148 0.0104167 0.0148148 0.0190563
1 0.00494792 0.391667 0.00989583 0.116667 0.0194657
9 0.222917 0.0532407 0.0135417 0.0361111 0.020736
0 0.635156 0.148611 0.00989583 0.0490741 0.0232382
9 0.269792 0.0430556 0.0208333 0.0509259 0.0235206
2 0.461458 0.112037 0.0125 0.0351852 0.0255987
2 0.298698 0.106944 0.0359375 0.0805556 0.0267261
9 0.973437 0.5 0.0385417 0.122222 0.0293771
9 0.567187 0.0481481 0.00833333 0.0240741 0.0343223
2 0.00390625 0.40787 0.0078125 0.0861111 0.0379791
9 0.269531 0.0226852 0.0203125 0.0416667 0.0431345
0 0.35625 0.383333 0.0239583 0.0351852 0.142274
2 0.321615 0.0861111 0.0390625 0.037037 0.32368
2 0.627344 0.121759 0.0255208 0.0527778 0.394362
2 0.473437 0.108333 0.0333333 0.0444444 0.473239
2 0.50599 0.103241 0.0432292 0.0638889 0.644145
11 0.729167 0.0425926 0.0270833 0.0555556 0.653641
2 0.318229 0.120833 0.0510417 0.0694444 0.681179
10 0.203906 0.315278 0.0161458 0.0694444 0.809664
2 0.729948 0.419444 0.122396 0.172222 0.906153
2 0.349479 0.430093 0.125 0.175 0.919636
