9 0.990885 0.511574 0.0171875 0.167593 0.00102438
14 0.482812 0.491667 0.015625 0.0296296 0.00102993
1 0.809635 0.328241 0.0213542 0.0898148 0.00103163
1 0.0046875 0.468519 0.009375 0.212963 0.0010357
9 0.50026 0.605093 0.0151042 0.0435185 0.00108442
2 0.200521 0.243981 0.01875 0.0157407 0.00109832
2 0.754167 0.156944 0.0114583 0.0212963 0.00112113
0 0.757552 0.374074 0.0203125 0.0351852 0.00114417
2 0.995573 0.534259 0.0078125 0.0444444 0.00114935
1 0.995313 0.331481 0.00833333 0.0592593 0.00116395
2 0.0578125 0.0240741 0.0177083 0.0444444 0.00124782
2 0.26901 0.0592593 0.0182292 0.0296296 0.00130587
0 0.733333 0.37037 0.025 0.0314815 0.00131176
0 0.263021 0.0902778 0.00833333 0.0435185 0.00131488
9 0.275781 0.0407407 0.0369792 0.0777778 0.00138709
0 0.458073 0.0643518 0.0078125 0.0324074 0.00143
2 0.536979 0.113889 0.0104167 0.0407407 0.00145923
2 0.239323 0.105556 0.0171875 0.0388889 0.00158851
32 0.453906 0.315278 0.0078125 0.0138889 0.00179591
9 0.577083 0.0324074 0.0135417 0.0611111 0.00189322
2 0.55599 0.108796 0.259896 0.0712963 0.00192696
2 0.53099 0.112963 0.0130208 0.0425926 0.00200906
13 0.99375 0.522222 0.0114583 0.162963 0.00207094
11 0.2375 0.0685185 0.0166667 0.0444444 0.00214115
1 0.0111979 0.365741 0.0223958 0.0462963 0.00225565
2 0.810417 0.075463 0.025 0.0231481 0.00226908
0 0.714844 0.371759 0.0234375 0.0268519 0.00239495
13 0.963281 0.55463 0.0411458 0.0462963 0.00244565
2 0.238802 0.138426 0.0203125 0.0472222 0.00248943
2 0.781771 0.102315 0.0333333 0.0490741 0.00249658
2 0.799479 0.0824074 0.0395833 0.0351852 0.00267644
2 0.0403646 0.0643518 0.0213542 0.0231481 0.00274756
2 0.405729 0.106944 0.260417 0.0731481 0.00283476
13 0.970573 0.56713 0.0557292 0.075 0.00288029
7 0.211719 0.0657407 0.0317708 0.0518519 0.00299343
9 0.571354 0.0310185 0.0125 0.0583333 0.00310556
13 0.972396 0.520833 0.0541667 0.176852 0.00311611
2 0.266927 0.0990741 0.0119792 0.0574074 0.0036844
9 0.269531 0.0513889 0.0203125 0.0361111 0.00378583
2 0.0328125 0.0638889 0.0177083 0.0185185 0.00400895
2 0.472396 0.10787 0.0729167 0.0601852 0.00435918
58 0.967969 0.497685 0.0276042 0.0842593 0.00528491
12 0.994531 0.501389 0.00989583 0.14537 0.00580845
2 0.649219 0.149537 0.0380208 0.0564815 0.00625533
9 0.26901 0.0231481 0.0203125 0.0388889 0.00770208
0 0.995833 0.32963 0.00729167 0.05 0.00820288
2 0.270833 0.106481 0.0135417 0.0444444 0.00844185
0 0.442187 0.0962963 0.0166667 0.0462963 0.00996329
1 0.0122396 0.394444 0.0244792 0.114815 0.00997178
10 0.442708 0.0898148 0.0135417 0.0314815 0.0110112
11 0.60599 0.0601852 0.00989583 0.0240741 0.0117613
5 0.220573 0.0671296 0.0505208 0.0601852 0.0125719
0 0.635677 0.148611 0.00989583 0.0490741 0.0139029
2 0.785937 0.0907407 0.0135417 0.0222222 0.0147085
9 0.502604 0.760648 0.0125 0.0527778 0.015559
2 0.592708 0.125463 0.015625 0.025 0.0193987
2 0.635417 0.145833 0.0114583 0.0509259 0.0211191
7 0.220313 0.0587963 0.0510417 0.0805556 0.0255782
2 0.442448 0.0902778 0.0140625 0.0324074 0.0277341
9 0.111719 0.0263889 0.0151042 0.0416667 0.0294755
1 0.00416667 0.40787 0.00833333 0.0861111 0.031432
9 0.567708 0.0481481 0.00833333 0.0240741 0.0377189
2 0.364062 0.0689815 0.0125 0.0212963 0.103694
7 0.298177 0.105556 0.0380208 0.0814815 0.126364
2 0.463021 0.110648 0.0145833 0.0435185 0.130294
2 0.298698 0.106944 0.0369792 0.0824074 0.156473
2 0.627865 0.122222 0.0255208 0.0518519 0.27273
2 0.321875 0.087037 0.0375 0.0351852 0.298022
2 0.473958 0.108796 0.034375 0.0453704 0.357443
2 0.50651 0.10463 0.0421875 0.062963 0.48729
10 0.204167 0.316667 0.015625 0.0703704 0.670437
2 0.31875 0.121759 0.05 0.0712963 0.72374
2 0.389583 0.075463 0.03125 0.0435185 0.737262
11 0.729688 0.0435185 0.0270833 0.0555556 0.802534
2 0.730208 0.419444 0.122917 0.172222 0.913032
