2 0.0138021 0.133796 0.0276042 0.0287037 0.00105074
9 0.292448 0.0513889 0.00885417 0.0416667 0.00105645
9 0.282552 0.0736111 0.0286458 0.139815 0.00113397
0 0.634635 0.151389 0.0130208 0.062037 0.00116442
9 0.438542 0.197222 0.0135417 0.0351852 0.00127449
13 0.0143229 0.399537 0.0286458 0.102778 0.00130614
9 0.548177 0.0490741 0.0109375 0.0259259 0.00131118
2 0.591927 0.425 0.647396 0.185185 0.00137383
9 0.241927 0.0791667 0.00989583 0.0472222 0.00142602
0 0.757292 0.375 0.01875 0.0296296 0.00142807
0 0.528906 0.287963 0.549479 0.481481 0.00143226
9 0.289844 0.0277778 0.0109375 0.0333333 0.00151274
2 0.591406 0.126852 0.0182292 0.0240741 0.00151572
9 0.210938 0.0643518 0.03125 0.0509259 0.00169135
13 0.970833 0.521759 0.0572917 0.175 0.00169542
12 0.701563 0.135648 0.0239583 0.0768519 0.00185028
12 0.701563 0.164352 0.0177083 0.037963 0.00185833
12 0.689844 0.164352 0.0119792 0.037963 0.00187572
9 0.60625 0.0601852 0.00833333 0.0259259 0.00187892
9 0.36224 0.0481481 0.00989583 0.037037 0.00195612
0 0.729427 0.371759 0.0359375 0.0287037 0.00210691
9 0.258073 0.0800926 0.0130208 0.0509259 0.00213441
9 0.50026 0.602315 0.0151042 0.0398148 0.00230317
5 0.214062 0.0611111 0.0364583 0.0537037 0.00235037
0 0.535417 0.115741 0.009375 0.0388889 0.00257454
2 0.521615 0.111111 0.182812 0.0722222 0.00265379
1 0.00364583 0.410185 0.00729167 0.0814815 0.0028196
2 0.788281 0.0828704 0.0151042 0.0212963 0.00296527
2 0.363281 0.0652778 0.0119792 0.0212963 0.00309032
2 0.00390625 0.412037 0.0078125 0.0777778 0.00313839
32 0.454427 0.314352 0.0078125 0.0138889 0.00320693
9 0.361979 0.0675926 0.009375 0.0277778 0.00339503
2 0.292188 0.0712963 0.0114583 0.0148148 0.00345443
9 0.566927 0.0310185 0.0171875 0.0601852 0.00362778
2 0.298958 0.109722 0.078125 0.0916667 0.00370934
0 0.53099 0.113426 0.0140625 0.0435185 0.0038279
2 0.411979 0.114815 0.284375 0.087037 0.00383846
9 0.2375 0.0675926 0.0135417 0.0425926 0.00391933
12 0.966146 0.498611 0.025 0.0805556 0.00392347
0 0.263542 0.100463 0.00833333 0.0564815 0.00401109
2 0.452344 0.112963 0.139062 0.0722222 0.00430143
2 0.448438 0.116204 0.0302083 0.025 0.0043123
1 0.0143229 0.398148 0.0286458 0.105556 0.0044504
2 0.794271 0.0875 0.0197917 0.0194444 0.00479165
9 0.26224 0.0375 0.0161458 0.0638889 0.00519336
11 0.23724 0.0652778 0.0161458 0.0361111 0.0054483
1 0.00625 0.393056 0.0125 0.113889 0.00548884
9 0.994792 0.490278 0.009375 0.117593 0.00568195
2 0.634896 0.145833 0.0104167 0.0546296 0.00586646
2 0.269531 0.10787 0.0109375 0.0416667 0.00598944
0 0.715365 0.371296 0.0213542 0.0240741 0.00653466
9 0.975 0.500463 0.0427083 0.126852 0.00656949
12 0.995573 0.486574 0.0078125 0.117593 0.00692486
2 0.442448 0.0865741 0.0140625 0.0231481 0.00787635
9 0.221094 0.0893519 0.00989583 0.0138889 0.00794147
2 0.784115 0.0902778 0.0119792 0.0175926 0.00832449
12 0.972917 0.497222 0.0385417 0.12037 0.00897854
0 0.757292 0.0902778 0.0125 0.0824074 0.0103343
0 0.443229 0.0875 0.0125 0.025 0.0106984
9 0.502604 0.760185 0.0114583 0.0518519 0.0121651
9 0.263281 0.0907407 0.00885417 0.0425926 0.0123917
9 0.20625 0.0666667 0.015625 0.0351852 0.0153025
9 0.567448 0.0481481 0.00885417 0.0240741 0.0229885
9 0.269271 0.0347222 0.0229167 0.0657407 0.0349343
2 0.4625 0.111574 0.0125 0.0398148 0.063831
2 0.291667 0.110648 0.0260417 0.0805556 0.0866638
9 0.222396 0.0597222 0.0104167 0.0361111 0.0939175
2 0.322396 0.0856481 0.0385417 0.0342593 0.27117
2 0.627344 0.123148 0.0255208 0.0537037 0.295636
2 0.473958 0.108333 0.0322917 0.0462963 0.337764
2 0.50599 0.101389 0.0442708 0.0564815 0.340778
2 0.317708 0.121759 0.0510417 0.0694444 0.759225
2 0.503385 0.150926 0.0526042 0.0814815 0.767592
11 0.729427 0.0435185 0.0276042 0.0574074 0.798102
10 0.204167 0.314352 0.015625 0.0694444 0.846548
2 0.730208 0.418519 0.121875 0.174074 0.90819
