2 0.781771 0.164815 0.05625 0.0592593 0.00100696
9 0.55599 0.049537 0.0203125 0.0268519 0.00101245
2 0.445052 0.0712963 0.0192708 0.0462963 0.00101389
32 0.454427 0.313889 0.0078125 0.012963 0.00105403
13 0.969271 0.56713 0.05625 0.0675926 0.0010719
9 0.559635 0.0282407 0.0244792 0.0564815 0.00112955
2 0.817448 0.234259 0.00885417 0.037037 0.00117383
13 0.00677083 0.402778 0.0135417 0.0981481 0.00118679
2 0.530469 0.112037 0.0130208 0.0425926 0.00122333
1 0.00651042 0.388426 0.0130208 0.119444 0.00134042
2 0.815104 0.0685185 0.0166667 0.0111111 0.00137565
2 0.452083 0.0638889 0.015625 0.0314815 0.00137993
2 0.995052 0.32963 0.00885417 0.062963 0.001426
12 0.976562 0.5 0.0458333 0.135185 0.00145827
12 0.698438 0.163889 0.025 0.0444444 0.00152898
13 0.971615 0.519907 0.0557292 0.175 0.00156811
0 0.817187 0.234722 0.009375 0.0361111 0.00159399
2 0.97526 0.505093 0.0484375 0.143519 0.00159966
0 0.244792 0.101852 0.009375 0.037037 0.0016268
58 0.995052 0.316204 0.00885417 0.0768519 0.00168792
2 0.654948 0.138426 0.0828125 0.0842593 0.00171026
2 0.65625 0.153241 0.053125 0.062037 0.00172928
7 0.79349 0.0634259 0.0348958 0.0638889 0.00184672
9 0.76901 0.0486111 0.0213542 0.0953704 0.00185811
12 0.99401 0.519907 0.0109375 0.171296 0.00187277
2 0.778125 0.112963 0.0270833 0.0351852 0.00191237
2 0.285677 0.0967593 0.0661458 0.100926 0.00194167
2 0.576042 0.127315 0.0489583 0.0342593 0.00211505
11 0.60599 0.0592593 0.00989583 0.0240741 0.00214079
9 0.484896 0.0472222 0.0104167 0.0314815 0.00215535
0 0.256771 0.0962963 0.0239583 0.0685185 0.00218686
9 0.108594 0.0263889 0.0130208 0.037963 0.0022196
0 0.751823 0.126852 0.0255208 0.0222222 0.00222909
13 0.961458 0.556019 0.0385417 0.0435185 0.00238471
2 0.792969 0.101389 0.0567708 0.062037 0.00246291
2 0.255729 0.087037 0.021875 0.0425926 0.00249676
9 0.415625 0.0125 0.0166667 0.025 0.00256126
2 0.376563 0.106944 0.148958 0.0842593 0.00256185
9 0.548437 0.0518519 0.0114583 0.0259259 0.00264711
58 0.96875 0.495833 0.03125 0.0916667 0.00304741
7 0.22474 0.0523148 0.0619792 0.102778 0.0031332
2 0.2625 0.099537 0.009375 0.0583333 0.00316232
11 0.236979 0.0666667 0.0166667 0.0407407 0.00322436
10 0.196094 0.313426 0.0317708 0.0805556 0.00334927
2 0.559115 0.112963 0.349479 0.0777778 0.0033845
9 0.485417 0.0217593 0.0114583 0.0268519 0.00345337
2 0.465365 0.111111 0.0973958 0.0685185 0.00396051
2 0.288542 0.0763889 0.021875 0.0416667 0.00399836
7 0.970833 0.523611 0.0572917 0.193519 0.00400573
9 0.577083 0.0342593 0.01875 0.0648148 0.00417529
9 0.269271 0.0203704 0.0208333 0.0333333 0.00447196
7 0.269792 0.0300926 0.0239583 0.0509259 0.00472293
2 0.446094 0.104167 0.0244792 0.0416667 0.00550892
2 0.23776 0.139815 0.0182292 0.0425926 0.00583233
9 0.993229 0.491667 0.0125 0.122222 0.00610216
0 0.26224 0.0953704 0.00989583 0.0537037 0.00610273
0 0.757292 0.075463 0.0125 0.0472222 0.00612736
7 0.276823 0.0476852 0.0338542 0.0472222 0.00613458
9 0.583854 0.0375 0.0125 0.0564815 0.00810605
0 0.995313 0.326389 0.00833333 0.0546296 0.00834852
9 0.757552 0.0712963 0.00989583 0.0388889 0.00956288
2 0.36224 0.0814815 0.00885417 0.0277778 0.00957096
2 0.442969 0.0861111 0.0151042 0.0296296 0.0110867
7 0.277344 0.0648148 0.0401042 0.12037 0.0110871
2 0.786979 0.0875 0.0177083 0.0268519 0.0119354
9 0.56875 0.0314815 0.0125 0.0592593 0.012504
12 0.690104 0.16713 0.0135417 0.0398148 0.013747
10 0.442448 0.087037 0.0140625 0.0277778 0.0157798
2 0.634375 0.146759 0.0125 0.0527778 0.0197905
2 0.271094 0.105556 0.0140625 0.0462963 0.0211528
2 0.270052 0.0476852 0.0192708 0.037963 0.0224083
9 0.502083 0.760185 0.0135417 0.0537037 0.0299617
0 0.757552 0.121759 0.0151042 0.0324074 0.0332202
2 0.485156 0.106944 0.0171875 0.0509259 0.0337444
2 0.591927 0.126389 0.0171875 0.0231481 0.0384072
2 0.363542 0.0675926 0.0135417 0.0240741 0.0394388
5 0.220052 0.0648148 0.0494792 0.062963 0.0428571
2 0.461979 0.1125 0.0135417 0.037963 0.0441529
7 0.213281 0.062963 0.0369792 0.0611111 0.0516223
2 0.389844 0.0634259 0.0223958 0.025 0.0635432
2 0.303385 0.062963 0.0234375 0.0296296 0.116595
9 0.566927 0.0481481 0.00885417 0.0240741 0.12147
2 0.292708 0.112037 0.028125 0.0759259 0.26713
2 0.322917 0.0865741 0.0375 0.037963 0.376459
2 0.473177 0.108333 0.0328125 0.0462963 0.376741
2 0.627083 0.121759 0.0260417 0.0527778 0.395032
7 0.505469 0.103704 0.0432292 0.062963 0.414127
2 0.505208 0.103704 0.04375 0.062963 0.442646
2 0.403906 0.0634259 0.0473958 0.0268519 0.53275
2 0.3875 0.0981481 0.04375 0.05 0.615055
2 0.318229 0.121759 0.0520833 0.0712963 0.756676
10 0.204167 0.315278 0.015625 0.0731481 0.798361
11 0.728906 0.0430556 0.0276042 0.0564815 0.803698
2 0.386458 0.146296 0.0520833 0.0740741 0.817305
2 0.729688 0.419444 0.122917 0.17037 0.910412
2 0.745833 0.190278 0.128125 0.112037 0.912417
