9 0.590625 0.0310185 0.0166667 0.0546296 0.00100031
2 0.28724 0.118519 0.0161458 0.0648148 0.00105903
2 0.642969 0.124537 0.0557292 0.0564815 0.00108284
0 0.286198 0.112037 0.0140625 0.0685185 0.001093
9 0.282031 0.074537 0.0182292 0.037963 0.00112948
1 0.00416667 0.398148 0.00833333 0.109259 0.00115733
2 0.288281 0.0805556 0.0109375 0.0259259 0.00119272
9 0.416146 0.0138889 0.015625 0.0277778 0.0012363
9 0.236458 0.0638889 0.0177083 0.037037 0.00125283
0 0.546094 0.291667 0.535937 0.477778 0.00125994
11 0.2375 0.0675926 0.0166667 0.0425926 0.0012638
2 0.445573 0.10463 0.0328125 0.0481481 0.001286
9 0.3625 0.0472222 0.0104167 0.037037 0.00139085
13 0.0140625 0.39537 0.028125 0.112963 0.00140495
1 0.809635 0.331481 0.0213542 0.0981481 0.00152202
13 0.0127604 0.368056 0.0255208 0.0472222 0.00154224
2 0.240625 0.105093 0.015625 0.0342593 0.00156779
2 0.6625 0.15 0.0677083 0.0722222 0.0015729
11 0.738021 0.0643518 0.015625 0.025 0.00157368
9 0.973177 0.493056 0.0380208 0.110185 0.00158073
2 0.416667 0.0208333 0.0177083 0.0305556 0.00159326
9 0.594792 0.0435185 0.0104167 0.0333333 0.00164791
2 0.576563 0.127778 0.05 0.0314815 0.00178755
11 0.240365 0.0333333 0.0213542 0.062963 0.00182529
12 0.702083 0.138426 0.025 0.0861111 0.00205643
7 0.971615 0.526389 0.0557292 0.199074 0.00209285
7 0.221615 0.0773148 0.0494792 0.0675926 0.00210971
2 0.433333 0.105093 0.319792 0.0898148 0.0021191
13 0.00390625 0.395833 0.0078125 0.108333 0.00214063
9 0.985937 0.494444 0.021875 0.118519 0.00216109
9 0.109896 0.0259259 0.0125 0.0388889 0.00220167
2 0.582292 0.422685 0.657292 0.178704 0.0023587
32 0.454427 0.314352 0.0078125 0.0138889 0.00245787
9 0.995573 0.531944 0.0078125 0.0472222 0.00250458
9 0.29349 0.0560185 0.00989583 0.0398148 0.002585
12 0.981771 0.496759 0.0208333 0.119444 0.00271224
9 0.576823 0.0328704 0.0140625 0.0638889 0.00275191
2 0.363542 0.0671296 0.0114583 0.0212963 0.00291291
9 0.114323 0.0226852 0.0140625 0.037963 0.00308717
2 0.786719 0.0893519 0.0171875 0.0194444 0.00324384
2 0.617708 0.115278 0.0447917 0.0509259 0.00325507
2 0.77474 0.11713 0.0182292 0.0305556 0.00349004
9 0.758854 0.0740741 0.009375 0.0481481 0.00372742
0 0.3625 0.0680556 0.009375 0.0268519 0.00400069
9 0.292188 0.0680556 0.009375 0.0212963 0.00407474
7 0.299219 0.107407 0.0307292 0.0759259 0.00417626
2 0.267969 0.110185 0.00989583 0.0333333 0.00436341
0 0.733073 0.371296 0.0328125 0.0314815 0.00447203
2 0.442969 0.0893519 0.0140625 0.0305556 0.00465663
0 0.757552 0.087963 0.0119792 0.0759259 0.00469344
0 0.709115 0.372685 0.0192708 0.0268519 0.00497273
9 0.995313 0.490741 0.00833333 0.125926 0.0051758
0 0.757031 0.375926 0.0192708 0.0277778 0.0051963
9 0.2625 0.0393519 0.015625 0.062037 0.00531443
9 0.555208 0.0425926 0.015625 0.0351852 0.0056245
7 0.214583 0.0601852 0.034375 0.0574074 0.00570556
9 0.548177 0.0486111 0.0109375 0.0287037 0.00577944
2 0.634896 0.143056 0.0114583 0.0546296 0.00578426
9 0.252865 0.0865741 0.0119792 0.0361111 0.00580458
12 0.995052 0.494444 0.00885417 0.127778 0.00581205
2 0.294531 0.113426 0.0234375 0.0583333 0.00621756
0 0.716667 0.371296 0.0239583 0.0277778 0.00643078
2 0.796615 0.0611111 0.0380208 0.0555556 0.00668567
0 0.635417 0.147222 0.0104167 0.0518519 0.006777
9 0.207813 0.0657407 0.0197917 0.0444444 0.00713679
9 0.257552 0.0759259 0.00885417 0.0462963 0.00733411
2 0.238281 0.140741 0.0182292 0.0407407 0.00865111
9 0.265885 0.0925926 0.00989583 0.0425926 0.00881595
9 0.281771 0.0888889 0.00625 0.0240741 0.00908633
9 0.263021 0.087037 0.00833333 0.0351852 0.0101946
9 0.560938 0.0319444 0.0260417 0.0583333 0.0121793
9 0.220573 0.0884259 0.00885417 0.0138889 0.0149745
10 0.442969 0.0888889 0.0130208 0.0296296 0.015946
11 0.60651 0.0597222 0.00989583 0.025 0.0182834
9 0.500781 0.604167 0.0140625 0.0453704 0.019452
9 0.565625 0.0421296 0.0104167 0.037963 0.0221132
0 0.442969 0.0986111 0.0171875 0.0490741 0.0252152
2 0.592969 0.126389 0.0182292 0.0231481 0.0280149
2 0.46276 0.114352 0.0151042 0.0342593 0.0369442
9 0.223177 0.0574074 0.0130208 0.037037 0.0385752
9 0.567448 0.0476852 0.0078125 0.025 0.0911986
9 0.269531 0.0356481 0.0213542 0.0657407 0.102385
9 0.502865 0.760648 0.0119792 0.0546296 0.137393
2 0.627865 0.122222 0.0244792 0.0518519 0.31133
2 0.47526 0.109259 0.0338542 0.0462963 0.31453
2 0.322656 0.0865741 0.0380208 0.0361111 0.323132
2 0.50599 0.103704 0.0432292 0.062963 0.545604
2 0.31849 0.12037 0.0515625 0.0703704 0.562295
11 0.729948 0.0439815 0.0265625 0.0601852 0.62994
10 0.204167 0.315278 0.015625 0.0712963 0.789361
2 0.377865 0.199537 0.0692708 0.0935185 0.885052
2 0.730469 0.419907 0.122396 0.173148 0.913514
