13 0.986979 0.522222 0.025 0.181481 0.00102427
2 0.775781 0.12037 0.0203125 0.0425926 0.00102493
9 0.18776 0.0782407 0.00677083 0.0305556 0.00104306
2 0.655729 0.138426 0.0802083 0.0824074 0.0010436
9 0.559115 0.0240741 0.0213542 0.0444444 0.00111789
1 0.782552 0.307407 0.0151042 0.062963 0.00113638
9 0.36224 0.0444444 0.00989583 0.0296296 0.00113906
12 0.978125 0.499537 0.040625 0.134259 0.00116757
12 0.69375 0.163426 0.00729167 0.037963 0.00118337
2 0.00494792 0.359722 0.00989583 0.0824074 0.00119977
12 0.995573 0.53287 0.0078125 0.0398148 0.00124173
2 0.783073 0.10787 0.0369792 0.062037 0.00133305
2 0.614583 0.421759 0.423958 0.178704 0.00133459
9 0.114844 0.025463 0.0140625 0.037963 0.00134575
2 0.0716146 0.0490741 0.0151042 0.0222222 0.00137048
9 0.258854 0.0731481 0.0135417 0.0481481 0.00139839
12 0.702083 0.126852 0.0229167 0.0611111 0.00142751
0 0.715625 0.371759 0.0239583 0.0268519 0.00143684
0 0.263281 0.106019 0.00885417 0.0453704 0.00149725
2 0.295052 0.133333 0.0171875 0.0518519 0.0015554
9 0.21901 0.102778 0.00989583 0.0388889 0.00158334
9 0.105469 0.0282407 0.0109375 0.0361111 0.00158844
9 0.547917 0.0601852 0.0104167 0.0259259 0.00160243
5 0.220313 0.0759259 0.0510417 0.0648148 0.00165224
2 0.65 0.149074 0.0385417 0.0574074 0.00172873
12 0.817448 0.234259 0.00885417 0.0407407 0.0018497
12 0.701823 0.153241 0.0223958 0.0583333 0.00203362
9 0.252865 0.087963 0.0140625 0.0333333 0.00203486
2 0.442969 0.087963 0.0130208 0.0296296 0.00206557
9 0.266667 0.0962963 0.0104167 0.05 0.00206671
9 0.415885 0.00972222 0.0161458 0.0194444 0.00207955
9 0.428646 0.0310185 0.0104167 0.0305556 0.00213135
2 0.530729 0.110185 0.329167 0.0703704 0.00228062
9 0.584375 0.0356481 0.0145833 0.0583333 0.002283
9 0.757292 0.0736111 0.0125 0.0453704 0.0023376
0 0.75625 0.0902778 0.015625 0.0768519 0.0024354
9 0.263802 0.0416667 0.0192708 0.0611111 0.00261957
5 0.213542 0.0601852 0.034375 0.0555556 0.00282934
0 0.442969 0.0986111 0.0171875 0.0509259 0.00283926
9 0.215625 0.0666667 0.0416667 0.0555556 0.0029979
11 0.60625 0.0597222 0.0104167 0.025 0.00301206
9 0.457812 0.0643518 0.00729167 0.0305556 0.00305413
9 0.29349 0.0555556 0.00989583 0.0425926 0.00333685
2 0.407552 0.110648 0.222396 0.062037 0.00333812
2 0.363542 0.0675926 0.0114583 0.0222222 0.00339326
2 0.0591146 0.0634259 0.0401042 0.0324074 0.00342063
1 0.801823 0.319444 0.0307292 0.087037 0.00378081
2 0.0140625 0.394444 0.028125 0.116667 0.00395901
7 0.219792 0.0675926 0.0510417 0.0648148 0.00404636
9 0.292708 0.0703704 0.0114583 0.0166667 0.00422877
2 0.305208 0.0976852 0.0416667 0.0657407 0.0044887
9 0.263021 0.0865741 0.00833333 0.0324074 0.00491477
9 0.569792 0.0319444 0.0125 0.0583333 0.00496118
2 0.0135417 0.366204 0.0270833 0.0453704 0.00498903
0 0.0533854 0.116667 0.0109375 0.0555556 0.00509478
3 0.00807292 0.401852 0.0161458 0.107407 0.00526867
13 0.0140625 0.393981 0.028125 0.115741 0.00532361
2 0.592448 0.126389 0.0171875 0.0231481 0.00538296
2 0.238542 0.140741 0.01875 0.0425926 0.00555635
1 0.00859375 0.398148 0.0171875 0.112963 0.00665616
9 0.442708 0.0875 0.0125 0.0268519 0.00688358
12 0.994792 0.498611 0.009375 0.137963 0.00721367
2 0.635417 0.14213 0.0114583 0.0509259 0.00868709
11 0.23724 0.0666667 0.0161458 0.0388889 0.00883741
0 0.635677 0.147685 0.00989583 0.0509259 0.00885042
9 0.208073 0.0652778 0.0213542 0.0435185 0.0112888
2 0.786458 0.0893519 0.015625 0.0231481 0.0113875
9 0.26901 0.0282407 0.0213542 0.0509259 0.016486
2 0.00390625 0.406944 0.0078125 0.0953704 0.0166531
0 0.00390625 0.406481 0.0078125 0.0907407 0.0175596
9 0.219792 0.0893519 0.009375 0.0157407 0.017673
1 0.810677 0.331481 0.0192708 0.0944444 0.0178251
7 0.317187 0.0972222 0.05 0.0592593 0.0282061
2 0.271615 0.113426 0.0140625 0.0324074 0.0285649
9 0.502604 0.760185 0.0125 0.0537037 0.0369019
2 0.292969 0.109259 0.0286458 0.0814815 0.0426173
9 0.222396 0.0578704 0.0125 0.0361111 0.0453085
9 0.567448 0.0481481 0.00885417 0.0240741 0.0737231
7 0.297656 0.108333 0.0390625 0.0833333 0.105961
2 0.464063 0.112963 0.015625 0.037037 0.127808
2 0.322396 0.0851852 0.0395833 0.0314815 0.2104
2 0.480208 0.109259 0.0208333 0.0444444 0.236211
2 0.627604 0.122222 0.025 0.0518519 0.448788
2 0.50651 0.103704 0.0411458 0.062963 0.494249
10 0.204167 0.316667 0.015625 0.0703704 0.670941
2 0.31875 0.121759 0.0510417 0.0712963 0.679836
2 0.351042 0.112963 0.0197917 0.037037 0.717638
11 0.729427 0.0430556 0.0276042 0.0564815 0.7642
2 0.526042 0.271296 0.0927083 0.125926 0.860945
2 0.729688 0.419907 0.122917 0.171296 0.908875
