12 0.694271 0.164352 0.00729167 0.037963 0.00106022
9 0.559115 0.0240741 0.0213542 0.0425926 0.00106881
0 0.219792 0.58287 0.046875 0.147222 0.00107448
2 0.776042 0.118519 0.0208333 0.0425926 0.00109751
7 0.226042 0.120833 0.0416667 0.0731481 0.00111626
9 0.253646 0.0875 0.0166667 0.0342593 0.00113287
2 0.536458 0.110648 0.0114583 0.0472222 0.00118683
9 0.547917 0.0527778 0.0104167 0.0259259 0.00120838
32 0.453906 0.314352 0.0078125 0.012037 0.00124764
2 0.777344 0.102778 0.0244792 0.05 0.00126433
2 0.645312 0.151389 0.0291667 0.062037 0.00127183
12 0.976562 0.499074 0.04375 0.131481 0.00132719
7 0.147135 0.0907407 0.0640625 0.0740741 0.00133515
2 0.0216146 0.140741 0.0432292 0.0574074 0.00142996
12 0.702083 0.126389 0.0229167 0.0601852 0.00143163
2 0.577344 0.262037 0.00989583 0.0166667 0.00146569
2 0.361719 0.0731481 0.00989583 0.0277778 0.00159369
13 0.0130208 0.366667 0.0260417 0.0611111 0.00159474
2 0.639583 0.406019 0.358333 0.210185 0.00161265
2 0.0627604 0.0657407 0.0317708 0.0314815 0.00167568
9 0.107292 0.0291667 0.0135417 0.0398148 0.00178442
0 0.716146 0.371759 0.0229167 0.0268519 0.00186086
2 0.53151 0.112037 0.0130208 0.0425926 0.00186751
12 0.702083 0.155093 0.0229167 0.0546296 0.0018908
0 0.44349 0.0990741 0.0182292 0.0518519 0.00189649
2 0.292448 0.133333 0.0171875 0.0518519 0.00191594
9 0.116146 0.025463 0.0177083 0.0398148 0.00195681
9 0.29375 0.0532407 0.0104167 0.0416667 0.00198377
0 0.817187 0.234722 0.00833333 0.0398148 0.002211
9 0.428906 0.0319444 0.00989583 0.0324074 0.00232657
9 0.263281 0.087963 0.00885417 0.0351852 0.00236626
12 0.817708 0.234722 0.00833333 0.0398148 0.00263313
2 0.40599 0.112037 0.265104 0.0740741 0.00273307
5 0.220573 0.0782407 0.0526042 0.0768519 0.0027943
2 0.567448 0.109259 0.275521 0.0666667 0.00280997
9 0.457812 0.0652778 0.00729167 0.0287037 0.00299788
2 0.442708 0.0875 0.0135417 0.0268519 0.0029987
13 0.0140625 0.389815 0.028125 0.125926 0.00306694
2 0.221354 0.138426 0.0541667 0.0472222 0.00320803
0 0.263021 0.10787 0.00833333 0.0416667 0.00332118
1 0.00546875 0.366204 0.0109375 0.0768519 0.00333103
0 0.75625 0.0856481 0.0135417 0.0657407 0.00364646
2 0.266927 0.0990741 0.0119792 0.0537037 0.00376795
1 0.00859375 0.393056 0.0171875 0.121296 0.0037756
1 0.802344 0.320833 0.0307292 0.087963 0.00391488
9 0.757292 0.0740741 0.0114583 0.0444444 0.00431553
11 0.236979 0.0675926 0.0166667 0.0407407 0.00434044
9 0.569531 0.0319444 0.0130208 0.0583333 0.00460645
5 0.213542 0.0615741 0.0333333 0.0564815 0.00483212
2 0.592448 0.125926 0.0171875 0.0222222 0.00520608
0 0.541927 0.250463 0.0223958 0.0398148 0.00520695
12 0.994792 0.495833 0.009375 0.136111 0.00536565
11 0.60625 0.0597222 0.0104167 0.025 0.00545043
2 0.00416667 0.40787 0.00833333 0.0916667 0.00558237
13 0.00416667 0.398148 0.00833333 0.107407 0.00588938
2 0.466927 0.109722 0.0869792 0.0564815 0.00657639
7 0.220313 0.0666667 0.05 0.0685185 0.00864406
9 0.213802 0.0569444 0.0317708 0.0472222 0.00958503
9 0.442708 0.087037 0.0135417 0.0259259 0.00995815
2 0.635156 0.146296 0.0109375 0.0518519 0.00996916
0 0.635417 0.148611 0.009375 0.0509259 0.0117399
9 0.220313 0.0884259 0.0104167 0.0157407 0.0134919
9 0.269271 0.0365741 0.021875 0.0675926 0.0152545
2 0.290365 0.109722 0.0244792 0.0824074 0.0173986
2 0.238542 0.140278 0.01875 0.0435185 0.0183108
9 0.502604 0.759259 0.0125 0.0555556 0.0198039
1 0.810938 0.333333 0.01875 0.0944444 0.0219745
2 0.785417 0.0888889 0.0145833 0.0240741 0.0231172
7 0.315365 0.115741 0.0567708 0.0777778 0.0263143
2 0.272396 0.112037 0.015625 0.0351852 0.046248
9 0.567187 0.0481481 0.00833333 0.0240741 0.0642797
2 0.46224 0.112037 0.0130208 0.0388889 0.11079
2 0.321875 0.0856481 0.0395833 0.0305556 0.184433
2 0.46875 0.109722 0.025 0.0435185 0.208599
7 0.297656 0.10787 0.0401042 0.0842593 0.245341
2 0.480208 0.108796 0.0229167 0.0453704 0.263793
2 0.627344 0.122222 0.0255208 0.0518519 0.474523
2 0.50651 0.103704 0.0421875 0.062963 0.5476
2 0.31901 0.121759 0.0505208 0.0712963 0.657208
2 0.351302 0.112963 0.0203125 0.0388889 0.706362
11 0.729167 0.0435185 0.0270833 0.0574074 0.76558
10 0.203906 0.316204 0.0161458 0.0712963 0.790001
2 0.533594 0.289352 0.0963542 0.132407 0.814082
2 0.729948 0.419907 0.122396 0.171296 0.908633
