0 0.816927 0.233796 0.00885417 0.037963 0.00100321
12 0.701563 0.158333 0.0208333 0.0462963 0.00102765
9 0.236458 0.0685185 0.015625 0.0444444 0.00104321
9 0.444792 0.243981 0.00833333 0.0175926 0.001082
9 0.291406 0.0527778 0.00885417 0.0388889 0.00109181
0 0.0203125 0.388889 0.0395833 0.118519 0.00113309
9 0.547917 0.0523148 0.0104167 0.0231481 0.00121858
2 0.255469 0.0861111 0.0213542 0.0425926 0.00123176
0 0.448698 0.37963 0.0296875 0.0425926 0.00123816
2 0.417969 0.110648 0.272396 0.0972222 0.00126562
58 0.967708 0.495833 0.0291667 0.0805556 0.00128733
13 0.96875 0.567593 0.0541667 0.0685185 0.00129462
1 0.0791667 0.506481 0.00833333 0.0166667 0.00132167
0 0.45026 0.459722 0.718229 0.273148 0.00133406
0 0.186458 0.118519 0.00729167 0.037037 0.0013379
12 0.994271 0.518981 0.0104167 0.171296 0.00135009
0 0.210938 0.401852 0.040625 0.0666667 0.00135732
9 0.415104 0.00925926 0.015625 0.0185185 0.00140285
2 0.777604 0.100926 0.028125 0.0425926 0.00140706
9 0.567708 0.0305556 0.0145833 0.0555556 0.00143753
0 0.302344 0.310648 0.592188 0.547222 0.00149681
0 0.009375 0.35 0.01875 0.105556 0.00154516
2 0.263542 0.0986111 0.009375 0.0583333 0.00154542
0 0.0143229 0.539352 0.0286458 0.0824074 0.00156271
0 0.00520833 0.473611 0.0104167 0.200926 0.00158254
1 0.0395833 0.435648 0.025 0.0472222 0.00168187
2 0.452865 0.43287 0.683854 0.230556 0.00170884
0 0.728125 0.371759 0.0333333 0.0305556 0.0017932
2 0.297917 0.105556 0.0854167 0.0962963 0.00181012
7 0.219531 0.0606481 0.0526042 0.0916667 0.00182864
1 0.0757812 0.4875 0.0234375 0.0601852 0.00185067
1 0.152344 0.515741 0.0213542 0.0425926 0.00185902
1 0.0125 0.455093 0.025 0.221296 0.00198978
0 0.453646 0.652315 0.792708 0.663889 0.00199053
9 0.995313 0.526389 0.00833333 0.0453704 0.00203577
1 0.00442708 0.467593 0.00885417 0.192593 0.00209023
0 0.120833 0.474074 0.238542 0.211111 0.0022
1 0.00911458 0.549074 0.0182292 0.062963 0.00224459
1 0.0640625 0.502315 0.0177083 0.0787037 0.00224579
9 0.27526 0.0564815 0.0390625 0.111111 0.00226621
1 0.158854 0.512963 0.0135417 0.0462963 0.00246288
9 0.501823 0.759259 0.0130208 0.0555556 0.00246954
24 0.213281 0.409722 0.0359375 0.0824074 0.002635
9 0.499479 0.601852 0.0145833 0.0407407 0.00273715
0 0.00520833 0.556944 0.0104167 0.0435185 0.00277564
9 0.439844 0.207407 0.0130208 0.0537037 0.00292266
7 0.993229 0.518056 0.0125 0.173148 0.00292591
0 0.0125 0.483796 0.025 0.193519 0.00296658
9 0.361719 0.0685185 0.00885417 0.0259259 0.00304763
0 0.223698 0.419907 0.446354 0.239815 0.00321977
32 0.453906 0.3125 0.00885417 0.0138889 0.00322481
7 0.236458 0.0648148 0.015625 0.037037 0.00330206
2 0.448698 0.0962963 0.0359375 0.0648148 0.00330843
0 0.263802 0.0935185 0.00885417 0.0518519 0.00349428
1 0.0385417 0.475926 0.0270833 0.0611111 0.00352611
24 0.219531 0.385648 0.0265625 0.037963 0.00368599
0 0.389583 0.374074 0.0291667 0.0481481 0.00392189
9 0.21901 0.106481 0.00989583 0.0425926 0.00500893
2 0.286979 0.0800926 0.0166667 0.0342593 0.00511192
7 0.971354 0.518981 0.05625 0.184259 0.00530491
1 0.034375 0.535185 0.0114583 0.0425926 0.00534011
9 0.269531 0.0481481 0.0192708 0.037037 0.00549601
0 0.714844 0.370833 0.0265625 0.0287037 0.0055193
1 0.119531 0.526852 0.228646 0.122222 0.00552881
0 0.75651 0.0875 0.0140625 0.0768519 0.00579119
7 0.27526 0.0689815 0.0390625 0.136111 0.0059304
9 0.211979 0.0638889 0.034375 0.0574074 0.0060137
1 0.0255208 0.529167 0.0427083 0.106481 0.00610979
0 0.421615 0.0976852 0.0119792 0.0583333 0.00678919
2 0.198698 0.243519 0.0234375 0.0166667 0.00717641
2 0.605729 0.0592593 0.0104167 0.0277778 0.00792512
2 0.784635 0.0888889 0.0140625 0.0203704 0.00798991
9 0.994271 0.499074 0.0104167 0.138889 0.00870866
1 0.0554687 0.510648 0.0234375 0.0787037 0.00871512
1 0.0549479 0.531482 0.0348958 0.101852 0.0089912
1 0.0239583 0.372222 0.0479167 0.0666667 0.00954268
2 0.269792 0.10787 0.0125 0.0398148 0.0101845
7 0.2125 0.0611111 0.034375 0.0592593 0.0104948
9 0.566406 0.0467593 0.00885417 0.0231481 0.0118459
1 0.0138021 0.399537 0.0276042 0.108333 0.0132048
0 0.285937 0.106019 0.0145833 0.0768519 0.0132699
9 0.26849 0.0240741 0.0223958 0.0444444 0.0139616
1 0.221875 0.522222 0.0208333 0.0944444 0.0139734
9 0.219792 0.0893519 0.00833333 0.0101852 0.014891
2 0.421875 0.0875 0.0104167 0.025 0.0149647
2 0.289844 0.0717593 0.0140625 0.0157407 0.0151901
0 0.41224 0.375 0.0265625 0.0444444 0.0157218
1 0.191667 0.532407 0.040625 0.109259 0.025024
0 0.220052 0.424074 0.0286458 0.112963 0.0360649
0 0.634375 0.143981 0.0114583 0.0509259 0.0389001
2 0.501042 0.10463 0.0395833 0.0555556 0.0444653
2 0.291146 0.111574 0.0239583 0.075 0.0662878
0 0.373437 0.379167 0.028125 0.0453704 0.0682456
0 0.433333 0.375463 0.0375 0.0453704 0.0743624
24 0.210417 0.429167 0.025 0.0638889 0.0822115
24 0.204427 0.413426 0.0255208 0.0435185 0.131117
1 0.0109375 0.371296 0.021875 0.0666667 0.148128
1 0.00625 0.401389 0.0125 0.0990741 0.200857
1 0.0442708 0.540278 0.0322917 0.0824074 0.212589
2 0.626823 0.119907 0.0255208 0.0509259 0.323556
2 0.321875 0.0837963 0.0375 0.0342593 0.363776
1 0.0458333 0.544907 0.0145833 0.075 0.36666
2 0.476823 0.10787 0.0276042 0.0453704 0.385375
1 0.207552 0.533333 0.0359375 0.109259 0.454149
7 0.505469 0.102778 0.0432292 0.062963 0.512099
7 0.442708 0.0953704 0.046875 0.0703704 0.590784
2 0.40625 0.445833 0.161458 0.247222 0.706933
11 0.728646 0.0407407 0.0270833 0.0518519 0.780889
2 0.317969 0.12037 0.0515625 0.0685185 0.786635
10 0.204167 0.314352 0.015625 0.0694444 0.810843
0 0.21224 0.47037 0.0453125 0.205556 0.82938
0 0.0455729 0.476852 0.0463542 0.151852 0.864713
2 0.729688 0.417593 0.123958 0.168519 0.912223
