0 0.0216146 0.397685 0.0421875 0.162037 0.00101435
0 0.00911458 0.350926 0.0182292 0.107407 0.00103303
1 0.0174479 0.177315 0.0338542 0.0601852 0.00104523
0 0.816667 0.234722 0.009375 0.037963 0.00104998
58 0.967969 0.494444 0.0286458 0.0814815 0.00105354
14 0.48099 0.487963 0.0130208 0.0277778 0.00107868
9 0.360938 0.0666667 0.0104167 0.0222222 0.00108218
0 0.0882813 0.498611 0.166146 0.212037 0.00112351
0 0.245312 0.65463 0.465625 0.611111 0.0011285
1 0.0385417 0.584722 0.0447917 0.189815 0.0011741
9 0.582292 0.0398148 0.0125 0.0462963 0.00122355
1 0.0518229 0.489352 0.0276042 0.0564815 0.00127124
1 0.0414063 0.474537 0.0286458 0.062037 0.00129452
2 0.0106771 0.531482 0.0213542 0.0907407 0.00134654
9 0.292188 0.0550926 0.00833333 0.0361111 0.00139495
2 0.5875 0.419907 0.5625 0.19537 0.00143779
13 0.970052 0.569907 0.0578125 0.0787037 0.00151555
0 0.634896 0.16713 0.0166667 0.110185 0.00152161
2 0.814583 0.0763889 0.0177083 0.0175926 0.00154784
0 0.225 0.408333 0.444792 0.233333 0.00157449
2 0.198698 0.243056 0.0223958 0.0157407 0.00168701
7 0.448958 0.110185 0.353125 0.1 0.00170427
2 0.748438 0.160185 0.0208333 0.0277778 0.00173422
9 0.570573 0.0310185 0.0119792 0.0564815 0.00179854
9 0.439844 0.212963 0.0140625 0.0648148 0.0018169
2 0.255469 0.0865741 0.0223958 0.0435185 0.00195522
12 0.988021 0.517593 0.0229167 0.175926 0.00241431
2 0.269531 0.0472222 0.0192708 0.0351852 0.00247537
0 0.728125 0.372222 0.03125 0.0296296 0.00248109
2 0.777865 0.100926 0.0286458 0.0407407 0.00264954
0 0.429948 0.535648 0.809896 0.465741 0.00284323
32 0.453646 0.313889 0.00833333 0.0148148 0.00295364
0 0.361979 0.0689815 0.00833333 0.025 0.00295547
7 0.992448 0.517593 0.0140625 0.174074 0.00304209
7 0.216406 0.0851852 0.0598958 0.114815 0.00309312
24 0.136198 0.471759 0.0390625 0.125 0.00312156
2 0.269531 0.0907407 0.0182292 0.0685185 0.00312293
1 0.0101562 0.495833 0.0203125 0.149074 0.00318173
7 0.236979 0.0685185 0.0166667 0.0444444 0.00343139
7 0.970312 0.522222 0.0583333 0.190741 0.0035727
1 0.0273438 0.430556 0.0453125 0.0555556 0.00367201
0 0.263802 0.0939815 0.00885417 0.0546296 0.0039244
9 0.499479 0.601389 0.0145833 0.0398148 0.00404397
1 0.0229167 0.398611 0.0458333 0.110185 0.00406287
1 0.0643229 0.530093 0.0348958 0.075 0.00460872
0 0.00911458 0.476389 0.0182292 0.176852 0.004765
2 0.753646 0.155556 0.0114583 0.0240741 0.00480545
2 0.451302 0.102315 0.0359375 0.0583333 0.00495039
9 0.502083 0.759259 0.0125 0.0555556 0.00524162
0 0.75625 0.0875 0.0145833 0.0787037 0.00596312
2 0.286719 0.0787037 0.0182292 0.0333333 0.00596747
0 0.716667 0.371296 0.0270833 0.0277778 0.00624673
0 0.378646 0.352315 0.0260417 0.0398148 0.00631775
7 0.275 0.0694444 0.0395833 0.137037 0.00653678
2 0.605469 0.0592593 0.00989583 0.0277778 0.00663847
1 0.0179687 0.376389 0.0359375 0.062037 0.00702931
2 0.784375 0.0898148 0.0145833 0.0203704 0.00782684
0 0.401563 0.350926 0.0322917 0.0407407 0.00803521
9 0.99375 0.511574 0.0114583 0.163889 0.00846646
0 0.288802 0.109722 0.0213542 0.0805556 0.00850389
2 0.270052 0.106481 0.0130208 0.0407407 0.00887164
9 0.26875 0.0222222 0.021875 0.0388889 0.00925662
0 0.283854 0.0930556 0.0114583 0.0490741 0.0102953
7 0.288542 0.106019 0.0197917 0.0805556 0.0112848
24 0.140625 0.425 0.0270833 0.037037 0.0116044
7 0.219792 0.0615741 0.05 0.0583333 0.0118314
1 0.125521 0.603704 0.01875 0.0574074 0.0121924
2 0.290885 0.0712963 0.0119792 0.0148148 0.0138154
9 0.566667 0.0467593 0.00833333 0.0231481 0.0138208
1 0.0101562 0.364352 0.0203125 0.0787037 0.0144917
1 0.0875 0.548611 0.155208 0.115741 0.0231059
1 0.154687 0.565278 0.0229167 0.108333 0.0249073
0 0.358073 0.35463 0.0244792 0.0425926 0.0358313
2 0.291406 0.111574 0.0255208 0.0768519 0.0385972
24 0.139062 0.46713 0.0302083 0.0731481 0.041079
2 0.504687 0.104167 0.0447917 0.0583333 0.0558727
1 0.0101562 0.549537 0.0203125 0.0694444 0.0584555
0 0.420312 0.351389 0.0375 0.0416667 0.0620264
1 0.0518229 0.532407 0.0171875 0.0796296 0.0662735
0 0.634115 0.144444 0.0119792 0.0555556 0.0948843
1 0.0270833 0.548148 0.0354167 0.112963 0.12343
24 0.132812 0.450926 0.0270833 0.0518519 0.192909
1 0.0109375 0.397685 0.021875 0.100926 0.193562
2 0.480469 0.107407 0.0213542 0.0462963 0.21879
1 0.00494792 0.411574 0.00989583 0.0805556 0.226774
2 0.627344 0.119907 0.0255208 0.0509259 0.298409
2 0.321875 0.0847222 0.0375 0.0342593 0.34867
1 0.0401042 0.548611 0.028125 0.112037 0.348801
7 0.389583 0.420833 0.165625 0.237963 0.439344
2 0.389844 0.420833 0.165104 0.237963 0.51815
7 0.505208 0.102778 0.04375 0.062963 0.545687
10 0.204167 0.314352 0.015625 0.0712963 0.617674
7 0.445833 0.0944444 0.046875 0.0740741 0.6835
1 0.139062 0.573148 0.046875 0.12037 0.743423
11 0.728646 0.0407407 0.0270833 0.0518519 0.771029
2 0.318229 0.119907 0.0510417 0.0694444 0.779627
0 0.0382813 0.494907 0.0484375 0.15463 0.843246
0 0.141406 0.507407 0.0505208 0.201852 0.847693
2 0.729688 0.417593 0.123958 0.168519 0.91445
