0 0.730729 0.372222 0.0260417 0.0277778 0.00101624
2 0.0601562 0.0657407 0.0401042 0.0277778 0.00102772
2 0.991146 0.52037 0.0166667 0.181481 0.00107659
2 0.600521 0.423611 0.694792 0.184259 0.00108367
2 0.336979 0.0814815 0.0208333 0.0481481 0.00109322
0 0.458854 0.0671296 0.0125 0.025 0.00120586
2 0.238281 0.139352 0.0192708 0.0435185 0.00123793
58 0.96875 0.493519 0.0322917 0.1 0.00127841
2 0.276302 0.108796 0.0255208 0.0675926 0.00137115
7 0.217708 0.0875 0.0583333 0.115741 0.00139624
12 0.977604 0.5 0.04375 0.137037 0.0014169
7 0.309635 0.0449074 0.0390625 0.0509259 0.00141817
9 0.548177 0.0527778 0.0109375 0.0222222 0.00146288
2 0.775 0.110185 0.0208333 0.0314815 0.00147839
2 0.651823 0.15 0.0463542 0.0592593 0.00148775
12 0.701563 0.162963 0.01875 0.0407407 0.00149526
7 0.78776 0.062037 0.0244792 0.0574074 0.00155822
2 0.457292 0.111111 0.384375 0.087037 0.00160377
0 0.756771 0.375 0.01875 0.0296296 0.0017296
13 0.96901 0.566204 0.0546875 0.0712963 0.00191559
2 0.347656 0.105093 0.0151042 0.0416667 0.00197548
9 0.261458 0.0490741 0.0145833 0.0425926 0.00210089
12 0.691667 0.1625 0.009375 0.0416667 0.00228186
2 0.790104 0.0875 0.01875 0.0175926 0.00234999
5 0.217708 0.0837963 0.0552083 0.112037 0.00245494
32 0.453906 0.313426 0.00885417 0.0138889 0.00250043
7 0.992448 0.51713 0.0140625 0.175 0.0026137
2 0.361719 0.0689815 0.0140625 0.0361111 0.00264472
0 0.754948 0.0884259 0.0130208 0.0768519 0.00267906
9 0.440104 0.211111 0.0135417 0.0592593 0.00267907
2 0.784635 0.0898148 0.0140625 0.0166667 0.00273169
9 0.573958 0.0305556 0.015625 0.0592593 0.00277748
2 0.2625 0.1 0.0104167 0.0555556 0.00286621
13 0.952604 0.419444 0.0947917 0.144444 0.00294552
13 0.9625 0.551852 0.040625 0.0407407 0.00326916
13 0.975781 0.518981 0.0473958 0.184259 0.00347588
2 0.35599 0.108796 0.142188 0.0861111 0.00353512
9 0.499479 0.600926 0.0135417 0.0388889 0.00353662
9 0.21849 0.102778 0.00885417 0.0388889 0.00360828
2 0.282292 0.0763889 0.015625 0.0287037 0.00363116
0 0.715625 0.371296 0.0239583 0.0259259 0.00367585
1 0.00416667 0.406944 0.00833333 0.087963 0.00368521
2 0.295833 0.0990741 0.0760417 0.0981481 0.00372975
0 0.263542 0.0925926 0.009375 0.0462963 0.00375788
2 0.440365 0.105556 0.0130208 0.0555556 0.00414417
2 0.592448 0.125 0.0182292 0.0259259 0.00473269
12 0.702083 0.1375 0.0208333 0.087963 0.00533551
2 0.255729 0.087037 0.0229167 0.037037 0.00546771
7 0.970312 0.523611 0.0583333 0.197222 0.00574099
7 0.236458 0.0652778 0.0166667 0.037963 0.00575015
12 0.993229 0.516667 0.0125 0.175926 0.00646297
0 0.36276 0.0666667 0.0130208 0.0277778 0.00649227
2 0.494271 0.102315 0.021875 0.0583333 0.00713653
9 0.991927 0.50463 0.0151042 0.15 0.00841905
9 0.502344 0.75787 0.0140625 0.0564815 0.00897679
0 0.266927 0.0990741 0.0109375 0.0555556 0.00942848
1 0.0101562 0.396759 0.0203125 0.112037 0.00985481
2 0.340885 0.0916667 0.00989583 0.0240741 0.0113222
9 0.220313 0.0898148 0.0104167 0.012963 0.0113627
7 0.219531 0.0606481 0.0515625 0.0564815 0.0113854
9 0.566927 0.0472222 0.0078125 0.0240741 0.0127288
1 0.0114583 0.365278 0.0229167 0.0564815 0.0141749
2 0.60599 0.0592593 0.00989583 0.0277778 0.0156669
7 0.298177 0.0601852 0.0171875 0.0314815 0.0168379
2 0.270833 0.105556 0.0135417 0.0444444 0.019435
9 0.26875 0.0347222 0.021875 0.0657407 0.0224494
7 0.303385 0.0824074 0.0526042 0.125926 0.0325312
2 0.443229 0.0898148 0.015625 0.0314815 0.0433884
2 0.329688 0.0800926 0.0239583 0.0342593 0.0455121
5 0.21224 0.0615741 0.0348958 0.0583333 0.0470173
0 0.442708 0.0907407 0.0145833 0.0333333 0.0481284
0 0.634375 0.144907 0.0114583 0.0527778 0.0503921
7 0.293229 0.110648 0.0291667 0.0768519 0.0558765
2 0.31875 0.075463 0.034375 0.0342593 0.127827
7 0.314063 0.0606481 0.0416667 0.0453704 0.148356
2 0.319531 0.0907407 0.0401042 0.0277778 0.172362
2 0.292708 0.112963 0.0270833 0.0759259 0.189653
7 0.463021 0.108796 0.0489583 0.0657407 0.270865
2 0.507292 0.103241 0.0395833 0.0638889 0.390139
2 0.627083 0.121296 0.0260417 0.05 0.427819
7 0.507031 0.102778 0.0401042 0.062963 0.457292
2 0.463542 0.109259 0.0479167 0.0648148 0.477037
11 0.728906 0.0412037 0.0276042 0.0527778 0.787998
10 0.204167 0.313889 0.015625 0.0685185 0.792533
2 0.374219 0.103704 0.0390625 0.0555556 0.798262
2 0.317708 0.120833 0.0510417 0.0712963 0.807181
2 0.729688 0.419444 0.122917 0.17037 0.902663
