0 0.798437 0.660648 0.0510417 0.160185 0.00101741
2 0.451823 0.103704 0.0494792 0.0537037 0.00104434
9 0.552865 0.0513889 0.0161458 0.0268519 0.00105863
2 0.526042 0.113889 0.378125 0.0777778 0.00106423
0 0.757812 0.114815 0.025 0.0981481 0.00109428
0 0.761719 0.160648 0.0203125 0.062037 0.0011191
2 0.640365 0.134722 0.0494792 0.0675926 0.00114467
9 0.576563 0.0337963 0.0135417 0.0657407 0.00115995
9 0.18776 0.0787037 0.00677083 0.0259259 0.00117693
2 0.660156 0.187963 0.0203125 0.037037 0.00120177
0 0.514844 0.240741 0.546354 0.362963 0.00133487
2 0.751823 0.154167 0.0432292 0.0601852 0.00137617
9 0.560156 0.0300926 0.0255208 0.0583333 0.00138315
2 0.295833 0.133333 0.0166667 0.0518519 0.00143108
2 0.574479 0.125926 0.0510417 0.0333333 0.00145848
58 0.91875 0.183796 0.1625 0.362037 0.00149775
9 0.415625 0.00972222 0.015625 0.0194444 0.00153007
2 0.627865 0.1125 0.0463542 0.0638889 0.00154474
9 0.278906 0.0509259 0.0359375 0.0962963 0.00154999
13 0.0127604 0.367593 0.0255208 0.0518519 0.00165994
2 0.0635417 0.0708333 0.028125 0.025 0.00168728
2 0.774479 0.120833 0.0177083 0.037963 0.00170815
9 0.995573 0.530556 0.0078125 0.0388889 0.00188194
9 0.454427 0.315278 0.0078125 0.0138889 0.00195859
2 0.54401 0.109259 0.205729 0.0611111 0.00196493
9 0.236458 0.062963 0.0177083 0.0351852 0.00198665
0 0.743229 0.114352 0.0177083 0.0305556 0.00204445
11 0.239583 0.0361111 0.021875 0.0666667 0.00209723
2 0.788021 0.0828704 0.0145833 0.0194444 0.00213584
0 0.757292 0.375463 0.0197917 0.0305556 0.00229034
2 0.293229 0.1 0.0854167 0.0925926 0.0024546
0 0.729948 0.371759 0.0348958 0.0305556 0.00263801
2 0.307813 0.0824074 0.0229167 0.0351852 0.00302296
0 0.745573 0.17963 0.0119792 0.0333333 0.00319297
2 0.345052 0.106944 0.0109375 0.037963 0.00330475
2 0.397135 0.111574 0.222396 0.0731481 0.00332785
9 0.292448 0.0541667 0.00989583 0.0472222 0.00378127
11 0.702344 0.118056 0.0213542 0.0453704 0.0038176
13 0.0138021 0.39537 0.0276042 0.112963 0.00388774
9 0.266406 0.0759259 0.0151042 0.0425926 0.00389845
2 0.53151 0.109722 0.0151042 0.0453704 0.00427238
9 0.252865 0.0861111 0.0119792 0.0351852 0.004305
9 0.548177 0.0527778 0.0109375 0.0259259 0.00434426
9 0.989323 0.498148 0.0192708 0.125926 0.00437767
11 0.23724 0.0685185 0.0171875 0.0444444 0.00449538
0 0.442448 0.0972222 0.0171875 0.0481481 0.0046188
2 0.813802 0.0759259 0.0151042 0.0148148 0.00481384
1 0.0046875 0.391667 0.009375 0.112963 0.00483607
0 0.28099 0.0967593 0.0078125 0.0305556 0.00491514
9 0.267188 0.0981481 0.0104167 0.0444444 0.00495708
2 0.478906 0.108796 0.0692708 0.0564815 0.00503376
0 0.708594 0.373611 0.0182292 0.025 0.00518465
2 0.639063 0.15 0.0177083 0.0537037 0.00522151
2 0.363021 0.0685185 0.0125 0.0203704 0.00549321
0 0.717188 0.371759 0.0260417 0.0268519 0.00649676
2 0.442708 0.087037 0.0135417 0.0259259 0.00667513
5 0.213802 0.062037 0.0348958 0.0574074 0.00692923
2 0.277344 0.1125 0.0182292 0.0546296 0.00746622
12 0.985677 0.495833 0.0182292 0.121296 0.00755356
9 0.25651 0.075463 0.00989583 0.0453704 0.00870798
12 0.995052 0.493056 0.00885417 0.123148 0.0087333
2 0.271094 0.109722 0.0130208 0.037963 0.00875463
9 0.291927 0.0708333 0.00989583 0.0175926 0.00944788
9 0.567448 0.0319444 0.0151042 0.0601852 0.00960288
13 0.00390625 0.40787 0.0078125 0.0824074 0.0109796
9 0.220052 0.087963 0.00989583 0.012963 0.01378
2 0.650781 0.155556 0.0401042 0.0462963 0.0139425
2 0.664323 0.156944 0.0140625 0.0398148 0.0155329
2 0.785417 0.0898148 0.015625 0.0222222 0.0158289
2 0.300521 0.109259 0.0416667 0.087037 0.016303
2 0.531771 0.0777778 0.0166667 0.0203704 0.0169237
2 0.238542 0.140741 0.01875 0.0425926 0.0178321
2 0.675 0.155093 0.0364583 0.0416667 0.0178432
0 0.691927 0.183796 0.0109375 0.0305556 0.0182398
0 0.767969 0.156019 0.00989583 0.0435185 0.0200457
9 0.500521 0.602778 0.015625 0.0388889 0.0254572
2 0.510417 0.075 0.0354167 0.0296296 0.0257861
9 0.207031 0.0685185 0.0192708 0.0425926 0.0264944
9 0.114323 0.0231481 0.0119792 0.0351852 0.0271479
0 0.757292 0.0800926 0.0135417 0.0564815 0.0304752
2 0.591927 0.125926 0.0171875 0.0240741 0.0311255
2 0.289583 0.120833 0.0197917 0.0583333 0.031693
0 0.635417 0.150926 0.009375 0.0462963 0.0326477
9 0.222656 0.0601852 0.0130208 0.0388889 0.0372649
11 0.60599 0.0601852 0.00989583 0.0240741 0.0441932
7 0.3 0.108333 0.0375 0.0814815 0.0536857
9 0.442708 0.087037 0.0125 0.0259259 0.0600535
2 0.504427 0.0699074 0.0203125 0.0194444 0.0853295
9 0.502865 0.760648 0.0119792 0.0546296 0.098568
2 0.526823 0.075 0.0171875 0.0240741 0.103543
9 0.566927 0.0486111 0.00885417 0.025 0.12485
2 0.464844 0.111111 0.0182292 0.0407407 0.140889
2 0.322135 0.0884259 0.0390625 0.0361111 0.22779
2 0.627344 0.121296 0.0255208 0.05 0.360994
7 0.50651 0.105093 0.0421875 0.062037 0.396839
2 0.50651 0.103704 0.0421875 0.062963 0.398334
2 0.475521 0.108796 0.0354167 0.0453704 0.405715
9 0.269531 0.0356481 0.0213542 0.0675926 0.423003
2 0.31849 0.121296 0.0515625 0.0722222 0.585374
10 0.203906 0.316204 0.0161458 0.0694444 0.769155
11 0.729948 0.0430556 0.0276042 0.0583333 0.777712
2 0.371354 0.112963 0.0354167 0.0388889 0.801662
7 0.71849 0.206019 0.107813 0.152778 0.882131
2 0.730208 0.418981 0.121875 0.175 0.915113
