9 0.583073 0.0416667 0.0130208 0.0444444 0.00103367
2 0.286719 0.074537 0.0203125 0.0342593 0.00107778
2 0.564844 0.106944 0.389062 0.0805556 0.00108955
9 0.560938 0.0490741 0.0197917 0.0222222 0.00109517
2 0.445573 0.0990741 0.0234375 0.0481481 0.0011647
9 0.108333 0.0273148 0.0104167 0.0342593 0.00119496
2 0.788802 0.0828704 0.0171875 0.0212963 0.00120757
7 0.23724 0.0666667 0.0161458 0.0388889 0.00132369
11 0.240104 0.0342593 0.021875 0.0648148 0.00134425
2 0.242188 0.102315 0.0125 0.0342593 0.00145535
2 0.592708 0.126852 0.0177083 0.0259259 0.00152001
2 0.611979 0.426852 0.745833 0.190741 0.00161794
12 0.69349 0.162037 0.0078125 0.0407407 0.00168086
2 0.278646 0.114352 0.0322917 0.0675926 0.0016943
1 0.00885417 0.398611 0.0177083 0.106481 0.00171447
2 0.263021 0.101389 0.009375 0.0546296 0.00176604
9 0.429427 0.0361111 0.00885417 0.0259259 0.00180327
9 0.36224 0.0425926 0.00885417 0.0277778 0.00181401
9 0.2375 0.0694444 0.0145833 0.0444444 0.00206678
9 0.547917 0.0518519 0.0104167 0.0222222 0.00212042
32 0.460417 0.356481 0.0104167 0.0166667 0.00214733
2 0.29349 0.102315 0.0817708 0.0916667 0.00219468
0 0.541146 0.272222 0.554167 0.448148 0.00225506
9 0.220313 0.100926 0.0125 0.0388889 0.00230688
2 0.440104 0.107407 0.16875 0.0685185 0.0024762
11 0.738802 0.0652778 0.0151042 0.0268519 0.00252546
0 0.729167 0.371759 0.0322917 0.0287037 0.00258555
2 0.416667 0.108333 0.328125 0.0833333 0.0027012
9 0.115625 0.0226852 0.0125 0.0361111 0.00277491
5 0.214583 0.0611111 0.0354167 0.0518519 0.0028078
9 0.559635 0.0287037 0.0234375 0.0574074 0.00284451
9 0.258333 0.0800926 0.0125 0.0527778 0.00291624
2 0.238021 0.140278 0.01875 0.0416667 0.0031757
0 0.757812 0.375 0.0177083 0.0296296 0.00341074
2 0.634896 0.151389 0.0125 0.0583333 0.00343693
9 0.252344 0.0875 0.0140625 0.037963 0.00345259
2 0.266927 0.0967593 0.0109375 0.0509259 0.00378331
2 0.363542 0.0662037 0.0125 0.0194444 0.00401648
11 0.60625 0.0606481 0.009375 0.025 0.00427577
9 0.263021 0.0921296 0.009375 0.0435185 0.00461549
9 0.207552 0.0648148 0.0192708 0.0388889 0.00467678
9 0.966927 0.501852 0.0265625 0.0759259 0.0048496
9 0.985677 0.496296 0.0192708 0.122222 0.00523052
0 0.28151 0.0912037 0.0078125 0.037963 0.00528349
2 0.786719 0.0888889 0.0182292 0.0203704 0.00534446
9 0.502865 0.759722 0.0109375 0.0564815 0.00547891
5 0.221094 0.0791667 0.0505208 0.0712963 0.0056296
9 0.415365 0.0115741 0.0161458 0.0231481 0.00599608
2 0.321615 0.101389 0.0463542 0.0490741 0.00612575
12 0.702604 0.139352 0.0229167 0.0861111 0.00618495
7 0.219792 0.0643518 0.05 0.0675926 0.00623165
2 0.00390625 0.408333 0.0078125 0.0851852 0.00670122
0 0.758333 0.0685185 0.009375 0.0425926 0.00743355
0 0.757552 0.0884259 0.0119792 0.0824074 0.00768278
9 0.292448 0.0680556 0.00989583 0.0194444 0.00773382
9 0.994531 0.515741 0.00989583 0.166667 0.00845384
9 0.292969 0.0555556 0.00885417 0.0407407 0.0103042
1 0.00416667 0.389352 0.00833333 0.121296 0.0115213
2 0.442708 0.0865741 0.0135417 0.025 0.01206
0 0.714323 0.37037 0.0223958 0.0259259 0.0130264
2 0.271094 0.109722 0.0140625 0.037963 0.0145254
7 0.970833 0.528704 0.0572917 0.201852 0.0155831
32 0.454688 0.3125 0.00729167 0.0157407 0.0164887
9 0.220052 0.0884259 0.00989583 0.0157407 0.0168209
0 0.634635 0.149074 0.0119792 0.0574074 0.0182249
9 0.565625 0.0407407 0.0104167 0.0388889 0.018632
9 0.442448 0.0861111 0.0130208 0.0240741 0.0212455
9 0.972917 0.500926 0.040625 0.127778 0.0214689
7 0.296615 0.107407 0.0359375 0.0833333 0.0277741
9 0.222917 0.0541667 0.0135417 0.0398148 0.0304133
9 0.269271 0.037963 0.021875 0.0592593 0.0363968
2 0.461979 0.111111 0.0135417 0.037037 0.0425872
2 0.291406 0.111574 0.0265625 0.0731481 0.0628092
9 0.567187 0.0476852 0.00833333 0.0231481 0.0664045
9 0.500521 0.601852 0.0145833 0.0407407 0.0874585
2 0.627604 0.122222 0.025 0.0537037 0.219253
2 0.322396 0.0861111 0.0385417 0.0351852 0.330623
2 0.473437 0.108333 0.0333333 0.0444444 0.370442
2 0.50625 0.103241 0.0427083 0.0638889 0.531297
11 0.729688 0.0421296 0.0270833 0.0546296 0.55892
2 0.317708 0.121296 0.0510417 0.0703704 0.738948
10 0.203646 0.315741 0.0166667 0.0703704 0.832268
2 0.36276 0.292593 0.0953125 0.127778 0.897202
2 0.729948 0.418981 0.122396 0.173148 0.90927
