9 0.21849 0.102315 0.00885417 0.037963 0.0010513
9 0.76901 0.0458333 0.0223958 0.0916667 0.00110792
0 0.1875 0.10463 0.00729167 0.0518519 0.001122
2 0.417708 0.104167 0.165625 0.0787037 0.00118005
1 0.0109375 0.370833 0.021875 0.0527778 0.00118791
0 0.757031 0.374074 0.0203125 0.0333333 0.00121831
58 0.968229 0.497222 0.0302083 0.0907407 0.00121928
9 0.415625 0.0148148 0.0166667 0.0296296 0.00127102
9 0.263281 0.0268519 0.0182292 0.05 0.00127672
9 0.547917 0.0527778 0.0104167 0.0240741 0.00130277
2 0.254167 0.087037 0.01875 0.0388889 0.00133915
32 0.453906 0.313426 0.00885417 0.0138889 0.00134607
9 0.1875 0.0837963 0.00729167 0.0268519 0.0013781
2 0.285677 0.0782407 0.0192708 0.0324074 0.00140141
9 0.270833 0.0314815 0.0270833 0.0611111 0.00142683
2 0.416146 0.0185185 0.0177083 0.0296296 0.00157268
2 0.292448 0.101852 0.0776042 0.1 0.00158241
0 0.817187 0.233796 0.00833333 0.037963 0.00158583
2 0.536198 0.112963 0.00989583 0.0425926 0.0016405
2 0.263542 0.0986111 0.0104167 0.0583333 0.00172492
9 0.757812 0.0722222 0.0114583 0.0444444 0.00173592
0 0.75625 0.0847222 0.0135417 0.0675926 0.00174611
2 0.654427 0.137963 0.0776042 0.0796296 0.00182711
2 0.270573 0.0652778 0.0192708 0.0472222 0.00184885
11 0.239844 0.0351852 0.0203125 0.0666667 0.0018701
12 0.701563 0.164815 0.0197917 0.0388889 0.0018978
10 0.194792 0.293056 0.034375 0.119444 0.0019956
2 0.360417 0.102315 0.107292 0.0842593 0.00206913
9 0.292448 0.0550926 0.0078125 0.037963 0.00224131
2 0.772917 0.106944 0.0177083 0.0268519 0.00237134
2 0.569531 0.109259 0.230729 0.0703704 0.00240693
9 0.99401 0.516667 0.0109375 0.174074 0.00244688
2 0.53151 0.112963 0.0140625 0.0425926 0.0025929
7 0.395833 0.0569444 0.046875 0.0657407 0.00268444
0 0.715365 0.372222 0.0223958 0.0259259 0.00272924
0 0.26276 0.0930556 0.00885417 0.0509259 0.00289898
13 0.993229 0.518056 0.0125 0.173148 0.00292342
2 0.467708 0.0194444 0.0197917 0.0203704 0.00305656
2 0.48151 0.106481 0.0567708 0.0592593 0.00328842
2 0.447135 0.116667 0.0276042 0.0222222 0.00342469
2 0.592448 0.123611 0.0171875 0.0268519 0.00346505
7 0.276042 0.0675926 0.0385417 0.131481 0.00352027
13 0.970573 0.524074 0.0578125 0.188889 0.00365724
7 0.970573 0.527315 0.0578125 0.199074 0.00391927
9 0.213021 0.0643518 0.0354167 0.0583333 0.00399688
2 0.779948 0.100463 0.0317708 0.0435185 0.0041406
2 0.814323 0.0768519 0.0171875 0.0185185 0.00424546
13 0.961719 0.554167 0.0401042 0.0453704 0.00426224
12 0.692708 0.164352 0.00729167 0.037963 0.0044958
2 0.00416667 0.409722 0.00833333 0.0842593 0.00456913
12 0.99401 0.496759 0.0109375 0.134259 0.00462565
9 0.270052 0.0490741 0.0182292 0.0351852 0.00511947
11 0.23724 0.0671296 0.0161458 0.0398148 0.00623407
9 0.501823 0.759259 0.0130208 0.0555556 0.00630095
2 0.65 0.149537 0.040625 0.0564815 0.0063408
13 0.985937 0.518981 0.0270833 0.180556 0.00665125
1 0.00625 0.393056 0.0125 0.110185 0.00742117
9 0.573698 0.0310185 0.0151042 0.0601852 0.00867514
2 0.442187 0.0847222 0.0145833 0.0231481 0.0087115
2 0.60625 0.0597222 0.0104167 0.025 0.0101261
5 0.21901 0.062963 0.0442708 0.0611111 0.0106415
2 0.285677 0.114815 0.0151042 0.0703704 0.0112462
2 0.271094 0.106481 0.0140625 0.0444444 0.0114386
2 0.238542 0.140741 0.01875 0.0407407 0.0122891
10 0.441667 0.0861111 0.0135417 0.0240741 0.0127135
9 0.26849 0.0194444 0.0213542 0.0351852 0.0128433
7 0.213281 0.062037 0.0348958 0.062963 0.0137337
2 0.785677 0.0893519 0.0151042 0.025 0.0143945
2 0.634115 0.141204 0.0130208 0.0527778 0.0163575
9 0.21901 0.0893519 0.00885417 0.0138889 0.022562
9 0.567187 0.0476852 0.00833333 0.025 0.0414408
2 0.488021 0.10787 0.0135417 0.0490741 0.0451863
2 0.470052 0.108333 0.0317708 0.0462963 0.0476813
2 0.0046875 0.55787 0.009375 0.0398148 0.0603335
2 0.363802 0.0666667 0.0119792 0.0240741 0.0620511
2 0.297917 0.103704 0.034375 0.0740741 0.0629067
2 0.464844 0.111111 0.0161458 0.0388889 0.121187
2 0.480208 0.109259 0.0197917 0.0444444 0.270706
2 0.321615 0.0847222 0.0380208 0.0342593 0.32328
2 0.389323 0.0652778 0.0286458 0.0398148 0.423
7 0.50599 0.102778 0.0421875 0.0648148 0.42357
2 0.409115 0.0675926 0.0192708 0.0388889 0.431955
2 0.50599 0.103241 0.0421875 0.0638889 0.458107
2 0.627083 0.122685 0.0260417 0.0509259 0.603344
2 0.317969 0.121296 0.0526042 0.0703704 0.722819
10 0.203906 0.315278 0.0171875 0.0712963 0.762062
11 0.728906 0.0430556 0.0276042 0.0564815 0.768735
2 0.729688 0.419444 0.122917 0.17037 0.896609
