0 0.757812 0.116204 0.0125 0.0509259 0.00101921
11 0.225521 0.0652778 0.0416667 0.0564815 0.00103199
12 0.690365 0.164352 0.0119792 0.037963 0.00104227
2 0.353125 0.10787 0.0260417 0.0490741 0.00104649
2 0.336979 0.0819444 0.0197917 0.0361111 0.00111803
7 0.221615 0.102315 0.0505208 0.10463 0.00116733
12 0.984115 0.513426 0.0307292 0.162037 0.00119929
2 0.221094 0.10463 0.0192708 0.0407407 0.00122375
2 0.571615 0.425463 0.611979 0.189815 0.00124055
11 0.239844 0.037037 0.0223958 0.0703704 0.00126427
12 0.702344 0.163889 0.0192708 0.037037 0.00128526
1 0.00390625 0.400926 0.0078125 0.1 0.00128647
2 0.639583 0.129167 0.0510417 0.0638889 0.00142853
1 0.00651042 0.365278 0.0130208 0.0546296 0.00145034
2 0.465885 0.0740741 0.0265625 0.0388889 0.00145253
7 0.971094 0.524074 0.0567708 0.188889 0.00154251
9 0.454688 0.314352 0.00729167 0.0138889 0.00160534
9 0.2375 0.0708333 0.0145833 0.0472222 0.00162578
2 0.779167 0.106944 0.0291667 0.0546296 0.00170157
2 0.788281 0.0833333 0.0161458 0.0222222 0.00181263
0 0.732552 0.372222 0.0286458 0.0296296 0.00182332
2 0.571875 0.107407 0.254167 0.0722222 0.00185236
9 0.291927 0.0694444 0.0119792 0.0166667 0.00189993
7 0.278125 0.0763889 0.0385417 0.147222 0.00203663
2 0.774219 0.119444 0.0182292 0.0388889 0.00206573
9 0.560417 0.0287037 0.0239583 0.0555556 0.00212377
2 0.639323 0.146296 0.0192708 0.05 0.00217888
2 0.342708 0.103241 0.0125 0.0490741 0.00219107
9 0.416406 0.0189815 0.0182292 0.0361111 0.00243023
9 0.2625 0.0384259 0.015625 0.0638889 0.00248438
12 0.966406 0.499074 0.0255208 0.0759259 0.00259603
9 0.263021 0.087963 0.009375 0.037037 0.00263199
9 0.111198 0.0259259 0.0130208 0.0351852 0.00266216
7 0.29349 0.102778 0.0734375 0.0981481 0.00268677
0 0.0994792 0.12963 0.01875 0.037037 0.00268844
2 0.220313 0.105556 0.0458333 0.0407407 0.00277142
2 0.384635 0.109722 0.197396 0.0787037 0.0031262
9 0.548177 0.0518519 0.0109375 0.0240741 0.0031435
9 0.29349 0.0569444 0.00885417 0.037963 0.00362681
0 0.757552 0.0759259 0.00989583 0.0481481 0.00383448
2 0.605208 0.0597222 0.0104167 0.025 0.00412415
0 0.363542 0.0689815 0.0114583 0.0287037 0.00424393
2 0.00651042 0.0912037 0.0130208 0.0435185 0.00427944
7 0.21901 0.0638889 0.0494792 0.0722222 0.00450444
2 0.267969 0.0976852 0.0109375 0.0527778 0.0045117
0 0.709375 0.373148 0.0177083 0.0259259 0.00457637
5 0.214323 0.0615741 0.0380208 0.0583333 0.00459668
2 0.785156 0.0888889 0.0140625 0.0222222 0.0046912
9 0.20651 0.0685185 0.0192708 0.0407407 0.00487881
2 0.307813 0.0819444 0.021875 0.0342593 0.00498434
2 0.592188 0.124537 0.0166667 0.0268519 0.0050559
2 0.479427 0.106944 0.0536458 0.0601852 0.00562666
2 0.238542 0.140741 0.01875 0.0407407 0.00596726
0 0.717708 0.370833 0.0208333 0.0268519 0.00627388
2 0.651042 0.150463 0.0416667 0.0564815 0.0063692
9 0.220573 0.087963 0.0109375 0.0148148 0.0072069
0 0.363802 0.0787037 0.00989583 0.0314815 0.00817744
12 0.994792 0.493056 0.009375 0.125 0.00858351
2 0.442708 0.0875 0.0135417 0.0268519 0.00922088
0 0.756771 0.0925926 0.0135417 0.0814815 0.00963903
11 0.23724 0.0671296 0.0161458 0.0398148 0.0107361
2 0.340104 0.0875 0.0114583 0.0287037 0.0119136
12 0.972917 0.494907 0.0395833 0.117593 0.0122387
9 0.442708 0.087963 0.0125 0.0259259 0.0147474
0 0.634635 0.143981 0.0109375 0.0472222 0.0159105
2 0.461979 0.112037 0.0135417 0.037037 0.0186971
2 0.490885 0.106481 0.0192708 0.0518519 0.0188157
9 0.26901 0.0342593 0.0213542 0.0611111 0.020868
9 0.566667 0.0314815 0.0125 0.0574074 0.0231154
2 0.271875 0.110648 0.0145833 0.0361111 0.0250083
9 0.223438 0.0527778 0.0135417 0.0351852 0.0252445
9 0.502604 0.759722 0.0114583 0.0564815 0.041255
9 0.5 0.602778 0.015625 0.0407407 0.0899006
7 0.294792 0.108796 0.0333333 0.0805556 0.0904604
9 0.567187 0.0481481 0.009375 0.0240741 0.118117
2 0.29349 0.109722 0.0296875 0.0805556 0.135354
2 0.321875 0.0856481 0.0375 0.0342593 0.253307
2 0.485417 0.0712963 0.0208333 0.0314815 0.278138
2 0.627083 0.122222 0.025 0.0518519 0.288128
2 0.472135 0.108333 0.0307292 0.0444444 0.318935
2 0.471354 0.0685185 0.015625 0.0277778 0.34305
2 0.50599 0.103241 0.0432292 0.0638889 0.530928
2 0.318229 0.121759 0.0510417 0.0712963 0.661295
10 0.204167 0.315278 0.015625 0.0694444 0.719144
11 0.729427 0.0421296 0.0276042 0.0564815 0.769103
2 0.380729 0.106944 0.040625 0.0527778 0.823203
2 0.729948 0.419444 0.121354 0.174074 0.909333
