2 0.814323 0.075 0.0161458 0.0166667 0.00100709
9 0.236458 0.0634259 0.0177083 0.0342593 0.00101286
12 0.989062 0.496296 0.0208333 0.127778 0.00101696
2 0.21901 0.128241 0.0578125 0.0675926 0.00101854
12 0.692448 0.162963 0.0078125 0.0388889 0.00104454
12 0.995573 0.52963 0.0078125 0.037037 0.00104525
32 0.454427 0.315278 0.0078125 0.0138889 0.00105289
9 0.547917 0.0513889 0.0114583 0.025 0.00106795
9 0.572396 0.0324074 0.015625 0.0611111 0.00108198
12 0.701823 0.140278 0.0223958 0.0824074 0.0010923
9 0.261719 0.0416667 0.0151042 0.0537037 0.00109344
0 0.455208 0.373148 0.663542 0.65 0.00115916
0 0.26276 0.109259 0.00885417 0.0407407 0.00117073
9 0.990885 0.500463 0.0171875 0.141667 0.00118434
13 0.96224 0.552778 0.0380208 0.0388889 0.0012057
1 0.810156 0.330093 0.0203125 0.0898148 0.00125199
2 0.466927 0.120833 0.0296875 0.0527778 0.0013488
58 0.967969 0.498148 0.0286458 0.0814815 0.00141031
2 0.590885 0.425 0.579687 0.174074 0.00141606
9 0.213021 0.0569444 0.034375 0.0546296 0.00148887
9 0.115365 0.0240741 0.0130208 0.037037 0.00152184
0 0.757552 0.0731481 0.00989583 0.0444444 0.0015383
13 0.986458 0.518519 0.0260417 0.175926 0.00156656
9 0.263021 0.0907407 0.00833333 0.0425926 0.00158244
9 0.29401 0.0569444 0.00989583 0.037963 0.00170574
9 0.254687 0.087037 0.0135417 0.037037 0.00172697
7 0.146615 0.0916667 0.0682292 0.0796296 0.00177112
2 0.774219 0.122222 0.0182292 0.0407407 0.00181664
11 0.236719 0.0685185 0.0171875 0.0425926 0.00183035
9 0.258854 0.0759259 0.0114583 0.0462963 0.001834
5 0.214323 0.0597222 0.0338542 0.0583333 0.00208253
2 0.295833 0.110648 0.09375 0.0861111 0.00218499
2 0.647396 0.148611 0.0354167 0.0583333 0.00228562
5 0.220313 0.0800926 0.053125 0.0768519 0.00234753
9 0.363281 0.0685185 0.0119792 0.0222222 0.00236995
2 0.49401 0.1125 0.309896 0.0694444 0.00251325
9 0.502344 0.760185 0.0119792 0.0537037 0.00257043
7 0.220052 0.0657407 0.0505208 0.0777778 0.00257082
1 0.0114583 0.366667 0.0229167 0.0481481 0.00259447
0 0.715625 0.371759 0.0239583 0.0268519 0.00260337
2 0.307031 0.0819444 0.0213542 0.0342593 0.00267427
0 0.361719 0.0763889 0.00989583 0.0268519 0.00286297
9 0.292969 0.0708333 0.00989583 0.0175926 0.0035042
2 0.405208 0.112963 0.123958 0.0592593 0.00355298
0 0.757031 0.0916667 0.0119792 0.0796296 0.00395238
13 0.0132813 0.391667 0.0265625 0.116667 0.00415828
7 0.321354 0.0847222 0.040625 0.0398148 0.00527382
12 0.994792 0.492593 0.009375 0.122222 0.00556536
1 0.00442708 0.392593 0.00885417 0.114815 0.00588585
9 0.221094 0.0893519 0.0109375 0.0138889 0.00643957
2 0.442708 0.087963 0.0145833 0.0277778 0.00758226
13 0.00442708 0.398611 0.00885417 0.102778 0.0079674
1 0.009375 0.391204 0.01875 0.119444 0.0081304
2 0.785156 0.0907407 0.0140625 0.0203704 0.0083541
2 0.343229 0.111111 0.009375 0.0425926 0.00848901
2 0.270312 0.110648 0.0125 0.0361111 0.00961726
9 0.269792 0.0314815 0.0208333 0.0518519 0.0114582
11 0.60651 0.0611111 0.00989583 0.0222222 0.0122118
9 0.442969 0.0888889 0.0140625 0.0314815 0.0145316
2 0.372135 0.115278 0.0505208 0.0564815 0.0160041
9 0.207031 0.0662037 0.0171875 0.0416667 0.0173807
2 0.238802 0.141667 0.0182292 0.0407407 0.0183895
2 0.592969 0.127778 0.0171875 0.0222222 0.0260379
0 0.635417 0.148148 0.009375 0.05 0.0303607
2 0.290104 0.118056 0.021875 0.0675926 0.0331458
9 0.567448 0.0486111 0.0078125 0.025 0.0379432
2 0.44349 0.115741 0.0203125 0.0240741 0.0421463
7 0.296875 0.109722 0.0333333 0.0805556 0.0509437
9 0.222656 0.0583333 0.0119792 0.037037 0.0557429
2 0.322396 0.0875 0.0375 0.0342593 0.180439
2 0.627604 0.121759 0.025 0.0509259 0.340808
2 0.365365 0.116667 0.0286458 0.0314815 0.395488
2 0.510156 0.103704 0.0348958 0.062963 0.611762
10 0.203906 0.316204 0.0161458 0.0712963 0.631445
2 0.31901 0.121296 0.0505208 0.0685185 0.647988
2 0.476562 0.12037 0.0510417 0.0833333 0.675243
2 0.386719 0.111111 0.0369792 0.0407407 0.694262
11 0.729427 0.0435185 0.0265625 0.0574074 0.740658
2 0.373177 0.215278 0.0859375 0.130556 0.853566
2 0.729688 0.42037 0.122917 0.17037 0.908625
