12 0.701823 0.139352 0.0223958 0.0861111 0.00102574
0 0.458854 0.37963 0.648958 0.65 0.00103255
12 0.692187 0.162963 0.00833333 0.0388889 0.0010769
2 0.790885 0.0777778 0.0255208 0.0296296 0.00109477
9 0.108333 0.0268519 0.0125 0.0407407 0.00109903
2 0.774479 0.12037 0.01875 0.0388889 0.00111221
2 0.809375 0.0717593 0.0145833 0.0194444 0.00123116
1 0.00989583 0.393056 0.0197917 0.121296 0.00127286
1 0.0580729 0.168981 0.0567708 0.0694444 0.00131544
2 0.602604 0.425926 0.613542 0.175926 0.00133176
9 0.26901 0.0587963 0.0192708 0.037963 0.00133584
13 0.970573 0.522685 0.0578125 0.197222 0.00133761
9 0.259375 0.075 0.0125 0.0481481 0.00140618
41 0.50026 0.602315 0.0151042 0.0416667 0.00141304
9 0.263281 0.0925926 0.00885417 0.0462963 0.00142042
2 0.659896 0.156019 0.0604167 0.0601852 0.00144388
9 0.502344 0.759722 0.0119792 0.0546296 0.00144572
9 0.116667 0.0231481 0.0145833 0.0388889 0.00145617
0 0.263021 0.108333 0.00833333 0.0425926 0.00147272
13 0.00416667 0.421296 0.00833333 0.0592593 0.00150323
2 0.490104 0.103704 0.0333333 0.0592593 0.00154277
2 0.576302 0.125926 0.0505208 0.0333333 0.0016224
2 0.491927 0.112037 0.391146 0.0740741 0.00176707
9 0.361979 0.0694444 0.009375 0.0277778 0.00177674
13 0.96224 0.554167 0.0401042 0.0435185 0.00184066
9 0.29401 0.0550926 0.00885417 0.0361111 0.00186163
9 0.254687 0.0865741 0.0145833 0.037963 0.00186744
2 0.00416667 0.424074 0.00833333 0.0555556 0.0018774
1 0.00520833 0.377315 0.0104167 0.0787037 0.00198901
2 0.817187 0.0689815 0.0114583 0.0138889 0.00200228
9 0.292188 0.0699074 0.0104167 0.0157407 0.00202516
7 0.145573 0.0912037 0.0682292 0.0787037 0.00208144
2 0.468229 0.0972222 0.0354167 0.0444444 0.00208901
11 0.236719 0.0685185 0.0171875 0.0425926 0.00227546
2 0.813802 0.074537 0.0151042 0.0175926 0.00234827
7 0.794792 0.0638889 0.0375 0.0574074 0.00238961
2 0.350781 0.1125 0.0213542 0.0361111 0.00249473
13 0.986198 0.518519 0.0265625 0.17963 0.00260665
9 0.99375 0.490741 0.0114583 0.12037 0.00278328
13 0.970312 0.568519 0.0572917 0.0851852 0.00286782
2 0.297656 0.108333 0.0901042 0.0851852 0.0029012
1 0.0132813 0.37037 0.0265625 0.0648148 0.00298982
7 0.220313 0.0652778 0.05 0.0731481 0.00315813
12 0.994531 0.49213 0.00989583 0.125 0.00329641
2 0.635156 0.151852 0.0119792 0.0611111 0.00334476
0 0.710156 0.373611 0.0203125 0.0268519 0.00375427
58 0.968229 0.494444 0.0302083 0.087037 0.00380918
5 0.214062 0.0606481 0.0333333 0.0583333 0.00402001
5 0.220313 0.0763889 0.0520833 0.075 0.00407399
2 0.784375 0.0893519 0.0135417 0.0194444 0.00639306
9 0.220052 0.0888889 0.00989583 0.0148148 0.00645416
2 0.354167 0.114352 0.0989583 0.062037 0.00660289
9 0.207292 0.0662037 0.01875 0.0453704 0.00681664
11 0.60625 0.0597222 0.009375 0.0231481 0.00793276
2 0.442187 0.087037 0.0135417 0.0259259 0.00821249
9 0.21901 0.0541667 0.0213542 0.0435185 0.0112704
9 0.269271 0.0319444 0.0208333 0.0583333 0.0122047
0 0.75651 0.0898148 0.0130208 0.0796296 0.0129731
9 0.442187 0.0888889 0.0135417 0.0296296 0.0139247
2 0.238542 0.140741 0.0177083 0.0407407 0.014355
2 0.270833 0.110185 0.0135417 0.037037 0.0166258
0 0.634635 0.146296 0.0109375 0.0518519 0.0191693
9 0.567448 0.0481481 0.0078125 0.0240741 0.020841
2 0.592708 0.125 0.0177083 0.0240741 0.0225033
2 0.386719 0.0953704 0.0182292 0.0185185 0.0409149
2 0.290104 0.11713 0.0229167 0.0657407 0.0450423
9 0.222656 0.0597222 0.0119792 0.037963 0.0508292
7 0.296875 0.106944 0.034375 0.0787037 0.0549386
2 0.442969 0.114352 0.0182292 0.0231481 0.144894
2 0.627604 0.122222 0.025 0.0518519 0.242501
2 0.322135 0.0861111 0.0369792 0.0351852 0.244584
2 0.379427 0.116667 0.0255208 0.0296296 0.314577
2 0.473958 0.115741 0.0489583 0.0796296 0.461379
2 0.395312 0.110648 0.0333333 0.037963 0.474613
7 0.473698 0.116204 0.0494792 0.0805556 0.485167
2 0.508854 0.10463 0.0364583 0.062963 0.52175
2 0.31875 0.122222 0.05 0.0685185 0.741739
10 0.203906 0.315278 0.0161458 0.0712963 0.756555
11 0.729427 0.0425926 0.0265625 0.0555556 0.760875
2 0.372135 0.224537 0.0880208 0.136111 0.887031
2 0.729688 0.42037 0.122917 0.17037 0.912039
