2 0.771875 0.113426 0.0145833 0.0287037 0.00100871
2 0.253385 0.128241 0.0213542 0.0601852 0.00104361
13 0.961198 0.556019 0.0380208 0.0435185 0.00105962
13 0.953125 0.418056 0.09375 0.134259 0.00106515
2 0.586198 0.422685 0.558854 0.178704 0.00106968
2 0.779427 0.105556 0.0317708 0.0537037 0.00108585
7 0.236979 0.075 0.01875 0.0574074 0.00116413
2 0.0125 0.39537 0.025 0.116667 0.00119214
12 0.702083 0.130093 0.0229167 0.0657407 0.00119487
2 0.648438 0.147222 0.0375 0.0611111 0.0012229
0 0.731771 0.371296 0.0270833 0.0296296 0.00123312
9 0.257552 0.0773148 0.0140625 0.0527778 0.00123765
0 0.756771 0.0865741 0.0135417 0.0694444 0.0013032
2 0.0299479 0.106944 0.0484375 0.0601852 0.00139861
2 0.757031 0.118981 0.0140625 0.0342593 0.00141868
2 0.00520833 0.0925926 0.0104167 0.0462963 0.00142823
9 0.253125 0.0884259 0.015625 0.0342593 0.00149738
2 0.421875 0.113426 0.310417 0.0916667 0.00165528
2 0.228125 0.1375 0.0385417 0.0490741 0.00173759
11 0.236979 0.0685185 0.0166667 0.0444444 0.00173886
2 0.53125 0.1125 0.0135417 0.0435185 0.00175915
2 0.538021 0.112037 0.303125 0.0796296 0.00178945
9 0.414844 0.0101852 0.0140625 0.0203704 0.00183017
2 0.816927 0.0694444 0.0119792 0.0111111 0.00191062
3 0.817187 0.232407 0.009375 0.0444444 0.0019822
2 0.443229 0.0875 0.0145833 0.0287037 0.00202353
32 0.460677 0.356944 0.0109375 0.0157407 0.00205301
0 0.757552 0.0712963 0.00989583 0.0388889 0.00210552
7 0.290625 0.102315 0.0697917 0.0953704 0.00213015
12 0.701563 0.164815 0.0239583 0.0351852 0.00217329
2 0.238021 0.118056 0.01875 0.0509259 0.00224699
1 0.00572917 0.389352 0.0114583 0.115741 0.00229119
13 0.0140625 0.391204 0.028125 0.0972222 0.00230017
13 0.00442708 0.39537 0.00885417 0.111111 0.00242171
2 0.592188 0.125463 0.0166667 0.025 0.00250405
2 0.445573 0.11713 0.0244792 0.0212963 0.00251099
9 0.5 0.602315 0.0145833 0.037963 0.00255292
2 0.817187 0.231944 0.009375 0.0453704 0.00261689
58 0.96849 0.499537 0.0307292 0.087963 0.00262703
32 0.454688 0.315278 0.00729167 0.0157407 0.00269191
9 0.361979 0.0671296 0.00833333 0.0287037 0.00280463
7 0.275 0.037963 0.0364583 0.0740741 0.00291229
9 0.994792 0.49537 0.009375 0.135185 0.00307359
2 0.299219 0.0800926 0.0411458 0.0712963 0.00326986
0 0.716146 0.370833 0.0239583 0.0287037 0.00331396
0 0.263021 0.103704 0.009375 0.05 0.0033226
12 0.99401 0.498611 0.0109375 0.134259 0.00368583
9 0.263542 0.0902778 0.00833333 0.037963 0.00368881
2 0.813021 0.075463 0.0177083 0.0157407 0.00390132
1 0.809896 0.327778 0.0197917 0.0851852 0.00406554
0 0.995573 0.331019 0.0078125 0.0546296 0.00448649
12 0.689062 0.169907 0.0135417 0.0305556 0.0050651
9 0.266406 0.0990741 0.00989583 0.0518519 0.00586238
11 0.60625 0.0606481 0.009375 0.0231481 0.00622293
2 0.00390625 0.41713 0.0078125 0.0675926 0.0062285
58 0.442969 0.0875 0.0140625 0.0287037 0.0063896
9 0.216406 0.0569444 0.0265625 0.0546296 0.00755383
9 0.26901 0.0273148 0.0213542 0.0472222 0.00780045
2 0.270833 0.108333 0.0125 0.0425926 0.0107525
2 0.785417 0.0893519 0.0145833 0.0231481 0.0124947
9 0.573958 0.0305556 0.0145833 0.0592593 0.0153027
9 0.208854 0.0680556 0.0239583 0.0472222 0.0178697
2 0.499219 0.124074 0.0348958 0.0259259 0.0194667
2 0.634896 0.143981 0.0114583 0.0527778 0.0216221
0 0.635156 0.147685 0.00989583 0.0527778 0.0234455
2 0.269792 0.0462963 0.01875 0.0388889 0.0262058
5 0.220833 0.0703704 0.05 0.0648148 0.028405
7 0.220313 0.0689815 0.05 0.0638889 0.0340693
9 0.502865 0.759259 0.0119792 0.0537037 0.0402096
2 0.491927 0.10787 0.0182292 0.0490741 0.0494729
7 0.311198 0.1125 0.0609375 0.0842593 0.0523908
7 0.304948 0.0662037 0.0276042 0.0453704 0.0525688
9 0.567187 0.0486111 0.00729167 0.0231481 0.0640852
2 0.238542 0.14213 0.0177083 0.037963 0.0693304
2 0.321354 0.0898148 0.0395833 0.037037 0.0873522
7 0.29349 0.112037 0.0286458 0.0759259 0.0883894
2 0.46276 0.114815 0.0130208 0.0333333 0.0890421
2 0.479688 0.106481 0.021875 0.0388889 0.106572
2 0.29375 0.112037 0.0291667 0.0759259 0.174785
2 0.470573 0.112037 0.0276042 0.0407407 0.266049
2 0.627344 0.122222 0.0255208 0.0537037 0.270588
2 0.304427 0.0583333 0.0276042 0.0314815 0.575133
2 0.318229 0.120833 0.0510417 0.0712963 0.62508
2 0.50599 0.104167 0.0432292 0.062037 0.681011
10 0.203646 0.316667 0.0166667 0.0722222 0.76495
11 0.728906 0.0425926 0.0276042 0.0555556 0.805777
2 0.485677 0.168519 0.0578125 0.0777778 0.859558
2 0.729688 0.419907 0.122917 0.171296 0.906936
