7 0.988542 0.520833 0.021875 0.187963 0.00100537
2 0.814062 0.074537 0.0166667 0.0194444 0.00105729
2 0.615625 0.425926 0.65625 0.177778 0.00107552
2 0.638281 0.147222 0.0140625 0.0518519 0.00108077
9 0.483333 0.0421296 0.00833333 0.0268519 0.00114116
7 0.32474 0.087037 0.0453125 0.0481481 0.00114135
13 0.970573 0.528241 0.0578125 0.180556 0.00117261
9 0.217448 0.0768519 0.0223958 0.0351852 0.00117316
7 0.147656 0.0907407 0.0661458 0.0777778 0.00118636
9 0.115104 0.024537 0.0125 0.0398148 0.00121942
2 0.478906 0.169444 0.436979 0.192593 0.00122699
2 0.773698 0.114352 0.0161458 0.0305556 0.00123178
0 0.708854 0.373148 0.0197917 0.0277778 0.00124571
0 0.45599 0.399537 0.604688 0.702778 0.00127927
58 0.967188 0.496296 0.0270833 0.0796296 0.00130025
1 0.809896 0.328704 0.0208333 0.0888889 0.00139806
9 0.988802 0.519907 0.0213542 0.182407 0.00139933
2 0.66224 0.150926 0.0619792 0.062963 0.00155198
0 0.360677 0.0759259 0.0130208 0.0314815 0.00158525
12 0.692969 0.162963 0.0078125 0.0388889 0.00165992
0 0.716927 0.372222 0.0234375 0.0277778 0.00167019
2 0.470833 0.122685 0.034375 0.0453704 0.00169999
9 0.757552 0.0759259 0.00989583 0.0462963 0.00184725
9 0.266927 0.0976852 0.0109375 0.0527778 0.00189194
0 0.263021 0.108333 0.00833333 0.0444444 0.00194765
9 0.995313 0.526389 0.00833333 0.0435185 0.00213153
12 0.701823 0.145833 0.0223958 0.0712963 0.00218543
5 0.219792 0.0773148 0.053125 0.075 0.00222218
12 0.989062 0.500463 0.0208333 0.136111 0.00229124
9 0.26276 0.0888889 0.0078125 0.0388889 0.00230937
2 0.298698 0.111111 0.0942708 0.0833333 0.00232764
13 0.986198 0.518981 0.0265625 0.175 0.00240974
2 0.440365 0.113889 0.0192708 0.0277778 0.00241687
9 0.25599 0.0773148 0.0109375 0.0472222 0.00281206
9 0.363542 0.0708333 0.0125 0.0268519 0.00283464
1 0.0122396 0.368056 0.0244792 0.062037 0.00308896
2 0.302083 0.0842593 0.0291667 0.0407407 0.00322701
11 0.236979 0.0694444 0.0177083 0.0462963 0.00323127
2 0.451823 0.116204 0.340104 0.0768519 0.00324044
7 0.220052 0.0643518 0.0515625 0.0712963 0.00343456
2 0.292708 0.0712963 0.0104167 0.0166667 0.00406101
13 0.0140625 0.393519 0.028125 0.118519 0.00421027
0 0.757292 0.0935185 0.0125 0.0796296 0.0042599
1 0.00416667 0.368519 0.00833333 0.0703704 0.00426082
11 0.240625 0.0310185 0.021875 0.0583333 0.0044106
1 0.00911458 0.393981 0.0182292 0.121296 0.00442165
0 0.445052 0.100926 0.0223958 0.0462963 0.0046178
9 0.99375 0.493981 0.0114583 0.123148 0.00465097
1 0.00416667 0.403241 0.00833333 0.0990741 0.00502138
2 0.785156 0.0907407 0.0140625 0.0185185 0.00556569
12 0.994531 0.496759 0.00989583 0.130556 0.00604856
10 0.44349 0.0888889 0.0151042 0.0314815 0.00628437
2 0.442969 0.0888889 0.0151042 0.0296296 0.00689117
2 0.452604 0.110648 0.0166667 0.0268519 0.00790513
2 0.269531 0.111574 0.0119792 0.0361111 0.0081493
2 0.352083 0.115741 0.0885417 0.0666667 0.00819479
9 0.215104 0.0574074 0.0291667 0.05 0.00882661
9 0.502865 0.760185 0.0119792 0.0537037 0.0091621
13 0.00364583 0.399074 0.00729167 0.103704 0.00994242
9 0.208073 0.0662037 0.0192708 0.0453704 0.0127356
2 0.239063 0.140741 0.0197917 0.0407407 0.0137508
9 0.269531 0.0351852 0.0213542 0.062963 0.0153202
2 0.592969 0.127315 0.0171875 0.0231481 0.0160746
9 0.567708 0.0486111 0.00833333 0.0231481 0.0261776
0 0.635938 0.147685 0.009375 0.0490741 0.0413856
2 0.291927 0.113426 0.0244792 0.0675926 0.0447553
7 0.297396 0.107407 0.034375 0.0851852 0.0455728
11 0.60651 0.0601852 0.00989583 0.0222222 0.0589274
2 0.322656 0.0888889 0.0380208 0.0388889 0.251291
2 0.627865 0.121759 0.0255208 0.0509259 0.323316
2 0.509635 0.103704 0.0359375 0.062963 0.613438
2 0.367969 0.112037 0.0473958 0.0425926 0.682769
10 0.204167 0.316204 0.0166667 0.0712963 0.698662
11 0.729948 0.0430556 0.0265625 0.0564815 0.729105
2 0.31849 0.122222 0.0494792 0.0685185 0.753443
2 0.480729 0.131481 0.0541667 0.087037 0.804934
2 0.372917 0.202315 0.0822917 0.125 0.825946
2 0.729948 0.42037 0.122396 0.17037 0.918315
