0 0.729167 0.372222 0.0291667 0.0296296 0.00102417
7 0.970312 0.53287 0.0583333 0.210185 0.00102642
2 0.655729 0.139352 0.0791667 0.0824074 0.00103587
7 0.341406 0.0611111 0.0359375 0.0351852 0.00104164
2 0.744531 0.155093 0.0203125 0.0194444 0.00105798
9 0.816927 0.236574 0.00885417 0.0361111 0.0010782
2 0.756771 0.118056 0.0145833 0.0342593 0.00109517
2 0.489583 0.104167 0.034375 0.0601852 0.00113515
2 0.582031 0.422222 0.602604 0.17963 0.0011743
9 0.582812 0.0425926 0.0114583 0.0388889 0.00121414
11 0.221875 0.0666667 0.05 0.0574074 0.00127154
0 0.739583 0.369907 0.0260417 0.0324074 0.0012727
9 0.110677 0.0287037 0.0140625 0.0388889 0.00128792
1 0.0236979 0.387037 0.0473958 0.127778 0.00132088
9 0.292448 0.0513889 0.00885417 0.0416667 0.00132919
13 0.972656 0.522222 0.0536458 0.177778 0.00133981
9 0.579687 0.0324074 0.0135417 0.0555556 0.00134398
13 0.961719 0.553704 0.0380208 0.0407407 0.00139014
0 0.457552 0.0652778 0.0119792 0.025 0.0016223
2 0.334375 0.104167 0.021875 0.0490741 0.00166571
2 0.0510417 0.0666667 0.0520833 0.0240741 0.00167171
12 0.701823 0.164815 0.0203125 0.037037 0.00170128
12 0.995313 0.531944 0.00833333 0.0564815 0.00179816
9 0.50026 0.600463 0.0151042 0.0416667 0.0018098
9 0.263021 0.0851852 0.00833333 0.0314815 0.00181302
1 0.811198 0.33287 0.0192708 0.0935185 0.00184266
2 0.489062 0.108333 0.0166667 0.062963 0.0018537
0 0.2625 0.10787 0.009375 0.0472222 0.00187388
9 0.416406 0.00925926 0.0161458 0.0185185 0.00193929
32 0.453646 0.316204 0.00833333 0.0157407 0.00199197
58 0.96875 0.497222 0.03125 0.0888889 0.00199434
9 0.991146 0.507407 0.0166667 0.148148 0.00199785
2 0.219792 0.136574 0.0572917 0.0527778 0.00226081
2 0.792188 0.0912037 0.0354167 0.0324074 0.00228673
0 0.995833 0.328704 0.00729167 0.0555556 0.00229241
2 0.0330729 0.0666667 0.0192708 0.0185185 0.00238
0 0.757292 0.087037 0.0135417 0.0685185 0.00239394
2 0.239063 0.108796 0.0177083 0.0361111 0.00247437
9 0.252604 0.0851852 0.0125 0.0333333 0.00253328
2 0.520573 0.112037 0.316146 0.0796296 0.00255087
2 0.29375 0.0898148 0.03125 0.0537037 0.00261327
9 0.266667 0.0986111 0.0114583 0.0527778 0.00262761
2 0.593229 0.125463 0.0166667 0.025 0.00265365
0 0.75651 0.372685 0.0203125 0.0305556 0.00297667
2 0.772656 0.112037 0.0151042 0.0240741 0.00302653
12 0.693229 0.163889 0.00729167 0.037037 0.00312643
2 0.0260417 0.350926 0.05 0.0203704 0.0031769
2 0.461198 0.0939815 0.0317708 0.037963 0.00326696
9 0.256771 0.0726852 0.009375 0.0453704 0.00372799
5 0.220833 0.0699074 0.0510417 0.0638889 0.0037929
2 0.336198 0.0851852 0.0203125 0.0333333 0.00386083
12 0.702344 0.1375 0.0234375 0.087963 0.00413334
0 0.715104 0.372685 0.025 0.0268519 0.00443904
9 0.56849 0.0324074 0.0109375 0.0574074 0.00446696
2 0.0132813 0.372222 0.0265625 0.0574074 0.00456571
1 0.0046875 0.373148 0.009375 0.062963 0.00500935
1 0.009375 0.399074 0.01875 0.111111 0.00512285
13 0.0140625 0.396759 0.028125 0.112037 0.00559071
2 0.779427 0.102315 0.0286458 0.0435185 0.00575861
2 0.270833 0.10787 0.0135417 0.0416667 0.00681283
1 0.00442708 0.407407 0.00885417 0.0907407 0.00682853
2 0.439323 0.115278 0.0140625 0.0305556 0.00716396
11 0.236719 0.0689815 0.0182292 0.0435185 0.00716471
12 0.992969 0.5 0.0130208 0.133333 0.00743189
7 0.220313 0.0675926 0.0510417 0.062963 0.00869668
9 0.209115 0.0671296 0.0234375 0.0435185 0.00894559
13 0.00416667 0.404167 0.00833333 0.0972222 0.0108873
12 0.60599 0.0606481 0.00989583 0.025 0.0113792
2 0.238542 0.140741 0.01875 0.0425926 0.0132527
2 0.441406 0.103241 0.0140625 0.0472222 0.0133142
2 0.635417 0.144444 0.0114583 0.0537037 0.0211925
9 0.502865 0.761111 0.0119792 0.0518519 0.0215841
0 0.635677 0.146759 0.00989583 0.0509259 0.0222801
2 0.443229 0.087963 0.015625 0.0277778 0.0244871
2 0.785417 0.0898148 0.0145833 0.0222222 0.0331488
9 0.26901 0.0347222 0.0213542 0.0675926 0.0410938
9 0.567187 0.0481481 0.00833333 0.0240741 0.0555824
0 0.391667 0.0574074 0.00833333 0.0296296 0.0568484
2 0.29974 0.109722 0.0411458 0.087963 0.149208
2 0.320573 0.0893519 0.0390625 0.0361111 0.175766
2 0.366927 0.0689815 0.0109375 0.0175926 0.192193
7 0.299479 0.106944 0.0427083 0.0842593 0.208207
2 0.627604 0.122222 0.0260417 0.0518519 0.367864
2 0.341927 0.0634259 0.0359375 0.0305556 0.475202
2 0.318229 0.12037 0.0510417 0.0740741 0.690824
10 0.203906 0.316667 0.0161458 0.0703704 0.694913
2 0.509115 0.10463 0.0359375 0.062963 0.749496
2 0.469792 0.11713 0.0541667 0.0805556 0.778701
11 0.729167 0.0435185 0.0260417 0.0555556 0.81171
2 0.729948 0.419444 0.122396 0.172222 0.911338
