9 0.559115 0.0268519 0.0192708 0.0462963 0.00100134
2 0.24349 0.108333 0.0130208 0.037037 0.0010364
0 0.442969 0.0990741 0.0182292 0.0518519 0.0010548
9 0.566146 0.0550926 0.0114583 0.037963 0.00105583
2 0.466927 0.0231481 0.0213542 0.0203704 0.00105863
2 0.286458 0.0712963 0.0229167 0.0388889 0.00112025
58 0.96849 0.49537 0.0307292 0.087037 0.00113337
9 0.257031 0.0768519 0.0151042 0.0481481 0.00120388
11 0.239583 0.0365741 0.0229167 0.0712963 0.00120517
7 0.220313 0.0921296 0.053125 0.125 0.00124439
9 0.440885 0.226389 0.00989583 0.0175926 0.00128405
2 0.219531 0.433796 0.436979 0.184259 0.00129934
2 0.797396 0.0847222 0.0375 0.0305556 0.00139634
7 0.99349 0.516667 0.0119792 0.17037 0.00145785
12 0.702344 0.133333 0.0234375 0.0759259 0.00149407
9 0.26276 0.0902778 0.00885417 0.0435185 0.00157921
0 0.755729 0.0939815 0.0166667 0.0805556 0.00165768
2 0.294531 0.105093 0.0817708 0.0972222 0.00178559
12 0.691927 0.1625 0.00885417 0.0416667 0.00180607
32 0.460677 0.356481 0.0109375 0.0166667 0.00191925
9 0.582552 0.037963 0.0140625 0.0481481 0.00192513
12 0.701563 0.163426 0.0239583 0.0361111 0.00194082
7 0.277083 0.0680556 0.0416667 0.130556 0.0019636
13 0.971094 0.518981 0.0567708 0.175 0.00204886
9 0.547656 0.0527778 0.00989583 0.0240741 0.00206222
0 0.740625 0.371296 0.0239583 0.0314815 0.00216213
2 0.661198 0.148148 0.0682292 0.0777778 0.00233732
2 0.0260417 0.395833 0.0520833 0.117593 0.00235385
7 0.7875 0.0648148 0.0229167 0.0611111 0.00243843
7 0.377865 0.0518519 0.0494792 0.0574074 0.00246816
7 0.970833 0.522222 0.0572917 0.190741 0.00250556
2 0.420052 0.110185 0.297396 0.087037 0.00252628
0 0.995573 0.327778 0.0078125 0.0537037 0.00254665
2 0.533073 0.424537 0.547396 0.186111 0.00268698
2 0.33099 0.0787037 0.0328125 0.0314815 0.00283459
2 0.0263021 0.35787 0.0515625 0.037963 0.0028577
2 0.0114583 0.365278 0.0229167 0.0416667 0.00292701
9 0.99375 0.512037 0.0114583 0.162963 0.00295723
0 0.73099 0.372685 0.0255208 0.0287037 0.00295874
11 0.236719 0.0689815 0.0171875 0.0453704 0.00298735
2 0.814062 0.0763889 0.0177083 0.0175926 0.00301853
2 0.56224 0.110648 0.233854 0.075 0.00319877
2 0.473177 0.110185 0.0796875 0.0685185 0.00323806
0 0.263281 0.101852 0.00885417 0.0555556 0.00325161
13 0.96224 0.556481 0.0401042 0.0462963 0.00379226
9 0.502083 0.760648 0.0135417 0.0546296 0.00388852
0 0.267188 0.0990741 0.0114583 0.0574074 0.00396816
12 0.994531 0.506944 0.00989583 0.15463 0.00430635
0 0.757031 0.374074 0.0192708 0.0296296 0.00435272
9 0.269792 0.0435185 0.021875 0.062963 0.00467135
2 0.60599 0.0601852 0.00989583 0.0240741 0.00520814
2 0.270573 0.108333 0.0130208 0.0425926 0.00554773
2 0.442448 0.0875 0.0140625 0.0268519 0.00568792
2 0.238542 0.140741 0.01875 0.0407407 0.00577894
2 0.591667 0.125463 0.0177083 0.0231481 0.00583385
9 0.207292 0.0680556 0.0197917 0.0416667 0.00613949
2 0.30599 0.0824074 0.0244792 0.0351852 0.00627629
0 0.757031 0.0736111 0.0109375 0.0435185 0.00668739
9 0.573177 0.0310185 0.0140625 0.0583333 0.0072208
5 0.221094 0.0675926 0.0494792 0.0574074 0.00814803
2 0.00494792 0.556481 0.00989583 0.0425926 0.00943433
0 0.332552 0.39537 0.0276042 0.0333333 0.00988017
0 0.36875 0.390278 0.0270833 0.0324074 0.0109673
9 0.29349 0.0555556 0.00989583 0.0407407 0.0118126
0 0.71224 0.373148 0.0213542 0.0259259 0.0141599
7 0.220573 0.0675926 0.0494792 0.0592593 0.0158376
9 0.442448 0.087963 0.0130208 0.0277778 0.021601
9 0.26875 0.0212963 0.021875 0.0388889 0.0254449
0 0.635156 0.148148 0.00989583 0.05 0.0312536
1 0.0135417 0.397222 0.0270833 0.111111 0.0337145
2 0.785677 0.0893519 0.0140625 0.0231481 0.0352479
2 0.486979 0.107407 0.0145833 0.05 0.0360416
1 0.00598958 0.398611 0.0119792 0.108333 0.0391746
7 0.297135 0.106944 0.0369792 0.0842593 0.0544235
2 0.634896 0.147685 0.0114583 0.0546296 0.0585468
2 0.292188 0.108796 0.0270833 0.0787037 0.0617091
9 0.567187 0.0476852 0.00833333 0.0231481 0.0643625
2 0.466146 0.110648 0.0197917 0.0416667 0.144255
2 0.479948 0.109259 0.0213542 0.0444444 0.285594
2 0.360938 0.0583333 0.0197917 0.0351852 0.388273
2 0.322656 0.0884259 0.0369792 0.037963 0.399791
2 0.627083 0.121759 0.025 0.0490741 0.482749
2 0.50599 0.103704 0.0432292 0.062963 0.533614
2 0.383594 0.062037 0.0369792 0.037037 0.544048
2 0.31849 0.122222 0.0505208 0.0703704 0.744602
10 0.203906 0.316204 0.0161458 0.0712963 0.795469
11 0.728906 0.0430556 0.0276042 0.0564815 0.820672
2 0.729688 0.419444 0.122917 0.17037 0.913025
2 0.355469 0.438426 0.124479 0.180556 0.935002
