11 0.23099 0.0652778 0.0307292 0.0490741 0.0010008
9 0.429688 0.0425926 0.00833333 0.0259259 0.00100819
0 0.53151 0.275926 0.517187 0.422222 0.00101811
2 0.58724 0.424074 0.571354 0.174074 0.00102765
32 0.454427 0.314815 0.0078125 0.0148148 0.00106482
9 0.5625 0.05 0.0177083 0.0259259 0.00106484
9 0.502604 0.758796 0.0145833 0.0583333 0.00111777
9 0.259375 0.0731481 0.0135417 0.05 0.00119176
7 0.219531 0.0930556 0.0557292 0.123148 0.0012588
13 0.985417 0.521296 0.028125 0.17963 0.00128001
1 0.009375 0.396296 0.01875 0.116667 0.00129746
0 0.717708 0.372222 0.0239583 0.0259259 0.00131349
0 0.707552 0.372222 0.0192708 0.0277778 0.00140042
9 0.261719 0.050463 0.0151042 0.0435185 0.00145141
13 0.0117188 0.369907 0.0234375 0.0583333 0.00150762
9 0.990365 0.5125 0.0182292 0.167593 0.00152336
9 0.252865 0.0861111 0.0151042 0.0351852 0.0015769
2 0.467708 0.174074 0.00833333 0.0240741 0.00165354
2 0.298177 0.134722 0.0192708 0.0490741 0.00169016
13 0.970312 0.537963 0.0583333 0.177778 0.00176321
9 0.758073 0.0722222 0.00989583 0.0425926 0.0017721
9 0.415365 0.00925926 0.0151042 0.0185185 0.0017859
2 0.295573 0.108333 0.0848958 0.0888889 0.00189683
7 0.970573 0.525926 0.0578125 0.205556 0.00198353
13 0.0132813 0.393981 0.0265625 0.113889 0.00200151
2 0.522396 0.112037 0.332292 0.0759259 0.00201696
2 0.21875 0.139352 0.0583333 0.0453704 0.00202382
2 0.77474 0.123611 0.0192708 0.0453704 0.00208742
1 0.0046875 0.369444 0.009375 0.0648148 0.002178
9 0.236979 0.0689815 0.015625 0.0453704 0.00221803
2 0.65 0.15 0.0385417 0.0555556 0.00222584
9 0.582812 0.0342593 0.0166667 0.062963 0.00249661
0 0.846094 0.211111 0.00885417 0.0796296 0.0025245
0 0.442969 0.0990741 0.0171875 0.0518519 0.00253047
9 0.293229 0.0555556 0.009375 0.0407407 0.00257451
2 0.363542 0.0671296 0.0125 0.0231481 0.00257611
9 0.191406 0.0861111 0.00885417 0.0203704 0.00258188
12 0.976042 0.498148 0.0427083 0.127778 0.00284571
13 0.00390625 0.400463 0.0078125 0.102778 0.00325305
9 0.266667 0.0967593 0.0104167 0.0509259 0.00332323
9 0.290885 0.0712963 0.0130208 0.0148148 0.00345163
2 0.407813 0.113889 0.264583 0.0777778 0.00348991
9 0.263021 0.0856481 0.00833333 0.0324074 0.00361985
9 0.18776 0.0842593 0.00677083 0.0259259 0.00379493
9 0.21875 0.104167 0.0104167 0.0398148 0.00383134
2 0.53151 0.112963 0.0140625 0.0425926 0.00391632
0 0.816927 0.236111 0.00885417 0.0388889 0.00429565
2 0.271094 0.109259 0.0140625 0.0388889 0.00492233
9 0.573177 0.0314815 0.0151042 0.0611111 0.0050364
9 0.458333 0.0652778 0.00729167 0.0287037 0.0055921
12 0.994792 0.493981 0.009375 0.136111 0.00717428
9 0.442708 0.087037 0.0135417 0.0259259 0.0083239
2 0.789062 0.0893519 0.01875 0.025 0.00891748
2 0.442708 0.087037 0.0135417 0.0259259 0.00988188
2 0.592708 0.126389 0.0177083 0.0212963 0.0107308
2 0.605729 0.0597222 0.0104167 0.025 0.0108458
11 0.2375 0.0666667 0.015625 0.0388889 0.0166692
9 0.207552 0.0666667 0.0192708 0.0462963 0.0175713
2 0.238281 0.14213 0.0182292 0.0398148 0.0179216
9 0.216146 0.0615741 0.025 0.0472222 0.0207803
2 0.490104 0.107407 0.0145833 0.05 0.0233697
9 0.269271 0.0347222 0.0208333 0.062037 0.0266984
0 0.635417 0.149537 0.009375 0.0490741 0.0267965
2 0.635417 0.146296 0.0104167 0.05 0.0277532
9 0.21901 0.0902778 0.0078125 0.0157407 0.0343947
2 0.291146 0.111111 0.025 0.0759259 0.044326
9 0.566927 0.0481481 0.0078125 0.0240741 0.0472305
7 0.297396 0.107407 0.0364583 0.0796296 0.0778286
2 0.46276 0.113889 0.0130208 0.0351852 0.0931532
2 0.473437 0.108333 0.034375 0.0462963 0.174228
2 0.321354 0.0861111 0.0385417 0.0351852 0.20897
2 0.627344 0.122222 0.0255208 0.0518519 0.293963
2 0.50599 0.104167 0.0421875 0.062037 0.567009
2 0.317969 0.121759 0.0515625 0.0712963 0.647962
11 0.728906 0.0435185 0.0265625 0.0574074 0.748303
2 0.357292 0.109722 0.0322917 0.0435185 0.771326
10 0.203646 0.316204 0.0166667 0.0731481 0.788329
2 0.498958 0.192593 0.0697917 0.0962963 0.863517
2 0.729948 0.419444 0.122396 0.172222 0.880704
