2 0.991406 0.525 0.0161458 0.175926 0.00103813
9 0.291927 0.0490741 0.00885417 0.0407407 0.00105044
7 0.626042 0.381019 0.342708 0.219444 0.00106347
2 0.238021 0.136111 0.0197917 0.0444444 0.00112485
0 0.528385 0.280556 0.0640625 0.0333333 0.00113357
2 0.792448 0.0990741 0.0578125 0.0648148 0.00114518
9 0.458333 0.0652778 0.00729167 0.025 0.0011876
0 0.265625 0.0962963 0.0135417 0.0574074 0.00125934
2 0.255729 0.0865741 0.0229167 0.0398148 0.00126254
2 0.263542 0.099537 0.0104167 0.0546296 0.00142292
0 0.715885 0.370833 0.0255208 0.0305556 0.00150756
7 0.272135 0.0680556 0.0255208 0.115741 0.00153898
9 0.275 0.0685185 0.0395833 0.133333 0.00156296
9 0.574479 0.0300926 0.0166667 0.0564815 0.00167287
0 0.757552 0.1125 0.0151042 0.062037 0.00170831
9 0.548177 0.0523148 0.0109375 0.0212963 0.00172484
9 0.816406 0.231944 0.00885417 0.037963 0.00183842
7 0.228906 0.0657407 0.0317708 0.0481481 0.00210591
2 0.605208 0.0587963 0.0104167 0.025 0.00216309
13 0.961719 0.551852 0.0390625 0.0425926 0.00224807
2 0.789323 0.087963 0.0255208 0.0222222 0.00230742
2 0.413021 0.105556 0.288542 0.0814815 0.00240152
58 0.967448 0.493981 0.0307292 0.0824074 0.00255605
7 0.2125 0.0578704 0.0302083 0.0583333 0.00264721
9 0.360156 0.0648148 0.00885417 0.0166667 0.00267557
2 0.627083 0.391667 0.354167 0.22037 0.00275055
13 0.970312 0.568056 0.0572917 0.0768519 0.00276544
2 0.795573 0.0597222 0.0401042 0.0546296 0.00276868
9 0.993229 0.511574 0.0125 0.162037 0.00283189
2 0.284896 0.101852 0.021875 0.0703704 0.00295641
9 0.209635 0.0634259 0.0234375 0.0472222 0.00305433
2 0.775521 0.10787 0.0239583 0.0305556 0.00341657
13 0.970833 0.518519 0.0572917 0.175926 0.00349478
12 0.99349 0.502778 0.0119792 0.146296 0.0036478
2 0.661979 0.149074 0.0635417 0.0611111 0.00376555
0 0.28099 0.0842593 0.00677083 0.0277778 0.00377565
2 0.571875 0.105556 0.236458 0.062963 0.00392408
12 0.7 0.162963 0.0229167 0.0388889 0.00398845
7 0.99349 0.518056 0.0119792 0.171296 0.0045387
2 0.783073 0.0916667 0.0161458 0.0185185 0.00463246
9 0.580729 0.0361111 0.009375 0.05 0.00487197
1 0.009375 0.392593 0.01875 0.118519 0.00489331
0 0.515625 0.287037 0.0270833 0.0203704 0.00533569
0 0.507292 0.289352 0.0260417 0.0194444 0.00544036
13 0.0106771 0.360185 0.0213542 0.0592593 0.00576701
2 0.447396 0.114352 0.0270833 0.025 0.00631918
0 0.634896 0.146296 0.00833333 0.0537037 0.00639818
1 0.00963542 0.348611 0.0192708 0.0805556 0.00648771
1 0.00364583 0.4125 0.00729167 0.0768519 0.00651856
2 0.478646 0.105093 0.0666667 0.0601852 0.00669074
9 0.502083 0.75787 0.0125 0.0546296 0.00695185
9 0.219531 0.0898148 0.00989583 0.012963 0.00716315
7 0.970833 0.523148 0.0572917 0.192593 0.00763708
2 0.295052 0.100463 0.0307292 0.0694444 0.00765708
13 0.00442708 0.39213 0.00885417 0.115741 0.00776956
2 0.28724 0.0768519 0.0182292 0.0296296 0.0082863
7 0.217708 0.0606481 0.05625 0.0787037 0.00848604
5 0.221354 0.0611111 0.0479167 0.062963 0.00908946
9 0.566146 0.0458333 0.009375 0.0231481 0.00953353
2 0.442708 0.0828704 0.0135417 0.0212963 0.010216
0 0.755208 0.0907407 0.0166667 0.0833333 0.0110878
13 0.0138021 0.3875 0.0276042 0.115741 0.0138565
12 0.692187 0.162963 0.009375 0.0407407 0.0148017
2 0.634375 0.140278 0.009375 0.0453704 0.01611
9 0.49974 0.600463 0.0140625 0.037963 0.0195826
2 0.270052 0.102778 0.0151042 0.0481481 0.0206607
2 0.289583 0.0717593 0.0135417 0.0175926 0.0243987
2 0.290625 0.114352 0.0125 0.0435185 0.0320757
9 0.26901 0.0351852 0.0223958 0.062963 0.0328632
2 0.4625 0.108333 0.0135417 0.0425926 0.191709
2 0.477604 0.106481 0.028125 0.0462963 0.359812
2 0.321354 0.0833333 0.0375 0.0333333 0.365802
2 0.505208 0.101852 0.0416667 0.062963 0.553378
2 0.626302 0.119444 0.0255208 0.0537037 0.583815
11 0.728385 0.0393519 0.0265625 0.0546296 0.725912
2 0.317448 0.119444 0.0515625 0.0685185 0.741121
10 0.203385 0.312963 0.0161458 0.0703704 0.753704
7 0.529427 0.357407 0.136979 0.201852 0.895001
2 0.729167 0.418519 0.122917 0.17037 0.91194
