9 0.588802 0.0425926 0.0151042 0.0407407 0.00100289
0 0.729427 0.372685 0.0317708 0.0305556 0.00100922
9 0.5625 0.050463 0.01875 0.025 0.0010744
9 0.261198 0.0523148 0.0130208 0.037963 0.00107678
2 0.655208 0.138889 0.08125 0.0851852 0.00109123
2 0.585417 0.423148 0.583333 0.17963 0.00112129
32 0.460417 0.35787 0.0104167 0.0138889 0.00114107
0 0.757292 0.119907 0.0125 0.0435185 0.00116336
14 0.482292 0.491204 0.0135417 0.0287037 0.00118053
12 0.689844 0.165741 0.0130208 0.037037 0.00119526
12 0.702344 0.125 0.0234375 0.0537037 0.0012269
9 0.995313 0.533796 0.00833333 0.0398148 0.00127183
2 0.4375 0.108333 0.0677083 0.0481481 0.00129003
2 0.816146 0.0717593 0.0135417 0.0157407 0.00144823
12 0.994271 0.518981 0.0104167 0.167593 0.00146522
2 0.294792 0.105093 0.0833333 0.0916667 0.00148592
13 0.970573 0.523611 0.0578125 0.165741 0.00148731
2 0.809635 0.0736111 0.0192708 0.0194444 0.00151449
7 0.99349 0.52037 0.0119792 0.162963 0.00159785
9 0.547396 0.0601852 0.0104167 0.0240741 0.00161434
13 0.96224 0.556481 0.0401042 0.0425926 0.00162957
9 0.415365 0.0111111 0.0161458 0.0222222 0.00170619
9 0.26276 0.0865741 0.0078125 0.0361111 0.00172685
0 0.26276 0.105556 0.00989583 0.05 0.00173941
2 0.244271 0.106481 0.0104167 0.0333333 0.00174759
1 0.00755208 0.161111 0.0151042 0.0425926 0.0018075
7 0.970052 0.533333 0.0588542 0.216667 0.00181003
12 0.69375 0.164352 0.00729167 0.037963 0.00183379
9 0.579687 0.0333333 0.0125 0.0537037 0.00200405
2 0.345833 0.0699074 0.0125 0.0157407 0.00203007
12 0.702083 0.158333 0.0229167 0.05 0.00207174
9 0.2375 0.0680556 0.0166667 0.0398148 0.00210186
9 0.570052 0.0319444 0.0119792 0.0583333 0.00213851
1 0.0341146 0.17963 0.0276042 0.0555556 0.00221458
7 0.985156 0.521759 0.0286458 0.189815 0.00222017
9 0.259115 0.0722222 0.0119792 0.0481481 0.00230142
2 0.442969 0.087963 0.0151042 0.0277778 0.002315
1 0.00442708 0.458796 0.00885417 0.200926 0.00248586
2 0.594271 0.124074 0.015625 0.0277778 0.00261995
1 0.0140625 0.190741 0.028125 0.0537037 0.00272891
9 0.583594 0.0421296 0.0109375 0.0416667 0.00275846
9 0.115104 0.0240741 0.0145833 0.0425926 0.00277041
2 0.391927 0.110185 0.207813 0.0759259 0.00303261
2 0.566146 0.110648 0.226042 0.0638889 0.00359704
2 0.815625 0.0847222 0.0135417 0.0268519 0.00384378
2 0.772656 0.113426 0.0151042 0.0305556 0.00384861
2 0.26875 0.1 0.0125 0.0574074 0.00392627
9 0.253125 0.0875 0.0135417 0.0361111 0.00393219
0 0.715885 0.373148 0.0255208 0.0277778 0.00411467
1 0.0117188 0.364815 0.0234375 0.0444444 0.00473344
2 0.798958 0.0847222 0.03125 0.025 0.00474278
9 0.108594 0.0296296 0.0109375 0.037037 0.00490079
2 0.338802 0.0888889 0.0140625 0.0296296 0.0053273
9 0.992969 0.502778 0.0130208 0.142593 0.00582527
9 0.26875 0.0421296 0.0208333 0.0509259 0.00731962
2 0.270052 0.0518519 0.0192708 0.0333333 0.0075978
2 0.780208 0.103704 0.0302083 0.0481481 0.00779248
0 0.44401 0.100463 0.0182292 0.0527778 0.00831142
11 0.60599 0.0601852 0.00989583 0.0259259 0.0090416
58 0.442708 0.0875 0.0135417 0.0268519 0.00923115
1 0.0229167 0.17963 0.0458333 0.0703704 0.00954222
9 0.50026 0.603704 0.0151042 0.0425926 0.01189
2 0.238542 0.140741 0.01875 0.0425926 0.0123231
9 0.210156 0.0666667 0.0286458 0.0481481 0.0125327
9 0.502604 0.761574 0.0125 0.0527778 0.0132516
5 0.220573 0.0657407 0.0505208 0.0592593 0.0138132
2 0.271615 0.110185 0.0130208 0.0407407 0.0142154
0 0.757292 0.0935185 0.0135417 0.0759259 0.0152029
2 0.814062 0.0763889 0.0177083 0.0157407 0.0184654
0 0.995833 0.325 0.00729167 0.0555556 0.0194063
7 0.220313 0.0638889 0.05 0.062963 0.0220652
9 0.177344 0.511574 0.0390625 0.0416667 0.0238146
2 0.313021 0.0976852 0.040625 0.0601852 0.0263911
2 0.635417 0.146759 0.0114583 0.0546296 0.029847
1 0.00416667 0.411574 0.00833333 0.087963 0.0321802
1 0.0122396 0.393519 0.0244792 0.124074 0.0410454
0 0.635677 0.148148 0.00989583 0.05 0.0435001
9 0.567187 0.0486111 0.00833333 0.0231481 0.0479972
2 0.00442708 0.410185 0.00885417 0.0925926 0.0492959
2 0.463542 0.112037 0.0166667 0.0407407 0.0600256
2 0.786719 0.0902778 0.0161458 0.0231481 0.0744603
2 0.297656 0.106944 0.0359375 0.0824074 0.134864
7 0.297656 0.106019 0.0369792 0.0824074 0.220116
2 0.35599 0.0657407 0.0171875 0.0185185 0.224311
2 0.322135 0.0893519 0.0369792 0.0361111 0.308794
2 0.379687 0.0638889 0.0291667 0.0277778 0.352578
2 0.473437 0.110185 0.034375 0.0444444 0.448444
2 0.627604 0.123148 0.0260417 0.0518519 0.456921
2 0.506771 0.105093 0.0416667 0.062037 0.550515
2 0.31875 0.121296 0.05 0.0722222 0.677534
10 0.203906 0.315741 0.0161458 0.0722222 0.750567
2 0.401563 0.107407 0.040625 0.0518519 0.787556
11 0.728906 0.0425926 0.0265625 0.0537037 0.794179
2 0.729948 0.419907 0.122396 0.173148 0.91949
