2 0.360938 0.0671296 0.0114583 0.0194444 0.00102321
2 0.592708 0.125463 0.0177083 0.025 0.00116865
2 0.332031 0.0796296 0.0296875 0.0314815 0.00117404
2 0.00598958 0.125 0.0119792 0.109259 0.00118441
2 0.416667 0.037037 0.0177083 0.0203704 0.00121693
13 0.971094 0.528704 0.0567708 0.192593 0.00123168
2 0.656771 0.131481 0.0770833 0.062963 0.00125709
2 0.0945313 0.159259 0.0786458 0.0740741 0.00127737
2 0.236458 0.0680556 0.01875 0.0453704 0.00127914
33 0.618229 0.49213 0.0552083 0.0657407 0.00144092
9 0.55625 0.0259259 0.0239583 0.0444444 0.00145082
9 0.292448 0.049537 0.00885417 0.0305556 0.00157348
0 0.708594 0.368056 0.0276042 0.0398148 0.00159058
9 0.564062 0.0314815 0.021875 0.0574074 0.00167072
2 0.294271 0.132407 0.0166667 0.0518519 0.00167275
2 0.153385 0.049537 0.0223958 0.0212963 0.00171931
2 0.536458 0.111111 0.0104167 0.0444444 0.00174759
9 0.994531 0.514815 0.00989583 0.168519 0.00175386
12 0.701563 0.164352 0.0177083 0.0398148 0.00194424
9 0.109375 0.0222222 0.0229167 0.0407407 0.00223608
7 0.970833 0.53287 0.0572917 0.213889 0.00232941
2 0.295573 0.0856481 0.0338542 0.0472222 0.00265769
2 0.545573 0.108796 0.190104 0.0657407 0.0027337
2 0.279427 0.118519 0.0317708 0.05 0.00274979
1 0.00520833 0.351389 0.0104167 0.0861111 0.00288913
2 0.657292 0.153241 0.0541667 0.0638889 0.00289928
2 0.00572917 0.0925926 0.0114583 0.0444444 0.00295739
62 0.617969 0.494444 0.0546875 0.0592593 0.00330312
0 0.71849 0.369907 0.0203125 0.0324074 0.00356065
2 0.388281 0.109259 0.203646 0.0703704 0.00373916
12 0.979948 0.498611 0.0265625 0.126852 0.00389336
2 0.00390625 0.420833 0.0078125 0.0583333 0.00392762
9 0.548177 0.0509259 0.0109375 0.0259259 0.00393129
2 0.238542 0.141204 0.0166667 0.0398148 0.00416888
2 0.267708 0.0990741 0.0114583 0.0537037 0.00423486
2 0.53125 0.111574 0.0135417 0.0435185 0.00445339
0 0.191146 0.735185 0.152083 0.498148 0.00461189
0 0.284375 0.087037 0.00833333 0.0259259 0.00469383
2 0.26875 0.0518519 0.01875 0.037037 0.00482639
5 0.210156 0.0699074 0.0307292 0.0453704 0.005256
2 0.422135 0.108333 0.0713542 0.0518519 0.00527626
2 0.784115 0.100926 0.0390625 0.0537037 0.00548847
12 0.995052 0.496759 0.00885417 0.136111 0.0055312
1 0.00442708 0.39537 0.00885417 0.107407 0.00572646
2 0.339063 0.0884259 0.0125 0.0305556 0.00628546
2 0.805729 0.0763889 0.0333333 0.0212963 0.0063075
2 0.60625 0.0592593 0.009375 0.0259259 0.00768608
2 0.634115 0.136574 0.0119792 0.0509259 0.00831528
9 0.269271 0.0319444 0.0208333 0.0564815 0.00835127
12 0.692448 0.163426 0.00885417 0.0416667 0.00886736
2 0.269531 0.112037 0.0109375 0.0333333 0.0096358
9 0.269531 0.05 0.0192708 0.0351852 0.010668
1 0.0138021 0.36713 0.0276042 0.0490741 0.0108691
1 0.0106771 0.394907 0.0213542 0.112037 0.0118217
9 0.502344 0.759259 0.0119792 0.0574074 0.0122842
9 0.115625 0.0208333 0.0114583 0.037963 0.013666
2 0.435937 0.0685185 0.0114583 0.0222222 0.016279
2 0.792708 0.0875 0.0260417 0.0268519 0.0180631
9 0.221094 0.0555556 0.0182292 0.0444444 0.0233655
2 0.447396 0.113426 0.0270833 0.0287037 0.0235632
9 0.566667 0.0481481 0.00833333 0.0222222 0.0266438
2 0.2875 0.123148 0.015625 0.0537037 0.0273525
7 0.220052 0.0666667 0.0515625 0.0611111 0.0366292
2 0.442448 0.0851852 0.0161458 0.0259259 0.0504035
5 0.219792 0.0680556 0.0520833 0.0601852 0.0506571
2 0.307552 0.0768519 0.0234375 0.0314815 0.101232
2 0.295573 0.0837963 0.0213542 0.0305556 0.114759
2 0.291406 0.118981 0.0171875 0.0342593 0.131645
2 0.322656 0.0861111 0.0369792 0.0333333 0.174795
7 0.50599 0.103704 0.0432292 0.0648148 0.465441
2 0.457552 0.0657407 0.0453125 0.0333333 0.475111
2 0.505469 0.103704 0.0432292 0.062963 0.486621
2 0.627083 0.122222 0.0260417 0.0537037 0.49225
2 0.474219 0.10787 0.0359375 0.0472222 0.579594
2 0.317969 0.121759 0.0515625 0.0694444 0.716487
11 0.728646 0.0416667 0.0270833 0.0537037 0.773745
10 0.203906 0.315278 0.0161458 0.0712963 0.81214
2 0.410937 0.112963 0.03125 0.0351852 0.827307
2 0.729948 0.42037 0.122396 0.172222 0.885826
7 0.609375 0.531944 0.175 0.302778 0.905199
