0 0.452865 0.351852 0.558854 0.390741 0.0010052
2 0.773177 0.1125 0.0171875 0.0305556 0.00101877
9 0.2375 0.0736111 0.0177083 0.0527778 0.00104019
2 0.815625 0.0694444 0.015625 0.012963 0.0010436
9 0.0580729 0.0212963 0.0151042 0.0388889 0.00111192
2 0.530208 0.421296 0.642708 0.181481 0.00111207
12 0.692187 0.164352 0.009375 0.0398148 0.00123782
9 0.548177 0.0527778 0.0109375 0.0240741 0.00123985
2 0.408594 0.10787 0.281771 0.0898148 0.00125829
2 0.257292 0.0953704 0.0260417 0.0685185 0.00128199
9 0.414583 0.00833333 0.0145833 0.0166667 0.0012956
7 0.433333 0.103241 0.283333 0.0953704 0.00137182
58 0.968229 0.495833 0.0291667 0.0805556 0.00138325
0 0.708594 0.373148 0.0182292 0.0296296 0.00138595
2 0.813281 0.0759259 0.0203125 0.0185185 0.0014512
7 0.970312 0.520833 0.0583333 0.187963 0.00147619
9 0.566667 0.0555556 0.0104167 0.0407407 0.00148163
2 0.269792 0.087963 0.0208333 0.0759259 0.00150364
7 0.289323 0.0935185 0.0890625 0.103704 0.00154268
7 0.990104 0.516667 0.01875 0.181481 0.00156684
2 0.00572917 0.0921296 0.0114583 0.0490741 0.00164036
7 0.221094 0.0810185 0.0578125 0.121296 0.00165308
2 0.254948 0.0856481 0.0203125 0.0398148 0.00170285
7 0.236719 0.0675926 0.0171875 0.0425926 0.00170367
1 0.222917 0.389352 0.0458333 0.108333 0.0017136
0 0.717969 0.371296 0.0234375 0.0296296 0.00174158
9 0.291927 0.0527778 0.0078125 0.0388889 0.00177552
2 0.794271 0.108333 0.0541667 0.0777778 0.00182051
2 0.655469 0.1375 0.0776042 0.0824074 0.00184447
9 0.49974 0.601852 0.0140625 0.0388889 0.00191986
2 0.779688 0.101852 0.0302083 0.05 0.00208264
1 0.227344 0.346296 0.0255208 0.133333 0.00217569
9 0.439844 0.210648 0.0119792 0.0509259 0.00219461
11 0.23724 0.0689815 0.0171875 0.0435185 0.00231247
1 0.00598958 0.369444 0.0119792 0.0944444 0.0024349
2 0.480729 0.108796 0.0645833 0.0657407 0.00246379
2 0.572135 0.109722 0.228646 0.0694444 0.00253735
2 0.593229 0.124074 0.0166667 0.0259259 0.00256852
2 0.334375 0.0828704 0.025 0.0361111 0.0029474
9 0.275521 0.0421296 0.0364583 0.0824074 0.00296853
11 0.60625 0.0601852 0.0104167 0.0259259 0.00338867
0 0.442708 0.099537 0.0177083 0.0509259 0.00350421
2 0.652083 0.15 0.0447917 0.0592593 0.0037016
2 0.288802 0.0837963 0.0213542 0.0398148 0.00399117
9 0.26875 0.0462963 0.0208333 0.0444444 0.00426953
0 0.442448 0.0884259 0.0130208 0.0305556 0.00447352
2 0.53099 0.110648 0.0151042 0.0453704 0.00472626
32 0.454167 0.314815 0.00833333 0.0148148 0.00483478
9 0.572396 0.0310185 0.0135417 0.0583333 0.00489174
9 0.209375 0.0666667 0.0270833 0.0518519 0.00528644
7 0.327604 0.100926 0.0697917 0.0907407 0.00543066
0 0.75651 0.0861111 0.0140625 0.0685185 0.0057125
0 0.26224 0.0916667 0.0078125 0.0481481 0.00629927
12 0.994271 0.510185 0.0104167 0.159259 0.00710219
0 0.635156 0.146759 0.00989583 0.0527778 0.00793914
9 0.458594 0.0662037 0.0078125 0.0305556 0.00800122
1 0.0119792 0.371296 0.0239583 0.0555556 0.00869358
7 0.275521 0.0726852 0.0375 0.141667 0.00934731
2 0.785677 0.087963 0.0130208 0.0240741 0.00983519
2 0.270573 0.107407 0.0140625 0.0425926 0.0111423
1 0.00442708 0.399074 0.00885417 0.105556 0.012914
2 0.634896 0.141667 0.0114583 0.0481481 0.0145477
9 0.26901 0.0208333 0.0213542 0.037963 0.0148213
7 0.2125 0.0625 0.034375 0.0638889 0.0168176
5 0.219792 0.0638889 0.0479167 0.062963 0.0184991
10 0.442448 0.0875 0.0130208 0.0287037 0.020691
1 0.0101562 0.396759 0.0203125 0.112037 0.0230147
9 0.502604 0.760185 0.0125 0.0537037 0.0237125
24 0.240885 0.302778 0.0203125 0.05 0.024393
9 0.567187 0.0481481 0.00833333 0.0240741 0.037853
2 0.313021 0.0949074 0.04375 0.0546296 0.0557781
2 0.298177 0.106481 0.0369792 0.0796296 0.0938045
7 0.296875 0.106481 0.0375 0.0814815 0.102348
2 0.527604 0.0736111 0.015625 0.0231481 0.111311
7 0.356771 0.0615741 0.0489583 0.037963 0.16206
2 0.479948 0.109722 0.0203125 0.0435185 0.16912
2 0.321875 0.0851852 0.0375 0.0351852 0.220323
2 0.467448 0.110648 0.0223958 0.0416667 0.234041
2 0.35651 0.0615741 0.0494792 0.0361111 0.397675
2 0.626823 0.121759 0.0265625 0.0527778 0.436883
1 0.235677 0.389352 0.0223958 0.106481 0.581585
2 0.505208 0.103704 0.0427083 0.062963 0.598704
2 0.318229 0.12037 0.0510417 0.0722222 0.666335
10 0.203646 0.314352 0.015625 0.0694444 0.756066
0 0.236979 0.346296 0.0333333 0.151852 0.756783
11 0.728906 0.0425926 0.0276042 0.0555556 0.822643
2 0.729688 0.418519 0.121875 0.17037 0.899933
