7 0.970573 0.529167 0.0578125 0.212037 0.00101364
2 0.274479 0.1125 0.0229167 0.0583333 0.00108674
9 0.21875 0.102315 0.0104167 0.0416667 0.00114817
9 0.429688 0.0402778 0.00833333 0.0212963 0.001154
2 0.292188 0.129167 0.01875 0.0601852 0.00120865
9 0.989844 0.518056 0.0192708 0.176852 0.00124784
2 0.442448 0.0986111 0.0182292 0.0472222 0.00130021
2 0.648698 0.147222 0.0369792 0.0611111 0.00135067
12 0.977604 0.499074 0.04375 0.133333 0.00135298
32 0.453906 0.315741 0.0078125 0.0148148 0.00137271
9 0.415885 0.0115741 0.0161458 0.0231481 0.00140577
9 0.547917 0.0509259 0.0104167 0.0259259 0.00147668
12 0.994271 0.518519 0.0104167 0.17037 0.00155378
2 0.244792 0.106944 0.0114583 0.0361111 0.00158949
11 0.220833 0.0648148 0.0510417 0.0518519 0.00159783
2 0.778906 0.100463 0.0296875 0.0490741 0.00167766
9 0.264323 0.0907407 0.0109375 0.0407407 0.00195197
13 0.98724 0.519444 0.0244792 0.177778 0.00197781
13 0.970833 0.525 0.0572917 0.183333 0.00202923
9 0.582031 0.0337963 0.0161458 0.0638889 0.00211926
2 0.298438 0.108796 0.08125 0.0898148 0.00224132
0 0.757031 0.087037 0.0140625 0.0777778 0.00225832
0 0.545833 0.328241 0.0260417 0.0305556 0.00225887
9 0.293229 0.0569444 0.009375 0.0398148 0.00254669
2 0.363281 0.0666667 0.0119792 0.0203704 0.00261989
0 0.715625 0.371296 0.0239583 0.0277778 0.00266187
0 0.757812 0.0699074 0.0104167 0.0453704 0.00271051
2 0.545313 0.109722 0.292708 0.0675926 0.00272614
2 0.219792 0.134259 0.05625 0.0555556 0.00295436
2 0.404427 0.112037 0.263021 0.0759259 0.00314964
12 0.69375 0.164352 0.00729167 0.0398148 0.00318009
0 0.263021 0.106944 0.00833333 0.0435185 0.00349557
9 0.216146 0.0652778 0.040625 0.0546296 0.00351072
2 0.65 0.407407 0.317708 0.198148 0.00358952
2 0.266927 0.099537 0.0109375 0.0546296 0.00359335
9 0.500521 0.602315 0.015625 0.0398148 0.00366954
5 0.213281 0.0615741 0.0338542 0.0564815 0.00369214
2 0.442969 0.0875 0.0140625 0.0268519 0.00418993
9 0.292188 0.0703704 0.0114583 0.0166667 0.00431545
9 0.994531 0.494444 0.00989583 0.127778 0.00438621
0 0.595312 0.327778 0.0114583 0.0351852 0.00443919
9 0.458073 0.0648148 0.0078125 0.0296296 0.00452746
1 0.811458 0.336111 0.0177083 0.0888889 0.00489315
0 0.565365 0.32963 0.0234375 0.0296296 0.00497869
2 0.446615 0.110648 0.123438 0.0601852 0.00550428
11 0.605729 0.0597222 0.0104167 0.025 0.00586063
7 0.220313 0.0638889 0.05 0.0666667 0.00715067
9 0.572917 0.0314815 0.0145833 0.0592593 0.00872315
9 0.207292 0.0657407 0.0197917 0.0462963 0.00933407
13 0.0138021 0.394444 0.0276042 0.112963 0.0110927
0 0.580729 0.328241 0.021875 0.0305556 0.0117849
11 0.236979 0.0680556 0.0166667 0.0416667 0.012538
1 0.00494792 0.391667 0.00989583 0.114815 0.0133255
9 0.442708 0.0865741 0.0135417 0.0268519 0.0135281
2 0.325521 0.104167 0.0479167 0.0490741 0.0155385
2 0.271354 0.110185 0.0145833 0.0388889 0.0163177
9 0.219531 0.087963 0.00989583 0.0166667 0.0173037
2 0.635417 0.147222 0.0104167 0.0555556 0.0176671
2 0.786198 0.0888889 0.0161458 0.0240741 0.0179227
9 0.221875 0.0537037 0.015625 0.0425926 0.018929
13 0.0046875 0.396759 0.009375 0.108333 0.0197684
2 0.00416667 0.40463 0.00833333 0.0925926 0.020518
0 0.635156 0.149074 0.00885417 0.0518519 0.0257232
2 0.238281 0.139815 0.0182292 0.0425926 0.031266
9 0.502344 0.759722 0.0130208 0.0546296 0.0452656
2 0.485938 0.10787 0.015625 0.0490741 0.0498717
2 0.293229 0.109259 0.028125 0.0814815 0.0514535
9 0.567448 0.0481481 0.0078125 0.0240741 0.0818323
7 0.297396 0.108796 0.0385417 0.0842593 0.0928317
9 0.26901 0.0356481 0.0213542 0.0657407 0.0970257
2 0.4625 0.110648 0.0135417 0.0416667 0.112475
2 0.347917 0.109722 0.01875 0.0416667 0.185818
2 0.321875 0.0861111 0.0375 0.0333333 0.215522
2 0.475521 0.108333 0.0322917 0.0462963 0.280722
2 0.627083 0.121759 0.0260417 0.0509259 0.3607
7 0.50625 0.104167 0.0427083 0.0638889 0.432601
2 0.50599 0.103704 0.0421875 0.062963 0.447925
2 0.31875 0.121759 0.05 0.0694444 0.727877
11 0.729167 0.0430556 0.0270833 0.0564815 0.755599
10 0.203906 0.316204 0.0161458 0.0712963 0.755692
2 0.557813 0.368056 0.115625 0.158333 0.902344
2 0.729688 0.419444 0.122917 0.172222 0.908547
