2 0.657292 0.138426 0.0791667 0.0805556 0.00101493
1 0.00416667 0.479167 0.00833333 0.187963 0.00104621
9 0.239063 0.0731481 0.015625 0.05 0.00105894
2 0.60599 0.0606481 0.0119792 0.0231481 0.00106404
12 0.976562 0.498148 0.0447917 0.131481 0.00106794
2 0.596875 0.422222 0.592708 0.181481 0.00108864
0 0.757552 0.124537 0.0140625 0.0435185 0.00120984
1 0.203125 0.525463 0.0239583 0.0898148 0.00125455
9 0.36224 0.0694444 0.00885417 0.0240741 0.00125822
12 0.98724 0.519444 0.0244792 0.175926 0.00126181
9 0.995313 0.530093 0.00833333 0.0305556 0.00131271
1 0.00703125 0.36713 0.0140625 0.0953704 0.00134617
2 0.30651 0.130093 0.0328125 0.0583333 0.00136824
58 0.968229 0.495833 0.0291667 0.0842593 0.00137735
12 0.701563 0.164815 0.01875 0.0388889 0.0014482
13 0.970312 0.527315 0.0583333 0.184259 0.00158063
12 0.693229 0.163426 0.00729167 0.0398148 0.00159884
7 0.146615 0.0865741 0.0630208 0.0768519 0.00164071
1 0.0111979 0.366204 0.0223958 0.0490741 0.00170361
11 0.702083 0.120833 0.0208333 0.0453704 0.00175101
32 0.454427 0.313426 0.0078125 0.0157407 0.00177894
2 0.409375 0.112037 0.267708 0.0833333 0.00194152
2 0.810677 0.0768519 0.0234375 0.0185185 0.00199515
12 0.702083 0.138426 0.0229167 0.087963 0.00203887
2 0.757292 0.12037 0.0145833 0.037037 0.00208501
9 0.415365 0.0087963 0.0151042 0.0175926 0.00223562
2 0.560156 0.1125 0.261979 0.0731481 0.00235261
2 0.531771 0.112037 0.0135417 0.0425926 0.00243301
2 0.363542 0.0662037 0.0114583 0.0194444 0.00245342
2 0.648698 0.148611 0.0369792 0.0583333 0.00250176
13 0.986719 0.520833 0.0255208 0.178704 0.00250466
0 0.716146 0.371759 0.0229167 0.0268519 0.00260219
2 0.463021 0.111574 0.09375 0.0657407 0.00261047
7 0.992708 0.518519 0.0135417 0.172222 0.00262551
2 0.782031 0.0986111 0.0390625 0.0490741 0.00302196
2 0.442708 0.087963 0.0135417 0.0277778 0.00328435
7 0.985677 0.521296 0.0276042 0.190741 0.00331329
0 0.267188 0.0990741 0.0114583 0.0555556 0.00334621
9 0.263281 0.0884259 0.00885417 0.037963 0.003463
2 0.592708 0.125463 0.0166667 0.0231481 0.0038818
7 0.970052 0.529167 0.0588542 0.206481 0.00389134
7 0.277083 0.0574074 0.040625 0.111111 0.00392363
9 0.994531 0.49537 0.00989583 0.127778 0.0039369
0 0.75625 0.087963 0.0145833 0.0796296 0.00427826
2 0.238281 0.141667 0.0192708 0.0407407 0.00434864
2 0.44349 0.113889 0.0203125 0.0240741 0.004462
12 0.994531 0.494444 0.00989583 0.12963 0.0044927
9 0.21901 0.0796296 0.0140625 0.0333333 0.0048987
9 0.571094 0.0310185 0.0140625 0.0583333 0.00512624
0 0.757552 0.0694444 0.0109375 0.0425926 0.00514054
2 0.270833 0.107407 0.0135417 0.0425926 0.00560015
9 0.292448 0.0694444 0.0130208 0.0166667 0.00562241
24 0.193229 0.459259 0.028125 0.062963 0.0058307
11 0.236719 0.0694444 0.0171875 0.0462963 0.00633538
24 0.205729 0.481481 0.01875 0.0425926 0.00660656
9 0.502083 0.759259 0.0125 0.0555556 0.00689843
2 0.286979 0.113889 0.0166667 0.0722222 0.0077266
9 0.458594 0.0643518 0.00677083 0.0305556 0.00804394
9 0.209375 0.0666667 0.025 0.05 0.00831133
9 0.29375 0.0574074 0.0104167 0.0388889 0.00834146
5 0.220573 0.0708333 0.0505208 0.0657407 0.00967689
1 0.00989583 0.398611 0.0197917 0.113889 0.0106902
7 0.220313 0.0657407 0.0510417 0.0666667 0.0109328
1 0.00390625 0.425463 0.0078125 0.0601852 0.0111935
9 0.219792 0.0532407 0.0197917 0.0453704 0.0143341
0 0.635156 0.148148 0.00885417 0.0518519 0.0216126
9 0.442448 0.0875 0.0130208 0.0268519 0.0238303
9 0.566927 0.0472222 0.0078125 0.0240741 0.0249911
2 0.634896 0.145833 0.0104167 0.0527778 0.0268348
2 0.789062 0.0875 0.01875 0.0268519 0.0283711
2 0.488542 0.107407 0.0145833 0.05 0.0373064
9 0.26875 0.0356481 0.021875 0.0675926 0.0421457
7 0.297135 0.106481 0.0369792 0.0833333 0.0445572
2 0.298438 0.106481 0.0354167 0.0814815 0.0669179
1 0.189583 0.612037 0.0197917 0.0740741 0.070434
24 0.189583 0.477778 0.0239583 0.0574074 0.0787793
2 0.465885 0.110648 0.0192708 0.0416667 0.229523
2 0.479688 0.109259 0.0208333 0.0444444 0.300467
2 0.322396 0.0856481 0.0364583 0.0342593 0.383081
2 0.627083 0.121759 0.0260417 0.0527778 0.397747
1 0.191406 0.579167 0.0338542 0.141667 0.48088
2 0.505729 0.104167 0.0427083 0.062037 0.539089
2 0.31849 0.120833 0.0515625 0.0712963 0.721855
11 0.729167 0.0430556 0.0270833 0.0564815 0.793589
0 0.192188 0.520833 0.0395833 0.186111 0.8137
10 0.204167 0.315278 0.015625 0.0712963 0.833139
2 0.729948 0.418981 0.122396 0.171296 0.908064
