12 0.692708 0.163889 0.00729167 0.0388889 0.00106842
2 0.782812 0.100463 0.0375 0.0509259 0.00108269
1 0.00572917 0.394444 0.0114583 0.111111 0.0010917
2 0.97526 0.519444 0.0484375 0.174074 0.00111367
9 0.24349 0.0888889 0.0078125 0.0296296 0.0011445
2 0.415365 0.110185 0.294271 0.0814815 0.00118646
2 0.363802 0.0666667 0.0109375 0.0185185 0.00120093
9 0.236719 0.0689815 0.0161458 0.0416667 0.00124039
2 0.654948 0.13287 0.0807292 0.075 0.00126838
0 0.728646 0.372222 0.0302083 0.0314815 0.00127805
0 0.232812 0.871759 0.021875 0.102778 0.00131039
0 0.528385 0.952778 0.0223958 0.0351852 0.00133057
12 0.701302 0.165741 0.0182292 0.037037 0.00133988
13 0.00416667 0.400926 0.00833333 0.0962963 0.00136407
2 0.263542 0.102315 0.00833333 0.0527778 0.00142607
0 0.283594 0.0847222 0.00989583 0.0287037 0.00143125
11 0.240365 0.037037 0.0223958 0.0703704 0.00143153
12 0.701563 0.14537 0.021875 0.0777778 0.00151043
7 0.221615 0.0634259 0.0526042 0.100926 0.00151068
9 0.275 0.0416667 0.0375 0.0814815 0.00160434
7 0.786979 0.0615741 0.025 0.0601852 0.00163173
9 0.108073 0.0282407 0.0130208 0.0361111 0.00168435
7 0.275 0.0689815 0.0385417 0.136111 0.00169468
13 0.0143229 0.396759 0.0286458 0.108333 0.00170431
0 0.816927 0.233333 0.00885417 0.0407407 0.00170982
9 0.547917 0.0527778 0.0104167 0.0222222 0.00171235
13 0.99401 0.518981 0.0109375 0.171296 0.00177245
7 0.145052 0.0902778 0.0671875 0.075 0.0017755
2 0.530729 0.112037 0.0135417 0.0425926 0.00192422
9 0.292188 0.0537037 0.00833333 0.0407407 0.00210783
2 0.266927 0.0967593 0.0109375 0.0546296 0.00215189
13 0.970573 0.524074 0.0578125 0.185185 0.00222412
2 0.286719 0.0768519 0.0161458 0.0277778 0.0022715
2 0.572396 0.110185 0.241667 0.0703704 0.00229257
2 0.478906 0.110185 0.0651042 0.062963 0.00234168
9 0.218229 0.102315 0.009375 0.0398148 0.00236279
9 0.269271 0.05 0.01875 0.0351852 0.00282809
2 0.776563 0.105556 0.0239583 0.0296296 0.00286546
9 0.263281 0.0898148 0.0078125 0.0425926 0.0029669
9 0.414844 0.00925926 0.0151042 0.0185185 0.00296763
2 0.217969 0.133333 0.0578125 0.0574074 0.00305693
7 0.993229 0.518056 0.0125 0.171296 0.00316846
9 0.458594 0.0657407 0.0078125 0.0259259 0.00330331
9 0.569792 0.0314815 0.0125 0.0574074 0.0033164
0 0.755469 0.0847222 0.0140625 0.0712963 0.00334988
0 0.715885 0.373148 0.0255208 0.0259259 0.00366607
0 0.757292 0.0689815 0.0104167 0.0398148 0.00389844
58 0.96849 0.494444 0.0307292 0.0888889 0.00405064
2 0.60599 0.0592593 0.00989583 0.0259259 0.00485106
9 0.994531 0.500463 0.00989583 0.141667 0.00521122
7 0.291927 0.105556 0.0234375 0.0796296 0.00552941
11 0.236979 0.0666667 0.0166667 0.0407407 0.00558884
9 0.26901 0.0282407 0.0223958 0.0527778 0.00604384
7 0.21276 0.0592593 0.0328125 0.0611111 0.00637835
0 0.286719 0.114352 0.0161458 0.0712963 0.00661521
2 0.442187 0.0856481 0.0125 0.025 0.00686488
5 0.213021 0.0601852 0.0322917 0.0592593 0.00710696
2 0.269531 0.111111 0.0119792 0.0351852 0.00737725
2 0.633594 0.143519 0.0119792 0.0592593 0.0076895
2 0.285417 0.12037 0.0135417 0.0592593 0.00780334
2 0.290365 0.0712963 0.0119792 0.0166667 0.00854234
2 0.592188 0.125926 0.0177083 0.0240741 0.00925187
2 0.291146 0.114352 0.0177083 0.0546296 0.00947957
2 0.295833 0.105556 0.0302083 0.0759259 0.00961104
2 0.23776 0.138889 0.0182292 0.0444444 0.0100044
9 0.21224 0.0634259 0.0338542 0.0638889 0.0103446
9 0.50026 0.601852 0.0151042 0.0407407 0.0106134
7 0.970833 0.525 0.0572917 0.198148 0.0108933
2 0.784375 0.0898148 0.015625 0.0240741 0.0154602
2 0.445573 0.117593 0.0255208 0.0203704 0.0175946
9 0.566667 0.0472222 0.00833333 0.0240741 0.0198878
9 0.442187 0.0856481 0.0125 0.025 0.023372
2 0.494271 0.106944 0.025 0.0509259 0.0352392
9 0.21901 0.0912037 0.00885417 0.0175926 0.0482397
9 0.501823 0.758796 0.0130208 0.0564815 0.0515244
2 0.4625 0.112037 0.0135417 0.0388889 0.0947298
2 0.472135 0.109259 0.0286458 0.0425926 0.299346
2 0.321615 0.0861111 0.0369792 0.0351852 0.311438
7 0.505469 0.103704 0.0432292 0.062963 0.335208
2 0.505208 0.103704 0.0427083 0.062963 0.49605
2 0.626823 0.121759 0.0255208 0.0527778 0.542393
10 0.203906 0.314352 0.0161458 0.0712963 0.713599
2 0.317448 0.120833 0.0515625 0.0712963 0.717828
11 0.728646 0.0416667 0.0270833 0.0518519 0.802558
2 0.729427 0.42037 0.123438 0.17037 0.892165
2 0.604948 0.937963 0.295312 0.118519 0.899159
