2 0.286198 0.0768519 0.0192708 0.0296296 0.00101474
0 0.756771 0.374074 0.0229167 0.0351852 0.00105992
2 0.776563 0.100463 0.025 0.0398148 0.00106928
0 0.18724 0.108796 0.00677083 0.0416667 0.00107531
9 0.217969 0.102315 0.0078125 0.037963 0.00108828
2 0.80625 0.0828704 0.0239583 0.0268519 0.0011213
2 0.659115 0.125926 0.0890625 0.0574074 0.00119513
12 0.976562 0.499074 0.0427083 0.127778 0.00121436
9 0.277344 0.0407407 0.0359375 0.0666667 0.00125187
2 0.809375 0.0708333 0.0177083 0.0212963 0.00129479
9 0.439844 0.206481 0.0130208 0.0481481 0.00131674
2 0.247135 0.105093 0.0109375 0.0324074 0.00136209
9 0.263281 0.0935185 0.00885417 0.0481481 0.00137684
9 0.570573 0.0314815 0.0140625 0.0574074 0.00144172
2 0.00364583 0.423148 0.00729167 0.0592593 0.0015166
13 0.961458 0.553241 0.0385417 0.037963 0.00155853
9 0.0578125 0.0212963 0.0145833 0.037037 0.00160014
2 0.238281 0.140741 0.0192708 0.0425926 0.00165428
32 0.454427 0.313426 0.0078125 0.0157407 0.00166397
0 0.73099 0.372685 0.0244792 0.0287037 0.00169641
9 0.236979 0.0689815 0.0145833 0.0453704 0.00170081
0 0.263281 0.100463 0.00885417 0.0546296 0.00171142
9 0.292448 0.0532407 0.0078125 0.037963 0.00171176
2 0.295833 0.106944 0.0791667 0.0916667 0.00177626
7 0.788542 0.0611111 0.025 0.0555556 0.00178775
2 0.60625 0.0597222 0.009375 0.025 0.0018031
9 0.361979 0.0671296 0.009375 0.0287037 0.00180878
2 0.363281 0.0662037 0.0119792 0.0212963 0.00186109
2 0.292448 0.0759259 0.0203125 0.0222222 0.00240263
9 0.36224 0.0467593 0.0109375 0.0361111 0.002412
0 0.75651 0.0898148 0.0130208 0.0703704 0.00242544
2 0.40026 0.110185 0.260938 0.0777778 0.00245854
11 0.239063 0.0347222 0.0208333 0.0657407 0.00251146
2 0.569531 0.108796 0.252604 0.0694444 0.00284522
2 0.641927 0.450463 0.335938 0.232407 0.00286521
2 0.81276 0.0763889 0.0192708 0.0194444 0.00313931
2 0.591927 0.122222 0.0171875 0.0296296 0.00328827
13 0.99375 0.517593 0.0114583 0.168519 0.0033619
9 0.994531 0.516667 0.00989583 0.172222 0.00338668
9 0.269531 0.05 0.0182292 0.037037 0.00359159
58 0.968229 0.493519 0.0302083 0.0888889 0.00398747
0 0.715104 0.371759 0.025 0.0268519 0.00405026
11 0.236979 0.0680556 0.015625 0.0435185 0.00447662
9 0.502083 0.759722 0.0135417 0.0564815 0.00447786
32 0.460677 0.354167 0.0109375 0.0157407 0.00465089
12 0.995313 0.489352 0.00833333 0.125 0.0050741
0 0.588281 0.375463 0.0359375 0.0231481 0.00516113
2 0.447396 0.116204 0.0270833 0.0231481 0.00548951
9 0.26875 0.0337963 0.021875 0.0638889 0.00599
2 0.442448 0.0861111 0.0130208 0.0259259 0.00605267
2 0.476042 0.108796 0.059375 0.0583333 0.00667547
13 0.970312 0.516667 0.0572917 0.164815 0.00754215
2 0.270312 0.106944 0.0135417 0.0435185 0.00888552
9 0.219792 0.0888889 0.009375 0.0166667 0.00931531
2 0.786198 0.0884259 0.0161458 0.0231481 0.0121904
5 0.21276 0.0611111 0.0338542 0.062963 0.0124292
7 0.213542 0.0615741 0.0375 0.0657407 0.013818
9 0.566667 0.0476852 0.00833333 0.0231481 0.0170227
2 0.634635 0.143519 0.0109375 0.0462963 0.0185393
9 0.442708 0.0861111 0.0125 0.0259259 0.0260026
7 0.296875 0.106944 0.0354167 0.0805556 0.0524422
2 0.292448 0.109259 0.0265625 0.0777778 0.0528539
2 0.485156 0.108333 0.0171875 0.0481481 0.0585876
2 0.46224 0.110648 0.0140625 0.0398148 0.0859768
2 0.321875 0.0856481 0.0375 0.0342593 0.271899
2 0.471094 0.109722 0.0296875 0.0435185 0.351108
7 0.50599 0.104167 0.0421875 0.0638889 0.407719
2 0.50599 0.103241 0.0421875 0.0638889 0.42694
2 0.627344 0.122685 0.0255208 0.0527778 0.541866
10 0.203906 0.315741 0.0161458 0.0722222 0.667705
2 0.317969 0.120833 0.0515625 0.0712963 0.704185
11 0.728646 0.0430556 0.0270833 0.0546296 0.797886
2 0.729167 0.418519 0.122917 0.172222 0.882369
7 0.558333 0.460185 0.160417 0.238889 0.910752
