11 0.223177 0.0671296 0.0473958 0.0527778 0.00100245
1 0.0046875 0.464352 0.009375 0.225 0.00103822
58 0.919792 0.181019 0.160417 0.358333 0.00103988
9 0.563281 0.0324074 0.0203125 0.0574074 0.00110709
2 0.621615 0.424537 0.673437 0.186111 0.00114147
0 0.757552 0.375463 0.0182292 0.0305556 0.00117498
2 0.961198 0.55463 0.0380208 0.0388889 0.00121336
9 0.579687 0.0342593 0.0145833 0.0518519 0.00121574
12 0.689583 0.165741 0.0135417 0.037037 0.00133754
2 0.234375 0.104167 0.0197917 0.0416667 0.00136971
9 0.547656 0.0611111 0.00989583 0.0222222 0.0013839
9 0.415104 0.0101852 0.0145833 0.0203704 0.00139699
9 0.565885 0.0574074 0.0119792 0.0425926 0.00142735
0 0.73125 0.372685 0.0322917 0.0305556 0.00152582
0 0.26276 0.106019 0.00989583 0.0472222 0.0016107
11 0.240365 0.0333333 0.0223958 0.062963 0.00167283
12 0.702344 0.163889 0.0234375 0.037037 0.00174238
2 0.815885 0.0875 0.0130208 0.0268519 0.00175405
9 0.583594 0.0439815 0.0130208 0.037963 0.00178184
9 0.56276 0.05 0.0182292 0.0259259 0.00185442
9 0.236198 0.0643518 0.0182292 0.0361111 0.00187309
9 0.115104 0.0236111 0.0145833 0.0416667 0.00196516
9 0.50026 0.60463 0.0151042 0.0407407 0.00199649
2 0.291406 0.105556 0.0671875 0.0907407 0.00203122
12 0.988802 0.51713 0.0213542 0.175 0.0020536
9 0.109635 0.0287037 0.0130208 0.0388889 0.00222582
12 0.69375 0.163889 0.00729167 0.0388889 0.00241229
2 0.455208 0.104167 0.0604167 0.0546296 0.00248598
2 0.39974 0.110648 0.252604 0.075 0.00255648
2 0.59375 0.124074 0.0166667 0.0277778 0.00256738
9 0.266927 0.0421296 0.0171875 0.0509259 0.00261951
9 0.26276 0.087037 0.0078125 0.0351852 0.00262589
11 0.23724 0.0666667 0.0171875 0.0388889 0.00270219
2 0.241146 0.106019 0.0125 0.0342593 0.00275825
1 0.0114583 0.356944 0.0229167 0.0657407 0.00278307
2 0.563542 0.110648 0.242708 0.0657407 0.00280726
9 0.258333 0.0731481 0.0125 0.0462963 0.00283553
9 0.269271 0.0259259 0.0208333 0.0425926 0.00303921
2 0.796354 0.087037 0.0364583 0.0259259 0.00311185
9 0.21901 0.0833333 0.0161458 0.0203704 0.00358161
2 0.773177 0.1125 0.0161458 0.0268519 0.00359655
9 0.363281 0.0708333 0.00989583 0.0231481 0.00413949
7 0.970312 0.522685 0.0583333 0.197222 0.0043458
0 0.442708 0.0990741 0.0177083 0.0518519 0.00438732
2 0.442448 0.0921296 0.0151042 0.0361111 0.00472791
9 0.253125 0.0875 0.0135417 0.0361111 0.00475224
9 0.994792 0.543056 0.009375 0.100926 0.00485216
1 0.0330729 0.184722 0.0276042 0.0564815 0.00485584
9 0.502344 0.761111 0.0119792 0.0518519 0.00491709
0 0.716406 0.373148 0.0244792 0.0277778 0.00525724
9 0.266927 0.0583333 0.0140625 0.0296296 0.00556177
9 0.442187 0.0875 0.0145833 0.0268519 0.00605478
2 0.269531 0.0518519 0.0192708 0.0351852 0.0067698
2 0.779948 0.101852 0.0296875 0.0425926 0.00756706
2 0.364062 0.0685185 0.0114583 0.0203704 0.007684
2 0.813802 0.0763889 0.0182292 0.0157407 0.00856253
2 0.340625 0.0898148 0.0104167 0.0259259 0.00857299
7 0.990625 0.516204 0.0177083 0.180556 0.00885133
2 0.993229 0.518981 0.0125 0.169444 0.00962219
7 0.220833 0.0671296 0.05 0.0638889 0.0119362
11 0.60625 0.0606481 0.009375 0.025 0.0129069
9 0.993229 0.515278 0.0125 0.167593 0.0129294
0 0.995833 0.324074 0.00729167 0.0518519 0.0134806
2 0.238281 0.14213 0.0182292 0.0398148 0.0136821
9 0.207813 0.0666667 0.0229167 0.0462963 0.0156051
0 0.757552 0.0847222 0.0130208 0.062037 0.0193647
1 0.0229167 0.182407 0.0458333 0.0722222 0.0214329
1 0.00416667 0.409722 0.00833333 0.087963 0.0214555
2 0.272135 0.110185 0.0140625 0.0388889 0.0265617
2 0.635417 0.146759 0.0114583 0.0546296 0.028136
0 0.635677 0.147685 0.00989583 0.0509259 0.03281
2 0.00442708 0.40787 0.00885417 0.0935185 0.0375997
2 0.785937 0.0902778 0.015625 0.0212963 0.0467506
9 0.566927 0.0490741 0.00885417 0.0240741 0.050419
1 0.0117188 0.394444 0.0234375 0.12037 0.0706719
7 0.30026 0.0569444 0.0182292 0.037963 0.0905633
7 0.294271 0.107407 0.028125 0.0796296 0.102998
2 0.463021 0.1125 0.015625 0.0398148 0.104592
2 0.29375 0.111111 0.028125 0.0759259 0.141515
2 0.300521 0.0527778 0.0177083 0.0277778 0.1482
2 0.322135 0.0884259 0.0369792 0.0361111 0.263028
2 0.473698 0.109722 0.0348958 0.0453704 0.424593
7 0.50651 0.105093 0.0411458 0.062037 0.430019
2 0.50651 0.104167 0.0421875 0.0638889 0.454109
2 0.627604 0.122222 0.0260417 0.05 0.49711
10 0.204167 0.315741 0.015625 0.0703704 0.688145
2 0.31901 0.121296 0.0505208 0.0722222 0.748622
11 0.729427 0.0425926 0.0265625 0.0555556 0.802691
2 0.399479 0.115278 0.0479167 0.0638889 0.832507
2 0.730208 0.419444 0.121875 0.174074 0.917273
