0 0.255729 0.127778 0.0166667 0.0648148 0.00101977
2 0.529167 0.10787 0.0270833 0.0527778 0.0010551
2 0.684375 0.412037 0.0302083 0.133333 0.00114423
10 0.817448 0.233796 0.00885417 0.0398148 0.00117141
9 0.430208 0.0467593 0.00729167 0.0212963 0.0012175
0 0.757292 0.373611 0.0208333 0.0342593 0.00124543
9 0.547917 0.0509259 0.0104167 0.0277778 0.00127059
9 0.235938 0.0699074 0.0197917 0.0490741 0.00129898
2 0.296094 0.105556 0.0911458 0.0944444 0.00135523
0 0.732031 0.371296 0.0359375 0.0314815 0.00141687
13 0.0140625 0.396296 0.028125 0.112963 0.00142033
9 0.758594 0.0796296 0.00989583 0.0574074 0.00143766
0 0.534896 0.289815 0.533333 0.47037 0.00144222
13 0.971615 0.526389 0.0557292 0.184259 0.00145691
9 0.569531 0.0314815 0.0151042 0.0592593 0.00159395
2 0.555469 0.422222 0.560938 0.17963 0.00163087
12 0.701823 0.138426 0.0244792 0.087963 0.00175568
12 0.972396 0.490741 0.0375 0.105556 0.0018155
2 0.784896 0.0902778 0.0135417 0.0194444 0.00183918
2 0.238542 0.14213 0.01875 0.0416667 0.00185675
9 0.293229 0.0527778 0.009375 0.0481481 0.00188899
1 0.00416667 0.394907 0.00833333 0.113889 0.00209542
0 0.757812 0.0898148 0.0114583 0.0740741 0.00214606
2 0.532552 0.112963 0.0140625 0.0444444 0.00217683
2 0.363281 0.0666667 0.0119792 0.0203704 0.00246576
9 0.995573 0.520833 0.0078125 0.0527778 0.00250634
0 0.44349 0.099537 0.0192708 0.0472222 0.00254983
9 0.964583 0.499537 0.0208333 0.0787037 0.00259028
9 0.500521 0.602778 0.015625 0.0425926 0.0026453
12 0.983594 0.5 0.0276042 0.127778 0.00267531
0 0.26276 0.103241 0.00885417 0.0527778 0.00288964
13 0.00390625 0.401389 0.0078125 0.100926 0.00310038
9 0.438802 0.196759 0.0130208 0.0305556 0.00310127
2 0.419792 0.113889 0.308333 0.0888889 0.00332656
9 0.361979 0.0675926 0.009375 0.0259259 0.00369235
9 0.253385 0.0851852 0.0119792 0.0351852 0.00397615
0 0.628125 0.134722 0.025 0.062037 0.00401988
9 0.292708 0.0712963 0.0104167 0.0166667 0.00415919
9 0.261198 0.0388889 0.0140625 0.062963 0.00421779
2 0.592188 0.128241 0.01875 0.0212963 0.00451446
9 0.208073 0.0685185 0.0255208 0.0444444 0.00460668
2 0.270573 0.110648 0.0119792 0.0361111 0.00589494
1 0.809635 0.33287 0.0223958 0.0898148 0.00619059
0 0.713802 0.372222 0.0223958 0.0240741 0.00626376
9 0.257031 0.0740741 0.00989583 0.0425926 0.0066393
32 0.454167 0.314815 0.00729167 0.012963 0.00668399
11 0.60625 0.0597222 0.00833333 0.0231481 0.00669547
0 0.635677 0.148148 0.00989583 0.0518519 0.00713104
9 0.266146 0.0967593 0.009375 0.0509259 0.00730228
2 0.442708 0.0875 0.0135417 0.025 0.00811574
2 0.321094 0.101852 0.0473958 0.05 0.00951739
9 0.984896 0.492593 0.01875 0.112963 0.0102178
9 0.995313 0.487963 0.00833333 0.114815 0.0107598
9 0.502344 0.760185 0.0119792 0.0537037 0.0107703
9 0.263021 0.0861111 0.00833333 0.0333333 0.0119973
9 0.973437 0.494907 0.0385417 0.115741 0.0183345
9 0.567187 0.0486111 0.00833333 0.0231481 0.0210049
2 0.46276 0.112963 0.0151042 0.037037 0.0224204
9 0.44349 0.0884259 0.0119792 0.025 0.023024
2 0.299219 0.109259 0.0369792 0.0777778 0.035683
9 0.270052 0.0342593 0.0213542 0.062963 0.0426771
5 0.220313 0.0689815 0.0520833 0.0583333 0.0479134
2 0.627604 0.122685 0.025 0.0527778 0.122731
2 0.47526 0.108796 0.0338542 0.0453704 0.351351
2 0.322396 0.0856481 0.0385417 0.0324074 0.369787
2 0.506771 0.10463 0.0427083 0.0611111 0.64648
11 0.729688 0.0435185 0.0270833 0.0574074 0.74898
10 0.203906 0.315741 0.0161458 0.0703704 0.764055
2 0.31849 0.122685 0.0505208 0.0675926 0.778407
2 0.514583 0.177778 0.0583333 0.0851852 0.868192
2 0.729688 0.418056 0.121875 0.175 0.901852
