0 0.263802 0.427778 0.498437 0.203704 0.00107547
0 0.346354 0.583333 0.028125 0.0462963 0.00111458
0 0.816667 0.231944 0.00833333 0.0398148 0.00116189
11 0.740365 0.0657407 0.0171875 0.0222222 0.00118493
3 0.0046875 0.455556 0.009375 0.216667 0.00118667
2 0.530469 0.1125 0.0130208 0.0416667 0.00120256
0 0.730208 0.372685 0.028125 0.0287037 0.00120656
1 0.102865 0.437037 0.0369792 0.0833333 0.0012171
2 0.78125 0.099537 0.0364583 0.0490741 0.00123663
2 0.277865 0.1125 0.0307292 0.0601852 0.00127148
0 0.704427 0.516204 0.585938 0.375 0.00127234
9 0.995313 0.528704 0.00833333 0.0407407 0.00131646
58 0.965365 0.510185 0.0473958 0.131481 0.00131665
58 0.923698 0.183333 0.152604 0.359259 0.00131733
24 0.528125 0.302778 0.0229167 0.0685185 0.0013792
2 0.255729 0.0856481 0.021875 0.0361111 0.00139346
32 0.469271 0.409722 0.009375 0.0212963 0.00140095
3 0.0143229 0.448148 0.0286458 0.222222 0.00141716
1 0.0960938 0.41713 0.0348958 0.0787037 0.00147934
9 0.444792 0.241667 0.009375 0.0222222 0.00149922
2 0.390885 0.10463 0.226562 0.087037 0.00152687
9 0.236719 0.0657407 0.0161458 0.0388889 0.00160861
1 0.0713542 0.150926 0.03125 0.0481481 0.00169515
7 0.278385 0.0703704 0.0359375 0.0425926 0.00171074
0 0.773958 0.669907 0.0677083 0.169444 0.00198724
2 0.527604 0.110185 0.332292 0.0777778 0.00200024
7 0.383854 0.099537 0.202083 0.106481 0.00204585
26 0.0947917 0.389815 0.0270833 0.0611111 0.00210136
9 0.570833 0.0310185 0.0135417 0.0583333 0.0021014
7 0.786719 0.062963 0.0223958 0.0592593 0.00213566
9 0.415625 0.0106481 0.0166667 0.0212963 0.00217592
1 0.527604 0.363889 0.0239583 0.0722222 0.00231935
7 0.282552 0.0875 0.0588542 0.123148 0.002389
9 0.29349 0.0555556 0.00989583 0.0407407 0.00246065
0 0.266927 0.0981481 0.0119792 0.0574074 0.0024682
7 0.970312 0.528704 0.0583333 0.205556 0.00246875
13 0.994531 0.519444 0.00989583 0.17037 0.00249759
1 0.0648438 0.426852 0.0942708 0.0981481 0.00263949
2 0.592448 0.123148 0.0182292 0.0296296 0.00288897
9 0.263021 0.0875 0.00833333 0.0416667 0.00291728
13 0.970573 0.525926 0.0578125 0.192593 0.00292755
0 0.321094 0.350463 0.576563 0.269444 0.00294447
7 0.330469 0.0949074 0.0921875 0.112037 0.00303418
26 0.107031 0.402315 0.0203125 0.0657407 0.00338163
9 0.993229 0.492593 0.0125 0.12037 0.00338327
0 0.346094 0.503704 0.639063 0.555556 0.00358905
0 0.709375 0.374537 0.0177083 0.025 0.00373567
0 0.283594 0.087963 0.0109375 0.0388889 0.00374364
0 0.717448 0.371759 0.0234375 0.0268519 0.00386915
9 0.757031 0.0763889 0.0109375 0.0490741 0.00402382
13 0.985677 0.519907 0.0276042 0.176852 0.00402799
0 0.36849 0.568519 0.0359375 0.0555556 0.00412859
9 0.26901 0.0518519 0.0192708 0.0388889 0.00419739
0 0.334115 0.574074 0.0296875 0.062963 0.00430871
2 0.60651 0.0597222 0.00989583 0.0268519 0.00467281
12 0.992969 0.493519 0.0130208 0.124074 0.00480004
9 0.217969 0.102778 0.0078125 0.0388889 0.00489657
13 0.96224 0.555093 0.0401042 0.0453704 0.00509721
2 0.238021 0.138889 0.01875 0.0444444 0.0051861
1 0.0257812 0.378241 0.0515625 0.0805556 0.00524699
2 0.288542 0.114352 0.0166667 0.0638889 0.0054687
0 0.756771 0.0898148 0.0125 0.0740741 0.0066857
2 0.270312 0.110185 0.0135417 0.037037 0.00716419
0 0.286719 0.115741 0.0161458 0.0685185 0.00777734
2 0.644792 0.42037 0.298958 0.17963 0.00853532
58 0.967708 0.49537 0.0302083 0.0814815 0.00862963
7 0.2125 0.062037 0.0354167 0.0611111 0.0087069
9 0.438802 0.203704 0.0130208 0.05 0.00873133
5 0.21276 0.0615741 0.0338542 0.0601852 0.00939833
2 0.0106771 0.386574 0.0213542 0.0990741 0.00983849
2 0.786979 0.087963 0.0177083 0.0240741 0.0115606
2 0.0257812 0.357407 0.0505208 0.037037 0.0119621
9 0.26901 0.0180556 0.0213542 0.0324074 0.0130958
9 0.213281 0.0615741 0.0328125 0.0601852 0.0131772
2 0.291406 0.0708333 0.0130208 0.0157407 0.0146553
2 0.295833 0.105556 0.0302083 0.0740741 0.0181865
1 0.0125 0.369444 0.025 0.0481481 0.0196091
7 0.276042 0.050463 0.0395833 0.0990741 0.0225518
0 0.634896 0.143519 0.0104167 0.0481481 0.0261761
9 0.566927 0.0472222 0.0078125 0.0222222 0.029914
1 0.10599 0.431481 0.0213542 0.0611111 0.031745
9 0.219792 0.0884259 0.00833333 0.012037 0.0341796
1 0.00520833 0.400463 0.0104167 0.0972222 0.0380423
0 0.396875 0.564352 0.0395833 0.0601852 0.0420038
3 0.0046875 0.405556 0.009375 0.0888889 0.0426226
0 0.422656 0.572222 0.0401042 0.0537037 0.0427255
24 0.515104 0.300463 0.0229167 0.0490741 0.0493895
3 0.00989583 0.399074 0.0197917 0.1 0.0597592
2 0.488021 0.106481 0.015625 0.0518519 0.0685531
2 0.351302 0.0597222 0.0182292 0.0342593 0.0916981
1 0.0135417 0.398148 0.0270833 0.103704 0.128449
2 0.463281 0.109259 0.0171875 0.0444444 0.168205
2 0.472917 0.108333 0.034375 0.0462963 0.305145
2 0.373177 0.0611111 0.0390625 0.0351852 0.311203
2 0.321354 0.0856481 0.0375 0.0361111 0.355058
7 0.505729 0.103241 0.0427083 0.0638889 0.412476
1 0.0921875 0.449537 0.021875 0.0638889 0.437563
2 0.50599 0.103704 0.0421875 0.062963 0.472762
2 0.626823 0.121759 0.0255208 0.0509259 0.486955
2 0.427865 0.103241 0.0411458 0.0564815 0.549299
1 0.517708 0.385648 0.0239583 0.0861111 0.647946
10 0.204167 0.314815 0.015625 0.0703704 0.655885
2 0.318229 0.121759 0.0510417 0.0694444 0.659346
11 0.728906 0.0421296 0.0265625 0.0546296 0.73013
0 0.0976562 0.392593 0.0390625 0.135185 0.821493
0 0.519792 0.326852 0.0385417 0.157407 0.824802
2 0.383854 0.655556 0.207292 0.331481 0.843295
2 0.729427 0.419907 0.123438 0.171296 0.903117
