13 0.970052 0.564352 0.0578125 0.0861111 0.00102415
2 0.742448 0.157407 0.0171875 0.0148148 0.00103288
7 0.970312 0.521296 0.0583333 0.185185 0.00106179
7 0.989323 0.518519 0.0203125 0.181481 0.00106389
1 0.810156 0.330093 0.0213542 0.0953704 0.0010939
32 0.460156 0.357407 0.0109375 0.0166667 0.00112378
9 0.292448 0.0513889 0.00885417 0.037963 0.00112571
2 0.530469 0.111574 0.0140625 0.0490741 0.00113934
9 0.260417 0.0472222 0.0114583 0.0518519 0.00117793
9 0.236719 0.0740741 0.0192708 0.0555556 0.00120987
0 0.756771 0.375 0.0197917 0.0314815 0.00139528
9 0.470052 0.4125 0.0109375 0.0287037 0.00157141
12 0.701563 0.165278 0.0208333 0.037963 0.00160881
2 0.641146 0.151389 0.0197917 0.0638889 0.00160938
9 0.571354 0.0314815 0.0135417 0.0592593 0.00163092
12 0.757292 0.0875 0.0125 0.0675926 0.00173191
2 0.654427 0.139352 0.0807292 0.0861111 0.00179886
2 0.783073 0.101852 0.0369792 0.0518519 0.00192167
2 0.501562 0.112963 0.30625 0.0777778 0.00208851
13 0.0132813 0.396296 0.0265625 0.118519 0.00214739
2 0.57526 0.125463 0.0526042 0.0342593 0.00225515
2 0.443229 0.0884259 0.0145833 0.0305556 0.00244441
58 0.96875 0.495833 0.0302083 0.0842593 0.00253559
9 0.50026 0.602315 0.0151042 0.037963 0.00262068
2 0.474219 0.0986111 0.0380208 0.0287037 0.00276669
2 0.776563 0.111111 0.021875 0.0277778 0.00277831
12 0.99375 0.518519 0.0114583 0.166667 0.00295198
9 0.254687 0.0763889 0.0104167 0.0509259 0.00298082
9 0.758594 0.0736111 0.00989583 0.0398148 0.00301577
9 0.220052 0.0888889 0.00989583 0.0148148 0.00314482
0 0.26276 0.101852 0.00885417 0.0574074 0.00319877
13 0.00416667 0.402315 0.00833333 0.102778 0.00321262
12 0.702083 0.142593 0.0239583 0.0796296 0.00343621
11 0.239844 0.0361111 0.0223958 0.0685185 0.00351098
2 0.2375 0.110648 0.01875 0.0490741 0.00354133
12 0.689323 0.167593 0.0140625 0.0351852 0.00358078
2 0.496094 0.11713 0.0442708 0.0472222 0.00364766
9 0.263021 0.0875 0.00833333 0.0342593 0.00368762
9 0.266146 0.0990741 0.0104167 0.0518519 0.00370525
2 0.220313 0.133796 0.05625 0.0564815 0.00377382
9 0.108594 0.0296296 0.00989583 0.037037 0.00405268
0 0.715625 0.371296 0.0239583 0.0277778 0.0041911
1 0.0539063 0.159722 0.0619792 0.0787037 0.00429807
2 0.44349 0.112963 0.0192708 0.0222222 0.00434777
9 0.252604 0.0861111 0.0114583 0.0351852 0.0044284
5 0.221094 0.0685185 0.0505208 0.0555556 0.0047535
9 0.207552 0.0680556 0.0203125 0.0416667 0.00497682
1 0.00442708 0.396296 0.00885417 0.114815 0.00498944
9 0.220573 0.0546296 0.0182292 0.0444444 0.00500501
9 0.364062 0.05 0.0104167 0.0388889 0.00507062
9 0.270052 0.0546296 0.0182292 0.037037 0.00626458
12 0.69375 0.165278 0.00729167 0.037963 0.00653373
11 0.60651 0.0592593 0.00989583 0.0240741 0.00710987
32 0.454427 0.315278 0.0078125 0.0175926 0.00753502
9 0.992969 0.500926 0.0130208 0.135185 0.00757776
11 0.23724 0.0685185 0.0171875 0.0425926 0.00760909
10 0.443229 0.0884259 0.0135417 0.0287037 0.00926404
2 0.269792 0.104167 0.0114583 0.0490741 0.00937722
7 0.220573 0.0717593 0.0515625 0.0675926 0.0107816
9 0.267188 0.0347222 0.0177083 0.062037 0.0109695
0 0.635677 0.147685 0.00989583 0.0509259 0.0148769
2 0.635677 0.147685 0.0109375 0.0564815 0.0158849
2 0.785937 0.0898148 0.015625 0.0222222 0.0171604
9 0.567448 0.0481481 0.0078125 0.0240741 0.0225511
2 0.238542 0.140741 0.01875 0.0425926 0.0281504
9 0.361458 0.0694444 0.00729167 0.0259259 0.0340246
9 0.502344 0.760185 0.0119792 0.0518519 0.0628578
2 0.592708 0.125926 0.0166667 0.0222222 0.075247
9 0.36875 0.0601852 0.00729167 0.0296296 0.0799421
2 0.321354 0.0916667 0.0385417 0.0351852 0.195021
2 0.301042 0.106019 0.0385417 0.0805556 0.283558
9 0.370573 0.0518519 0.0078125 0.0314815 0.299845
2 0.627865 0.12037 0.0255208 0.0518519 0.373137
2 0.509115 0.10463 0.0369792 0.062963 0.69679
2 0.31901 0.121296 0.0494792 0.0722222 0.734397
11 0.729427 0.0430556 0.0265625 0.0564815 0.778723
10 0.203906 0.315741 0.0161458 0.0703704 0.808598
2 0.48099 0.133796 0.0578125 0.087963 0.870848
2 0.729948 0.418981 0.122396 0.169444 0.919285
