2 0.79375 0.0884259 0.0322917 0.0361111 0.00103409
2 0.296094 0.105093 0.0776042 0.0953704 0.00108401
11 0.239583 0.0375 0.021875 0.0712963 0.00116318
0 0.995833 0.321759 0.00729167 0.0657407 0.00116715
7 0.970052 0.531482 0.0588542 0.212963 0.00119637
9 0.238802 0.0740741 0.0161458 0.0518519 0.0012065
7 0.988802 0.518056 0.0213542 0.182407 0.00120693
12 0.98776 0.517593 0.0234375 0.172222 0.00121098
7 0.790885 0.062963 0.0307292 0.0666667 0.00127138
2 0.655729 0.138889 0.0802083 0.0851852 0.00134769
9 0.500521 0.602315 0.015625 0.037963 0.00135935
2 0.574479 0.127315 0.0541667 0.0324074 0.0015562
12 0.702083 0.164352 0.021875 0.037963 0.00171698
9 0.290365 0.0268519 0.0109375 0.0351852 0.00176057
9 0.458073 0.0662037 0.00885417 0.0305556 0.00178171
9 0.590104 0.0407407 0.0135417 0.0425926 0.00182253
2 0.458854 0.115278 0.36875 0.0935185 0.00195676
2 0.783333 0.100926 0.0375 0.05 0.00200031
0 0.757812 0.0856481 0.0125 0.0601852 0.00206151
0 0.26276 0.102778 0.00885417 0.0537037 0.00209106
2 0.777083 0.108796 0.0239583 0.0305556 0.0022732
2 0.569531 0.112963 0.171354 0.0759259 0.0022824
9 0.255469 0.0740741 0.0109375 0.05 0.00250089
1 0.00390625 0.4125 0.0078125 0.0805556 0.00270148
12 0.756771 0.0958333 0.015625 0.0842593 0.00275329
1 0.0132813 0.369444 0.0265625 0.0481481 0.00277634
58 0.96901 0.49537 0.0307292 0.0888889 0.00285669
9 0.252083 0.0865741 0.0125 0.0342593 0.00285969
2 0.442708 0.0884259 0.0135417 0.0305556 0.0030152
12 0.689062 0.166667 0.0135417 0.037037 0.00330843
2 0.282552 0.0939815 0.0078125 0.0435185 0.00332618
0 0.715625 0.372685 0.0239583 0.0268519 0.00335718
2 0.267188 0.0990741 0.0104167 0.0518519 0.00335997
12 0.994271 0.51713 0.0104167 0.169444 0.00337703
9 0.263021 0.0856481 0.00833333 0.0305556 0.00383255
2 0.53099 0.113426 0.0140625 0.0435185 0.00384116
2 0.515104 0.1125 0.0802083 0.0675926 0.00414985
12 0.702344 0.141204 0.0244792 0.0805556 0.00427291
11 0.60625 0.0597222 0.009375 0.0231481 0.00433471
13 0.00390625 0.410185 0.0078125 0.0851852 0.00457369
2 0.44401 0.0990741 0.0192708 0.0481481 0.00480917
12 0.693229 0.165278 0.00729167 0.0361111 0.00503823
9 0.207813 0.0675926 0.0239583 0.0444444 0.00514734
9 0.99375 0.505093 0.0114583 0.147222 0.00522558
2 0.496615 0.118519 0.0338542 0.0351852 0.00539435
1 0.0526042 0.158796 0.065625 0.0787037 0.00553514
2 0.473958 0.0962963 0.0208333 0.0222222 0.00563449
11 0.236979 0.0703704 0.0177083 0.0462963 0.00596003
9 0.109635 0.0263889 0.0109375 0.0361111 0.00646249
2 0.649479 0.148611 0.0375 0.0583333 0.00654448
9 0.581771 0.0333333 0.0135417 0.0592593 0.0065513
9 0.502865 0.759722 0.0130208 0.0546296 0.0082003
32 0.454167 0.315278 0.00833333 0.0157407 0.00859813
9 0.573958 0.0310185 0.0145833 0.0601852 0.00869474
9 0.758333 0.0740741 0.0104167 0.0425926 0.00937104
9 0.219531 0.0888889 0.00989583 0.0148148 0.00942958
2 0.785417 0.0902778 0.0145833 0.0212963 0.00999442
2 0.270312 0.106944 0.0125 0.0435185 0.0101773
2 0.46875 0.116204 0.0291667 0.0435185 0.0104572
10 0.442708 0.087963 0.0135417 0.0296296 0.0109659
2 0.238281 0.141667 0.0192708 0.0407407 0.0116072
0 0.363021 0.0574074 0.0125 0.0407407 0.0117319
1 0.0111979 0.398148 0.0223958 0.112963 0.0117914
5 0.220313 0.0634259 0.05 0.0601852 0.0127084
13 0.0140625 0.397685 0.028125 0.110185 0.0143006
2 0.458854 0.115278 0.0125 0.0324074 0.0160647
7 0.219792 0.0652778 0.0510417 0.0675926 0.0163915
2 0.635417 0.145833 0.0114583 0.0546296 0.0212689
2 0.482552 0.0912037 0.0234375 0.012037 0.0312365
9 0.361198 0.0569444 0.0109375 0.037963 0.0402555
9 0.567448 0.0486111 0.0078125 0.025 0.0505064
7 0.307031 0.109259 0.0557292 0.0851852 0.052098
9 0.26901 0.0356481 0.0213542 0.0675926 0.0595567
2 0.592708 0.128241 0.0166667 0.0212963 0.107243
2 0.299219 0.106944 0.0369792 0.0824074 0.155769
2 0.321615 0.087963 0.0390625 0.0333333 0.204394
2 0.627865 0.12037 0.0244792 0.0518519 0.348078
2 0.509635 0.104167 0.0359375 0.062037 0.61147
2 0.31901 0.12037 0.0494792 0.0722222 0.704983
11 0.729167 0.0435185 0.0270833 0.0555556 0.78359
10 0.203906 0.315741 0.0161458 0.0703704 0.807333
2 0.485417 0.141667 0.0625 0.0925926 0.864589
2 0.729688 0.419907 0.122917 0.171296 0.913707
