2 0.808854 0.0810185 0.0291667 0.0342593 0.0010205
10 0.19349 0.29537 0.0380208 0.114815 0.00103749
2 0.0257812 0.355093 0.0505208 0.0361111 0.00103925
9 0.990104 0.523148 0.01875 0.181481 0.00104239
58 0.919531 0.186111 0.160938 0.366667 0.00109019
2 0.273958 0.111111 0.0208333 0.0611111 0.0010958
9 0.416406 0.00833333 0.0161458 0.0166667 0.00110849
0 0.728906 0.372685 0.0255208 0.0268519 0.00112641
12 0.976823 0.501389 0.0442708 0.134259 0.00114694
2 0.675521 0.115278 0.121875 0.0805556 0.00119445
9 0.363021 0.0472222 0.009375 0.0351852 0.00124462
0 0.757552 0.373611 0.0192708 0.0324074 0.00126848
1 0.0505208 0.156944 0.0677083 0.0731481 0.0012846
9 0.430208 0.0611111 0.009375 0.0314815 0.00130958
58 0.968229 0.495833 0.0302083 0.087963 0.00131865
2 0.449219 0.107407 0.0401042 0.0481481 0.00135408
32 0.454167 0.315278 0.00833333 0.0157407 0.00135908
2 0.0346354 0.1375 0.0682292 0.108333 0.00136111
1 0.0046875 0.462037 0.009375 0.231481 0.00137073
2 0.638542 0.124537 0.0489583 0.062037 0.00137667
7 0.213802 0.0606481 0.0348958 0.062037 0.00146771
2 0.796875 0.0861111 0.0510417 0.0388889 0.00149566
9 0.995573 0.527778 0.0078125 0.05 0.00153028
2 0.788281 0.105093 0.0463542 0.0583333 0.0016737
2 0.654688 0.138426 0.0833333 0.0842593 0.00172971
2 0.815365 0.0694444 0.0161458 0.0148148 0.00173809
2 0.777604 0.115278 0.025 0.0342593 0.00176212
2 0.592969 0.124537 0.0182292 0.025 0.00181283
7 0.221615 0.0759259 0.0494792 0.0648148 0.00182327
0 0.716146 0.371759 0.0239583 0.0268519 0.00184782
2 0.530729 0.112963 0.0125 0.0425926 0.00185309
0 0.2625 0.106019 0.0104167 0.0472222 0.00192674
11 0.240104 0.0342593 0.0208333 0.0666667 0.00193391
9 0.588542 0.0412037 0.0145833 0.0509259 0.00194196
11 0.60599 0.0601852 0.00989583 0.0259259 0.00195945
9 0.548177 0.0597222 0.0109375 0.0231481 0.00197586
2 0.817708 0.234722 0.00833333 0.0398148 0.00213168
9 0.252344 0.0888889 0.0130208 0.0333333 0.00215586
2 0.813802 0.075 0.0203125 0.0203704 0.00217222
2 0.363542 0.0680556 0.0114583 0.0194444 0.00221814
1 0.0236979 0.393056 0.0473958 0.117593 0.0022329
9 0.257812 0.074537 0.0114583 0.0472222 0.00227164
7 0.970312 0.527315 0.0583333 0.20463 0.0023237
0 0.442708 0.0986111 0.0177083 0.0490741 0.00237342
9 0.5 0.602778 0.0145833 0.0388889 0.00238348
9 0.236719 0.0638889 0.0161458 0.0351852 0.00255054
0 0.995573 0.327315 0.0078125 0.0583333 0.00258198
9 0.429427 0.0486111 0.00885417 0.0287037 0.00264261
7 0.303385 0.0476852 0.0223958 0.0361111 0.00265638
2 0.832031 0.213889 0.0359375 0.0833333 0.00275388
9 0.265885 0.0981481 0.0109375 0.0537037 0.00282085
2 0.442708 0.0884259 0.0145833 0.0287037 0.00293993
12 0.691146 0.165741 0.0125 0.0407407 0.00294891
2 0.40026 0.111574 0.223438 0.0824074 0.00328828
11 0.23776 0.0657407 0.0151042 0.037037 0.00339462
2 0.218229 0.137037 0.0604167 0.05 0.0037566
13 0.994531 0.521759 0.00989583 0.171296 0.00390537
2 0.640625 0.152315 0.0197917 0.062037 0.00410286
9 0.99375 0.495833 0.0114583 0.125 0.00418541
2 0.293229 0.106944 0.0697917 0.0935185 0.00455921
9 0.577604 0.0333333 0.0145833 0.0611111 0.00463455
12 0.99401 0.498148 0.0109375 0.133333 0.00471666
9 0.583333 0.0347222 0.015625 0.0601852 0.00474297
2 0.584115 0.1125 0.325521 0.0694444 0.00483401
9 0.263802 0.0865741 0.00989583 0.0324074 0.00522888
2 0.0127604 0.39537 0.0255208 0.114815 0.00540444
0 0.756771 0.12037 0.0145833 0.0351852 0.0057572
9 0.565365 0.0314815 0.0171875 0.0592593 0.00642372
13 0.986719 0.523148 0.0255208 0.17963 0.00667049
2 0.475 0.111574 0.0770833 0.0638889 0.00672614
0 0.755208 0.10463 0.0177083 0.0685185 0.00733821
9 0.36224 0.0708333 0.00989583 0.025 0.00820477
9 0.113802 0.0236111 0.0130208 0.0361111 0.00821799
0 0.747656 0.116667 0.0130208 0.0425926 0.00880461
2 0.271615 0.109259 0.0140625 0.0407407 0.00922324
13 0.970573 0.531482 0.0578125 0.190741 0.00936837
9 0.502865 0.759722 0.0140625 0.0583333 0.0127783
0 0.75625 0.0787037 0.0125 0.0537037 0.0166113
9 0.220573 0.0884259 0.0109375 0.0138889 0.0171211
2 0.786719 0.0893519 0.0161458 0.0231481 0.020396
1 0.00442708 0.408333 0.00885417 0.0851852 0.0205778
9 0.442708 0.0888889 0.0135417 0.0277778 0.0213203
1 0.00911458 0.39537 0.0182292 0.111111 0.0232181
9 0.109896 0.0240741 0.0104167 0.0351852 0.0253406
0 0.635677 0.149537 0.00989583 0.0546296 0.0259125
9 0.208073 0.0671296 0.0203125 0.0453704 0.0277687
2 0.635156 0.148611 0.0109375 0.0564815 0.0348266
2 0.00442708 0.406944 0.00885417 0.087963 0.035092
7 0.29401 0.108333 0.0296875 0.0814815 0.0379293
2 0.238802 0.140741 0.0192708 0.0407407 0.0426801
2 0.488281 0.10787 0.0140625 0.0490741 0.0457027
9 0.567448 0.0481481 0.00885417 0.0240741 0.0512143
2 0.292969 0.1125 0.0276042 0.0731481 0.123033
2 0.303125 0.050463 0.0208333 0.0268519 0.12961
2 0.4625 0.1125 0.0135417 0.0398148 0.138998
9 0.26901 0.0356481 0.0213542 0.0675926 0.199365
2 0.472135 0.109259 0.0317708 0.0444444 0.299379
2 0.322396 0.0861111 0.0375 0.037037 0.346818
2 0.627344 0.121296 0.0255208 0.0518519 0.439826
2 0.505469 0.103704 0.0432292 0.062963 0.556803
10 0.204167 0.316204 0.015625 0.0712963 0.712159
2 0.31875 0.121759 0.0510417 0.0712963 0.740318
11 0.729167 0.0430556 0.0270833 0.0546296 0.829557
2 0.391146 0.11713 0.046875 0.0694444 0.839904
2 0.381771 0.20787 0.0708333 0.102778 0.885429
2 0.729948 0.419907 0.122396 0.171296 0.911133
2 0.745833 0.190741 0.128125 0.111111 0.915136
