9 0.292708 0.0541667 0.009375 0.0324074 0.00100505
9 0.547656 0.0606481 0.00989583 0.025 0.00100807
9 0.50026 0.603241 0.0151042 0.037963 0.00104007
13 0.961979 0.55463 0.040625 0.0388889 0.00104628
1 0.00755208 0.1625 0.0151042 0.0546296 0.00106711
9 0.429167 0.0444444 0.009375 0.0259259 0.00106747
2 0.640104 0.151852 0.0177083 0.062963 0.001114
58 0.91901 0.184722 0.161979 0.365741 0.00121161
0 0.995833 0.328704 0.00729167 0.0518519 0.00125491
13 0.973177 0.52037 0.0526042 0.175926 0.00126512
9 0.502083 0.760648 0.0135417 0.0527778 0.00129096
2 0.219271 0.131019 0.05625 0.0638889 0.00132604
1 0.0421875 0.160185 0.084375 0.0907407 0.00135086
2 0.961979 0.556481 0.040625 0.0425926 0.00137906
9 0.257552 0.0712963 0.00989583 0.0444444 0.00140856
2 0.2375 0.123148 0.01875 0.062963 0.00145982
12 0.688021 0.168056 0.015625 0.0342593 0.00149296
9 0.263021 0.0865741 0.00729167 0.0324074 0.00150816
9 0.271875 0.0393519 0.028125 0.075 0.0015086
0 0.755469 0.131019 0.0140625 0.0416667 0.00155744
12 0.702344 0.129167 0.0234375 0.0657407 0.00158286
2 0.660417 0.150463 0.0604167 0.0601852 0.00165719
11 0.221354 0.0680556 0.0510417 0.0583333 0.00178662
2 0.429167 0.1125 0.303125 0.087963 0.0017868
1 0.0231771 0.178704 0.0442708 0.0592593 0.00180007
2 0.442969 0.0930556 0.0151042 0.037963 0.0018698
9 0.214062 0.0671296 0.0385417 0.0509259 0.00197159
12 0.702083 0.164352 0.0239583 0.0361111 0.00197451
2 0.300521 0.108796 0.0822917 0.0916667 0.00202834
0 0.755469 0.374074 0.0213542 0.0314815 0.00215844
2 0.560156 0.1125 0.254687 0.0712963 0.00230922
11 0.240625 0.0333333 0.021875 0.062963 0.00235906
9 0.570052 0.0324074 0.0119792 0.0574074 0.00253555
0 0.729948 0.372222 0.0265625 0.0296296 0.00256083
9 0.253385 0.0865741 0.0119792 0.0324074 0.00257153
12 0.692969 0.163889 0.0078125 0.0388889 0.00261963
0 0.263542 0.110648 0.00833333 0.0398148 0.00263957
0 0.757031 0.0986111 0.0171875 0.075 0.00270728
2 0.476302 0.112963 0.0734375 0.0648148 0.0031386
11 0.236979 0.0685185 0.0177083 0.0425926 0.00316362
2 0.267448 0.100463 0.0119792 0.0564815 0.003194
7 0.970312 0.523611 0.0583333 0.191667 0.00329599
2 0.817187 0.234259 0.009375 0.0407407 0.00338261
2 0.801302 0.0837963 0.0359375 0.0268519 0.00339094
2 0.363542 0.0694444 0.0114583 0.0222222 0.00352335
1 0.0114583 0.36713 0.0229167 0.0453704 0.00369446
12 0.99401 0.518519 0.0109375 0.17037 0.00379963
9 0.270052 0.049537 0.0203125 0.0398148 0.00410556
2 0.449219 0.10463 0.0328125 0.0518519 0.00426595
7 0.990104 0.51713 0.01875 0.180556 0.00433232
9 0.363021 0.0689815 0.0104167 0.025 0.00441455
0 0.44349 0.099537 0.0182292 0.0509259 0.00492909
9 0.995052 0.531482 0.00885417 0.0518519 0.00501597
2 0.779948 0.103704 0.0296875 0.0462963 0.00512522
7 0.220313 0.0662037 0.0510417 0.062037 0.00514146
2 0.771615 0.114815 0.0140625 0.0277778 0.00528553
2 0.340885 0.0893519 0.00989583 0.0268519 0.00573845
5 0.220833 0.0662037 0.0489583 0.0527778 0.00597925
9 0.269792 0.0259259 0.0197917 0.037037 0.00626408
9 0.220833 0.087963 0.0104167 0.0148148 0.00895571
9 0.442969 0.0884259 0.0140625 0.0287037 0.00898192
0 0.714844 0.372685 0.0234375 0.0268519 0.00985164
1 0.00442708 0.412963 0.00885417 0.0851852 0.0103447
9 0.207552 0.0680556 0.0203125 0.0416667 0.0105203
2 0.59349 0.125926 0.0171875 0.0240741 0.0114103
2 0.813281 0.075463 0.0203125 0.0194444 0.0142565
2 0.238542 0.14213 0.0177083 0.0398148 0.0145572
9 0.992708 0.504167 0.0135417 0.14537 0.0170443
0 0.757292 0.0819444 0.0125 0.0564815 0.0192494
2 0.270833 0.113426 0.0125 0.0342593 0.020148
1 0.00963542 0.4 0.0192708 0.112963 0.0225823
11 0.60625 0.0611111 0.009375 0.0240741 0.0255707
2 0.635417 0.14537 0.0114583 0.0518519 0.0350533
2 0.784896 0.0907407 0.0145833 0.0222222 0.0370677
0 0.635677 0.147685 0.00989583 0.0490741 0.0398934
9 0.567448 0.0481481 0.00885417 0.0240741 0.0878402
2 0.298177 0.108796 0.0369792 0.0861111 0.146992
7 0.297917 0.106944 0.0375 0.0842593 0.172618
2 0.321354 0.087963 0.0385417 0.0314815 0.215898
2 0.465885 0.111574 0.0192708 0.0416667 0.218837
2 0.479948 0.109722 0.0223958 0.0453704 0.326941
7 0.50651 0.10463 0.0421875 0.062963 0.380007
2 0.50625 0.104167 0.0427083 0.0638889 0.456651
2 0.627865 0.121759 0.0255208 0.0509259 0.479091
10 0.204167 0.316204 0.0166667 0.0712963 0.731967
2 0.31849 0.120833 0.0505208 0.0731481 0.7641
11 0.729427 0.0425926 0.0265625 0.0537037 0.789834
2 0.399479 0.119907 0.0489583 0.0675926 0.831849
2 0.729948 0.419444 0.122396 0.172222 0.909687
