2 0.0614583 0.0689815 0.0322917 0.0231481 0.00104385
9 0.451823 0.286111 0.0203125 0.0740741 0.00104546
2 0.455469 0.106481 0.0609375 0.0481481 0.00104766
9 0.550781 0.0384259 0.0171875 0.0398148 0.00111103
2 0.6375 0.146296 0.01875 0.0537037 0.00113043
0 0.716927 0.364815 0.0286458 0.0351852 0.00117183
0 0.353906 0.319907 0.0463542 0.0416667 0.00120224
13 0.952344 0.419444 0.0942708 0.142593 0.00123073
2 0.65625 0.139352 0.078125 0.0824074 0.00140385
2 0.591927 0.128241 0.0182292 0.0212963 0.00146933
5 0.236458 0.0652778 0.0177083 0.0398148 0.00152272
7 0.147396 0.0925926 0.065625 0.0814815 0.00153564
2 0.790104 0.0861111 0.01875 0.0203704 0.00156189
2 0.363542 0.0662037 0.0114583 0.0212963 0.00160677
2 0.576042 0.10787 0.319792 0.075 0.00161249
2 0.591406 0.422685 0.776563 0.189815 0.00167505
9 0.438802 0.192593 0.0140625 0.0351852 0.00176826
0 0.439063 0.352778 0.809375 0.275926 0.00183087
0 0.757292 0.0726852 0.0104167 0.0490741 0.00192951
9 0.220573 0.101852 0.0130208 0.0351852 0.00196803
12 0.694792 0.1625 0.00729167 0.037963 0.00200377
11 0.240365 0.0412037 0.0213542 0.0805556 0.00204522
9 0.236979 0.0685185 0.0177083 0.0444444 0.00205643
9 0.291927 0.0550926 0.00885417 0.037963 0.00209923
1 0.0114583 0.368056 0.0229167 0.0472222 0.0021332
2 0.653125 0.151389 0.046875 0.0638889 0.00215053
0 0.757292 0.373611 0.01875 0.0342593 0.00238742
9 0.360938 0.0648148 0.0104167 0.0222222 0.00251714
32 0.460156 0.355556 0.00885417 0.0148148 0.00265982
2 0.444271 0.101389 0.0208333 0.0490741 0.0027952
12 0.701563 0.163426 0.0197917 0.0398148 0.00294921
2 0.411458 0.108796 0.30625 0.0842593 0.00298942
2 0.299479 0.102315 0.078125 0.0935185 0.00317959
9 0.259375 0.0726852 0.0125 0.0490741 0.00331324
0 0.755729 0.0912037 0.015625 0.0861111 0.00345928
11 0.60599 0.0606481 0.00989583 0.025 0.00364981
9 0.50026 0.601389 0.0151042 0.0416667 0.00370238
0 0.263802 0.101389 0.00885417 0.0527778 0.00381493
0 0.732552 0.372222 0.0296875 0.0277778 0.00386001
2 0.463542 0.108333 0.103125 0.0648148 0.00458324
9 0.565104 0.0351852 0.0114583 0.0518519 0.00471934
12 0.702344 0.138889 0.0223958 0.0833333 0.00497028
1 0.0132813 0.397685 0.0265625 0.112037 0.00498255
9 0.261979 0.0430556 0.0145833 0.0564815 0.00504972
9 0.252604 0.087037 0.0135417 0.037037 0.0050573
9 0.559375 0.0310185 0.03125 0.0601852 0.00539005
0 0.199479 0.735648 0.160417 0.478704 0.00588756
0 0.33099 0.326852 0.0203125 0.0277778 0.00682283
9 0.966667 0.500926 0.025 0.0740741 0.00708432
9 0.207031 0.0666667 0.0192708 0.0407407 0.00721342
9 0.266927 0.0981481 0.0109375 0.0555556 0.00728915
9 0.994531 0.517593 0.00989583 0.17037 0.00770156
9 0.502604 0.760648 0.0114583 0.0564815 0.00905146
9 0.263021 0.0888889 0.009375 0.0388889 0.00908265
7 0.220573 0.0666667 0.0505208 0.062963 0.0100621
2 0.00364583 0.4125 0.00729167 0.0787037 0.0102578
2 0.270052 0.110648 0.0119792 0.0361111 0.0110732
9 0.442969 0.0865741 0.0140625 0.025 0.0111929
7 0.970833 0.528704 0.0572917 0.201852 0.0117718
5 0.220833 0.0731481 0.05 0.062963 0.0119657
1 0.00416667 0.397685 0.00833333 0.110185 0.0128809
2 0.442708 0.087037 0.0145833 0.0259259 0.0138699
0 0.357031 0.324537 0.0213542 0.0324074 0.0141334
0 0.710417 0.371296 0.0197917 0.0277778 0.0146247
0 0.346875 0.325 0.0208333 0.0314815 0.0157574
9 0.454167 0.312963 0.00833333 0.0185185 0.0167697
9 0.973437 0.498611 0.0385417 0.121296 0.0173716
9 0.220573 0.0907407 0.0109375 0.0148148 0.0202297
0 0.371615 0.324537 0.0276042 0.0324074 0.024932
2 0.461979 0.110648 0.0135417 0.037963 0.026788
0 0.634375 0.146759 0.0114583 0.0546296 0.0272382
9 0.567187 0.0472222 0.00833333 0.0240741 0.0296532
9 0.222656 0.0541667 0.0140625 0.037963 0.0323226
7 0.297917 0.106944 0.0395833 0.0842593 0.0937858
2 0.29401 0.10787 0.0317708 0.0842593 0.097021
9 0.269271 0.0351852 0.021875 0.0685185 0.109402
2 0.321875 0.087037 0.0395833 0.037037 0.263902
2 0.627344 0.121759 0.0255208 0.0509259 0.292151
2 0.474219 0.10787 0.0348958 0.0453704 0.537885
2 0.50599 0.102778 0.0432292 0.062963 0.617029
2 0.317708 0.121296 0.0520833 0.0703704 0.706392
11 0.729427 0.0430556 0.0276042 0.0564815 0.743112
10 0.204167 0.316204 0.0166667 0.0694444 0.828265
2 0.729688 0.419444 0.121875 0.172222 0.904056
2 0.35625 0.36713 0.1125 0.156481 0.920048
