13 0.970833 0.519907 0.0572917 0.173148 0.00102573
9 0.289844 0.0291667 0.0119792 0.0361111 0.00103695
2 0.565365 0.421759 0.554688 0.176852 0.00107307
2 0.0502604 0.0671296 0.0536458 0.0268519 0.00112584
9 0.114583 0.024537 0.0145833 0.0416667 0.00122119
0 0.458333 0.0671296 0.0135417 0.0268519 0.00123283
9 0.582031 0.0407407 0.00989583 0.0425926 0.00135413
2 0.394271 0.107407 0.219792 0.0907407 0.0013915
2 0.65651 0.148611 0.0546875 0.0657407 0.0014039
0 0.994792 0.263426 0.009375 0.189815 0.00142011
9 0.219271 0.0875 0.0114583 0.0157407 0.00143974
2 0.0333333 0.0662037 0.0197917 0.0194444 0.0014401
12 0.701823 0.164815 0.0203125 0.037037 0.00147053
2 0.345052 0.0699074 0.0119792 0.0175926 0.00147425
2 0.296875 0.103704 0.0833333 0.0944444 0.00149815
0 0.757031 0.0893519 0.0140625 0.0712963 0.00157197
9 0.547917 0.0509259 0.0114583 0.0259259 0.00157915
2 0.26276 0.105556 0.00989583 0.0481481 0.00163461
13 0.961979 0.555093 0.0385417 0.0416667 0.00164161
9 0.579167 0.0319444 0.0135417 0.0564815 0.00165663
2 0.792969 0.0907407 0.0338542 0.0296296 0.00166866
2 0.295833 0.124074 0.021875 0.0703704 0.00172343
9 0.757552 0.0722222 0.0109375 0.0388889 0.00176105
0 0.757292 0.372685 0.01875 0.0305556 0.00180211
12 0.995052 0.517593 0.00885417 0.0814815 0.00191195
9 0.252604 0.0861111 0.0125 0.0333333 0.00191585
2 0.816927 0.233333 0.00989583 0.0425926 0.00197707
58 0.96875 0.497222 0.03125 0.0907407 0.00197975
9 0.263281 0.0856481 0.00885417 0.0305556 0.0020258
9 0.293229 0.0537037 0.00833333 0.0388889 0.00202918
11 0.221354 0.0666667 0.0510417 0.0592593 0.00206969
9 0.209375 0.0671296 0.025 0.0453704 0.00207764
12 0.693229 0.163426 0.00729167 0.037963 0.00211344
2 0.783854 0.103704 0.0385417 0.05 0.00224098
2 0.592969 0.125 0.0171875 0.0259259 0.00241243
12 0.702083 0.139352 0.0229167 0.0842593 0.00246513
2 0.528646 0.1125 0.290625 0.0805556 0.00249645
1 0.0234375 0.394444 0.046875 0.118519 0.00264166
2 0.498698 0.106944 0.0203125 0.062037 0.00265664
2 0.290885 0.0851852 0.0265625 0.0462963 0.00269172
0 0.715365 0.372685 0.0255208 0.0268519 0.00273963
2 0.239063 0.108796 0.0177083 0.037963 0.00280067
2 0.776823 0.109722 0.0234375 0.0324074 0.00281913
9 0.109635 0.0282407 0.0130208 0.0361111 0.00287855
1 0.0135417 0.371759 0.0270833 0.0583333 0.00302514
9 0.25651 0.074537 0.00989583 0.0472222 0.00303096
2 0.266667 0.0986111 0.0114583 0.0527778 0.00342875
0 0.995833 0.32963 0.00729167 0.0537037 0.00349408
9 0.217708 0.0546296 0.0239583 0.0462963 0.00376636
2 0.48099 0.100463 0.0296875 0.0546296 0.00393958
9 0.992448 0.49537 0.0140625 0.124074 0.00416649
1 0.00651042 0.370833 0.0130208 0.0675926 0.00507798
9 0.50026 0.601852 0.0151042 0.0388889 0.00545789
2 0.21849 0.137963 0.0598958 0.05 0.00548548
12 0.992708 0.497222 0.0135417 0.12963 0.00635067
2 0.439583 0.1125 0.0145833 0.0342593 0.00675268
13 0.00442708 0.400926 0.00885417 0.103704 0.00750342
13 0.0140625 0.39537 0.028125 0.114815 0.00840452
1 0.00442708 0.406944 0.00885417 0.0916667 0.00903278
11 0.60599 0.0597222 0.00989583 0.025 0.00919806
9 0.56849 0.0319444 0.00989583 0.0583333 0.00939271
7 0.220313 0.0648148 0.0520833 0.0740741 0.00986841
11 0.236719 0.0685185 0.0182292 0.0425926 0.0101981
2 0.271875 0.108333 0.0145833 0.0407407 0.0120108
0 0.395312 0.0550926 0.009375 0.0268519 0.0145469
1 0.0101562 0.395833 0.0203125 0.115741 0.0155906
2 0.635156 0.144907 0.0109375 0.0527778 0.0160728
2 0.33776 0.0884259 0.0161458 0.0324074 0.0175745
2 0.238542 0.141204 0.01875 0.0416667 0.0196668
2 0.460156 0.0930556 0.0338542 0.0361111 0.0199651
0 0.635677 0.147222 0.00989583 0.0518519 0.0201915
2 0.785677 0.0893519 0.0140625 0.0212963 0.0227944
2 0.441406 0.099537 0.0140625 0.0453704 0.0259014
2 0.28776 0.113426 0.0182292 0.0731481 0.0293281
0 0.442969 0.0884259 0.0130208 0.0305556 0.0302701
2 0.443229 0.087963 0.0145833 0.0296296 0.0385178
7 0.372656 0.0662037 0.0484375 0.0268519 0.0426203
9 0.26901 0.0351852 0.0213542 0.0666667 0.0458084
9 0.502604 0.760185 0.0125 0.0518519 0.0666103
9 0.567187 0.0481481 0.00833333 0.0240741 0.0733759
2 0.353385 0.0666667 0.0109375 0.0222222 0.126591
2 0.298177 0.107407 0.0369792 0.0833333 0.191144
2 0.322135 0.0888889 0.0380208 0.0388889 0.314751
2 0.38125 0.0680556 0.0302083 0.0231481 0.340306
2 0.627344 0.121759 0.0255208 0.0509259 0.424038
2 0.508854 0.104167 0.0364583 0.062037 0.69294
2 0.46875 0.114815 0.0541667 0.0796296 0.718281
2 0.31849 0.120833 0.0505208 0.0712963 0.723249
10 0.204167 0.316204 0.0166667 0.0712963 0.736506
11 0.729167 0.0435185 0.0260417 0.0555556 0.812372
2 0.729948 0.418981 0.122396 0.173148 0.910701
