9 0.192708 0.0847222 0.00729167 0.0194444 0.00102865
2 0.28724 0.0763889 0.0192708 0.037963 0.00103602
0 0.36224 0.222222 0.680729 0.342593 0.00103998
0 0.386979 0.210648 0.01875 0.0305556 0.0010449
2 0.0257812 0.351389 0.0505208 0.0287037 0.0010647
0 0.758854 0.130093 0.0125 0.0324074 0.00106556
32 0.460156 0.356019 0.00989583 0.0157407 0.00113142
2 0.549219 0.431019 0.557813 0.187963 0.0011611
2 0.671094 0.156481 0.0421875 0.0518519 0.00122509
9 0.502083 0.760185 0.0125 0.0555556 0.00131705
0 0.757031 0.074537 0.00989583 0.0416667 0.00141462
0 0.461458 0.633796 0.767708 0.508333 0.00144131
2 0.423438 0.10787 0.3 0.0787037 0.00147654
2 0.246094 0.106481 0.0109375 0.0314815 0.00148819
2 0.817448 0.0847222 0.0119792 0.0268519 0.00158846
2 0.803385 0.0833333 0.0328125 0.0277778 0.00162064
9 0.416146 0.0106481 0.0166667 0.0212963 0.0016872
9 0.276042 0.0407407 0.0375 0.0777778 0.00168822
9 0.263021 0.0930556 0.00833333 0.0472222 0.00169054
0 0.364583 0.482407 0.0822917 0.0685185 0.00172336
32 0.454427 0.314352 0.0078125 0.0138889 0.00177969
2 0.638542 0.122222 0.0489583 0.0611111 0.0019617
2 0.677083 0.113889 0.119792 0.0759259 0.00196683
2 0.363542 0.0662037 0.0114583 0.0231481 0.00198025
0 0.472656 0.401852 0.850521 0.7 0.00198142
2 0.7125 0.167593 0.034375 0.05 0.0020307
2 0.503385 0.103241 0.0432292 0.0601852 0.0021402
13 0.972396 0.518981 0.0541667 0.176852 0.00214624
0 0.757031 0.375463 0.0203125 0.0287037 0.00217547
7 0.788802 0.0625 0.0255208 0.0583333 0.0022769
0 0.729688 0.372222 0.028125 0.0296296 0.00228501
0 0.263802 0.101389 0.00885417 0.0527778 0.00235023
9 0.3625 0.0513889 0.0114583 0.0435185 0.00237049
11 0.236979 0.0675926 0.0166667 0.0425926 0.00240983
2 0.656771 0.134259 0.084375 0.0833333 0.00250659
7 0.663802 0.133796 0.0911458 0.087963 0.00253805
2 0.595573 0.108796 0.299479 0.0657407 0.00269152
2 0.60651 0.0601852 0.00989583 0.0240741 0.00274843
7 0.276042 0.0680556 0.0395833 0.132407 0.00287082
2 0.815625 0.0694444 0.015625 0.012963 0.00287643
2 0.48151 0.10787 0.0682292 0.0583333 0.0030075
2 0.592188 0.126852 0.0177083 0.0240741 0.00310657
2 0.442448 0.0875 0.0140625 0.0268519 0.00314722
2 0.238542 0.14213 0.01875 0.0416667 0.00363616
0 0.268229 0.0990741 0.0125 0.0574074 0.00374004
7 0.992708 0.51713 0.0135417 0.171296 0.00391392
5 0.220573 0.0712963 0.0505208 0.0555556 0.00395121
2 0.442969 0.108796 0.0192708 0.0342593 0.00415647
9 0.292969 0.0574074 0.00885417 0.0407407 0.00422463
58 0.96875 0.497222 0.0302083 0.0907407 0.00429465
13 0.961458 0.556481 0.0395833 0.0444444 0.00455235
0 0.713281 0.371296 0.0203125 0.0259259 0.00518623
9 0.994531 0.493981 0.00989583 0.134259 0.00547377
0 0.817708 0.233333 0.00833333 0.0388889 0.00555484
9 0.217969 0.0657407 0.0286458 0.0518519 0.00634892
0 0.36224 0.0634259 0.00989583 0.0342593 0.00648435
2 0.308073 0.0814815 0.0234375 0.0333333 0.00677602
2 0.270052 0.111111 0.0119792 0.037037 0.00729898
9 0.574219 0.0310185 0.0151042 0.0601852 0.00785856
7 0.970573 0.524074 0.0578125 0.194444 0.0081743
9 0.292188 0.0708333 0.0104167 0.0175926 0.00819314
7 0.220052 0.0671296 0.0494792 0.0583333 0.00859815
2 0.814323 0.0759259 0.0182292 0.0166667 0.00876576
2 0.650781 0.150926 0.0411458 0.0592593 0.00952328
9 0.21901 0.0523148 0.0203125 0.0416667 0.0102523
0 0.285677 0.112963 0.0151042 0.0722222 0.0103402
0 0.282031 0.0865741 0.00677083 0.0268519 0.0115576
9 0.584635 0.037037 0.0140625 0.0555556 0.0120139
0 0.635417 0.149074 0.0104167 0.0518519 0.0120531
2 0.0132813 0.39537 0.0265625 0.112963 0.0125231
2 0.786198 0.0898148 0.0151042 0.0240741 0.0149729
1 0.0130208 0.395833 0.0260417 0.112037 0.0154343
9 0.207292 0.0694444 0.0197917 0.0425926 0.0176464
9 0.26875 0.0273148 0.0208333 0.0490741 0.0181734
9 0.220573 0.0884259 0.00885417 0.0175926 0.0224042
7 0.297396 0.106019 0.0395833 0.0805556 0.0227799
2 0.635156 0.148611 0.0109375 0.0527778 0.0234748
3 0.00859375 0.396759 0.0171875 0.110185 0.0332245
1 0.00494792 0.397222 0.00989583 0.109259 0.0335375
2 0.48776 0.10787 0.0140625 0.0490741 0.0357401
3 0.00442708 0.404167 0.00885417 0.0935185 0.0367217
9 0.442448 0.087963 0.0130208 0.0259259 0.0402929
2 0.298958 0.105093 0.0385417 0.0768519 0.0407091
9 0.567448 0.0481481 0.0078125 0.0240741 0.0435134
2 0.461979 0.113426 0.0125 0.0361111 0.0669556
0 0.342708 0.494444 0.034375 0.0425926 0.0679891
2 0.00416667 0.409259 0.00833333 0.0851852 0.0682352
0 0.380208 0.490278 0.0364583 0.0472222 0.0689573
2 0.469271 0.109722 0.0229167 0.0435185 0.146199
2 0.479688 0.109259 0.0208333 0.0444444 0.234529
2 0.322656 0.087037 0.0380208 0.037037 0.308485
7 0.505729 0.104167 0.0427083 0.0638889 0.422159
2 0.627344 0.121296 0.0244792 0.0537037 0.488103
2 0.31849 0.121296 0.0515625 0.0703704 0.673323
11 0.728646 0.0430556 0.0260417 0.0564815 0.815345
10 0.203906 0.315278 0.0161458 0.0731481 0.837925
2 0.383333 0.246296 0.0822917 0.112963 0.897765
2 0.729688 0.419444 0.122917 0.17037 0.916986
2 0.719531 0.195833 0.130729 0.108333 0.919533
2 0.36224 0.541667 0.141146 0.205556 0.931143
