2 0.796875 0.0898148 0.0416667 0.037037 0.00101891
2 0.560417 0.423148 0.564583 0.177778 0.00102458
2 0.240885 0.108333 0.0161458 0.037037 0.00106279
5 0.221354 0.0907407 0.053125 0.112963 0.0011582
2 0.753385 0.155093 0.0130208 0.0175926 0.0011695
9 0.253906 0.087037 0.0161458 0.0333333 0.00120524
2 0.773177 0.114352 0.0161458 0.0398148 0.00121043
9 0.558594 0.0300926 0.0244792 0.0546296 0.00123312
9 0.548177 0.049537 0.0119792 0.0231481 0.00137516
13 0.961198 0.556481 0.0380208 0.0425926 0.00141389
2 0.817708 0.235185 0.00833333 0.0407407 0.00141605
1 0.0114583 0.36713 0.0229167 0.0398148 0.00157744
2 0.294531 0.118519 0.0296875 0.0814815 0.00173964
9 0.576563 0.0328704 0.0166667 0.062037 0.00174255
9 0.457812 0.0657407 0.00729167 0.0296296 0.00178724
9 0.23724 0.0685185 0.0161458 0.0444444 0.00186293
2 0.441667 0.0861111 0.0197917 0.0277778 0.00190279
9 0.26276 0.0490741 0.0171875 0.0462963 0.00196099
9 0.995052 0.52963 0.00885417 0.05 0.00200249
9 0.257812 0.074537 0.0125 0.0435185 0.00201885
9 0.817448 0.235648 0.0078125 0.0398148 0.00202447
5 0.234115 0.0717593 0.0234375 0.0546296 0.00223002
12 0.702604 0.12963 0.0229167 0.0685185 0.00223648
7 0.989583 0.51713 0.0197917 0.182407 0.00226325
7 0.970312 0.521296 0.0583333 0.188889 0.00257564
9 0.272396 0.0398148 0.0302083 0.0759259 0.00264535
12 0.702083 0.163426 0.0229167 0.037963 0.0027025
2 0.647135 0.147222 0.0348958 0.0574074 0.00270481
2 0.814583 0.0768519 0.0166667 0.0166667 0.00275487
0 0.266667 0.1 0.0114583 0.0555556 0.00276237
9 0.26276 0.0861111 0.0078125 0.0333333 0.00278084
2 0.544271 0.110185 0.171875 0.0611111 0.00288497
9 0.583854 0.0444444 0.0114583 0.037037 0.00306649
0 0.263021 0.104167 0.00833333 0.0527778 0.00325133
12 0.994271 0.501852 0.0104167 0.148148 0.00353849
2 0.361198 0.112037 0.158854 0.0685185 0.00361073
7 0.789323 0.0638889 0.0265625 0.0592593 0.00364846
0 0.716146 0.371296 0.0260417 0.0277778 0.00366117
12 0.69375 0.162963 0.00729167 0.0388889 0.00399574
2 0.576823 0.125926 0.0505208 0.0314815 0.00401784
9 0.5625 0.05 0.01875 0.0259259 0.00421982
9 0.439323 0.198148 0.0119792 0.037037 0.00452243
7 0.297396 0.102778 0.0770833 0.0907407 0.00505257
2 0.271354 0.109722 0.0135417 0.0398148 0.00509728
2 0.344792 0.0916667 0.0125 0.0351852 0.00524932
2 0.420573 0.112037 0.0640625 0.05 0.00546154
2 0.782292 0.103704 0.0354167 0.0537037 0.00558237
9 0.992969 0.504167 0.0130208 0.143519 0.00560816
1 0.00885417 0.40463 0.0177083 0.101852 0.00622
2 0.532031 0.101852 0.0171875 0.0574074 0.00756887
9 0.49974 0.603241 0.0140625 0.037963 0.00757808
7 0.367969 0.0648148 0.0494792 0.0444444 0.00761966
2 0.238802 0.141667 0.0182292 0.0388889 0.00891523
0 0.995833 0.32963 0.00729167 0.0518519 0.00898342
0 0.75651 0.0865741 0.0130208 0.0657407 0.00898509
0 0.442969 0.0847222 0.0140625 0.0231481 0.0100791
9 0.269531 0.049537 0.0203125 0.0398148 0.0106989
7 0.220313 0.0592593 0.0510417 0.0703704 0.010713
2 0.345313 0.112963 0.0104167 0.0388889 0.0117384
1 0.00416667 0.408333 0.00833333 0.0907407 0.011831
11 0.60651 0.0601852 0.00989583 0.0240741 0.0130903
9 0.56875 0.0319444 0.0114583 0.0583333 0.0174893
2 0.470313 0.108796 0.0322917 0.0472222 0.0178891
9 0.269271 0.0212963 0.0208333 0.037037 0.0259805
0 0.635417 0.147222 0.009375 0.05 0.028353
2 0.592969 0.126852 0.0171875 0.0222222 0.0303658
9 0.502083 0.761111 0.0125 0.0537037 0.0376099
2 0.488281 0.108796 0.0140625 0.0472222 0.0389631
2 0.635156 0.146296 0.0109375 0.0518519 0.0390402
2 0.788802 0.0898148 0.0192708 0.0240741 0.0494888
5 0.218229 0.0648148 0.0447917 0.0555556 0.0504447
2 0.352083 0.0597222 0.0208333 0.0324074 0.0838041
2 0.322396 0.0875 0.0385417 0.0324074 0.122149
9 0.567187 0.0486111 0.009375 0.025 0.180545
2 0.367708 0.0592593 0.0479167 0.0333333 0.226014
7 0.297135 0.107407 0.0369792 0.0833333 0.230285
2 0.532031 0.0828704 0.0171875 0.0212963 0.232776
2 0.627604 0.121759 0.025 0.0509259 0.238064
2 0.461198 0.115741 0.0130208 0.0333333 0.253755
2 0.479688 0.110648 0.01875 0.0435185 0.273678
2 0.50651 0.104167 0.0411458 0.0638889 0.39995
7 0.50625 0.104167 0.0416667 0.0638889 0.469625
2 0.31849 0.121296 0.0505208 0.0722222 0.521942
2 0.360938 0.114815 0.028125 0.0351852 0.645517
2 0.396354 0.116667 0.0416667 0.0314815 0.719972
2 0.433854 0.113426 0.0333333 0.0361111 0.744725
10 0.203906 0.315741 0.0161458 0.0722222 0.7785
11 0.728906 0.0430556 0.0265625 0.0583333 0.802681
2 0.729688 0.419907 0.122917 0.169444 0.891412
