9 0.215104 0.0666667 0.040625 0.0518519 0.00105686
9 0.977344 0.499537 0.0442708 0.136111 0.00107489
2 0.774219 0.122222 0.0192708 0.0425926 0.00107621
12 0.98776 0.51713 0.0234375 0.175 0.00112961
12 0.817708 0.232407 0.00833333 0.0407407 0.0011517
2 0.351823 0.135185 0.0223958 0.0462963 0.0011568
2 0.300781 0.10787 0.0932292 0.0972222 0.00118762
13 0.952604 0.420833 0.09375 0.152778 0.00120427
9 0.293229 0.0523148 0.00833333 0.0361111 0.00131484
58 0.969531 0.494907 0.0317708 0.0972222 0.00131923
2 0.638021 0.146296 0.015625 0.0537037 0.0013321
2 0.646875 0.147222 0.034375 0.0574074 0.00137912
0 0.263021 0.10787 0.00833333 0.0453704 0.00142299
13 0.986979 0.518519 0.025 0.177778 0.00144524
2 0.604688 0.423611 0.680208 0.176852 0.00147595
0 0.709115 0.372685 0.0203125 0.0287037 0.00154921
0 0.717188 0.372222 0.0229167 0.0277778 0.00160857
0 0.757552 0.116667 0.0119792 0.037037 0.00175461
11 0.736198 0.0550926 0.0192708 0.037963 0.00202239
2 0.266406 0.0972222 0.00989583 0.0518519 0.00212164
9 0.270312 0.0453704 0.0229167 0.0648148 0.00225236
9 0.263021 0.0861111 0.00833333 0.0351852 0.0023086
13 0.970312 0.523611 0.0583333 0.180556 0.00234186
5 0.214323 0.0615741 0.0359375 0.0583333 0.00262006
9 0.207552 0.0666667 0.0203125 0.0444444 0.00266543
9 0.995313 0.524537 0.00833333 0.0472222 0.00266543
12 0.994271 0.518981 0.0104167 0.171296 0.00275564
7 0.220052 0.062963 0.0505208 0.0685185 0.00290031
11 0.236719 0.0685185 0.0171875 0.0444444 0.00302606
2 0.40651 0.1125 0.257812 0.0824074 0.00303115
2 0.472396 0.1375 0.021875 0.0472222 0.00307156
7 0.970312 0.522685 0.0583333 0.200926 0.00333407
0 0.756771 0.0875 0.0114583 0.0694444 0.00346457
2 0.532812 0.111574 0.15 0.0657407 0.0037454
9 0.767708 0.0166667 0.0114583 0.0314815 0.00472141
11 0.60625 0.0601852 0.009375 0.0240741 0.0048531
2 0.238542 0.140741 0.01875 0.0407407 0.00492888
0 0.442448 0.0981481 0.0171875 0.0481481 0.00519068
2 0.345313 0.12037 0.0166667 0.0648148 0.00595388
2 0.483073 0.111574 0.0755208 0.0657407 0.00616892
1 0.0111979 0.368981 0.0223958 0.0527778 0.00673283
2 0.785156 0.0893519 0.0130208 0.0231481 0.00691585
2 0.442448 0.0888889 0.0140625 0.0296296 0.00713602
9 0.222396 0.0615741 0.0135417 0.0453704 0.00737424
1 0.00442708 0.399537 0.00885417 0.102778 0.00790362
9 0.992969 0.49213 0.0130208 0.121296 0.0082013
2 0.294792 0.075463 0.015625 0.0231481 0.0098339
9 0.502083 0.75787 0.0145833 0.0564815 0.0108163
9 0.567187 0.0481481 0.00833333 0.0222222 0.0121168
2 0.591927 0.125926 0.0182292 0.0240741 0.0137315
9 0.220313 0.0865741 0.009375 0.0175926 0.0137773
9 0.3625 0.0694444 0.009375 0.0259259 0.0148504
9 0.442708 0.0888889 0.0135417 0.0296296 0.0150354
1 0.00963542 0.394444 0.0192708 0.116667 0.0162379
2 0.295573 0.0967593 0.0286458 0.0601852 0.0176399
2 0.270052 0.111574 0.0119792 0.0342593 0.0186234
9 0.26901 0.0199074 0.0203125 0.0361111 0.0189056
2 0.507292 0.123611 0.0427083 0.0361111 0.0286182
2 0.46276 0.112037 0.0151042 0.0388889 0.0314795
0 0.635156 0.147685 0.00989583 0.0527778 0.041162
2 0.293229 0.114352 0.021875 0.0490741 0.118558
2 0.627344 0.121759 0.0255208 0.0509259 0.253275
2 0.322917 0.0856481 0.0385417 0.0361111 0.277335
2 0.507552 0.100926 0.0401042 0.0592593 0.331193
2 0.473177 0.109259 0.0338542 0.0444444 0.464179
2 0.499479 0.164815 0.0635417 0.105556 0.57158
2 0.318229 0.122222 0.0541667 0.0703704 0.651837
11 0.729688 0.0425926 0.0270833 0.0555556 0.744738
10 0.204167 0.316204 0.0166667 0.0712963 0.81167
2 0.375781 0.167593 0.0661458 0.107407 0.823681
2 0.729948 0.42037 0.122396 0.17037 0.895744
