11 0.240104 0.0347222 0.021875 0.0675926 0.00101554
1 0.1625 0.637037 0.0197917 0.0481481 0.00107707
2 0.44401 0.108796 0.0213542 0.037963 0.00109014
0 0.817187 0.233796 0.009375 0.037963 0.00110696
2 0.772656 0.109722 0.0151042 0.0231481 0.00111017
12 0.702083 0.122222 0.021875 0.05 0.00112431
9 0.559635 0.0268519 0.0203125 0.0481481 0.00120419
2 0.258073 0.0986111 0.0244792 0.062037 0.0012151
0 0.145313 0.571759 0.0385417 0.0583333 0.00124745
2 0.976042 0.518519 0.046875 0.168519 0.00125941
7 0.280208 0.075463 0.0333333 0.141667 0.00129104
1 0.0302083 0.15463 0.0604167 0.0777778 0.00130418
0 0.147917 0.912963 0.120833 0.168519 0.00134784
9 0.576823 0.0324074 0.0140625 0.0611111 0.00137789
2 0.74974 0.121759 0.0317708 0.0657407 0.00148223
11 0.23724 0.0685185 0.0171875 0.0425926 0.0015261
9 0.439844 0.195833 0.0119792 0.0324074 0.00154044
1 0.0135417 0.397222 0.0270833 0.109259 0.00165009
9 0.995313 0.525 0.00833333 0.0648148 0.00168851
0 0.716146 0.371759 0.0239583 0.0287037 0.00172511
2 0.221094 0.136574 0.0526042 0.0527778 0.00176091
2 0.363542 0.0671296 0.0114583 0.0212963 0.00181496
2 0.242969 0.106944 0.0130208 0.0324074 0.00189237
9 0.29375 0.0564815 0.009375 0.0333333 0.00193636
58 0.96901 0.494907 0.0307292 0.0972222 0.00196664
12 0.701563 0.165278 0.01875 0.037963 0.00207685
2 0.959635 0.55463 0.0359375 0.0407407 0.00210489
2 0.531771 0.111574 0.0135417 0.0435185 0.00214888
0 0.757031 0.0731481 0.0109375 0.0425926 0.00215146
2 0.409896 0.112037 0.277083 0.0814815 0.00218007
1 0.151562 0.522222 0.025 0.0351852 0.00225446
2 0.756771 0.118056 0.015625 0.0342593 0.00228882
9 0.263802 0.025 0.0182292 0.0462963 0.00239672
1 0.00416667 0.398148 0.00833333 0.103704 0.00247857
2 0.56224 0.111111 0.238021 0.0703704 0.00260763
1 0.0117188 0.365278 0.0234375 0.0601852 0.00263405
9 0.458333 0.0662037 0.00729167 0.0268519 0.00264453
2 0.442969 0.0875 0.0140625 0.0268519 0.00279018
7 0.99375 0.518519 0.0114583 0.168519 0.00279155
9 0.275521 0.0402778 0.0364583 0.0787037 0.003034
2 0.46901 0.111111 0.0848958 0.0648148 0.00309796
2 0.655469 0.138426 0.0744792 0.0861111 0.00328319
1 0.148177 0.5375 0.0317708 0.0638889 0.00348602
1 0.16901 0.705093 0.0442708 0.184259 0.00350677
2 0.639063 0.15 0.01875 0.0555556 0.00362747
9 0.56901 0.0310185 0.0151042 0.0583333 0.003669
0 0.263281 0.101389 0.00885417 0.0546296 0.00394744
7 0.976562 0.518519 0.0458333 0.183333 0.00396103
12 0.692448 0.164815 0.0078125 0.0407407 0.00421868
9 0.36224 0.0449074 0.00885417 0.0324074 0.00450724
0 0.995573 0.328704 0.0078125 0.0592593 0.00470313
9 0.208073 0.0694444 0.0203125 0.0425926 0.00494612
24 0.152344 0.606019 0.0338542 0.0768519 0.00506506
2 0.290104 0.0796296 0.0208333 0.0296296 0.00539579
9 0.501823 0.760648 0.0130208 0.0527778 0.00561661
12 0.994531 0.50463 0.00989583 0.15 0.00608368
11 0.60651 0.0597222 0.0109375 0.0231481 0.00636008
9 0.36224 0.0680556 0.00885417 0.0268519 0.0066751
24 0.150781 0.580556 0.0276042 0.0518519 0.00677722
9 0.356771 0.0222222 0.00729167 0.0185185 0.00745713
9 0.221354 0.0532407 0.0166667 0.0416667 0.00874123
7 0.220052 0.0703704 0.0515625 0.0685185 0.00980597
9 0.269271 0.0412037 0.0208333 0.0564815 0.0111547
2 0.785677 0.0898148 0.0140625 0.0203704 0.0113087
5 0.219792 0.0782407 0.0520833 0.0768519 0.0116803
9 0.442708 0.087037 0.0135417 0.0259259 0.012131
2 0.592708 0.125 0.0177083 0.0240741 0.0139224
9 0.219531 0.0902778 0.0078125 0.0138889 0.0143848
2 0.650521 0.150926 0.040625 0.0574074 0.0153378
2 0.238542 0.14213 0.0177083 0.0398148 0.0172238
1 0.171094 0.680093 0.0286458 0.125 0.0195106
24 0.140885 0.606481 0.0255208 0.0740741 0.020104
9 0.566927 0.0476852 0.0078125 0.0231481 0.0232597
2 0.271354 0.10463 0.0145833 0.0481481 0.0238868
1 0.136198 0.722685 0.0203125 0.150926 0.0240423
9 0.269531 0.0203704 0.0192708 0.0351852 0.0261936
2 0.00494792 0.55787 0.00989583 0.037963 0.033794
2 0.634635 0.143981 0.0109375 0.0490741 0.0385595
1 0.149219 0.728704 0.0234375 0.151852 0.0419758
2 0.488021 0.107407 0.0145833 0.05 0.0424058
2 0.461458 0.113426 0.0125 0.0361111 0.0701853
7 0.296615 0.108796 0.0369792 0.0824074 0.100363
2 0.46849 0.110185 0.0244792 0.0425926 0.18963
2 0.297396 0.10787 0.0375 0.0824074 0.201976
2 0.479948 0.109259 0.0223958 0.0444444 0.245861
2 0.322135 0.087037 0.0369792 0.037037 0.322509
1 0.15026 0.712037 0.0505208 0.183333 0.400576
2 0.627083 0.121759 0.0260417 0.0509259 0.562035
2 0.505729 0.104167 0.0427083 0.062037 0.572883
10 0.204167 0.315741 0.015625 0.0722222 0.702789
2 0.31849 0.121759 0.0505208 0.0694444 0.720724
0 0.148438 0.663889 0.046875 0.240741 0.756569
11 0.729167 0.0430556 0.0270833 0.0564815 0.797306
2 0.729948 0.418981 0.122396 0.171296 0.902822
