9 0.548958 0.0263889 0.0135417 0.0398148 0.00101616
1 0.810417 0.329167 0.01875 0.0842593 0.00103479
58 0.920573 0.185648 0.158854 0.367593 0.00106157
1 0.0046875 0.466667 0.009375 0.211111 0.00107499
9 0.588802 0.0416667 0.0140625 0.0481481 0.00108556
9 0.272135 0.0398148 0.0307292 0.0759259 0.00116747
9 0.415625 0.0087963 0.015625 0.0175926 0.00118397
2 0.218229 0.134722 0.059375 0.0527778 0.00123239
0 0.846094 0.135648 0.0078125 0.025 0.00126783
9 0.29349 0.0546296 0.00989583 0.037037 0.00129937
2 0.771875 0.114815 0.0135417 0.0296296 0.00132339
7 0.236719 0.0736111 0.0182292 0.0564815 0.00134464
13 0.961719 0.555556 0.0390625 0.0425926 0.00134978
9 0.439063 0.197222 0.0125 0.0351852 0.00145693
2 0.535937 0.111574 0.0114583 0.0453704 0.00146217
9 0.548437 0.0509259 0.0114583 0.0240741 0.00152391
11 0.254948 0.0861111 0.0171875 0.0333333 0.00154735
2 0.299219 0.131944 0.0223958 0.0546296 0.00161676
7 0.970573 0.519444 0.0578125 0.183333 0.00167064
58 0.96849 0.498148 0.0307292 0.087037 0.00171619
11 0.2375 0.0689815 0.015625 0.0435185 0.00172517
2 0.58724 0.127315 0.0286458 0.0305556 0.00180952
7 0.989323 0.51713 0.0203125 0.182407 0.00185331
9 0.257292 0.0787037 0.0145833 0.0444444 0.00187273
9 0.5 0.603704 0.0145833 0.0388889 0.00192006
12 0.702083 0.129167 0.0229167 0.0675926 0.00205141
9 0.26276 0.0865741 0.0078125 0.0342593 0.00207031
9 0.994792 0.512037 0.009375 0.151852 0.00211699
2 0.655469 0.144907 0.0546875 0.0638889 0.00212674
0 0.263021 0.103704 0.00833333 0.05 0.00241295
2 0.814323 0.0768519 0.0171875 0.0166667 0.00244241
9 0.56276 0.0481481 0.0182292 0.0277778 0.00259933
2 0.239063 0.106944 0.0177083 0.0361111 0.00263464
7 0.289844 0.0986111 0.0932292 0.0898148 0.00264767
1 0.00833333 0.40463 0.0166667 0.101852 0.00282004
12 0.701302 0.163889 0.0223958 0.0388889 0.00290604
0 0.267448 0.0990741 0.0119792 0.0555556 0.0030579
2 0.53099 0.111574 0.0130208 0.0398148 0.0030629
2 0.370313 0.110648 0.171875 0.0675926 0.00308326
9 0.560156 0.0291667 0.0203125 0.0527778 0.0031093
2 0.78151 0.103704 0.0328125 0.0555556 0.00344325
9 0.575521 0.0324074 0.015625 0.0611111 0.00345235
2 0.53125 0.10787 0.169792 0.0657407 0.00404762
0 0.715885 0.371296 0.0255208 0.0277778 0.00406679
2 0.341927 0.0935185 0.0119792 0.0277778 0.00431014
9 0.583594 0.0412037 0.0119792 0.0416667 0.00462392
9 0.269531 0.05 0.0192708 0.0351852 0.00467282
0 0.995573 0.328704 0.0078125 0.0555556 0.005017
12 0.692969 0.163426 0.0078125 0.0398148 0.00557631
5 0.214583 0.0583333 0.0302083 0.0555556 0.00603246
11 0.60625 0.0601852 0.009375 0.0240741 0.00627453
12 0.994531 0.499074 0.00989583 0.135185 0.00690188
0 0.757292 0.0898148 0.0135417 0.0740741 0.00696989
1 0.00416667 0.408796 0.00833333 0.0898148 0.00814768
2 0.642969 0.147222 0.0255208 0.0592593 0.0100748
9 0.269271 0.0222222 0.0208333 0.0388889 0.0109846
9 0.502083 0.760185 0.0125 0.0537037 0.0111501
2 0.238802 0.14213 0.0182292 0.0398148 0.0154305
7 0.314323 0.112037 0.0557292 0.0722222 0.0173199
2 0.271875 0.110648 0.0145833 0.037963 0.0187095
2 0.363802 0.0675926 0.0130208 0.0185185 0.0187152
2 0.469792 0.107407 0.0458333 0.0444444 0.0211241
9 0.570052 0.0314815 0.0130208 0.0592593 0.0211503
2 0.592708 0.127315 0.0177083 0.0212963 0.0224316
2 0.786979 0.0893519 0.0166667 0.025 0.026093
2 0.488281 0.10787 0.0119792 0.0490741 0.0274587
7 0.219792 0.0675926 0.0510417 0.0666667 0.0286423
2 0.635156 0.14537 0.0109375 0.0555556 0.0326234
5 0.220052 0.0712963 0.0505208 0.0685185 0.0454845
2 0.460417 0.115278 0.015625 0.0342593 0.0740642
2 0.466667 0.114352 0.0135417 0.0361111 0.0765913
0 0.463542 0.115278 0.0145833 0.0342593 0.105697
9 0.567187 0.0481481 0.00833333 0.0240741 0.119186
7 0.469792 0.0685185 0.0479167 0.0351852 0.139153
2 0.322135 0.0856481 0.0380208 0.0324074 0.144444
2 0.476042 0.0671296 0.034375 0.0305556 0.187707
2 0.478385 0.111111 0.0171875 0.0425926 0.202284
7 0.297396 0.107407 0.0385417 0.0833333 0.286216
7 0.50625 0.10463 0.0427083 0.062963 0.33393
2 0.627344 0.120833 0.0255208 0.0490741 0.360658
2 0.50599 0.104167 0.0421875 0.0638889 0.519902
2 0.31849 0.122222 0.0505208 0.0703704 0.650068
2 0.410937 0.116667 0.028125 0.0277778 0.682192
2 0.439063 0.113889 0.034375 0.037037 0.688055
2 0.35625 0.116667 0.0270833 0.0314815 0.751375
11 0.728906 0.0430556 0.0276042 0.0564815 0.791783
10 0.203906 0.316204 0.0161458 0.0712963 0.802953
2 0.729948 0.419907 0.122396 0.171296 0.898763
