0 0.770833 0.671296 0.0635417 0.172222 0.001006
2 0.995573 0.528704 0.0078125 0.0333333 0.00100769
1 0.00494792 0.458333 0.00989583 0.22037 0.00100924
0 0.529427 0.19537 0.329688 0.248148 0.00107254
0 0.154687 0.115741 0.009375 0.0203704 0.00111122
1 0.133594 0.42963 0.0828125 0.0814815 0.00111819
1 0.0140625 0.450926 0.028125 0.231481 0.00113124
2 0.530729 0.112963 0.0125 0.0425926 0.0011442
0 0.714583 0.536574 0.567708 0.425 0.00123122
12 0.97474 0.495833 0.0432292 0.119444 0.00123498
2 0.27474 0.112037 0.0244792 0.0592593 0.00123699
9 0.415365 0.0111111 0.0161458 0.0222222 0.00123908
0 0.13724 0.348148 0.0109375 0.037037 0.00124092
13 0.970052 0.567593 0.0578125 0.0851852 0.00128452
1 0.0453125 0.162963 0.0520833 0.062963 0.00130535
58 0.969271 0.506481 0.0552083 0.140741 0.00141076
2 0.336198 0.0800926 0.0213542 0.0324074 0.00142736
7 0.39375 0.0532407 0.05 0.0546296 0.00147883
0 0.730469 0.372685 0.0265625 0.0287037 0.001519
2 0.971354 0.521759 0.05625 0.186111 0.00152559
2 0.198698 0.245833 0.0234375 0.0175926 0.0015384
0 0.888281 0.251852 0.0140625 0.0388889 0.00154431
32 0.454167 0.316204 0.00833333 0.0194444 0.00167564
13 0.994531 0.520833 0.00989583 0.171296 0.00167642
2 0.540885 0.109722 0.305729 0.075 0.00171134
9 0.583073 0.0365741 0.0140625 0.0564815 0.00176588
9 0.469531 0.412037 0.00989583 0.0222222 0.0018232
1 0.0960938 0.148611 0.0223958 0.0546296 0.00182975
1 0.0802083 0.139815 0.0520833 0.0722222 0.00198683
9 0.757292 0.113426 0.0145833 0.0416667 0.00210697
2 0.60625 0.0611111 0.0104167 0.0259259 0.00221955
7 0.970573 0.527315 0.0578125 0.200926 0.00224161
0 0.816667 0.231944 0.00833333 0.0398148 0.00226014
11 0.236979 0.0689815 0.0166667 0.0453704 0.00234071
0 0.263802 0.102778 0.00885417 0.0537037 0.00240446
2 0.764063 0.118056 0.0260417 0.0453704 0.00245628
13 0.96276 0.554167 0.0421875 0.0453704 0.00248065
9 0.29375 0.0550926 0.009375 0.0416667 0.0027687
0 0.461979 0.113426 0.0135417 0.0416667 0.00285973
2 0.290365 0.0712963 0.0151042 0.0166667 0.0028845
2 0.466927 0.106944 0.0921875 0.0638889 0.00290617
2 0.592708 0.122222 0.0177083 0.0296296 0.00297947
1 0.0713542 0.150926 0.0333333 0.0481481 0.00300435
0 0.292969 0.429167 0.471354 0.202778 0.00305959
9 0.994271 0.491204 0.0104167 0.119444 0.0032237
7 0.370573 0.10463 0.153646 0.087037 0.00325277
9 0.439583 0.207407 0.0135417 0.0555556 0.00330895
7 0.786458 0.0648148 0.0197917 0.0611111 0.00353632
1 0.0257812 0.356944 0.0505208 0.0287037 0.0035497
0 0.333073 0.608796 0.0130208 0.0287037 0.00362837
9 0.571354 0.0310185 0.0145833 0.0583333 0.00364587
0 0.381771 0.335648 0.397917 0.35463 0.00369158
0 0.716667 0.372685 0.0239583 0.0268519 0.00378821
2 0.788021 0.087037 0.0166667 0.0240741 0.0038348
9 0.269271 0.050463 0.0197917 0.0416667 0.00404476
32 0.459375 0.356481 0.0135417 0.0148148 0.00404804
0 0.377865 0.494444 0.625521 0.501852 0.00414457
13 0.985937 0.522222 0.0270833 0.177778 0.00422009
0 0.267188 0.0990741 0.0114583 0.0574074 0.00444354
7 0.29349 0.0976852 0.0734375 0.112037 0.00459137
2 0.651302 0.413889 0.289062 0.183333 0.00483332
0 0.390885 0.598148 0.0515625 0.0611111 0.00506478
0 0.756771 0.0865741 0.0125 0.0657407 0.00507837
1 0.0804688 0.430093 0.106771 0.0861111 0.00515792
12 0.99401 0.491667 0.0109375 0.122222 0.00537904
0 0.347656 0.6 0.0359375 0.0592593 0.00582253
5 0.21276 0.062037 0.0338542 0.0592593 0.0058901
58 0.968229 0.494907 0.0302083 0.0861111 0.00628852
2 0.270052 0.109722 0.0130208 0.0398148 0.00706136
9 0.757031 0.074537 0.0109375 0.0435185 0.00713475
2 0.238281 0.139352 0.0182292 0.0435185 0.00735581
9 0.220573 0.0847222 0.0119792 0.0212963 0.00737682
1 0.0255208 0.388426 0.0510417 0.100926 0.00848638
2 0.28724 0.112963 0.0171875 0.0740741 0.00973312
0 0.322917 0.610648 0.034375 0.0546296 0.00996655
7 0.313542 0.105556 0.05625 0.0925926 0.0102147
7 0.220052 0.0675926 0.0505208 0.0611111 0.0104557
9 0.214323 0.0592593 0.0307292 0.0537037 0.0105777
2 0.36224 0.0657407 0.00989583 0.0296296 0.0116724
9 0.26901 0.0185185 0.0213542 0.0333333 0.0121771
0 0.409635 0.606019 0.0442708 0.0527778 0.0133318
1 0.0986979 0.443981 0.0130208 0.0583333 0.0135213
24 0.535417 0.296296 0.0239583 0.0481481 0.0153873
7 0.276302 0.0597222 0.0401042 0.117593 0.0209722
0 0.635417 0.146759 0.009375 0.0509259 0.0259469
2 0.425781 0.103241 0.0421875 0.0546296 0.0305616
3 0.00520833 0.406944 0.0104167 0.087963 0.0406429
1 0.0117188 0.368056 0.0234375 0.0435185 0.0419073
7 0.296875 0.106019 0.0354167 0.0805556 0.0437432
9 0.567187 0.0476852 0.00833333 0.0231481 0.0445131
3 0.0132813 0.399074 0.0265625 0.103704 0.050427
2 0.488281 0.106944 0.0151042 0.0509259 0.053268
2 0.3 0.105556 0.0395833 0.0777778 0.0538029
1 0.00598958 0.400926 0.0119792 0.0981481 0.0551218
1 0.11224 0.419444 0.0328125 0.107407 0.0581596
7 0.402604 0.0675926 0.0322917 0.0407407 0.0768699
0 0.44401 0.0893519 0.00885417 0.0324074 0.123353
2 0.50599 0.103704 0.0421875 0.062963 0.123847
2 0.373177 0.0625 0.0244792 0.0287037 0.150847
1 0.0130208 0.397685 0.0260417 0.10463 0.18494
2 0.479688 0.109259 0.0239583 0.0462963 0.218696
2 0.321875 0.0861111 0.0375 0.037037 0.270626
2 0.46849 0.109722 0.0255208 0.0435185 0.286434
7 0.426823 0.103241 0.0401042 0.0546296 0.432504
2 0.399219 0.0625 0.0369792 0.037963 0.43731
2 0.627083 0.121759 0.025 0.0509259 0.45383
7 0.50625 0.103704 0.0427083 0.062963 0.485449
1 0.534896 0.366204 0.0270833 0.10463 0.489255
1 0.109375 0.443056 0.0239583 0.0638889 0.525877
10 0.204167 0.315278 0.015625 0.0694444 0.628074
2 0.317969 0.121296 0.0515625 0.0703704 0.645403
11 0.729167 0.0435185 0.0270833 0.0574074 0.734177
2 0.371094 0.691667 0.214062 0.346296 0.781177
0 0.535417 0.322685 0.0375 0.162037 0.807525
0 0.114844 0.388426 0.0401042 0.130556 0.814921
2 0.729427 0.419444 0.123438 0.172222 0.905702
