0 0.75625 0.374537 0.021875 0.0342593 0.00101045
2 0.771615 0.110185 0.0151042 0.0333333 0.00103683
2 0.442708 0.0990741 0.0177083 0.05 0.0010708
12 0.701563 0.164815 0.0197917 0.0388889 0.00108801
2 0.579948 0.421759 0.543229 0.180556 0.00109403
2 0.654948 0.137037 0.0817708 0.0833333 0.00121556
0 0.757292 0.123148 0.0125 0.0444444 0.00121807
2 0.641667 0.152315 0.0208333 0.062037 0.00128649
7 0.276302 0.0606481 0.0401042 0.117593 0.00130955
7 0.147396 0.0888889 0.065625 0.0759259 0.00139955
11 0.239844 0.037037 0.0213542 0.0722222 0.00140007
2 0.817187 0.233333 0.009375 0.0407407 0.00147395
0 0.263802 0.103704 0.00885417 0.0518519 0.00162956
7 0.788542 0.0638889 0.0260417 0.0648148 0.00166455
9 0.995313 0.527778 0.00833333 0.0611111 0.0018122
9 0.264062 0.0884259 0.0104167 0.037963 0.0018394
0 0.716146 0.371759 0.0229167 0.0287037 0.00191842
7 0.993229 0.518056 0.0125 0.171296 0.00209195
12 0.702344 0.138426 0.0234375 0.087963 0.00218786
1 0.00520833 0.371759 0.0104167 0.102778 0.00219076
2 0.413542 0.112037 0.276042 0.0833333 0.0021922
0 0.215885 0.943981 0.0213542 0.108333 0.00226477
2 0.813281 0.0759259 0.0171875 0.0166667 0.00229346
12 0.69349 0.164352 0.00677083 0.037963 0.00231822
58 0.967969 0.496759 0.0296875 0.0842593 0.00238838
1 0.21875 0.542593 0.0552083 0.125926 0.00247169
2 0.310677 0.0828704 0.0359375 0.0361111 0.00268071
2 0.363542 0.0675926 0.0114583 0.0203704 0.0027024
2 0.850781 0.318056 0.0973958 0.112037 0.00276464
9 0.3625 0.0694444 0.009375 0.0222222 0.0028632
2 0.5625 0.111574 0.267708 0.0731481 0.00287601
2 0.467187 0.112037 0.0885417 0.0666667 0.00317539
9 0.994271 0.510185 0.0104167 0.155556 0.00318968
1 0.0117188 0.367593 0.0234375 0.0537037 0.0032247
11 0.236979 0.0694444 0.0177083 0.0481481 0.00326237
9 0.582812 0.0365741 0.0135417 0.0527778 0.00326939
2 0.782552 0.1 0.0380208 0.0481481 0.00336635
9 0.415625 0.00925926 0.015625 0.0185185 0.00337732
2 0.532031 0.112037 0.0140625 0.0444444 0.00356573
1 0.810677 0.331944 0.0182292 0.0842593 0.00396791
24 0.204427 0.438426 0.0359375 0.075 0.00411963
11 0.60599 0.0601852 0.00989583 0.0240741 0.00431905
12 0.994531 0.501852 0.00989583 0.142593 0.00433172
2 0.442708 0.087963 0.0135417 0.0277778 0.00444409
0 0.267708 0.1 0.0125 0.0555556 0.00464893
7 0.970573 0.526389 0.0578125 0.197222 0.0046938
9 0.29349 0.0574074 0.00989583 0.0388889 0.00481134
9 0.292969 0.0703704 0.0109375 0.0166667 0.00492162
9 0.458333 0.0652778 0.00729167 0.0305556 0.00492317
2 0.238542 0.141204 0.01875 0.0416667 0.00597851
9 0.502344 0.759722 0.0119792 0.0527778 0.00651201
9 0.216927 0.074537 0.0213542 0.0435185 0.00667118
2 0.592448 0.126852 0.0161458 0.0222222 0.00859465
9 0.572917 0.0310185 0.0145833 0.0583333 0.00890201
1 0.192448 0.544907 0.0401042 0.132407 0.00975384
1 0.009375 0.395833 0.01875 0.117593 0.00988099
2 0.635156 0.14213 0.0109375 0.0472222 0.0111201
7 0.220573 0.0671296 0.0505208 0.062037 0.0114629
2 0.271094 0.109259 0.0140625 0.0388889 0.0126922
24 0.197917 0.447222 0.025 0.0518519 0.0141882
5 0.219271 0.0662037 0.0458333 0.0583333 0.0166485
1 0.00390625 0.414815 0.0078125 0.0759259 0.0178961
2 0.789583 0.0875 0.01875 0.0231481 0.0187329
0 0.757031 0.087037 0.0140625 0.0796296 0.0187622
9 0.442448 0.0875 0.0130208 0.0268519 0.0193828
7 0.296354 0.106944 0.0333333 0.0805556 0.0269789
9 0.269271 0.037037 0.0229167 0.0703704 0.0351074
9 0.567187 0.0476852 0.00833333 0.0231481 0.0369643
2 0.48776 0.107407 0.0140625 0.05 0.0447865
2 0.292188 0.109722 0.0260417 0.0731481 0.0514141
24 0.209115 0.447222 0.0213542 0.05 0.0814778
2 0.4625 0.112037 0.0135417 0.0388889 0.156966
2 0.479688 0.109259 0.021875 0.0444444 0.279
2 0.470313 0.109722 0.028125 0.0435185 0.281902
2 0.322917 0.0861111 0.0364583 0.0351852 0.363158
2 0.627083 0.121759 0.0260417 0.0527778 0.520514
1 0.204427 0.546759 0.0234375 0.128704 0.538801
2 0.505729 0.104167 0.0427083 0.062037 0.630094
2 0.31849 0.120833 0.0515625 0.0712963 0.671322
10 0.204167 0.316204 0.015625 0.0712963 0.757285
11 0.729167 0.0430556 0.0270833 0.0564815 0.804692
0 0.205469 0.490278 0.0390625 0.187963 0.84995
2 0.729948 0.419907 0.122396 0.171296 0.906456
