2 0.754167 0.156944 0.0114583 0.0212963 0.00100114
1 0.0046875 0.468519 0.009375 0.212963 0.00103826
9 0.177083 0.510648 0.0375 0.0416667 0.00104151
12 0.9875 0.499074 0.0229167 0.133333 0.00105308
0 0.732552 0.371296 0.0265625 0.0314815 0.00112662
2 0.0578125 0.0240741 0.0177083 0.0444444 0.00115058
2 0.995573 0.534259 0.0078125 0.0425926 0.00118901
9 0.50026 0.60463 0.0151042 0.0444444 0.00126055
9 0.276042 0.0407407 0.0375 0.0796296 0.00134395
2 0.26875 0.0592593 0.0177083 0.0296296 0.00135025
2 0.797917 0.0828704 0.0416667 0.0361111 0.00139138
0 0.263021 0.0902778 0.00833333 0.0435185 0.0014359
1 0.995313 0.331019 0.00833333 0.0583333 0.00152875
2 0.536979 0.113889 0.0104167 0.0407407 0.00153394
2 0.239583 0.105093 0.0166667 0.0398148 0.001583
2 0.648438 0.148611 0.0364583 0.0564815 0.00167483
0 0.458073 0.0643518 0.0078125 0.0324074 0.00177499
32 0.453906 0.315278 0.0078125 0.0138889 0.00180299
13 0.99375 0.522685 0.0114583 0.162037 0.00182285
2 0.8125 0.074537 0.0208333 0.0212963 0.00199697
2 0.238802 0.1375 0.0203125 0.0490741 0.00202721
11 0.2375 0.0685185 0.0166667 0.0444444 0.00215758
2 0.561719 0.108796 0.247396 0.0694444 0.00217516
2 0.78151 0.104167 0.0328125 0.0509259 0.00229887
1 0.0111979 0.365741 0.0223958 0.0462963 0.0024389
0 0.714844 0.372222 0.0244792 0.0277778 0.00246586
2 0.0401042 0.0648148 0.0208333 0.0222222 0.00250577
2 0.53099 0.1125 0.0130208 0.0416667 0.00252019
13 0.970312 0.566667 0.0552083 0.0722222 0.00260652
13 0.972917 0.521296 0.053125 0.175926 0.00278555
9 0.581771 0.0361111 0.0125 0.0555556 0.00282254
13 0.96276 0.55463 0.0401042 0.0444444 0.00296872
2 0.407031 0.106944 0.250521 0.0694444 0.00310243
2 0.266927 0.0990741 0.0119792 0.0574074 0.00355031
7 0.211979 0.0652778 0.0322917 0.0527778 0.00363375
9 0.269531 0.0518519 0.0203125 0.0351852 0.00368698
2 0.0328125 0.0638889 0.0177083 0.0185185 0.00372436
9 0.570833 0.0310185 0.0125 0.0583333 0.00380581
58 0.967969 0.497222 0.0276042 0.0833333 0.00514684
12 0.994531 0.500463 0.00989583 0.141667 0.00606407
2 0.338802 0.0888889 0.0151042 0.0296296 0.00731526
2 0.271094 0.106944 0.0130208 0.0453704 0.00774934
9 0.26901 0.0231481 0.0203125 0.0388889 0.00786431
0 0.995833 0.32963 0.00729167 0.05 0.00902332
1 0.0125 0.394444 0.025 0.114815 0.0106324
11 0.60599 0.0601852 0.00989583 0.0240741 0.0111066
0 0.442187 0.0962963 0.0166667 0.0462963 0.0112375
2 0.785937 0.0912037 0.0135417 0.0212963 0.0124698
10 0.442969 0.0888889 0.0130208 0.0314815 0.0134319
5 0.220573 0.0666667 0.0505208 0.0592593 0.0136804
9 0.502604 0.761111 0.0125 0.0537037 0.0149243
2 0.592969 0.125926 0.0161458 0.0240741 0.020755
0 0.635677 0.147685 0.00989583 0.0490741 0.0226151
2 0.442708 0.0902778 0.0145833 0.0324074 0.0229213
2 0.635417 0.146759 0.0114583 0.0527778 0.0235145
7 0.220313 0.0574074 0.0510417 0.0814815 0.0264122
9 0.111719 0.0263889 0.0151042 0.0416667 0.0272849
1 0.00416667 0.40787 0.00833333 0.0861111 0.0297441
9 0.567448 0.0481481 0.00885417 0.0240741 0.0539466
2 0.463802 0.110648 0.0161458 0.0435185 0.132664
7 0.298438 0.105556 0.0385417 0.0814815 0.13571
2 0.364323 0.0694444 0.0130208 0.0203704 0.152404
2 0.298958 0.106481 0.0375 0.0814815 0.173363
2 0.321615 0.0875 0.0380208 0.0342593 0.263812
2 0.627604 0.121296 0.0260417 0.0518519 0.270273
2 0.474219 0.108796 0.0348958 0.0453704 0.368393
2 0.506771 0.10463 0.0416667 0.062963 0.500995
10 0.204167 0.316667 0.015625 0.0703704 0.646906
2 0.31875 0.121296 0.05 0.0722222 0.744024
2 0.386979 0.0768519 0.0302083 0.0425926 0.750064
11 0.729688 0.0430556 0.0270833 0.0546296 0.80325
2 0.730208 0.419444 0.122917 0.172222 0.912226
