9 0.56849 0.0305556 0.0171875 0.0574074 0.00100051
9 0.272396 0.0388889 0.0291667 0.0759259 0.00104267
1 0.810417 0.33287 0.0197917 0.0898148 0.00106306
0 0.256771 0.101852 0.0197917 0.0814815 0.00108644
2 0.814062 0.0712963 0.015625 0.0203704 0.00110286
2 0.292188 0.133333 0.01875 0.05 0.00112404
9 0.438542 0.194444 0.0114583 0.0333333 0.00113807
2 0.77474 0.115741 0.0192708 0.0296296 0.00115045
7 0.37474 0.0587963 0.0223958 0.0416667 0.00121429
12 0.967188 0.5 0.0260417 0.0759259 0.00121579
0 0.638542 0.451389 0.0260417 0.0453704 0.00123842
9 0.557552 0.0203704 0.0244792 0.0388889 0.0012946
2 0.578646 0.108333 0.338542 0.0777778 0.00143738
2 0.661198 0.158796 0.0578125 0.0638889 0.00147852
0 0.607552 0.465741 0.0348958 0.0407407 0.00149545
32 0.460677 0.357407 0.0119792 0.0148148 0.00156652
0 0.523958 0.338426 0.622917 0.650926 0.0015965
9 0.267448 0.0648148 0.0140625 0.0444444 0.00162863
39 0.500781 0.604167 0.0140625 0.0361111 0.00166813
7 0.971615 0.534722 0.0557292 0.212037 0.00172734
2 0.719531 0.473148 0.540104 0.268519 0.00175855
2 0.809115 0.0717593 0.0203125 0.0287037 0.00183832
13 0.977865 0.530093 0.0432292 0.19537 0.00190228
7 0.297135 0.102778 0.0890625 0.0925926 0.00191786
9 0.995313 0.529167 0.00833333 0.0546296 0.00194029
2 0.790885 0.0893519 0.0182292 0.0157407 0.00210543
9 0.257031 0.0796296 0.0109375 0.0481481 0.00214452
1 0.00625 0.366667 0.0125 0.0740741 0.00216776
9 0.252865 0.0875 0.0119792 0.0398148 0.00224931
11 0.220313 0.0638889 0.053125 0.0648148 0.00227172
2 0.401302 0.111111 0.277604 0.087037 0.00235627
11 0.241146 0.0365741 0.025 0.0712963 0.00254577
1 0.00911458 0.394907 0.0182292 0.123148 0.00268208
0 0.589583 0.453241 0.0229167 0.0305556 0.00270023
9 0.29349 0.0550926 0.0109375 0.0453704 0.00272246
12 0.978906 0.500926 0.0411458 0.133333 0.00286188
2 0.465885 0.108796 0.0953125 0.0675926 0.0030384
5 0.215885 0.0541667 0.0286458 0.0509259 0.00307993
9 0.265625 0.0962963 0.0104167 0.0537037 0.00310629
2 0.655208 0.139352 0.0791667 0.0898148 0.00325427
1 0.0138021 0.366667 0.0276042 0.0574074 0.00331098
9 0.269792 0.024537 0.0208333 0.0435185 0.00344227
0 0.263021 0.102315 0.009375 0.0564815 0.00361363
0 0.757031 0.375463 0.0192708 0.0287037 0.0036227
9 0.26276 0.0324074 0.0109375 0.0611111 0.00368772
9 0.994531 0.497222 0.00989583 0.12963 0.00368815
0 0.632031 0.459722 0.0255208 0.0287037 0.00386186
9 0.2625 0.087963 0.00833333 0.0407407 0.00390784
9 0.270312 0.0449074 0.0197917 0.0453704 0.00401246
12 0.702604 0.135648 0.0239583 0.075 0.00422638
12 0.994271 0.499537 0.0104167 0.132407 0.00423743
1 0.00364583 0.405556 0.00729167 0.0944444 0.00447311
0 0.732031 0.370833 0.0296875 0.0305556 0.00481892
9 0.567448 0.0481481 0.00885417 0.0240741 0.00528476
9 0.220833 0.0893519 0.0114583 0.012037 0.0054099
2 0.270052 0.110648 0.0119792 0.037963 0.00674447
2 0.796875 0.062037 0.040625 0.0518519 0.00696918
32 0.454427 0.315741 0.0078125 0.012963 0.00750098
2 0.288802 0.108796 0.0213542 0.0768519 0.00773549
0 0.635417 0.148148 0.0104167 0.05 0.00888264
9 0.207292 0.0675926 0.021875 0.0425926 0.00961855
2 0.617448 0.113426 0.0453125 0.0527778 0.00962492
2 0.592448 0.130556 0.0182292 0.0185185 0.00964908
0 0.757292 0.0949074 0.0135417 0.0861111 0.00973096
2 0.461458 0.112037 0.015625 0.037037 0.011023
2 0.292708 0.0722222 0.0125 0.0166667 0.0110561
0 0.714063 0.371296 0.0197917 0.0259259 0.0193003
2 0.530729 0.075 0.0125 0.0222222 0.0208955
7 0.220573 0.0657407 0.0515625 0.062963 0.0292776
11 0.60651 0.0606481 0.00989583 0.025 0.0302731
5 0.220833 0.0652778 0.0510417 0.0564815 0.0336062
9 0.503385 0.760185 0.0119792 0.0518519 0.0352117
2 0.3 0.10787 0.0364583 0.0824074 0.0815216
0 0.44349 0.1 0.0161458 0.05 0.082153
7 0.298958 0.10787 0.0375 0.0861111 0.087867
7 0.402344 0.0611111 0.0432292 0.0388889 0.125352
2 0.365885 0.0662037 0.0171875 0.0268519 0.186176
2 0.627865 0.121759 0.0244792 0.0509259 0.193643
2 0.375781 0.0657407 0.0171875 0.0277778 0.242897
2 0.402083 0.062037 0.0427083 0.037037 0.349631
2 0.473437 0.109259 0.0333333 0.0444444 0.417124
2 0.322917 0.0865741 0.0375 0.0361111 0.43558
2 0.50625 0.10463 0.0416667 0.062963 0.521636
2 0.319271 0.122685 0.05 0.0694444 0.742685
11 0.729688 0.0425926 0.0270833 0.0555556 0.758836
10 0.204167 0.316204 0.0166667 0.0694444 0.829598
2 0.730208 0.419444 0.122917 0.172222 0.913961
2 0.603906 0.511574 0.134896 0.193519 0.920692
