2 0.789583 0.0810185 0.0166667 0.0194444 0.001057
2 0.577083 0.127778 0.0479167 0.0351852 0.00108988
0 0.611198 0.828241 0.0755208 0.321296 0.00114024
9 0.470313 0.411574 0.0104167 0.0287037 0.00118392
13 0.970833 0.521296 0.0572917 0.187037 0.00122141
11 0.239844 0.0388889 0.0223958 0.0759259 0.00122763
2 0.588021 0.423611 0.68125 0.187963 0.00124349
2 0.273438 0.113426 0.0229167 0.0583333 0.00136533
2 0.549219 0.1125 0.363021 0.0805556 0.00145052
9 0.361198 0.0657407 0.0109375 0.0203704 0.00148909
0 0.3625 0.0722222 0.009375 0.0296296 0.00149528
9 0.414844 0.00925926 0.0140625 0.0185185 0.00154869
2 0.773958 0.120833 0.01875 0.0398148 0.00165675
1 0.00494792 0.393056 0.00989583 0.112037 0.0017314
7 0.218229 0.0842593 0.0510417 0.114815 0.00175292
9 0.548177 0.05 0.0109375 0.0240741 0.00177833
9 0.982292 0.499074 0.034375 0.146296 0.00180196
9 0.439323 0.20787 0.0171875 0.0694444 0.00187854
9 0.995313 0.522222 0.00833333 0.0648148 0.00188457
7 0.293229 0.100926 0.08125 0.103704 0.0019422
58 0.961979 0.247685 0.075 0.225 0.00206132
2 0.791667 0.0884259 0.01875 0.0175926 0.00208596
2 0.41224 0.110648 0.283854 0.0861111 0.00213774
9 0.259115 0.0703704 0.0119792 0.0574074 0.00215476
1 0.00989583 0.385648 0.0197917 0.130556 0.00216676
0 0.263021 0.1 0.009375 0.0574074 0.00219729
9 0.2375 0.0708333 0.0145833 0.0453704 0.00219774
12 0.967188 0.497685 0.0270833 0.0805556 0.00223116
7 0.970833 0.523611 0.0572917 0.202778 0.00224106
2 0.661198 0.150926 0.0630208 0.062963 0.00225116
0 0.75599 0.0921296 0.0140625 0.0824074 0.00255944
12 0.755208 0.0912037 0.0135417 0.0805556 0.002584
1 0.0101562 0.363426 0.0203125 0.0583333 0.00268754
9 0.252344 0.087963 0.0130208 0.0333333 0.00273241
0 0.694531 0.77037 0.0994792 0.425926 0.00279871
11 0.2375 0.0680556 0.0166667 0.0416667 0.00281356
9 0.29349 0.0555556 0.00989583 0.0388889 0.00313158
2 0.784115 0.0902778 0.0119792 0.0194444 0.00316646
9 0.219792 0.102315 0.0114583 0.0435185 0.00343324
0 0.757031 0.375 0.0182292 0.0296296 0.00346413
2 0.459896 0.111111 0.10625 0.0703704 0.00348826
9 0.454688 0.314352 0.00729167 0.0157407 0.00351347
0 0.732031 0.371759 0.0296875 0.0287037 0.00390915
2 0.26901 0.104167 0.0109375 0.0472222 0.00410728
2 0.442969 0.0902778 0.0161458 0.0305556 0.00411761
2 0.238281 0.140741 0.0182292 0.0425926 0.00470401
9 0.994792 0.493056 0.009375 0.128704 0.0047511
9 0.208073 0.0662037 0.0223958 0.0472222 0.0050045
9 0.2625 0.0398148 0.015625 0.0648148 0.0061591
5 0.214062 0.062963 0.0364583 0.0574074 0.00833169
0 0.716146 0.371296 0.021875 0.0259259 0.00842256
12 0.994792 0.490741 0.009375 0.127778 0.00873601
12 0.974479 0.494907 0.0416667 0.121296 0.00990061
2 0.635156 0.145833 0.0109375 0.0509259 0.0102848
9 0.221875 0.0546296 0.0166667 0.0444444 0.0106523
2 0.45 0.106944 0.0322917 0.0453704 0.0111833
9 0.263802 0.0875 0.00989583 0.0342593 0.0113387
9 0.500521 0.602778 0.0145833 0.0407407 0.0114168
2 0.592969 0.126852 0.0182292 0.0240741 0.011856
9 0.560938 0.0305556 0.0291667 0.0592593 0.0126152
0 0.635156 0.149074 0.00989583 0.0518519 0.0126204
9 0.565885 0.0356481 0.0109375 0.0509259 0.0133979
7 0.213542 0.0625 0.0375 0.062037 0.014772
9 0.442969 0.0888889 0.0140625 0.0259259 0.0204434
11 0.60599 0.0597222 0.00989583 0.025 0.0223521
0 0.175521 0.726389 0.186458 0.482407 0.0253412
9 0.220833 0.087037 0.0104167 0.0166667 0.0262541
2 0.484635 0.107407 0.0192708 0.05 0.04442
7 0.31875 0.109722 0.0510417 0.0861111 0.0475492
2 0.445312 0.114815 0.0229167 0.0259259 0.049715
9 0.567448 0.0481481 0.00885417 0.0240741 0.0533773
9 0.503125 0.759722 0.0125 0.0583333 0.0554491
2 0.294792 0.10787 0.03125 0.0842593 0.100817
7 0.296094 0.106944 0.0328125 0.0842593 0.11965
9 0.269531 0.037037 0.0223958 0.0685185 0.137497
2 0.463021 0.109259 0.0145833 0.0444444 0.145873
2 0.627604 0.120833 0.025 0.0490741 0.241883
2 0.322656 0.0851852 0.0380208 0.0333333 0.245252
2 0.473958 0.108333 0.0322917 0.0462963 0.353932
7 0.50599 0.103704 0.0432292 0.062963 0.357467
2 0.505729 0.103704 0.0427083 0.062963 0.480631
2 0.318229 0.120833 0.0510417 0.0712963 0.657237
11 0.729688 0.0444444 0.0270833 0.0574074 0.739915
10 0.204167 0.315278 0.015625 0.0694444 0.8103
2 0.397917 0.119907 0.0510417 0.0694444 0.84071
2 0.730208 0.418519 0.121875 0.174074 0.910897
