2 0.236458 0.0689815 0.0177083 0.0453704 0.00110108
2 0.378646 0.0976852 0.160417 0.0898148 0.00111896
7 0.283073 0.087963 0.0880208 0.112963 0.00114974
2 0.638281 0.143519 0.0171875 0.05 0.00116289
2 0.33724 0.0768519 0.0182292 0.0259259 0.00116328
0 0.75651 0.373611 0.0203125 0.0342593 0.00124716
2 0.540104 0.105093 0.280208 0.0824074 0.00125965
9 0.995052 0.529167 0.00885417 0.0416667 0.00128117
9 0.289062 0.0476852 0.0125 0.0472222 0.00132731
13 0.970052 0.563426 0.0578125 0.0861111 0.00132945
2 0.57474 0.121759 0.0526042 0.0361111 0.00149263
2 0.815104 0.0699074 0.015625 0.0212963 0.0015357
12 0.700781 0.164352 0.0223958 0.0361111 0.0015486
13 0.961719 0.552778 0.0401042 0.0444444 0.00162348
11 0.239844 0.0314815 0.0234375 0.0611111 0.00163498
2 0.255208 0.0861111 0.0197917 0.0388889 0.00166571
2 0.66224 0.149074 0.0661458 0.0611111 0.00173468
0 0.816667 0.23287 0.009375 0.037963 0.00174678
2 0.776302 0.105093 0.0244792 0.0324074 0.00174737
2 0.363281 0.0657407 0.0151042 0.0240741 0.00221439
0 0.730729 0.370833 0.025 0.0305556 0.00243594
13 0.0140625 0.39213 0.028125 0.121296 0.00265212
0 0.186458 0.101389 0.00729167 0.0601852 0.00270177
2 0.605729 0.0601852 0.0114583 0.0277778 0.00279456
58 0.967188 0.496759 0.0291667 0.0787037 0.00317578
7 0.970312 0.519907 0.0583333 0.187963 0.00340898
0 0.755208 0.0907407 0.0166667 0.0759259 0.00352762
0 0.442969 0.0976852 0.0203125 0.0546296 0.00498949
9 0.994531 0.502315 0.00989583 0.152778 0.00539274
2 0.285937 0.0773148 0.0177083 0.0305556 0.00546114
10 0.441927 0.0847222 0.0151042 0.0287037 0.00551347
13 0.00416667 0.401389 0.00833333 0.0990741 0.00551904
0 0.716146 0.370833 0.0260417 0.0287037 0.00553491
9 0.755729 0.0726852 0.0135417 0.0416667 0.0055565
0 0.283854 0.0847222 0.009375 0.0324074 0.00593747
13 0.0119792 0.371759 0.0239583 0.0601852 0.00610003
9 0.566406 0.0458333 0.00885417 0.0231481 0.00619378
7 0.992448 0.518519 0.0140625 0.174074 0.00636384
12 0.692708 0.163889 0.00729167 0.0388889 0.00636654
2 0.441927 0.0833333 0.0151042 0.0240741 0.00653318
2 0.238542 0.1375 0.01875 0.0453704 0.00679878
9 0.499479 0.600463 0.0145833 0.037963 0.00929087
0 0.286198 0.114815 0.0161458 0.0703704 0.009315
2 0.292448 0.108333 0.0223958 0.0592593 0.0141673
2 0.784635 0.0884259 0.0161458 0.0194444 0.0142573
2 0.591927 0.125 0.0171875 0.0259259 0.0145486
7 0.219792 0.0569444 0.0510417 0.0824074 0.015324
9 0.501823 0.75787 0.0130208 0.0546296 0.0165702
2 0.270833 0.0976852 0.0166667 0.0583333 0.0174667
5 0.220052 0.0625 0.0494792 0.0564815 0.0190042
2 0.269531 0.0481481 0.0182292 0.0351852 0.0205648
2 0.291667 0.0703704 0.0114583 0.0148148 0.020615
0 0.634896 0.146296 0.009375 0.0518519 0.0304807
7 0.275781 0.0356481 0.0369792 0.0675926 0.0372385
2 0.46224 0.109722 0.0140625 0.0398148 0.0410054
2 0.38776 0.0625 0.0484375 0.0305556 0.291074
7 0.38724 0.0625 0.0484375 0.0305556 0.328973
2 0.472396 0.107407 0.0322917 0.0462963 0.399481
2 0.321094 0.0837963 0.0380208 0.0342593 0.409557
2 0.626823 0.118981 0.0255208 0.0509259 0.433939
2 0.505469 0.102315 0.0432292 0.062037 0.610165
10 0.203906 0.313889 0.0161458 0.0703704 0.647534
11 0.728646 0.0402778 0.0270833 0.0546296 0.751043
2 0.317708 0.12037 0.0510417 0.0685185 0.763195
2 0.729427 0.418056 0.123438 0.171296 0.905564
7 0.491146 0.243981 0.105208 0.152778 0.912802
