2 0.593229 0.125 0.0166667 0.0240741 0.00100102
9 0.566667 0.0574074 0.0104167 0.0425926 0.00101603
9 0.548177 0.0527778 0.0109375 0.0259259 0.0010308
1 0.0143229 0.450926 0.0286458 0.248148 0.00109558
2 0.532292 0.419444 0.647917 0.181481 0.00111449
9 0.351302 0.0175926 0.0130208 0.0259259 0.00115501
1 0.245312 0.365741 0.025 0.101852 0.00124563
7 0.970312 0.520833 0.0583333 0.186111 0.00127258
2 0.815625 0.0703704 0.015625 0.012963 0.00133353
0 0.709375 0.373148 0.01875 0.0277778 0.00134345
0 0.995833 0.326389 0.00729167 0.0583333 0.00136002
12 0.692708 0.164352 0.00833333 0.0398148 0.00142507
0 0.439844 0.366204 0.600521 0.40463 0.00143581
2 0.785156 0.107407 0.0421875 0.062963 0.00144138
12 0.702083 0.162037 0.0229167 0.0425926 0.001454
1 0.00494792 0.452778 0.00989583 0.233333 0.00146427
12 0.995313 0.529167 0.00833333 0.0453704 0.00161484
2 0.814062 0.075 0.01875 0.0166667 0.00162522
9 0.36276 0.0490741 0.0109375 0.0407407 0.0016514
7 0.291927 0.105093 0.0703125 0.0898148 0.00166861
9 0.261458 0.0476852 0.0145833 0.0490741 0.00169443
58 0.968229 0.495833 0.0291667 0.0824074 0.0017514
2 0.415104 0.110648 0.29375 0.0805556 0.00175214
2 0.77474 0.116204 0.0203125 0.0398148 0.00183315
9 0.261979 0.0268519 0.0145833 0.0481481 0.00183447
9 0.268229 0.0615741 0.0166667 0.0305556 0.00186272
5 0.236458 0.0685185 0.0177083 0.0462963 0.00186377
32 0.454427 0.314815 0.0078125 0.0166667 0.00196194
0 0.717188 0.371296 0.0229167 0.0277778 0.00202746
9 0.49974 0.602778 0.0140625 0.0388889 0.00206639
9 0.236979 0.0699074 0.0166667 0.0453704 0.00219716
2 0.654948 0.137963 0.0755208 0.0833333 0.00223703
9 0.439583 0.212037 0.0125 0.0462963 0.00232107
1 0.0229167 0.39537 0.0458333 0.116667 0.00232875
2 0.313021 0.0740741 0.0427083 0.0296296 0.00236235
2 0.565625 0.110185 0.253125 0.0685185 0.00239847
2 0.461198 0.110185 0.115104 0.0648148 0.00240473
1 0.176823 0.27963 0.0151042 0.0407407 0.00273936
0 0.263281 0.102315 0.00885417 0.0527778 0.00284189
9 0.273958 0.0421296 0.0333333 0.0805556 0.00289454
1 0.00651042 0.3625 0.0130208 0.0768519 0.00295795
7 0.993229 0.51713 0.0125 0.171296 0.00298432
2 0.443229 0.101852 0.01875 0.0462963 0.00302299
9 0.569271 0.0319444 0.0125 0.0564815 0.00339703
0 0.267448 0.100463 0.0109375 0.0546296 0.00358643
2 0.442708 0.0888889 0.0135417 0.0296296 0.00359439
9 0.25651 0.0777778 0.0140625 0.0462963 0.00401557
2 0.650781 0.150463 0.0432292 0.0601852 0.00431897
11 0.60651 0.0601852 0.00989583 0.0259259 0.00447806
2 0.791146 0.0888889 0.0208333 0.0222222 0.00468683
2 0.238021 0.143056 0.01875 0.0361111 0.00471143
2 0.785156 0.0888889 0.0119792 0.0222222 0.00539573
9 0.3625 0.0657407 0.009375 0.0314815 0.00581804
9 0.269271 0.0462963 0.0197917 0.0425926 0.00668645
9 0.458333 0.0662037 0.00729167 0.0287037 0.00671858
12 0.994531 0.50463 0.00989583 0.148148 0.00674226
0 0.758073 0.0731481 0.0119792 0.0444444 0.00715481
9 0.2625 0.0884259 0.00729167 0.0361111 0.00828908
0 0.757031 0.0925926 0.0151042 0.0814815 0.00965267
7 0.219531 0.0662037 0.0505208 0.0638889 0.0118086
2 0.271354 0.109259 0.0135417 0.0407407 0.0171253
7 0.305729 0.0837963 0.0291667 0.0342593 0.0174456
9 0.502604 0.760648 0.0125 0.0527778 0.0179102
9 0.26875 0.0259259 0.0208333 0.0462963 0.0182164
1 0.00494792 0.405093 0.00989583 0.0953704 0.0186636
9 0.442448 0.0875 0.0130208 0.0268519 0.0201542
0 0.634896 0.147685 0.009375 0.0509259 0.0210893
2 0.634896 0.145833 0.0104167 0.0546296 0.0212425
5 0.215625 0.0643518 0.040625 0.062037 0.0240883
7 0.304688 0.062963 0.0270833 0.0277778 0.0281028
24 0.239844 0.300463 0.0203125 0.0453704 0.0322652
9 0.567187 0.0481481 0.00833333 0.0240741 0.0336626
2 0.491927 0.106481 0.0192708 0.0518519 0.0423154
1 0.0106771 0.395833 0.0213542 0.112037 0.0494582
7 0.314063 0.112963 0.0583333 0.0851852 0.05381
2 0.304688 0.062037 0.0270833 0.0259259 0.0635896
2 0.29349 0.111574 0.0286458 0.075 0.0884223
7 0.294271 0.109722 0.0322917 0.0768519 0.10264
2 0.465885 0.1125 0.0192708 0.037963 0.186543
2 0.322917 0.0861111 0.0364583 0.0351852 0.193133
2 0.479688 0.109722 0.01875 0.0435185 0.203564
2 0.627344 0.120833 0.0255208 0.0509259 0.407561
1 0.235938 0.377315 0.0208333 0.10463 0.519185
2 0.50599 0.104167 0.0432292 0.062037 0.616129
2 0.31875 0.121759 0.05 0.0694444 0.676533
10 0.204167 0.315741 0.0166667 0.0703704 0.677614
11 0.729167 0.0435185 0.0270833 0.0555556 0.800714
0 0.238281 0.336574 0.0317708 0.152778 0.807146
2 0.729688 0.418981 0.121875 0.171296 0.905561
