2 0.498698 0.162037 0.0442708 0.0444444 0.00102355
7 0.472396 0.101852 0.0395833 0.0611111 0.00107816
11 0.239323 0.0342593 0.0213542 0.0648148 0.00112395
2 0.771875 0.103241 0.0385417 0.0564815 0.00113127
12 0.692448 0.161111 0.0078125 0.0425926 0.00120057
2 0.786719 0.0819444 0.0161458 0.025 0.00127025
9 0.36224 0.0444444 0.00885417 0.0314815 0.00129562
9 0.990625 0.519444 0.0177083 0.17963 0.00135625
2 0.814844 0.0782407 0.0161458 0.0231481 0.00137678
2 0.445573 0.11713 0.0234375 0.0212963 0.00137757
12 0.701302 0.163889 0.0192708 0.0388889 0.0013986
2 0.53099 0.110648 0.0151042 0.0509259 0.00143817
7 0.279427 0.0888889 0.0630208 0.125926 0.00144393
2 0.255729 0.0856481 0.0197917 0.0361111 0.00144873
2 0.520052 0.163426 0.0307292 0.0324074 0.00150625
2 0.569792 0.106944 0.225 0.0638889 0.00159611
1 0.009375 0.394444 0.01875 0.116667 0.0016032
9 0.570573 0.0305556 0.0130208 0.0574074 0.00162344
7 0.970312 0.519444 0.0583333 0.185185 0.00169838
7 0.990365 0.516204 0.0182292 0.180556 0.00172076
13 0.961979 0.553241 0.0395833 0.0398148 0.00194154
12 0.701563 0.143056 0.0208333 0.0805556 0.00194829
2 0.484896 0.10463 0.0614583 0.0574074 0.00212192
13 0.0143229 0.371759 0.0286458 0.0509259 0.00214263
0 0.730729 0.371296 0.0260417 0.0296296 0.00216713
2 0.770833 0.111111 0.0177083 0.0296296 0.00227488
7 0.317708 0.0986111 0.0645833 0.106481 0.00242339
9 0.547656 0.0518519 0.0109375 0.0240741 0.00244074
7 0.235677 0.0680556 0.0182292 0.0453704 0.00245649
2 0.0135417 0.394444 0.0270833 0.12037 0.0024974
0 0.757292 0.374537 0.01875 0.0324074 0.00260647
9 0.360417 0.0652778 0.009375 0.0212963 0.00271042
11 0.236198 0.0666667 0.0171875 0.0388889 0.00294744
58 0.967969 0.494907 0.0317708 0.0898148 0.00332485
2 0.238542 0.139815 0.01875 0.0425926 0.0034208
13 0.0122396 0.394444 0.0244792 0.114815 0.00363947
2 0.442187 0.0847222 0.0125 0.025 0.00365847
12 0.992708 0.511111 0.0135417 0.164815 0.00384876
7 0.788021 0.0643518 0.0239583 0.0601852 0.00392328
7 0.219792 0.0578704 0.0520833 0.0861111 0.00396281
13 0.992188 0.517593 0.0145833 0.174074 0.00415798
0 0.716406 0.371296 0.0255208 0.0277778 0.00422579
9 0.994792 0.501389 0.009375 0.147222 0.0042441
9 0.219271 0.102315 0.0104167 0.0398148 0.00429166
2 0.784375 0.0893519 0.0125 0.0175926 0.00448858
9 0.291667 0.0527778 0.00833333 0.0407407 0.00452168
2 0.00390625 0.414352 0.0078125 0.0731481 0.00483043
9 0.214583 0.0671296 0.040625 0.0509259 0.00496139
9 0.502344 0.760185 0.0130208 0.0592593 0.00510549
7 0.2125 0.0634259 0.0364583 0.0527778 0.0058388
0 0.755729 0.0726852 0.0125 0.0453704 0.00676378
0 0.284896 0.099537 0.0125 0.0601852 0.00683378
13 0.970573 0.521759 0.0578125 0.176852 0.00729088
2 0.270052 0.109259 0.0130208 0.0388889 0.00782334
2 0.60625 0.0587963 0.009375 0.0268519 0.00806413
5 0.220313 0.0643518 0.0489583 0.0527778 0.00838175
9 0.207552 0.0671296 0.0213542 0.0416667 0.0102363
2 0.529948 0.17037 0.00989583 0.0185185 0.0107993
0 0.53125 0.104167 0.015625 0.0583333 0.0108814
9 0.26901 0.0453704 0.0203125 0.0462963 0.0112926
2 0.291146 0.0699074 0.0114583 0.0138889 0.0125581
9 0.49974 0.601852 0.0151042 0.0407407 0.0144542
2 0.48724 0.108796 0.0130208 0.0472222 0.0167867
9 0.441667 0.0856481 0.0125 0.025 0.0214643
9 0.26901 0.0175926 0.0213542 0.0314815 0.0216301
9 0.566667 0.0462963 0.00833333 0.0240741 0.0217638
7 0.275781 0.0546296 0.0380208 0.107407 0.0243733
2 0.461198 0.112963 0.0119792 0.0351852 0.0298032
0 0.634115 0.144907 0.0109375 0.0509259 0.0335149
2 0.289062 0.114815 0.0208333 0.0666667 0.0368957
9 0.220052 0.0888889 0.00885417 0.0148148 0.0422416
2 0.523438 0.0731481 0.0208333 0.0203704 0.0448866
2 0.529427 0.0819444 0.0171875 0.025 0.227396
2 0.471615 0.110185 0.0296875 0.0407407 0.264127
2 0.321354 0.0842593 0.0364583 0.0333333 0.314029
2 0.626823 0.120833 0.0255208 0.0509259 0.328177
7 0.50599 0.102315 0.0421875 0.0657407 0.370036
2 0.50599 0.102315 0.0421875 0.0657407 0.418756
10 0.203906 0.315278 0.0151042 0.0694444 0.666121
2 0.317969 0.120833 0.0505208 0.0694444 0.714053
11 0.728646 0.0407407 0.0270833 0.0518519 0.818596
7 0.485938 0.202778 0.0885417 0.131481 0.863234
2 0.729427 0.418056 0.123438 0.171296 0.915495
