2 0.583073 0.420833 0.589063 0.182407 0.00100122
12 0.982552 0.500463 0.0328125 0.134259 0.00101801
0 0.73125 0.372685 0.0260417 0.0287037 0.00102435
13 0.96276 0.556019 0.0421875 0.0472222 0.00105303
12 0.701823 0.164815 0.0234375 0.037037 0.00106218
2 0.0419271 0.0930556 0.0713542 0.0824074 0.00106347
2 0.768229 0.101852 0.034375 0.0592593 0.00114555
0 0.257292 0.0944444 0.0208333 0.0685185 0.00117866
58 0.96875 0.49537 0.0302083 0.0888889 0.0011985
11 0.255729 0.0865741 0.0197917 0.0416667 0.00124827
7 0.989323 0.523148 0.0203125 0.183333 0.00137722
2 0.0606771 0.0643518 0.0307292 0.0231481 0.00141225
2 0.238281 0.102315 0.0192708 0.0527778 0.00145491
2 0.201042 0.244444 0.0177083 0.012963 0.00148866
12 0.692969 0.163426 0.0078125 0.0398148 0.00152456
2 0.778125 0.105556 0.0270833 0.0425926 0.00153615
9 0.58151 0.0351852 0.0130208 0.0537037 0.00159995
9 0.263281 0.0430556 0.0182292 0.0527778 0.001602
32 0.454427 0.313426 0.00885417 0.0157407 0.00161145
2 0.416146 0.0319444 0.015625 0.0175926 0.00164176
2 0.288021 0.0990741 0.0885417 0.0944444 0.00174946
2 0.467969 0.0185185 0.0213542 0.0222222 0.00183841
2 0.21875 0.134259 0.0583333 0.0574074 0.00189844
2 0.771094 0.110648 0.0140625 0.025 0.00194871
2 0.654167 0.139352 0.075 0.0787037 0.0020303
2 0.275 0.113426 0.0229167 0.0527778 0.00212789
2 0.292188 0.0689815 0.0135417 0.0175926 0.00215117
9 0.276563 0.0384259 0.0385417 0.0731481 0.00226057
9 0.994792 0.506481 0.009375 0.142593 0.00232419
11 0.60651 0.0601852 0.00989583 0.0259259 0.00237612
10 0.176563 0.280093 0.0135417 0.0435185 0.00253103
2 0.592969 0.124074 0.0171875 0.0259259 0.00257312
10 0.19375 0.29537 0.0364583 0.114815 0.0026921
2 0.757031 0.115278 0.0161458 0.0342593 0.0026959
7 0.276042 0.0518519 0.0385417 0.0962963 0.00278422
2 0.403125 0.106944 0.223958 0.0842593 0.00283038
0 0.2625 0.0907407 0.00833333 0.0462963 0.00297991
9 0.458073 0.0652778 0.0078125 0.0305556 0.00326603
2 0.282552 0.0722222 0.0307292 0.037037 0.00362296
0 0.715625 0.372685 0.0239583 0.0268519 0.00405243
2 0.554688 0.109259 0.185417 0.062963 0.00405707
7 0.970312 0.528241 0.0583333 0.200926 0.00409913
0 0.266927 0.0981481 0.0109375 0.0574074 0.00484205
2 0.814062 0.0768519 0.01875 0.0203704 0.00486006
11 0.2375 0.0708333 0.0166667 0.0490741 0.00494574
0 0.285156 0.101389 0.0140625 0.062037 0.00497314
5 0.213021 0.062963 0.034375 0.0574074 0.005404
2 0.531771 0.112037 0.0135417 0.0425926 0.00560001
1 0.810417 0.32963 0.01875 0.0777778 0.00564264
2 0.214583 0.483796 0.0166667 0.0138889 0.00597399
9 0.294531 0.0541667 0.00885417 0.0361111 0.00653714
9 0.572656 0.0314815 0.0140625 0.0592593 0.00698955
9 0.269271 0.0472222 0.0197917 0.0388889 0.00741563
9 0.210156 0.0662037 0.0265625 0.0472222 0.00776586
12 0.99401 0.5 0.0109375 0.138889 0.00883248
1 0.00494792 0.405093 0.00989583 0.0953704 0.00972262
2 0.286719 0.116204 0.0161458 0.0657407 0.00988983
2 0.270312 0.109722 0.0135417 0.0398148 0.0101912
13 0.00625 0.397685 0.0125 0.106481 0.0108332
2 0.64974 0.149074 0.0380208 0.0574074 0.0120391
9 0.502083 0.758796 0.0135417 0.0564815 0.0122749
2 0.786458 0.0888889 0.0145833 0.0240741 0.0134187
2 0.442448 0.0884259 0.0140625 0.0287037 0.0147603
13 0.0143229 0.396296 0.0286458 0.109259 0.0187834
2 0.48151 0.108333 0.0442708 0.0518519 0.0233772
9 0.26875 0.0226852 0.0208333 0.0398148 0.0240846
5 0.219792 0.0768519 0.0510417 0.0740741 0.0270545
1 0.009375 0.395833 0.01875 0.112037 0.0270751
7 0.220052 0.0675926 0.0505208 0.062963 0.0274008
2 0.238281 0.141204 0.0182292 0.0398148 0.0302946
2 0.635417 0.146759 0.0114583 0.0546296 0.0316439
10 0.442708 0.0884259 0.0125 0.0287037 0.0358054
2 0.463281 0.108333 0.0442708 0.0481481 0.0449314
9 0.567448 0.0481481 0.00885417 0.0240741 0.0478901
2 0.0046875 0.556944 0.009375 0.0398148 0.0713356
2 0.300781 0.10463 0.0359375 0.0740741 0.0858606
2 0.452604 0.116204 0.0239583 0.0324074 0.159436
2 0.465365 0.110648 0.0161458 0.0416667 0.188423
2 0.479688 0.109259 0.01875 0.0444444 0.267791
7 0.50625 0.103704 0.0416667 0.062963 0.295272
2 0.322135 0.0851852 0.0369792 0.0333333 0.363639
2 0.50625 0.103704 0.0416667 0.062963 0.511353
2 0.627604 0.121759 0.0260417 0.0509259 0.651569
2 0.365625 0.062963 0.046875 0.0333333 0.698394
2 0.31875 0.121759 0.0510417 0.0694444 0.762102
10 0.204167 0.315741 0.0166667 0.0722222 0.794095
11 0.729167 0.0430556 0.0270833 0.0564815 0.807642
2 0.729688 0.419444 0.122917 0.17037 0.898646
