9 0.290885 0.024537 0.0109375 0.0324074 0.00104493
2 0.785156 0.103241 0.0411458 0.0527778 0.00107143
7 0.990625 0.518056 0.0177083 0.186111 0.00107729
2 0.498177 0.0814815 0.0411458 0.0425926 0.00107877
2 0.753125 0.155093 0.0135417 0.0175926 0.00113567
9 0.253125 0.0865741 0.0145833 0.0361111 0.00118098
2 0.99375 0.518519 0.0114583 0.168519 0.00118431
9 0.561979 0.050463 0.01875 0.0231481 0.00120359
2 0.777604 0.109259 0.025 0.037037 0.00120519
9 0.258073 0.0777778 0.0151042 0.05 0.00124007
0 0.430469 0.378704 0.777604 0.735185 0.00125064
2 0.58776 0.124074 0.0109375 0.0277778 0.00125557
7 0.47474 0.0925926 0.0421875 0.0722222 0.00126782
2 0.219531 0.134722 0.0588542 0.0564815 0.00128331
58 0.968229 0.496759 0.03125 0.087963 0.00130421
32 0.460677 0.356481 0.0109375 0.0166667 0.00135049
0 0.284896 0.540278 0.0197917 0.0416667 0.00148011
0 0.44349 0.099537 0.0192708 0.0490741 0.00154089
2 0.401823 0.107407 0.251563 0.0796296 0.0015507
13 0.972135 0.52037 0.0546875 0.175926 0.00155761
14 0.481771 0.490278 0.0135417 0.0287037 0.00165835
7 0.316406 0.0712963 0.0505208 0.0666667 0.00165932
2 0.545573 0.426852 0.566146 0.183333 0.00170564
2 0.547656 0.106019 0.166146 0.0638889 0.0017723
2 0.00442708 0.466204 0.00885417 0.208333 0.00182964
0 0.739844 0.370833 0.0255208 0.0324074 0.00195331
9 0.547917 0.0587963 0.0104167 0.0231481 0.00203054
12 0.689323 0.166204 0.0130208 0.0361111 0.00222405
9 0.272917 0.037963 0.0322917 0.0740741 0.00226504
11 0.236979 0.0671296 0.0177083 0.0416667 0.0023241
0 0.328906 0.534259 0.0234375 0.0444444 0.00236187
2 0.807552 0.0722222 0.0151042 0.0166667 0.00241754
2 0.0138021 0.36713 0.0276042 0.0453704 0.00266297
0 0.73099 0.372685 0.0244792 0.0287037 0.00270594
12 0.702083 0.155093 0.0239583 0.0527778 0.00284383
7 0.30026 0.0939815 0.0515625 0.0990741 0.0028452
2 0.242448 0.10787 0.0151042 0.0361111 0.00316448
9 0.566927 0.0587963 0.00989583 0.0453704 0.00320662
2 0.592969 0.125463 0.0161458 0.025 0.00338781
7 0.790625 0.0662037 0.0302083 0.0638889 0.00344727
0 0.263281 0.105556 0.00885417 0.0481481 0.00348849
13 0.961979 0.555093 0.0395833 0.0416667 0.00367296
12 0.693229 0.164815 0.00729167 0.037037 0.00367332
2 0.442708 0.0875 0.0145833 0.0268519 0.00415084
0 0.756771 0.374074 0.0197917 0.0296296 0.00428779
9 0.361979 0.0689815 0.00833333 0.025 0.00485943
2 0.796615 0.0833333 0.0338542 0.0277778 0.00486616
0 0.995573 0.327778 0.0078125 0.0574074 0.00488892
9 0.26901 0.0486111 0.0213542 0.0398148 0.00494892
2 0.60599 0.0601852 0.00989583 0.0240741 0.00498798
32 0.453646 0.315741 0.00833333 0.012963 0.00573512
12 0.994531 0.496759 0.00989583 0.132407 0.00575668
0 0.360677 0.531944 0.0348958 0.0435185 0.00653754
58 0.442708 0.0875 0.0145833 0.0268519 0.00716074
9 0.585156 0.0407407 0.0119792 0.0462963 0.00790568
2 0.0145833 0.398611 0.0291667 0.106481 0.00863503
0 0.757552 0.0912037 0.0130208 0.0787037 0.0108233
9 0.216406 0.0574074 0.0265625 0.0518519 0.0112834
9 0.572917 0.0310185 0.0135417 0.0583333 0.0113305
2 0.238542 0.14213 0.0197917 0.0398148 0.0117718
2 0.482812 0.105093 0.0385417 0.0527778 0.0118039
0 0.309635 0.533333 0.0359375 0.0444444 0.0127503
3 0.00885417 0.400926 0.0177083 0.101852 0.0128088
9 0.207813 0.0666667 0.021875 0.0444444 0.0132795
0 0.71224 0.372685 0.0192708 0.025 0.0134442
9 0.502604 0.760185 0.0135417 0.0574074 0.0137635
2 0.814323 0.0768519 0.0182292 0.0166667 0.0154881
0 0.348177 0.532407 0.0317708 0.0462963 0.0160644
5 0.221094 0.0680556 0.0505208 0.0583333 0.0165259
9 0.26875 0.0217593 0.021875 0.0398148 0.0172746
1 0.0145833 0.397222 0.0291667 0.107407 0.018472
2 0.634896 0.146296 0.0114583 0.0555556 0.0185373
2 0.491667 0.10787 0.0177083 0.0490741 0.018983
2 0.271094 0.108333 0.0140625 0.0425926 0.0205778
7 0.220573 0.0666667 0.0505208 0.0648148 0.0206403
1 0.00390625 0.411111 0.0078125 0.0796296 0.0233861
2 0.00494792 0.556019 0.00989583 0.0435185 0.0238699
0 0.635156 0.147222 0.00989583 0.05 0.0283771
2 0.00390625 0.412037 0.0078125 0.0777778 0.0297957
2 0.786198 0.0898148 0.0151042 0.0222222 0.0493557
2 0.465104 0.113889 0.0166667 0.0351852 0.0679639
7 0.294531 0.110185 0.0317708 0.0759259 0.0733929
0 0.46224 0.115741 0.0119792 0.0314815 0.0824464
9 0.567448 0.0476852 0.0078125 0.0231481 0.105663
2 0.478646 0.111111 0.0177083 0.0425926 0.158193
2 0.293229 0.112963 0.028125 0.0740741 0.260268
2 0.307292 0.0615741 0.0291667 0.0342593 0.263445
2 0.323438 0.0875 0.0375 0.037963 0.270074
2 0.627604 0.122222 0.025 0.05 0.297225
2 0.48151 0.0703704 0.0255208 0.0351852 0.419556
2 0.50599 0.103704 0.0421875 0.0648148 0.430088
7 0.50599 0.103704 0.0421875 0.0648148 0.438337
2 0.31849 0.121759 0.0505208 0.0712963 0.685855
11 0.729167 0.0430556 0.0270833 0.0564815 0.780471
10 0.204167 0.315741 0.015625 0.0703704 0.826403
2 0.729688 0.419907 0.122917 0.171296 0.91811
2 0.329948 0.590278 0.151562 0.228704 0.934373
