9 0.547656 0.0601852 0.00989583 0.0222222 0.00104014
9 0.527083 0.049537 0.0145833 0.0342593 0.00113429
9 0.582292 0.0398148 0.0114583 0.0444444 0.00115482
0 0.730469 0.372222 0.0307292 0.0314815 0.00123985
13 0.961979 0.55463 0.0395833 0.0407407 0.00124488
0 0.817969 0.236111 0.0078125 0.0333333 0.00128172
9 0.484375 0.0171296 0.0104167 0.0268519 0.00128828
2 0.576563 0.422685 0.617708 0.180556 0.00133639
9 0.56224 0.049537 0.0182292 0.025 0.00134951
9 0.115365 0.0240741 0.0140625 0.0425926 0.0013867
9 0.568229 0.0324074 0.0145833 0.0574074 0.00143089
2 0.24401 0.106019 0.0109375 0.0342593 0.00150506
9 0.223438 0.0671296 0.04375 0.0453704 0.00151906
9 0.109635 0.0296296 0.0130208 0.0388889 0.00152616
9 0.2375 0.0675926 0.015625 0.0388889 0.00183365
2 0.592969 0.124537 0.0171875 0.0268519 0.0018394
1 0.0494792 0.162037 0.071875 0.0796296 0.00193078
0 0.75599 0.131019 0.0119792 0.0435185 0.00196216
0 0.758333 0.108796 0.0135417 0.0638889 0.00203096
2 0.44375 0.109722 0.0197917 0.0268519 0.00203512
2 0.773698 0.115741 0.0171875 0.0351852 0.00206814
12 0.702604 0.135648 0.0239583 0.0768519 0.00207072
9 0.458333 0.0657407 0.00729167 0.0296296 0.00207469
1 0.00494792 0.467593 0.00989583 0.216667 0.00210691
2 0.3 0.10787 0.0833333 0.0842593 0.00212761
1 0.00729167 0.163426 0.0145833 0.0509259 0.00215691
9 0.218229 0.0805556 0.0177083 0.0259259 0.00222448
0 0.3625 0.0726852 0.0114583 0.0268519 0.00224705
9 0.258594 0.075463 0.0130208 0.0490741 0.00226773
58 0.919792 0.181944 0.159375 0.360185 0.00234397
0 0.2625 0.103704 0.009375 0.0537037 0.00244414
2 0.402083 0.1125 0.258333 0.0675926 0.00246029
7 0.970573 0.524537 0.0578125 0.193519 0.00261345
2 0.563021 0.110648 0.204167 0.0601852 0.0026729
0 0.267448 0.1 0.0109375 0.0574074 0.00271516
12 0.702344 0.163889 0.0244792 0.037037 0.00273562
12 0.69375 0.163426 0.00729167 0.037963 0.00317961
2 0.815365 0.0837963 0.0151042 0.0287037 0.00320057
2 0.363802 0.0712963 0.0119792 0.0240741 0.00385421
2 0.442969 0.0875 0.0140625 0.0268519 0.00392797
9 0.269531 0.0365741 0.0213542 0.0583333 0.00419008
9 0.253125 0.0875 0.0125 0.0342593 0.00426175
9 0.263021 0.0875 0.00729167 0.0342593 0.00432407
7 0.99349 0.519444 0.0119792 0.166667 0.00454356
2 0.779688 0.100926 0.0291667 0.0407407 0.0047509
2 0.53099 0.111574 0.0140625 0.0453704 0.00485182
2 0.808073 0.0847222 0.0255208 0.0268519 0.00510029
0 0.715365 0.372685 0.0244792 0.0268519 0.00519255
9 0.269271 0.0569444 0.0177083 0.0324074 0.00565329
9 0.442969 0.0875 0.0130208 0.0268519 0.00615651
9 0.993229 0.514352 0.0125 0.163889 0.00683415
9 0.269792 0.0203704 0.0197917 0.0333333 0.00693757
9 0.50026 0.604167 0.0151042 0.0416667 0.00713296
5 0.21901 0.0648148 0.0442708 0.0518519 0.0077174
9 0.217187 0.0569444 0.025 0.0490741 0.00918353
1 0.0226563 0.175926 0.0453125 0.0703704 0.00918442
7 0.220052 0.0662037 0.0494792 0.0601852 0.00957154
2 0.343229 0.0916667 0.00833333 0.0277778 0.011965
2 0.271875 0.110648 0.0135417 0.037963 0.0128167
2 0.60599 0.0606481 0.00989583 0.025 0.0143748
2 0.238281 0.141204 0.0182292 0.0416667 0.015371
9 0.502604 0.760648 0.0125 0.0527778 0.0190134
9 0.207813 0.0675926 0.0208333 0.0425926 0.02003
2 0.813802 0.075463 0.0192708 0.0175926 0.0211471
0 0.995573 0.326389 0.0078125 0.0546296 0.0212619
2 0.635156 0.146296 0.0109375 0.0537037 0.026563
0 0.635417 0.148148 0.009375 0.05 0.0304214
1 0.00442708 0.409722 0.00885417 0.0935185 0.030974
0 0.756771 0.0851852 0.0135417 0.0648148 0.0326351
1 0.0119792 0.394907 0.0239583 0.121296 0.0360147
9 0.567187 0.0486111 0.00833333 0.0231481 0.0392958
2 0.485938 0.109259 0.015625 0.0481481 0.0685332
2 0.786198 0.0912037 0.0161458 0.0231481 0.0794593
2 0.296875 0.106481 0.0354167 0.0814815 0.0903443
2 0.528125 0.0759259 0.0166667 0.0277778 0.115841
2 0.46276 0.112037 0.0140625 0.0407407 0.172114
2 0.321615 0.0893519 0.0380208 0.0361111 0.233094
7 0.298958 0.106019 0.040625 0.0805556 0.24211
2 0.47526 0.109722 0.0317708 0.0453704 0.378156
2 0.627344 0.123148 0.0265625 0.0518519 0.44876
2 0.50625 0.105093 0.0416667 0.062037 0.581193
2 0.31875 0.121759 0.05 0.0712963 0.708642
10 0.203906 0.315741 0.0161458 0.0722222 0.775163
11 0.729167 0.0425926 0.0270833 0.0555556 0.780445
2 0.358073 0.115278 0.0296875 0.0361111 0.828134
2 0.729948 0.419444 0.122396 0.172222 0.916643
