9 0.817187 0.235185 0.00833333 0.0388889 0.0010105
7 0.290365 0.102778 0.0932292 0.0907407 0.00111292
9 0.29375 0.0541667 0.009375 0.0361111 0.00111809
0 0.2625 0.103241 0.0104167 0.0527778 0.00121428
9 0.489323 0.976852 0.0161458 0.0462963 0.00121698
2 0.305469 0.131944 0.0328125 0.0546296 0.00122059
9 0.995313 0.528704 0.00833333 0.0388889 0.00128439
2 0.658854 0.140278 0.0666667 0.062037 0.00134639
7 0.788542 0.0638889 0.025 0.0611111 0.00138935
2 0.0145833 0.371759 0.0291667 0.0453704 0.00139682
0 0.994792 0.375926 0.009375 0.146296 0.0014016
58 0.96901 0.497222 0.0317708 0.0944444 0.00141341
9 0.548437 0.0518519 0.0114583 0.0259259 0.0014301
13 0.961719 0.556019 0.0390625 0.0435185 0.00146036
5 0.220052 0.0930556 0.0557292 0.123148 0.00148882
13 0.0145833 0.399074 0.0291667 0.109259 0.00157378
1 0.00885417 0.402778 0.0177083 0.105556 0.0016553
0 0.714323 0.369907 0.0234375 0.0287037 0.00171477
2 0.218229 0.136574 0.059375 0.0527778 0.00171896
9 0.263281 0.0861111 0.0078125 0.0333333 0.00173994
7 0.989583 0.516667 0.0197917 0.181481 0.00174472
9 0.272396 0.0402778 0.0302083 0.0768519 0.00177722
2 0.36276 0.0777778 0.0151042 0.0259259 0.00181376
9 0.415625 0.0087963 0.015625 0.0175926 0.0018215
9 0.559375 0.0291667 0.021875 0.0527778 0.00183221
7 0.970573 0.519444 0.0578125 0.181481 0.00185969
2 0.240104 0.106481 0.015625 0.0351852 0.00191895
1 0.00598958 0.370833 0.0119792 0.0564815 0.001928
2 0.781771 0.103241 0.034375 0.0527778 0.00196403
2 0.498698 0.115278 0.383854 0.0768519 0.00203004
2 0.466667 0.0231481 0.021875 0.0222222 0.00220826
11 0.2375 0.0685185 0.0166667 0.0425926 0.00230892
9 0.5625 0.05 0.01875 0.0259259 0.00231636
2 0.00442708 0.383333 0.00885417 0.0388889 0.00235327
2 0.346615 0.10787 0.0151042 0.0361111 0.00261951
2 0.440365 0.087037 0.0130208 0.0277778 0.00280853
2 0.463021 0.113889 0.109375 0.0592593 0.00288965
9 0.576042 0.0324074 0.015625 0.0611111 0.00309008
2 0.267448 0.0981481 0.0109375 0.0518519 0.00317368
9 0.993229 0.498611 0.0125 0.130556 0.00335987
9 0.583073 0.0393519 0.0119792 0.0453704 0.0037161
9 0.5 0.603704 0.0145833 0.0388889 0.00386066
0 0.755729 0.0930556 0.015625 0.0805556 0.00406006
2 0.371615 0.113889 0.0994792 0.0611111 0.00413445
2 0.414323 0.113426 0.0609375 0.0509259 0.00496845
12 0.701823 0.151389 0.0234375 0.062037 0.00500789
2 0.647135 0.147222 0.0338542 0.0611111 0.00506183
12 0.99401 0.497685 0.0109375 0.130556 0.00526926
2 0.467187 0.114352 0.0229167 0.0398148 0.00566255
0 0.441927 0.0856481 0.0119792 0.025 0.00568544
1 0.00416667 0.407407 0.00833333 0.0888889 0.00579693
9 0.269792 0.050463 0.01875 0.0361111 0.00611178
0 0.75651 0.0740741 0.0119792 0.0425926 0.00803274
12 0.693229 0.163426 0.00729167 0.0398148 0.00868013
2 0.789844 0.0875 0.0213542 0.025 0.014178
2 0.271354 0.111111 0.0135417 0.037037 0.0144793
11 0.60625 0.0601852 0.0104167 0.0240741 0.0147653
9 0.269271 0.0189815 0.0197917 0.0324074 0.0166624
2 0.238281 0.141667 0.0182292 0.0388889 0.0180578
9 0.570052 0.0319444 0.0130208 0.0601852 0.0181881
0 0.995573 0.330093 0.0078125 0.0509259 0.0186632
7 0.220313 0.0638889 0.05 0.0666667 0.0216898
2 0.592708 0.126852 0.0177083 0.0222222 0.0331046
2 0.407813 0.0625 0.0239583 0.025 0.0336479
2 0.489844 0.107407 0.0161458 0.05 0.0394576
2 0.635156 0.145833 0.0109375 0.0527778 0.0399461
2 0.363542 0.0666667 0.0135417 0.0185185 0.0481259
5 0.220052 0.0657407 0.0494792 0.0611111 0.048938
9 0.502344 0.760648 0.0119792 0.0546296 0.0522122
9 0.567187 0.0486111 0.00833333 0.025 0.147181
7 0.297135 0.106481 0.0380208 0.0833333 0.168306
2 0.461198 0.114815 0.0119792 0.0333333 0.214532
2 0.38151 0.0643518 0.0203125 0.0194444 0.220965
2 0.478906 0.109722 0.0192708 0.0453704 0.257416
7 0.395312 0.0615741 0.046875 0.0287037 0.283271
2 0.322917 0.0861111 0.0375 0.037037 0.286441
2 0.627344 0.122222 0.0255208 0.0518519 0.328844
2 0.505469 0.103704 0.0432292 0.062963 0.416373
7 0.505729 0.104167 0.04375 0.0638889 0.438718
2 0.31849 0.122685 0.0505208 0.0694444 0.635377
10 0.204167 0.315741 0.015625 0.0722222 0.749073
11 0.728906 0.0435185 0.0265625 0.0592593 0.801321
2 0.426562 0.1125 0.03125 0.0342593 0.814712
2 0.366927 0.112963 0.0328125 0.0388889 0.818122
2 0.729688 0.419907 0.122917 0.169444 0.901221
