9 0.28125 0.0703704 0.028125 0.133333 0.00103694
2 0.972917 0.497685 0.0354167 0.125 0.00114035
1 0.0171875 0.161574 0.034375 0.0601852 0.0012286
9 0.2625 0.0449074 0.015625 0.0509259 0.00126332
13 0.969792 0.514815 0.05625 0.161111 0.00128519
2 0.813542 0.0685185 0.0177083 0.0203704 0.00131038
9 0.967708 0.497685 0.028125 0.0842593 0.00134143
0 0.585677 0.463889 0.0682292 0.0518519 0.00137237
12 0.965104 0.496296 0.0229167 0.0814815 0.00140403
2 0.279687 0.0810185 0.0208333 0.0361111 0.00147869
9 0.270312 0.0555556 0.0197917 0.0407407 0.00149466
2 0.656771 0.133796 0.0791667 0.0787037 0.00152482
13 0.985156 0.519907 0.0286458 0.176852 0.00156859
2 0.534896 0.108796 0.0125 0.0490741 0.00168915
2 0.0122396 0.371296 0.0244792 0.0518519 0.00182607
2 0.497396 0.1125 0.457292 0.0824074 0.00184399
9 0.571615 0.0314815 0.0151042 0.0592593 0.00204287
32 0.454167 0.312963 0.00833333 0.0166667 0.00205183
2 0.27526 0.111574 0.0234375 0.062037 0.00212951
2 0.238281 0.140741 0.0192708 0.0407407 0.00221322
7 0.228385 0.0666667 0.0328125 0.0518519 0.00229559
9 0.547917 0.0513889 0.0104167 0.0231481 0.00260473
0 0.610937 0.462963 0.0416667 0.0537037 0.00266176
0 0.561719 0.4625 0.0411458 0.0398148 0.00270388
0 0.559896 0.449074 0.034375 0.0277778 0.00273761
11 0.236979 0.0662037 0.0166667 0.0398148 0.00283612
9 0.263802 0.0925926 0.00885417 0.0481481 0.00291601
7 0.970312 0.528241 0.0583333 0.20463 0.00295374
0 0.264062 0.102315 0.00833333 0.0509259 0.00301781
9 0.291146 0.050463 0.00833333 0.0435185 0.00302378
11 0.240104 0.0342593 0.0208333 0.0666667 0.00312906
9 0.21276 0.0657407 0.0369792 0.0555556 0.00338269
2 0.60599 0.0601852 0.00989583 0.0259259 0.00338916
2 0.788542 0.0652778 0.0239583 0.0638889 0.00346927
2 0.398698 0.0939815 0.0411458 0.0601852 0.00352364
12 0.702604 0.1375 0.021875 0.0861111 0.00371398
2 0.376563 0.111574 0.190625 0.0861111 0.00374973
2 0.407813 0.10463 0.028125 0.0574074 0.00388177
0 0.710938 0.372685 0.0208333 0.0268519 0.00432553
2 0.295573 0.108796 0.0723958 0.0916667 0.00487034
2 0.747135 0.493981 0.502604 0.289815 0.00515475
0 0.75599 0.0912037 0.0151042 0.0842593 0.00529297
5 0.788802 0.0597222 0.0255208 0.0712963 0.00534059
9 0.980208 0.498611 0.0375 0.130556 0.00617418
2 0.592708 0.125 0.0166667 0.0259259 0.00665118
2 0.363281 0.0680556 0.0119792 0.0231481 0.00700981
5 0.2125 0.0625 0.0354167 0.0564815 0.00777197
0 0.36276 0.0685185 0.00989583 0.0240741 0.00821437
1 0.0135417 0.399074 0.0270833 0.105556 0.00834389
9 0.502083 0.75787 0.0135417 0.0583333 0.00932891
7 0.788281 0.062037 0.0244792 0.0648148 0.0097095
9 0.21849 0.103704 0.00885417 0.0388889 0.00977361
1 0.00546875 0.401852 0.0109375 0.0981481 0.0123288
9 0.99349 0.511574 0.0119792 0.160185 0.013542
7 0.213281 0.062037 0.0369792 0.0592593 0.015445
2 0.00885417 0.401389 0.0177083 0.0990741 0.0169846
9 0.26875 0.0333333 0.021875 0.062963 0.0178342
2 0.270573 0.108333 0.0130208 0.0388889 0.0267685
0 0.634635 0.143519 0.0109375 0.05 0.0287667
2 0.00442708 0.409259 0.00885417 0.0833333 0.0312151
9 0.219271 0.0902778 0.00833333 0.012037 0.032094
9 0.567187 0.0476852 0.00833333 0.025 0.0416503
7 0.29401 0.108333 0.0296875 0.0814815 0.0577089
7 0.43151 0.102315 0.0286458 0.0564815 0.0630632
2 0.461719 0.110648 0.0130208 0.0398148 0.105992
0 0.441667 0.0916667 0.0114583 0.0388889 0.127119
2 0.292188 0.111574 0.0270833 0.0787037 0.160637
2 0.322396 0.0851852 0.0375 0.0351852 0.303465
7 0.504948 0.103241 0.0442708 0.062037 0.33971
2 0.627344 0.121759 0.0255208 0.0527778 0.462236
2 0.43099 0.108333 0.0276042 0.0462963 0.463859
2 0.472135 0.108333 0.0317708 0.0444444 0.479127
2 0.504687 0.102778 0.0447917 0.062963 0.493362
7 0.578646 0.519444 0.151042 0.233333 0.498275
7 0.399479 0.0990741 0.0447917 0.0740741 0.53873
11 0.729167 0.0416667 0.0270833 0.0537037 0.75956
2 0.318229 0.12037 0.0510417 0.0703704 0.765476
2 0.578646 0.518519 0.151042 0.235185 0.770768
10 0.204167 0.314815 0.015625 0.0685185 0.771618
2 0.729688 0.418981 0.122917 0.171296 0.911841
