2 0.586458 0.423611 0.545833 0.182407 0.0010044
13 0.9875 0.519907 0.0239583 0.176852 0.00103115
2 0.363542 0.0685185 0.0114583 0.0222222 0.00103902
5 0.236979 0.075463 0.0177083 0.0583333 0.00109224
9 0.254427 0.0884259 0.0161458 0.0361111 0.0011003
0 0.739323 0.369907 0.0265625 0.0324074 0.00113364
12 0.988021 0.518056 0.0229167 0.173148 0.00115835
32 0.454688 0.314815 0.00729167 0.0148148 0.00117486
9 0.990885 0.518056 0.0171875 0.171296 0.0012459
9 0.258073 0.0759259 0.0119792 0.0518519 0.0014236
11 0.23776 0.0708333 0.0161458 0.0490741 0.00146746
0 0.757292 0.374074 0.0197917 0.0314815 0.00148461
0 0.729167 0.371296 0.0291667 0.0296296 0.00156746
2 0.238021 0.112963 0.01875 0.0462963 0.00161917
2 0.480208 0.117593 0.411458 0.103704 0.00163981
12 0.702344 0.127315 0.0223958 0.062037 0.00166821
9 0.263542 0.0902778 0.00833333 0.0398148 0.0017546
0 0.995833 0.329167 0.00729167 0.0564815 0.0018008
2 0.446094 0.106481 0.0234375 0.0314815 0.00190924
7 0.990104 0.518056 0.01875 0.180556 0.00191597
2 0.803385 0.0847222 0.0171875 0.0231481 0.00193241
1 0.808854 0.329167 0.0229167 0.0842593 0.00196535
9 0.272656 0.037037 0.0296875 0.0722222 0.00200626
12 0.701823 0.161574 0.0223958 0.0416667 0.00200995
2 0.582812 0.124074 0.0354167 0.037037 0.00219447
9 0.588281 0.0402778 0.0151042 0.0509259 0.00225335
9 0.5 0.604167 0.0145833 0.0416667 0.00263448
2 0.649479 0.149074 0.040625 0.0592593 0.00264657
58 0.968229 0.498611 0.0291667 0.0861111 0.00283421
2 0.779948 0.103704 0.0307292 0.05 0.0028629
2 0.296094 0.0851852 0.0359375 0.0574074 0.00293273
0 0.265625 0.099537 0.0104167 0.0527778 0.00295192
12 0.689583 0.168519 0.0125 0.0333333 0.00296522
2 0.442969 0.0875 0.0140625 0.0268519 0.0036444
12 0.69349 0.165278 0.00677083 0.037963 0.00369547
0 0.716146 0.370833 0.0260417 0.0287037 0.00457263
13 0.0138021 0.39537 0.0276042 0.114815 0.00481857
9 0.36224 0.0689815 0.00885417 0.025 0.00503231
12 0.99401 0.502778 0.0109375 0.140741 0.00525629
1 0.00885417 0.403241 0.0177083 0.0990741 0.00538399
2 0.81849 0.0699074 0.00989583 0.012037 0.00568666
2 0.592708 0.126389 0.0166667 0.0231481 0.0074959
2 0.270573 0.108796 0.0119792 0.0416667 0.00764388
2 0.60651 0.0611111 0.00989583 0.0259259 0.00803465
2 0.269792 0.0486111 0.0197917 0.0361111 0.00851113
0 0.757292 0.0856481 0.0125 0.0657407 0.00860505
2 0.814062 0.0740741 0.0166667 0.0166667 0.00913808
9 0.269271 0.0240741 0.0208333 0.0388889 0.0100883
2 0.53099 0.112963 0.0140625 0.0425926 0.0104383
2 0.817187 0.234259 0.009375 0.0444444 0.0109205
9 0.582552 0.0351852 0.0151042 0.0592593 0.011071
13 0.00416667 0.406481 0.00833333 0.0907407 0.012057
9 0.443229 0.087963 0.0135417 0.0277778 0.0141795
9 0.573958 0.0314815 0.0145833 0.0592593 0.0171509
7 0.220833 0.0648148 0.05 0.0740741 0.0252338
5 0.220833 0.0685185 0.05 0.0666667 0.0270666
9 0.503125 0.761111 0.0125 0.0537037 0.0288729
2 0.238802 0.143056 0.0182292 0.037963 0.0359868
0 0.635156 0.147685 0.00989583 0.0509259 0.0370277
2 0.786458 0.0898148 0.015625 0.0222222 0.037634
2 0.634896 0.146296 0.0114583 0.0537037 0.0465519
9 0.567448 0.0486111 0.0078125 0.0231481 0.0824793
2 0.304688 0.0763889 0.0239583 0.0231481 0.119055
2 0.479167 0.0976852 0.021875 0.0212963 0.130673
2 0.473958 0.105093 0.034375 0.0361111 0.178673
2 0.292708 0.115278 0.0270833 0.0712963 0.180405
2 0.322917 0.0865741 0.0364583 0.037963 0.244083
2 0.627604 0.121296 0.025 0.0481481 0.273968
2 0.302083 0.0671296 0.0229167 0.0324074 0.386601
2 0.508073 0.104167 0.0380208 0.062037 0.672324
2 0.318229 0.122685 0.0510417 0.0694444 0.717271
10 0.203906 0.315741 0.0171875 0.0722222 0.798418
11 0.728906 0.0430556 0.0265625 0.0564815 0.799667
2 0.476302 0.143519 0.0494792 0.0685185 0.845472
2 0.729948 0.419444 0.122396 0.172222 0.902128
