58 0.968229 0.496296 0.0302083 0.0851852 0.00100124
2 0.44375 0.0981481 0.0197917 0.0462963 0.00100134
2 0.403385 0.125926 0.0234375 0.0259259 0.00101879
1 0.00494792 0.459259 0.00989583 0.231481 0.00104876
0 0.760938 0.0796296 0.0104167 0.0444444 0.00105182
9 0.113281 0.0240741 0.0161458 0.0407407 0.00105277
7 0.988542 0.520833 0.021875 0.193519 0.0010578
9 0.5 0.603241 0.0145833 0.0398148 0.00106129
9 0.56224 0.05 0.0192708 0.0240741 0.00106529
9 0.991146 0.514352 0.0166667 0.169444 0.00106561
0 0.552865 0.25463 0.519271 0.368519 0.00108609
9 0.559375 0.0296296 0.0239583 0.0555556 0.00114744
9 0.236719 0.0671296 0.0171875 0.0416667 0.00115541
12 0.984635 0.501852 0.0307292 0.138889 0.00117386
2 0.0255208 0.368519 0.0510417 0.062963 0.00122882
32 0.460156 0.356944 0.0109375 0.0157407 0.00124307
13 0.994531 0.519907 0.00989583 0.171296 0.00130241
2 0.388542 0.128704 0.046875 0.0296296 0.00135617
2 0.60651 0.42037 0.596354 0.192593 0.00137373
2 0.592708 0.125463 0.0177083 0.025 0.00147584
1 0.00989583 0.375463 0.0197917 0.113889 0.0015183
2 0.648958 0.149537 0.0385417 0.062037 0.00158878
13 0.970052 0.517593 0.0578125 0.162963 0.00161044
9 0.261979 0.0458333 0.015625 0.0490741 0.00162812
2 0.0127604 0.127778 0.0223958 0.0259259 0.00164585
9 0.25651 0.0773148 0.0119792 0.0509259 0.00166259
0 0.442969 0.087963 0.0140625 0.0277778 0.00167509
2 0.363542 0.0685185 0.0114583 0.0203704 0.0016825
0 0.994531 0.259722 0.00989583 0.186111 0.00170149
2 0.994531 0.375926 0.00989583 0.15 0.00170838
11 0.60599 0.0601852 0.00989583 0.0240741 0.00171807
13 0.985937 0.519444 0.0270833 0.177778 0.00183668
2 0.297917 0.106019 0.0833333 0.0898148 0.00223784
13 0.0255208 0.365278 0.0510417 0.0564815 0.00233315
0 0.73099 0.372222 0.0244792 0.0277778 0.00236402
0 0.263542 0.104167 0.00833333 0.0509259 0.00242906
9 0.252604 0.087037 0.0135417 0.0351852 0.00260491
9 0.293229 0.0523148 0.009375 0.0453704 0.00281845
2 0.783333 0.109259 0.0364583 0.0462963 0.00283517
7 0.146094 0.0893519 0.0682292 0.0787037 0.00293405
0 0.757031 0.374074 0.0192708 0.0314815 0.00301009
2 0.411979 0.110185 0.28125 0.0759259 0.00303471
0 0.266406 0.0986111 0.0109375 0.0527778 0.00304206
0 0.3625 0.0699074 0.009375 0.0231481 0.00335901
9 0.26276 0.087037 0.0078125 0.0351852 0.00356461
1 0.0130208 0.366667 0.0260417 0.0481481 0.00396507
2 0.594531 0.110185 0.299479 0.0648148 0.00420743
9 0.577083 0.0324074 0.015625 0.0592593 0.00434839
9 0.582552 0.0347222 0.0130208 0.0546296 0.00441773
0 0.75651 0.0796296 0.0130208 0.0537037 0.00463306
0 0.71276 0.370833 0.0213542 0.0287037 0.00508237
9 0.108594 0.0263889 0.00989583 0.0342593 0.00550405
2 0.238542 0.140741 0.0177083 0.0407407 0.0059925
2 0.776042 0.115278 0.0208333 0.0305556 0.00625302
12 0.99401 0.496296 0.0109375 0.12963 0.00677231
9 0.502604 0.760648 0.0125 0.0546296 0.00696796
12 0.700521 0.162037 0.0208333 0.0407407 0.00741404
0 0.757552 0.124537 0.0140625 0.0268519 0.00790311
9 0.269792 0.0458333 0.0208333 0.0453704 0.00805803
2 0.479948 0.109722 0.0578125 0.0583333 0.00842641
9 0.571875 0.0310185 0.0135417 0.0583333 0.00865958
0 0.995313 0.324537 0.00833333 0.0435185 0.00996913
2 0.995052 0.328241 0.00885417 0.0509259 0.0104269
5 0.220313 0.0722222 0.0510417 0.062963 0.0108388
9 0.442448 0.087963 0.0130208 0.0259259 0.010927
1 0.00442708 0.405556 0.00885417 0.0925926 0.0132252
12 0.69401 0.161574 0.00885417 0.037963 0.0139054
7 0.220052 0.0712963 0.0505208 0.062963 0.0143856
2 0.271615 0.111111 0.0151042 0.037037 0.0150869
2 0.785677 0.0893519 0.0161458 0.0231481 0.0165666
9 0.269271 0.0268519 0.0208333 0.05 0.0208943
9 0.207813 0.0675926 0.0208333 0.0444444 0.0220572
13 0.0145833 0.394907 0.0291667 0.115741 0.022999
1 0.0200521 0.394907 0.0401042 0.113889 0.0315529
9 0.567448 0.0476852 0.0078125 0.0231481 0.0466631
0 0.634896 0.148611 0.009375 0.0546296 0.0588926
2 0.46276 0.112963 0.0151042 0.0388889 0.0660161
2 0.295052 0.107407 0.0328125 0.0833333 0.0870393
7 0.297656 0.107407 0.0401042 0.0833333 0.139099
2 0.480469 0.109722 0.0203125 0.0453704 0.242926
2 0.470573 0.109722 0.0286458 0.0435185 0.306718
2 0.322135 0.0884259 0.0390625 0.0398148 0.315091
2 0.627604 0.12037 0.025 0.05 0.413227
2 0.505729 0.10463 0.0427083 0.062963 0.542512
10 0.203906 0.316667 0.0161458 0.0722222 0.606286
2 0.31849 0.120833 0.0505208 0.0712963 0.716844
11 0.729167 0.0430556 0.0270833 0.0564815 0.821001
2 0.384115 0.15463 0.0557292 0.0777778 0.862526
2 0.378906 0.281481 0.0890625 0.124074 0.887777
2 0.745833 0.190741 0.128125 0.111111 0.909125
2 0.729688 0.418981 0.122917 0.171296 0.911362
