9 0.244271 0.0819444 0.00729167 0.0324074 0.0010086
12 0.692187 0.162963 0.00833333 0.037037 0.00102129
2 0.263281 0.103704 0.00885417 0.05 0.00102135
7 0.145833 0.0898148 0.0677083 0.0740741 0.00103212
7 0.509375 0.0986111 0.0364583 0.0712963 0.00104857
0 0.58099 0.926389 0.0244792 0.141667 0.00106291
0 0.361458 0.0773148 0.009375 0.0361111 0.00108322
2 0.774219 0.120833 0.0203125 0.0398148 0.0011464
9 0.21901 0.102778 0.00989583 0.037037 0.00115194
2 0.6375 0.144907 0.0177083 0.0601852 0.00115478
13 0.952604 0.418056 0.09375 0.143519 0.0011574
12 0.701823 0.161574 0.0203125 0.0435185 0.00118599
2 0.267448 0.0986111 0.0109375 0.0546296 0.00127894
9 0.360938 0.0657407 0.0114583 0.0222222 0.00134303
9 0.263021 0.0888889 0.00833333 0.0407407 0.00138877
58 0.952083 0.182407 0.0947917 0.357407 0.00140647
13 0.0135417 0.395833 0.0270833 0.112037 0.00146522
2 0.572917 0.424537 0.6625 0.176852 0.0015275
2 0.328646 0.0976852 0.0552083 0.0694444 0.00153782
11 0.739583 0.0648148 0.0145833 0.0203704 0.00161082
0 0.709635 0.371759 0.0192708 0.0287037 0.00168808
12 0.980729 0.498148 0.0375 0.133333 0.0017759
2 0.00390625 0.415741 0.0078125 0.0722222 0.00178425
2 0.44401 0.106944 0.0192708 0.0305556 0.00186825
12 0.702083 0.139352 0.0229167 0.0842593 0.00192444
13 0.00364583 0.4125 0.00729167 0.0787037 0.00194637
9 0.27526 0.0421296 0.0359375 0.0805556 0.0020282
9 0.236979 0.0685185 0.0135417 0.0425926 0.00203922
2 0.3 0.108333 0.0947917 0.0907407 0.00208634
13 0.986458 0.518056 0.0260417 0.175 0.00212686
13 0.970312 0.520833 0.0583333 0.189815 0.00221914
11 0.236979 0.0680556 0.0166667 0.0435185 0.0022458
2 0.292188 0.0694444 0.0104167 0.0166667 0.00230052
2 0.238542 0.139815 0.01875 0.0407407 0.00247885
2 0.53776 0.113889 0.283854 0.0759259 0.00263851
11 0.60625 0.0592593 0.009375 0.0259259 0.00277755
32 0.454167 0.313889 0.00833333 0.0148148 0.00279673
1 0.0117188 0.369444 0.0234375 0.062963 0.00286686
2 0.444531 0.113889 0.148438 0.0722222 0.00287873
9 0.265885 0.0361111 0.0234375 0.0685185 0.00290461
1 0.00833333 0.396759 0.0166667 0.106481 0.00294528
9 0.214323 0.0611111 0.0338542 0.0574074 0.00301055
9 0.293229 0.0546296 0.00833333 0.0407407 0.00408179
12 0.994271 0.516204 0.0104167 0.171296 0.00449992
58 0.967969 0.495833 0.0286458 0.087963 0.00491156
2 0.303646 0.122685 0.034375 0.062037 0.00518916
9 0.502344 0.75787 0.0140625 0.0564815 0.00628648
9 0.993229 0.493519 0.0125 0.125926 0.00713996
9 0.207031 0.0662037 0.0182292 0.0416667 0.0085281
2 0.591927 0.125 0.0192708 0.0259259 0.00868273
0 0.286979 0.113426 0.015625 0.0712963 0.00935963
2 0.786719 0.0884259 0.0171875 0.0231481 0.00944484
2 0.442708 0.0865741 0.0135417 0.0268519 0.00999412
2 0.296615 0.103241 0.0265625 0.0675926 0.0104479
2 0.28776 0.116667 0.0130208 0.0574074 0.0123305
2 0.271094 0.112037 0.0130208 0.0333333 0.0123556
9 0.442708 0.0865741 0.0125 0.0287037 0.0139362
0 0.756771 0.0861111 0.0125 0.0759259 0.0170612
9 0.219792 0.0893519 0.009375 0.0157407 0.0176729
9 0.26901 0.0208333 0.0192708 0.0361111 0.0207528
0 0.290885 0.118056 0.0109375 0.037963 0.024615
9 0.567187 0.0476852 0.00833333 0.0231481 0.0296208
2 0.348958 0.131481 0.0229167 0.0685185 0.0492441
9 0.222396 0.0583333 0.0114583 0.0351852 0.0704924
0 0.634375 0.146296 0.0114583 0.0574074 0.117813
2 0.34974 0.112963 0.0192708 0.0425926 0.211827
2 0.321875 0.0856481 0.0375 0.0342593 0.240994
2 0.627344 0.121296 0.0255208 0.05 0.253799
2 0.473698 0.111111 0.0359375 0.0462963 0.471246
2 0.509375 0.103241 0.0364583 0.0638889 0.585709
2 0.317708 0.122222 0.0520833 0.0703704 0.703557
11 0.729427 0.0439815 0.0265625 0.0564815 0.753826
2 0.489844 0.15 0.0588542 0.0944444 0.763615
10 0.203906 0.315278 0.0161458 0.0694444 0.7893
2 0.373177 0.182407 0.0744792 0.114815 0.841314
2 0.729688 0.419444 0.122917 0.172222 0.911839
