12 0.99401 0.519444 0.0109375 0.168519 0.00104216
2 0.744792 0.153241 0.021875 0.0194444 0.00116063
9 0.28776 0.0777778 0.00885417 0.0222222 0.00116786
11 0.746094 0.062037 0.0619792 0.122222 0.00124131
0 0.263021 0.100926 0.00833333 0.0555556 0.00135834
9 0.415885 0.0115741 0.0161458 0.0231481 0.00146287
0 0.539323 0.289815 0.533854 0.474074 0.00147252
9 0.284896 0.0708333 0.015625 0.037963 0.00148018
2 0.267708 0.10463 0.009375 0.0462963 0.00150226
2 0.416667 0.0208333 0.0177083 0.0287037 0.00150747
1 0.00390625 0.393056 0.0078125 0.113889 0.0015598
2 0.435417 0.106944 0.335417 0.0972222 0.00159692
13 0.971094 0.524074 0.0567708 0.17963 0.00173176
11 0.240365 0.0319444 0.0213542 0.0601852 0.00186636
2 0.77474 0.122222 0.0192708 0.0425926 0.00190736
2 0.444271 0.106481 0.05 0.0462963 0.00193263
2 0.602344 0.421759 0.698438 0.180556 0.00198368
2 0.238021 0.140741 0.0177083 0.0425926 0.00199493
2 0.363281 0.0666667 0.0119792 0.0203704 0.0020121
2 0.467969 0.0217593 0.0213542 0.0194444 0.00227725
9 0.576563 0.0347222 0.0166667 0.0675926 0.00242833
2 0.327865 0.10463 0.0796875 0.0944444 0.00255802
9 0.965885 0.502315 0.0244792 0.0768519 0.00266179
9 0.2375 0.0694444 0.0135417 0.0407407 0.00271707
0 0.757552 0.374537 0.0182292 0.0287037 0.00272679
9 0.585156 0.0375 0.0140625 0.0601852 0.00274567
12 0.702344 0.161111 0.0192708 0.0444444 0.00300741
9 0.591927 0.0449074 0.0109375 0.0453704 0.00306324
0 0.732031 0.372222 0.0317708 0.0296296 0.00323986
9 0.254948 0.0875 0.0130208 0.0361111 0.00327406
32 0.454167 0.312963 0.00833333 0.0166667 0.00346462
7 0.971354 0.526852 0.05625 0.196296 0.00362002
9 0.258073 0.0768519 0.0109375 0.0537037 0.00381394
7 0.213021 0.0606481 0.0333333 0.0546296 0.00402287
9 0.292969 0.0555556 0.00989583 0.0407407 0.00406141
2 0.592188 0.126389 0.01875 0.0231481 0.00448362
12 0.972917 0.498148 0.0385417 0.122222 0.00453699
9 0.213542 0.0615741 0.0333333 0.0527778 0.00471412
0 0.3625 0.0689815 0.009375 0.0287037 0.00530835
9 0.291927 0.0666667 0.00989583 0.0222222 0.0057068
9 0.263021 0.0902778 0.00833333 0.0398148 0.00578886
12 0.702083 0.139815 0.0229167 0.087037 0.00580154
9 0.548177 0.0513889 0.0109375 0.025 0.00597838
9 0.994271 0.499074 0.0104167 0.131481 0.00609045
9 0.983854 0.49537 0.0197917 0.12037 0.0064257
0 0.715885 0.371296 0.0223958 0.0259259 0.00748149
9 0.266406 0.0949074 0.00989583 0.0453704 0.00751234
0 0.757552 0.118519 0.0130208 0.0407407 0.00808509
0 0.443229 0.0986111 0.01875 0.0490741 0.00825462
9 0.118229 0.0212963 0.0208333 0.0388889 0.0085526
2 0.292708 0.115278 0.0125 0.0453704 0.00894109
9 0.443229 0.0888889 0.0145833 0.0277778 0.00977019
9 0.219271 0.10463 0.0114583 0.0425926 0.0104218
9 0.973177 0.497685 0.0369792 0.123148 0.0106432
2 0.786198 0.0884259 0.0171875 0.0212963 0.0113071
9 0.223177 0.0555556 0.0140625 0.0444444 0.0118923
11 0.60625 0.0597222 0.0104167 0.025 0.0127107
9 0.28151 0.0875 0.00572917 0.0231481 0.0129279
9 0.559896 0.0314815 0.0270833 0.0592593 0.0162842
0 0.757292 0.0921296 0.0135417 0.0898148 0.0164274
9 0.565625 0.0384259 0.0104167 0.0453704 0.0250611
9 0.219531 0.0884259 0.00885417 0.0138889 0.026326
0 0.634635 0.149074 0.00989583 0.0518519 0.0353607
2 0.4875 0.10787 0.0145833 0.0490741 0.0544982
9 0.500781 0.602315 0.0140625 0.0416667 0.0559169
9 0.502865 0.760648 0.0119792 0.0546296 0.0905757
2 0.4625 0.111111 0.0135417 0.0407407 0.0938729
9 0.26901 0.0356481 0.0223958 0.0657407 0.0986866
9 0.567187 0.0476852 0.00833333 0.025 0.114992
2 0.479948 0.109259 0.0234375 0.0444444 0.277791
2 0.322135 0.0861111 0.0390625 0.0351852 0.347099
2 0.627604 0.121759 0.025 0.0527778 0.425054
2 0.50599 0.103704 0.0432292 0.062963 0.533029
11 0.729688 0.0430556 0.0270833 0.0583333 0.581932
2 0.318229 0.121296 0.0520833 0.0703704 0.685549
10 0.203906 0.315278 0.0161458 0.0694444 0.82402
2 0.38776 0.169444 0.0630208 0.0851852 0.856669
2 0.729948 0.418981 0.122396 0.173148 0.907481
