58 0.96849 0.494907 0.0307292 0.0861111 0.00100324
10 0.230208 0.366667 0.0322917 0.153704 0.00102145
32 0.454688 0.315741 0.00833333 0.0166667 0.0010358
2 0.773177 0.112037 0.0171875 0.0314815 0.00104209
0 0.367708 0.516204 0.110417 0.449074 0.0010685
2 0.4625 0.0949074 0.08125 0.0768519 0.00109107
0 0.341146 0.943056 0.034375 0.110185 0.00109479
10 0.214323 0.314815 0.0307292 0.0592593 0.00116748
2 0.794792 0.0861111 0.0322917 0.0240741 0.0011697
7 0.323438 0.0592593 0.0479167 0.062963 0.00130762
9 0.236719 0.0699074 0.0182292 0.0472222 0.00130852
2 0.566927 0.421759 0.719271 0.182407 0.00136497
0 0.756771 0.374537 0.0208333 0.0342593 0.00138067
2 0.254167 0.087037 0.0166667 0.0351852 0.0014222
2 0.277083 0.111111 0.028125 0.062963 0.00149589
12 0.995313 0.53287 0.00833333 0.0416667 0.00166002
1 0.0229167 0.395833 0.0458333 0.115741 0.00176196
9 0.257031 0.0791667 0.0151042 0.0509259 0.00180852
2 0.361198 0.0648148 0.0119792 0.0203704 0.0018238
9 0.566667 0.0574074 0.0104167 0.0425926 0.00182925
12 0.701823 0.165278 0.0203125 0.037963 0.00186625
2 0.296354 0.101852 0.0854167 0.0925926 0.00188383
2 0.286719 0.0833333 0.0213542 0.0481481 0.00190246
12 0.691667 0.164815 0.009375 0.0407407 0.00192351
9 0.548177 0.0601852 0.0109375 0.0240741 0.00215304
5 0.451562 0.0634259 0.0510417 0.0398148 0.00215641
12 0.988802 0.499074 0.0213542 0.133333 0.00229899
2 0.593229 0.124537 0.0177083 0.0268519 0.00230358
2 0.53151 0.112037 0.0140625 0.0425926 0.00260944
7 0.277344 0.0662037 0.0390625 0.126852 0.00268965
0 0.715885 0.371759 0.0244792 0.0287037 0.00270737
2 0.99375 0.518981 0.0114583 0.173148 0.00302773
1 0.0046875 0.463889 0.009375 0.22963 0.00305335
2 0.388281 0.106481 0.235938 0.0796296 0.00340456
2 0.561979 0.108333 0.225 0.0703704 0.00345913
1 0.0046875 0.369444 0.009375 0.1 0.00352086
2 0.778385 0.101389 0.0265625 0.0453704 0.00366205
0 0.232552 0.320833 0.0234375 0.0601852 0.00377783
7 0.989062 0.519907 0.0208333 0.189815 0.00379315
7 0.970573 0.528241 0.0578125 0.206481 0.00393827
11 0.60599 0.0601852 0.00989583 0.0240741 0.00404169
0 0.995573 0.32963 0.0078125 0.0537037 0.0043059
0 0.266667 0.099537 0.0114583 0.0546296 0.00457336
9 0.50026 0.602778 0.0151042 0.0388889 0.00469425
1 0.220313 0.411111 0.0375 0.114815 0.00486396
9 0.263021 0.0902778 0.00833333 0.0398148 0.00576947
2 0.238542 0.141667 0.01875 0.0407407 0.00596428
1 0.0125 0.366667 0.025 0.0444444 0.00633002
2 0.814323 0.075463 0.0171875 0.0157407 0.00642268
9 0.361979 0.0689815 0.00833333 0.025 0.00683945
9 0.211719 0.0652778 0.0286458 0.0509259 0.00869203
9 0.58125 0.0356481 0.0125 0.0564815 0.00911898
2 0.270573 0.108333 0.0140625 0.0407407 0.0116297
12 0.994531 0.498611 0.00989583 0.137963 0.0142358
7 0.220313 0.0675926 0.05 0.0611111 0.0148089
5 0.21875 0.0652778 0.04375 0.0583333 0.0148282
0 0.75651 0.0930556 0.0151042 0.0805556 0.0151234
2 0.635156 0.146296 0.0109375 0.0555556 0.017484
24 0.235156 0.334259 0.0161458 0.0537037 0.0194916
0 0.635417 0.147685 0.009375 0.0527778 0.0197592
0 0.44349 0.0888889 0.0140625 0.0333333 0.020147
9 0.574219 0.0310185 0.0151042 0.0601852 0.0233975
1 0.23125 0.398148 0.0291667 0.0962963 0.0247131
9 0.26875 0.0356481 0.0229167 0.0675926 0.0282146
1 0.00416667 0.40463 0.00833333 0.0944444 0.0296863
1 0.0101562 0.396759 0.0203125 0.112037 0.0314337
2 0.321354 0.0532407 0.0239583 0.0212963 0.0475671
2 0.785677 0.0875 0.0130208 0.0231481 0.0620822
9 0.567448 0.0481481 0.0078125 0.0240741 0.0711538
2 0.341667 0.0694444 0.0114583 0.0240741 0.0912313
2 0.29974 0.0662037 0.0171875 0.025 0.0996897
2 0.292969 0.111111 0.0276042 0.0759259 0.129773
2 0.322396 0.0893519 0.0395833 0.0287037 0.149593
2 0.325781 0.0671296 0.0411458 0.037963 0.193513
7 0.451562 0.0652778 0.0510417 0.0342593 0.234277
2 0.451823 0.0657407 0.0505208 0.0351852 0.384482
2 0.627083 0.122222 0.0260417 0.0518519 0.440623
1 0.229427 0.416204 0.0171875 0.102778 0.496548
2 0.472917 0.107407 0.034375 0.0481481 0.50096
2 0.505729 0.104167 0.0427083 0.062037 0.701772
2 0.31875 0.120833 0.0510417 0.0731481 0.774662
0 0.230729 0.36713 0.0322917 0.15463 0.792913
10 0.204167 0.315278 0.015625 0.0694444 0.802816
11 0.728906 0.0425926 0.0276042 0.0555556 0.826504
2 0.729688 0.419444 0.122917 0.172222 0.916657
