9 0.499479 0.601852 0.0135417 0.0388889 0.00101841
12 0.702344 0.126389 0.0213542 0.0601852 0.00105707
2 0.263021 0.099537 0.0104167 0.0583333 0.0011292
32 0.453906 0.313889 0.00885417 0.0148148 0.00121199
13 0.00390625 0.403241 0.0078125 0.0953704 0.00123896
2 0.530729 0.1125 0.0135417 0.0435185 0.00124028
9 0.415365 0.0101852 0.0161458 0.0203704 0.00125523
9 0.241667 0.0740741 0.0104167 0.05 0.00129235
1 0.00911458 0.400463 0.0182292 0.106481 0.00129455
2 0.602344 0.426852 0.696354 0.185185 0.00130775
9 0.279167 0.0708333 0.034375 0.136111 0.0013117
12 0.988281 0.5 0.0223958 0.137037 0.00132065
9 0.429688 0.0412037 0.00833333 0.0361111 0.00137205
13 0.970573 0.57037 0.0578125 0.0814815 0.00152593
9 0.548177 0.0527778 0.0109375 0.0222222 0.00153723
2 0.641406 0.150926 0.0223958 0.062963 0.00157641
9 0.430469 0.0291667 0.00989583 0.0231481 0.00171929
2 0.655729 0.151852 0.0520833 0.0592593 0.00174108
9 0.260938 0.0648148 0.0135417 0.0518519 0.00177104
2 0.428906 0.114352 0.303646 0.0805556 0.0018194
9 0.236719 0.0671296 0.0161458 0.0435185 0.00184192
2 0.294531 0.109259 0.101562 0.0925926 0.00187228
13 0.952604 0.423611 0.0947917 0.141667 0.00189803
12 0.701563 0.164352 0.0197917 0.0398148 0.00193107
9 0.217969 0.0662037 0.0453125 0.0509259 0.00199926
0 0.816406 0.2375 0.00989583 0.0305556 0.00202899
2 0.548177 0.114352 0.223438 0.0768519 0.0020947
7 0.970573 0.52963 0.0578125 0.211111 0.00212799
13 0.992969 0.51713 0.0130208 0.171296 0.00234875
7 0.788281 0.0523148 0.0265625 0.0861111 0.00235904
9 0.581771 0.0342593 0.0166667 0.062963 0.00240962
2 0.285156 0.0768519 0.0171875 0.0277778 0.00249946
0 0.284375 0.0986111 0.0114583 0.0564815 0.00250855
7 0.21276 0.0578704 0.0338542 0.0583333 0.00293878
0 0.756771 0.0898148 0.0145833 0.0796296 0.00324377
0 0.757812 0.0722222 0.0114583 0.0444444 0.003588
0 0.717188 0.371759 0.0239583 0.0268519 0.00360947
2 0.59349 0.126389 0.0161458 0.0231481 0.00373506
9 0.266927 0.0976852 0.0109375 0.0546296 0.00379556
1 0.0046875 0.381019 0.009375 0.0601852 0.00391546
13 0.970573 0.519907 0.0578125 0.178704 0.00395892
9 0.263281 0.0898148 0.00885417 0.0388889 0.00422485
12 0.692708 0.1625 0.00833333 0.0435185 0.00427173
2 0.444792 0.114352 0.0229167 0.025 0.00433242
5 0.213281 0.0597222 0.0338542 0.0564815 0.00460214
9 0.99349 0.505093 0.0119792 0.15463 0.00486887
9 0.502083 0.75787 0.0135417 0.0583333 0.00498198
9 0.261979 0.0486111 0.0145833 0.0435185 0.00500898
11 0.236458 0.0648148 0.0166667 0.037037 0.005028
2 0.363021 0.0666667 0.0125 0.0259259 0.00514238
9 0.292448 0.050463 0.00885417 0.0435185 0.00521932
12 0.994271 0.496296 0.0104167 0.135185 0.00545185
9 0.208333 0.0657407 0.0229167 0.0444444 0.00559354
2 0.442187 0.0865741 0.0135417 0.025 0.00567145
2 0.291146 0.0712963 0.0114583 0.0148148 0.00632988
2 0.605469 0.0587963 0.00989583 0.0268519 0.00749866
2 0.238281 0.140278 0.0182292 0.0416667 0.00786899
2 0.271094 0.108333 0.0140625 0.0388889 0.00826888
9 0.573438 0.0310185 0.015625 0.0601852 0.00867171
2 0.784896 0.0893519 0.0145833 0.0212963 0.0100413
1 0.0114583 0.362963 0.0229167 0.062963 0.0103083
2 0.345573 0.0944444 0.00989583 0.0259259 0.0104908
9 0.217969 0.103241 0.0078125 0.0398148 0.0111791
9 0.458073 0.0652778 0.00677083 0.025 0.0113351
2 0.463021 0.1125 0.0166667 0.0398148 0.0118898
2 0.34375 0.113426 0.0854167 0.0694444 0.0119077
9 0.21875 0.0606481 0.0208333 0.0435185 0.0135752
0 0.635156 0.148611 0.00989583 0.0527778 0.0172656
7 0.29401 0.107407 0.0286458 0.0833333 0.0180757
2 0.634896 0.146759 0.0114583 0.0564815 0.0260803
9 0.566927 0.0472222 0.0078125 0.0240741 0.0342952
9 0.21901 0.0898148 0.0078125 0.0148148 0.0383412
2 0.290885 0.1125 0.0234375 0.0694444 0.0564422
9 0.442187 0.0861111 0.0125 0.0240741 0.0701594
9 0.26901 0.0342593 0.0223958 0.0666667 0.0809803
2 0.472917 0.10463 0.03125 0.0388889 0.0935147
2 0.480469 0.0981481 0.0223958 0.0240741 0.183033
2 0.321354 0.0842593 0.0375 0.0333333 0.26254
2 0.627344 0.122222 0.0255208 0.0518519 0.35617
2 0.509375 0.103241 0.0354167 0.0638889 0.504664
2 0.318229 0.121759 0.05 0.0694444 0.734692
2 0.48099 0.150926 0.0567708 0.0814815 0.753661
2 0.36224 0.106019 0.0359375 0.0490741 0.78094
11 0.728906 0.0416667 0.0276042 0.0537037 0.786209
10 0.204167 0.314815 0.0166667 0.0703704 0.789885
2 0.729688 0.418981 0.122917 0.171296 0.89611
