2 0.0125 0.393519 0.025 0.122222 0.00100333
9 0.817448 0.235185 0.0078125 0.037037 0.00103947
32 0.454427 0.314815 0.0078125 0.0148148 0.00104647
9 0.292969 0.0537037 0.00885417 0.037037 0.00105307
9 0.239844 0.0810185 0.0130208 0.0509259 0.00105759
2 0.776042 0.0962963 0.0229167 0.0388889 0.00106983
13 0.961198 0.553241 0.0380208 0.037963 0.00111855
2 0.985156 0.560185 0.0286458 0.122222 0.00113545
2 0.638281 0.125 0.0484375 0.0611111 0.00120453
0 0.752344 0.118056 0.0265625 0.0416667 0.00121433
11 0.239844 0.0342593 0.0213542 0.0666667 0.00121617
9 0.263281 0.0449074 0.0182292 0.0509259 0.00125309
2 0.678646 0.114352 0.128125 0.0787037 0.00127725
1 0.0127604 0.367593 0.0255208 0.0555556 0.00135997
58 0.921094 0.184259 0.157813 0.366667 0.00144694
2 0.78151 0.166204 0.0578125 0.0638889 0.00144968
2 0.815365 0.0685185 0.0151042 0.0148148 0.00147536
2 0.817448 0.234722 0.0078125 0.037963 0.00147552
2 0.654948 0.138426 0.0828125 0.0824074 0.00149008
1 0.0078125 0.139352 0.015625 0.0583333 0.00149249
2 0.03125 0.135185 0.0625 0.116667 0.00156994
0 0.390885 0.161111 0.0213542 0.0296296 0.00159521
2 0.794792 0.0842593 0.0479167 0.0351852 0.00161908
2 0.832292 0.2125 0.0364583 0.0824074 0.00164254
2 0.643229 0.151852 0.025 0.062963 0.00173222
9 0.576823 0.0319444 0.0161458 0.062037 0.00174795
2 0.78099 0.111111 0.0328125 0.0425926 0.00179597
2 0.416146 0.0189815 0.0177083 0.0342593 0.00181089
0 0.263021 0.102778 0.00833333 0.0518519 0.00189522
12 0.7 0.1625 0.021875 0.0435185 0.0019212
0 0.245833 0.105093 0.00833333 0.0324074 0.00203705
2 0.790365 0.102778 0.0515625 0.0592593 0.002122
7 0.301042 0.099537 0.084375 0.0972222 0.00219104
9 0.548437 0.0523148 0.0114583 0.0268519 0.00227966
0 0.442708 0.0856481 0.0145833 0.0268519 0.00235646
2 0.2875 0.0805556 0.0208333 0.0351852 0.00258681
0 0.429167 0.0481481 0.009375 0.0333333 0.00281566
58 0.96849 0.495833 0.0307292 0.087963 0.00287363
2 0.407552 0.10787 0.266146 0.0824074 0.00296446
2 0.269792 0.0532407 0.0197917 0.037963 0.00305145
0 0.750521 0.128241 0.0229167 0.0212963 0.00320986
11 0.236979 0.0675926 0.0166667 0.0425926 0.00321259
2 0.813542 0.075 0.01875 0.0203704 0.00324536
13 0.0143229 0.391667 0.0286458 0.118519 0.00350212
9 0.99349 0.495833 0.0119792 0.130556 0.00357841
2 0.00572917 0.0962963 0.0114583 0.0537037 0.0037276
1 0.0416667 0.16713 0.0364583 0.0564815 0.00384773
1 0.00546875 0.388889 0.0109375 0.12037 0.00416394
2 0.589844 0.109722 0.328646 0.0694444 0.00416422
2 0.238802 0.138426 0.0192708 0.0453704 0.0043197
13 0.990885 0.519907 0.0171875 0.175 0.00463846
0 0.755469 0.0791667 0.0140625 0.0527778 0.00535527
2 0.475521 0.108796 0.0677083 0.0638889 0.00564308
2 0.00416667 0.410185 0.00833333 0.0833333 0.0060677
9 0.570312 0.0310185 0.0135417 0.0583333 0.00624957
2 0.605208 0.0597222 0.0114583 0.025 0.00731184
2 0.592448 0.125 0.0182292 0.0240741 0.00736546
2 0.448438 0.117593 0.0302083 0.0240741 0.00896216
0 0.635156 0.148611 0.00885417 0.0527778 0.00998409
12 0.692708 0.164815 0.0104167 0.0407407 0.0119771
7 0.275781 0.0527778 0.0369792 0.101852 0.0120477
58 0.442187 0.0865741 0.0135417 0.0268519 0.0121212
13 0.970312 0.530093 0.0583333 0.193519 0.0123423
7 0.970573 0.527778 0.0578125 0.2 0.0123425
1 0.0299479 0.153241 0.0598958 0.0861111 0.0135693
2 0.634896 0.143981 0.0104167 0.0490741 0.0148502
2 0.32526 0.0787037 0.0328125 0.0314815 0.0172733
9 0.26901 0.0347222 0.0223958 0.0657407 0.0176928
2 0.271615 0.110185 0.0151042 0.0388889 0.0188835
2 0.786198 0.0884259 0.0161458 0.0268519 0.0201578
5 0.220052 0.0666667 0.0505208 0.062963 0.028467
0 0.757292 0.122685 0.0145833 0.0287037 0.0376352
7 0.21875 0.0638889 0.0489583 0.062963 0.0378763
9 0.567187 0.0481481 0.00833333 0.0240741 0.0428024
2 0.46276 0.111111 0.0130208 0.0425926 0.0862545
2 0.293229 0.107407 0.0302083 0.0833333 0.132111
2 0.320573 0.0888889 0.0380208 0.0388889 0.229134
2 0.480208 0.109259 0.021875 0.0444444 0.23963
2 0.349219 0.0546296 0.0557292 0.0425926 0.288196
7 0.349219 0.0546296 0.0557292 0.0425926 0.372798
7 0.505729 0.103704 0.0427083 0.0648148 0.382513
2 0.627083 0.12037 0.025 0.0481481 0.410407
2 0.505729 0.103704 0.0427083 0.0648148 0.468272
10 0.204167 0.315278 0.015625 0.0712963 0.706197
2 0.31849 0.12037 0.0515625 0.0722222 0.707266
11 0.728906 0.0430556 0.0276042 0.0564815 0.796111
2 0.390104 0.111111 0.046875 0.0666667 0.821573
2 0.382292 0.193056 0.0677083 0.0972222 0.88799
2 0.729688 0.419907 0.122917 0.171296 0.907154
2 0.745833 0.190278 0.128125 0.112037 0.911698
