12 0.988281 0.518056 0.0223958 0.175 0.00102675
0 0.482031 0.489352 0.0161458 0.0324074 0.00104593
2 0.817187 0.23287 0.009375 0.0435185 0.00109434
9 0.547917 0.0587963 0.0104167 0.025 0.00114727
9 0.27526 0.0388889 0.0369792 0.0759259 0.00116315
0 0.43099 0.638889 0.810938 0.537037 0.00121153
9 0.253125 0.0865741 0.0145833 0.0361111 0.00122311
2 0.375521 0.727315 0.0229167 0.141667 0.00122922
1 0.811198 0.332407 0.0182292 0.087037 0.00123839
2 0.65651 0.139352 0.0796875 0.0824074 0.00130601
2 0.53125 0.112963 0.0135417 0.0425926 0.00138519
2 0.79349 0.0847222 0.0380208 0.0287037 0.00151548
0 0.740104 0.371759 0.025 0.0305556 0.00154593
13 0.986198 0.519444 0.0265625 0.175926 0.00157488
1 0.0713542 0.156944 0.0291667 0.0490741 0.0015819
1 0.00572917 0.368056 0.0114583 0.0583333 0.00171994
0 0.754948 0.111574 0.0140625 0.0435185 0.001741
7 0.990625 0.517593 0.0177083 0.181481 0.00176524
2 0.771875 0.11713 0.0145833 0.0361111 0.00178099
0 0.249219 0.671296 0.0234375 0.0518519 0.0018031
0 0.44401 0.0990741 0.0203125 0.05 0.00182546
9 0.26276 0.0898148 0.0078125 0.0425926 0.00185852
2 0.0138021 0.365741 0.0276042 0.0481481 0.00194315
2 0.778906 0.114815 0.0276042 0.0462963 0.00194822
1 0.00364583 0.404167 0.00729167 0.0953704 0.00194833
7 0.789323 0.0652778 0.0276042 0.062037 0.00196066
0 0.995833 0.328704 0.00729167 0.0555556 0.00199627
0 0.29349 0.665741 0.0192708 0.05 0.00199841
12 0.702344 0.134722 0.0234375 0.0768519 0.00200509
9 0.584375 0.0361111 0.0145833 0.0518519 0.00207915
2 0.00390625 0.409722 0.0078125 0.0861111 0.00217972
2 0.409635 0.111111 0.278646 0.0814815 0.00239361
0 0.73125 0.372685 0.0239583 0.0287037 0.00239911
9 0.415365 0.00972222 0.0161458 0.0194444 0.00241794
7 0.37474 0.0615741 0.0515625 0.0398148 0.00243301
9 0.578646 0.0319444 0.0135417 0.0564815 0.00244422
9 0.566406 0.0611111 0.0109375 0.0518519 0.00257077
2 0.238802 0.106944 0.0182292 0.037963 0.00262536
9 0.29401 0.0555556 0.00989583 0.037037 0.00274766
2 0.00572917 0.156481 0.0114583 0.0407407 0.00275869
0 0.757812 0.374074 0.01875 0.0314815 0.0030672
2 0.813542 0.0763889 0.0177083 0.0175926 0.00313129
2 0.573698 0.110185 0.235938 0.0685185 0.00320279
0 0.263281 0.102778 0.0078125 0.0518519 0.0033072
11 0.236979 0.0671296 0.0177083 0.0416667 0.00335675
2 0.0403646 0.149074 0.0807292 0.0777778 0.00359829
0 0.266667 0.0990741 0.0125 0.0592593 0.00376682
0 0.315365 0.664352 0.0484375 0.0527778 0.00380579
2 0.592188 0.125926 0.0177083 0.0240741 0.00389965
1 0.0523437 0.153241 0.0609375 0.0675926 0.00492511
2 0.269531 0.0513889 0.0192708 0.0324074 0.00513186
12 0.692187 0.165741 0.00833333 0.0388889 0.00515819
2 0.238802 0.142593 0.0192708 0.037037 0.00524967
2 0.291146 0.0726852 0.0166667 0.0175926 0.00570354
2 0.442969 0.0861111 0.0140625 0.0240741 0.00718763
2 0.270052 0.110185 0.0130208 0.0388889 0.00726878
9 0.208333 0.0662037 0.0239583 0.0490741 0.00749103
9 0.269531 0.0217593 0.0203125 0.037963 0.00828559
0 0.267969 0.666204 0.0473958 0.0546296 0.00852996
2 0.60599 0.0606481 0.00989583 0.0231481 0.00936026
5 0.220833 0.0685185 0.05 0.0611111 0.0102395
12 0.99375 0.504167 0.0114583 0.147222 0.0108606
0 0.332552 0.661574 0.0453125 0.0527778 0.0110882
0 0.756771 0.0851852 0.0125 0.0666667 0.0121237
9 0.571094 0.0319444 0.0119792 0.0583333 0.0121874
0 0.71276 0.372685 0.0203125 0.0268519 0.0122762
2 0.0205729 0.14537 0.0411458 0.0648148 0.012987
7 0.220313 0.0662037 0.0510417 0.0712963 0.0162832
10 0.442969 0.087963 0.0130208 0.0259259 0.0170967
0 0.635417 0.147222 0.009375 0.05 0.0215161
2 0.635417 0.145833 0.0104167 0.0546296 0.0219967
2 0.486719 0.107407 0.0140625 0.05 0.0220924
9 0.502344 0.760648 0.0130208 0.0546296 0.0242348
2 0.786198 0.0898148 0.0161458 0.0222222 0.02812
9 0.567187 0.0486111 0.00833333 0.025 0.101547
2 0.298698 0.107407 0.0401042 0.0851852 0.113642
2 0.4625 0.111111 0.0145833 0.0407407 0.125333
7 0.297917 0.106944 0.040625 0.0842593 0.143749
2 0.472656 0.109259 0.0328125 0.0444444 0.324537
2 0.322396 0.087963 0.0375 0.0388889 0.38755
2 0.627344 0.121296 0.0255208 0.05 0.39469
2 0.375 0.0662037 0.0510417 0.0305556 0.40758
2 0.50599 0.105093 0.0432292 0.062037 0.618507
2 0.31849 0.121759 0.0494792 0.0712963 0.714383
10 0.204167 0.316667 0.015625 0.0703704 0.774776
11 0.728906 0.0435185 0.0265625 0.0574074 0.796334
2 0.729948 0.419907 0.122396 0.171296 0.912507
2 0.3 0.726389 0.176042 0.265741 0.937863
