2 0.614062 0.0782407 0.0354167 0.0694444 0.00105228
2 0.219271 0.102315 0.053125 0.0435185 0.00116486
2 0.797656 0.074537 0.0348958 0.0361111 0.00119819
7 0.970833 0.526389 0.0572917 0.202778 0.00122574
2 0.807292 0.0699074 0.0135417 0.0175926 0.00128971
9 0.277604 0.0768519 0.0385417 0.15 0.00130696
9 0.219531 0.101852 0.0109375 0.0388889 0.0013337
11 0.239583 0.0375 0.021875 0.0712963 0.00134349
0 0.263281 0.101389 0.00989583 0.0546296 0.00139221
13 0.99375 0.517593 0.0114583 0.17037 0.0014094
2 0.640365 0.125 0.0494792 0.0555556 0.00141911
2 0.221615 0.125926 0.0536458 0.0703704 0.00143878
7 0.272135 0.0467593 0.0276042 0.0898148 0.00147338
2 0.227083 0.102778 0.0270833 0.037037 0.00155586
9 0.582552 0.0351852 0.0151042 0.0611111 0.00156312
2 0.544792 0.106944 0.4125 0.0824074 0.00168618
2 0.811979 0.075 0.0197917 0.0203704 0.00169188
1 0.00416667 0.398611 0.00833333 0.106481 0.00172499
9 0.239323 0.0763889 0.0151042 0.0527778 0.00185295
9 0.576823 0.0333333 0.0140625 0.0648148 0.0018746
9 0.110156 0.024537 0.0109375 0.0361111 0.00195458
2 0.289062 0.0976852 0.0822917 0.0990741 0.00207493
2 0.592448 0.123148 0.0182292 0.0314815 0.00213635
2 0.774219 0.114815 0.0192708 0.0333333 0.00223333
2 0.00390625 0.408796 0.0078125 0.0861111 0.00225901
2 0.447917 0.115741 0.0302083 0.0240741 0.00228765
12 0.702344 0.139352 0.0203125 0.0861111 0.00239606
9 0.488802 0.980093 0.0151042 0.037963 0.00240084
9 0.291406 0.0657407 0.0119792 0.0222222 0.00247373
9 0.990104 0.502778 0.01875 0.138889 0.00255199
0 0.758333 0.375 0.0166667 0.0277778 0.00256681
13 0.970573 0.518981 0.0578125 0.176852 0.00261418
9 0.548177 0.0523148 0.0109375 0.0231481 0.00266529
2 0.780208 0.105093 0.03125 0.0527778 0.00277668
12 0.96276 0.497222 0.0171875 0.0722222 0.00287759
2 0.275 0.115278 0.0229167 0.0546296 0.00294952
2 0.426042 0.107407 0.19375 0.0740741 0.00324174
0 0.729948 0.371759 0.0276042 0.0287037 0.00333129
2 0.00625 0.0907407 0.0125 0.0444444 0.00334987
9 0.558594 0.0287037 0.0255208 0.0555556 0.00343715
5 0.219792 0.0782407 0.0520833 0.0731481 0.00392286
9 0.253646 0.0861111 0.015625 0.037037 0.00408815
5 0.215104 0.0583333 0.0375 0.0555556 0.00468727
7 0.219792 0.0648148 0.0510417 0.0666667 0.00475721
9 0.257292 0.075463 0.0114583 0.0490741 0.0047647
0 0.755208 0.0902778 0.015625 0.0842593 0.00484266
12 0.986719 0.492593 0.0234375 0.118519 0.00486736
2 0.791667 0.0861111 0.0197917 0.0203704 0.00498676
9 0.29349 0.0546296 0.00989583 0.0407407 0.00513154
11 0.23724 0.0671296 0.0161458 0.0416667 0.00550766
9 0.442448 0.0861111 0.0140625 0.0240741 0.00587484
2 0.785156 0.0888889 0.0192708 0.0203704 0.00591237
9 0.266406 0.0930556 0.0109375 0.0453704 0.00756708
12 0.973698 0.494907 0.0380208 0.119444 0.00879739
2 0.238542 0.141204 0.01875 0.0398148 0.00914018
9 0.220313 0.0888889 0.009375 0.0166667 0.00935931
2 0.605469 0.0587963 0.0109375 0.0268519 0.00975069
0 0.715625 0.369907 0.0229167 0.0268519 0.012141
2 0.416667 0.0189815 0.01875 0.0361111 0.0124853
12 0.994792 0.489352 0.009375 0.119444 0.0126762
2 0.336458 0.0652778 0.0145833 0.0175926 0.0128604
9 0.263021 0.087963 0.009375 0.0351852 0.0132949
2 0.34349 0.0550926 0.0286458 0.0324074 0.0175537
2 0.270573 0.111574 0.0130208 0.0324074 0.018485
9 0.20625 0.0643518 0.015625 0.0361111 0.0185862
2 0.442708 0.0847222 0.0145833 0.0231481 0.0196788
9 0.566927 0.0310185 0.0130208 0.0583333 0.0217625
0 0.634115 0.147685 0.0130208 0.0527778 0.0283267
2 0.461979 0.110185 0.0135417 0.0388889 0.033406
9 0.567187 0.0472222 0.009375 0.0240741 0.0474017
9 0.222396 0.0578704 0.0125 0.0361111 0.0482916
7 0.29401 0.109259 0.0307292 0.0814815 0.0526307
9 0.26901 0.0347222 0.0223958 0.0657407 0.109571
9 0.500521 0.602315 0.015625 0.0398148 0.137423
2 0.291667 0.111574 0.0260417 0.0768519 0.144553
9 0.502604 0.759259 0.0125 0.0555556 0.177152
7 0.360417 0.0541667 0.0479167 0.037963 0.198983
2 0.322135 0.0865741 0.0380208 0.037963 0.279079
2 0.627604 0.121759 0.025 0.0509259 0.377686
2 0.361719 0.0541667 0.0453125 0.037963 0.393399
7 0.50599 0.103241 0.0432292 0.062037 0.429944
2 0.50599 0.102778 0.0432292 0.062963 0.441827
2 0.473177 0.10787 0.0338542 0.0453704 0.484099
2 0.318229 0.120833 0.0510417 0.0694444 0.703315
2 0.393229 0.103241 0.0447917 0.0583333 0.749191
11 0.729427 0.0412037 0.0276042 0.0546296 0.778701
10 0.203906 0.314815 0.0161458 0.0685185 0.818201
2 0.730208 0.418056 0.121875 0.175 0.911052
