2 0.771615 0.114352 0.0140625 0.0324074 0.00102055
9 0.292969 0.0527778 0.00989583 0.0351852 0.00110122
9 0.5 0.603704 0.0145833 0.0388889 0.00113707
2 0.650521 0.149537 0.040625 0.0601852 0.00127378
13 0.969271 0.564815 0.0552083 0.0703704 0.00128887
9 0.588802 0.0407407 0.0151042 0.0444444 0.00131661
0 0.757031 0.118981 0.0130208 0.037963 0.00133013
1 0.810156 0.327315 0.0192708 0.0861111 0.00133859
12 0.701302 0.164815 0.0213542 0.037037 0.00134844
2 0.295573 0.103241 0.0796875 0.0935185 0.00137704
2 0.255469 0.087963 0.0192708 0.037037 0.0013996
2 0.229687 0.134259 0.0364583 0.0555556 0.00141506
13 0.00494792 0.406944 0.00989583 0.087963 0.0015226
2 0.00520833 0.40787 0.0104167 0.087963 0.00153246
32 0.454427 0.315278 0.0078125 0.0138889 0.00157688
2 0.798437 0.0851852 0.0229167 0.0222222 0.00162144
2 0.273958 0.1125 0.0208333 0.0564815 0.00186932
1 0.0046875 0.407407 0.009375 0.087037 0.00195963
58 0.96849 0.497222 0.0296875 0.0833333 0.00205254
2 0.779427 0.103241 0.0286458 0.0490741 0.00208844
2 0.484635 0.115278 0.388021 0.0861111 0.00212855
0 0.717188 0.370833 0.0260417 0.0287037 0.00259826
11 0.2375 0.0694444 0.0166667 0.0462963 0.00259872
7 0.98125 0.520833 0.0364583 0.186111 0.00286809
0 0.263021 0.101852 0.009375 0.0555556 0.00287309
9 0.263802 0.0907407 0.00885417 0.0407407 0.0031152
2 0.236458 0.106019 0.0166667 0.0453704 0.00347639
10 0.196875 0.29537 0.03125 0.116667 0.00354567
2 0.99401 0.518519 0.0109375 0.17037 0.00363869
9 0.994271 0.517593 0.0104167 0.172222 0.00378731
9 0.58099 0.0337963 0.0151042 0.0601852 0.00398858
2 0.592708 0.123148 0.0166667 0.0296296 0.00414292
12 0.702344 0.139352 0.0234375 0.0842593 0.00424561
12 0.690104 0.168519 0.0114583 0.0314815 0.00435752
13 0.970312 0.519444 0.0572917 0.168519 0.00489416
9 0.3625 0.0685185 0.009375 0.0259259 0.00498349
12 0.693229 0.165278 0.00729167 0.0361111 0.00548926
2 0.53151 0.112037 0.0140625 0.0425926 0.00552352
12 0.99401 0.512963 0.0109375 0.164815 0.00553996
2 0.265625 0.0972222 0.0104167 0.0518519 0.00574459
11 0.60651 0.0606481 0.00989583 0.025 0.00581327
9 0.502865 0.760648 0.0130208 0.0527778 0.0061938
2 0.269792 0.10463 0.0125 0.0481481 0.0078535
0 0.995573 0.328241 0.0078125 0.0564815 0.00865854
2 0.814323 0.074537 0.0182292 0.0157407 0.00960928
2 0.816927 0.231019 0.00989583 0.0472222 0.00988742
2 0.817708 0.0689815 0.0125 0.0101852 0.0114118
0 0.758594 0.0712963 0.0109375 0.0388889 0.0117552
0 0.634896 0.147685 0.009375 0.0509259 0.0155376
9 0.573958 0.0310185 0.0145833 0.0601852 0.0169659
9 0.269271 0.0347222 0.0208333 0.062037 0.0173552
2 0.480469 0.110185 0.0203125 0.0537037 0.0199075
2 0.634896 0.14537 0.0104167 0.0537037 0.0208804
2 0.44349 0.087963 0.0161458 0.0277778 0.0221129
7 0.220833 0.0666667 0.05 0.0722222 0.0224784
5 0.221094 0.0685185 0.0494792 0.0666667 0.0287776
2 0.785677 0.0898148 0.0140625 0.0222222 0.0303063
2 0.238802 0.141204 0.0182292 0.0398148 0.0367745
9 0.567448 0.0481481 0.0078125 0.0240741 0.0748586
7 0.296615 0.106481 0.0348958 0.0833333 0.113096
2 0.297135 0.106944 0.0338542 0.0824074 0.154519
2 0.322135 0.0856481 0.0380208 0.0361111 0.248583
2 0.627604 0.121759 0.025 0.0509259 0.424881
2 0.318229 0.120833 0.0510417 0.0731481 0.695022
2 0.507552 0.10463 0.0401042 0.062963 0.709951
11 0.728906 0.0435185 0.0265625 0.0555556 0.809676
10 0.204167 0.316204 0.0166667 0.0712963 0.823609
2 0.465365 0.112963 0.0463542 0.0611111 0.824646
2 0.730208 0.419444 0.122917 0.17037 0.909223
