0 0.376563 0.894907 0.0489583 0.0805556 0.00103824
9 0.558073 0.0305556 0.0234375 0.0518519 0.00105609
2 0.688021 0.168981 0.0166667 0.0416667 0.00105744
2 0.509375 0.110648 0.311458 0.0842593 0.00107031
2 0.644271 0.126852 0.059375 0.0648148 0.00107101
0 0.352083 0.873611 0.0677083 0.0842593 0.00108171
0 0.28151 0.899074 0.0661458 0.0814815 0.00111126
9 0.263021 0.0861111 0.00833333 0.0314815 0.00111198
1 0.08125 0.163426 0.103125 0.0768519 0.00112057
2 0.99375 0.520833 0.0114583 0.165741 0.00112203
0 0.757552 0.374537 0.0213542 0.0305556 0.00119934
0 0.729688 0.371296 0.03125 0.0314815 0.00124775
9 0.253125 0.0865741 0.0135417 0.0305556 0.0012549
9 0.257292 0.0694444 0.009375 0.0407407 0.00127176
2 0.778125 0.119444 0.0270833 0.0518519 0.00129799
9 0.459896 0.0671296 0.009375 0.0268519 0.00130814
2 0.00703125 0.1625 0.0140625 0.0472222 0.00140315
0 0.0971354 0.139815 0.0151042 0.0351852 0.00143033
58 0.92526 0.184722 0.149479 0.360185 0.00143671
2 0.339583 0.0777778 0.0145833 0.0277778 0.00150096
9 0.36276 0.0439815 0.00989583 0.0305556 0.00153167
1 0.00729167 0.164815 0.0145833 0.0481481 0.00155211
13 0.00364583 0.412037 0.00729167 0.0796296 0.00160448
2 0.789844 0.106481 0.0494792 0.0592593 0.00161475
0 0.128125 0.160648 0.0104167 0.062037 0.00168557
13 0.971094 0.527315 0.0567708 0.187963 0.00169633
9 0.558333 0.050463 0.0166667 0.0231481 0.00176455
9 0.268229 0.0412037 0.01875 0.0527778 0.00181295
1 0.808594 0.337037 0.0244792 0.103704 0.00182069
0 0.755469 0.0731481 0.0109375 0.0388889 0.00192312
0 0.266146 0.100463 0.0114583 0.0527778 0.00196616
2 0.29375 0.110185 0.0760417 0.0851852 0.00202467
0 0.263021 0.108796 0.009375 0.0435185 0.00214882
9 0.566927 0.0310185 0.0161458 0.0583333 0.00221663
2 0.51901 0.108796 0.159896 0.062037 0.00223457
2 0.60625 0.0601852 0.009375 0.0240741 0.00224163
2 0.661979 0.15 0.0666667 0.0685185 0.00234671
11 0.239844 0.0351852 0.0213542 0.0666667 0.0023935
2 0.592969 0.127778 0.0161458 0.0222222 0.00247787
11 0.2375 0.0689815 0.0166667 0.0453704 0.00251427
9 0.995573 0.531482 0.0078125 0.037037 0.00262801
2 0.776302 0.110185 0.0213542 0.0259259 0.00289502
1 0.108073 0.160185 0.0494792 0.0685185 0.00302574
9 0.502604 0.761574 0.0125 0.0527778 0.00308549
9 0.208333 0.0685185 0.0239583 0.0444444 0.00319096
2 0.442969 0.0898148 0.0171875 0.0351852 0.00325325
7 0.222656 0.0569444 0.0557292 0.0805556 0.00326238
2 0.238802 0.141204 0.0192708 0.0416667 0.00334053
0 0.75625 0.0935185 0.0125 0.0777778 0.00334204
9 0.269531 0.0550926 0.0182292 0.0324074 0.0033995
7 0.528646 0.0962963 0.0208333 0.062963 0.00376268
12 0.692448 0.166204 0.00885417 0.0398148 0.00380382
9 0.565104 0.0439815 0.0104167 0.0342593 0.00410572
9 0.269792 0.0217593 0.0197917 0.037963 0.00423966
2 0.373698 0.112963 0.175521 0.0722222 0.00434577
7 0.971615 0.52963 0.0557292 0.201852 0.00436584
9 0.221094 0.087963 0.0109375 0.0148148 0.00444121
2 0.476042 0.109722 0.0729167 0.0527778 0.00495964
9 0.967448 0.496296 0.0265625 0.087037 0.00526363
2 0.814583 0.0759259 0.0177083 0.0166667 0.0055191
0 0.707812 0.371759 0.0197917 0.0287037 0.00580047
9 0.500781 0.601852 0.0161458 0.0407407 0.00587626
0 0.716406 0.370833 0.0244792 0.0287037 0.00601766
0 0.334635 0.891204 0.0317708 0.0527778 0.00625217
7 0.21276 0.0648148 0.0348958 0.0574074 0.00661306
2 0.785937 0.0902778 0.0145833 0.0212963 0.00887129
2 0.4125 0.110648 0.0625 0.0527778 0.00929092
2 0.634896 0.148611 0.0114583 0.0490741 0.00937114
5 0.220833 0.0680556 0.05 0.0527778 0.0102585
0 0.635417 0.149074 0.0104167 0.0462963 0.010324
62 0.713021 0.723148 0.0677083 0.0851852 0.0106647
9 0.995052 0.493056 0.00885417 0.125 0.0120999
9 0.976823 0.499537 0.0442708 0.126852 0.013192
2 0.271094 0.111574 0.0130208 0.037963 0.0174284
9 0.567187 0.0486111 0.00833333 0.0231481 0.018199
0 0.44349 0.0875 0.0119792 0.0287037 0.0228448
0 0.309635 0.887037 0.0661458 0.0703704 0.0231826
9 0.115365 0.0236111 0.0151042 0.037963 0.0275168
2 0.447135 0.106944 0.0244792 0.0361111 0.0296913
0 0.360417 0.886111 0.040625 0.0555556 0.0422534
0 0.271875 0.893519 0.0364583 0.0574074 0.0643896
7 0.294271 0.111574 0.0291667 0.0768519 0.070379
2 0.46224 0.111111 0.0140625 0.0425926 0.179685
2 0.303125 0.062037 0.025 0.0333333 0.184291
2 0.527865 0.0810185 0.0223958 0.0342593 0.316624
2 0.292969 0.114815 0.0265625 0.0722222 0.319532
2 0.627604 0.120833 0.025 0.0509259 0.320488
2 0.322656 0.0861111 0.0359375 0.0351852 0.328438
2 0.474479 0.109259 0.034375 0.0462963 0.409941
2 0.50625 0.103241 0.0427083 0.0657407 0.415593
7 0.50651 0.103704 0.0432292 0.0666667 0.477467
7 0.702083 0.7625 0.229167 0.39537 0.657703
2 0.31875 0.123148 0.05 0.0666667 0.744227
11 0.729427 0.0421296 0.0276042 0.0546296 0.755177
10 0.203906 0.316667 0.0171875 0.0722222 0.768369
2 0.419792 0.110185 0.03125 0.0425926 0.848937
2 0.3125 0.880093 0.241667 0.234259 0.897378
2 0.730208 0.419444 0.122917 0.17037 0.904568
