11 0.239844 0.0328704 0.0203125 0.0583333 0.00101429
2 0.0151042 0.118981 0.0302083 0.0268519 0.00103069
9 0.228385 0.0657407 0.0338542 0.0462963 0.00105322
2 0.56224 0.110648 0.192188 0.0768519 0.00105619
9 0.415365 0.00833333 0.0151042 0.0166667 0.00109179
1 0.0447917 0.176389 0.084375 0.0731481 0.0012073
9 0.817187 0.235185 0.00833333 0.037037 0.00124587
2 0.778906 0.107407 0.0286458 0.0555556 0.00124956
0 0.757552 0.0726852 0.00989583 0.0398148 0.00125246
1 0.00729167 0.373611 0.0145833 0.156481 0.00125657
2 0.684375 0.363889 0.0302083 0.0518519 0.00128309
2 0.21849 0.131944 0.0598958 0.062037 0.00128571
62 0.647917 0.5625 0.0583333 0.0731481 0.00128857
12 0.691146 0.164815 0.0104167 0.0425926 0.00140283
9 0.107552 0.0342593 0.0109375 0.0333333 0.00140634
0 0.26276 0.106944 0.00989583 0.0472222 0.00141948
1 0.105208 0.143519 0.0354167 0.0518519 0.00147832
11 0.2375 0.0685185 0.015625 0.0425926 0.00155642
2 0.294271 0.12963 0.021875 0.0574074 0.00158706
1 0.0734375 0.151852 0.04375 0.0518519 0.00163222
1 0.121875 0.166667 0.028125 0.0444444 0.00163316
12 0.98724 0.492593 0.0182292 0.112963 0.00176686
9 0.253906 0.0847222 0.0140625 0.0342593 0.00180715
2 0.434115 0.110185 0.0671875 0.0444444 0.00181042
0 0.757292 0.0916667 0.0114583 0.0777778 0.00185176
9 0.261719 0.050463 0.0151042 0.0416667 0.00188621
9 0.263021 0.0842593 0.00833333 0.0296296 0.00190527
2 0.639844 0.126389 0.0494792 0.0601852 0.00197477
9 0.502344 0.759259 0.0109375 0.0555556 0.0019846
32 0.454167 0.316204 0.00729167 0.0157407 0.00201039
2 0.273958 0.113889 0.0208333 0.0518519 0.00209491
2 0.53125 0.111574 0.0135417 0.0435185 0.00209668
2 0.298438 0.0981481 0.0427083 0.0833333 0.00216576
9 0.225 0.0592593 0.0166667 0.0388889 0.00221263
2 0.0179687 0.153704 0.0359375 0.0851852 0.00222203
1 0.0263021 0.171296 0.0171875 0.0407407 0.00227109
32 0.460938 0.357407 0.0114583 0.0148148 0.0023148
2 0.00364583 0.4125 0.00729167 0.0824074 0.00233136
1 0.00364583 0.411574 0.00729167 0.0805556 0.00238205
2 0.683854 0.393056 0.0302083 0.0990741 0.00248463
9 0.995052 0.491204 0.00885417 0.115741 0.00253799
2 0.267188 0.099537 0.0114583 0.0509259 0.00275305
0 0.555729 0.664815 0.00625 0.0259259 0.00276913
9 0.567187 0.0328704 0.0125 0.0546296 0.00281441
9 0.990365 0.498148 0.0182292 0.124074 0.00297428
2 0.59349 0.127315 0.0171875 0.025 0.0029861
2 0.663281 0.152315 0.0640625 0.0675926 0.003003
2 0.366146 0.108333 0.161458 0.0740741 0.00334273
2 0.616406 0.1125 0.0473958 0.0527778 0.00351422
0 0.707812 0.37037 0.0229167 0.0333333 0.00368427
9 0.219271 0.0861111 0.0145833 0.0185185 0.0037224
12 0.994792 0.487963 0.009375 0.111111 0.00372366
2 0.814583 0.0759259 0.0166667 0.0166667 0.00393637
2 0.775 0.113889 0.01875 0.0259259 0.00401236
1 0.0380208 0.159722 0.0520833 0.0675926 0.0041598
1 0.00729167 0.169444 0.0145833 0.05 0.00456709
1 0.0789063 0.164815 0.115104 0.0833333 0.00501116
9 0.257031 0.0712963 0.00989583 0.0388889 0.00600126
0 0.0966146 0.135648 0.0119792 0.0398148 0.00625935
9 0.207292 0.0675926 0.0239583 0.0444444 0.00632034
9 0.111198 0.0287037 0.0130208 0.0333333 0.00667006
2 0.444271 0.103241 0.0177083 0.0416667 0.00694905
2 0.486979 0.108333 0.0625 0.05 0.0072628
11 0.60599 0.0606481 0.00989583 0.0231481 0.00824851
33 0.647656 0.561574 0.0578125 0.0675926 0.00826503
7 0.220573 0.0671296 0.0505208 0.0583333 0.00860622
9 0.442708 0.0884259 0.0125 0.0268519 0.00892997
1 0.108073 0.158333 0.0536458 0.0666667 0.00902078
2 0.270052 0.110185 0.0119792 0.0388889 0.00921245
0 0.635677 0.147685 0.00989583 0.0490741 0.00983739
0 0.717708 0.372222 0.0197917 0.0296296 0.0101108
2 0.635417 0.146296 0.0114583 0.0518519 0.0109873
1 0.0174479 0.170833 0.0348958 0.0564815 0.0110094
9 0.500781 0.601852 0.0161458 0.0444444 0.0114725
5 0.219271 0.0671296 0.046875 0.0527778 0.0133339
2 0.497656 0.0939815 0.0338542 0.0527778 0.014193
2 0.786198 0.0902778 0.0140625 0.0194444 0.0171552
7 0.299479 0.0981481 0.0354167 0.0814815 0.0181486
2 0.17474 0.975926 0.349479 0.0407407 0.0200471
2 0.238542 0.139352 0.01875 0.0435185 0.0205443
9 0.269531 0.0351852 0.0213542 0.0648148 0.0282884
9 0.115625 0.0259259 0.0125 0.0333333 0.0320971
2 0.442708 0.0865741 0.0145833 0.0268519 0.0547748
9 0.567187 0.0486111 0.009375 0.0231481 0.0585878
2 0.509115 0.075463 0.0338542 0.0268519 0.0726491
2 0.295052 0.110648 0.0255208 0.0546296 0.0800018
2 0.469792 0.111111 0.0270833 0.0425926 0.134667
2 0.46224 0.114352 0.0130208 0.0361111 0.150281
2 0.322656 0.087963 0.0369792 0.0333333 0.194454
2 0.261198 0.979167 0.176563 0.0361111 0.23483
2 0.304688 0.0717593 0.0260417 0.0342593 0.238415
2 0.522396 0.0768519 0.0208333 0.0333333 0.255719
7 0.505729 0.103704 0.0427083 0.0648148 0.290959
2 0.48125 0.109259 0.0270833 0.0462963 0.323168
2 0.50599 0.108333 0.0421875 0.0555556 0.397967
2 0.628125 0.122222 0.025 0.0518519 0.425831
2 0.729948 0.418981 0.122396 0.169444 0.668848
2 0.31875 0.122222 0.05 0.0703704 0.712084
11 0.729688 0.0425926 0.0270833 0.0555556 0.733321
10 0.203646 0.316204 0.0177083 0.0712963 0.768232
2 0.414323 0.112037 0.0307292 0.0407407 0.865144
7 0.638281 0.601852 0.191146 0.32963 0.900841
