10 0.20026 0.294907 0.0234375 0.112037 0.00101232
1 0.0111979 0.390278 0.0223958 0.117593 0.00109406
0 0.57526 0.731944 0.0328125 0.0342593 0.00109732
9 0.976302 0.496759 0.0453125 0.132407 0.00113333
13 0.0122396 0.397222 0.0244792 0.107407 0.00113633
12 0.702083 0.145833 0.0229167 0.075 0.0011646
58 0.00963542 0.397685 0.0192708 0.106481 0.00128241
7 0.219271 0.0814815 0.0572917 0.109259 0.00131677
9 0.27474 0.0462963 0.0359375 0.0907407 0.00138566
13 0.00598958 0.400463 0.0119792 0.0990741 0.0014031
12 0.692708 0.162963 0.00729167 0.0388889 0.00142609
2 0.2625 0.099537 0.0104167 0.0583333 0.00142641
0 0.73125 0.372685 0.028125 0.0287037 0.00143548
9 0.439844 0.223611 0.0119792 0.0212963 0.00143635
2 0.77526 0.114352 0.0213542 0.037963 0.00146098
0 0.817448 0.237037 0.00885417 0.037037 0.00146475
13 0.99375 0.517593 0.0114583 0.174074 0.00150688
2 0.420833 0.110648 0.308333 0.0824074 0.00153565
9 0.2625 0.0907407 0.00833333 0.0444444 0.00175438
9 0.236979 0.0680556 0.015625 0.0453704 0.00177865
0 0.75625 0.373148 0.021875 0.0351852 0.00182184
2 0.28724 0.0759259 0.0171875 0.0277778 0.00184983
32 0.453906 0.313426 0.0078125 0.0157407 0.00208143
2 0.238021 0.141204 0.01875 0.0398148 0.00231662
9 0.439323 0.205093 0.0130208 0.0509259 0.00232755
2 0.565365 0.111111 0.265104 0.0722222 0.00233112
2 0.466406 0.111111 0.101562 0.0666667 0.00244515
7 0.993229 0.516667 0.0125 0.174074 0.002721
9 0.548177 0.0532407 0.0109375 0.025 0.00272354
9 0.361979 0.0699074 0.00833333 0.0231481 0.00282304
2 0.207813 0.103704 0.0364583 0.0388889 0.0028703
0 0.715625 0.372685 0.025 0.025 0.00301658
2 0.445833 0.11713 0.025 0.0194444 0.00305555
7 0.272135 0.049537 0.0296875 0.0990741 0.00312945
2 0.592188 0.123148 0.0177083 0.0296296 0.00321404
13 0.970833 0.518519 0.0572917 0.177778 0.0032328
9 0.569792 0.0314815 0.0125 0.0574074 0.00335294
0 0.28724 0.113889 0.0161458 0.0703704 0.00347496
2 0.255469 0.087037 0.0223958 0.0388889 0.00401203
9 0.50026 0.602315 0.0151042 0.0416667 0.0041004
2 0.291146 0.0703704 0.0125 0.0148148 0.00415343
7 0.78724 0.0643518 0.0244792 0.062037 0.00450011
9 0.269531 0.0305556 0.0223958 0.0592593 0.00452702
2 0.267188 0.0967593 0.0114583 0.0564815 0.00455026
11 0.236979 0.0652778 0.015625 0.037963 0.00467451
2 0.269531 0.049537 0.0192708 0.0361111 0.00498073
58 0.968229 0.493056 0.0302083 0.0861111 0.00503702
2 0.269531 0.109259 0.0130208 0.0388889 0.00623629
2 0.442187 0.0865741 0.0135417 0.025 0.00626521
5 0.213281 0.0611111 0.0338542 0.0592593 0.00638411
7 0.970833 0.521296 0.0572917 0.192593 0.00649674
0 0.596615 0.731481 0.0505208 0.0388889 0.00651344
9 0.992969 0.498611 0.0130208 0.137963 0.00716604
9 0.213542 0.0597222 0.0322917 0.0564815 0.007182
9 0.218229 0.101389 0.00833333 0.0361111 0.00732813
9 0.292708 0.0532407 0.00833333 0.0435185 0.00747438
0 0.665885 0.726852 0.0505208 0.0388889 0.00824702
2 0.634896 0.139352 0.0114583 0.0490741 0.00891713
0 0.75625 0.0875 0.0135417 0.075 0.00922902
2 0.785677 0.0884259 0.0151042 0.0231481 0.0130867
7 0.213021 0.0615741 0.0364583 0.062037 0.0136341
2 0.296354 0.104167 0.03125 0.075 0.0205623
9 0.566667 0.0472222 0.00833333 0.0240741 0.0221099
2 0.60599 0.0597222 0.00989583 0.0268519 0.0246493
7 0.295833 0.105556 0.0322917 0.0814815 0.0248191
9 0.442448 0.0865741 0.0130208 0.025 0.0370758
2 0.490365 0.107407 0.0203125 0.05 0.0463588
9 0.21875 0.0912037 0.00833333 0.0157407 0.0466232
2 0.4625 0.110648 0.0135417 0.0416667 0.124984
2 0.321875 0.0865741 0.0375 0.0361111 0.294581
2 0.477604 0.109259 0.0260417 0.0444444 0.365303
2 0.627083 0.120833 0.0260417 0.0509259 0.432767
2 0.505469 0.103704 0.0442708 0.062963 0.51911
2 0.623698 0.831019 0.252604 0.323148 0.588094
7 0.622917 0.831944 0.253125 0.323148 0.658745
2 0.317969 0.120833 0.0515625 0.0712963 0.705094
11 0.728646 0.0421296 0.0270833 0.0527778 0.756343
10 0.203906 0.314815 0.0161458 0.0703704 0.825773
2 0.729688 0.419907 0.122917 0.171296 0.899952
