1 0.0359375 0.160185 0.0697917 0.0907407 0.00100708
9 0.548177 0.0527778 0.0119792 0.0259259 0.00102371
0 0.75651 0.125926 0.0130208 0.0444444 0.0010424
9 0.272135 0.0402778 0.0296875 0.0787037 0.00105998
0 0.361719 0.0777778 0.0119792 0.0259259 0.00106677
2 0.642448 0.151389 0.0234375 0.062037 0.00115692
58 0.967969 0.499074 0.0286458 0.0814815 0.00116209
0 0.56849 0.90463 0.0213542 0.107407 0.00116274
2 0.79401 0.1 0.0526042 0.0518519 0.00123022
12 0.702344 0.131944 0.0234375 0.0675926 0.00127071
1 0.00807292 0.159722 0.0161458 0.0472222 0.0012781
2 0.817708 0.235648 0.00833333 0.037963 0.00134846
9 0.415365 0.0101852 0.0151042 0.0203704 0.0013589
13 0.961979 0.555093 0.0395833 0.0416667 0.00136309
2 0.463542 0.107407 0.0697917 0.0481481 0.00137196
0 0.08125 0.160648 0.0114583 0.0361111 0.00140457
2 0.578646 0.422685 0.630208 0.178704 0.00152825
2 0.241927 0.105093 0.0130208 0.0361111 0.00153115
58 0.919531 0.181944 0.160938 0.358333 0.00167928
1 0.0046875 0.466667 0.009375 0.218519 0.00174954
9 0.56224 0.050463 0.0182292 0.025 0.00175414
12 0.689323 0.166204 0.0140625 0.0361111 0.00187942
12 0.995052 0.531482 0.00885417 0.0851852 0.00195987
9 0.2375 0.0680556 0.0166667 0.0416667 0.00201977
7 0.970573 0.524074 0.0578125 0.194444 0.00202087
0 0.26276 0.102778 0.00885417 0.0555556 0.00205067
9 0.582292 0.0398148 0.0114583 0.0462963 0.00207916
12 0.702604 0.164352 0.0239583 0.0361111 0.00216103
7 0.990365 0.518981 0.0182292 0.186111 0.00228873
2 0.345833 0.112963 0.0114583 0.0425926 0.00235068
2 0.99375 0.519907 0.0114583 0.165741 0.0023886
2 0.814583 0.0847222 0.015625 0.0287037 0.00249728
2 0.527344 0.106019 0.141146 0.0657407 0.00257217
2 0.774479 0.114352 0.01875 0.0435185 0.00260087
9 0.569792 0.0319444 0.0125 0.0583333 0.00266017
9 0.258333 0.0768519 0.0135417 0.0518519 0.00273498
2 0.592969 0.125463 0.0171875 0.0268519 0.00276314
2 0.46276 0.114352 0.0151042 0.0398148 0.00282337
9 0.114063 0.0236111 0.0166667 0.0435185 0.0028787
12 0.69375 0.164352 0.00729167 0.037963 0.00295231
2 0.341667 0.0902778 0.009375 0.0268519 0.00299088
2 0.44401 0.1125 0.0203125 0.0231481 0.00316559
9 0.363542 0.0694444 0.0125 0.0222222 0.00321679
9 0.263021 0.0875 0.00729167 0.0361111 0.00324093
2 0.995052 0.32963 0.00885417 0.0611111 0.00327921
1 0.0229167 0.180093 0.0458333 0.0805556 0.0034538
2 0.267969 0.100463 0.0119792 0.0583333 0.00362427
9 0.993229 0.512963 0.0125 0.161111 0.00390968
0 0.442969 0.0847222 0.0151042 0.0361111 0.00411
2 0.375 0.112037 0.175 0.0685185 0.00414504
0 0.715365 0.373611 0.0244792 0.0268519 0.00416142
0 0.446875 0.0712963 0.0125 0.0259259 0.00473025
9 0.252865 0.087963 0.0130208 0.0351852 0.00496511
9 0.267969 0.0578704 0.0161458 0.0305556 0.00519842
9 0.109115 0.0282407 0.0119792 0.037963 0.0054925
12 0.99349 0.506944 0.0119792 0.149074 0.00582909
9 0.50026 0.603704 0.0151042 0.0425926 0.00641133
2 0.802083 0.0865741 0.028125 0.0268519 0.00675107
2 0.780208 0.102315 0.0291667 0.0453704 0.0072197
2 0.238542 0.140278 0.01875 0.0435185 0.00882092
9 0.269792 0.0203704 0.0197917 0.0351852 0.00891181
9 0.503125 0.761574 0.0125 0.0527778 0.010483
9 0.209115 0.0671296 0.0265625 0.0453704 0.0120432
2 0.272396 0.110185 0.0135417 0.0388889 0.0152238
2 0.813021 0.0759259 0.0197917 0.0185185 0.0164767
1 0.00442708 0.409722 0.00885417 0.0916667 0.0196071
10 0.442969 0.087963 0.0130208 0.0333333 0.0201162
0 0.756771 0.0884259 0.0135417 0.0694444 0.0230718
0 0.995573 0.326389 0.0078125 0.0527778 0.0257541
2 0.60599 0.0606481 0.00989583 0.025 0.0277856
1 0.0127604 0.39537 0.0255208 0.118519 0.0278523
7 0.220313 0.0652778 0.05 0.0638889 0.028835
5 0.220573 0.0671296 0.0505208 0.062037 0.0297969
0 0.635677 0.148148 0.00989583 0.0481481 0.0324765
2 0.635156 0.146296 0.0109375 0.0518519 0.0329948
9 0.567187 0.0486111 0.00833333 0.0231481 0.0684835
2 0.786198 0.0907407 0.0161458 0.0240741 0.0939527
7 0.473437 0.0680556 0.0416667 0.0361111 0.167901
2 0.29974 0.106481 0.0411458 0.0814815 0.173457
2 0.321094 0.0888889 0.0390625 0.0314815 0.205818
7 0.299219 0.106481 0.0411458 0.0814815 0.229306
2 0.473958 0.0685185 0.0395833 0.0333333 0.304612
2 0.472396 0.110185 0.0333333 0.0444444 0.435501
2 0.627604 0.122685 0.0260417 0.0509259 0.483311
2 0.507031 0.105093 0.0411458 0.062037 0.554283
2 0.31875 0.12037 0.0510417 0.0722222 0.616714
10 0.203906 0.315741 0.0161458 0.0722222 0.755435
11 0.729167 0.0430556 0.0270833 0.0546296 0.773451
2 0.365885 0.113426 0.0348958 0.0398148 0.831484
2 0.729688 0.418519 0.122917 0.172222 0.917161
