1 0.810938 0.331481 0.0197917 0.0907407 0.00102617
2 0.808854 0.0763889 0.025 0.0231481 0.0010347
9 0.966927 0.500926 0.0255208 0.0833333 0.00106125
2 0.80026 0.0819444 0.0401042 0.0342593 0.00107668
0 0.995833 0.328704 0.00729167 0.0518519 0.00107987
0 0.258854 0.0976852 0.01875 0.0694444 0.00110081
2 0.285677 0.0810185 0.0286458 0.0509259 0.00110542
7 0.971094 0.528241 0.0567708 0.197222 0.00111873
0 0.689844 0.165741 0.0130208 0.0407407 0.00116075
13 0.971094 0.525463 0.0567708 0.184259 0.00122109
9 0.591667 0.0430556 0.0114583 0.0398148 0.00128898
9 0.563021 0.0314815 0.0260417 0.0611111 0.00130885
2 0.592188 0.128241 0.01875 0.0231481 0.00136302
2 0.641146 0.126852 0.053125 0.0611111 0.00138155
11 0.220313 0.0532407 0.0541667 0.0842593 0.00139587
2 0.461979 0.105556 0.0510417 0.0518519 0.0014885
12 0.973698 0.495833 0.0401042 0.119444 0.00151858
2 0.796354 0.0657407 0.0395833 0.062963 0.00152092
2 0.773698 0.115741 0.0171875 0.0296296 0.00161866
2 0.00572917 0.0925926 0.0114583 0.0518519 0.00164236
0 0.757552 0.375 0.0182292 0.0296296 0.00181032
2 0.238802 0.141667 0.0182292 0.0407407 0.00185523
11 0.240625 0.0347222 0.0229167 0.0675926 0.00199329
2 0.784635 0.0888889 0.0119792 0.0203704 0.00216998
9 0.294531 0.0550926 0.00989583 0.0361111 0.00226765
11 0.739323 0.0675926 0.0171875 0.0277778 0.00226791
2 0.792708 0.0865741 0.021875 0.025 0.00232499
9 0.260938 0.0398148 0.0135417 0.062963 0.00245182
9 0.25625 0.0787037 0.0114583 0.0481481 0.00245803
0 0.197135 0.741667 0.143229 0.496296 0.0024615
2 0.655469 0.141204 0.0807292 0.0861111 0.00252526
9 0.252865 0.0856481 0.0130208 0.037963 0.0027001
0 0.730469 0.37037 0.0338542 0.0314815 0.00270151
9 0.207552 0.0689815 0.0234375 0.0416667 0.00276497
2 0.410417 0.106944 0.288542 0.0712963 0.00281179
9 0.269531 0.0574074 0.0192708 0.0351852 0.00337571
13 0.0125 0.36713 0.025 0.0453704 0.0034778
11 0.236458 0.0671296 0.01875 0.0416667 0.00394949
11 0.60599 0.0601852 0.00885417 0.0259259 0.0040059
0 0.263281 0.102315 0.00885417 0.0546296 0.00401793
2 0.265885 0.0967593 0.0119792 0.0546296 0.00424737
9 0.2625 0.0875 0.00833333 0.037963 0.00439141
7 0.278646 0.0712963 0.0427083 0.137037 0.00454
9 0.97474 0.498148 0.0401042 0.125926 0.00475831
9 0.500781 0.602778 0.0151042 0.0388889 0.0057156
1 0.00859375 0.39537 0.0171875 0.114815 0.00575256
9 0.995313 0.490278 0.00833333 0.119444 0.00650376
13 0.0140625 0.394907 0.028125 0.113889 0.00822624
2 0.00390625 0.401389 0.0078125 0.0990741 0.00863555
32 0.460938 0.357407 0.0104167 0.0148148 0.00893985
2 0.46276 0.113889 0.0161458 0.0351852 0.00968166
0 0.757812 0.0865741 0.0125 0.075 0.0107403
0 0.713542 0.370833 0.0208333 0.0268519 0.0118037
2 0.302604 0.0824074 0.034375 0.0351852 0.0118938
9 0.567187 0.0486111 0.009375 0.025 0.0119658
13 0.00390625 0.401852 0.0078125 0.0981481 0.0124127
9 0.270052 0.0222222 0.0203125 0.0388889 0.0126941
2 0.271354 0.110185 0.0145833 0.0388889 0.0143033
0 0.00390625 0.395833 0.0078125 0.110185 0.0159435
19 0.442969 0.0888889 0.0130208 0.0277778 0.0179512
5 0.219792 0.0666667 0.0520833 0.0592593 0.0182259
0 0.635417 0.148611 0.009375 0.0509259 0.0211008
32 0.454427 0.314815 0.00677083 0.012963 0.0255002
0 0.442969 0.0986111 0.0151042 0.0472222 0.0273781
7 0.219271 0.0634259 0.0510417 0.0601852 0.0400268
2 0.46901 0.110648 0.0244792 0.0416667 0.0687448
9 0.502604 0.760648 0.0114583 0.0546296 0.153368
2 0.298958 0.108796 0.0385417 0.0824074 0.178492
2 0.478906 0.109259 0.0255208 0.0444444 0.182864
2 0.627865 0.122222 0.0244792 0.0518519 0.212789
2 0.322917 0.0865741 0.0385417 0.0361111 0.3999
2 0.360417 0.0569444 0.01875 0.0361111 0.484753
2 0.384375 0.0606481 0.040625 0.0416667 0.64621
2 0.50625 0.104167 0.0427083 0.062037 0.664761
11 0.729948 0.0435185 0.0265625 0.0592593 0.716293
2 0.31849 0.121296 0.0505208 0.0722222 0.737356
10 0.203906 0.316667 0.0171875 0.0703704 0.744045
2 0.549219 0.267593 0.0859375 0.12037 0.834202
2 0.729688 0.418981 0.122917 0.171296 0.906362
