2 0.364062 0.0666667 0.0114583 0.0203704 0.00107616
9 0.440104 0.212037 0.0135417 0.0648148 0.00107783
0 0.634635 0.167593 0.0161458 0.107407 0.00108733
12 0.701563 0.154167 0.0197917 0.0546296 0.00108829
2 0.0122396 0.531482 0.0244792 0.0907407 0.0011129
1 0.177083 0.479167 0.025 0.087963 0.00115383
2 0.297917 0.128241 0.01875 0.0601852 0.00116609
0 0.816927 0.234722 0.00885417 0.037963 0.00118358
2 0.255469 0.0861111 0.0223958 0.0425926 0.00119849
9 0.360938 0.0662037 0.0104167 0.0212963 0.00120449
58 0.967969 0.494444 0.0286458 0.0833333 0.00121054
9 0.219792 0.106019 0.0114583 0.0435185 0.00123028
9 0.292188 0.0550926 0.00833333 0.0361111 0.00129661
1 0.0244792 0.361111 0.0479167 0.0388889 0.00132611
2 0.814323 0.0768519 0.0182292 0.0166667 0.00134077
2 0.58151 0.422222 0.535937 0.196296 0.00138244
7 0.459375 0.111111 0.379167 0.0981481 0.0014471
0 0.00963542 0.350463 0.0192708 0.108333 0.00150041
9 0.570052 0.0310185 0.0119792 0.0564815 0.00153271
0 0.0205729 0.3875 0.0390625 0.115741 0.00153997
24 0.0388021 0.47037 0.0276042 0.0611111 0.00154312
1 0.0789063 0.505556 0.0078125 0.0185185 0.00158735
12 0.99401 0.518056 0.0109375 0.173148 0.00161891
13 0.970052 0.569444 0.0567708 0.0740741 0.00162334
2 0.773438 0.106944 0.0177083 0.0268519 0.00164428
1 0.0549479 0.490741 0.0213542 0.0592593 0.00168281
7 0.270312 0.0824074 0.021875 0.0851852 0.00181431
2 0.198698 0.243056 0.0223958 0.0157407 0.00187977
0 0.141667 0.406019 0.283333 0.243519 0.00189021
0 0.0138021 0.544444 0.0276042 0.0833333 0.00195287
0 0.361719 0.0694444 0.00885417 0.0259259 0.00221374
9 0.501823 0.759259 0.0130208 0.0555556 0.00226188
0 0.755469 0.087963 0.0151042 0.0759259 0.00234063
0 0.728906 0.372685 0.0296875 0.0287037 0.00246887
0 0.411198 0.351852 0.0661458 0.0592593 0.00249761
7 0.219271 0.062037 0.053125 0.0944444 0.00256939
32 0.453906 0.313889 0.00885417 0.012963 0.00257609
0 0.455469 0.640741 0.767187 0.674074 0.0026035
1 0.0140625 0.543519 0.028125 0.0888889 0.00297197
2 0.777604 0.1 0.028125 0.0407407 0.00300728
0 0.16849 0.446296 0.0401042 0.107407 0.00302102
0 0.0119792 0.46713 0.0239583 0.230556 0.00304782
9 0.220573 0.0828704 0.0140625 0.0231481 0.00309524
9 0.269271 0.0476852 0.0197917 0.0361111 0.00318203
7 0.236458 0.0652778 0.015625 0.037963 0.00324335
0 0.00494792 0.471296 0.00989583 0.203704 0.00331311
9 0.49974 0.601852 0.0151042 0.0407407 0.00345765
1 0.0309896 0.429167 0.0390625 0.062037 0.0034664
0 0.263802 0.0930556 0.00885417 0.0527778 0.00367066
2 0.286979 0.0787037 0.0177083 0.0333333 0.00396232
7 0.992969 0.517593 0.0130208 0.172222 0.00399437
0 0.156771 0.52037 0.03125 0.140741 0.00440913
5 0.21276 0.062963 0.0328125 0.0555556 0.00532359
1 0.146094 0.563426 0.0473958 0.112037 0.00545967
0 0.393229 0.359722 0.028125 0.0416667 0.00633372
1 0.0231771 0.395833 0.0463542 0.110185 0.00652902
0 0.716406 0.371759 0.0265625 0.0287037 0.00654697
7 0.27526 0.0722222 0.0390625 0.142593 0.00675091
9 0.99401 0.508796 0.0109375 0.158333 0.00675263
2 0.269792 0.10787 0.0125 0.0398148 0.00690182
7 0.970312 0.520833 0.0583333 0.187963 0.00729028
1 0.00885417 0.552315 0.0177083 0.0638889 0.00759234
2 0.784375 0.0893519 0.0145833 0.0212963 0.00844917
0 0.381771 0.360648 0.0270833 0.0398148 0.00976175
1 0.0104167 0.362963 0.0208333 0.0759259 0.0111824
2 0.605469 0.0592593 0.00989583 0.0277778 0.011189
7 0.2875 0.107407 0.0197917 0.0833333 0.0112588
7 0.21276 0.0625 0.0328125 0.0564815 0.0117051
9 0.26875 0.0208333 0.021875 0.037963 0.0117086
2 0.290625 0.0708333 0.0125 0.0157407 0.011861
0 0.285156 0.106944 0.0140625 0.0768519 0.0127475
9 0.566406 0.0467593 0.00885417 0.0231481 0.0131167
1 0.0976562 0.544444 0.178646 0.116667 0.0131303
1 0.065625 0.525926 0.0322917 0.0759259 0.0136599
24 0.164062 0.446296 0.04375 0.0925926 0.020854
1 0.0309896 0.555093 0.0161458 0.0712963 0.0277993
1 0.178385 0.551389 0.0276042 0.115741 0.0296476
0 0.363802 0.360185 0.0192708 0.0407407 0.0299634
2 0.290625 0.113889 0.0239583 0.0759259 0.0371485
1 0.0505208 0.525926 0.025 0.0851852 0.0408474
2 0.488542 0.10463 0.0208333 0.0555556 0.0538528
1 0.0263021 0.544444 0.0369792 0.111111 0.0592456
0 0.423698 0.359259 0.0348958 0.0425926 0.0729269
0 0.634115 0.14537 0.0119792 0.0537037 0.0800987
1 0.0106771 0.398611 0.0213542 0.102778 0.136602
1 0.00520833 0.410648 0.0104167 0.0824074 0.179244
2 0.627083 0.119907 0.025 0.0509259 0.304599
24 0.157031 0.440278 0.0286458 0.0527778 0.322439
1 0.0429688 0.54213 0.0380208 0.110185 0.326624
2 0.321875 0.0842593 0.0375 0.0351852 0.370636
1 0.161458 0.566204 0.0354167 0.10463 0.398671
7 0.395052 0.428704 0.163021 0.238889 0.431349
2 0.475521 0.106944 0.0291667 0.0472222 0.431779
1 0.0414063 0.556944 0.0192708 0.0787037 0.533892
7 0.505208 0.102778 0.04375 0.062963 0.547934
7 0.44375 0.0944444 0.0447917 0.0722222 0.668193
2 0.395052 0.428241 0.163021 0.237963 0.685307
10 0.204167 0.314815 0.015625 0.0703704 0.713021
2 0.317969 0.120833 0.0515625 0.0694444 0.779193
11 0.728646 0.0407407 0.0270833 0.0518519 0.789242
0 0.165365 0.496759 0.0473958 0.213889 0.83322
0 0.0408854 0.489352 0.0484375 0.15463 0.856655
2 0.729688 0.418056 0.123958 0.169444 0.909366
