9 0.469531 0.411111 0.00989583 0.0296296 0.00100457
9 0.454688 0.314815 0.00833333 0.0148148 0.00104491
9 0.439323 0.199074 0.0130208 0.0444444 0.00104769
9 0.561979 0.049537 0.0208333 0.0268519 0.00106326
12 0.69349 0.162037 0.0078125 0.0407407 0.00106415
2 0.453125 0.105556 0.0458333 0.05 0.00110785
7 0.219792 0.0884259 0.0552083 0.117593 0.00115804
2 0.3 0.12963 0.025 0.0592593 0.00118429
9 0.238281 0.0449074 0.0213542 0.087963 0.00118889
2 0.77474 0.116204 0.0192708 0.0305556 0.00120419
2 0.593229 0.423611 0.6625 0.187963 0.00121391
7 0.970573 0.527778 0.0578125 0.203704 0.00121393
13 0.0138021 0.396759 0.0276042 0.112037 0.00123159
7 0.215885 0.0662037 0.0432292 0.0564815 0.00124715
1 0.0078125 0.369907 0.015625 0.0601852 0.00126175
2 0.273177 0.114815 0.0213542 0.0574074 0.00127535
2 0.659896 0.15 0.0614583 0.062963 0.0013891
9 0.986198 0.50463 0.0265625 0.146296 0.0014387
2 0.59375 0.125463 0.0166667 0.025 0.00145272
13 0.0122396 0.369907 0.0244792 0.0509259 0.00157302
0 0.263021 0.104167 0.009375 0.0509259 0.00158882
5 0.220052 0.0768519 0.0526042 0.0666667 0.00163605
11 0.240625 0.0365741 0.021875 0.0694444 0.00166251
12 0.702083 0.164352 0.01875 0.037963 0.00171334
2 0.225521 0.129167 0.0458333 0.0657407 0.00173171
12 0.967708 0.498611 0.028125 0.0842593 0.00182671
9 0.547396 0.0486111 0.009375 0.0231481 0.00190079
2 0.790104 0.0884259 0.01875 0.0212963 0.00192264
2 0.530208 0.110648 0.383333 0.0787037 0.00192345
9 0.23724 0.0703704 0.0151042 0.0481481 0.00217983
2 0.207813 0.105556 0.0364583 0.0407407 0.00220616
9 0.286198 0.0486111 0.0203125 0.0768519 0.00225555
9 0.252604 0.087037 0.0125 0.037037 0.00227469
13 0.00416667 0.403241 0.00833333 0.0953704 0.00245777
2 0.29349 0.10463 0.0744792 0.0944444 0.00248741
13 0.970833 0.520833 0.0572917 0.178704 0.00259895
9 0.221094 0.10463 0.0130208 0.0407407 0.00282972
9 0.21901 0.0685185 0.0484375 0.05 0.00284909
9 0.557813 0.0222222 0.0260417 0.0444444 0.00291434
12 0.702083 0.137037 0.0229167 0.0796296 0.00296819
2 0.424219 0.110648 0.186979 0.0712963 0.00344728
0 0.730729 0.372222 0.0322917 0.0296296 0.00390952
0 0.757812 0.375 0.0177083 0.0296296 0.0040779
9 0.266406 0.0949074 0.0109375 0.0490741 0.00412772
0 0.172917 0.737963 0.189583 0.490741 0.00440392
9 0.994792 0.494444 0.009375 0.124074 0.00462108
9 0.263281 0.087037 0.00989583 0.0351852 0.00513452
11 0.236979 0.0685185 0.0166667 0.0444444 0.00519691
2 0.783854 0.0916667 0.0135417 0.0185185 0.0057362
9 0.565625 0.0305556 0.0166667 0.0592593 0.00583643
12 0.97526 0.498611 0.0432292 0.126852 0.00585233
9 0.261979 0.0398148 0.0145833 0.062963 0.00629507
0 0.635156 0.148148 0.0109375 0.0518519 0.00658911
2 0.00625 0.0935185 0.0125 0.05 0.00665395
11 0.60599 0.0592593 0.00989583 0.0259259 0.00673472
12 0.994531 0.493056 0.00989583 0.125 0.00744834
0 0.36224 0.0680556 0.00885417 0.0268519 0.00815625
9 0.565625 0.0402778 0.0104167 0.0416667 0.00924896
0 0.44401 0.0990741 0.0182292 0.0481481 0.00942114
2 0.634635 0.14213 0.0119792 0.0453704 0.0101565
9 0.221094 0.087963 0.0109375 0.0185185 0.0127491
0 0.715625 0.371296 0.0229167 0.0259259 0.0136483
2 0.442708 0.0865741 0.0145833 0.025 0.0142113
0 0.443229 0.087963 0.0135417 0.0259259 0.0145498
9 0.500781 0.602778 0.0151042 0.0425926 0.0150001
9 0.207813 0.0680556 0.01875 0.0416667 0.0162406
2 0.271615 0.110648 0.0140625 0.0361111 0.0182858
0 0.75625 0.0921296 0.0135417 0.0842593 0.0195439
2 0.238542 0.140278 0.01875 0.0435185 0.021346
2 0.294271 0.0657407 0.009375 0.0240741 0.0233929
2 0.30651 0.0768519 0.0203125 0.0277778 0.0299189
9 0.567448 0.0476852 0.00885417 0.025 0.0303702
2 0.461198 0.1125 0.0119792 0.0361111 0.0628416
2 0.30026 0.05 0.0140625 0.0240741 0.0811534
9 0.503125 0.760185 0.0114583 0.0555556 0.103243
2 0.292188 0.1125 0.0270833 0.0731481 0.104949
9 0.222656 0.0564815 0.0119792 0.0314815 0.144275
9 0.26901 0.0356481 0.0223958 0.0675926 0.147616
2 0.322135 0.0865741 0.0380208 0.0324074 0.284175
2 0.627604 0.121759 0.025 0.0527778 0.336104
2 0.473698 0.108333 0.0328125 0.0444444 0.441265
2 0.50599 0.103704 0.0432292 0.062963 0.54673
2 0.396094 0.106481 0.0463542 0.0611111 0.687306
2 0.318229 0.120833 0.0510417 0.0712963 0.74392
11 0.729688 0.0425926 0.0270833 0.0537037 0.758884
10 0.203906 0.314352 0.0161458 0.0694444 0.820255
2 0.730208 0.419907 0.122917 0.173148 0.91178
