10 0.201562 0.293056 0.021875 0.113889 0.00106976
9 0.263542 0.0287037 0.01875 0.0537037 0.00108941
0 0.728906 0.371296 0.0348958 0.0314815 0.00112499
12 0.976302 0.499537 0.0453125 0.136111 0.00116388
0 0.642969 0.617593 0.0588542 0.0333333 0.00124424
12 0.9875 0.516667 0.0239583 0.174074 0.00127013
9 0.273958 0.0402778 0.0354167 0.0787037 0.00128968
0 0.675521 0.614815 0.636458 0.505556 0.00129526
9 0.36276 0.0467593 0.0109375 0.0342593 0.0013034
5 0.236458 0.0643518 0.015625 0.0361111 0.0013235
13 0.961979 0.552778 0.0395833 0.0425926 0.00132553
2 0.255729 0.087037 0.0197917 0.0388889 0.00134551
9 0.557292 0.0236111 0.0260417 0.0453704 0.00136119
0 0.756771 0.373611 0.01875 0.0324074 0.00152198
0 0.658333 0.577778 0.009375 0.0296296 0.00154066
7 0.236719 0.0666667 0.0161458 0.0407407 0.00155167
0 0.571354 0.625926 0.0197917 0.0425926 0.00156316
2 0.263021 0.105093 0.00833333 0.0453704 0.00162819
2 0.279948 0.0768519 0.0213542 0.0296296 0.00165693
0 0.263281 0.0944444 0.00989583 0.0518519 0.0016624
0 0.171354 0.107407 0.00833333 0.0351852 0.00177825
2 0.508333 0.110185 0.407292 0.0759259 0.00179069
9 0.502083 0.75787 0.0125 0.0527778 0.00181833
9 0.28776 0.0375 0.0109375 0.0472222 0.00190031
9 0.415104 0.0101852 0.015625 0.0203704 0.00197594
2 0.814583 0.0763889 0.0177083 0.0157407 0.00206415
2 0.464063 0.108333 0.133333 0.0648148 0.00230459
2 0.270833 0.075 0.01875 0.0444444 0.00231402
2 0.292708 0.104167 0.09375 0.0953704 0.00232353
9 0.439063 0.200463 0.0125 0.0564815 0.00243421
9 0.548177 0.0527778 0.0109375 0.0222222 0.00266164
0 0.709635 0.373148 0.0203125 0.0259259 0.00267944
0 0.625 0.626852 0.053125 0.0444444 0.00273721
2 0.605729 0.0583333 0.0104167 0.0259259 0.00274209
9 0.208854 0.0634259 0.021875 0.0435185 0.00292336
13 0.0140625 0.398148 0.028125 0.107407 0.003049
7 0.970833 0.523611 0.0572917 0.19537 0.00305545
2 0.285156 0.101852 0.0130208 0.05 0.00313628
12 0.994271 0.514815 0.0104167 0.17037 0.00318769
2 0.0140625 0.399537 0.028125 0.102778 0.00342202
9 0.291146 0.0472222 0.009375 0.0388889 0.00353695
2 0.407813 0.0976852 0.0229167 0.062037 0.00362661
0 0.717448 0.371296 0.0255208 0.0277778 0.00367152
2 0.530729 0.105556 0.0145833 0.0407407 0.00400799
9 0.220313 0.0888889 0.0104167 0.012963 0.00403405
2 0.816667 0.231019 0.009375 0.0416667 0.0040856
2 0.374479 0.109722 0.179167 0.0787037 0.0043221
9 0.994271 0.506944 0.0104167 0.158333 0.00443792
1 0.009375 0.400463 0.01875 0.100926 0.00446793
0 0.590104 0.634259 0.0489583 0.0555556 0.00530823
9 0.269792 0.0486111 0.01875 0.0342593 0.00565419
2 0.416927 0.10787 0.0807292 0.062037 0.00649505
2 0.297135 0.0847222 0.0223958 0.0435185 0.00677138
7 0.21901 0.0587963 0.0505208 0.0712963 0.00751753
0 0.26901 0.0990741 0.0119792 0.0555556 0.00758503
0 0.755469 0.0925926 0.0151042 0.0796296 0.00790105
9 0.566406 0.0467593 0.00885417 0.0231481 0.00827024
2 0.30599 0.0796296 0.0203125 0.0296296 0.0100038
2 0.00364583 0.413889 0.00729167 0.0722222 0.0100666
2 0.2875 0.116667 0.01875 0.0648148 0.0122479
2 0.785937 0.0851852 0.015625 0.0203704 0.0124982
5 0.220573 0.0615741 0.0484375 0.0601852 0.012523
2 0.363802 0.0699074 0.0119792 0.0231481 0.0141074
9 0.26849 0.0199074 0.0203125 0.0342593 0.0161324
0 0.634115 0.143981 0.0109375 0.0527778 0.0164259
0 0.36224 0.0703704 0.00989583 0.0222222 0.0168296
2 0.270052 0.10787 0.0130208 0.0398148 0.017499
2 0.46276 0.111111 0.0161458 0.0407407 0.0742249
2 0.29349 0.102778 0.0182292 0.0444444 0.261068
2 0.627344 0.119907 0.0244792 0.0527778 0.285374
2 0.322135 0.0847222 0.0359375 0.0342593 0.35293
2 0.473437 0.107407 0.0333333 0.0462963 0.405525
7 0.396354 0.0962963 0.0416667 0.0703704 0.453451
7 0.505208 0.102315 0.0427083 0.0638889 0.463745
2 0.505208 0.101852 0.0427083 0.062963 0.466091
2 0.43151 0.105093 0.0421875 0.0527778 0.554433
10 0.204167 0.313889 0.015625 0.0703704 0.759141
11 0.728646 0.0402778 0.0270833 0.0527778 0.787312
2 0.318229 0.119444 0.0510417 0.0685185 0.788542
2 0.61276 0.706019 0.186979 0.291667 0.857749
2 0.729427 0.417593 0.123438 0.17037 0.907099
