2 0.748958 0.146296 0.021875 0.0351852 0.00107173
2 0.742969 0.176852 0.0203125 0.0277778 0.00107295
1 0.0046875 0.409722 0.009375 0.0861111 0.0011075
9 0.98099 0.506019 0.0380208 0.14537 0.0011089
9 0.551562 0.0597222 0.0135417 0.025 0.00113968
9 0.559375 0.0263889 0.0229167 0.0490741 0.00116807
7 0.222656 0.049537 0.0578125 0.0935185 0.0011715
9 0.76849 0.0185185 0.0140625 0.0351852 0.00119826
2 0.238802 0.142593 0.0192708 0.0388889 0.00120579
0 0.38125 0.371296 0.646875 0.674074 0.00125403
2 0.771875 0.119444 0.0145833 0.0388889 0.001261
0 0.571875 0.178241 0.445833 0.215741 0.00139186
2 0.753125 0.15787 0.0145833 0.0212963 0.00151753
0 0.757031 0.374074 0.0192708 0.0314815 0.00152095
0 0.75651 0.0949074 0.0140625 0.0787037 0.00154117
9 0.263802 0.0356481 0.0151042 0.062037 0.00159315
0 0.730469 0.371759 0.0255208 0.0305556 0.00161641
0 0.263281 0.102778 0.00885417 0.0555556 0.00161836
1 0.0111979 0.35787 0.0223958 0.0990741 0.00174286
2 0.363802 0.0694444 0.0119792 0.0222222 0.00174583
9 0.485156 0.0263889 0.0109375 0.0287037 0.0018017
12 0.692708 0.164815 0.00833333 0.0407407 0.00183768
13 0.0132813 0.396296 0.0265625 0.111111 0.00188821
9 0.56276 0.0518519 0.0182292 0.0259259 0.00193207
0 0.554427 0.272685 0.529688 0.434259 0.00197193
9 0.816667 0.234259 0.00833333 0.0388889 0.00197516
9 0.415625 0.0111111 0.0166667 0.0222222 0.00204209
7 0.301823 0.106944 0.0807292 0.087963 0.00212769
2 0.782292 0.105556 0.0364583 0.0537037 0.00222737
7 0.970052 0.530556 0.0588542 0.207407 0.00235964
2 0.571875 0.109259 0.2375 0.0666667 0.00239455
7 0.986719 0.525926 0.0255208 0.196296 0.00251007
12 0.99401 0.517593 0.0109375 0.168519 0.00257844
9 0.258333 0.0731481 0.0114583 0.0444444 0.00275608
2 0.65599 0.138426 0.0796875 0.0842593 0.00284012
9 0.220052 0.0796296 0.0171875 0.0296296 0.00287265
2 0.404687 0.109722 0.26875 0.0768519 0.00312063
9 0.267708 0.0601852 0.015625 0.0296296 0.00329292
9 0.3625 0.0703704 0.009375 0.0222222 0.00330176
2 0.70599 0.505556 0.572396 0.294444 0.00359778
9 0.266927 0.099537 0.0109375 0.0564815 0.00363212
9 0.252865 0.0851852 0.0130208 0.0333333 0.00374472
9 0.238021 0.0722222 0.0145833 0.0425926 0.00445354
9 0.589323 0.0425926 0.0140625 0.0425926 0.00489863
9 0.263021 0.0861111 0.00729167 0.0351852 0.00491936
9 0.269531 0.0208333 0.0203125 0.0361111 0.00529328
0 0.44349 0.0972222 0.0182292 0.0481481 0.00537935
11 0.60625 0.0615741 0.0104167 0.025 0.00580141
11 0.238021 0.0689815 0.015625 0.0435185 0.00692394
1 0.0104167 0.396759 0.0208333 0.115741 0.00807356
0 0.714063 0.372222 0.0239583 0.0277778 0.00818023
2 0.592708 0.125926 0.0166667 0.0240741 0.00870037
11 0.240365 0.0333333 0.0213542 0.062963 0.00873433
0 0.995833 0.327315 0.00729167 0.0509259 0.0088887
9 0.443229 0.0884259 0.0135417 0.0287037 0.01087
9 0.992708 0.506019 0.0135417 0.147222 0.0114676
9 0.584635 0.0388889 0.0119792 0.0481481 0.0120981
9 0.757552 0.075463 0.0109375 0.0416667 0.0163318
9 0.567448 0.0319444 0.0130208 0.0583333 0.0165839
2 0.7875 0.0893519 0.01875 0.0231481 0.0171739
0 0.579687 0.475926 0.046875 0.0462963 0.0194464
0 0.54349 0.473148 0.0307292 0.0388889 0.021171
2 0.272396 0.111111 0.0145833 0.0388889 0.0269633
0 0.598698 0.478704 0.0463542 0.0444444 0.0306178
9 0.207813 0.0675926 0.0197917 0.0425926 0.0381736
2 0.46224 0.113426 0.0140625 0.037963 0.0540931
2 0.635417 0.147222 0.0114583 0.0518519 0.0575265
0 0.635677 0.147685 0.00989583 0.0490741 0.0798475
2 0.295312 0.10787 0.0322917 0.0824074 0.0872282
9 0.566927 0.0490741 0.00989583 0.0240741 0.173497
7 0.297135 0.107407 0.0369792 0.0814815 0.183192
2 0.322135 0.087963 0.0380208 0.0351852 0.27003
2 0.627604 0.121759 0.0260417 0.0509259 0.315314
2 0.47526 0.109722 0.0348958 0.0453704 0.443347
2 0.50599 0.105093 0.0421875 0.062037 0.486541
2 0.31849 0.121759 0.0505208 0.0712963 0.73009
10 0.203646 0.316667 0.0166667 0.0703704 0.758828
11 0.729427 0.0430556 0.0265625 0.0546296 0.760666
2 0.384635 0.258796 0.0848958 0.115741 0.90024
2 0.730208 0.418519 0.122917 0.17037 0.90183
2 0.565365 0.529167 0.165104 0.237963 0.911131
