9 0.502865 0.758796 0.0151042 0.0583333 0.00101395
0 0.74401 0.14213 0.0119792 0.037963 0.00102073
10 0.196615 0.298148 0.0328125 0.116667 0.00104398
2 0.361198 0.0828704 0.0161458 0.0287037 0.00108491
12 0.701563 0.144444 0.0229167 0.0759259 0.00108597
12 0.692448 0.163889 0.0078125 0.0407407 0.0010932
9 0.5625 0.05 0.0177083 0.0259259 0.00109505
9 0.429688 0.0425926 0.00833333 0.0259259 0.00113869
12 0.701823 0.165278 0.0192708 0.037963 0.00116836
0 0.717448 0.372222 0.0244792 0.0259259 0.00122791
13 0.985417 0.520833 0.028125 0.178704 0.00122829
9 0.259635 0.0726852 0.0130208 0.0490741 0.00131719
0 0.707552 0.372222 0.0192708 0.0277778 0.00131891
9 0.261719 0.0509259 0.0151042 0.0425926 0.00154492
13 0.970312 0.5375 0.0583333 0.176852 0.00157308
9 0.758073 0.0717593 0.00989583 0.0416667 0.00157848
9 0.252865 0.0861111 0.0151042 0.0351852 0.00168846
1 0.00963542 0.395833 0.0192708 0.117593 0.00169879
2 0.300521 0.135185 0.0229167 0.0481481 0.00172648
9 0.415365 0.00925926 0.0151042 0.0185185 0.00177939
7 0.970573 0.525463 0.0578125 0.20463 0.00187225
2 0.296354 0.108796 0.0822917 0.087963 0.00213309
2 0.539844 0.111111 0.295312 0.0722222 0.00215919
12 0.976302 0.498148 0.0421875 0.12963 0.00227478
0 0.44349 0.1 0.0182292 0.0518519 0.00229744
2 0.363542 0.0675926 0.0125 0.0240741 0.00234531
9 0.23724 0.0685185 0.0151042 0.0444444 0.00234893
1 0.0046875 0.369444 0.009375 0.0648148 0.00248596
13 0.0132813 0.376852 0.0265625 0.0759259 0.00250971
2 0.21875 0.140278 0.0583333 0.0435185 0.00253116
0 0.846354 0.211574 0.009375 0.0805556 0.00259336
9 0.191406 0.0865741 0.00885417 0.0194444 0.00261805
2 0.775 0.123611 0.01875 0.0453704 0.00270497
2 0.65 0.15 0.0385417 0.0555556 0.00272765
9 0.293229 0.0555556 0.009375 0.0407407 0.0027291
2 0.308073 0.0828704 0.0296875 0.0361111 0.00303169
13 0.00390625 0.4 0.0078125 0.103704 0.00351213
9 0.266667 0.0967593 0.0104167 0.0509259 0.00352249
2 0.467969 0.176389 0.0078125 0.0194444 0.00353872
2 0.53151 0.112963 0.0140625 0.0425926 0.00366467
9 0.290885 0.0712963 0.0130208 0.0148148 0.00377326
9 0.1875 0.0842593 0.00625 0.0259259 0.00380823
9 0.583333 0.0342593 0.015625 0.062963 0.00385075
2 0.427083 0.111111 0.179167 0.0648148 0.00388498
9 0.994792 0.504167 0.009375 0.158333 0.00400537
9 0.213021 0.0578704 0.0333333 0.0583333 0.00428662
9 0.26276 0.0856481 0.0078125 0.0324074 0.0042903
0 0.816927 0.236111 0.00885417 0.0388889 0.00439622
2 0.271094 0.109259 0.0140625 0.0388889 0.00495523
9 0.218229 0.104167 0.009375 0.0398148 0.00507447
9 0.573177 0.0314815 0.0151042 0.0611111 0.00603577
12 0.994792 0.494907 0.009375 0.136111 0.00627676
9 0.458333 0.0652778 0.00729167 0.0287037 0.00641571
2 0.592969 0.125926 0.0171875 0.0222222 0.00814355
2 0.786458 0.0888889 0.015625 0.0240741 0.00847025
9 0.442708 0.087037 0.0135417 0.0259259 0.00949315
2 0.442708 0.087037 0.0135417 0.0259259 0.0106611
2 0.60599 0.0597222 0.00989583 0.025 0.0129149
9 0.207552 0.0666667 0.0192708 0.0462963 0.017317
11 0.2375 0.0666667 0.015625 0.0388889 0.0175486
0 0.635417 0.149537 0.009375 0.0490741 0.0214255
2 0.238281 0.14213 0.0182292 0.0398148 0.022808
9 0.219531 0.0597222 0.0182292 0.0435185 0.0269517
2 0.489844 0.10787 0.0140625 0.0490741 0.0275943
2 0.635417 0.144907 0.0104167 0.0472222 0.0286729
9 0.269271 0.0351852 0.0208333 0.0648148 0.0309197
2 0.291146 0.110648 0.025 0.0768519 0.042141
9 0.21901 0.0907407 0.0078125 0.0166667 0.0436546
9 0.566927 0.0481481 0.0078125 0.0240741 0.0503212
7 0.297396 0.107407 0.0364583 0.0796296 0.0779434
2 0.465885 0.112037 0.0182292 0.0388889 0.156897
2 0.479948 0.110648 0.0203125 0.0435185 0.181415
2 0.321615 0.0856481 0.0390625 0.0342593 0.199177
2 0.627344 0.122222 0.0255208 0.0518519 0.292678
2 0.50599 0.104167 0.0421875 0.062037 0.57081
2 0.318229 0.121759 0.0520833 0.0712963 0.611339
11 0.728906 0.0435185 0.0265625 0.0574074 0.74395
2 0.357031 0.111111 0.0317708 0.0425926 0.751865
10 0.203646 0.316204 0.0166667 0.0731481 0.7912
2 0.50026 0.19537 0.0703125 0.0981481 0.860916
2 0.729948 0.419444 0.122396 0.172222 0.885095
