2 0.25599 0.0842593 0.0223958 0.037037 0.00114805
9 0.236458 0.0694444 0.01875 0.0462963 0.00118127
2 0.791667 0.0981481 0.0572917 0.0648148 0.00118715
9 0.291927 0.0490741 0.00885417 0.0407407 0.00119197
7 0.795052 0.0583333 0.0380208 0.0537037 0.00126231
9 0.582552 0.0328704 0.0140625 0.0583333 0.0012674
0 0.708073 0.371759 0.0213542 0.0305556 0.00131799
9 0.261979 0.0425926 0.015625 0.0537037 0.00144529
7 0.211979 0.0574074 0.0322917 0.062963 0.00146906
9 0.275 0.0717593 0.0395833 0.139815 0.00147501
0 0.716667 0.37037 0.025 0.0296296 0.0016602
7 0.271354 0.0671296 0.0239583 0.115741 0.00170184
13 0.961979 0.551852 0.0385417 0.0425926 0.00184035
2 0.788542 0.087963 0.025 0.0222222 0.00185684
0 0.557552 0.29213 0.0307292 0.0268519 0.00188198
7 0.62474 0.391667 0.343229 0.205556 0.00193099
9 0.245573 0.0824074 0.0078125 0.0277778 0.00194066
9 0.58099 0.0416667 0.00885417 0.0388889 0.00201597
9 0.548177 0.0523148 0.0109375 0.0212963 0.00201613
2 0.410156 0.105556 0.284896 0.0796296 0.00208168
9 0.816406 0.231481 0.00885417 0.0388889 0.00210959
58 0.967448 0.494444 0.0307292 0.0833333 0.00227781
0 0.758073 0.110185 0.0140625 0.0666667 0.0023151
12 0.7 0.162963 0.0229167 0.0388889 0.00235568
2 0.795313 0.0592593 0.0385417 0.0555556 0.00240793
0 0.281771 0.0921296 0.009375 0.0453704 0.00255781
13 0.970573 0.568056 0.0567708 0.0787037 0.00281581
9 0.360417 0.0648148 0.009375 0.0185185 0.00282681
9 0.213021 0.0560185 0.0302083 0.0583333 0.00293204
2 0.626302 0.393519 0.351562 0.214815 0.00301362
2 0.605208 0.0587963 0.0104167 0.025 0.00323267
5 0.220573 0.0592593 0.0453125 0.062963 0.00330104
2 0.23776 0.137963 0.0192708 0.0425926 0.00331462
2 0.661458 0.149074 0.0625 0.0611111 0.00346966
2 0.575 0.105556 0.236458 0.062963 0.0035813
2 0.775521 0.108333 0.0239583 0.0314815 0.00363036
13 0.970833 0.518519 0.0572917 0.175926 0.00394208
2 0.447396 0.112037 0.0270833 0.0277778 0.00410038
9 0.207813 0.0662037 0.0197917 0.0398148 0.00414348
9 0.993229 0.50463 0.0125 0.15 0.00429058
7 0.99349 0.518519 0.0119792 0.172222 0.00482826
2 0.782552 0.0907407 0.0171875 0.0185185 0.00484816
13 0.00390625 0.397222 0.0078125 0.105556 0.00503117
7 0.218229 0.0587963 0.0552083 0.087963 0.00513105
1 0.00729167 0.349074 0.0145833 0.0833333 0.00531692
9 0.502083 0.75787 0.0125 0.0546296 0.00540006
0 0.634896 0.146296 0.00833333 0.0537037 0.00589281
1 0.00364583 0.411574 0.00729167 0.0787037 0.00620128
2 0.481771 0.105093 0.059375 0.0583333 0.00732332
1 0.009375 0.391667 0.01875 0.12037 0.0076947
2 0.28724 0.0777778 0.0182292 0.0314815 0.00850492
2 0.29349 0.101389 0.0296875 0.0731481 0.00876918
9 0.5 0.6 0.0145833 0.0407407 0.00926064
0 0.755208 0.0921296 0.0166667 0.0842593 0.00947201
9 0.566146 0.0458333 0.009375 0.0231481 0.00986735
7 0.970833 0.523148 0.0572917 0.194444 0.00988595
13 0.0138021 0.389352 0.0276042 0.119444 0.00997538
12 0.692187 0.162963 0.00833333 0.0407407 0.0107737
9 0.219792 0.0902778 0.0104167 0.0138889 0.0108183
2 0.442708 0.0828704 0.0135417 0.0212963 0.0115725
2 0.634375 0.140278 0.009375 0.0453704 0.0137621
2 0.270312 0.0981481 0.015625 0.0555556 0.0236103
2 0.289583 0.0717593 0.0135417 0.0175926 0.0280813
2 0.290104 0.114352 0.0145833 0.0490741 0.0289508
9 0.26901 0.0356481 0.0223958 0.0638889 0.0323254
7 0.505208 0.102778 0.0416667 0.0648148 0.0351211
2 0.491667 0.104167 0.0208333 0.0546296 0.0974991
2 0.46276 0.108796 0.0140625 0.0416667 0.195127
2 0.478385 0.106481 0.0276042 0.0462963 0.335586
2 0.321615 0.0833333 0.0369792 0.0333333 0.366145
2 0.505208 0.101389 0.0416667 0.0638889 0.514401
2 0.626302 0.119444 0.0255208 0.0537037 0.560663
11 0.728385 0.0393519 0.0265625 0.0546296 0.728957
2 0.317448 0.119444 0.0515625 0.0685185 0.738869
10 0.203646 0.312963 0.015625 0.0703704 0.769362
2 0.729167 0.418519 0.122917 0.17037 0.909749
7 0.532552 0.368981 0.141146 0.206481 0.910501
