9 0.560417 0.0439815 0.0229167 0.0324074 0.00100705
9 0.254167 0.0875 0.0166667 0.037963 0.00103381
0 0.755729 0.115741 0.0145833 0.0388889 0.00106344
9 0.576302 0.0324074 0.0161458 0.062963 0.00110922
9 0.489062 0.980093 0.015625 0.037963 0.00125863
0 0.361719 0.0685185 0.00885417 0.0259259 0.00128283
7 0.236979 0.0671296 0.0166667 0.0416667 0.00131718
9 0.258854 0.0796296 0.0125 0.0518519 0.00132369
0 0.371354 0.280093 0.03125 0.0509259 0.00135683
2 0.773958 0.12037 0.01875 0.0444444 0.00139657
2 0.816667 0.22963 0.0104167 0.0481481 0.00140773
9 0.583594 0.0430556 0.0130208 0.0416667 0.00160327
2 0.832812 0.234722 0.0427083 0.062037 0.00160425
2 0.363542 0.0662037 0.0114583 0.0194444 0.00160576
0 0.758073 0.0648148 0.00885417 0.0333333 0.00162404
2 0.779427 0.108796 0.0307292 0.0583333 0.00163384
32 0.459896 0.356019 0.009375 0.0157407 0.00166632
0 0.75625 0.0907407 0.0145833 0.0851852 0.00174776
2 0.596615 0.42963 0.781771 0.201852 0.00178161
9 0.360677 0.0643518 0.00989583 0.0194444 0.00178611
12 0.701823 0.139815 0.0213542 0.087037 0.00179102
2 0.444271 0.0986111 0.0208333 0.0490741 0.00185253
9 0.263542 0.0939815 0.009375 0.0472222 0.00190682
2 0.279167 0.112963 0.03125 0.0685185 0.00197298
2 0.295312 0.103704 0.084375 0.0925926 0.00205426
2 0.263542 0.101389 0.009375 0.0527778 0.00207112
11 0.240365 0.0328704 0.0223958 0.0638889 0.00228537
0 0.546615 0.26713 0.589063 0.465741 0.00235205
5 0.213021 0.0615741 0.0333333 0.0490741 0.00240532
12 0.69349 0.162037 0.00677083 0.0407407 0.00240576
2 0.592708 0.126389 0.0177083 0.025 0.00241424
9 0.3625 0.0453704 0.009375 0.0314815 0.00256522
2 0.430208 0.10787 0.357292 0.087963 0.00256908
9 0.548177 0.0523148 0.0109375 0.0231481 0.00277911
11 0.739583 0.0666667 0.0166667 0.0259259 0.00290851
2 0.634375 0.152315 0.0135417 0.0583333 0.00303204
1 0.00416667 0.393519 0.00833333 0.112963 0.0031255
2 0.28776 0.0759259 0.0192708 0.0333333 0.0032494
9 0.207813 0.0638889 0.0197917 0.0407407 0.00328351
9 0.220573 0.101389 0.0119792 0.0361111 0.0034447
0 0.757552 0.374537 0.0171875 0.0287037 0.0034529
9 0.415365 0.012037 0.0161458 0.0240741 0.0040477
0 0.729688 0.371759 0.0291667 0.0287037 0.0041871
9 0.292708 0.0550926 0.009375 0.037963 0.00461457
2 0.266927 0.0972222 0.0109375 0.0518519 0.00522632
9 0.502604 0.759722 0.0114583 0.0546296 0.00545504
5 0.220313 0.0777778 0.0520833 0.0722222 0.00547674
9 0.965885 0.498611 0.0234375 0.0787037 0.00578486
9 0.557031 0.0268519 0.0265625 0.0537037 0.00582926
9 0.994531 0.516667 0.00989583 0.166667 0.00590261
0 0.281771 0.087037 0.00729167 0.0296296 0.0061695
2 0.321615 0.099537 0.0463542 0.0472222 0.00629171
9 0.222917 0.0564815 0.0135417 0.0407407 0.00715191
2 0.60599 0.0597222 0.00989583 0.025 0.00800647
7 0.219531 0.0643518 0.0494792 0.0657407 0.00807943
32 0.454427 0.312963 0.0078125 0.0148148 0.00837598
2 0.292448 0.0671296 0.00989583 0.0194444 0.00897789
9 0.220313 0.0898148 0.0104167 0.0148148 0.00932886
2 0.791146 0.0851852 0.0197917 0.0222222 0.0101104
0 0.634115 0.149537 0.0130208 0.0546296 0.0123532
2 0.442448 0.0865741 0.0140625 0.0268519 0.0129178
2 0.270052 0.108796 0.0130208 0.0398148 0.0145216
7 0.970833 0.529167 0.0572917 0.199074 0.0169106
9 0.442448 0.0861111 0.0130208 0.0259259 0.0170032
9 0.972396 0.500926 0.0385417 0.127778 0.0178053
0 0.714063 0.37037 0.021875 0.0259259 0.0190507
9 0.565625 0.037037 0.0104167 0.0462963 0.0217732
2 0.296094 0.103704 0.0317708 0.0740741 0.0308995
9 0.26901 0.0333333 0.0223958 0.0611111 0.0315948
2 0.461198 0.111574 0.0119792 0.0361111 0.0465382
2 0.488021 0.106944 0.0166667 0.0509259 0.0494823
9 0.567187 0.0467593 0.00833333 0.0231481 0.0622444
9 0.50026 0.602315 0.0151042 0.0416667 0.0664023
2 0.627604 0.122222 0.025 0.0537037 0.317492
2 0.321875 0.0865741 0.0395833 0.0361111 0.35067
2 0.473437 0.108333 0.0322917 0.0444444 0.414307
7 0.505729 0.103241 0.04375 0.0638889 0.445678
2 0.505469 0.102778 0.0432292 0.0648148 0.448234
11 0.729427 0.0416667 0.0276042 0.0537037 0.701993
2 0.317708 0.121296 0.0510417 0.0703704 0.785503
10 0.203646 0.315278 0.0166667 0.0712963 0.824553
2 0.361719 0.32037 0.102604 0.138889 0.8838
2 0.729688 0.418981 0.122917 0.171296 0.913379
