11 0.746094 0.0513889 0.0630208 0.0990741 0.00108253
9 0.561979 0.0486111 0.01875 0.025 0.00112383
5 0.234635 0.0805556 0.0213542 0.0703704 0.00113283
12 0.692969 0.161111 0.0078125 0.0407407 0.00121942
9 0.36224 0.0449074 0.00989583 0.0305556 0.00123376
2 0.557813 0.108333 0.391667 0.0833333 0.00123596
1 0.0140625 0.394444 0.028125 0.111111 0.00128122
9 0.236719 0.0652778 0.0161458 0.037963 0.00130132
2 0.23776 0.141667 0.0192708 0.0407407 0.00134733
2 0.575521 0.424537 0.771875 0.182407 0.00136103
2 0.640885 0.125926 0.0526042 0.0592593 0.00136314
7 0.23724 0.0666667 0.0161458 0.0388889 0.00139386
10 0.774219 0.124537 0.0192708 0.0453704 0.00141066
11 0.739062 0.0643518 0.015625 0.025 0.00146113
7 0.220573 0.0828704 0.0526042 0.115741 0.00148934
9 0.429427 0.0402778 0.00885417 0.025 0.00160613
9 0.547656 0.0518519 0.00989583 0.0240741 0.00172667
9 0.415625 0.012963 0.0166667 0.0259259 0.0018161
0 0.263281 0.099537 0.00885417 0.0583333 0.00182756
0 0.523438 0.278241 0.584375 0.465741 0.00184281
2 0.789323 0.0819444 0.0161458 0.0194444 0.00194664
9 0.971615 0.526852 0.0557292 0.194444 0.00204271
32 0.460677 0.356481 0.00989583 0.0166667 0.00204626
9 0.360938 0.0643518 0.0104167 0.0212963 0.00204858
2 0.240365 0.100463 0.0130208 0.0342593 0.00218406
2 0.00390625 0.4125 0.0078125 0.0768519 0.00220028
9 0.259115 0.0814815 0.0130208 0.0537037 0.00237957
2 0.421615 0.106944 0.332812 0.0842593 0.00256239
9 0.292708 0.0560185 0.009375 0.037963 0.00260171
9 0.261198 0.0416667 0.0140625 0.0555556 0.00267929
12 0.702344 0.138889 0.0234375 0.0851852 0.00272994
9 0.207031 0.0657407 0.0192708 0.0425926 0.00278713
2 0.453646 0.107407 0.139583 0.0685185 0.00284351
9 0.269271 0.0574074 0.0166667 0.0388889 0.00302878
9 0.291927 0.0666667 0.00989583 0.0222222 0.00303172
0 0.361979 0.0680556 0.009375 0.0268519 0.00308139
0 0.28151 0.0875 0.00677083 0.0268519 0.00308253
2 0.286198 0.116204 0.0161458 0.0694444 0.00308826
7 0.970833 0.527315 0.0572917 0.200926 0.00320464
9 0.266406 0.0949074 0.00989583 0.0490741 0.00339731
9 0.253385 0.087963 0.0151042 0.0388889 0.00344225
0 0.758073 0.375926 0.0171875 0.0277778 0.00346323
9 0.964844 0.499537 0.0223958 0.0787037 0.00347064
2 0.592188 0.126389 0.01875 0.025 0.00369509
0 0.732031 0.372222 0.0286458 0.0277778 0.00380366
1 0.0046875 0.389352 0.009375 0.119444 0.00410643
2 0.269531 0.10787 0.0119792 0.0416667 0.00473757
12 0.995052 0.4875 0.00885417 0.117593 0.00498437
9 0.984375 0.496296 0.015625 0.116667 0.00504132
9 0.219792 0.0532407 0.0208333 0.0453704 0.00541536
7 0.216146 0.0625 0.0416667 0.0657407 0.00544074
2 0.442708 0.0884259 0.0135417 0.0287037 0.00571262
9 0.263021 0.0916667 0.00833333 0.0444444 0.00598612
5 0.215104 0.062037 0.034375 0.0537037 0.00601894
9 0.994531 0.502315 0.00989583 0.139815 0.00638225
9 0.220573 0.103704 0.0130208 0.0388889 0.00690409
0 0.758854 0.0689815 0.00833333 0.0453704 0.00712602
9 0.563542 0.0310185 0.0229167 0.0583333 0.00730847
2 0.784896 0.0893519 0.0145833 0.0194444 0.00743926
0 0.757812 0.0861111 0.0114583 0.0796296 0.00770766
11 0.60625 0.0606481 0.009375 0.025 0.00806498
9 0.973437 0.501852 0.0375 0.127778 0.00825133
32 0.454427 0.313426 0.0078125 0.0157407 0.00979378
0 0.442448 0.0976852 0.0161458 0.0472222 0.0101527
7 0.298177 0.10787 0.0359375 0.0842593 0.0106258
9 0.442708 0.087963 0.0135417 0.0277778 0.0106892
0 0.715365 0.370833 0.0223958 0.025 0.0110265
0 0.635156 0.14537 0.0109375 0.0574074 0.0123462
9 0.565365 0.0412037 0.00989583 0.0398148 0.0126962
2 0.294271 0.106019 0.03125 0.0712963 0.0138936
2 0.363802 0.0657407 0.0119792 0.0203704 0.0173831
9 0.220313 0.0888889 0.0104167 0.0148148 0.017654
9 0.269531 0.0333333 0.0223958 0.0611111 0.0195154
9 0.502865 0.759259 0.0109375 0.0574074 0.028764
2 0.46276 0.111111 0.0151042 0.0388889 0.0324719
9 0.567187 0.0472222 0.00729167 0.0240741 0.0378073
9 0.50026 0.602778 0.0151042 0.0407407 0.0594803
2 0.322396 0.0865741 0.0385417 0.0361111 0.323549
2 0.627344 0.123148 0.0255208 0.0537037 0.38181
2 0.473698 0.109259 0.0338542 0.0444444 0.533916
2 0.505729 0.103241 0.0427083 0.0638889 0.559455
11 0.729688 0.0425926 0.0270833 0.0555556 0.690162
2 0.318229 0.121759 0.0510417 0.0694444 0.750868
10 0.204167 0.316667 0.0166667 0.0703704 0.838892
2 0.364583 0.260185 0.0864583 0.116667 0.879934
2 0.730208 0.419907 0.121875 0.171296 0.905695
