12 0.692708 0.164815 0.00729167 0.0407407 0.00100522
9 0.547917 0.0523148 0.0104167 0.0231481 0.00103565
11 0.702083 0.120833 0.0197917 0.0416667 0.00105391
12 0.976042 0.500926 0.04375 0.133333 0.00106804
9 0.275 0.0407407 0.0375 0.0796296 0.00110019
0 0.75651 0.373148 0.0234375 0.0351852 0.00110937
5 0.236719 0.0675926 0.0161458 0.0444444 0.00112173
9 0.36224 0.0467593 0.00989583 0.0361111 0.00113838
11 0.240365 0.0351852 0.0223958 0.0666667 0.00117814
2 0.205208 0.105556 0.03125 0.0388889 0.0012188
2 0.447396 0.111111 0.0270833 0.0277778 0.0012222
2 0.2875 0.0768519 0.0197917 0.0314815 0.00123
7 0.985937 0.523611 0.0270833 0.184259 0.0012402
2 0.363542 0.0662037 0.0114583 0.0175926 0.0012406
2 0.276823 0.111111 0.0286458 0.062963 0.00126173
2 0.00598958 0.0912037 0.0119792 0.0435185 0.00127839
7 0.270312 0.0407407 0.0260417 0.0796296 0.001328
9 0.584375 0.0472222 0.0125 0.0314815 0.0013616
2 0.254948 0.0875 0.0203125 0.037963 0.00140677
7 0.276302 0.0736111 0.0380208 0.141667 0.00146983
13 0.992969 0.517593 0.0130208 0.17037 0.00147997
32 0.459635 0.355556 0.00885417 0.012963 0.00148716
0 0.73151 0.372222 0.0255208 0.0296296 0.00156651
0 0.757031 0.0731481 0.0119792 0.0407407 0.0019385
2 0.401302 0.109722 0.270312 0.0768519 0.00209804
9 0.263281 0.0930556 0.0078125 0.0490741 0.00215974
11 0.23724 0.0694444 0.0161458 0.0444444 0.00245773
2 0.238542 0.138889 0.01875 0.0444444 0.00247577
2 0.21875 0.0921296 0.0552083 0.062037 0.00251313
9 0.292188 0.0527778 0.00833333 0.0444444 0.00252326
2 0.573958 0.10787 0.239583 0.0694444 0.0026986
32 0.454167 0.314352 0.00833333 0.0138889 0.0027311
2 0.60651 0.0592593 0.00989583 0.0259259 0.00291188
13 0.970573 0.525463 0.0578125 0.187963 0.00293943
58 0.968229 0.495833 0.0302083 0.0861111 0.0030446
2 0.780208 0.0981481 0.0322917 0.0425926 0.00305827
7 0.789844 0.0638889 0.0276042 0.0611111 0.00315891
0 0.573177 0.346296 0.0307292 0.0259259 0.00316441
2 0.269792 0.050463 0.0197917 0.0342593 0.00320272
9 0.99401 0.51713 0.0109375 0.171296 0.00325914
0 0.524219 0.351852 0.0244792 0.0222222 0.00331576
2 0.633854 0.426389 0.3375 0.212037 0.00331646
2 0.266667 0.0981481 0.0114583 0.0555556 0.00344569
9 0.502344 0.760185 0.0130208 0.0555556 0.00347444
9 0.26901 0.0296296 0.0223958 0.0555556 0.00357748
0 0.715104 0.371296 0.0239583 0.0277778 0.00376698
9 0.50026 0.601389 0.0151042 0.0416667 0.00426395
12 0.99349 0.501852 0.0119792 0.140741 0.00453965
9 0.213281 0.0587963 0.0328125 0.0564815 0.00485112
7 0.970573 0.527315 0.0578125 0.199074 0.0049325
1 0.00416667 0.402778 0.00833333 0.0981481 0.00496465
0 0.53125 0.346759 0.0302083 0.0287037 0.00515351
2 0.291406 0.0712963 0.0109375 0.0148148 0.00524396
1 0.0122396 0.363889 0.0244792 0.0555556 0.005434
2 0.479427 0.10787 0.0578125 0.0583333 0.00606745
2 0.592448 0.125926 0.0171875 0.0222222 0.00608184
1 0.0109375 0.394907 0.021875 0.112037 0.00669168
2 0.270052 0.106944 0.0140625 0.0435185 0.00778582
9 0.442187 0.0856481 0.0135417 0.0268519 0.0079046
2 0.442187 0.0851852 0.0135417 0.0259259 0.00928313
9 0.220313 0.0888889 0.009375 0.0166667 0.0106972
0 0.285937 0.115278 0.0145833 0.0694444 0.0108141
5 0.220313 0.0634259 0.0489583 0.0638889 0.0110974
7 0.219271 0.0648148 0.05 0.0740741 0.0113668
2 0.634635 0.144444 0.0109375 0.0518519 0.0222095
7 0.297135 0.106944 0.0369792 0.0824074 0.0265839
9 0.567187 0.0476852 0.009375 0.0212963 0.0293622
2 0.786719 0.087963 0.0171875 0.0259259 0.0318983
2 0.290365 0.115741 0.0223958 0.0666667 0.0372385
2 0.486979 0.107407 0.0145833 0.05 0.0644621
2 0.4625 0.111574 0.0135417 0.0398148 0.157032
7 0.50599 0.103241 0.0421875 0.0638889 0.288284
2 0.479948 0.109259 0.0213542 0.0444444 0.296997
2 0.321875 0.0856481 0.0375 0.0342593 0.305191
2 0.470052 0.108796 0.0276042 0.0435185 0.307912
2 0.50599 0.103241 0.0421875 0.0638889 0.492692
2 0.627344 0.121759 0.0255208 0.0490741 0.563077
10 0.204167 0.315741 0.0166667 0.0722222 0.661664
2 0.318229 0.121759 0.0510417 0.0694444 0.750502
11 0.728906 0.0425926 0.0276042 0.0555556 0.781243
7 0.546875 0.426852 0.153125 0.22963 0.898328
2 0.729688 0.419444 0.122917 0.17037 0.904309
