12 0.9875 0.495833 0.0239583 0.126852 0.00100947
9 0.581771 0.0365741 0.0125 0.0546296 0.00102845
0 0.75599 0.374074 0.0223958 0.0314815 0.00103261
2 0.65599 0.140278 0.0796875 0.0805556 0.00106095
0 0.845833 0.17963 0.00625 0.0259259 0.00110738
9 0.995313 0.524537 0.00833333 0.0398148 0.00118174
13 0.982552 0.520833 0.0338542 0.180556 0.00123134
0 0.756771 0.0921296 0.0145833 0.0824074 0.00123625
9 0.261719 0.0462963 0.0140625 0.05 0.00126443
7 0.979688 0.520833 0.0395833 0.193519 0.00127252
2 0.0109375 0.365278 0.021875 0.0472222 0.0013199
2 0.407813 0.107407 0.288542 0.0833333 0.00137713
0 0.73099 0.372222 0.0307292 0.0296296 0.0013796
2 0.77526 0.119444 0.0203125 0.0388889 0.00140786
9 0.548177 0.0509259 0.0109375 0.0240741 0.00148663
0 0.615104 0.817593 0.08125 0.0481481 0.0014983
2 0.266406 0.0976852 0.00989583 0.0527778 0.00154213
11 0.225 0.0722222 0.0416667 0.0518519 0.00166896
2 0.777865 0.102778 0.0307292 0.0555556 0.00172861
12 0.701563 0.164815 0.0197917 0.0388889 0.00178036
9 0.440365 0.223148 0.00989583 0.0166667 0.00179934
0 0.995052 0.25787 0.00885417 0.186111 0.00197705
2 0.572917 0.109722 0.252083 0.0712963 0.00198439
9 0.293229 0.0560185 0.00833333 0.037963 0.00209324
1 0.810938 0.327315 0.01875 0.0861111 0.00210835
0 0.284635 0.0944444 0.00989583 0.0277778 0.00216981
9 0.26224 0.0851852 0.0078125 0.0333333 0.00217757
2 0.647656 0.143981 0.0348958 0.0638889 0.00220753
2 0.292969 0.0712963 0.0119792 0.0185185 0.00221584
2 0.278646 0.116204 0.0302083 0.0583333 0.00226945
9 0.258333 0.075463 0.0125 0.0490741 0.00228885
2 0.476823 0.108796 0.0651042 0.0638889 0.00230404
9 0.50026 0.602315 0.0151042 0.0398148 0.00250388
9 0.252083 0.0842593 0.0125 0.0351852 0.0029219
2 0.363802 0.0666667 0.0119792 0.0203704 0.00308207
0 0.715625 0.371759 0.025 0.0268519 0.00318167
9 0.56901 0.0319444 0.0130208 0.0564815 0.00319012
12 0.692708 0.164352 0.00833333 0.0398148 0.00350097
9 0.994531 0.489815 0.00989583 0.116667 0.00382266
2 0.00885417 0.393519 0.0177083 0.116667 0.0039252
9 0.266667 0.0513889 0.015625 0.0398148 0.00399497
9 0.2375 0.0708333 0.015625 0.0453704 0.00405223
11 0.239844 0.0351852 0.0223958 0.0666667 0.00417089
2 0.308594 0.0819444 0.0223958 0.0342593 0.00445267
5 0.221094 0.0648148 0.0494792 0.0592593 0.0051469
7 0.220052 0.062037 0.0494792 0.0685185 0.00521976
1 0.00651042 0.390741 0.0130208 0.114815 0.00534651
9 0.208073 0.0666667 0.0213542 0.0444444 0.00607411
2 0.289583 0.0814815 0.015625 0.0240741 0.00617667
2 0.442708 0.0861111 0.0135417 0.0240741 0.00618482
12 0.994792 0.489815 0.009375 0.12037 0.00618742
2 0.446875 0.113426 0.025 0.0268519 0.0062769
0 0.757552 0.0703704 0.0119792 0.0462963 0.00671997
11 0.60625 0.0592593 0.0104167 0.0259259 0.0068498
9 0.220573 0.0550926 0.0192708 0.0472222 0.00733155
9 0.438021 0.201389 0.009375 0.0416667 0.00802822
2 0.271354 0.109722 0.0135417 0.037963 0.00883004
0 0.635938 0.825926 0.0510417 0.0592593 0.00899817
2 0.238281 0.14213 0.0182292 0.0398148 0.0104696
2 0.635156 0.14537 0.00989583 0.0574074 0.0109442
2 0.592708 0.125926 0.0177083 0.0222222 0.01112
0 0.995833 0.323148 0.00729167 0.0555556 0.0134655
9 0.220313 0.0888889 0.0104167 0.0166667 0.0152688
9 0.442448 0.0861111 0.0130208 0.0240741 0.0163461
9 0.269271 0.0291667 0.0208333 0.0527778 0.0167717
0 0.578125 0.823611 0.0510417 0.0509259 0.0178107
9 0.502344 0.759259 0.0119792 0.0537037 0.0224075
11 0.23724 0.0685185 0.0161458 0.0425926 0.0232764
2 0.00390625 0.414815 0.0078125 0.0722222 0.0237079
2 0.785937 0.0888889 0.015625 0.0259259 0.0239555
2 0.2875 0.12037 0.0177083 0.0574074 0.0247936
2 0.295312 0.087963 0.0208333 0.0296296 0.0315524
2 0.292448 0.116204 0.0161458 0.0435185 0.0351392
2 0.486979 0.107407 0.0145833 0.05 0.0402066
9 0.567187 0.0476852 0.00833333 0.0231481 0.0663437
2 0.460677 0.113426 0.0109375 0.0342593 0.0804067
2 0.466406 0.110648 0.0182292 0.0416667 0.163179
2 0.323177 0.087037 0.0369792 0.0351852 0.262681
2 0.479688 0.109259 0.021875 0.0444444 0.317156
7 0.505729 0.104167 0.04375 0.0638889 0.427379
2 0.627604 0.122685 0.025 0.0546296 0.429493
2 0.505729 0.103704 0.04375 0.062963 0.445758
2 0.318229 0.121296 0.0510417 0.0722222 0.694969
11 0.729427 0.0435185 0.0265625 0.0555556 0.760703
10 0.203906 0.316204 0.0161458 0.0694444 0.792992
2 0.729948 0.418981 0.122396 0.173148 0.899962
2 0.609115 0.867593 0.208854 0.259259 0.920533
