13 0.971354 0.526389 0.05625 0.187963 0.00105029
9 0.269792 0.0587963 0.01875 0.0398148 0.001161
0 0.639844 0.149537 0.0171875 0.0564815 0.00122612
9 0.729688 0.00740741 0.0260417 0.0148148 0.00132506
2 0.795052 0.0625 0.0401042 0.0601852 0.00132952
2 0.775 0.113889 0.0197917 0.0333333 0.00139286
12 0.701823 0.135648 0.0244792 0.075 0.00142505
9 0.294271 0.049537 0.0104167 0.0398148 0.00150097
2 0.294792 0.101389 0.0947917 0.0935185 0.00157483
2 0.00546875 0.0925926 0.0109375 0.0537037 0.00159454
13 0.0117188 0.366667 0.0234375 0.0444444 0.00161784
9 0.566406 0.0305556 0.0161458 0.0574074 0.00162355
7 0.795052 0.0643518 0.0380208 0.062037 0.00162735
2 0.798437 0.0851852 0.0416667 0.037037 0.00169895
0 0.258854 0.10463 0.0177083 0.087037 0.00174723
2 0.640365 0.126389 0.0515625 0.0601852 0.00175425
9 0.416146 0.0162037 0.0166667 0.0324074 0.00179352
2 0.655208 0.139352 0.0822917 0.087963 0.00182892
2 0.551042 0.105093 0.34375 0.0805556 0.00196552
2 0.790365 0.101852 0.0536458 0.0685185 0.0021451
9 0.25599 0.0791667 0.0119792 0.0453704 0.00215799
9 0.263021 0.0888889 0.00833333 0.0407407 0.00224328
0 0.26276 0.104167 0.00885417 0.0527778 0.00225752
9 0.215885 0.0541667 0.0296875 0.0453704 0.00228901
0 0.73125 0.370833 0.034375 0.0324074 0.0023
0 0.757031 0.375926 0.0192708 0.0277778 0.00233275
2 0.785677 0.0898148 0.0140625 0.0203704 0.00241697
2 0.238802 0.140741 0.0192708 0.0425926 0.00245783
2 0.363542 0.0666667 0.0114583 0.0203704 0.00250772
1 0.00885417 0.397685 0.0177083 0.112037 0.00266427
9 0.565365 0.0435185 0.00989583 0.0351852 0.00271179
2 0.265365 0.0953704 0.0109375 0.0518519 0.0030977
2 0.792448 0.087037 0.0213542 0.0222222 0.00329554
0 0.3625 0.0675926 0.009375 0.0259259 0.00342032
11 0.219531 0.0597222 0.0557292 0.0694444 0.00353886
13 0.0138021 0.396296 0.0276042 0.111111 0.00424254
2 0.389844 0.101389 0.239063 0.0787037 0.00431029
9 0.967708 0.504167 0.0270833 0.0731481 0.00448804
32 0.454427 0.313889 0.0078125 0.0148148 0.00505963
1 0.809375 0.337963 0.0229167 0.0981481 0.00526307
9 0.995052 0.496296 0.00885417 0.133333 0.00579778
13 0.00364583 0.405093 0.00729167 0.0916667 0.00588555
9 0.269792 0.0361111 0.0208333 0.0574074 0.00594972
11 0.60651 0.0611111 0.00989583 0.0259259 0.00604141
2 0.460156 0.101852 0.0703125 0.0648148 0.00666594
9 0.50026 0.603241 0.0151042 0.0398148 0.00680486
2 0.284115 0.101852 0.0130208 0.0537037 0.00763966
7 0.219531 0.0662037 0.0536458 0.0583333 0.00775482
0 0.714583 0.371296 0.0208333 0.0259259 0.00780876
1 0.00416667 0.390278 0.00833333 0.119444 0.00799151
9 0.975781 0.499537 0.0421875 0.128704 0.00916765
11 0.241146 0.0328704 0.021875 0.0638889 0.0102295
0 0.635677 0.148611 0.00989583 0.0490741 0.0133257
2 0.270833 0.111111 0.0125 0.037037 0.0136311
0 0.757292 0.0898148 0.0125 0.0777778 0.0141301
9 0.567448 0.0486111 0.00885417 0.0231481 0.0178042
2 0.279687 0.111574 0.0197917 0.0472222 0.0232116
2 0.289062 0.111574 0.0166667 0.0509259 0.0272348
2 0.467708 0.110185 0.0239583 0.0444444 0.0352752
0 0.463542 0.109259 0.0166667 0.0425926 0.0460012
0 0.44349 0.0958333 0.0151042 0.0509259 0.0473191
2 0.296094 0.10787 0.0244792 0.0583333 0.0671359
5 0.219531 0.0662037 0.0526042 0.0583333 0.0705167
9 0.502604 0.760185 0.0125 0.0537037 0.100311
2 0.301042 0.087963 0.0333333 0.0425926 0.122311
2 0.480469 0.107407 0.0244792 0.0481481 0.145627
2 0.628125 0.121296 0.025 0.05 0.196127
2 0.322917 0.0861111 0.0375 0.0351852 0.386681
2 0.448958 0.0652778 0.0510417 0.0398148 0.586199
2 0.50651 0.104167 0.0421875 0.062037 0.698041
11 0.729688 0.0430556 0.0270833 0.0583333 0.73934
2 0.318229 0.122222 0.0510417 0.0703704 0.764609
10 0.204167 0.316204 0.0166667 0.0712963 0.823034
2 0.542188 0.239815 0.0760417 0.109259 0.89191
2 0.730208 0.418981 0.121875 0.171296 0.911015
