2 0.46901 0.0203704 0.0213542 0.0203704 0.00100185
2 0.773958 0.1 0.0177083 0.0351852 0.0010046
11 0.225521 0.0490741 0.04375 0.0925926 0.00106039
2 0.00442708 0.460648 0.00885417 0.234259 0.00112821
0 0.254687 0.131019 0.015625 0.0527778 0.00114733
2 0.428125 0.10463 0.03125 0.0537037 0.00127481
2 0.98724 0.535648 0.0244792 0.169444 0.00130395
12 0.702344 0.140278 0.0234375 0.0842593 0.00137835
2 0.976823 0.502778 0.0453125 0.138889 0.00139867
2 0.65026 0.412963 0.383854 0.196296 0.00143659
32 0.453646 0.315278 0.009375 0.0138889 0.0014514
13 0.970052 0.529167 0.0588542 0.186111 0.00148738
2 0.238021 0.141667 0.0197917 0.0388889 0.00158502
0 0.715885 0.371759 0.0234375 0.0268519 0.00162081
9 0.252083 0.0861111 0.0125 0.0351852 0.00163933
9 0.25599 0.0773148 0.00989583 0.0472222 0.00163938
2 0.00859375 0.396296 0.0171875 0.122222 0.00170946
0 0.263021 0.108333 0.00833333 0.0462963 0.00194991
9 0.263542 0.0861111 0.009375 0.0333333 0.00199794
2 0.995573 0.526852 0.0078125 0.037037 0.00199851
5 0.220313 0.074537 0.0510417 0.0638889 0.00203033
9 0.469792 0.406944 0.009375 0.0305556 0.00207209
9 0.361979 0.0509259 0.0114583 0.0425926 0.0021409
9 0.977344 0.496759 0.0442708 0.128704 0.00214363
11 0.240365 0.0351852 0.0213542 0.0685185 0.00217861
0 0.640365 0.147685 0.0213542 0.0638889 0.00224239
2 0.419531 0.106019 0.0171875 0.0453704 0.00231689
9 0.758073 0.0717593 0.0109375 0.0453704 0.00234453
7 0.970312 0.528241 0.0583333 0.206481 0.00234476
2 0.413542 0.114815 0.0145833 0.0333333 0.00235578
0 0.757552 0.0865741 0.0130208 0.0731481 0.00239815
9 0.570312 0.0314815 0.0145833 0.0592593 0.00242766
9 0.50026 0.603704 0.0151042 0.0425926 0.00247895
2 0.444531 0.109259 0.0182292 0.0333333 0.00260944
2 0.411719 0.109722 0.257812 0.0675926 0.00264795
2 0.647396 0.146759 0.0375 0.0638889 0.0026665
7 0.98776 0.521759 0.0234375 0.193519 0.00277269
5 0.213542 0.0615741 0.0333333 0.0564815 0.00292414
2 0.99349 0.519907 0.0119792 0.171296 0.00293148
2 0.553906 0.110185 0.309896 0.0685185 0.00304169
2 0.26875 0.110185 0.009375 0.037037 0.00310994
1 0.809635 0.326852 0.0213542 0.0944444 0.00313595
9 0.266146 0.0972222 0.0104167 0.0518519 0.00316002
2 0.361458 0.0666667 0.0114583 0.0222222 0.0032118
13 0.985677 0.522685 0.0276042 0.182407 0.0033593
2 0.59349 0.125463 0.0171875 0.0231481 0.0042745
7 0.21901 0.0625 0.0463542 0.0657407 0.00431963
9 0.207813 0.0657407 0.0208333 0.0462963 0.00433299
9 0.3625 0.0685185 0.0104167 0.0277778 0.00452332
2 0.442187 0.0875 0.0135417 0.0268519 0.00482689
1 0.00390625 0.401852 0.0078125 0.103704 0.00483589
0 0.285156 0.112963 0.0119792 0.0574074 0.00538789
9 0.220052 0.0541667 0.0203125 0.0453704 0.00558701
9 0.283073 0.0898148 0.0078125 0.0222222 0.00626297
2 0.289062 0.113889 0.0166667 0.0481481 0.00629179
2 0.785156 0.0902778 0.0161458 0.0212963 0.00631873
2 0.302344 0.0842593 0.0296875 0.0388889 0.00647432
2 0.474479 0.109722 0.0770833 0.0546296 0.00650628
2 0.00416667 0.40787 0.00833333 0.0972222 0.00686543
9 0.220573 0.0884259 0.00989583 0.0157407 0.00746621
9 0.994531 0.490741 0.00989583 0.122222 0.0105505
2 0.293229 0.0731481 0.0114583 0.0185185 0.011591
11 0.23724 0.0675926 0.0171875 0.0407407 0.0118403
11 0.60625 0.0601852 0.009375 0.0240741 0.0147081
9 0.442708 0.087037 0.0114583 0.0240741 0.015559
9 0.502604 0.759722 0.0125 0.0546296 0.0222285
7 0.298698 0.0976852 0.0317708 0.0638889 0.0241477
9 0.567448 0.0481481 0.0078125 0.0240741 0.0252535
2 0.424479 0.115741 0.0177083 0.0296296 0.0315684
9 0.269531 0.0361111 0.0213542 0.0685185 0.0484047
2 0.294271 0.112037 0.0177083 0.0388889 0.0506363
0 0.634635 0.145833 0.0109375 0.0564815 0.0653424
2 0.430208 0.115741 0.0125 0.0314815 0.135181
2 0.627604 0.119444 0.025 0.0481481 0.20896
2 0.480208 0.110648 0.0208333 0.0435185 0.24807
2 0.322656 0.087963 0.0380208 0.0351852 0.269438
2 0.467969 0.110185 0.0223958 0.0425926 0.328361
7 0.534115 0.265741 0.0963542 0.146296 0.466853
2 0.50625 0.104167 0.0427083 0.062037 0.499537
10 0.203906 0.315741 0.0161458 0.0703704 0.664275
2 0.533854 0.266667 0.0958333 0.146296 0.690292
2 0.31849 0.121296 0.0515625 0.0685185 0.704876
11 0.729427 0.0439815 0.0265625 0.0583333 0.769551
2 0.395312 0.121759 0.053125 0.0898148 0.800095
2 0.729948 0.419907 0.122396 0.171296 0.892797
