0 0.75625 0.375 0.0208333 0.0333333 0.00103795
9 0.261198 0.0467593 0.0140625 0.0472222 0.00111028
2 0.42474 0.155556 0.298438 0.162963 0.00111203
32 0.453906 0.314352 0.00885417 0.0157407 0.00113907
13 0.9625 0.553704 0.040625 0.0388889 0.00118212
7 0.279167 0.0759259 0.0395833 0.144444 0.00118509
7 0.298438 0.109722 0.0875 0.0916667 0.00119764
1 0.0114583 0.358796 0.0229167 0.087963 0.00120453
2 0.352604 0.125463 0.0125 0.0324074 0.00126459
2 0.7875 0.0819444 0.0145833 0.0212963 0.00138528
12 0.701563 0.162963 0.0197917 0.0425926 0.00141117
9 0.26276 0.0925926 0.0078125 0.0462963 0.00142496
2 0.410156 0.120833 0.0119792 0.025 0.00144163
5 0.221615 0.0722222 0.0494792 0.0555556 0.00154665
9 0.977083 0.500926 0.0447917 0.140741 0.00157389
7 0.145833 0.0912037 0.0677083 0.0805556 0.00160017
2 0.447917 0.113889 0.0489583 0.0351852 0.00171112
9 0.26901 0.0314815 0.0244792 0.0611111 0.00171886
12 0.690625 0.163426 0.0104167 0.0398148 0.00193126
13 0.98724 0.517593 0.0244792 0.175926 0.00201264
12 0.99375 0.516667 0.0114583 0.172222 0.00203629
2 0.514583 0.113889 0.370833 0.0759259 0.00213768
9 0.3625 0.0703704 0.009375 0.0259259 0.00216248
2 0.60599 0.0597222 0.00989583 0.0268519 0.00253029
9 0.292708 0.0537037 0.009375 0.0407407 0.00263014
12 0.702344 0.138889 0.0234375 0.087037 0.00269789
7 0.970312 0.522685 0.0583333 0.19537 0.00276984
2 0.445052 0.11713 0.0234375 0.0194444 0.00279081
7 0.223438 0.0657407 0.0427083 0.0518519 0.00288464
9 0.213021 0.0643518 0.0333333 0.0527778 0.00305004
2 0.414844 0.112963 0.215104 0.0666667 0.00312063
11 0.236458 0.0648148 0.0166667 0.037037 0.00318895
13 0.970052 0.531018 0.0588542 0.160185 0.00331946
0 0.263281 0.10463 0.0078125 0.0462963 0.00350792
0 0.75599 0.0916667 0.0140625 0.0814815 0.00361669
0 0.26901 0.108333 0.0109375 0.0407407 0.00362882
58 0.96901 0.493981 0.0307292 0.0916667 0.00419725
2 0.238802 0.139815 0.0182292 0.0407407 0.00426436
2 0.785937 0.0888889 0.015625 0.0222222 0.00436161
0 0.715365 0.371759 0.0244792 0.0268519 0.00460738
9 0.26901 0.0476852 0.0203125 0.0435185 0.00491278
13 0.00390625 0.412037 0.0078125 0.0740741 0.00515135
7 0.313802 0.0921296 0.0546875 0.0546296 0.00528382
2 0.442448 0.0861111 0.0140625 0.0259259 0.00544555
9 0.219271 0.104167 0.0104167 0.037963 0.00707808
9 0.26875 0.0171296 0.0208333 0.0305556 0.00812946
13 0.0127604 0.393981 0.0255208 0.102778 0.00826357
9 0.20599 0.0671296 0.0161458 0.0416667 0.00857014
2 0.348698 0.118519 0.0171875 0.0462963 0.00898412
9 0.991667 0.515278 0.015625 0.171296 0.00976056
9 0.566927 0.0476852 0.0078125 0.0231481 0.0101698
2 0.592188 0.125 0.01875 0.0259259 0.0138469
2 0.48724 0.107407 0.0130208 0.05 0.0197294
9 0.502344 0.759259 0.0119792 0.0555556 0.0210825
9 0.219531 0.0898148 0.00885417 0.012963 0.0218652
9 0.442708 0.0865741 0.0125 0.025 0.0231564
2 0.29349 0.111111 0.0286458 0.0777778 0.0515878
0 0.634375 0.147222 0.0104167 0.0574074 0.0588136
9 0.221875 0.0592593 0.0114583 0.0351852 0.0702405
7 0.295312 0.106944 0.03125 0.0824074 0.083092
2 0.46224 0.111111 0.0130208 0.0407407 0.102016
2 0.506771 0.103241 0.0427083 0.0657407 0.231924
2 0.321615 0.0865741 0.0369792 0.0361111 0.252811
2 0.472656 0.108796 0.0317708 0.0435185 0.269918
2 0.627344 0.121296 0.0255208 0.05 0.282037
7 0.506771 0.103704 0.0427083 0.0648148 0.475174
10 0.204167 0.314815 0.0166667 0.0703704 0.637301
2 0.317708 0.122222 0.0520833 0.0685185 0.694918
11 0.729427 0.0430556 0.0276042 0.0546296 0.714674
2 0.51224 0.194444 0.0776042 0.114815 0.837043
2 0.38125 0.148148 0.0614583 0.1 0.852712
2 0.729948 0.419907 0.122396 0.171296 0.90979
