9 0.583333 0.0398148 0.0125 0.0462963 0.00105431
0 0.415625 0.593982 0.640625 0.715741 0.00107469
9 0.254948 0.087037 0.0182292 0.037037 0.00115731
0 0.354167 0.346296 0.608333 0.185185 0.00116094
0 0.89349 0.264815 0.0119792 0.0277778 0.00116379
1 0.686198 0.172222 0.0182292 0.0351852 0.00118238
58 0.917969 0.184259 0.163021 0.364815 0.00119288
9 0.258854 0.0777778 0.0135417 0.0537037 0.00125725
58 0.973437 0.500926 0.04375 0.133333 0.00134135
2 0.363802 0.0680556 0.0109375 0.0212963 0.00134734
2 0.296875 0.128241 0.0197917 0.062037 0.00136263
2 0.65599 0.134259 0.0786458 0.0888889 0.00145254
9 0.548177 0.0578704 0.0109375 0.025 0.0014868
12 0.979688 0.498611 0.0364583 0.130556 0.00151257
0 0.394271 0.281481 0.0302083 0.0574074 0.00151943
7 0.277865 0.0439815 0.0390625 0.0842593 0.0016443
11 0.741667 0.0643518 0.015625 0.0194444 0.00167333
1 0.741667 0.13287 0.0177083 0.0564815 0.00171372
7 0.477604 0.0962963 0.0479167 0.0648148 0.00178019
2 0.595312 0.423611 0.596875 0.200926 0.00178449
0 0.518229 0.358796 0.363542 0.182407 0.00183261
7 0.292448 0.101852 0.0942708 0.0962963 0.00189999
3 0.480729 0.114352 0.0197917 0.0398148 0.00197963
7 0.992969 0.518056 0.0130208 0.171296 0.00205373
0 0.639844 0.155093 0.0182292 0.075 0.00207035
0 0.36224 0.0694444 0.00885417 0.0240741 0.0020952
9 0.218229 0.102778 0.00833333 0.0388889 0.00216134
2 0.59349 0.122685 0.0171875 0.0287037 0.00221435
0 0.716667 0.372685 0.0229167 0.0268519 0.00225692
12 0.691667 0.166667 0.009375 0.0388889 0.00225906
9 0.570052 0.0324074 0.0140625 0.0574074 0.00228124
32 0.459896 0.356481 0.0114583 0.0148148 0.00228732
9 0.502344 0.758796 0.0119792 0.0564815 0.00261834
0 0.264062 0.1 0.009375 0.0574074 0.00277297
13 0.971615 0.524074 0.0557292 0.188889 0.00282685
9 0.114844 0.0240741 0.0161458 0.0388889 0.0030854
5 0.220573 0.0763889 0.0526042 0.0694444 0.0031326
2 0.0046875 0.410185 0.009375 0.0796296 0.00315639
0 0.478906 0.239815 0.389062 0.301852 0.00322546
2 0.238802 0.140278 0.0192708 0.0435185 0.00342795
11 0.236979 0.0680556 0.0166667 0.0435185 0.00354985
0 0.644531 0.227315 0.0255208 0.0694444 0.00355115
1 0.641927 0.286111 0.0328125 0.0814815 0.00362684
1 0.817187 0.232407 0.009375 0.0407407 0.00364791
0 0.698958 0.773611 0.14375 0.443519 0.00374201
1 0.810677 0.330556 0.0182292 0.0944444 0.00381563
1 0.0046875 0.408796 0.009375 0.0824074 0.00390703
7 0.220313 0.0675926 0.05 0.0685185 0.00408224
9 0.993229 0.494444 0.0125 0.125926 0.00422081
1 0.0111979 0.368056 0.0223958 0.0583333 0.00436685
7 0.970573 0.526389 0.0578125 0.202778 0.00445108
0 0.816927 0.23287 0.00885417 0.037963 0.00445999
2 0.364323 0.108796 0.151562 0.0675926 0.00455612
9 0.275781 0.0407407 0.0369792 0.0796296 0.00492176
2 0.529948 0.106944 0.138021 0.0564815 0.00524728
2 0.60625 0.0606481 0.0104167 0.025 0.00538964
2 0.269531 0.106019 0.0119792 0.0453704 0.00569099
9 0.108073 0.0268519 0.0140625 0.0351852 0.00588524
1 0.00807292 0.396759 0.0161458 0.106481 0.00641696
0 0.442187 0.0875 0.0125 0.025 0.00699054
58 0.968229 0.496296 0.0291667 0.0851852 0.0074037
24 0.639583 0.218519 0.028125 0.0518519 0.00772254
12 0.99349 0.496296 0.0119792 0.131481 0.0079785
7 0.789323 0.0643518 0.0265625 0.0694444 0.00856059
9 0.263542 0.0888889 0.009375 0.037037 0.00908713
2 0.441667 0.100926 0.0166667 0.0425926 0.010852
0 0.284896 0.114352 0.0125 0.062037 0.0115833
9 0.29349 0.0564815 0.00885417 0.0407407 0.0125313
9 0.215625 0.0652778 0.0395833 0.0564815 0.0141963
2 0.788542 0.0875 0.0197917 0.0287037 0.0147451
32 0.453646 0.314815 0.00833333 0.012963 0.0181432
9 0.206771 0.0671296 0.0177083 0.0453704 0.020155
0 0.635156 0.147685 0.0109375 0.0509259 0.0313653
9 0.220573 0.0893519 0.00885417 0.0175926 0.0319252
2 0.489323 0.111574 0.0140625 0.0416667 0.036349
2 0.291667 0.109722 0.025 0.0768519 0.0378636
2 0.441927 0.087037 0.0140625 0.0259259 0.0388617
9 0.567187 0.0481481 0.00833333 0.0240741 0.0393007
9 0.269271 0.0314815 0.0208333 0.0592593 0.042302
9 0.222135 0.062963 0.0130208 0.0481481 0.0451391
7 0.299219 0.105556 0.0348958 0.0740741 0.0516234
2 0.479167 0.106944 0.0302083 0.0490741 0.0518827
0 0.478125 0.113426 0.0166667 0.037963 0.0757778
7 0.4875 0.075463 0.040625 0.0398148 0.109647
0 0.756771 0.0939815 0.0145833 0.0842593 0.128517
2 0.466927 0.1125 0.0213542 0.037963 0.192421
2 0.488802 0.075 0.0390625 0.037037 0.24081
2 0.322135 0.0851852 0.0380208 0.0333333 0.263061
1 0.636198 0.294907 0.0171875 0.0731481 0.336788
2 0.50625 0.102778 0.0416667 0.0648148 0.386504
7 0.50625 0.102778 0.0427083 0.0648148 0.447776
2 0.627344 0.122222 0.0255208 0.0555556 0.495305
2 0.31849 0.120833 0.0515625 0.0712963 0.584272
1 0.396875 0.347685 0.0364583 0.0824074 0.768044
2 0.413802 0.109259 0.0359375 0.0425926 0.771124
11 0.728906 0.0430556 0.0276042 0.0546296 0.773683
0 0.639844 0.253704 0.0317708 0.124074 0.780604
10 0.203906 0.315741 0.0161458 0.0703704 0.793851
0 0.397396 0.309259 0.0375 0.112963 0.807183
2 0.729948 0.419444 0.122396 0.172222 0.90764
