0 0.709115 0.372222 0.0182292 0.0296296 0.00107553
13 0.963021 0.55463 0.0416667 0.0481481 0.00111593
0 0.0578125 0.0231481 0.0177083 0.0425926 0.00112717
2 0.255469 0.0851852 0.0213542 0.037037 0.00113128
1 0.151823 0.351852 0.0432292 0.087037 0.00113744
12 0.986979 0.518981 0.025 0.173148 0.0011878
9 0.548177 0.0527778 0.0109375 0.0240741 0.00119422
12 0.701823 0.164352 0.0182292 0.037963 0.00128152
2 0.815365 0.0689815 0.0151042 0.0138889 0.00129042
12 0.701823 0.144907 0.0223958 0.075 0.00136523
2 0.26875 0.0634259 0.0177083 0.0361111 0.00137248
12 0.693229 0.163426 0.00729167 0.0398148 0.00143814
2 0.428385 0.105556 0.283854 0.0907407 0.00146944
0 0.717969 0.371296 0.0223958 0.0277778 0.00147757
2 0.785156 0.103704 0.0421875 0.0555556 0.00147781
11 0.236719 0.0694444 0.0171875 0.0462963 0.00152392
32 0.454167 0.315278 0.00833333 0.0138889 0.00152811
9 0.275521 0.0407407 0.0354167 0.0777778 0.00155799
58 0.968229 0.495833 0.0291667 0.0805556 0.00159622
9 0.440104 0.211111 0.0114583 0.0444444 0.00170696
7 0.220573 0.0828704 0.0557292 0.121296 0.00175097
2 0.655469 0.137037 0.0744792 0.0814815 0.00176504
2 0.77526 0.111111 0.0213542 0.0333333 0.00178408
9 0.50026 0.602315 0.0140625 0.0398148 0.001802
9 0.0585938 0.0208333 0.0161458 0.0398148 0.00194443
1 0.145052 0.331019 0.0296875 0.0564815 0.00195328
1 0.222396 0.351852 0.0479167 0.142593 0.00199623
1 0.0140625 0.45 0.028125 0.262963 0.00206734
7 0.236719 0.0680556 0.0171875 0.0453704 0.00215878
0 0.535937 0.112037 0.0104167 0.0444444 0.00228201
0 0.2625 0.0888889 0.00729167 0.0425926 0.00248339
2 0.445833 0.113426 0.0239583 0.0268519 0.00249061
7 0.278646 0.075 0.0354167 0.144444 0.00255278
9 0.269271 0.0490741 0.0197917 0.037037 0.00269049
9 0.571875 0.0314815 0.0135417 0.0592593 0.00276282
2 0.289583 0.0875 0.021875 0.0472222 0.00282171
1 0.176302 0.281481 0.0140625 0.037037 0.00300154
0 0.268229 0.0990741 0.0114583 0.0574074 0.00314424
0 0.236198 0.338889 0.0223958 0.0796296 0.00323311
2 0.561979 0.108333 0.196875 0.062963 0.00328342
2 0.651042 0.149537 0.04375 0.0601852 0.00346048
7 0.318229 0.105093 0.0572917 0.0842593 0.00366564
1 0.00442708 0.456944 0.00885417 0.226852 0.0036682
9 0.208594 0.0699074 0.0265625 0.0453704 0.00370916
1 0.00963542 0.364815 0.0192708 0.0851852 0.00420156
0 0.75625 0.0851852 0.0135417 0.062963 0.00422153
2 0.813542 0.0759259 0.0177083 0.0166667 0.0044053
2 0.593229 0.124074 0.0166667 0.0259259 0.00446912
7 0.970833 0.524074 0.0572917 0.192593 0.00449956
2 0.442448 0.0865741 0.0130208 0.0268519 0.00479086
2 0.60625 0.0592593 0.0104167 0.0240741 0.00481453
2 0.270052 0.109722 0.0130208 0.0398148 0.00540678
9 0.502344 0.760185 0.0130208 0.0537037 0.00559138
0 0.458594 0.0652778 0.0078125 0.0305556 0.00587092
2 0.302083 0.0810185 0.0291667 0.0324074 0.00622826
9 0.26849 0.024537 0.0213542 0.0435185 0.0063965
12 0.99349 0.500926 0.0119792 0.140741 0.00954336
2 0.53125 0.111111 0.015625 0.0462963 0.00982749
0 0.286719 0.111111 0.0171875 0.0777778 0.011369
2 0.790625 0.087963 0.0197917 0.0222222 0.0113691
2 0.491146 0.0888889 0.0166667 0.0351852 0.0138899
1 0.228646 0.371759 0.0260417 0.106481 0.0139234
2 0.482292 0.107407 0.0458333 0.0537037 0.01396
5 0.219792 0.0643518 0.0489583 0.062037 0.015478
2 0.634635 0.141204 0.0109375 0.0453704 0.0158027
1 0.00416667 0.40787 0.00833333 0.0861111 0.0183967
7 0.21224 0.062963 0.0348958 0.0648148 0.0184095
9 0.567187 0.0476852 0.00833333 0.0231481 0.026882
2 0.48776 0.107407 0.0140625 0.05 0.0280505
2 0.501042 0.0652778 0.0166667 0.025 0.0295334
2 0.489844 0.0708333 0.0151042 0.0231481 0.0318495
2 0.46276 0.111574 0.0151042 0.037963 0.0440668
24 0.2375 0.306944 0.01875 0.0527778 0.044162
10 0.442187 0.087037 0.0125 0.0259259 0.0485181
1 0.0122396 0.397685 0.0244792 0.106481 0.0488409
2 0.297396 0.10463 0.034375 0.0759259 0.0571683
7 0.296354 0.106019 0.0354167 0.0824074 0.0634363
7 0.385156 0.0634259 0.0536458 0.0342593 0.147127
2 0.525521 0.0740741 0.0177083 0.0259259 0.177467
2 0.322396 0.0856481 0.0375 0.0324074 0.256793
2 0.470833 0.108796 0.0291667 0.0453704 0.309473
2 0.626823 0.121296 0.0255208 0.0555556 0.43494
1 0.234115 0.397685 0.0244792 0.106481 0.480049
2 0.38776 0.0634259 0.0484375 0.0342593 0.501843
2 0.505469 0.103704 0.0421875 0.062963 0.580547
2 0.318229 0.12037 0.0520833 0.0722222 0.700718
10 0.203646 0.314352 0.015625 0.0694444 0.71646
0 0.233854 0.349537 0.0322917 0.149074 0.777082
11 0.729167 0.0425926 0.0270833 0.0555556 0.824076
2 0.729688 0.419444 0.122917 0.17037 0.904857
