9 0.242708 0.0787037 0.009375 0.0481481 0.0010256
12 0.701302 0.165278 0.0182292 0.0361111 0.00111613
9 0.36224 0.0476852 0.00989583 0.0361111 0.00112681
2 0.640104 0.132407 0.0520833 0.0666667 0.00117922
9 0.290365 0.0296296 0.0109375 0.037037 0.00118574
12 0.994271 0.52037 0.0104167 0.168519 0.00121477
1 0.810938 0.32963 0.01875 0.0907407 0.00122681
2 0.579167 0.424074 0.634375 0.183333 0.00124206
0 0.525781 0.288889 0.553646 0.481481 0.00130964
10 0.817187 0.233333 0.009375 0.0407407 0.00131666
13 0.970833 0.522222 0.0572917 0.172222 0.00133903
9 0.817187 0.234259 0.009375 0.0388889 0.00133997
7 0.971615 0.523148 0.0557292 0.187037 0.00141707
2 0.0104167 0.130556 0.0208333 0.037037 0.00145003
9 0.559115 0.0273148 0.0234375 0.0509259 0.00152362
32 0.454167 0.315278 0.00729167 0.0138889 0.00156087
0 0.529427 0.111574 0.0109375 0.0435185 0.00160617
2 0.65625 0.153704 0.0510417 0.0574074 0.00161166
9 0.500521 0.602778 0.0145833 0.0407407 0.00171585
0 0.758073 0.0717593 0.00989583 0.0435185 0.00171619
2 0.591667 0.126852 0.0177083 0.0240741 0.00182671
2 0.363281 0.0657407 0.0119792 0.0185185 0.00192701
0 0.757292 0.375 0.0197917 0.0296296 0.00210947
2 0.296354 0.107407 0.0802083 0.0981481 0.00224094
5 0.214062 0.0625 0.0364583 0.0509259 0.00234621
9 0.60625 0.0601852 0.00833333 0.0240741 0.00236503
2 0.421615 0.115741 0.314063 0.0944444 0.00264602
0 0.73151 0.371759 0.0296875 0.0287037 0.00268539
9 0.548177 0.0472222 0.0109375 0.0277778 0.00272253
0 0.757292 0.0902778 0.0125 0.0805556 0.00275619
2 0.788802 0.0824074 0.0151042 0.0203704 0.00279051
9 0.277083 0.062963 0.0354167 0.122222 0.00302832
0 0.263802 0.101389 0.00885417 0.0527778 0.00343821
9 0.361198 0.0648148 0.0109375 0.0185185 0.00346161
9 0.25651 0.0763889 0.00989583 0.0453704 0.00347425
9 0.292708 0.0513889 0.009375 0.0472222 0.00399482
2 0.292708 0.0708333 0.0104167 0.0138889 0.00411176
9 0.964323 0.499537 0.0213542 0.0787037 0.00423998
12 0.690625 0.164815 0.0114583 0.0388889 0.00426357
12 0.702083 0.139352 0.0229167 0.0861111 0.00444138
2 0.783854 0.0902778 0.0114583 0.0175926 0.00462301
2 0.269531 0.108333 0.0109375 0.0407407 0.00485826
9 0.2375 0.0666667 0.0135417 0.0407407 0.00509826
2 0.79349 0.087963 0.0213542 0.0203704 0.00562272
2 0.442708 0.0856481 0.0145833 0.025 0.00634297
9 0.995573 0.486111 0.0078125 0.114815 0.00666862
0 0.635417 0.149074 0.009375 0.0518519 0.00718182
9 0.566146 0.0314815 0.015625 0.0592593 0.00719495
11 0.2375 0.0648148 0.015625 0.0351852 0.00729986
12 0.973437 0.498611 0.0395833 0.121296 0.00768892
9 0.263542 0.0884259 0.009375 0.037963 0.00788687
0 0.713802 0.370833 0.0213542 0.025 0.00848036
9 0.266667 0.0976852 0.009375 0.0509259 0.00989538
2 0.448177 0.116204 0.0307292 0.025 0.0099528
9 0.207031 0.0666667 0.0161458 0.037037 0.0123011
9 0.502344 0.759722 0.0119792 0.0546296 0.0148732
9 0.220313 0.0907407 0.009375 0.0148148 0.0152329
9 0.972917 0.497685 0.0385417 0.119444 0.0157638
0 0.44349 0.0875 0.0119792 0.025 0.0171411
9 0.567187 0.0481481 0.00833333 0.0240741 0.0323527
2 0.290885 0.110648 0.0244792 0.0768519 0.0435324
2 0.46276 0.1125 0.0130208 0.0361111 0.0477245
2 0.48724 0.108796 0.0130208 0.0435185 0.0640219
9 0.222396 0.0611111 0.0104167 0.037037 0.0821513
9 0.26875 0.0356481 0.021875 0.0694444 0.169638
2 0.472917 0.109722 0.03125 0.0416667 0.199063
2 0.627344 0.124074 0.0255208 0.0537037 0.237251
2 0.322135 0.0856481 0.0390625 0.0342593 0.282121
2 0.50599 0.0990741 0.0421875 0.0537037 0.44959
11 0.729427 0.0430556 0.0265625 0.0564815 0.747257
2 0.317969 0.121296 0.0515625 0.0685185 0.772532
2 0.507031 0.158796 0.0546875 0.0824074 0.80434
10 0.203906 0.314352 0.0161458 0.0694444 0.833376
2 0.729948 0.418519 0.122396 0.174074 0.902593
