9 0.261198 0.0481481 0.0140625 0.0444444 0.00106063
0 0.845833 0.180556 0.00625 0.0277778 0.00106878
2 0.655729 0.140278 0.0791667 0.0805556 0.00107819
9 0.440365 0.224074 0.00989583 0.0166667 0.00112225
0 0.729948 0.372222 0.0307292 0.0296296 0.00119481
0 0.995052 0.25787 0.00885417 0.187963 0.00121172
0 0.756771 0.0925926 0.0145833 0.0814815 0.00125888
9 0.995573 0.525926 0.0078125 0.037037 0.00131163
13 0.982552 0.520833 0.0338542 0.180556 0.00133191
7 0.980208 0.522685 0.0385417 0.193519 0.00136713
9 0.548177 0.0509259 0.0109375 0.0240741 0.00138286
9 0.50026 0.602315 0.0151042 0.0398148 0.00138376
12 0.988542 0.495833 0.021875 0.126852 0.00139694
9 0.27474 0.0407407 0.0328125 0.0777778 0.0014232
2 0.404687 0.106944 0.276042 0.0805556 0.00160355
12 0.701563 0.164815 0.0197917 0.0388889 0.0016442
9 0.2625 0.0865741 0.00833333 0.0361111 0.0016793
11 0.233594 0.0625 0.0265625 0.0638889 0.00169896
9 0.258594 0.075463 0.0130208 0.0509259 0.0017271
0 0.660677 0.73287 0.0119792 0.0435185 0.00175589
2 0.266146 0.0976852 0.0104167 0.0546296 0.0018621
11 0.220833 0.0726852 0.05 0.0546296 0.00198294
2 0.00859375 0.394907 0.0171875 0.115741 0.00216043
9 0.252344 0.0847222 0.0130208 0.0342593 0.00225624
1 0.810938 0.327778 0.01875 0.087037 0.00235058
9 0.267188 0.0527778 0.015625 0.0388889 0.00239791
2 0.571615 0.109259 0.233854 0.0685185 0.00252702
0 0.716146 0.371759 0.025 0.0268519 0.00264596
0 0.284115 0.0921296 0.00989583 0.0268519 0.00267323
1 0.00625 0.3875 0.0125 0.106481 0.00280428
2 0.29375 0.075 0.0135417 0.0203704 0.00284603
2 0.647656 0.143981 0.0348958 0.0638889 0.00287437
0 0.578906 0.796759 0.0505208 0.0509259 0.00291537
2 0.363802 0.0666667 0.0119792 0.0203704 0.0030451
9 0.23776 0.0708333 0.0151042 0.0453704 0.00309016
2 0.779948 0.1 0.0307292 0.0481481 0.00324857
12 0.693229 0.164352 0.00729167 0.0398148 0.00399731
9 0.994531 0.489815 0.00989583 0.116667 0.00404011
9 0.571354 0.0314815 0.0135417 0.0592593 0.00426302
2 0.480208 0.10787 0.0489583 0.0583333 0.00442078
11 0.60599 0.0592593 0.00989583 0.0259259 0.00445658
2 0.442708 0.0865741 0.0135417 0.025 0.00464055
0 0.757552 0.0699074 0.0119792 0.0472222 0.00473603
11 0.239844 0.0351852 0.0223958 0.0666667 0.00492481
0 0.635938 0.800926 0.0583333 0.0648148 0.00492964
9 0.208333 0.0671296 0.021875 0.0453704 0.00507112
2 0.303385 0.0814815 0.0265625 0.0333333 0.00562818
9 0.43776 0.200463 0.00885417 0.0398148 0.00577653
9 0.215104 0.0578704 0.0302083 0.0527778 0.00591348
2 0.446875 0.114815 0.025 0.0240741 0.005962
7 0.219531 0.062037 0.0484375 0.0703704 0.00650787
12 0.994531 0.490278 0.00989583 0.119444 0.00658602
2 0.284635 0.112963 0.0192708 0.0518519 0.00705958
5 0.220833 0.0643518 0.0489583 0.0601852 0.00726775
0 0.995833 0.323611 0.00729167 0.0583333 0.00758876
2 0.271615 0.109722 0.0140625 0.037963 0.00784171
2 0.238281 0.141667 0.0182292 0.0407407 0.00966233
9 0.269271 0.0296296 0.0208333 0.0537037 0.0111456
9 0.442448 0.0865741 0.0130208 0.025 0.0133926
9 0.220313 0.0884259 0.0104167 0.0157407 0.0134793
2 0.592708 0.125926 0.0177083 0.0222222 0.0140761
2 0.00416667 0.414815 0.00833333 0.0722222 0.0140855
2 0.633854 0.135185 0.0125 0.0574074 0.0154487
2 0.785937 0.087963 0.0166667 0.0259259 0.0249377
11 0.2375 0.0685185 0.015625 0.0425926 0.0268851
2 0.292188 0.115278 0.0166667 0.0435185 0.0341208
9 0.567448 0.0481481 0.0078125 0.0240741 0.0559732
2 0.296094 0.0875 0.0244792 0.0361111 0.0568302
2 0.461979 0.111574 0.0125 0.0398148 0.114428
2 0.323177 0.087037 0.0369792 0.0351852 0.279156
2 0.479688 0.109259 0.0229167 0.0444444 0.284006
7 0.50599 0.104167 0.0432292 0.0638889 0.353225
2 0.627604 0.122222 0.025 0.0537037 0.433616
2 0.505729 0.103704 0.04375 0.062963 0.479188
2 0.31849 0.121296 0.0515625 0.0703704 0.747849
11 0.729427 0.0430556 0.0265625 0.0564815 0.766472
10 0.203906 0.316204 0.0161458 0.0694444 0.799173
2 0.729948 0.418981 0.122396 0.173148 0.901834
2 0.609896 0.85463 0.202083 0.287037 0.916382
