9 0.416146 0.0106481 0.0166667 0.0212963 0.00116534
0 0.373437 0.229167 0.708333 0.336111 0.00119236
2 0.53125 0.112963 0.0135417 0.0425926 0.00120981
9 0.361458 0.0638889 0.0114583 0.0240741 0.00123255
2 0.683854 0.108796 0.134375 0.0805556 0.00123699
2 0.557292 0.42963 0.578125 0.187037 0.00124308
9 0.756771 0.074537 0.009375 0.0416667 0.00125333
9 0.276302 0.0407407 0.0380208 0.0777778 0.00127613
2 0.0255208 0.352778 0.05 0.0314815 0.00132303
0 0.754687 0.0796296 0.0114583 0.05 0.00132592
7 0.992969 0.51713 0.0130208 0.171296 0.00151021
2 0.644792 0.122685 0.0614583 0.0657407 0.00152572
39 0.50026 0.602315 0.0140625 0.0398148 0.00154272
2 0.667708 0.200463 0.059375 0.100926 0.00155476
2 0.592448 0.125463 0.0171875 0.025 0.00156425
32 0.460156 0.356019 0.00989583 0.0157407 0.00156549
2 0.779688 0.0986111 0.0302083 0.0416667 0.0016332
0 0.75651 0.375463 0.0213542 0.0305556 0.0016429
2 0.665885 0.152778 0.0578125 0.0462963 0.00166846
58 0.919792 0.185185 0.160417 0.364815 0.00169634
2 0.0252604 0.393981 0.0505208 0.119444 0.00170313
2 0.416927 0.10787 0.289062 0.075 0.00179269
3 0.0236979 0.393056 0.0473958 0.117593 0.0019014
9 0.502344 0.760185 0.0119792 0.0555556 0.00190351
7 0.276042 0.0689815 0.0395833 0.132407 0.00210857
2 0.797135 0.0837963 0.0317708 0.0268519 0.00214417
13 0.971875 0.519907 0.0552083 0.175 0.00217525
32 0.454167 0.314352 0.00729167 0.0138889 0.00222752
2 0.816927 0.0837963 0.0130208 0.0268519 0.00229945
0 0.730208 0.372222 0.0270833 0.0296296 0.00244354
7 0.664844 0.127315 0.0953125 0.0805556 0.00246682
0 0.263802 0.100463 0.00885417 0.0546296 0.00251555
2 0.363542 0.0662037 0.0114583 0.0212963 0.0026691
0 0.817448 0.233796 0.00885417 0.0398148 0.0027751
9 0.3625 0.0509259 0.0114583 0.0425926 0.00278904
2 0.649219 0.148148 0.0390625 0.0537037 0.00284026
0 0.465365 0.427315 0.876562 0.782407 0.00290922
0 0.268229 0.0990741 0.0125 0.0574074 0.00301204
2 0.583854 0.10787 0.266667 0.062037 0.00306749
2 0.238542 0.141667 0.01875 0.0407407 0.00312391
7 0.970573 0.522685 0.0578125 0.193519 0.00344775
9 0.293229 0.0574074 0.00833333 0.0388889 0.00355409
9 0.573438 0.0310185 0.0145833 0.0583333 0.00366119
0 0.00494792 0.387037 0.00989583 0.12963 0.00378798
2 0.815104 0.0694444 0.015625 0.012963 0.00379598
9 0.992708 0.49213 0.0135417 0.123148 0.00387716
0 0.36224 0.0648148 0.00989583 0.0314815 0.00419222
13 0.961719 0.556019 0.0390625 0.0435185 0.00419791
58 0.96901 0.496759 0.0307292 0.0916667 0.0043585
2 0.442448 0.0875 0.0140625 0.025 0.00439233
2 0.269531 0.110648 0.0119792 0.037963 0.00482376
5 0.221094 0.0662037 0.0484375 0.0546296 0.00487876
2 0.60625 0.0601852 0.009375 0.0240741 0.00493953
9 0.584115 0.0375 0.0130208 0.0527778 0.00509709
9 0.269271 0.0486111 0.0197917 0.0361111 0.00515376
12 0.994531 0.492593 0.00989583 0.12963 0.00527807
11 0.236719 0.0680556 0.0171875 0.0435185 0.00534235
9 0.21849 0.0509259 0.0213542 0.0407407 0.00542676
0 0.713802 0.370833 0.0203125 0.0268519 0.0059861
0 0.634375 0.146296 0.0114583 0.0574074 0.00600871
2 0.308594 0.0814815 0.0234375 0.0333333 0.00603389
7 0.220313 0.0671296 0.0489583 0.0546296 0.00653288
0 0.282031 0.0861111 0.00677083 0.0277778 0.00742484
0 0.285677 0.113426 0.0151042 0.0731481 0.00746843
9 0.292188 0.0699074 0.0104167 0.0194444 0.00757451
2 0.44401 0.116204 0.0213542 0.0231481 0.00863337
2 0.814062 0.0759259 0.01875 0.0166667 0.0106966
9 0.207292 0.0689815 0.0197917 0.0416667 0.0109733
2 0.634635 0.144444 0.0109375 0.0462963 0.0120797
9 0.26875 0.0217593 0.0208333 0.037963 0.0128735
2 0.469271 0.10787 0.0302083 0.0472222 0.0157951
0 0.348177 0.533796 0.0390625 0.0453704 0.0159803
1 0.0127604 0.394907 0.0255208 0.113889 0.0177632
2 0.785677 0.0898148 0.0140625 0.0240741 0.0201042
2 0.297396 0.105093 0.0364583 0.075 0.020598
9 0.220052 0.0884259 0.00885417 0.0157407 0.0227591
3 0.00885417 0.39537 0.0177083 0.111111 0.0246934
9 0.567187 0.0476852 0.00833333 0.0231481 0.0286862
7 0.298698 0.104167 0.0380208 0.075 0.0297065
0 0.374479 0.531944 0.0364583 0.0472222 0.0340576
1 0.0046875 0.396296 0.009375 0.111111 0.0364192
3 0.00416667 0.40787 0.00833333 0.087963 0.0410466
9 0.442448 0.0875 0.0130208 0.025 0.0413237
2 0.4875 0.10787 0.0135417 0.0490741 0.0419521
0 0.330208 0.534722 0.0375 0.0472222 0.0758885
2 0.461979 0.113889 0.0114583 0.0351852 0.0778073
2 0.479427 0.109259 0.0213542 0.0444444 0.261544
2 0.322656 0.087037 0.0380208 0.037037 0.304592
7 0.505729 0.104167 0.0427083 0.0638889 0.405864
2 0.505729 0.103704 0.0427083 0.062963 0.425291
2 0.627083 0.120833 0.025 0.0527778 0.551213
2 0.318229 0.121759 0.0510417 0.0712963 0.691498
11 0.728906 0.0430556 0.0265625 0.0564815 0.805944
10 0.203646 0.315278 0.015625 0.0731481 0.850282
2 0.384635 0.258333 0.0859375 0.116667 0.889831
2 0.703385 0.199074 0.131771 0.103704 0.914179
2 0.729688 0.418981 0.122917 0.171296 0.915649
2 0.35599 0.584259 0.147396 0.218519 0.93596
