5 0.209896 0.0699074 0.0302083 0.0472222 0.00100747
13 0.98724 0.518981 0.0244792 0.175 0.00102493
9 0.576823 0.0310185 0.0140625 0.0583333 0.00106271
1 0.810938 0.330556 0.0197917 0.0907407 0.00107403
2 0.0445312 0.062963 0.0369792 0.0277778 0.0011243
13 0.970573 0.53287 0.0578125 0.165741 0.00115744
2 0.782812 0.105556 0.0364583 0.0537037 0.00117496
12 0.692708 0.164352 0.00729167 0.037963 0.0011803
9 0.816667 0.235185 0.009375 0.0388889 0.00119005
58 0.96849 0.494907 0.0307292 0.0898148 0.00125624
9 0.263542 0.0847222 0.009375 0.0305556 0.00131405
0 0.757292 0.373611 0.01875 0.0305556 0.00133342
11 0.221615 0.0675926 0.0505208 0.0611111 0.00133759
2 0.792969 0.0856481 0.0369792 0.037963 0.00134765
0 0.995573 0.329167 0.0078125 0.0509259 0.00135642
12 0.988021 0.514815 0.0229167 0.166667 0.00137053
9 0.258854 0.0699074 0.0114583 0.0435185 0.00141667
58 0.960938 0.283796 0.0416667 0.14537 0.00142186
2 0.776042 0.116667 0.021875 0.037037 0.00144273
9 0.208594 0.0685185 0.0255208 0.0444444 0.00145128
9 0.50026 0.602778 0.0151042 0.0388889 0.00148615
2 0.0604167 0.0689815 0.0322917 0.025 0.00155108
9 0.991146 0.505093 0.0166667 0.147222 0.00158846
9 0.290365 0.0273148 0.0109375 0.0342593 0.00162122
2 0.0338542 0.0643518 0.0197917 0.0212963 0.00173177
2 0.46901 0.0930556 0.0296875 0.0583333 0.0017986
2 0.363542 0.0685185 0.0114583 0.0222222 0.00192729
2 0.771354 0.112037 0.0135417 0.0259259 0.00194971
0 0.2625 0.106481 0.009375 0.0481481 0.00201991
2 0.4625 0.113426 0.375 0.0990741 0.00206696
12 0.995313 0.53287 0.00833333 0.0472222 0.00213979
0 0.00494792 0.375926 0.00989583 0.101852 0.00214129
9 0.29349 0.0527778 0.00885417 0.0425926 0.00254418
9 0.416146 0.0106481 0.015625 0.0212963 0.00260482
2 0.225521 0.137037 0.0447917 0.0518519 0.00262627
0 0.266146 0.0986111 0.0104167 0.0527778 0.0026799
2 0.436458 0.0861111 0.0125 0.0259259 0.00295114
0 0.716406 0.373148 0.0244792 0.0259259 0.00305511
9 0.115104 0.0240741 0.01875 0.0425926 0.003779
9 0.219271 0.0569444 0.021875 0.0509259 0.00407194
9 0.21849 0.0865741 0.00885417 0.0175926 0.00449108
2 0.65026 0.15 0.0390625 0.0574074 0.00526687
2 0.445052 0.0847222 0.0192708 0.0398148 0.0053142
2 0.239323 0.106944 0.0161458 0.037963 0.00589117
2 0.271354 0.109259 0.0135417 0.0388889 0.00647618
9 0.568229 0.0319444 0.0114583 0.0583333 0.00695776
12 0.75599 0.0930556 0.0130208 0.075 0.00741874
11 0.23724 0.0689815 0.0171875 0.0435185 0.00750905
9 0.3625 0.0694444 0.009375 0.0240741 0.00816014
2 0.0257812 0.366667 0.0515625 0.0518519 0.00856895
12 0.99401 0.497222 0.0109375 0.131481 0.00871649
2 0.786198 0.0902778 0.0151042 0.0212963 0.00873823
2 0.0130208 0.366667 0.0260417 0.0407407 0.00894395
2 0.491406 0.101852 0.0182292 0.0592593 0.00933076
2 0.340365 0.0898148 0.0109375 0.0314815 0.0113589
11 0.60651 0.0587963 0.00989583 0.025 0.0123605
2 0.592448 0.126852 0.0171875 0.0222222 0.0129411
7 0.220573 0.0662037 0.0505208 0.0787037 0.0138049
9 0.502865 0.760185 0.0119792 0.0537037 0.0201161
2 0.439323 0.0930556 0.0151042 0.0527778 0.0208482
0 0.635417 0.148148 0.009375 0.0518519 0.0247872
2 0.635156 0.14537 0.0109375 0.0518519 0.0252319
1 0.0145833 0.396759 0.0291667 0.106481 0.0266613
2 0.467708 0.0810185 0.0239583 0.0324074 0.028278
2 0.238281 0.140741 0.0182292 0.0425926 0.033947
9 0.567187 0.0481481 0.00833333 0.0240741 0.0378181
9 0.269531 0.0375 0.0213542 0.0675926 0.0619944
2 0.485677 0.106019 0.0171875 0.0527778 0.065815
7 0.457812 0.102315 0.0489583 0.075 0.0721411
1 0.0046875 0.405093 0.009375 0.0953704 0.0854944
2 0.298958 0.106019 0.040625 0.0824074 0.175688
0 0.421094 0.0592593 0.0078125 0.0314815 0.198266
2 0.321875 0.0888889 0.0385417 0.0333333 0.217541
2 0.627344 0.12037 0.0255208 0.0481481 0.339267
2 0.50625 0.10463 0.0427083 0.0611111 0.55348
2 0.457812 0.101852 0.0489583 0.0722222 0.578561
10 0.203646 0.316204 0.0166667 0.0712963 0.677002
2 0.31849 0.120833 0.0505208 0.0731481 0.733477
11 0.729167 0.0425926 0.0270833 0.0555556 0.802892
2 0.729948 0.419444 0.122396 0.172222 0.910294
