0 0.733594 0.370833 0.0244792 0.0305556 0.00106168
9 0.259635 0.0740741 0.0140625 0.0537037 0.0011126
14 0.200521 0.243519 0.0197917 0.0166667 0.00114944
2 0.535937 0.111574 0.0145833 0.0453704 0.00117859
9 0.177344 0.508333 0.0348958 0.037037 0.00125044
9 0.26276 0.087963 0.0078125 0.0388889 0.00127623
9 0.253906 0.0851852 0.0161458 0.0351852 0.0013248
7 0.209115 0.0671296 0.0380208 0.0546296 0.00133511
2 0.794271 0.0851852 0.034375 0.0314815 0.00133752
9 0.547656 0.0592593 0.00989583 0.0240741 0.00134479
9 0.415625 0.0106481 0.015625 0.0212963 0.00136004
2 0.530729 0.1125 0.0135417 0.0416667 0.00145567
13 0.971354 0.523148 0.05625 0.164815 0.00156519
9 0.273958 0.0407407 0.0322917 0.0777778 0.0016247
9 0.29375 0.0527778 0.0104167 0.0388889 0.00162711
0 0.26276 0.101852 0.00885417 0.0555556 0.00174094
9 0.582031 0.037037 0.0130208 0.0537037 0.00179067
2 0.648958 0.148148 0.0375 0.0574074 0.00183451
2 0.995052 0.530556 0.00885417 0.144444 0.00187924
9 0.576823 0.0328704 0.0140625 0.062037 0.00191423
2 0.238281 0.140741 0.0203125 0.0425926 0.00199445
2 0.566146 0.108796 0.248958 0.0694444 0.00210175
13 0.96224 0.555556 0.0390625 0.0444444 0.00215444
2 0.0401042 0.0657407 0.0177083 0.0185185 0.00236301
2 0.995833 0.530556 0.00729167 0.0407407 0.00250605
14 0.483073 0.491667 0.0151042 0.0296296 0.00257509
1 0.0114583 0.366204 0.0229167 0.0453704 0.00271589
0 0.458333 0.0648148 0.00729167 0.0314815 0.00271837
2 0.404948 0.108333 0.267188 0.0759259 0.00277287
1 0.995052 0.331481 0.00885417 0.0574074 0.00280604
1 0.985156 0.33287 0.0286458 0.0527778 0.0028077
0 0.713802 0.372222 0.0223958 0.0277778 0.00283961
11 0.2375 0.0694444 0.0166667 0.0462963 0.00291905
0 0.757031 0.0717593 0.00989583 0.0416667 0.0030186
2 0.813802 0.075463 0.0182292 0.0194444 0.00314958
2 0.0330729 0.0634259 0.0161458 0.0175926 0.0032724
9 0.50026 0.60463 0.0151042 0.0444444 0.00333073
2 0.78099 0.102778 0.0317708 0.0481481 0.00336331
2 0.266927 0.0986111 0.0109375 0.0564815 0.00347669
0 0.28776 0.111111 0.0171875 0.0777778 0.0038775
10 0.197135 0.306944 0.0307292 0.0916667 0.00446457
58 0.967969 0.498148 0.0276042 0.0814815 0.00450293
12 0.994792 0.497222 0.009375 0.137037 0.00451054
9 0.210156 0.0671296 0.0276042 0.0472222 0.00453952
9 0.270052 0.0513889 0.0192708 0.0361111 0.00504282
2 0.476823 0.108333 0.0651042 0.0611111 0.00512204
9 0.570833 0.0310185 0.0125 0.0583333 0.00662734
0 0.995573 0.331019 0.0078125 0.0509259 0.00753291
11 0.60625 0.0592593 0.009375 0.0259259 0.00761382
2 0.592969 0.125926 0.0161458 0.0240741 0.0102251
9 0.269531 0.0240741 0.0192708 0.0388889 0.0113365
2 0.271094 0.109722 0.0130208 0.0398148 0.0128294
2 0.635417 0.146296 0.0104167 0.0518519 0.0138884
10 0.443229 0.0893519 0.0135417 0.0324074 0.0146777
0 0.635417 0.147685 0.009375 0.0490741 0.0151763
1 0.0127604 0.39537 0.0255208 0.112963 0.0181276
2 0.785417 0.0898148 0.0135417 0.0240741 0.0200868
0 0.442708 0.0962963 0.015625 0.0481481 0.0202054
9 0.502604 0.760648 0.0125 0.0546296 0.0206674
5 0.220573 0.0675926 0.0505208 0.0592593 0.0207659
7 0.220573 0.0574074 0.0515625 0.0833333 0.0258169
1 0.00442708 0.407407 0.00885417 0.087037 0.0279376
2 0.442969 0.0893519 0.0140625 0.0324074 0.0367319
9 0.111979 0.025463 0.0145833 0.037963 0.0542901
2 0.36224 0.0708333 0.00989583 0.0231481 0.0566874
2 0.46224 0.113426 0.0140625 0.0361111 0.0631016
9 0.567708 0.0486111 0.00833333 0.0231481 0.0634893
7 0.299479 0.104167 0.0385417 0.0805556 0.123449
2 0.30026 0.10463 0.0369792 0.0796296 0.159201
2 0.322135 0.087037 0.0380208 0.0333333 0.253541
2 0.627604 0.120833 0.0260417 0.0509259 0.266126
7 0.506771 0.104167 0.0427083 0.0638889 0.314174
2 0.473958 0.108333 0.0354167 0.0462963 0.428705
2 0.506771 0.103704 0.0416667 0.062963 0.500773
2 0.31875 0.120833 0.05 0.0712963 0.703237
10 0.204167 0.316204 0.015625 0.0694444 0.724958
2 0.395573 0.0717593 0.0338542 0.0416667 0.764626
11 0.729427 0.0439815 0.0265625 0.0564815 0.803081
2 0.729948 0.418981 0.122396 0.171296 0.908314
