58 0.92474 0.186111 0.150521 0.366667 0.00101072
9 0.260417 0.0648148 0.0135417 0.0388889 0.0010191
9 0.265625 0.0768519 0.0145833 0.0537037 0.0010495
12 0.692448 0.163426 0.00885417 0.0398148 0.00113264
2 0.817448 0.232407 0.00885417 0.0444444 0.00114146
11 0.702083 0.121296 0.021875 0.0462963 0.00115794
0 0.75651 0.0949074 0.0140625 0.0805556 0.00123504
2 0.814323 0.0851852 0.0171875 0.0259259 0.00124771
9 0.236458 0.0680556 0.0166667 0.0453704 0.00125632
13 0.970833 0.524074 0.0572917 0.17963 0.00132455
9 0.557552 0.024537 0.0255208 0.0472222 0.00135637
9 0.548177 0.049537 0.0109375 0.0287037 0.00140899
0 0.567187 0.732407 0.185417 0.514815 0.00144903
9 0.510156 0.239352 0.0109375 0.0546296 0.00146941
7 0.970833 0.527778 0.0572917 0.198148 0.00151319
2 0.64375 0.152315 0.0260417 0.062037 0.00151766
2 0.513542 0.109259 0.326042 0.0703704 0.00152997
9 0.973437 0.518981 0.0520833 0.176852 0.0015608
9 0.469531 0.413426 0.00989583 0.0231481 0.00157974
0 0.73099 0.373148 0.0328125 0.0296296 0.00161211
1 0.810938 0.332407 0.01875 0.0962963 0.00163776
2 0.53099 0.112037 0.0119792 0.0425926 0.00177424
0 0.189583 0.724074 0.163542 0.464815 0.00190834
0 0.253646 0.131019 0.0125 0.0527778 0.00191495
12 0.995313 0.528241 0.00833333 0.0453704 0.00199467
0 0.460156 0.11713 0.0119792 0.0342593 0.00201438
0 0.569792 0.265741 0.0291667 0.0444444 0.00204893
9 0.291667 0.0671296 0.0104167 0.0194444 0.00207918
12 0.965885 0.501389 0.0244792 0.0824074 0.00217644
9 0.415625 0.0106481 0.015625 0.0212963 0.00218098
5 0.219792 0.0717593 0.0520833 0.0546296 0.00225625
1 0.0111979 0.366204 0.0223958 0.0453704 0.00235942
9 0.26276 0.0449074 0.0161458 0.0509259 0.00240816
9 0.29375 0.0537037 0.00833333 0.0388889 0.00245618
9 0.213281 0.0541667 0.0338542 0.0509259 0.00246905
9 0.21875 0.0810185 0.015625 0.0287037 0.00251468
2 0.6625 0.152778 0.0645833 0.0648148 0.00273623
11 0.236979 0.0666667 0.0166667 0.0407407 0.00275138
0 0.708594 0.373611 0.0171875 0.0268519 0.00276521
2 0.44401 0.103241 0.0192708 0.0453704 0.00282233
9 0.454688 0.312963 0.00833333 0.0185185 0.00307092
0 0.554948 0.268056 0.0213542 0.0361111 0.00309896
0 0.263542 0.114815 0.00833333 0.0444444 0.00312014
2 0.196615 0.247222 0.0276042 0.0166667 0.00335285
2 0.785417 0.10463 0.0416667 0.0592593 0.00351586
2 0.814062 0.0773148 0.0166667 0.0157407 0.00389815
2 0.298438 0.108796 0.0802083 0.0824074 0.00399692
9 0.571615 0.0314815 0.0151042 0.0592593 0.00400507
0 0.71849 0.372222 0.0234375 0.0277778 0.00412351
1 0.0125 0.393056 0.025 0.115741 0.00455099
2 0.433854 0.108796 0.169792 0.0564815 0.00477158
2 0.60599 0.0597222 0.00989583 0.025 0.00507928
2 0.346354 0.109722 0.101042 0.062037 0.005757
2 0.238281 0.141204 0.0182292 0.0398148 0.00684679
9 0.989323 0.499537 0.0192708 0.125 0.0071378
2 0.270833 0.110648 0.0125 0.037963 0.00837879
0 0.35026 0.118519 0.0140625 0.0351852 0.00938521
12 0.976823 0.5 0.0338542 0.125926 0.00953591
12 0.995052 0.490741 0.00885417 0.12037 0.010705
2 0.635156 0.147685 0.0109375 0.0546296 0.0123448
2 0.592188 0.127315 0.0177083 0.0231481 0.0130509
9 0.11276 0.0268519 0.0171875 0.0462963 0.0130649
0 0.635417 0.149537 0.009375 0.0509259 0.0145779
2 0.363021 0.0694444 0.0104167 0.0259259 0.0154882
2 0.460677 0.116204 0.0119792 0.0324074 0.0191983
2 0.00390625 0.408333 0.0078125 0.0851852 0.0193784
2 0.789844 0.0888889 0.0244792 0.0277778 0.0196262
9 0.207031 0.0694444 0.0203125 0.0407407 0.0217441
2 0.32526 0.103704 0.0484375 0.062963 0.0220547
1 0.0046875 0.390741 0.009375 0.118519 0.0249276
9 0.442448 0.0861111 0.0130208 0.0240741 0.0267378
9 0.567187 0.0481481 0.00833333 0.0240741 0.0281356
9 0.502604 0.759259 0.0114583 0.0555556 0.0312321
7 0.296354 0.109722 0.0375 0.0824074 0.0315653
2 0.442448 0.0861111 0.0130208 0.0240741 0.0378428
9 0.26901 0.0347222 0.0213542 0.0638889 0.05371
2 0.290365 0.114352 0.0244792 0.0712963 0.0783179
9 0.222396 0.0578704 0.0114583 0.0324074 0.0960531
2 0.346354 0.11713 0.0135417 0.037963 0.101525
2 0.321354 0.0847222 0.0375 0.0324074 0.273374
7 0.50625 0.103241 0.0427083 0.0638889 0.342186
2 0.477083 0.108796 0.0291667 0.0453704 0.351916
2 0.627344 0.122222 0.0255208 0.05 0.422613
2 0.50625 0.103704 0.0427083 0.062963 0.508272
10 0.203906 0.316204 0.0161458 0.0712963 0.667406
2 0.317969 0.123148 0.0515625 0.0685185 0.731969
11 0.729167 0.0425926 0.0270833 0.0555556 0.778993
2 0.386719 0.0949074 0.0265625 0.0398148 0.795452
7 0.56224 0.299074 0.115104 0.203704 0.90543
2 0.729948 0.419444 0.123438 0.174074 0.909876
