9 0.56224 0.049537 0.0182292 0.0268519 0.00103421
9 0.5 0.601852 0.0145833 0.0407407 0.00107772
9 0.261458 0.0527778 0.0145833 0.0388889 0.00109121
13 0.00390625 0.406481 0.0078125 0.0907407 0.00110981
12 0.701823 0.164815 0.0192708 0.0388889 0.00112858
2 0.218229 0.134722 0.059375 0.0527778 0.00114583
0 0.757812 0.0726852 0.0104167 0.0453704 0.00115859
2 0.291927 0.106944 0.0963542 0.0916667 0.00117725
9 0.990885 0.505556 0.0171875 0.161111 0.00119879
12 0.692448 0.163426 0.0078125 0.0398148 0.00128842
2 0.466667 0.0199074 0.0197917 0.0175926 0.00135731
2 0.561979 0.423148 0.579167 0.177778 0.00140581
12 0.701823 0.139352 0.0223958 0.0861111 0.00143564
9 0.559896 0.0287037 0.0208333 0.0518519 0.00144109
2 0.77526 0.120833 0.0213542 0.0435185 0.00144732
0 0.75625 0.0898148 0.0135417 0.0777778 0.00147697
2 0.652344 0.154167 0.0442708 0.0546296 0.00149863
1 0.00494792 0.369444 0.00989583 0.0685185 0.00152767
7 0.970833 0.522222 0.0572917 0.2 0.00154305
11 0.230208 0.0662037 0.0322917 0.0490741 0.00158906
2 0.442969 0.103241 0.0182292 0.0472222 0.00161689
0 0.282031 0.087037 0.0078125 0.0277778 0.00166844
9 0.253125 0.0851852 0.0145833 0.0351852 0.00174263
9 0.259896 0.0726852 0.0125 0.0490741 0.00177919
13 0.99375 0.518519 0.0114583 0.166667 0.00189271
2 0.780729 0.103241 0.0322917 0.0564815 0.0019711
9 0.429427 0.0444444 0.0078125 0.0277778 0.00201943
9 0.271615 0.0398148 0.0276042 0.0759259 0.00202724
0 0.717708 0.372222 0.025 0.0259259 0.00212011
10 0.195312 0.294907 0.0322917 0.115741 0.0021434
9 0.502604 0.758796 0.0145833 0.0583333 0.00218034
2 0.545833 0.111574 0.264583 0.0712963 0.00218102
0 0.708073 0.372685 0.0192708 0.0268519 0.0022157
9 0.415365 0.00925926 0.0151042 0.0185185 0.00225988
9 0.190625 0.087963 0.009375 0.0203704 0.00243285
13 0.971875 0.522685 0.0552083 0.187963 0.00247701
32 0.454167 0.314815 0.00729167 0.012963 0.00264933
2 0.422656 0.112037 0.192188 0.0666667 0.00268981
9 0.293229 0.0564815 0.009375 0.0407407 0.00270647
12 0.975781 0.496296 0.0432292 0.124074 0.00293445
7 0.213542 0.0611111 0.0364583 0.0611111 0.00298003
2 0.363281 0.0666667 0.0130208 0.0259259 0.00324762
9 0.266927 0.0935185 0.00989583 0.0462963 0.00336225
0 0.817187 0.235185 0.009375 0.037037 0.00348017
9 0.236719 0.0685185 0.0171875 0.0444444 0.00348029
2 0.361719 0.113426 0.134896 0.0694444 0.0035539
9 0.291406 0.0717593 0.0119792 0.0157407 0.00368646
9 0.18776 0.0851852 0.00677083 0.0259259 0.00394573
9 0.263021 0.0851852 0.00729167 0.0314815 0.00473962
9 0.219271 0.103241 0.0104167 0.037963 0.00516964
9 0.56901 0.0314815 0.0130208 0.0592593 0.00534374
2 0.592969 0.126389 0.0171875 0.0212963 0.00537011
2 0.309375 0.0819444 0.0229167 0.0342593 0.00538679
2 0.53151 0.112963 0.0140625 0.0425926 0.00750458
2 0.238281 0.141667 0.0182292 0.0407407 0.00826018
2 0.271094 0.110185 0.0130208 0.0351852 0.00830543
12 0.994792 0.49213 0.009375 0.136111 0.00858676
9 0.269792 0.0513889 0.01875 0.0342593 0.00923593
9 0.458333 0.0652778 0.00729167 0.0287037 0.011491
2 0.442708 0.0865741 0.0135417 0.025 0.0115784
2 0.785677 0.087963 0.0151042 0.0259259 0.0124556
9 0.208854 0.0652778 0.021875 0.0472222 0.0133377
9 0.442969 0.087037 0.0119792 0.0259259 0.0156902
9 0.269792 0.0194444 0.0197917 0.0333333 0.016538
2 0.60599 0.0592593 0.00989583 0.0259259 0.0170017
2 0.291146 0.121296 0.0197917 0.0555556 0.0173589
0 0.635417 0.149537 0.009375 0.0490741 0.0195193
9 0.219531 0.0893519 0.00885417 0.0138889 0.022262
9 0.216406 0.062037 0.0234375 0.0462963 0.0225995
2 0.635156 0.145833 0.0109375 0.0490741 0.0249383
11 0.23724 0.0671296 0.0161458 0.0398148 0.0256138
7 0.298438 0.106481 0.0354167 0.0777778 0.0310536
2 0.489583 0.108333 0.015625 0.0462963 0.0408202
9 0.567187 0.0476852 0.00833333 0.025 0.0542398
2 0.473177 0.108333 0.0338542 0.0462963 0.129702
2 0.479167 0.109259 0.0166667 0.0388889 0.154883
2 0.465625 0.113889 0.0177083 0.0351852 0.181572
2 0.321094 0.087037 0.0390625 0.0351852 0.246458
2 0.627344 0.121759 0.0255208 0.0509259 0.27952
2 0.505208 0.103241 0.04375 0.062037 0.5359
2 0.317969 0.121759 0.0505208 0.0694444 0.675779
11 0.729167 0.0425926 0.0270833 0.0555556 0.774108
2 0.359115 0.10787 0.0338542 0.0453704 0.781546
10 0.203906 0.315741 0.0161458 0.0722222 0.819391
2 0.489583 0.170833 0.0625 0.0861111 0.838231
2 0.729948 0.418981 0.122396 0.173148 0.889723
