9 0.547917 0.0523148 0.0104167 0.025 0.00102412
0 0.595573 0.118519 0.0130208 0.037037 0.00103171
2 0.5875 0.425463 0.697917 0.189815 0.00106332
9 0.591406 0.0333333 0.0171875 0.0555556 0.00108868
9 0.498177 0.762963 0.0213542 0.0666667 0.00109545
0 0.263281 0.103704 0.00989583 0.0518519 0.00114763
9 0.2375 0.0782407 0.0177083 0.0583333 0.00121369
10 0.775 0.124537 0.0177083 0.0453704 0.00122191
2 0.275 0.111574 0.0229167 0.0583333 0.00122239
9 0.5625 0.05 0.0197917 0.0240741 0.00126354
2 0.229948 0.130556 0.0369792 0.062963 0.00126639
2 0.655469 0.138889 0.0828125 0.0833333 0.00128858
2 0.456771 0.0810185 0.0614583 0.062037 0.00131719
0 0.75625 0.374537 0.0197917 0.0305556 0.00136129
2 0.00755208 0.117593 0.0151042 0.109259 0.0014062
0 0.102344 0.131944 0.0192708 0.0324074 0.00142412
2 0.641406 0.148611 0.0203125 0.0583333 0.00150181
9 0.582812 0.0416667 0.0125 0.0462963 0.00157686
9 0.280208 0.0759259 0.0322917 0.144444 0.00167549
9 0.577083 0.0337963 0.0145833 0.0657407 0.00169314
1 0.00416667 0.386574 0.00833333 0.117593 0.00174195
12 0.967188 0.500926 0.0270833 0.0740741 0.00176994
2 0.229948 0.104167 0.0286458 0.0398148 0.0017935
2 0.289062 0.0981481 0.0854167 0.0962963 0.00180896
7 0.970833 0.525 0.0572917 0.198148 0.00188768
9 0.21875 0.104167 0.009375 0.0416667 0.00191788
2 0.613802 0.0884259 0.0411458 0.0916667 0.00193419
2 0.592448 0.124074 0.0161458 0.0277778 0.00224051
0 0.00390625 0.393981 0.0078125 0.115741 0.00226083
12 0.702344 0.161574 0.0203125 0.0435185 0.00236635
2 0.782552 0.0921296 0.0109375 0.0175926 0.00239328
2 0.774479 0.122222 0.0177083 0.0425926 0.00250616
2 0.539844 0.111574 0.331771 0.0824074 0.00254706
2 0.291146 0.0717593 0.0145833 0.0175926 0.00270473
9 0.595312 0.0421296 0.0104167 0.0342593 0.00278838
9 0.293229 0.0569444 0.009375 0.037963 0.0028788
2 0.240104 0.104167 0.0177083 0.0342593 0.00318997
0 0.732813 0.371759 0.0260417 0.0287037 0.00329232
9 0.989844 0.499074 0.0192708 0.127778 0.00332874
2 0.0559896 0.0699074 0.0411458 0.0305556 0.00333696
11 0.605208 0.0597222 0.0114583 0.0287037 0.00355741
9 0.259375 0.0740741 0.0114583 0.0537037 0.00357188
11 0.240885 0.0375 0.0213542 0.0731481 0.00359814
12 0.98724 0.491204 0.0234375 0.115741 0.00373897
2 0.617969 0.115741 0.0453125 0.0481481 0.00376206
9 0.252344 0.0865741 0.0130208 0.0361111 0.0039013
2 0.266667 0.0967593 0.0114583 0.0527778 0.00426225
2 0.400521 0.109722 0.247917 0.0787037 0.00454194
0 0.709896 0.373148 0.0197917 0.0259259 0.00459526
0 0.757031 0.118056 0.0119792 0.037963 0.00492498
2 0.651563 0.152315 0.0416667 0.0657407 0.00500047
9 0.208333 0.0675926 0.0239583 0.0425926 0.00515196
2 0.00598958 0.0958333 0.0119792 0.0564815 0.00518923
9 0.416927 0.0180556 0.0182292 0.0361111 0.00599272
12 0.702865 0.139352 0.0223958 0.0861111 0.00603206
11 0.2375 0.0699074 0.0166667 0.0453704 0.00610786
9 0.263542 0.0851852 0.0114583 0.0388889 0.00611726
9 0.218229 0.0537037 0.0239583 0.0407407 0.00625577
2 0.635156 0.146296 0.00989583 0.0537037 0.00652292
2 0.456771 0.110185 0.09375 0.0685185 0.00662335
0 0.445312 0.0976852 0.0229167 0.0546296 0.00666102
12 0.97474 0.493519 0.0401042 0.114815 0.00743061
2 0.305469 0.0814815 0.0234375 0.0333333 0.00811027
0 0.717188 0.370833 0.021875 0.0268519 0.00879944
9 0.567187 0.0314815 0.0135417 0.0574074 0.00887796
12 0.995052 0.487963 0.00885417 0.116667 0.0091296
9 0.220313 0.0875 0.0104167 0.0138889 0.00931318
2 0.238281 0.140741 0.0192708 0.0407407 0.00998569
7 0.220052 0.0675926 0.0515625 0.0740741 0.0109401
0 0.75651 0.0921296 0.0140625 0.0824074 0.0112032
2 0.334375 0.0861111 0.0229167 0.0314815 0.0129372
9 0.113542 0.024537 0.0166667 0.0416667 0.0139877
5 0.217448 0.0648148 0.0442708 0.0537037 0.0150901
2 0.271875 0.109259 0.0145833 0.0388889 0.0172756
0 0.361979 0.0689815 0.009375 0.0268519 0.017943
2 0.425521 0.0657407 0.015625 0.0240741 0.0323564
9 0.50026 0.602778 0.0151042 0.0388889 0.0374972
9 0.502865 0.759722 0.0109375 0.0564815 0.0401854
2 0.315625 0.0967593 0.05 0.0583333 0.0465181
9 0.567187 0.0476852 0.009375 0.0231481 0.0657008
0 0.442708 0.0875 0.0135417 0.0361111 0.0818836
2 0.295052 0.108796 0.0317708 0.0805556 0.153619
9 0.269792 0.0361111 0.021875 0.0666667 0.183933
2 0.322135 0.0851852 0.0380208 0.0333333 0.269122
2 0.473437 0.108796 0.034375 0.0453704 0.482381
2 0.627604 0.122685 0.025 0.0527778 0.488413
2 0.50651 0.104167 0.0432292 0.062037 0.520118
2 0.451302 0.0643518 0.0453125 0.0342593 0.560096
2 0.319271 0.121296 0.05 0.0703704 0.743512
11 0.729688 0.0430556 0.0270833 0.0564815 0.757236
10 0.204167 0.315741 0.0166667 0.0685185 0.767483
2 0.390104 0.10463 0.0416667 0.0555556 0.831426
2 0.730208 0.418981 0.121875 0.173148 0.913992
