2 0.53099 0.112037 0.0140625 0.0444444 0.00101674
7 0.276042 0.0472222 0.040625 0.0907407 0.00103692
0 0.995313 0.331481 0.00833333 0.0481481 0.00117798
0 0.757292 0.106481 0.0125 0.0574074 0.00119568
12 0.988021 0.50463 0.0229167 0.146296 0.00124376
2 0.784635 0.104167 0.0421875 0.0564815 0.00131584
9 0.547656 0.0532407 0.00989583 0.0231481 0.0014005
58 0.97526 0.498611 0.0421875 0.128704 0.00149315
2 0.0125 0.39537 0.025 0.111111 0.00158642
2 0.795052 0.0851852 0.0369792 0.0296296 0.00161437
9 0.115365 0.0222222 0.0130208 0.037037 0.00174335
2 0.00625 0.0888889 0.0125 0.0425926 0.00174593
2 0.776823 0.099537 0.0255208 0.0398148 0.00183789
0 0.708854 0.374537 0.0197917 0.0268519 0.00184879
2 0.811719 0.0759259 0.0203125 0.0203704 0.00201248
13 0.961979 0.554167 0.0395833 0.0435185 0.0021014
1 0.0114583 0.364815 0.0229167 0.0462963 0.00215045
13 0.970573 0.568519 0.0567708 0.0759259 0.00215198
2 0.279948 0.062963 0.0348958 0.0425926 0.00234907
12 0.691406 0.165278 0.00989583 0.0398148 0.00235384
2 0.0322917 0.0662037 0.01875 0.0212963 0.00241048
2 0.219792 0.0847222 0.053125 0.075 0.00241339
2 0.2875 0.117593 0.0145833 0.062963 0.00243865
0 0.716927 0.372685 0.0223958 0.0268519 0.00244581
2 0.289844 0.0824074 0.0161458 0.0351852 0.00265944
9 0.439063 0.193981 0.0125 0.0342593 0.00275372
13 0.971875 0.518056 0.0552083 0.176852 0.00279099
9 0.276823 0.0407407 0.0390625 0.0777778 0.00290197
9 0.458333 0.0657407 0.00729167 0.0259259 0.00294378
11 0.60625 0.0597222 0.0104167 0.0268519 0.00298852
9 0.220052 0.0884259 0.0130208 0.0157407 0.00317474
2 0.551823 0.109722 0.254687 0.0675926 0.00334996
11 0.239844 0.0342593 0.0213542 0.0648148 0.00365632
2 0.370313 0.105556 0.155208 0.0740741 0.00397239
2 0.200521 0.243519 0.01875 0.0148148 0.00398344
9 0.5 0.603241 0.0145833 0.0435185 0.00419584
2 0.238542 0.141204 0.01875 0.0435185 0.00438798
9 0.283333 0.087963 0.00833333 0.0277778 0.0044468
2 0.328646 0.0731481 0.034375 0.05 0.00445296
2 0.591927 0.126389 0.0182292 0.0231481 0.00477428
2 0.295312 0.105556 0.03125 0.0740741 0.00517438
9 0.502344 0.759722 0.0130208 0.0564815 0.0054776
2 0.476562 0.107407 0.0677083 0.0518519 0.00574361
12 0.994531 0.494907 0.00989583 0.136111 0.00587809
9 0.99375 0.494907 0.0114583 0.130556 0.00671052
1 0.0130208 0.393981 0.0260417 0.112037 0.00688752
2 0.269531 0.108796 0.0130208 0.0398148 0.00697746
9 0.570052 0.0310185 0.0119792 0.0583333 0.00705384
9 0.176563 0.509259 0.0375 0.0388889 0.0071798
0 0.757552 0.0694444 0.0109375 0.0462963 0.00718041
11 0.2375 0.0680556 0.0166667 0.0435185 0.00739449
58 0.967969 0.495833 0.0276042 0.0861111 0.00744629
9 0.292188 0.0689815 0.0114583 0.0212963 0.00774821
2 0.441927 0.087963 0.0161458 0.0296296 0.00871372
9 0.292708 0.0569444 0.0104167 0.0435185 0.0093318
0 0.284896 0.10787 0.0135417 0.0694444 0.00987678
9 0.269792 0.05 0.01875 0.037037 0.0107541
1 0.00416667 0.397685 0.00833333 0.10463 0.0149036
0 0.634896 0.148611 0.009375 0.0527778 0.0175403
2 0.789323 0.0884259 0.0182292 0.025 0.017792
9 0.269271 0.0203704 0.0208333 0.037037 0.0182169
7 0.220313 0.0638889 0.0510417 0.0722222 0.0193573
5 0.220573 0.0657407 0.0494792 0.0611111 0.0193761
2 0.635156 0.149537 0.0109375 0.0601852 0.0207729
2 0.44349 0.112037 0.0213542 0.0222222 0.0212935
0 0.442708 0.0865741 0.0135417 0.0268519 0.0215884
2 0.00390625 0.406481 0.0078125 0.087037 0.0391909
10 0.19349 0.29537 0.0380208 0.114815 0.0520342
9 0.567187 0.0476852 0.00833333 0.0231481 0.0553247
2 0.483594 0.10787 0.0213542 0.0490741 0.0721941
2 0.46276 0.111574 0.0151042 0.037963 0.0732942
2 0.321615 0.0884259 0.0380208 0.0361111 0.28427
7 0.50625 0.103704 0.0427083 0.062963 0.341542
2 0.471354 0.108796 0.0302083 0.0435185 0.375186
2 0.627344 0.122685 0.0255208 0.0546296 0.482059
2 0.50599 0.103704 0.0421875 0.062963 0.516348
2 0.345573 0.0611111 0.0463542 0.0296296 0.516563
2 0.31849 0.120833 0.0505208 0.0712963 0.622477
11 0.728906 0.0425926 0.0265625 0.0555556 0.777085
10 0.203906 0.314815 0.0161458 0.0703704 0.78835
2 0.417708 0.108333 0.034375 0.0444444 0.808213
2 0.729688 0.42037 0.121875 0.17037 0.903669
