0 0.425 0.328704 0.74375 0.609259 0.00100337
32 0.453646 0.315278 0.009375 0.0157407 0.00106706
0 0.755729 0.0949074 0.0166667 0.0805556 0.00110518
13 0.994271 0.518519 0.0104167 0.17037 0.00114535
9 0.559115 0.0259259 0.0203125 0.0462963 0.00117404
7 0.278646 0.0703704 0.0395833 0.133333 0.00121299
2 0.814323 0.0759259 0.0171875 0.0185185 0.00123022
7 0.970573 0.519907 0.0578125 0.187963 0.00125802
12 0.702083 0.163426 0.0229167 0.0361111 0.0013021
0 0.445833 0.664815 0.777083 0.655556 0.00131221
9 0.257812 0.0759259 0.0135417 0.0462963 0.00134493
9 0.582031 0.0375 0.0140625 0.0490741 0.00135905
12 0.693229 0.162963 0.00729167 0.0407407 0.00136634
2 0.466927 0.0222222 0.0213542 0.0203704 0.00143175
9 0.816927 0.234259 0.00885417 0.0407407 0.00152977
2 0.00520833 0.4625 0.0104167 0.239815 0.00159306
32 0.460677 0.356481 0.0109375 0.0166667 0.00164995
0 0.445573 0.502778 0.860937 0.301852 0.00167342
2 0.660937 0.151852 0.0635417 0.062963 0.00169564
7 0.986198 0.518056 0.0265625 0.186111 0.00170357
2 0.295052 0.10463 0.0869792 0.0981481 0.0017652
58 0.968229 0.496759 0.0302083 0.0842593 0.00178496
9 0.26276 0.0902778 0.00885417 0.0435185 0.00180284
1 0.0117188 0.364815 0.0234375 0.0425926 0.00198748
13 0.970573 0.519444 0.0578125 0.174074 0.00204305
9 0.547656 0.0527778 0.00989583 0.0240741 0.00207576
7 0.7875 0.0648148 0.0229167 0.062963 0.00216901
0 0.995833 0.326852 0.00729167 0.0537037 0.00244663
0 0.263542 0.101852 0.00833333 0.0555556 0.00269362
9 0.99401 0.505556 0.0109375 0.15 0.0027049
0 0.442448 0.0981481 0.0161458 0.05 0.00274045
2 0.527083 0.427778 0.566667 0.187037 0.00280747
2 0.378125 0.10787 0.178125 0.0898148 0.00291429
2 0.0263021 0.35463 0.0515625 0.0333333 0.00295168
9 0.221094 0.0828704 0.0119792 0.025 0.00314041
2 0.480729 0.109259 0.0770833 0.0685185 0.00319242
0 0.730208 0.372685 0.025 0.0287037 0.00325116
9 0.272917 0.0384259 0.03125 0.075 0.00325176
0 0.359375 0.409259 0.021875 0.0333333 0.00329637
2 0.60599 0.0601852 0.00989583 0.0240741 0.00336283
2 0.560677 0.110648 0.233854 0.0768519 0.00342507
9 0.502083 0.760648 0.0135417 0.0546296 0.00363817
0 0.266667 0.0986111 0.0114583 0.0564815 0.00381882
11 0.236719 0.0680556 0.0171875 0.0435185 0.00385408
0 0.367448 0.408333 0.0234375 0.0333333 0.00388384
2 0.269792 0.108333 0.0125 0.0425926 0.0039906
0 0.757031 0.374074 0.0192708 0.0296296 0.00401093
12 0.994531 0.502315 0.00989583 0.14537 0.00440318
9 0.217448 0.0560185 0.0244792 0.0509259 0.00451138
13 0.96224 0.556944 0.0401042 0.0453704 0.0047476
0 0.757292 0.0740741 0.0114583 0.0444444 0.00475344
2 0.238542 0.141204 0.01875 0.0398148 0.00570602
0 0.330729 0.412963 0.028125 0.0333333 0.00642871
2 0.591927 0.126389 0.0182292 0.0231481 0.00749668
9 0.572917 0.0310185 0.0145833 0.0583333 0.00751885
2 0.00494792 0.556481 0.00989583 0.0425926 0.00753833
2 0.307031 0.0824074 0.0234375 0.0351852 0.00759343
7 0.220052 0.0685185 0.0505208 0.0611111 0.00909041
2 0.0132813 0.396296 0.0265625 0.114815 0.00930681
2 0.377865 0.0592593 0.0265625 0.0388889 0.0093614
9 0.207031 0.0685185 0.0192708 0.0425926 0.0125932
9 0.29375 0.0550926 0.009375 0.0416667 0.0141104
0 0.7125 0.373611 0.0208333 0.025 0.0143606
2 0.442187 0.0856481 0.0145833 0.0231481 0.0167645
10 0.442448 0.087037 0.0130208 0.0259259 0.0173309
2 0.785677 0.0888889 0.0140625 0.0222222 0.0193275
0 0.635156 0.148611 0.00989583 0.0509259 0.0237883
9 0.26875 0.025 0.021875 0.0462963 0.0288603
1 0.0135417 0.395833 0.0270833 0.112037 0.0300399
1 0.00494792 0.397222 0.00989583 0.109259 0.0342698
2 0.486979 0.107407 0.0135417 0.05 0.0352894
2 0.00494792 0.406944 0.00989583 0.0898148 0.0404051
7 0.296615 0.106944 0.0359375 0.0842593 0.0410971
2 0.634896 0.148148 0.0114583 0.0555556 0.0449185
2 0.292448 0.109722 0.0276042 0.0768519 0.0458895
2 0.461979 0.112963 0.0135417 0.037037 0.0512448
9 0.567187 0.0476852 0.00833333 0.0231481 0.0517883
2 0.363021 0.0685185 0.0145833 0.0222222 0.0735636
2 0.467969 0.110185 0.0234375 0.0425926 0.179474
2 0.479688 0.109259 0.0208333 0.0444444 0.237064
2 0.322656 0.0884259 0.0369792 0.0361111 0.389862
2 0.627083 0.122222 0.025 0.05 0.461811
2 0.50599 0.104167 0.0421875 0.062037 0.518827
2 0.395052 0.0615741 0.0484375 0.0398148 0.576687
2 0.31849 0.121759 0.0505208 0.0712963 0.737218
10 0.203906 0.315741 0.0161458 0.0722222 0.7952
11 0.728906 0.0435185 0.0276042 0.0574074 0.822132
2 0.729948 0.418981 0.122396 0.169444 0.913199
2 0.352344 0.459259 0.128646 0.187037 0.926407
