2 0.778906 0.117593 0.0286458 0.0555556 0.00100906
2 0.58099 0.421759 0.600521 0.178704 0.00102714
12 0.995573 0.529167 0.0078125 0.037963 0.00103813
2 0.363542 0.0685185 0.0114583 0.0185185 0.0010673
9 0.991146 0.505556 0.0166667 0.153704 0.00107124
2 0.994531 0.375926 0.00989583 0.148148 0.0010844
2 0.219271 0.133796 0.0572917 0.0564815 0.00115324
9 0.415365 0.0106481 0.0151042 0.0212963 0.00115871
9 0.561198 0.049537 0.0182292 0.025 0.00127309
1 0.995052 0.334259 0.00885417 0.0648148 0.0013065
13 0.97526 0.522222 0.0484375 0.17963 0.00143456
2 0.655208 0.139352 0.078125 0.0824074 0.00158079
9 0.271354 0.0398148 0.0270833 0.0759259 0.0016553
12 0.701823 0.163889 0.0234375 0.037037 0.00178235
2 0.75651 0.117593 0.0151042 0.0351852 0.00182869
2 0.442969 0.087037 0.0140625 0.0296296 0.00183111
1 0.0125 0.366204 0.025 0.0472222 0.00187451
9 0.257552 0.075463 0.0119792 0.0453704 0.0019005
2 0.242188 0.106944 0.0145833 0.0342593 0.00197632
1 0.810156 0.335185 0.0203125 0.0851852 0.0020678
13 0.961458 0.555556 0.0385417 0.0425926 0.00213107
9 0.570833 0.0328704 0.0125 0.0564815 0.00221603
9 0.26276 0.087037 0.0078125 0.0351852 0.00224268
2 0.392188 0.112963 0.220833 0.0759259 0.00241733
2 0.289062 0.087037 0.0229167 0.05 0.00244951
9 0.253385 0.087037 0.0130208 0.0333333 0.00246077
11 0.220833 0.0657407 0.0510417 0.0555556 0.00249548
2 0.652083 0.149537 0.0447917 0.062037 0.00259892
2 0.803385 0.0731481 0.0119792 0.0185185 0.00267789
13 0.0140625 0.39537 0.028125 0.12037 0.00278046
2 0.771615 0.112037 0.0140625 0.0240741 0.00281091
0 0.263281 0.106019 0.00885417 0.0472222 0.00291585
2 0.816406 0.087963 0.0130208 0.0277778 0.00308443
0 0.716406 0.372222 0.0244792 0.0277778 0.00312503
9 0.29375 0.0555556 0.0104167 0.0444444 0.00320387
2 0.564583 0.111111 0.209375 0.062963 0.0034458
2 0.447656 0.109259 0.0276042 0.037037 0.00354248
2 0.26849 0.100463 0.0119792 0.0564815 0.00373611
9 0.583333 0.0402778 0.0114583 0.0453704 0.00390548
9 0.458594 0.0648148 0.0078125 0.0314815 0.00410434
2 0.780469 0.1 0.0307292 0.0425926 0.00434429
2 0.592969 0.125463 0.0171875 0.025 0.00444021
12 0.69349 0.163889 0.0078125 0.0388889 0.00444246
2 0.801042 0.0833333 0.0177083 0.0222222 0.00470743
1 0.00963542 0.394444 0.0192708 0.127778 0.00488551
9 0.214844 0.0583333 0.0307292 0.0537037 0.00531656
9 0.208333 0.0680556 0.0229167 0.0416667 0.0061097
9 0.270312 0.0513889 0.01875 0.0342593 0.00671062
1 0.00416667 0.410648 0.00833333 0.0916667 0.00674083
12 0.994531 0.495833 0.00989583 0.126852 0.00684678
11 0.23724 0.0680556 0.0161458 0.0416667 0.00700931
9 0.3625 0.0703704 0.009375 0.0222222 0.00715184
0 0.75651 0.0861111 0.0151042 0.0648148 0.00716945
9 0.502344 0.761111 0.0130208 0.05 0.00739853
9 0.50026 0.602778 0.0151042 0.0388889 0.00763862
5 0.220573 0.0634259 0.0494792 0.0564815 0.00793421
2 0.479948 0.110648 0.0463542 0.0527778 0.00889516
2 0.291927 0.0717593 0.0130208 0.0157407 0.0101272
10 0.442708 0.0865741 0.0135417 0.0287037 0.0105614
0 0.995313 0.328704 0.00833333 0.05 0.0119313
7 0.220052 0.0643518 0.0505208 0.0657407 0.012684
2 0.238281 0.141667 0.0182292 0.0388889 0.0146146
2 0.813281 0.0768519 0.0182292 0.0148148 0.0147821
2 0.286979 0.111111 0.0177083 0.0777778 0.0148076
9 0.269531 0.0217593 0.0192708 0.0361111 0.0169721
2 0.271875 0.110648 0.0135417 0.037963 0.0194601
11 0.60599 0.0597222 0.00989583 0.0231481 0.0207422
0 0.635417 0.148148 0.009375 0.05 0.0309795
2 0.48724 0.10787 0.0151042 0.0490741 0.0386917
2 0.786458 0.0902778 0.0166667 0.0231481 0.0481402
2 0.635156 0.14537 0.0109375 0.0537037 0.0511653
9 0.567187 0.0476852 0.00833333 0.0231481 0.0550239
2 0.301302 0.107407 0.0442708 0.0833333 0.138627
7 0.3 0.106019 0.04375 0.0824074 0.165252
2 0.46224 0.113889 0.0130208 0.0351852 0.209313
2 0.321615 0.0884259 0.0390625 0.0342593 0.26323
2 0.479688 0.109259 0.0208333 0.0444444 0.30004
2 0.50599 0.104167 0.0432292 0.062037 0.529444
2 0.627604 0.122222 0.0260417 0.05 0.602555
2 0.31901 0.120833 0.0515625 0.0712963 0.677639
2 0.384115 0.118056 0.0359375 0.0342593 0.78191
11 0.729167 0.0435185 0.0260417 0.0574074 0.793968
10 0.204167 0.315741 0.0166667 0.0703704 0.802368
2 0.729688 0.419444 0.121875 0.17037 0.909504
