58 0.96901 0.494444 0.0317708 0.0944444 0.0010203
2 0.657552 0.139815 0.0744792 0.0814815 0.00109571
2 0.00364583 0.421296 0.00729167 0.0611111 0.00110894
11 0.60599 0.0606481 0.00989583 0.025 0.00121045
2 0.601042 0.424537 0.6 0.180556 0.00121079
2 0.976562 0.497685 0.0447917 0.130556 0.00124269
1 0.0111979 0.386111 0.0223958 0.116667 0.00128083
2 0.755208 0.151852 0.0197917 0.0296296 0.00129743
13 0.00416667 0.397685 0.00833333 0.108333 0.0013848
9 0.263021 0.0865741 0.00833333 0.0305556 0.00141185
12 0.701823 0.128704 0.0223958 0.0648148 0.00147743
2 0.800521 0.123611 0.0447917 0.025 0.00147955
9 0.29349 0.0527778 0.00885417 0.0351852 0.00149908
0 0.817187 0.236111 0.009375 0.037037 0.00152809
13 0.0132813 0.39213 0.0265625 0.119444 0.00159185
2 0.0341146 0.103704 0.0494792 0.0537037 0.00159571
0 0.758333 0.117593 0.0135417 0.0444444 0.00165215
1 0.810677 0.333796 0.0171875 0.0824074 0.00175631
0 0.266406 0.0986111 0.00989583 0.0527778 0.00181847
9 0.26224 0.0324074 0.0140625 0.0592593 0.00185521
13 0.970573 0.526389 0.0578125 0.191667 0.00192231
2 0.301042 0.130556 0.025 0.0574074 0.00195589
12 0.976823 0.500926 0.0453125 0.137037 0.00197494
2 0.29375 0.106019 0.0885417 0.0898148 0.00202913
0 0.263021 0.10463 0.00833333 0.05 0.00224686
2 0.563542 0.113426 0.309375 0.0731481 0.00231183
2 0.308333 0.0837963 0.0416667 0.037963 0.00234172
2 0.773698 0.120833 0.0203125 0.0324074 0.00237662
9 0.109375 0.0282407 0.0125 0.0342593 0.00247515
9 0.501823 0.760648 0.0130208 0.0546296 0.00261638
2 0.409115 0.1125 0.239063 0.075 0.00279668
12 0.701563 0.164815 0.01875 0.0388889 0.00296398
2 0.461458 0.1125 0.102083 0.0657407 0.00316709
12 0.693229 0.162963 0.00729167 0.0407407 0.00321815
7 0.992708 0.518056 0.0135417 0.173148 0.0032222
9 0.219271 0.0861111 0.0135417 0.0203704 0.00348665
2 0.345313 0.110185 0.0125 0.0444444 0.00357385
9 0.416146 0.00972222 0.015625 0.0194444 0.00371067
9 0.75625 0.0921296 0.0166667 0.0768519 0.0037365
7 0.145313 0.0907407 0.065625 0.0796296 0.00385385
9 0.758073 0.0740741 0.0109375 0.0407407 0.00390021
2 0.269792 0.109722 0.0114583 0.037963 0.00433646
9 0.99401 0.498148 0.0109375 0.135185 0.00441897
2 0.357292 0.1125 0.105208 0.0731481 0.00488042
5 0.220573 0.0643518 0.0473958 0.0601852 0.00500465
2 0.648698 0.147685 0.0369792 0.062037 0.0052742
9 0.570312 0.0310185 0.0125 0.0583333 0.00619806
2 0.238281 0.140741 0.0182292 0.0407407 0.00650712
11 0.236979 0.0685185 0.0166667 0.0425926 0.0068844
2 0.366146 0.0810185 0.021875 0.025 0.00735774
12 0.994531 0.498148 0.00989583 0.137037 0.00741241
9 0.216927 0.0550926 0.0255208 0.0453704 0.00750828
7 0.220052 0.0666667 0.0505208 0.0648148 0.00761833
7 0.970833 0.526852 0.0572917 0.201852 0.0082844
9 0.584635 0.0356481 0.0130208 0.0546296 0.00845087
2 0.446875 0.117593 0.0270833 0.0222222 0.00850209
2 0.592448 0.125 0.0171875 0.0277778 0.00945787
9 0.207292 0.0689815 0.0197917 0.0435185 0.00994398
2 0.442448 0.0861111 0.0140625 0.0259259 0.0112133
2 0.784635 0.0888889 0.0182292 0.0240741 0.0130702
9 0.26875 0.0356481 0.021875 0.0657407 0.0157873
9 0.442187 0.087037 0.0135417 0.0259259 0.0181128
2 0.634115 0.137963 0.0119792 0.05 0.020508
9 0.567187 0.0476852 0.00833333 0.0231481 0.0235688
2 0.792708 0.104167 0.0572917 0.0601852 0.0283007
2 0.488542 0.10787 0.0145833 0.0490741 0.028897
2 0.294531 0.109259 0.0296875 0.0814815 0.0740767
7 0.297396 0.108333 0.0364583 0.0833333 0.0877821
2 0.364323 0.0699074 0.0140625 0.025 0.0958167
2 0.466406 0.111111 0.0203125 0.0407407 0.178429
2 0.38776 0.0689815 0.0213542 0.0194444 0.236506
2 0.479427 0.109259 0.0213542 0.0444444 0.275408
2 0.322396 0.0861111 0.0375 0.0351852 0.297558
7 0.505469 0.103704 0.0432292 0.062963 0.36947
2 0.627083 0.121759 0.025 0.0509259 0.447949
2 0.505729 0.10463 0.0427083 0.062963 0.459881
10 0.204167 0.316204 0.015625 0.0712963 0.719357
2 0.31875 0.122222 0.0510417 0.0703704 0.733552
2 0.394531 0.104167 0.0411458 0.0583333 0.757767
11 0.728906 0.0430556 0.0276042 0.0564815 0.776222
2 0.364583 0.110648 0.0260417 0.0453704 0.777054
2 0.778125 0.171759 0.0895833 0.119444 0.897375
2 0.729688 0.42037 0.121875 0.17037 0.900371
