1 0.461979 0.396296 0.021875 0.0611111 0.00105481
12 0.693229 0.162963 0.00625 0.0388889 0.00107786
0 0.404948 0.485648 0.0286458 0.0527778 0.00110189
7 0.31276 0.0675926 0.0463542 0.0592593 0.00113007
26 0.0679687 0.386574 0.0234375 0.0472222 0.00113884
12 0.701823 0.141204 0.0213542 0.0824074 0.00115023
13 0.969792 0.571296 0.0583333 0.0796296 0.00116101
0 0.459115 0.0662037 0.0109375 0.025 0.00116397
1 0.0466146 0.459259 0.0932292 0.107407 0.00117845
2 0.657812 0.128704 0.0854167 0.062963 0.00119651
2 0.279687 0.109259 0.03125 0.0648148 0.00119794
1 0.0289063 0.358796 0.0567708 0.0416667 0.00122493
7 0.432031 0.0976852 0.0421875 0.0657407 0.00122513
0 0.300521 0.251852 0.53125 0.405556 0.00123151
9 0.44401 0.237037 0.00989583 0.0277778 0.00124432
0 0.75651 0.374074 0.0213542 0.0351852 0.00130811
9 0.236719 0.0680556 0.0161458 0.0435185 0.00134887
0 0.361719 0.0689815 0.00885417 0.025 0.00136536
58 0.967448 0.512037 0.0505208 0.135185 0.00142176
0 0.377604 0.492593 0.0114583 0.0240741 0.00146007
26 0.0895833 0.428241 0.0145833 0.0490741 0.00148554
24 0.452604 0.340741 0.0270833 0.0703704 0.00151335
24 0.0791667 0.391204 0.0291667 0.062037 0.00156878
2 0.989323 0.522222 0.0203125 0.172222 0.00158246
9 0.2625 0.0907407 0.00833333 0.0425926 0.00165115
1 0.0763021 0.505093 0.0390625 0.165741 0.00171881
2 0.26224 0.1 0.00989583 0.0555556 0.00176672
32 0.442187 0.227778 0.00833333 0.0166667 0.00177095
0 0.390365 0.387037 0.726562 0.709259 0.0018092
1 0.0130208 0.426389 0.0260417 0.165741 0.00182128
0 0.186719 0.106481 0.0078125 0.0518519 0.0019502
7 0.78776 0.0615741 0.0255208 0.0601852 0.00198157
1 0.465104 0.40787 0.0177083 0.0361111 0.00205846
7 0.989062 0.51713 0.0208333 0.178704 0.00206649
9 0.191927 0.0861111 0.0078125 0.0185185 0.0021283
2 0.59375 0.115741 0.015625 0.037037 0.00212881
2 0.777865 0.101389 0.0276042 0.0398148 0.00213676
0 0.422396 0.487037 0.03125 0.0518519 0.00215626
2 0.617969 0.427778 0.435937 0.17037 0.0021933
0 0.730469 0.372222 0.0265625 0.0296296 0.00222134
1 0.0820312 0.441667 0.0286458 0.0796296 0.00226342
9 0.18724 0.0847222 0.0078125 0.0287037 0.00230996
7 0.277344 0.0425926 0.0380208 0.0648148 0.00231152
9 0.415104 0.0087963 0.0145833 0.0175926 0.00257922
7 0.284635 0.0740741 0.0484375 0.137037 0.00262706
9 0.502083 0.759259 0.0125 0.0555556 0.00270646
0 0.532031 0.269907 0.506771 0.421296 0.00271118
2 0.496615 0.111574 0.342187 0.0731481 0.00275053
2 0.295573 0.108796 0.0859375 0.087963 0.00280805
2 0.436198 0.539815 0.823438 0.372222 0.00283371
7 0.971354 0.526852 0.05625 0.203704 0.00283787
2 0.238281 0.138889 0.0192708 0.0425926 0.00294194
9 0.218229 0.106019 0.00833333 0.0435185 0.00305683
13 0.986719 0.518981 0.0255208 0.173148 0.00309662
9 0.994792 0.515278 0.009375 0.10463 0.00325746
12 0.98776 0.518981 0.0234375 0.171296 0.00328799
9 0.573438 0.0305556 0.0145833 0.0592593 0.00335338
2 0.25599 0.087037 0.0223958 0.037037 0.00338179
13 0.970573 0.520833 0.0578125 0.175 0.00353901
11 0.236979 0.0675926 0.0166667 0.0425926 0.00355963
1 0.0046875 0.435185 0.009375 0.153704 0.00381741
58 0.96875 0.493056 0.03125 0.0898148 0.00403704
0 0.708594 0.374537 0.0213542 0.0287037 0.00414416
0 0.360417 0.494444 0.01875 0.0481481 0.00437688
2 0.26901 0.0509259 0.0192708 0.0351852 0.00460499
0 0.368229 0.496296 0.0270833 0.0407407 0.00464436
13 0.9625 0.553704 0.040625 0.0425926 0.00482486
0 0.717188 0.372222 0.0260417 0.0277778 0.00490498
58 0.920313 0.181944 0.158333 0.360185 0.00498936
1 0.0221354 0.39537 0.0442708 0.109259 0.00545301
2 0.378906 0.109722 0.178646 0.0694444 0.00593971
1 0.435156 0.409722 0.0161458 0.0287037 0.0065148
9 0.26875 0.0194444 0.021875 0.0351852 0.00654802
0 0.757292 0.0689815 0.0104167 0.0416667 0.00691459
7 0.21224 0.062037 0.0348958 0.0611111 0.00696218
5 0.2125 0.062037 0.0333333 0.0592593 0.00770929
9 0.992448 0.514352 0.0140625 0.165741 0.00863907
1 0.0114583 0.352778 0.0229167 0.0555556 0.00870688
2 0.784375 0.0884259 0.0135417 0.0212963 0.00944119
2 0.60599 0.0587963 0.00989583 0.0268519 0.00976407
12 0.993229 0.506019 0.0125 0.149074 0.00992833
0 0.75625 0.087963 0.0135417 0.0796296 0.0110485
9 0.2125 0.062037 0.0333333 0.0574074 0.0111238
0 0.444792 0.496296 0.0447917 0.0388889 0.0121809
1 0.45 0.393981 0.0333333 0.0583333 0.0150648
9 0.566927 0.0472222 0.0078125 0.0240741 0.0167055
24 0.441146 0.337037 0.0260417 0.0611111 0.0181089
2 0.271094 0.108333 0.0140625 0.0388889 0.0227913
2 0.634896 0.145833 0.0114583 0.0564815 0.0239812
9 0.21901 0.0902778 0.0078125 0.0138889 0.0527738
2 0.300781 0.0578704 0.0213542 0.0342593 0.0657371
1 0.440365 0.399537 0.0265625 0.0490741 0.0802887
2 0.314063 0.0800926 0.0208333 0.0287037 0.0852017
2 0.309375 0.0671296 0.0145833 0.0231481 0.104832
2 0.292188 0.111111 0.0260417 0.0759259 0.167514
1 0.00885417 0.397685 0.0177083 0.10463 0.168384
2 0.480208 0.109722 0.0197917 0.0435185 0.251158
2 0.321615 0.0875 0.0369792 0.0342593 0.298403
2 0.466927 0.110185 0.0213542 0.0425926 0.339765
7 0.50625 0.103241 0.0416667 0.0638889 0.43662
2 0.50625 0.103241 0.0416667 0.0638889 0.466061
2 0.627083 0.122222 0.0260417 0.0518519 0.514485
1 0.0742188 0.479167 0.0255208 0.0768519 0.534758
2 0.431771 0.100926 0.040625 0.0611111 0.536883
11 0.728646 0.0416667 0.0270833 0.0518519 0.778905
2 0.317969 0.120833 0.0515625 0.0694444 0.799818
0 0.0755208 0.414815 0.040625 0.142593 0.833406
10 0.204167 0.314815 0.015625 0.0703704 0.839446
0 0.446615 0.346759 0.0401042 0.156481 0.858909
2 0.410937 0.568056 0.189583 0.29537 0.875069
2 0.729427 0.419444 0.123438 0.17037 0.91243
