7 0.147917 0.0837963 0.0666667 0.0675926 0.00102616
9 0.2625 0.0907407 0.009375 0.0462963 0.0010545
11 0.25599 0.0865741 0.0203125 0.0416667 0.00105885
0 0.19375 0.100463 0.0104167 0.0342593 0.0010604
11 0.239844 0.0393519 0.0213542 0.075 0.00110878
9 0.239063 0.0731481 0.0145833 0.05 0.00114868
2 0.19401 0.122685 0.0140625 0.0398148 0.0011608
9 0.415625 0.00925926 0.015625 0.0185185 0.00118445
2 0.286198 0.075463 0.0192708 0.0305556 0.00119101
0 0.361979 0.0694444 0.00833333 0.0240741 0.00127659
2 0.407552 0.109259 0.279687 0.0814815 0.00129155
0 0.189063 0.11713 0.00729167 0.0361111 0.00131431
13 0.965885 0.553241 0.0484375 0.0546296 0.00134637
9 0.26224 0.0472222 0.0151042 0.0444444 0.00136195
0 0.284115 0.0976852 0.0109375 0.0564815 0.00139889
2 0.363802 0.0666667 0.0109375 0.0185185 0.00142128
0 0.732031 0.372222 0.0255208 0.0296296 0.00145641
2 0.223698 0.0990741 0.0411458 0.0481481 0.00154321
2 0.770312 0.108333 0.0135417 0.0259259 0.00158185
0 0.759115 0.0907407 0.0130208 0.0611111 0.00184464
2 0.592188 0.122685 0.015625 0.0287037 0.00190899
1 0.00390625 0.412963 0.0078125 0.0740741 0.00199522
1 0.0122396 0.368519 0.0244792 0.0555556 0.00200108
7 0.788021 0.062037 0.0260417 0.0611111 0.00206755
7 0.219271 0.0884259 0.0552083 0.121296 0.0020762
2 0.218229 0.123148 0.059375 0.0666667 0.00209223
12 0.701563 0.15 0.021875 0.0666667 0.00219644
2 0.572917 0.110648 0.234375 0.0694444 0.00264549
2 0.196615 0.10787 0.0161458 0.0342593 0.00264853
2 0.0140625 0.393981 0.028125 0.110185 0.0026844
0 0.75599 0.116667 0.0130208 0.0462963 0.00270039
0 0.709375 0.372222 0.0197917 0.0277778 0.00270559
12 0.692708 0.163889 0.00729167 0.0388889 0.00273806
13 0.971094 0.519907 0.0567708 0.176852 0.00288235
2 0.776302 0.106481 0.0244792 0.037037 0.00299921
7 0.236719 0.0652778 0.0161458 0.037963 0.00332057
11 0.23724 0.0680556 0.0161458 0.0416667 0.00340205
0 0.588281 0.551852 0.0432292 0.0333333 0.00341825
2 0.00390625 0.415741 0.0078125 0.0685185 0.00346963
58 0.96849 0.493519 0.0307292 0.0888889 0.00365644
2 0.291406 0.0708333 0.0109375 0.0157407 0.00379795
2 0.48151 0.109259 0.0557292 0.0611111 0.00386933
2 0.442448 0.0865741 0.0130208 0.025 0.00393828
2 0.238021 0.139815 0.01875 0.0425926 0.00404935
7 0.275781 0.0606481 0.0390625 0.119444 0.0040654
1 0.00989583 0.393981 0.0197917 0.113889 0.00408144
9 0.566667 0.0476852 0.00833333 0.0231481 0.0051294
7 0.970312 0.522685 0.0583333 0.189815 0.00526962
7 0.99401 0.518056 0.0109375 0.171296 0.00535706
0 0.286979 0.116667 0.0166667 0.0666667 0.00569113
2 0.605729 0.0592593 0.0104167 0.0259259 0.0057741
2 0.288542 0.117593 0.015625 0.0648148 0.00579092
2 0.446615 0.11713 0.0276042 0.0212963 0.00682763
9 0.292448 0.0550926 0.00885417 0.037963 0.00742782
9 0.994531 0.502315 0.00989583 0.147222 0.00746456
2 0.271615 0.109259 0.0151042 0.0388889 0.00764893
0 0.755208 0.0888889 0.0135417 0.0777778 0.00867475
2 0.295573 0.106481 0.0296875 0.0777778 0.00867547
7 0.293229 0.106019 0.0260417 0.0824074 0.00918653
0 0.651042 0.556944 0.0333333 0.025 0.00929726
2 0.784635 0.0884259 0.0151042 0.0231481 0.00969985
9 0.219531 0.0898148 0.00885417 0.0148148 0.0131655
9 0.26875 0.0351852 0.0229167 0.0666667 0.013412
7 0.220573 0.0606481 0.0494792 0.0601852 0.0134731
5 0.213021 0.0611111 0.0333333 0.0592593 0.0156947
9 0.442187 0.0865741 0.0125 0.025 0.0167337
2 0.634115 0.143056 0.0119792 0.0490741 0.0236055
2 0.461198 0.110648 0.0119792 0.037963 0.0316647
2 0.490625 0.107407 0.01875 0.05 0.0395804
2 0.471094 0.108796 0.0286458 0.0435185 0.327173
2 0.321875 0.0861111 0.0375 0.0351852 0.335381
7 0.505469 0.103241 0.0432292 0.0638889 0.418966
2 0.626823 0.122685 0.0255208 0.0564815 0.441286
2 0.505469 0.103704 0.0432292 0.062963 0.458133
2 0.317708 0.121759 0.0510417 0.0694444 0.678035
11 0.728646 0.0421296 0.0270833 0.0527778 0.752319
10 0.204167 0.315278 0.015625 0.0712963 0.758354
2 0.729427 0.419907 0.123438 0.171296 0.903063
7 0.615625 0.664352 0.204167 0.317593 0.911358
