2 0.608073 0.426389 0.701563 0.187963 0.00101675
2 0.592969 0.124074 0.0171875 0.0277778 0.00107822
0 0.75625 0.374537 0.0229167 0.0324074 0.00111625
9 0.50026 0.601852 0.0151042 0.0407407 0.00114751
7 0.444792 0.111111 0.0197917 0.0740741 0.00125603
2 0.783073 0.10463 0.0369792 0.0537037 0.00129591
13 0.9625 0.553241 0.0416667 0.0398148 0.00131931
2 0.552344 0.114352 0.191146 0.0842593 0.00134529
2 0.65625 0.135185 0.078125 0.0814815 0.00135792
0 0.730729 0.372222 0.0260417 0.0277778 0.00140627
2 0.970573 0.5125 0.0567708 0.163889 0.00144859
9 0.547917 0.0527778 0.0104167 0.0240741 0.00152367
11 0.728646 0.0685185 0.0291667 0.109259 0.00153022
12 0.701563 0.164352 0.01875 0.037963 0.00167634
0 0.197396 0.287037 0.021875 0.0351852 0.00172044
2 0.775781 0.110648 0.0213542 0.0324074 0.00173653
58 0.96901 0.494444 0.0307292 0.0981481 0.0018476
7 0.267969 0.0851852 0.0901042 0.12037 0.00188507
12 0.692448 0.162963 0.0078125 0.0388889 0.00201492
7 0.788021 0.0643518 0.0239583 0.0583333 0.00204042
13 0.969271 0.566667 0.05625 0.0685185 0.00204915
11 0.236719 0.0685185 0.0182292 0.0462963 0.00206882
0 0.43724 0.1 0.0151042 0.0518519 0.00213849
0 0.158854 0.280556 0.0239583 0.037037 0.00217785
0 0.138021 0.281481 0.028125 0.0388889 0.0022172
9 0.502604 0.758796 0.0135417 0.0564815 0.00226146
9 0.557292 0.0226852 0.0239583 0.0435185 0.00240716
9 0.977865 0.499074 0.0432292 0.135185 0.00246499
0 0.263281 0.0921296 0.0078125 0.0509259 0.00263215
0 0.166927 0.2875 0.0192708 0.0287037 0.00278898
9 0.220052 0.0893519 0.00989583 0.0157407 0.00283967
12 0.702083 0.139352 0.0208333 0.0861111 0.00330382
5 0.235417 0.0675926 0.0208333 0.05 0.00347316
9 0.270312 0.0486111 0.01875 0.037963 0.00348258
13 0.992448 0.516667 0.0140625 0.174074 0.00362512
1 0.0263021 0.365741 0.0526042 0.0722222 0.00367113
7 0.319531 0.102315 0.0546875 0.0935185 0.00373949
2 0.238542 0.138889 0.0197917 0.0444444 0.00379114
0 0.207031 0.285648 0.0255208 0.0361111 0.00395112
2 0.483854 0.106944 0.015625 0.0564815 0.00481329
0 0.715885 0.371759 0.0244792 0.0268519 0.00483617
11 0.605729 0.0587963 0.0104167 0.0268519 0.00540455
2 0.788021 0.0837963 0.0166667 0.0212963 0.0055368
0 0.283333 0.0837963 0.009375 0.0305556 0.00594286
2 0.463281 0.0875 0.0390625 0.037963 0.00614866
2 0.441406 0.0861111 0.0109375 0.0333333 0.00660653
0 0.2875 0.111111 0.0177083 0.0759259 0.00664081
9 0.269271 0.0199074 0.021875 0.0361111 0.00706673
7 0.970312 0.528241 0.0583333 0.208333 0.00741011
13 0.970312 0.520833 0.0583333 0.184259 0.00809612
9 0.572135 0.0310185 0.0140625 0.0583333 0.00834307
2 0.290625 0.0712963 0.0135417 0.0148148 0.00910255
2 0.458854 0.0731481 0.028125 0.0185185 0.00976666
9 0.991406 0.514815 0.0161458 0.172222 0.0115475
5 0.220313 0.0648148 0.0510417 0.0592593 0.012697
7 0.275781 0.0657407 0.0390625 0.12963 0.0136129
7 0.290885 0.1 0.0213542 0.0685185 0.0137318
2 0.785417 0.0888889 0.015625 0.0203704 0.0142852
7 0.220052 0.0578704 0.0526042 0.0916667 0.0144582
2 0.270833 0.108333 0.0145833 0.0407407 0.0179692
2 0.295312 0.101389 0.028125 0.0675926 0.0225938
0 0.755729 0.0912037 0.0166667 0.0861111 0.0273717
1 0.00416667 0.403704 0.00833333 0.0907407 0.0282471
9 0.567187 0.0472222 0.00833333 0.0240741 0.0323592
2 0.634896 0.148148 0.0114583 0.0574074 0.0351119
0 0.266406 0.294907 0.0109375 0.0212963 0.0389712
0 0.635156 0.148611 0.00989583 0.0527778 0.0428914
1 0.0117188 0.393056 0.0234375 0.112037 0.10843
2 0.436458 0.0856481 0.0125 0.0212963 0.130433
2 0.321615 0.0851852 0.0390625 0.0333333 0.342646
7 0.508073 0.103241 0.0390625 0.062037 0.449658
2 0.627083 0.121296 0.0260417 0.0537037 0.512016
2 0.18125 0.338889 0.255208 0.209259 0.602027
7 0.46276 0.109722 0.0546875 0.087963 0.760538
2 0.318229 0.12037 0.0510417 0.0703704 0.787973
11 0.728906 0.0416667 0.0265625 0.0518519 0.800221
2 0.729688 0.419444 0.122917 0.17037 0.906113
