2 0.273438 0.115278 0.0208333 0.0527778 0.00108192
1 0.0046875 0.394907 0.009375 0.119444 0.00109232
2 0.224219 0.138426 0.0484375 0.0472222 0.00109544
12 0.98776 0.518519 0.0234375 0.177778 0.00110758
2 0.595833 0.423611 0.577083 0.180556 0.00111275
2 0.796354 0.119907 0.0510417 0.0231481 0.00112332
13 0.00416667 0.398148 0.00833333 0.111111 0.0011794
11 0.60625 0.0606481 0.0104167 0.025 0.00127012
2 0.976562 0.498611 0.0447917 0.130556 0.00127424
1 0.00963542 0.387963 0.0192708 0.124074 0.00133763
9 0.261458 0.0430556 0.0135417 0.0564815 0.00136495
9 0.458073 0.0648148 0.0078125 0.0296296 0.00144241
13 0.970573 0.525926 0.0578125 0.192593 0.00144527
0 0.757031 0.0930556 0.0161458 0.0768519 0.0014746
58 0.969792 0.285648 0.0604167 0.15463 0.00159973
2 0.304167 0.12963 0.03125 0.0592593 0.00164969
2 0.657031 0.139352 0.0765625 0.0824074 0.00167247
58 0.96901 0.495833 0.0307292 0.0935185 0.00167605
12 0.701823 0.124074 0.0223958 0.0537037 0.00180505
9 0.263542 0.0875 0.00833333 0.0324074 0.00192155
2 0.776302 0.108333 0.0223958 0.0351852 0.00193152
0 0.263542 0.105093 0.00833333 0.0490741 0.00223615
12 0.976562 0.501852 0.0447917 0.137037 0.00225263
2 0.550781 0.113889 0.351562 0.0759259 0.00245471
7 0.992708 0.517593 0.0135417 0.172222 0.00250438
2 0.296615 0.106944 0.0828125 0.0898148 0.00265756
2 0.44375 0.113426 0.136458 0.0675926 0.00276128
7 0.313281 0.0921296 0.0567708 0.0546296 0.00309331
2 0.592708 0.124537 0.0177083 0.0268519 0.00350372
9 0.416146 0.0106481 0.015625 0.0212963 0.00378326
5 0.219271 0.062963 0.0447917 0.0611111 0.00385832
2 0.365365 0.0828704 0.0203125 0.0305556 0.00387623
2 0.345833 0.110185 0.0125 0.0444444 0.00391534
2 0.352865 0.1125 0.118229 0.0768519 0.00392454
9 0.501823 0.760648 0.0130208 0.0546296 0.00393864
9 0.220313 0.087037 0.0125 0.0166667 0.00434646
2 0.639063 0.146759 0.0166667 0.0546296 0.0043548
7 0.970833 0.526389 0.0572917 0.202778 0.00492571
9 0.569792 0.0314815 0.0125 0.0574074 0.0052423
7 0.145833 0.0907407 0.065625 0.0796296 0.00528798
2 0.648958 0.148611 0.0364583 0.0601852 0.00533946
7 0.220052 0.0662037 0.0505208 0.0675926 0.0055133
9 0.757292 0.075 0.0114583 0.0425926 0.00574727
11 0.23724 0.0689815 0.0161458 0.0435185 0.00680266
9 0.584896 0.0356481 0.0135417 0.0564815 0.0070228
9 0.208854 0.0666667 0.0229167 0.0481481 0.00703714
2 0.269531 0.110648 0.0109375 0.0361111 0.0074049
2 0.446354 0.117593 0.0260417 0.0222222 0.00792909
12 0.995052 0.498611 0.00885417 0.14537 0.00808736
12 0.701302 0.164815 0.0213542 0.0388889 0.00823015
2 0.79349 0.101389 0.0578125 0.0564815 0.00826408
2 0.442708 0.0865741 0.0145833 0.0268519 0.00914145
12 0.69375 0.162963 0.00729167 0.0425926 0.00922141
2 0.238281 0.141204 0.0192708 0.0416667 0.00999617
9 0.442448 0.087037 0.0130208 0.0277778 0.0115607
2 0.396354 0.087963 0.0375 0.0407407 0.0185387
9 0.26875 0.0361111 0.021875 0.0648148 0.0187696
2 0.634375 0.138426 0.0125 0.0490741 0.0199123
2 0.785937 0.0884259 0.015625 0.025 0.0202319
1 0.810156 0.335185 0.0192708 0.0851852 0.0247406
9 0.567187 0.0476852 0.00833333 0.0231481 0.0256393
2 0.488542 0.10787 0.0145833 0.0490741 0.031642
2 0.363542 0.0699074 0.0125 0.025 0.0345307
2 0.294271 0.109259 0.0302083 0.0814815 0.0701911
2 0.461198 0.113889 0.0119792 0.0351852 0.0730137
7 0.297135 0.108333 0.0369792 0.0833333 0.104376
2 0.466667 0.110648 0.0208333 0.0416667 0.175904
2 0.398438 0.0699074 0.0302083 0.025 0.221853
2 0.322396 0.0861111 0.0385417 0.0351852 0.267044
2 0.479427 0.109259 0.0213542 0.0444444 0.298897
7 0.505469 0.103704 0.0432292 0.062963 0.382337
2 0.505469 0.104167 0.0432292 0.0638889 0.443762
2 0.627604 0.122222 0.025 0.0537037 0.480883
10 0.204167 0.316667 0.015625 0.0722222 0.62865
2 0.31875 0.122222 0.0510417 0.0703704 0.699592
2 0.395052 0.105556 0.0421875 0.0611111 0.705204
2 0.365104 0.111111 0.0260417 0.0444444 0.770218
11 0.728906 0.0435185 0.0276042 0.0574074 0.78543
2 0.729948 0.42037 0.122396 0.17037 0.903388
2 0.770312 0.176389 0.104167 0.119444 0.910704
