9 0.236719 0.0685185 0.0182292 0.0444444 0.00101102
9 0.559375 0.0291667 0.0239583 0.0546296 0.0010622
0 0.552344 0.263889 0.522396 0.387037 0.00107235
9 0.995052 0.521296 0.00885417 0.0703704 0.00108781
9 0.5 0.603241 0.0145833 0.0398148 0.00110499
7 0.279427 0.0763889 0.0359375 0.143519 0.00114357
2 0.638021 0.150463 0.0177083 0.062037 0.00115566
0 0.388802 0.256944 0.0203125 0.0287037 0.00115915
9 0.5625 0.05 0.01875 0.0240741 0.00121064
32 0.460156 0.356481 0.0109375 0.0148148 0.001255
0 0.640625 0.149537 0.0208333 0.0601852 0.00125646
2 0.53151 0.112963 0.0140625 0.0425926 0.00129328
2 0.992448 0.337963 0.0140625 0.0685185 0.00131165
13 0.994531 0.52037 0.00989583 0.172222 0.00134525
2 0.0127604 0.127778 0.0223958 0.0259259 0.00144192
9 0.991406 0.513889 0.0161458 0.166667 0.00153474
7 0.985156 0.522222 0.0286458 0.196296 0.0015474
2 0.296875 0.104167 0.0875 0.0935185 0.0015568
1 0.00494792 0.459259 0.00989583 0.233333 0.00156678
0 0.75599 0.105093 0.0182292 0.0675926 0.00166426
13 0.970312 0.527315 0.0583333 0.178704 0.00169328
2 0.607813 0.418519 0.604167 0.194444 0.00170255
2 0.783333 0.109259 0.0364583 0.0481481 0.0017206
13 0.985677 0.52037 0.0276042 0.17963 0.00188986
2 0.994271 0.375926 0.0104167 0.15 0.00196109
0 0.994531 0.259722 0.00989583 0.186111 0.00201728
0 0.757812 0.0726852 0.0104167 0.0398148 0.00213721
9 0.293229 0.0518519 0.009375 0.0444444 0.00215311
9 0.272656 0.0402778 0.0317708 0.0787037 0.00229179
9 0.108333 0.0268519 0.009375 0.0351852 0.00229907
7 0.146354 0.0893519 0.06875 0.0787037 0.00234362
9 0.255729 0.0787037 0.0135417 0.05 0.00236261
2 0.592969 0.125926 0.0171875 0.0240741 0.00243173
0 0.757292 0.374074 0.01875 0.0296296 0.0024664
2 0.648438 0.15 0.0385417 0.0611111 0.0024772
0 0.730729 0.372222 0.0239583 0.0277778 0.00253771
9 0.502344 0.760648 0.0130208 0.0527778 0.00258218
2 0.363542 0.0675926 0.0114583 0.0203704 0.00266205
0 0.442708 0.087963 0.0135417 0.0296296 0.00279784
9 0.252344 0.0865741 0.0140625 0.0361111 0.00305318
0 0.3625 0.0703704 0.009375 0.0240741 0.00306928
2 0.413021 0.110185 0.285417 0.0759259 0.00325769
2 0.776042 0.115278 0.0208333 0.0305556 0.00371837
9 0.582812 0.0342593 0.0125 0.0555556 0.00372685
0 0.757292 0.124537 0.0135417 0.0268519 0.00393877
2 0.60599 0.0601852 0.00989583 0.0240741 0.00401422
0 0.266406 0.0986111 0.0109375 0.0546296 0.00413916
9 0.26276 0.087963 0.0078125 0.037037 0.00418491
2 0.594792 0.110185 0.301042 0.0666667 0.00437173
12 0.700521 0.1625 0.021875 0.0416667 0.00479468
1 0.0132813 0.366667 0.0265625 0.0462963 0.00494896
2 0.238542 0.141667 0.0177083 0.0388889 0.00529077
0 0.71276 0.37037 0.0213542 0.0277778 0.00552677
12 0.99349 0.497685 0.0119792 0.132407 0.00644091
9 0.269792 0.0462963 0.0208333 0.0425926 0.00707359
13 0.0255208 0.393519 0.0510417 0.114815 0.00796299
2 0.480208 0.110185 0.0604167 0.0592593 0.00855523
9 0.572656 0.0310185 0.0140625 0.0583333 0.00877788
0 0.995313 0.325463 0.00833333 0.0435185 0.0100087
2 0.995052 0.327778 0.00885417 0.05 0.0106627
2 0.271094 0.110648 0.0140625 0.037963 0.0110816
12 0.69401 0.162037 0.00885417 0.0388889 0.0126253
5 0.220573 0.0722222 0.0505208 0.0666667 0.0129448
9 0.209375 0.0666667 0.025 0.0481481 0.0136387
2 0.785417 0.0888889 0.015625 0.0222222 0.0137112
9 0.442448 0.087963 0.0130208 0.0277778 0.0158484
7 0.220052 0.0717593 0.0505208 0.0657407 0.0161983
9 0.269271 0.0277778 0.021875 0.0518519 0.0183712
1 0.025 0.388889 0.05 0.124074 0.0188785
1 0.00494792 0.399074 0.00989583 0.105556 0.0198597
2 0.48724 0.107407 0.0140625 0.05 0.0244161
9 0.567448 0.0476852 0.0078125 0.0231481 0.0452893
1 0.0122396 0.395833 0.0244792 0.112037 0.0502111
2 0.298438 0.107407 0.0385417 0.0814815 0.0771051
0 0.634896 0.149074 0.009375 0.0555556 0.0836765
7 0.297135 0.106944 0.0390625 0.0824074 0.108671
2 0.46276 0.111111 0.0140625 0.0407407 0.144549
2 0.480469 0.109722 0.0203125 0.0453704 0.238804
2 0.470573 0.109722 0.0296875 0.0435185 0.301038
2 0.322396 0.0884259 0.0385417 0.0398148 0.352947
2 0.627604 0.12037 0.025 0.05 0.414481
2 0.505469 0.10463 0.0432292 0.062963 0.571452
10 0.203906 0.316204 0.0161458 0.0712963 0.637081
2 0.318229 0.121296 0.0510417 0.0722222 0.746979
11 0.729167 0.0435185 0.0270833 0.0574074 0.816595
2 0.382812 0.163426 0.0583333 0.0805556 0.878041
2 0.378125 0.293056 0.0927083 0.130556 0.894908
2 0.729948 0.418981 0.122396 0.171296 0.905705
2 0.745833 0.190741 0.128125 0.111111 0.911021
