13 0.961458 0.554167 0.0385417 0.0398148 0.00100567
2 0.536198 0.110648 0.0130208 0.0472222 0.00100766
9 0.444792 0.243519 0.00833333 0.0185185 0.00101706
2 0.783333 0.10787 0.0375 0.0657407 0.00102336
2 0.64375 0.151389 0.025 0.062037 0.00102928
2 0.592708 0.125463 0.0166667 0.0231481 0.00103031
9 0.558854 0.025463 0.021875 0.0453704 0.00105838
9 0.547917 0.0523148 0.0104167 0.025 0.00107652
7 0.146615 0.0907407 0.0630208 0.0722222 0.00108114
13 0.972396 0.519907 0.0541667 0.175 0.00109257
12 0.715885 0.164352 0.0109375 0.0342593 0.00110939
32 0.454167 0.315278 0.00833333 0.0138889 0.00115665
12 0.995573 0.531944 0.0078125 0.0398148 0.00117643
7 0.220052 0.0921296 0.0536458 0.125 0.00126538
12 0.702083 0.131019 0.0229167 0.0675926 0.00131915
0 0.565625 0.278704 0.0208333 0.0333333 0.00136974
0 0.816927 0.234722 0.00885417 0.0398148 0.0014501
2 0.290885 0.131944 0.0171875 0.0546296 0.00149279
9 0.107292 0.0287037 0.0135417 0.0388889 0.00150632
9 0.252865 0.0875 0.0151042 0.0342593 0.00153354
12 0.695052 0.162963 0.0078125 0.037037 0.0015439
2 0.77526 0.121759 0.0192708 0.0435185 0.00158896
9 0.26276 0.0421296 0.0171875 0.0601852 0.00161336
2 0.531771 0.112037 0.0135417 0.0425926 0.00163565
0 0.559375 0.272685 0.0229167 0.037963 0.00165294
9 0.115885 0.025 0.0171875 0.0388889 0.00172865
9 0.236979 0.0689815 0.015625 0.0453704 0.00175378
12 0.702344 0.162963 0.0223958 0.037037 0.00175386
2 0.0138021 0.39213 0.0276042 0.121296 0.00188985
1 0.800781 0.317593 0.0276042 0.0814815 0.00192656
9 0.429167 0.0319444 0.009375 0.0305556 0.00194012
2 0.223698 0.138889 0.0484375 0.0462963 0.00196267
2 0.360938 0.0657407 0.0104167 0.0222222 0.00196513
9 0.469531 0.413889 0.0109375 0.0277778 0.00209
0 0.715625 0.371759 0.0229167 0.0268519 0.00211312
12 0.817187 0.233796 0.009375 0.0398148 0.00223062
12 0.976042 0.498148 0.0427083 0.12963 0.0022368
2 0.563281 0.108796 0.276563 0.0657407 0.00242337
2 0.646094 0.39537 0.325521 0.22963 0.00242581
2 0.267188 0.0986111 0.0114583 0.0546296 0.00262489
13 0.0127604 0.366667 0.0255208 0.0537037 0.00264934
0 0.263281 0.108333 0.0078125 0.0407407 0.00277436
0 0.545052 0.271296 0.0223958 0.037037 0.00281989
0 0.442969 0.0981481 0.0171875 0.05 0.0028571
2 0.301302 0.111574 0.0807292 0.087963 0.00294147
9 0.270052 0.0467593 0.0213542 0.0564815 0.00300482
9 0.458073 0.0657407 0.0078125 0.0277778 0.00304557
7 0.216927 0.0638889 0.0432292 0.0648148 0.0030798
9 0.263021 0.0875 0.00833333 0.0342593 0.00311491
2 0.404427 0.1125 0.264062 0.075 0.0031722
1 0.00546875 0.365741 0.0109375 0.0666667 0.00321515
5 0.213802 0.0615741 0.0338542 0.0583333 0.00335389
9 0.291927 0.0708333 0.0119792 0.0157407 0.00356547
0 0.75651 0.0828704 0.0140625 0.0601852 0.00371238
9 0.29349 0.0560185 0.00989583 0.0435185 0.00427989
2 0.442708 0.0875 0.0135417 0.0268519 0.00433128
9 0.569531 0.0319444 0.0130208 0.0583333 0.00436087
9 0.215885 0.0657407 0.0411458 0.0555556 0.00441065
13 0.0140625 0.390741 0.028125 0.12037 0.0045305
9 0.757292 0.074537 0.0125 0.0453704 0.00460321
2 0.460417 0.110185 0.09375 0.0574074 0.00635064
1 0.00885417 0.393519 0.0177083 0.118519 0.00653435
12 0.994792 0.496759 0.009375 0.134259 0.00743098
13 0.0046875 0.393519 0.009375 0.114815 0.00746293
2 0.635156 0.146296 0.0109375 0.0518519 0.00920465
2 0.00416667 0.406019 0.00833333 0.0935185 0.0104683
9 0.269531 0.0231481 0.0203125 0.0407407 0.0108067
9 0.220313 0.087963 0.009375 0.0166667 0.0112864
0 0.635417 0.149074 0.009375 0.05 0.0113724
11 0.23724 0.0666667 0.0161458 0.037037 0.0119639
2 0.238542 0.140278 0.01875 0.0416667 0.0120112
11 0.60625 0.0597222 0.0104167 0.025 0.0125748
9 0.442708 0.087037 0.0135417 0.0259259 0.0133242
9 0.207552 0.0666667 0.0192708 0.0462963 0.0143896
1 0.811198 0.333796 0.0182292 0.0935185 0.019354
2 0.786198 0.0888889 0.0151042 0.0240741 0.0201977
9 0.502604 0.759259 0.0125 0.0537037 0.0270987
9 0.221615 0.0592593 0.0140625 0.0388889 0.0314681
2 0.29401 0.108796 0.0307292 0.0842593 0.0412038
2 0.271875 0.1125 0.015625 0.0342593 0.0419403
9 0.567187 0.0481481 0.00833333 0.0240741 0.064991
2 0.46224 0.112037 0.0130208 0.0388889 0.112161
7 0.297917 0.10787 0.040625 0.0842593 0.139878
2 0.321875 0.0851852 0.0395833 0.0314815 0.199412
2 0.469792 0.109722 0.0270833 0.0435185 0.227764
2 0.480469 0.109259 0.0223958 0.0444444 0.250977
2 0.627344 0.122222 0.0255208 0.0518519 0.461535
2 0.506771 0.104167 0.0416667 0.0638889 0.528717
2 0.350781 0.112963 0.0203125 0.0388889 0.673425
2 0.31901 0.121296 0.0505208 0.0703704 0.70663
11 0.729427 0.0435185 0.0265625 0.0574074 0.755446
10 0.204167 0.316204 0.015625 0.0712963 0.797947
2 0.541406 0.314815 0.104687 0.140741 0.858342
2 0.729688 0.419907 0.121875 0.171296 0.904807
