9 0.500521 0.602778 0.015625 0.037037 0.00106212
9 0.217969 0.100926 0.00989583 0.0407407 0.00120619
13 0.970312 0.524074 0.0583333 0.177778 0.00125172
12 0.701563 0.164815 0.021875 0.0388889 0.00127521
9 0.458333 0.0648148 0.00833333 0.0314815 0.00133087
7 0.988021 0.518519 0.0229167 0.183333 0.00140137
13 0.986458 0.518519 0.0260417 0.175926 0.00146666
12 0.98724 0.518056 0.0244792 0.173148 0.00150372
7 0.970312 0.531018 0.0583333 0.212037 0.00153486
0 0.757552 0.0861111 0.0130208 0.0592593 0.00160014
0 0.995833 0.320833 0.00729167 0.0638889 0.00163822
2 0.783333 0.102778 0.0375 0.0555556 0.00166155
9 0.290365 0.0273148 0.0109375 0.0342593 0.00172364
0 0.2625 0.103241 0.00833333 0.0527778 0.00175183
2 0.451302 0.114815 0.352604 0.0925926 0.00183517
1 0.0510417 0.158333 0.0625 0.0777778 0.00185246
12 0.75625 0.0958333 0.015625 0.0842593 0.00189919
2 0.776823 0.112037 0.0234375 0.0333333 0.00191107
11 0.239844 0.0361111 0.0213542 0.0685185 0.00191126
9 0.588802 0.0398148 0.0151042 0.0425926 0.00192068
2 0.663281 0.150926 0.0640625 0.0648148 0.00197427
9 0.255208 0.0763889 0.0114583 0.0490741 0.0026599
9 0.252083 0.0856481 0.0125 0.0342593 0.00267066
9 0.263021 0.087037 0.00833333 0.0333333 0.00270999
12 0.688802 0.16713 0.0151042 0.037963 0.00282882
2 0.515104 0.112037 0.158333 0.0685185 0.00291471
58 0.96849 0.495833 0.0307292 0.0861111 0.00298914
12 0.702083 0.141667 0.0239583 0.0796296 0.00299617
2 0.641406 0.151389 0.0203125 0.062037 0.00301318
0 0.715885 0.371759 0.0234375 0.0268519 0.00358949
0 0.36224 0.0560185 0.0151042 0.037963 0.00365668
12 0.994271 0.51713 0.0104167 0.171296 0.00373514
9 0.75651 0.0907407 0.0130208 0.0759259 0.00395895
13 0.0143229 0.368519 0.0286458 0.0481481 0.00406266
2 0.0143229 0.396759 0.0286458 0.117593 0.0042
11 0.60625 0.0592593 0.009375 0.0240741 0.0043778
12 0.69349 0.165278 0.0078125 0.037963 0.00498156
9 0.99349 0.509259 0.0119792 0.157407 0.00519999
9 0.583594 0.0337963 0.0140625 0.0564815 0.00528883
0 0.282031 0.0884259 0.00677083 0.0287037 0.0053631
9 0.207552 0.0671296 0.0213542 0.0453704 0.00536351
2 0.442708 0.0875 0.0135417 0.0305556 0.00541543
9 0.573698 0.0310185 0.0151042 0.0601852 0.00578315
2 0.492708 0.116667 0.034375 0.0351852 0.00600649
2 0.00390625 0.410185 0.0078125 0.0833333 0.00634292
9 0.757812 0.0731481 0.0104167 0.0425926 0.00733559
2 0.53151 0.1125 0.0140625 0.0435185 0.00831598
9 0.109635 0.0259259 0.0109375 0.0351852 0.00843947
9 0.502865 0.759259 0.0130208 0.0574074 0.00848698
13 0.00625 0.396296 0.0125 0.111111 0.0088206
32 0.454167 0.315278 0.00833333 0.0157407 0.00895183
0 0.442708 0.0972222 0.015625 0.05 0.00938117
10 0.442708 0.0861111 0.0135417 0.0277778 0.0096851
2 0.270573 0.106481 0.0130208 0.0444444 0.0103527
2 0.785677 0.0898148 0.0140625 0.0222222 0.0117236
2 0.238802 0.140278 0.0192708 0.0416667 0.0122787
11 0.236719 0.0680556 0.0171875 0.0435185 0.0128918
7 0.214583 0.0625 0.0395833 0.0638889 0.0132772
9 0.21901 0.087963 0.00989583 0.0185185 0.0173057
2 0.635417 0.147685 0.0104167 0.0583333 0.0181048
1 0.0122396 0.397222 0.0244792 0.111111 0.0182524
13 0.0143229 0.397685 0.0286458 0.110185 0.0231698
2 0.477344 0.0990741 0.0265625 0.0277778 0.0352351
9 0.567187 0.0481481 0.00833333 0.0240741 0.0397985
9 0.26901 0.0347222 0.0213542 0.0675926 0.0521554
2 0.592969 0.126852 0.0171875 0.0222222 0.0524871
2 0.461719 0.115741 0.0130208 0.0333333 0.0552394
2 0.469531 0.113426 0.0307292 0.0398148 0.0601569
7 0.307292 0.108796 0.05625 0.0842593 0.0700667
2 0.48099 0.0930556 0.0244792 0.0157407 0.127283
9 0.360417 0.0560185 0.0104167 0.0342593 0.128502
2 0.29974 0.107407 0.0369792 0.0814815 0.133173
2 0.321615 0.0875 0.0390625 0.0342593 0.198564
2 0.627865 0.120833 0.0244792 0.0509259 0.353596
2 0.509635 0.104167 0.0359375 0.062037 0.626381
2 0.31875 0.120833 0.05 0.0712963 0.685056
10 0.203906 0.315741 0.0161458 0.0703704 0.773132
11 0.729427 0.0439815 0.0265625 0.0564815 0.782194
2 0.486979 0.144907 0.0614583 0.0916667 0.868629
2 0.729948 0.419444 0.122396 0.172222 0.914033
