0 0.716667 0.372222 0.0229167 0.0277778 0.00101926
9 0.547917 0.0518519 0.0104167 0.0240741 0.00102035
12 0.702083 0.164815 0.0197917 0.0388889 0.00103048
0 0.888021 0.439352 0.0177083 0.0546296 0.00103505
9 0.415365 0.0101852 0.0161458 0.0203704 0.00104134
12 0.982813 0.499537 0.0291667 0.130556 0.00106045
9 0.223698 0.0592593 0.0244792 0.0388889 0.00109244
9 0.21901 0.101852 0.00989583 0.0388889 0.00113434
12 0.995313 0.535185 0.00833333 0.0425926 0.00114114
0 0.817187 0.234259 0.00833333 0.0388889 0.0011492
9 0.104948 0.0282407 0.0119792 0.037963 0.00117904
2 0.59401 0.425 0.461979 0.17037 0.00121755
2 0.363281 0.0671296 0.0119792 0.0212963 0.00124327
13 0.961979 0.552778 0.0385417 0.0388889 0.00125553
2 0.0575521 0.0592593 0.0421875 0.0333333 0.00127309
2 0.361979 0.0828704 0.0114583 0.0361111 0.00127615
13 0.98776 0.52037 0.0234375 0.175926 0.00130044
9 0.116406 0.0240741 0.0161458 0.0388889 0.00136608
2 0.298438 0.134259 0.01875 0.05 0.00136816
2 0.539062 0.112963 0.226042 0.0833333 0.00139203
58 0.995573 0.324537 0.0078125 0.062037 0.00140409
2 0.263021 0.10787 0.00833333 0.0416667 0.00142313
12 0.817448 0.233796 0.00885417 0.0398148 0.00145857
9 0.259375 0.075 0.0145833 0.0462963 0.00150461
2 0.531771 0.112963 0.0135417 0.0425926 0.00155807
32 0.453906 0.315278 0.0078125 0.0138889 0.00157906
9 0.29349 0.0569444 0.00989583 0.0416667 0.00169035
2 0.648177 0.148611 0.0359375 0.0583333 0.00178259
7 0.298958 0.108796 0.08125 0.0916667 0.0017946
9 0.578125 0.0333333 0.0135417 0.0611111 0.00188289
9 0.267708 0.0967593 0.0104167 0.0509259 0.00190921
9 0.252604 0.087963 0.0135417 0.0333333 0.00211931
1 0.811458 0.332407 0.0177083 0.0944444 0.00217319
9 0.428646 0.0324074 0.0104167 0.0333333 0.00221831
9 0.271354 0.0412037 0.028125 0.0787037 0.00247087
2 0.408073 0.111574 0.257812 0.0675926 0.00274218
9 0.457812 0.0648148 0.00729167 0.0296296 0.00277653
2 0.442708 0.087963 0.0135417 0.0277778 0.00277693
9 0.23724 0.0680556 0.0151042 0.0435185 0.00306927
0 0.0539063 0.117593 0.00989583 0.05 0.00334219
9 0.268229 0.0569444 0.0177083 0.0342593 0.00345934
9 0.292448 0.0708333 0.0109375 0.0175926 0.00380069
9 0.263021 0.0865741 0.00833333 0.0342593 0.00395033
9 0.571615 0.0314815 0.0140625 0.0592593 0.00443953
0 0.75651 0.0902778 0.0151042 0.0805556 0.00493141
2 0.592969 0.127315 0.0171875 0.0212963 0.00493333
2 0.00833333 0.395833 0.0166667 0.117593 0.00537616
2 0.238281 0.139815 0.0182292 0.0425926 0.00598159
12 0.994792 0.501389 0.009375 0.143519 0.0061034
2 0.785417 0.0888889 0.0145833 0.0240741 0.00660616
0 0.442448 0.0986111 0.0161458 0.0509259 0.00674899
9 0.214323 0.0671296 0.0380208 0.0509259 0.0072138
2 0.60625 0.0597222 0.0104167 0.025 0.00875053
11 0.2375 0.0652778 0.015625 0.0361111 0.00947812
9 0.442448 0.0875 0.0130208 0.0268519 0.0101154
2 0.00416667 0.40463 0.00833333 0.1 0.0179809
9 0.206771 0.0675926 0.01875 0.0425926 0.0204823
9 0.219792 0.0898148 0.009375 0.0166667 0.0213017
2 0.635417 0.147685 0.0104167 0.0564815 0.021623
9 0.26875 0.0263889 0.0208333 0.0472222 0.0236758
2 0.271875 0.1125 0.0145833 0.0324074 0.0254445
2 0.48724 0.10787 0.0140625 0.0490741 0.02713
0 0.635417 0.149074 0.009375 0.0518519 0.0272148
2 0.291146 0.109722 0.025 0.0787037 0.0278988
7 0.319531 0.0962963 0.0473958 0.0555556 0.0304168
9 0.502604 0.759259 0.0125 0.0537037 0.035399
9 0.567448 0.0481481 0.0078125 0.0240741 0.0644433
9 0.222135 0.0574074 0.0119792 0.0333333 0.0774393
7 0.296875 0.10787 0.0385417 0.0842593 0.0797928
2 0.321875 0.0856481 0.0395833 0.0305556 0.139534
2 0.465885 0.110648 0.0192708 0.0416667 0.158152
2 0.479948 0.109259 0.0213542 0.0444444 0.223618
2 0.627604 0.122685 0.0260417 0.0527778 0.37035
2 0.50625 0.103704 0.0427083 0.062963 0.552867
2 0.31875 0.121296 0.0510417 0.0722222 0.64007
2 0.352344 0.112963 0.0223958 0.0388889 0.700265
10 0.203906 0.316204 0.0161458 0.0712963 0.712529
11 0.729167 0.0430556 0.0270833 0.0564815 0.783141
2 0.515885 0.2375 0.0838542 0.112037 0.880659
2 0.729688 0.419907 0.122917 0.171296 0.907459
