9 0.257812 0.0773148 0.015625 0.0527778 0.0010038
11 0.254948 0.0875 0.0182292 0.0361111 0.00106329
0 0.0807292 0.163889 0.0114583 0.0407407 0.0010991
12 0.692187 0.140741 0.0104167 0.0888889 0.00114019
2 0.0210938 0.148611 0.0421875 0.0601852 0.0011875
7 0.298698 0.105556 0.0848958 0.0962963 0.00120964
2 0.651302 0.152315 0.0421875 0.0583333 0.00124014
12 0.701302 0.164352 0.0234375 0.0361111 0.00129102
11 0.220573 0.0675926 0.0515625 0.0574074 0.0013276
2 0.654427 0.138426 0.0828125 0.0842593 0.00133555
2 0.525 0.116204 0.248958 0.0824074 0.00137835
7 0.990885 0.516667 0.0171875 0.17963 0.00146376
7 0.970573 0.52037 0.0578125 0.185185 0.00150133
0 0.757292 0.123148 0.0114583 0.0407407 0.00153981
9 0.50026 0.603704 0.0151042 0.0388889 0.00155151
58 0.96849 0.496759 0.0296875 0.0842593 0.00173057
1 0.810156 0.328241 0.0203125 0.0861111 0.0017335
11 0.606771 0.0611111 0.0104167 0.0259259 0.00198787
2 0.785937 0.102315 0.0427083 0.0490741 0.00200379
7 0.789583 0.0625 0.028125 0.0583333 0.00204215
2 0.2375 0.10787 0.0177083 0.037963 0.00233678
0 0.2625 0.104167 0.0104167 0.0527778 0.00243027
10 0.196094 0.29537 0.0328125 0.116667 0.00243434
2 0.771615 0.113889 0.0140625 0.0296296 0.00246672
0 0.265104 0.0939815 0.0104167 0.0453704 0.00280448
2 0.416146 0.113426 0.229167 0.0768519 0.00281836
0 0.995833 0.327778 0.00729167 0.0574074 0.00296397
0 0.716406 0.370833 0.0244792 0.0287037 0.00306163
2 0.816927 0.231944 0.00989583 0.0453704 0.00306953
2 0.99401 0.518056 0.0109375 0.171296 0.00308807
9 0.581771 0.0365741 0.0135417 0.0546296 0.00321338
2 0.0135417 0.396759 0.0270833 0.108333 0.00361675
11 0.23724 0.0685185 0.0161458 0.0444444 0.00435858
9 0.992969 0.514815 0.0130208 0.166667 0.00475753
9 0.263542 0.0875 0.00833333 0.0342593 0.00529912
2 0.270573 0.109722 0.0119792 0.037963 0.0062342
9 0.36224 0.0666667 0.00989583 0.0296296 0.0063771
1 0.00885417 0.401852 0.0177083 0.1 0.00668764
9 0.211198 0.0675926 0.0307292 0.05 0.00671259
10 0.00442708 0.406481 0.00885417 0.0888889 0.00758199
9 0.502865 0.761111 0.0130208 0.0537037 0.00785135
12 0.994271 0.51713 0.0104167 0.173148 0.00844633
2 0.0046875 0.406481 0.009375 0.0907407 0.00938499
2 0.592448 0.125463 0.0171875 0.025 0.0116846
12 0.690104 0.16713 0.0125 0.0361111 0.0121623
9 0.573698 0.0310185 0.0140625 0.0601852 0.0141225
5 0.220313 0.0675926 0.05 0.0611111 0.0142625
2 0.817969 0.0703704 0.0119792 0.012963 0.0150225
0 0.635156 0.147685 0.00885417 0.0509259 0.0157727
7 0.220313 0.0657407 0.05 0.0685185 0.0160518
2 0.531771 0.1125 0.0145833 0.0416667 0.0210694
2 0.813281 0.0740741 0.0192708 0.0166667 0.0214874
2 0.238281 0.14213 0.0171875 0.037963 0.0232763
0 0.757552 0.087037 0.0130208 0.0722222 0.0234358
2 0.442187 0.0893519 0.0114583 0.0268519 0.0239062
2 0.634896 0.144907 0.0104167 0.0509259 0.0251994
2 0.792188 0.0888889 0.0229167 0.0222222 0.0289767
9 0.26901 0.0333333 0.0203125 0.0648148 0.031195
2 0.785937 0.0893519 0.0135417 0.0212963 0.0339398
2 0.479167 0.110185 0.015625 0.0518519 0.0547238
9 0.567448 0.0481481 0.0078125 0.0240741 0.0633709
2 0.481771 0.0972222 0.01875 0.0277778 0.0946594
2 0.298698 0.10787 0.0390625 0.0842593 0.143923
2 0.322135 0.0851852 0.0380208 0.0351852 0.223053
7 0.298438 0.106481 0.0395833 0.0833333 0.230707
2 0.627344 0.121296 0.0255208 0.0537037 0.436118
2 0.31849 0.120833 0.0505208 0.0712963 0.666525
2 0.505729 0.10463 0.0427083 0.062963 0.671306
2 0.461198 0.108796 0.0432292 0.0564815 0.795453
11 0.729167 0.0430556 0.0270833 0.0564815 0.815742
10 0.204167 0.316204 0.0166667 0.0712963 0.8178
2 0.730208 0.419444 0.122917 0.17037 0.911522
