2 0.289844 0.102315 0.0942708 0.112037 0.00100076
0 0.497396 0.650926 0.759375 0.648148 0.00101246
2 0.0578125 0.0662037 0.0427083 0.0268519 0.00108516
12 0.701823 0.14213 0.0213542 0.0805556 0.00108915
1 0.00494792 0.159259 0.00989583 0.0425926 0.00115517
2 0.813281 0.0759259 0.0182292 0.0203704 0.00116259
0 0.730729 0.370833 0.03125 0.0305556 0.00117437
2 0.238802 0.135648 0.0203125 0.0472222 0.00119299
7 0.970833 0.521296 0.0572917 0.187037 0.00119436
0 0.65651 0.733333 0.0557292 0.0722222 0.00120526
1 0.0359375 0.161111 0.0708333 0.1 0.00123006
9 0.567969 0.0314815 0.0161458 0.0592593 0.00123171
2 0.373177 0.0990741 0.0161458 0.0444444 0.00127683
0 0.757552 0.373611 0.0182292 0.0324074 0.00130976
12 0.975521 0.498148 0.04375 0.127778 0.00136246
32 0.460156 0.355093 0.00989583 0.0138889 0.00136588
9 0.261198 0.0458333 0.0140625 0.0472222 0.00141718
9 0.548177 0.0527778 0.0109375 0.0222222 0.00148528
2 0.00416667 0.459259 0.00833333 0.175926 0.00159284
0 0.53125 0.110185 0.0145833 0.0462963 0.00165901
7 0.21875 0.0875 0.0572917 0.126852 0.0017292
2 0.53151 0.107407 0.0161458 0.0481481 0.00180606
2 0.283854 0.0763889 0.025 0.0305556 0.00183515
9 0.275 0.0435185 0.0354167 0.0851852 0.00185681
0 0.614062 0.73287 0.096875 0.062037 0.00186701
0 0.361458 0.0680556 0.0114583 0.0231481 0.00197643
0 0.570312 0.736111 0.0229167 0.0481481 0.00197998
2 0.538021 0.108796 0.340625 0.0731481 0.00211868
1 0.0179687 0.16713 0.0359375 0.0842593 0.00221551
9 0.5 0.601389 0.0145833 0.0398148 0.00225583
1 0.0236979 0.39537 0.0473958 0.114815 0.00239313
9 0.502604 0.759259 0.0125 0.0574074 0.00242845
2 0.0132813 0.399074 0.0265625 0.111111 0.00245788
2 0.279687 0.113426 0.03125 0.0675926 0.00252615
13 0.970833 0.518056 0.0572917 0.173148 0.00259256
2 0.376302 0.105556 0.172396 0.0814815 0.0028293
9 0.994792 0.492593 0.009375 0.12963 0.00296031
13 0.961979 0.554167 0.040625 0.0453704 0.00306038
0 0.588281 0.74213 0.0494792 0.0490741 0.00309112
5 0.21849 0.087963 0.0567708 0.116667 0.00316306
12 0.99401 0.499074 0.0109375 0.138889 0.00319603
58 0.96875 0.493981 0.0302083 0.100926 0.00351719
32 0.453906 0.313889 0.0078125 0.0148148 0.00376602
7 0.272135 0.0546296 0.0296875 0.107407 0.00380066
0 0.715885 0.370833 0.0244792 0.0268519 0.00406284
0 0.263021 0.0925926 0.00833333 0.05 0.00430636
0 0.285677 0.105556 0.0140625 0.062963 0.00459271
2 0.468229 0.106481 0.08125 0.0592593 0.00477242
2 0.36224 0.0703704 0.0109375 0.0240741 0.00548487
2 0.291927 0.0708333 0.0119792 0.0175926 0.00566146
0 0.646615 0.728704 0.0348958 0.05 0.00566594
0 0.266927 0.0986111 0.00989583 0.0546296 0.00614743
1 0.00390625 0.415278 0.0078125 0.0731481 0.00697257
0 0.754948 0.0921296 0.0161458 0.0805556 0.00733346
9 0.269271 0.0416667 0.0208333 0.0518519 0.00751023
2 0.00390625 0.416667 0.0078125 0.0685185 0.00769875
2 0.290104 0.0888889 0.0166667 0.0407407 0.00816684
1 0.0119792 0.368056 0.0239583 0.0546296 0.00853329
2 0.269531 0.107407 0.0119792 0.0388889 0.00869905
9 0.292188 0.050463 0.00833333 0.0435185 0.00878985
2 0.605208 0.0592593 0.0104167 0.0259259 0.00956987
2 0.41224 0.102315 0.0119792 0.0583333 0.0112645
9 0.566927 0.0472222 0.00885417 0.0240741 0.0113551
2 0.785937 0.0884259 0.015625 0.0194444 0.0131378
1 0.0104167 0.397685 0.0208333 0.108333 0.0158347
9 0.269271 0.0189815 0.0197917 0.0342593 0.0193534
0 0.635156 0.14537 0.00989583 0.0537037 0.0219459
7 0.219271 0.0648148 0.0510417 0.0611111 0.0239149
2 0.289323 0.116204 0.0203125 0.0657407 0.0293875
2 0.458854 0.111111 0.0135417 0.0388889 0.0381848
5 0.219792 0.0634259 0.0510417 0.0583333 0.0429058
2 0.29401 0.103241 0.0223958 0.0490741 0.0767007
2 0.322135 0.0861111 0.0369792 0.037037 0.301687
2 0.627604 0.119907 0.025 0.0509259 0.307933
7 0.395573 0.0976852 0.0421875 0.0675926 0.400067
2 0.395573 0.0976852 0.0421875 0.0675926 0.409013
2 0.475 0.107407 0.03125 0.0462963 0.409346
2 0.504948 0.102315 0.0432292 0.0638889 0.438865
2 0.436458 0.104167 0.0375 0.0527778 0.480451
7 0.504948 0.102778 0.0432292 0.062963 0.495969
10 0.204167 0.313889 0.015625 0.0722222 0.723177
2 0.317969 0.119907 0.0515625 0.0694444 0.746784
11 0.728906 0.0407407 0.0276042 0.0537037 0.773724
2 0.620052 0.8125 0.205729 0.321296 0.820654
2 0.729688 0.418981 0.122917 0.169444 0.914241
