58 0.96875 0.495833 0.0291667 0.0898148 0.00103947
12 0.982292 0.503704 0.0333333 0.138889 0.00105032
2 0.363542 0.0685185 0.0114583 0.0185185 0.00105814
0 0.85599 0.0837963 0.0130208 0.0212963 0.00109673
9 0.36224 0.0708333 0.00885417 0.0212963 0.00109862
12 0.702083 0.1625 0.0229167 0.0416667 0.0011227
7 0.789062 0.0634259 0.028125 0.0564815 0.0012088
7 0.990365 0.518056 0.0182292 0.182407 0.00126516
2 0.754948 0.157407 0.0109375 0.0185185 0.00127719
0 0.730729 0.372222 0.0260417 0.0296296 0.00131709
9 0.581771 0.0425926 0.0114583 0.0407407 0.00136095
13 0.961979 0.556019 0.0395833 0.0416667 0.001419
9 0.261458 0.0453704 0.0145833 0.05 0.00146907
9 0.991146 0.515278 0.0166667 0.169444 0.00163621
9 0.110156 0.0263889 0.0119792 0.0361111 0.00171454
2 0.0617188 0.0685185 0.0307292 0.0222222 0.00171881
9 0.272917 0.0393519 0.03125 0.0768519 0.00172516
0 0.995833 0.326852 0.00729167 0.0555556 0.00177866
9 0.50026 0.603704 0.0151042 0.0407407 0.00192678
9 0.257812 0.0777778 0.0125 0.0444444 0.00203707
9 0.26849 0.0583333 0.0161458 0.0296296 0.00224265
2 0.817187 0.0712963 0.0125 0.0166667 0.00224468
9 0.995052 0.534722 0.00885417 0.0675926 0.00226312
1 0.810156 0.333333 0.0203125 0.0888889 0.00240445
9 0.252865 0.0865741 0.0130208 0.0361111 0.00250115
2 0.649219 0.149537 0.0390625 0.0564815 0.00252319
2 0.218229 0.137037 0.0604167 0.05 0.00258417
9 0.266146 0.0972222 0.0104167 0.0555556 0.00259303
11 0.239583 0.0328704 0.021875 0.062037 0.00262814
9 0.817448 0.235185 0.0078125 0.0388889 0.00265753
11 0.2375 0.0685185 0.0166667 0.0425926 0.0028737
2 0.54401 0.112963 0.259896 0.0666667 0.00288757
2 0.75651 0.116667 0.0151042 0.0314815 0.00303303
9 0.415104 0.00925926 0.0145833 0.0185185 0.00304668
2 0.772917 0.110185 0.0145833 0.0222222 0.00310426
2 0.0111979 0.371296 0.0223958 0.0555556 0.00310937
9 0.429427 0.0467593 0.00885417 0.0157407 0.00326947
2 0.816146 0.0833333 0.0145833 0.0296296 0.00340816
9 0.570833 0.0324074 0.0135417 0.0574074 0.0035119
9 0.29401 0.0555556 0.00885417 0.037037 0.00378352
0 0.715104 0.373611 0.025 0.0268519 0.00387316
2 0.285937 0.118519 0.0145833 0.0611111 0.00391172
9 0.457812 0.0652778 0.00833333 0.0324074 0.00428971
2 0.392448 0.114352 0.176563 0.0601852 0.00445011
2 0.470052 0.113426 0.0817708 0.0564815 0.00447195
1 0.0078125 0.372222 0.015625 0.0611111 0.00521976
2 0.498958 0.0685185 0.01875 0.0222222 0.00537644
2 0.532031 0.113426 0.0140625 0.0416667 0.00569044
2 0.592969 0.124537 0.0171875 0.0268519 0.00586667
2 0.270833 0.110648 0.0135417 0.037963 0.00607183
13 0.0132813 0.396759 0.0265625 0.112037 0.00610181
7 0.488281 0.0722222 0.0161458 0.0296296 0.00620449
7 0.219792 0.0666667 0.0510417 0.0648148 0.00625019
9 0.269271 0.0430556 0.0208333 0.0490741 0.00635732
2 0.465625 0.108796 0.0291667 0.0472222 0.00691063
2 0.797917 0.0847222 0.0364583 0.0287037 0.00735877
2 0.782031 0.102315 0.0328125 0.0453704 0.00858353
9 0.2625 0.0865741 0.00729167 0.0342593 0.00918488
12 0.99349 0.506481 0.0119792 0.15 0.00939007
1 0.009375 0.397685 0.01875 0.113889 0.0108206
11 0.60651 0.0601852 0.00989583 0.0240741 0.0109608
5 0.220573 0.0689815 0.0505208 0.0638889 0.0114566
13 0.0046875 0.406481 0.009375 0.0925926 0.0114804
0 0.442969 0.0875 0.0130208 0.0324074 0.0138875
9 0.269271 0.025 0.0208333 0.0444444 0.0142648
2 0.0046875 0.55787 0.009375 0.0398148 0.0145815
2 0.813802 0.0759259 0.0182292 0.0166667 0.0149236
9 0.211979 0.0657407 0.0302083 0.0462963 0.0152739
2 0.238542 0.141667 0.01875 0.0388889 0.0187989
9 0.502604 0.760648 0.0135417 0.0546296 0.0196718
2 0.489583 0.0736111 0.01875 0.0287037 0.0271648
2 0.486979 0.110185 0.0135417 0.0444444 0.0340693
0 0.635417 0.147685 0.0104167 0.0490741 0.0351403
2 0.790104 0.0888889 0.01875 0.0240741 0.0422123
7 0.298438 0.10463 0.0364583 0.0777778 0.0584393
2 0.3 0.10463 0.034375 0.0759259 0.0620321
2 0.635156 0.145833 0.0119792 0.0527778 0.0635553
9 0.567448 0.0486111 0.00885417 0.025 0.0660046
2 0.459896 0.116204 0.0145833 0.0324074 0.244779
2 0.321875 0.0847222 0.0364583 0.0305556 0.302742
2 0.478125 0.111574 0.0197917 0.0416667 0.351604
2 0.627344 0.121759 0.0265625 0.0490741 0.425416
2 0.50625 0.10463 0.0416667 0.062963 0.544727
10 0.204167 0.316204 0.0166667 0.0712963 0.694006
2 0.31875 0.122222 0.0510417 0.0703704 0.742259
2 0.427604 0.117593 0.05 0.0351852 0.781372
11 0.728906 0.0435185 0.0276042 0.0574074 0.798966
2 0.729427 0.418981 0.123438 0.171296 0.886749
