7 0.0953125 0.0800926 0.183333 0.139815 0.00101032
2 0.273958 0.112963 0.0208333 0.0537037 0.00103819
9 0.109635 0.0277778 0.0130208 0.0351852 0.00104403
2 0.286979 0.0763889 0.0177083 0.0287037 0.0010773
58 0.954427 0.185185 0.0901042 0.359259 0.00108897
7 0.235156 0.0689815 0.0192708 0.0490741 0.00109013
12 0.7 0.160648 0.0229167 0.0435185 0.00110346
9 0.489062 0.97963 0.015625 0.0407407 0.00113467
2 0.53099 0.111574 0.0140625 0.0435185 0.00114091
9 0.583073 0.0365741 0.0151042 0.0564815 0.00117287
2 0.254687 0.0865741 0.0208333 0.0342593 0.00119615
2 0.577344 0.125926 0.0484375 0.037037 0.00128166
2 0.21901 0.101852 0.0557292 0.0537037 0.00130714
12 0.975781 0.500463 0.0453125 0.132407 0.00130912
13 0.00390625 0.392593 0.0078125 0.12037 0.00134376
9 0.261198 0.0476852 0.0130208 0.0435185 0.0013594
2 0.453125 0.106019 0.04375 0.0490741 0.00136877
9 0.548177 0.0527778 0.0109375 0.0240741 0.00138712
1 0.00442708 0.389815 0.00885417 0.12963 0.00138928
13 0.96224 0.55463 0.0401042 0.0407407 0.00141583
2 0.975 0.52037 0.0489583 0.175926 0.00142132
2 0.219531 0.13287 0.0567708 0.0564815 0.001431
2 0.663802 0.141667 0.0723958 0.0611111 0.00149056
9 0.245052 0.0898148 0.00677083 0.0296296 0.00150297
0 0.817187 0.236111 0.009375 0.0388889 0.00151261
7 0.145833 0.0907407 0.0666667 0.0796296 0.00159885
2 0.60599 0.0601852 0.00989583 0.0259259 0.00168978
9 0.29349 0.0550926 0.0078125 0.0342593 0.00176942
0 0.267188 0.0986111 0.0104167 0.0546296 0.00177076
0 0.757031 0.105556 0.0192708 0.0574074 0.0018279
7 0.221094 0.0648148 0.0515625 0.0981481 0.00191668
9 0.416146 0.00925926 0.015625 0.0185185 0.00195434
13 0.985937 0.52037 0.0270833 0.177778 0.00197027
2 0.740365 0.132407 0.0276042 0.0240741 0.00197181
9 0.263021 0.0884259 0.00833333 0.0361111 0.00200352
2 0.785677 0.104167 0.0432292 0.0583333 0.00208726
9 0.572656 0.0310185 0.0151042 0.0583333 0.00211663
2 0.746354 0.131944 0.028125 0.0138889 0.00212216
2 0.00703125 0.0898148 0.0140625 0.0444444 0.00216888
0 0.755208 0.128704 0.01875 0.0166667 0.0021755
0 0.263281 0.105093 0.00885417 0.0472222 0.00232972
5 0.220573 0.0777778 0.0515625 0.0685185 0.0027358
7 0.992448 0.518519 0.0140625 0.174074 0.00278357
5 0.213021 0.062037 0.0322917 0.0611111 0.00288051
2 0.295052 0.106944 0.0838542 0.0898148 0.00297469
2 0.290625 0.0699074 0.0135417 0.0157407 0.00297765
2 0.777344 0.114815 0.0265625 0.0333333 0.00320048
58 0.96849 0.495833 0.0296875 0.0935185 0.00322019
9 0.269792 0.0518519 0.01875 0.0388889 0.00327037
7 0.213021 0.0643518 0.034375 0.0638889 0.00353326
9 0.499479 0.601389 0.0145833 0.0398148 0.00353764
2 0.345573 0.10787 0.0119792 0.0398148 0.00368146
13 0.970573 0.525926 0.0578125 0.185185 0.00370368
2 0.572917 0.111111 0.228125 0.0666667 0.00375946
11 0.236979 0.0666667 0.0166667 0.0388889 0.00386281
2 0.36849 0.111574 0.155729 0.0768519 0.0038727
2 0.445573 0.101389 0.0223958 0.0472222 0.00499972
7 0.970833 0.526389 0.0572917 0.200926 0.00550688
2 0.648958 0.148148 0.0385417 0.0592593 0.00576322
12 0.992969 0.509722 0.0130208 0.160185 0.00611752
9 0.211979 0.0662037 0.03125 0.0583333 0.00650123
2 0.269531 0.110648 0.0109375 0.0361111 0.0075186
2 0.363281 0.0680556 0.0119792 0.0231481 0.00817634
2 0.0328125 0.106481 0.0510417 0.0555556 0.00823299
9 0.217708 0.0550926 0.0229167 0.0472222 0.00874127
2 0.363021 0.087963 0.0125 0.037037 0.00927107
2 0.498177 0.102778 0.0328125 0.0574074 0.0102971
9 0.26875 0.0351852 0.0229167 0.0666667 0.0111173
9 0.566927 0.0476852 0.00885417 0.0231481 0.0114914
9 0.501562 0.760648 0.0135417 0.0546296 0.0117156
9 0.21901 0.0893519 0.0078125 0.0175926 0.0120453
2 0.785156 0.0898148 0.0171875 0.0240741 0.0128417
0 0.756771 0.0814815 0.0135417 0.0611111 0.0137063
2 0.238281 0.140278 0.0182292 0.0416667 0.0168556
2 0.48099 0.110185 0.0411458 0.0555556 0.0181457
2 0.441927 0.0865741 0.0130208 0.025 0.0186179
2 0.592188 0.126852 0.0177083 0.0240741 0.0291699
2 0.634375 0.14213 0.0114583 0.0472222 0.0377404
7 0.296615 0.106944 0.0359375 0.0805556 0.0447255
2 0.4875 0.106019 0.0166667 0.0527778 0.0459511
2 0.292708 0.111574 0.0270833 0.0694444 0.058706
2 0.464583 0.1125 0.0166667 0.037963 0.105232
2 0.46276 0.075 0.0307292 0.0314815 0.220219
2 0.480469 0.109259 0.0192708 0.0444444 0.234383
2 0.321875 0.0861111 0.0364583 0.0351852 0.315673
2 0.366406 0.111111 0.0203125 0.0388889 0.369062
2 0.626823 0.123148 0.0255208 0.0518519 0.467041
7 0.50599 0.103704 0.0421875 0.062963 0.4856
10 0.203646 0.315278 0.015625 0.0712963 0.690755
2 0.317969 0.121759 0.0505208 0.0694444 0.730887
11 0.728906 0.0425926 0.0276042 0.0555556 0.787951
2 0.396094 0.111111 0.0453125 0.0666667 0.822687
2 0.729427 0.42037 0.122396 0.17037 0.89976
2 0.748177 0.189352 0.126563 0.113889 0.919352
