2 0.44375 0.100463 0.0197917 0.0453704 0.00106706
2 0.772135 0.110648 0.0151042 0.0268519 0.00107112
13 0.952344 0.425926 0.0942708 0.151852 0.00108457
0 0.253385 0.131944 0.0119792 0.0509259 0.00115961
2 0.286979 0.0759259 0.0177083 0.0314815 0.00117362
7 0.993229 0.519444 0.0125 0.166667 0.00122863
2 0.364583 0.0768519 0.0135417 0.0407407 0.0012626
2 0.521615 0.110185 0.241146 0.0740741 0.00127518
0 0.757292 0.375 0.0197917 0.0314815 0.00133354
9 0.557031 0.025 0.0234375 0.0481481 0.00134769
1 0.0135417 0.366667 0.0270833 0.0481481 0.001505
12 0.692708 0.165278 0.00833333 0.0398148 0.00151651
0 0.517708 0.206481 0.00833333 0.0444444 0.00153131
2 0.655208 0.140278 0.0802083 0.0842593 0.00164108
9 0.416667 0.0194444 0.0177083 0.037037 0.00176709
13 0.970312 0.527778 0.0583333 0.17963 0.00180404
12 0.973177 0.49537 0.0401042 0.116667 0.00180958
0 0.528906 0.224074 0.00885417 0.0259259 0.001949
9 0.548177 0.05 0.0109375 0.0259259 0.00198519
2 0.273177 0.115741 0.0203125 0.05 0.00200922
2 0.782552 0.102778 0.0359375 0.0481481 0.00224939
9 0.99401 0.506019 0.0109375 0.15463 0.00239244
2 0.296615 0.105093 0.0848958 0.0861111 0.00240024
7 0.790885 0.0652778 0.0286458 0.0601852 0.00242978
9 0.23724 0.0625 0.0161458 0.0324074 0.00243131
2 0.652865 0.152315 0.0442708 0.062037 0.00258012
2 0.199479 0.246296 0.0208333 0.0148148 0.0026278
9 0.253125 0.0884259 0.0135417 0.0305556 0.00265517
0 0.263021 0.110185 0.00833333 0.0388889 0.00285115
9 0.264062 0.0837963 0.0125 0.0324074 0.00295708
9 0.258594 0.0712963 0.0109375 0.0444444 0.00327688
0 0.817448 0.234722 0.00885417 0.0416667 0.0032775
7 0.970833 0.525926 0.0572917 0.2 0.00353942
1 0.00416667 0.395833 0.00833333 0.112037 0.00361245
0 0.73151 0.372685 0.0276042 0.0287037 0.00373009
11 0.23724 0.0671296 0.0161458 0.0398148 0.00380314
2 0.291667 0.0708333 0.0104167 0.0175926 0.0039846
2 0.338802 0.106944 0.0411458 0.0490741 0.00398716
2 0.26849 0.0990741 0.0140625 0.05 0.00401538
2 0.592708 0.125926 0.0166667 0.0259259 0.00401941
0 0.564323 0.235185 0.0359375 0.0425926 0.00407084
2 0.364583 0.122222 0.015625 0.0259259 0.00425975
12 0.982813 0.498148 0.01875 0.122222 0.00445222
9 0.438542 0.20463 0.009375 0.037037 0.00456883
12 0.995052 0.495833 0.00885417 0.136111 0.00534912
9 0.220833 0.0865741 0.0114583 0.0157407 0.005841
2 0.60599 0.0592593 0.00989583 0.0240741 0.005897
1 0.00833333 0.3875 0.0166667 0.126852 0.00594738
9 0.570052 0.0314815 0.0151042 0.0592593 0.00639785
2 0.435156 0.109722 0.164062 0.0564815 0.00649114
0 0.716667 0.371296 0.021875 0.0277778 0.00984929
2 0.635417 0.149074 0.0104167 0.0574074 0.0102615
2 0.811719 0.0782407 0.0213542 0.0175926 0.0106326
0 0.757292 0.0726852 0.0114583 0.0398148 0.0111389
2 0.238281 0.140741 0.0182292 0.0407407 0.0114664
2 0.270573 0.111574 0.0130208 0.0342593 0.0117831
0 0.75651 0.0902778 0.0140625 0.0731481 0.0119807
19 0.442448 0.0865741 0.0130208 0.025 0.012002
2 0.339583 0.087037 0.0135417 0.0277778 0.0120874
1 0.810677 0.332407 0.0203125 0.0944444 0.0128171
5 0.218229 0.062963 0.046875 0.062963 0.0128597
0 0.202344 0.732407 0.165104 0.507407 0.0152157
9 0.21901 0.05 0.0213542 0.0407407 0.0154468
9 0.206771 0.0675926 0.0208333 0.0444444 0.016097
0 0.635417 0.15 0.009375 0.05 0.0169426
2 0.4625 0.113889 0.0145833 0.0351852 0.0175047
2 0.785156 0.0888889 0.0151042 0.0240741 0.0191762
2 0.79401 0.0865741 0.0296875 0.0268519 0.0217954
0 0.56901 0.731944 0.166146 0.508333 0.022129
0 0.613802 0.213889 0.00885417 0.0481481 0.0352102
2 0.363802 0.0675926 0.0119792 0.0203704 0.0403589
7 0.296094 0.109722 0.0359375 0.0824074 0.0458195
9 0.502604 0.759259 0.0114583 0.0574074 0.0546025
2 0.442448 0.0865741 0.0140625 0.0268519 0.0595969
9 0.567187 0.0481481 0.00833333 0.0240741 0.0701224
2 0.292708 0.113889 0.0270833 0.0740741 0.10092
9 0.26849 0.0342593 0.0213542 0.0648148 0.184247
2 0.321875 0.0856481 0.0375 0.0342593 0.252097
2 0.475 0.108796 0.0354167 0.0453704 0.335401
2 0.627344 0.122222 0.0255208 0.0518519 0.532649
2 0.50625 0.103704 0.0427083 0.062963 0.550443
2 0.396354 0.0773148 0.028125 0.0398148 0.639119
2 0.31849 0.121759 0.0505208 0.0712963 0.670634
2 0.351042 0.11713 0.01875 0.0305556 0.693347
10 0.203906 0.316204 0.0161458 0.0712963 0.799502
11 0.729167 0.0430556 0.0270833 0.0546296 0.810123
7 0.564323 0.264352 0.101562 0.180556 0.868284
2 0.729688 0.418519 0.122917 0.174074 0.910771
