0 0.864583 0.0759259 0.0166667 0.0351852 0.00100369
12 0.702604 0.237037 0.0208333 0.194444 0.00101658
9 0.429688 0.0416667 0.00833333 0.0222222 0.00103035
9 0.989844 0.515278 0.0192708 0.165741 0.00107149
2 0.461979 0.0856481 0.0239583 0.025 0.00109042
13 0.983073 0.520833 0.0328125 0.171296 0.0011328
2 0.647135 0.147685 0.0359375 0.0583333 0.00115546
2 0.295312 0.105093 0.0760417 0.0935185 0.00121366
2 0.494531 0.108796 0.0609375 0.0712963 0.00122629
32 0.453906 0.315741 0.0078125 0.0148148 0.00127625
9 0.995573 0.531482 0.0078125 0.0333333 0.00136489
2 0.0252604 0.3625 0.0494792 0.0416667 0.00138553
0 0.458333 0.0648148 0.0104167 0.0259259 0.00140331
12 0.989323 0.499537 0.0203125 0.130556 0.00141078
9 0.582552 0.0439815 0.0109375 0.0324074 0.00149328
9 0.548177 0.0513889 0.0109375 0.025 0.00156195
2 0.48099 0.113889 0.419271 0.0925926 0.00157472
58 0.96875 0.493056 0.03125 0.0953704 0.00162861
5 0.219792 0.0768519 0.053125 0.0685185 0.00168427
2 0.99401 0.519444 0.0109375 0.164815 0.00172921
2 0.782552 0.101389 0.0348958 0.0435185 0.00173025
0 0.995573 0.331019 0.0078125 0.0527778 0.00179691
0 0.757292 0.373148 0.01875 0.0314815 0.00183792
2 0.776042 0.109259 0.0208333 0.0277778 0.00192391
2 0.338281 0.0791667 0.0161458 0.0324074 0.0019652
9 0.263281 0.0856481 0.00989583 0.0287037 0.00221279
9 0.266146 0.099537 0.0114583 0.0509259 0.0023453
0 0.26276 0.108796 0.00989583 0.0453704 0.00243665
2 0.441146 0.125926 0.0197917 0.0481481 0.00251024
2 0.53151 0.111111 0.183854 0.0703704 0.00255468
9 0.568229 0.0328704 0.0114583 0.0546296 0.00268471
2 0.813542 0.0759259 0.015625 0.0166667 0.00276267
9 0.252083 0.087963 0.0125 0.0314815 0.00281602
1 0.0101562 0.399074 0.0203125 0.112963 0.00284189
0 0.714323 0.373148 0.0244792 0.0277778 0.00287646
9 0.115885 0.0236111 0.0130208 0.0398148 0.00327475
9 0.257292 0.0722222 0.009375 0.0425926 0.00358109
9 0.219792 0.0638889 0.0479167 0.0537037 0.0039357
12 0.690365 0.165741 0.0119792 0.037037 0.00400798
12 0.694271 0.164352 0.00729167 0.0361111 0.00470559
9 0.297656 0.0569444 0.0130208 0.0324074 0.00516391
11 0.23724 0.0675926 0.0171875 0.0407407 0.00553376
9 0.109375 0.0291667 0.0114583 0.0342593 0.0055786
7 0.308333 0.0587963 0.0322917 0.0361111 0.00571363
9 0.502604 0.760648 0.0125 0.0527778 0.00616445
2 0.0132813 0.396759 0.0265625 0.10463 0.00660017
2 0.592708 0.126389 0.0177083 0.025 0.00737847
0 0.757552 0.087037 0.0130208 0.0703704 0.00751504
7 0.220052 0.062963 0.0515625 0.0703704 0.00754558
9 0.994271 0.494907 0.0104167 0.123148 0.00762927
9 0.209115 0.0652778 0.0234375 0.0453704 0.00798175
0 0.00442708 0.400926 0.00885417 0.101852 0.00919596
2 0.298438 0.0611111 0.0135417 0.0314815 0.00925095
9 0.219792 0.087963 0.0104167 0.012963 0.00994318
2 0.0119792 0.370833 0.0239583 0.0527778 0.0116876
2 0.270833 0.110648 0.0135417 0.037963 0.0118881
0 0.385677 0.0560185 0.0109375 0.0324074 0.0122763
12 0.702865 0.138426 0.0234375 0.0861111 0.0124649
2 0.364062 0.0675926 0.0114583 0.0185185 0.0126006
11 0.60625 0.0601852 0.0104167 0.0240741 0.0137323
2 0.00364583 0.429167 0.00729167 0.0453704 0.0172474
2 0.442969 0.0888889 0.0130208 0.0296296 0.0174398
0 0.635417 0.147685 0.009375 0.0509259 0.0200876
2 0.238802 0.140741 0.0192708 0.0425926 0.0232996
2 0.635156 0.143056 0.0109375 0.0472222 0.0287274
2 0.785677 0.0898148 0.0151042 0.0222222 0.0315687
9 0.385417 0.0550926 0.0104167 0.0324074 0.034004
2 0.309115 0.074537 0.0328125 0.0305556 0.0371412
7 0.297135 0.110185 0.0348958 0.0777778 0.0507176
9 0.567187 0.0476852 0.00833333 0.0231481 0.0633188
2 0.442187 0.113889 0.0166667 0.0277778 0.0670353
9 0.26901 0.0356481 0.0223958 0.0657407 0.0930335
2 0.293229 0.112963 0.0270833 0.0740741 0.18272
2 0.627604 0.119907 0.025 0.0472222 0.208855
2 0.309635 0.0652778 0.0286458 0.0231481 0.213689
2 0.323177 0.0875 0.0369792 0.0361111 0.248242
10 0.203906 0.316204 0.0161458 0.0712963 0.572808
2 0.31875 0.121759 0.05 0.0712963 0.684497
2 0.510156 0.10463 0.0348958 0.0611111 0.735
11 0.729427 0.0430556 0.0265625 0.0546296 0.77621
2 0.472917 0.120833 0.0552083 0.0842593 0.782679
2 0.729948 0.419907 0.122396 0.171296 0.901552
