9 0.579427 0.0347222 0.0130208 0.0583333 0.00102522
2 0.226823 0.138426 0.0421875 0.0472222 0.00103327
0 0.729948 0.371296 0.0276042 0.0314815 0.00104434
2 0.574219 0.126852 0.0536458 0.0333333 0.00106006
2 0.653906 0.137963 0.0786458 0.0851852 0.00107105
9 0.279427 0.0703704 0.0390625 0.135185 0.0011838
7 0.990885 0.518981 0.0171875 0.180556 0.0011932
11 0.239844 0.0365741 0.0213542 0.0694444 0.00123009
9 0.457812 0.0652778 0.00729167 0.0287037 0.00124917
0 0.177604 0.908796 0.065625 0.178704 0.00127523
12 0.702344 0.124074 0.0223958 0.0555556 0.00128524
2 0.815104 0.0699074 0.015625 0.0138889 0.00136957
1 0.0304688 0.157407 0.0609375 0.0851852 0.00141389
0 0.756771 0.124074 0.0125 0.0407407 0.00148928
2 0.296354 0.106944 0.0802083 0.0953704 0.00156545
9 0.253646 0.0875 0.0145833 0.0361111 0.00156568
2 0.0046875 0.558333 0.009375 0.0388889 0.00158002
9 0.415104 0.0101852 0.0145833 0.0203704 0.00159545
2 0.775781 0.105093 0.0307292 0.0546296 0.00162802
0 0.10599 0.582407 0.211979 0.431481 0.0016901
9 0.258073 0.0763889 0.0119792 0.0472222 0.00179072
9 0.116667 0.024537 0.015625 0.037963 0.00180016
1 0.186719 0.614352 0.0171875 0.123148 0.00185361
2 0.531771 0.111574 0.0135417 0.0435185 0.00190951
2 0.65 0.15 0.0395833 0.0592593 0.0019657
12 0.702083 0.151852 0.0229167 0.0611111 0.00204854
2 0.771875 0.111111 0.0135417 0.0259259 0.0020558
2 0.445833 0.112963 0.0239583 0.0259259 0.00209538
2 0.404948 0.110185 0.263021 0.0777778 0.00209598
24 0.177604 0.562037 0.0302083 0.0833333 0.00210827
2 0.99349 0.51713 0.0119792 0.167593 0.00221162
2 0.813802 0.0759259 0.0182292 0.0185185 0.00240349
2 0.30625 0.0893519 0.0385417 0.0490741 0.00268548
13 0.963542 0.565278 0.04375 0.062037 0.00271433
2 0.75599 0.119444 0.0140625 0.0351852 0.00275189
2 0.569531 0.109722 0.225521 0.0657407 0.0028124
0 0.716406 0.371296 0.0223958 0.0277778 0.00281595
0 0.995313 0.331019 0.00833333 0.0546296 0.00288447
13 0.970573 0.519907 0.0578125 0.173148 0.00288933
2 0.240625 0.106944 0.0166667 0.0324074 0.00290464
9 0.35599 0.0222222 0.00677083 0.0166667 0.00303288
9 0.3625 0.0694444 0.009375 0.0222222 0.00308542
2 0.363542 0.0671296 0.0114583 0.0194444 0.00324276
12 0.69401 0.163889 0.00677083 0.0388889 0.00344818
2 0.442708 0.087037 0.0135417 0.0259259 0.00351325
11 0.236979 0.0689815 0.0166667 0.0453704 0.00442204
7 0.970573 0.523611 0.0578125 0.19537 0.00477701
0 0.757031 0.0717593 0.0109375 0.0472222 0.00490352
12 0.994531 0.502315 0.00989583 0.14537 0.00573114
11 0.60625 0.0606481 0.0104167 0.0231481 0.00578025
1 0.0114583 0.36713 0.0229167 0.0472222 0.0062195
7 0.220313 0.0662037 0.05 0.0712963 0.00644555
9 0.263802 0.0893519 0.00989583 0.037963 0.00646914
1 0.00416667 0.419907 0.00833333 0.0601852 0.00655959
9 0.572135 0.0310185 0.0140625 0.0583333 0.00660242
5 0.220573 0.075 0.0505208 0.0740741 0.00710228
0 0.263542 0.104167 0.009375 0.0490741 0.00759467
9 0.209375 0.0675926 0.0229167 0.0462963 0.00878603
24 0.170052 0.516667 0.0411458 0.0537037 0.00920668
9 0.502344 0.760185 0.0130208 0.0518519 0.0100527
9 0.220313 0.0537037 0.01875 0.0444444 0.0103854
2 0.270573 0.108796 0.0130208 0.0398148 0.010424
9 0.442448 0.087037 0.0130208 0.0259259 0.0121198
9 0.29349 0.0574074 0.00989583 0.0388889 0.0130399
9 0.292448 0.0675926 0.0109375 0.0222222 0.0134603
2 0.785677 0.0893519 0.0140625 0.0212963 0.0147558
2 0.238281 0.141204 0.0182292 0.0398148 0.0178046
0 0.635156 0.148611 0.00885417 0.0527778 0.0182075
1 0.0109375 0.397685 0.021875 0.108333 0.0188057
2 0.634896 0.14537 0.0104167 0.0537037 0.0203204
2 0.592448 0.126389 0.0171875 0.0212963 0.0283213
2 0.4875 0.10787 0.0145833 0.0490741 0.0457772
24 0.16849 0.541204 0.0276042 0.062037 0.0502488
7 0.298177 0.106481 0.0348958 0.0777778 0.0620346
9 0.567448 0.0476852 0.0078125 0.0231481 0.0623369
2 0.29375 0.108333 0.0291667 0.0740741 0.0653324
2 0.46276 0.111111 0.0140625 0.0407407 0.148321
9 0.26901 0.0347222 0.0213542 0.0638889 0.153691
2 0.322396 0.0865741 0.0364583 0.0361111 0.323873
2 0.472396 0.109259 0.0322917 0.0444444 0.327636
2 0.627083 0.121296 0.025 0.0518519 0.443973
1 0.171615 0.656944 0.0317708 0.139815 0.461623
2 0.505729 0.104167 0.0427083 0.062037 0.537898
2 0.31875 0.122222 0.0510417 0.0685185 0.717969
10 0.204167 0.315741 0.015625 0.0722222 0.717995
11 0.729167 0.0430556 0.0270833 0.0564815 0.800313
0 0.170573 0.590741 0.0453125 0.205556 0.819051
2 0.729688 0.419444 0.121875 0.17037 0.897287
