0 0.75625 0.374074 0.0208333 0.0314815 0.00101836
9 0.429427 0.0490741 0.00885417 0.0296296 0.00103051
9 0.291667 0.0564815 0.009375 0.0407407 0.00105567
9 0.109896 0.0277778 0.0135417 0.0388889 0.00111462
9 0.500781 0.602315 0.0151042 0.037963 0.00112756
13 0.961719 0.555093 0.0390625 0.0416667 0.00122206
9 0.547917 0.0523148 0.0104167 0.025 0.00128811
0 0.755469 0.130093 0.0171875 0.0490741 0.00131274
7 0.990885 0.517593 0.0171875 0.17963 0.00134703
0 0.728646 0.372685 0.0270833 0.0305556 0.00137038
1 0.00546875 0.365278 0.0109375 0.0990741 0.00138362
9 0.588802 0.0388889 0.0151042 0.0518519 0.00139352
0 0.2625 0.100926 0.009375 0.0574074 0.00140679
11 0.240625 0.0384259 0.021875 0.0731481 0.00145583
2 0.688281 0.170833 0.0151042 0.0342593 0.00147527
2 0.443229 0.0893519 0.0145833 0.0305556 0.00150121
2 0.363281 0.0694444 0.0119792 0.0222222 0.00151864
13 0.971094 0.520833 0.0567708 0.180556 0.00163573
2 0.576302 0.106481 0.341146 0.0703704 0.0016414
7 0.970833 0.524537 0.0572917 0.191667 0.00170726
58 0.921094 0.186111 0.157813 0.357407 0.00172957
9 0.26224 0.0430556 0.0161458 0.0583333 0.00174729
2 0.65599 0.139352 0.0807292 0.087963 0.00186002
12 0.690104 0.166667 0.0125 0.0407407 0.00191936
9 0.688542 0.169444 0.0145833 0.0333333 0.00196898
2 0.41224 0.106481 0.299479 0.0796296 0.00198786
9 0.458854 0.0652778 0.00729167 0.0324074 0.00223081
0 0.442969 0.0976852 0.0192708 0.0490741 0.00259658
2 0.238281 0.143056 0.0192708 0.037963 0.00262632
2 0.780729 0.106944 0.03125 0.0527778 0.0026651
0 0.357031 0.315278 0.0213542 0.0324074 0.00277367
0 0.755729 0.0851852 0.0125 0.0648148 0.00298745
2 0.8125 0.075 0.0145833 0.0185185 0.00309688
0 0.391406 0.316204 0.0213542 0.0305556 0.00313069
9 0.994792 0.531482 0.009375 0.0648148 0.00320707
2 0.99375 0.516667 0.0114583 0.172222 0.0035191
12 0.99401 0.518056 0.0109375 0.171296 0.00377117
9 0.235417 0.0662037 0.0197917 0.0416667 0.0037813
0 0.382292 0.314352 0.0208333 0.0361111 0.00384559
9 0.416406 0.0106481 0.0171875 0.0212963 0.00399366
2 0.463542 0.106481 0.0927083 0.0611111 0.00400277
1 0.0122396 0.367593 0.0244792 0.0462963 0.00413667
9 0.578125 0.0342593 0.0177083 0.062963 0.00420735
0 0.370573 0.312963 0.0161458 0.0296296 0.00447844
9 0.265885 0.0990741 0.0109375 0.0537037 0.00509823
9 0.569271 0.0324074 0.0114583 0.0574074 0.00536901
9 0.257552 0.074537 0.00989583 0.0472222 0.0060354
5 0.220833 0.0675926 0.0510417 0.0592593 0.00630118
2 0.271094 0.108796 0.0130208 0.0416667 0.00655259
9 0.252865 0.0865741 0.0130208 0.0324074 0.00713779
9 0.26276 0.0861111 0.0078125 0.0314815 0.00762251
7 0.220313 0.0671296 0.0510417 0.062037 0.00785784
9 0.36224 0.0699074 0.00989583 0.0231481 0.0078822
0 0.715365 0.372685 0.0234375 0.0268519 0.00807076
9 0.44349 0.0884259 0.0140625 0.0305556 0.00807423
2 0.592969 0.125926 0.0171875 0.0259259 0.00842296
0 0.571094 0.333333 0.0390625 0.0351852 0.0088255
9 0.502604 0.760185 0.0125 0.0537037 0.00889179
9 0.216406 0.0657407 0.0401042 0.0518519 0.00927735
2 0.554167 0.390741 0.496875 0.212963 0.00960429
9 0.583854 0.0449074 0.0104167 0.037963 0.00983129
0 0.552865 0.328704 0.0661458 0.0407407 0.0109924
9 0.992708 0.504167 0.0135417 0.147222 0.0117743
2 0.635156 0.145833 0.0109375 0.0527778 0.0118097
0 0.529948 0.330556 0.0265625 0.037037 0.0148058
0 0.635677 0.146296 0.00989583 0.05 0.018381
2 0.60651 0.0611111 0.00989583 0.0240741 0.0195388
1 0.00442708 0.408796 0.00885417 0.087963 0.0196574
1 0.0138021 0.397222 0.0276042 0.111111 0.0237717
9 0.207292 0.0675926 0.0208333 0.0425926 0.0277594
2 0.786458 0.0902778 0.0166667 0.0231481 0.0296238
2 0.311719 0.100463 0.0536458 0.0657407 0.0304188
9 0.269271 0.0347222 0.0208333 0.0657407 0.0362223
2 0.4625 0.112963 0.0145833 0.0388889 0.0453849
2 0.295312 0.10787 0.03125 0.0805556 0.0656626
9 0.567187 0.0481481 0.00833333 0.0240741 0.0738446
7 0.298438 0.106944 0.0385417 0.0824074 0.104238
2 0.322135 0.087963 0.0380208 0.0351852 0.267483
7 0.50651 0.105093 0.0421875 0.062037 0.351919
2 0.627604 0.121296 0.025 0.05 0.369569
2 0.473958 0.109259 0.0354167 0.0462963 0.416344
2 0.50651 0.10463 0.0421875 0.062963 0.443938
10 0.203906 0.316667 0.0171875 0.0703704 0.671443
2 0.31849 0.121759 0.0505208 0.0712963 0.707328
11 0.729167 0.0425926 0.0270833 0.0555556 0.72925
2 0.371875 0.356019 0.110417 0.152778 0.91159
2 0.729688 0.42037 0.122917 0.172222 0.917205
2 0.551042 0.377315 0.128125 0.186111 0.923591
