2 0.808073 0.0717593 0.0130208 0.0194444 0.00103361
11 0.240104 0.0337963 0.0229167 0.0638889 0.00109543
9 0.438542 0.194444 0.0145833 0.037037 0.00112834
5 0.222656 0.0777778 0.0171875 0.037037 0.00114629
2 0.416406 0.110648 0.315104 0.087963 0.00115594
12 0.693229 0.162963 0.00833333 0.037037 0.00116226
1 0.00416667 0.436111 0.00833333 0.164815 0.00120286
2 0.58151 0.109259 0.321354 0.0759259 0.00121039
2 0.24349 0.107407 0.0119792 0.0351852 0.00121494
9 0.548698 0.0481481 0.0130208 0.0277778 0.00125141
0 0.246875 0.78287 0.0416667 0.0527778 0.0012622
10 0.774479 0.125463 0.01875 0.0453704 0.00129115
2 0.263542 0.104167 0.0104167 0.0490741 0.00130663
9 0.469792 0.414352 0.0104167 0.0305556 0.00135319
11 0.220833 0.0671296 0.0520833 0.0583333 0.00139997
2 0.297135 0.105556 0.0869792 0.0944444 0.00148978
2 0.464583 0.108796 0.114583 0.0657407 0.00158352
0 0.75651 0.0925926 0.0130208 0.0796296 0.00159271
13 0.970833 0.526389 0.0572917 0.186111 0.0016169
1 0.811198 0.331944 0.0192708 0.0935185 0.00170266
2 0.591927 0.126852 0.0171875 0.0240741 0.00172874
12 0.701823 0.162037 0.0213542 0.0425926 0.00177055
7 0.970833 0.530093 0.0572917 0.200926 0.00183458
2 0.654688 0.137963 0.08125 0.0851852 0.00189414
2 0.442969 0.106019 0.0182292 0.0398148 0.00193999
0 0.731771 0.370833 0.0354167 0.0305556 0.00210289
32 0.454427 0.314815 0.0078125 0.0111111 0.0021064
9 0.207292 0.0694444 0.021875 0.0425926 0.00221697
2 0.268229 0.0990741 0.0125 0.0555556 0.00229475
2 0.775 0.123611 0.01875 0.0416667 0.00232452
11 0.236198 0.0694444 0.0192708 0.0462963 0.00232649
9 0.985156 0.494444 0.0276042 0.12037 0.00234017
9 0.563021 0.0314815 0.021875 0.0592593 0.00235823
0 0.758594 0.375 0.0171875 0.0296296 0.0025051
2 0.363542 0.0675926 0.0114583 0.0203704 0.00252476
9 0.565625 0.0425926 0.0114583 0.0388889 0.00273875
1 0.0135417 0.364815 0.0270833 0.0462963 0.00296443
2 0.442448 0.0888889 0.0140625 0.0277778 0.00334917
12 0.97526 0.496759 0.0411458 0.123148 0.00336711
0 0.635417 0.147685 0.0104167 0.0527778 0.00366175
2 0.634635 0.140278 0.0119792 0.0509259 0.00367013
9 0.292969 0.0666667 0.00989583 0.0222222 0.00411056
9 0.36224 0.0694444 0.00885417 0.0222222 0.00412596
0 0.283854 0.101852 0.009375 0.0462963 0.0041518
0 0.286198 0.112037 0.0140625 0.0666667 0.00468192
2 0.814062 0.075463 0.0166667 0.0157407 0.00468905
9 0.995313 0.489815 0.00833333 0.118519 0.00490971
12 0.702604 0.138426 0.0239583 0.0861111 0.00517485
11 0.60599 0.0606481 0.00989583 0.0231481 0.00635904
1 0.0143229 0.395833 0.0286458 0.112037 0.00768083
2 0.270833 0.110648 0.0145833 0.037963 0.00869183
2 0.288802 0.112037 0.0171875 0.0648148 0.00907616
9 0.442969 0.0888889 0.0140625 0.0277778 0.00952447
0 0.709896 0.372685 0.0208333 0.0268519 0.00977066
9 0.223177 0.0541667 0.0140625 0.0416667 0.00992817
2 0.00390625 0.405093 0.0078125 0.0935185 0.0122181
0 0.00416667 0.393519 0.00833333 0.114815 0.0129833
7 0.220052 0.0671296 0.0515625 0.0583333 0.0135689
3 0.00911458 0.39537 0.0182292 0.112963 0.013685
0 0.289583 0.769444 0.0354167 0.0555556 0.0137234
1 0.00364583 0.406944 0.00729167 0.0861111 0.0139409
5 0.220313 0.0689815 0.0510417 0.0546296 0.0149045
9 0.567708 0.0481481 0.009375 0.0240741 0.0184555
2 0.30026 0.105093 0.0380208 0.0768519 0.019539
0 0.265625 0.771296 0.05 0.0537037 0.0212905
9 0.26901 0.0347222 0.0223958 0.0657407 0.0303516
2 0.785417 0.0893519 0.015625 0.0231481 0.0591163
9 0.500781 0.603241 0.0151042 0.0398148 0.0628724
9 0.502604 0.760185 0.0125 0.0537037 0.146172
0 0.333854 0.772222 0.0385417 0.0574074 0.234469
2 0.628125 0.120833 0.025 0.0509259 0.297221
2 0.322396 0.0865741 0.0385417 0.0361111 0.307414
2 0.473958 0.110185 0.034375 0.0444444 0.438649
2 0.50599 0.104167 0.0432292 0.062037 0.560969
11 0.729948 0.0435185 0.0265625 0.0574074 0.700372
10 0.203906 0.316667 0.0161458 0.0703704 0.726799
2 0.318229 0.121296 0.0510417 0.0685185 0.739984
2 0.729688 0.419907 0.121875 0.171296 0.9062
2 0.295573 0.844444 0.196354 0.287037 0.925702
