9 0.990885 0.502315 0.0171875 0.139815 0.00103418
2 0.263021 0.105556 0.009375 0.0481481 0.00111059
13 0.9625 0.55463 0.040625 0.0407407 0.0011748
0 0.995833 0.326852 0.00729167 0.0574074 0.00119243
11 0.226562 0.0652778 0.0395833 0.0527778 0.00126776
9 0.260938 0.049537 0.0125 0.0435185 0.00132006
7 0.221094 0.0902778 0.0536458 0.134259 0.0013332
12 0.977344 0.498611 0.0442708 0.130556 0.00134387
9 0.416146 0.00972222 0.0166667 0.0194444 0.00137398
2 0.444271 0.0634259 0.021875 0.025 0.00164459
32 0.454427 0.314815 0.0078125 0.012963 0.00179163
2 0.239323 0.106019 0.0161458 0.037963 0.00183116
2 0.588021 0.125463 0.0104167 0.0231481 0.00185932
9 0.267188 0.0990741 0.0104167 0.0537037 0.00191157
0 0.717188 0.372222 0.025 0.0259259 0.00194921
2 0.0260417 0.367593 0.0520833 0.062963 0.00203095
9 0.263021 0.0856481 0.00833333 0.0324074 0.00209869
12 0.691406 0.164352 0.00989583 0.037963 0.00216536
2 0.792969 0.0856481 0.0348958 0.0305556 0.00218499
2 0.423177 0.0921296 0.0109375 0.0212963 0.00225715
7 0.79401 0.062037 0.0359375 0.062963 0.00228966
2 0.3625 0.0689815 0.009375 0.0231481 0.00257701
2 0.779688 0.100926 0.03125 0.0462963 0.0025962
9 0.114844 0.0231481 0.0171875 0.0407407 0.00263378
13 0.994271 0.518519 0.0104167 0.164815 0.00265009
9 0.502865 0.759259 0.0119792 0.0555556 0.0027783
58 0.967969 0.496759 0.0296875 0.0861111 0.00280177
2 0.291146 0.0717593 0.0114583 0.0157407 0.00281421
9 0.292969 0.0541667 0.0078125 0.0416667 0.00281827
2 0.425521 0.113426 0.289583 0.0842593 0.00295692
2 0.0268229 0.35 0.0494792 0.0240741 0.00297154
9 0.570312 0.0319444 0.0125 0.0583333 0.00304158
2 0.221875 0.135648 0.0520833 0.0546296 0.00307119
9 0.213542 0.062037 0.0333333 0.0611111 0.00366461
13 0.986979 0.517593 0.025 0.174074 0.0037217
2 0.420833 0.110648 0.0125 0.0361111 0.00417139
13 0.970312 0.511111 0.0572917 0.153704 0.00419952
2 0.286458 0.113889 0.015625 0.0703704 0.00502767
2 0.593229 0.126389 0.0166667 0.0231481 0.00524327
1 0.0247396 0.393519 0.0494792 0.114815 0.00528417
12 0.994271 0.494444 0.0104167 0.125926 0.0057481
2 0.309115 0.0805556 0.0192708 0.0333333 0.00657738
9 0.221094 0.0532407 0.0182292 0.0453704 0.00693699
2 0.270312 0.109259 0.0125 0.0388889 0.00699786
7 0.214323 0.0615741 0.0359375 0.0657407 0.00707282
0 0.757552 0.0893519 0.0140625 0.0731481 0.00761428
1 0.0145833 0.371759 0.0291667 0.0583333 0.0089242
9 0.219531 0.0884259 0.00989583 0.0175926 0.00900471
0 0.635156 0.148148 0.00989583 0.0537037 0.0111561
11 0.60625 0.0587963 0.009375 0.0268519 0.0121269
9 0.269792 0.0472222 0.0208333 0.0444444 0.0124062
2 0.635156 0.146759 0.0109375 0.0564815 0.0128311
11 0.2375 0.0671296 0.015625 0.0398148 0.0148871
7 0.296615 0.106481 0.0348958 0.0814815 0.0166605
1 0.00963542 0.396296 0.0192708 0.109259 0.0182662
2 0.296615 0.105093 0.0317708 0.075 0.019269
2 0.238542 0.140741 0.0177083 0.0425926 0.0204253
9 0.269531 0.0291667 0.0203125 0.0527778 0.0223922
1 0.00442708 0.403704 0.00885417 0.0925926 0.0246889
2 0.785937 0.0893519 0.0166667 0.0231481 0.0305045
9 0.567708 0.0481481 0.00833333 0.0240741 0.0327411
0 0.471094 0.0615741 0.00885417 0.0305556 0.036687
2 0.322396 0.0865741 0.0375 0.0361111 0.294964
2 0.627344 0.122685 0.0255208 0.0527778 0.377428
7 0.50651 0.10463 0.0421875 0.0611111 0.439202
2 0.50651 0.104167 0.0421875 0.062037 0.480846
2 0.477083 0.108333 0.028125 0.0462963 0.555053
2 0.31849 0.121296 0.0515625 0.0703704 0.730083
10 0.203906 0.315278 0.0161458 0.0712963 0.762902
11 0.729427 0.0435185 0.0265625 0.0574074 0.774411
2 0.44349 0.101389 0.0421875 0.0601852 0.780463
2 0.730208 0.419444 0.121875 0.17037 0.899674
