2 0.529948 0.113426 0.0119792 0.0416667 0.00100957
12 0.702083 0.125 0.0208333 0.0555556 0.00102659
9 0.254167 0.0865741 0.0177083 0.0361111 0.00102912
9 0.226042 0.062037 0.0322917 0.0425926 0.00104993
13 0.96901 0.562963 0.0536458 0.0611111 0.00105275
9 0.56224 0.05 0.0182292 0.0240741 0.00109237
9 0.483073 0.0421296 0.00885417 0.0287037 0.00112568
9 0.557813 0.0291667 0.0239583 0.0564815 0.00113439
9 0.277865 0.0555556 0.0390625 0.105556 0.00124361
2 0.814062 0.0768519 0.0166667 0.0166667 0.00133537
9 0.282552 0.0861111 0.0078125 0.0259259 0.0014441
2 0.522135 0.114352 0.259896 0.0768519 0.00144971
2 0.199479 0.242593 0.0208333 0.0148148 0.00149105
10 0.194271 0.293056 0.034375 0.115741 0.00149891
2 0.288021 0.0837963 0.0145833 0.0324074 0.00152887
12 0.978646 0.501389 0.0416667 0.143519 0.00156584
2 0.419271 0.114352 0.275 0.0824074 0.00157234
9 0.415365 0.0106481 0.0161458 0.0212963 0.00174478
12 0.701302 0.164815 0.0192708 0.0388889 0.0017767
2 0.775521 0.115741 0.0229167 0.0407407 0.00193179
2 0.779948 0.103704 0.0307292 0.05 0.00195526
0 0.708854 0.371759 0.01875 0.0287037 0.00228056
2 0.46849 0.126852 0.0359375 0.0425926 0.00240536
9 0.259375 0.0717593 0.0125 0.0453704 0.00240844
9 0.547917 0.0523148 0.0104167 0.0212963 0.00248416
0 0.717708 0.371759 0.0239583 0.0268519 0.00249873
9 0.583854 0.0356481 0.015625 0.0601852 0.00277361
0 0.757031 0.0912037 0.0140625 0.0787037 0.0027969
2 0.346354 0.108333 0.0104167 0.0462963 0.00294099
0 0.816667 0.234259 0.009375 0.037037 0.00302773
9 0.245573 0.0888889 0.00677083 0.0296296 0.00315954
13 0.992708 0.516667 0.0135417 0.172222 0.0032866
9 0.992188 0.5125 0.0145833 0.171296 0.00332388
2 0.270312 0.108333 0.0125 0.0388889 0.00365621
2 0.592969 0.126389 0.0171875 0.025 0.00371266
7 0.971094 0.524537 0.0567708 0.199074 0.00377081
12 0.691927 0.162963 0.00885417 0.0444444 0.00383584
9 0.236979 0.0657407 0.0145833 0.0407407 0.0039048
9 0.213802 0.0601852 0.0338542 0.0574074 0.00396762
2 0.238281 0.140741 0.0182292 0.0407407 0.00447871
1 0.00442708 0.377778 0.00885417 0.05 0.00483819
12 0.99349 0.501389 0.0119792 0.14537 0.00500923
9 0.502083 0.758333 0.0135417 0.0574074 0.00520301
11 0.236979 0.0643518 0.015625 0.0361111 0.00524552
2 0.342969 0.0921296 0.00989583 0.0305556 0.00532783
2 0.635156 0.150926 0.0119792 0.0611111 0.00545524
7 0.29375 0.109259 0.0270833 0.0740741 0.0055155
9 0.458073 0.0648148 0.00885417 0.0277778 0.00617491
9 0.266146 0.0958333 0.009375 0.0490741 0.00678703
9 0.572135 0.0310185 0.0140625 0.0601852 0.00693877
13 0.971094 0.519907 0.0567708 0.184259 0.00696203
2 0.442187 0.0875 0.0135417 0.025 0.00715925
2 0.490365 0.112037 0.0338542 0.05 0.00756263
9 0.263281 0.0875 0.00885417 0.0324074 0.00767835
2 0.347135 0.112963 0.0817708 0.0703704 0.00845775
9 0.217969 0.103704 0.0078125 0.0388889 0.00856835
9 0.291406 0.0685185 0.0109375 0.0185185 0.00868341
2 0.605729 0.0592593 0.009375 0.0259259 0.00903482
9 0.207031 0.0675926 0.0192708 0.0407407 0.00992526
2 0.444792 0.116667 0.0229167 0.0203704 0.0106071
2 0.363021 0.0662037 0.0125 0.025 0.0110784
2 0.785156 0.0898148 0.0140625 0.0203704 0.0145385
9 0.292708 0.0532407 0.009375 0.0453704 0.0153721
1 0.0119792 0.363889 0.0239583 0.0666667 0.0162013
2 0.290104 0.121759 0.01875 0.0564815 0.0184838
0 0.634896 0.148611 0.009375 0.0509259 0.0387755
9 0.221875 0.0606481 0.0125 0.0398148 0.0420536
9 0.21875 0.0902778 0.00729167 0.0138889 0.0443403
9 0.566667 0.0476852 0.00833333 0.025 0.0454947
9 0.442448 0.087037 0.0130208 0.0240741 0.0621676
9 0.26901 0.0356481 0.0213542 0.0675926 0.11462
2 0.479167 0.0944444 0.0229167 0.0185185 0.225019
2 0.321615 0.0851852 0.0380208 0.0351852 0.229529
2 0.627344 0.122222 0.0255208 0.0518519 0.298432
2 0.509375 0.103241 0.0354167 0.0638889 0.448259
2 0.318229 0.121759 0.0510417 0.0694444 0.689542
2 0.476823 0.139815 0.0546875 0.0796296 0.725671
2 0.364062 0.105093 0.0354167 0.0527778 0.759951
11 0.728646 0.0416667 0.0270833 0.0537037 0.760829
10 0.203906 0.314815 0.0161458 0.0703704 0.799119
2 0.729688 0.418981 0.122917 0.171296 0.906809
