2 0.595573 0.423148 0.498437 0.187037 0.00101706
2 0.286979 0.100926 0.0958333 0.0962963 0.00101762
2 0.00572917 0.0912037 0.0114583 0.0398148 0.00101835
2 0.578646 0.126389 0.046875 0.0324074 0.00101904
0 0.0533854 0.106019 0.0119792 0.0416667 0.00102141
11 0.239844 0.0375 0.0213542 0.0712963 0.00104229
2 0.0638021 0.109259 0.0286458 0.0462963 0.00105524
2 0.263542 0.104167 0.0104167 0.0490741 0.00106944
9 0.2625 0.0898148 0.00833333 0.0407407 0.00108745
9 0.0578125 0.0240741 0.0135417 0.0333333 0.00109924
2 0.813802 0.0777778 0.0161458 0.0185185 0.00111808
9 0.115365 0.024537 0.0151042 0.0435185 0.00113306
2 0.779167 0.103704 0.0291667 0.0518519 0.00115131
12 0.9875 0.518981 0.0239583 0.176852 0.00122108
13 0.0114583 0.366204 0.0229167 0.0472222 0.00123236
0 0.995573 0.331481 0.0078125 0.05 0.00127022
7 0.279167 0.0759259 0.034375 0.142593 0.00127418
9 0.5 0.602315 0.0145833 0.0398148 0.00134062
0 0.732031 0.372685 0.0244792 0.0287037 0.00139012
0 0.759115 0.0856481 0.0109375 0.0527778 0.00142841
2 0.300781 0.130093 0.0255208 0.0583333 0.0014416
9 0.252604 0.087037 0.0145833 0.0351852 0.00144779
9 0.430208 0.037963 0.00833333 0.0240741 0.00144832
2 0.0046875 0.557407 0.009375 0.0425926 0.00148353
13 0.985937 0.521759 0.0270833 0.180556 0.00152973
9 0.995313 0.531944 0.00833333 0.0490741 0.00164134
9 0.415104 0.0101852 0.0145833 0.0203704 0.00164318
1 0.0138021 0.393981 0.0276042 0.119444 0.00167581
9 0.441406 0.226389 0.00989583 0.0231481 0.00169417
1 0.0221354 0.150463 0.0442708 0.0768519 0.00171346
1 0.0046875 0.461111 0.009375 0.235185 0.0017579
9 0.261458 0.0449074 0.0145833 0.0527778 0.0017842
12 0.701302 0.165741 0.0255208 0.037037 0.00183292
9 0.26276 0.0231481 0.0161458 0.0407407 0.00183727
9 0.688802 0.166667 0.0140625 0.037037 0.00183914
2 0.0429688 0.0939815 0.0703125 0.0731481 0.00185785
1 0.701563 0.290278 0.0260417 0.0953704 0.00187025
9 0.290885 0.0722222 0.0119792 0.0166667 0.00187604
9 0.273698 0.0449074 0.0328125 0.0861111 0.00198917
9 0.107813 0.0314815 0.009375 0.0333333 0.00202774
2 0.241146 0.10463 0.0166667 0.0314815 0.00211733
9 0.270833 0.0587963 0.0208333 0.0638889 0.00241737
9 0.292969 0.0555556 0.00885417 0.0444444 0.00254032
2 0.503385 0.0662037 0.0171875 0.0231481 0.00263163
7 0.788542 0.0643518 0.0239583 0.0638889 0.00270701
7 0.970052 0.530556 0.0588542 0.209259 0.00287738
2 0.424219 0.103241 0.139062 0.0583333 0.00304434
9 0.58125 0.0324074 0.0135417 0.0574074 0.00314954
10 0.196875 0.312037 0.03125 0.0833333 0.00321537
2 0.538542 0.108333 0.142708 0.0574074 0.0033058
7 0.988281 0.521759 0.0223958 0.189815 0.00337792
0 0.442187 0.0967593 0.015625 0.0490741 0.00338224
2 0.472135 0.106481 0.0734375 0.0518519 0.00358049
2 0.530729 0.109722 0.015625 0.0472222 0.00361885
9 0.458073 0.0657407 0.0078125 0.0296296 0.00363244
12 0.692448 0.164815 0.0078125 0.037037 0.00376368
9 0.993229 0.506481 0.0125 0.15 0.00418343
0 0.755729 0.087037 0.0114583 0.0666667 0.00445159
13 0.0135417 0.393519 0.0270833 0.118519 0.00449407
2 0.053125 0.0699074 0.046875 0.0287037 0.00458834
0 0.714063 0.372222 0.021875 0.0277778 0.00460443
58 0.96875 0.497222 0.0302083 0.0925926 0.00489478
11 0.23724 0.0666667 0.0171875 0.0407407 0.0049822
2 0.301302 0.0953704 0.0328125 0.0611111 0.00503567
11 0.60625 0.0597222 0.0104167 0.025 0.0050668
9 0.571354 0.0314815 0.0125 0.0592593 0.00518489
2 0.00416667 0.405093 0.00833333 0.0953704 0.00522097
2 0.286979 0.115278 0.015625 0.0694444 0.00524894
2 0.635156 0.143056 0.0109375 0.0509259 0.00528519
9 0.757031 0.074537 0.00989583 0.0416667 0.00579157
9 0.211719 0.0657407 0.0296875 0.0481481 0.0061202
12 0.99375 0.50463 0.0114583 0.148148 0.00634018
12 0.703125 0.234259 0.0270833 0.0537037 0.0064586
0 0.703385 0.225463 0.0265625 0.0694444 0.00659982
2 0.238802 0.139815 0.0192708 0.0425926 0.00666396
0 0.817448 0.235648 0.00885417 0.037963 0.00691726
0 0.635677 0.147222 0.00989583 0.0518519 0.00697049
1 0.00572917 0.390741 0.0114583 0.118519 0.0070858
7 0.220313 0.0666667 0.05 0.0666667 0.0106809
9 0.442187 0.087037 0.0125 0.0277778 0.0135899
1 0.695052 0.293519 0.0119792 0.0796296 0.0138729
2 0.593229 0.125926 0.0177083 0.0222222 0.0138784
2 0.442448 0.087037 0.0130208 0.0277778 0.0160385
2 0.789583 0.0875 0.0197917 0.0268519 0.017112
9 0.26901 0.0208333 0.0203125 0.0342593 0.0190834
2 0.271615 0.110185 0.0151042 0.037037 0.0195688
5 0.220833 0.0680556 0.05 0.0638889 0.0207416
2 0.3625 0.0740741 0.0114583 0.0277778 0.0256995
9 0.502344 0.759722 0.0140625 0.0564815 0.0322327
12 0.69375 0.235648 0.00833333 0.0546296 0.0352351
2 0.29375 0.108796 0.028125 0.0787037 0.042488
2 0.488802 0.109259 0.0119792 0.0462963 0.0486627
7 0.298438 0.106944 0.0385417 0.0824074 0.0616127
9 0.567187 0.0481481 0.00833333 0.0240741 0.0653336
0 0.703385 0.269907 0.0276042 0.126852 0.132437
2 0.479948 0.111574 0.0151042 0.0398148 0.180693
2 0.465625 0.111574 0.01875 0.0398148 0.258749
2 0.322396 0.0861111 0.0375 0.0333333 0.307012
2 0.526823 0.0740741 0.0203125 0.0351852 0.431532
2 0.50625 0.104167 0.040625 0.062037 0.472417
2 0.627344 0.121296 0.0255208 0.05 0.526884
2 0.31875 0.121759 0.0510417 0.0712963 0.747603
2 0.384635 0.0944444 0.0328125 0.0481481 0.767631
11 0.729167 0.0430556 0.0270833 0.0583333 0.777014
10 0.203906 0.315741 0.0161458 0.0722222 0.790274
2 0.729688 0.419444 0.122917 0.172222 0.910914
