1 0.0565104 0.438889 0.0338542 0.0685185 0.00100734
0 0.375781 0.411574 0.0369792 0.0824074 0.00107938
1 0.0471354 0.506481 0.0380208 0.0759259 0.00108503
24 0.278125 0.377315 0.028125 0.037963 0.00109498
0 0.292708 0.642593 0.554167 0.596296 0.00110082
0 0.0552083 0.426389 0.0479167 0.0712963 0.00114432
1 0.0257812 0.355556 0.0505208 0.0555556 0.00115151
12 0.701563 0.164815 0.01875 0.0388889 0.0012172
7 0.415625 0.108796 0.270833 0.0953704 0.00123315
0 0.361719 0.0689815 0.00885417 0.025 0.00123611
1 0.0388021 0.398148 0.0755208 0.0981481 0.00124779
2 0.255208 0.087037 0.021875 0.0388889 0.00125859
2 0.814323 0.075463 0.0182292 0.0212963 0.00126001
1 0.01875 0.175 0.0364583 0.0592593 0.00128484
13 0.961719 0.551389 0.0390625 0.0398148 0.00131901
13 0.967708 0.56713 0.053125 0.0675926 0.00138707
0 0.311198 0.318519 0.592188 0.590741 0.00140073
0 0.523438 0.643056 0.615625 0.628704 0.00142704
11 0.866146 0.198611 0.01875 0.0212963 0.00150974
2 0.199219 0.243056 0.0213542 0.0157407 0.00151377
58 0.919271 0.184259 0.161458 0.364815 0.00154943
9 0.441927 0.228704 0.0078125 0.0240741 0.00155087
1 0.0179687 0.438426 0.0359375 0.180556 0.00158501
0 0.75625 0.374537 0.021875 0.0342593 0.00160679
24 0.256771 0.422222 0.0354167 0.0703704 0.00164219
11 0.236979 0.0675926 0.0166667 0.0425926 0.00170994
9 0.43776 0.199074 0.00885417 0.0388889 0.00173271
0 0.729167 0.372222 0.0322917 0.0296296 0.00175927
9 0.502083 0.758796 0.0125 0.0564815 0.00186694
7 0.273698 0.0662037 0.0276042 0.087963 0.00201532
13 0.99401 0.518981 0.0109375 0.171296 0.00214747
2 0.775521 0.10787 0.021875 0.0287037 0.00217252
9 0.236719 0.0657407 0.0161458 0.0388889 0.00219951
0 0.263281 0.100463 0.00885417 0.0564815 0.002314
9 0.445052 0.242593 0.0078125 0.0203704 0.00275748
2 0.291406 0.0703704 0.0109375 0.0148148 0.00287664
2 0.535677 0.459259 0.539062 0.253704 0.00306792
12 0.994792 0.491667 0.009375 0.125926 0.00319164
24 0.261979 0.39213 0.0510417 0.0657407 0.00336795
9 0.99375 0.493056 0.0114583 0.125 0.00341663
9 0.263021 0.0902778 0.00833333 0.0453704 0.0034766
32 0.453906 0.313426 0.00885417 0.0138889 0.00367557
9 0.291406 0.0523148 0.00885417 0.0453704 0.00387529
1 0.0411458 0.424074 0.0197917 0.0666667 0.00400402
13 0.98724 0.518981 0.0244792 0.175 0.0040058
9 0.583073 0.0393519 0.0130208 0.0490741 0.0044421
13 0.970312 0.536111 0.0583333 0.144444 0.00444354
9 0.270052 0.049537 0.0192708 0.0361111 0.00467312
2 0.451562 0.0967593 0.0270833 0.062037 0.00484729
58 0.968229 0.493981 0.0302083 0.087963 0.00486787
0 0.26875 0.0990741 0.0125 0.0574074 0.00495562
9 0.573698 0.0310185 0.0151042 0.0601852 0.00514724
0 0.420312 0.393519 0.0291667 0.0425926 0.00522321
0 0.716146 0.371759 0.0270833 0.0268519 0.00557712
1 0.0101562 0.363889 0.0203125 0.0740741 0.0060645
7 0.27526 0.0703704 0.0390625 0.138889 0.00659569
0 0.396354 0.394444 0.034375 0.0388889 0.00765914
1 0.238281 0.533333 0.0171875 0.0574074 0.00801709
7 0.314583 0.110648 0.0541667 0.0842593 0.00871299
9 0.211719 0.0648148 0.0348958 0.0555556 0.00938486
24 0.240365 0.391667 0.0463542 0.0592593 0.00968429
2 0.784635 0.0888889 0.0140625 0.0203704 0.0100975
9 0.269271 0.0199074 0.0208333 0.0361111 0.0107352
5 0.2125 0.062037 0.034375 0.0555556 0.0119571
2 0.270833 0.109259 0.0135417 0.0388889 0.0126121
0 0.419792 0.0912037 0.00729167 0.0268519 0.0137643
7 0.2125 0.062037 0.034375 0.0574074 0.0149158
0 0.756771 0.0856481 0.0125 0.0712963 0.0170391
9 0.217969 0.102778 0.0078125 0.0351852 0.0181839
2 0.467448 0.106944 0.0171875 0.0490741 0.0212043
1 0.0205729 0.375463 0.0411458 0.062037 0.0225423
1 0.0757812 0.490741 0.0223958 0.0592593 0.0303352
2 0.60599 0.0597222 0.00989583 0.0268519 0.0321832
9 0.567187 0.0472222 0.00833333 0.0240741 0.0324589
0 0.634635 0.144444 0.0109375 0.0518519 0.0332858
7 0.292969 0.10787 0.0276042 0.0805556 0.0363676
2 0.498177 0.105093 0.0338542 0.0546296 0.0417431
9 0.21901 0.0902778 0.0078125 0.012037 0.0477034
0 0.442187 0.393981 0.0375 0.0416667 0.0896791
2 0.292188 0.111574 0.0260417 0.0768519 0.0972961
1 0.0046875 0.405093 0.009375 0.087963 0.146501
1 0.0117188 0.4 0.0234375 0.1 0.212478
2 0.322135 0.0856481 0.0369792 0.0361111 0.320697
2 0.627083 0.12037 0.0260417 0.0518519 0.360158
1 0.0609375 0.512963 0.0458333 0.1 0.390802
2 0.477604 0.108333 0.0260417 0.0462963 0.435181
1 0.0526042 0.529167 0.0197917 0.0787037 0.441707
0 0.376042 0.398148 0.0270833 0.0462963 0.455127
24 0.248958 0.3875 0.025 0.0472222 0.51827
7 0.505729 0.103241 0.04375 0.0638889 0.529908
7 0.441146 0.0972222 0.046875 0.0685185 0.543251
1 0.252083 0.50787 0.0427083 0.108333 0.611483
2 0.317969 0.121296 0.0515625 0.0703704 0.753752
11 0.728646 0.0407407 0.0270833 0.0518519 0.791422
0 0.0572917 0.465278 0.0520833 0.149074 0.819763
10 0.203906 0.315278 0.0161458 0.0694444 0.856723
0 0.264062 0.446759 0.0572917 0.178704 0.877583
2 0.41224 0.465278 0.166146 0.252778 0.899197
2 0.729948 0.418981 0.122396 0.171296 0.904028
