9 0.547917 0.0574074 0.0104167 0.0259259 0.00104206
2 0.00625 0.0907407 0.0125 0.0462963 0.00107337
7 0.146094 0.0819444 0.0640625 0.0638889 0.00108441
7 0.294531 0.10463 0.0828125 0.0962963 0.00108729
2 0.0179687 0.142593 0.0359375 0.0648148 0.00110468
2 0.53099 0.112037 0.0130208 0.0425926 0.00112815
9 0.107813 0.0273148 0.0104167 0.0324074 0.00115282
2 0.655208 0.136574 0.08125 0.0805556 0.0011763
0 0.732031 0.372685 0.0276042 0.0287037 0.0011905
2 0.817187 0.234259 0.009375 0.0444444 0.00124901
1 0.00546875 0.361574 0.0109375 0.0935185 0.00127547
13 0.994271 0.518981 0.0104167 0.167593 0.00129039
1 0.00989583 0.458333 0.0197917 0.240741 0.00133639
0 0.817187 0.234259 0.009375 0.0444444 0.00136167
7 0.278646 0.0736111 0.0333333 0.139815 0.00139151
0 0.75625 0.0935185 0.0145833 0.0777778 0.00139156
12 0.692708 0.164352 0.00729167 0.0398148 0.0014243
2 0.814844 0.0699074 0.0161458 0.0138889 0.00151129
2 0.592448 0.125463 0.0161458 0.025 0.00165463
9 0.415625 0.00833333 0.015625 0.0166667 0.00167832
9 0.263542 0.0407407 0.01875 0.062963 0.0016829
2 0.448698 0.115741 0.0296875 0.0240741 0.00168904
2 0.288281 0.0763889 0.0182292 0.0287037 0.00186251
2 0.409896 0.111574 0.275 0.0805556 0.00188138
9 0.263021 0.0912037 0.00833333 0.0435185 0.00188516
0 0.263281 0.101852 0.00885417 0.0537037 0.00193586
2 0.995052 0.323611 0.00885417 0.0768519 0.00205717
7 0.970833 0.523148 0.0572917 0.192593 0.00227714
2 0.23776 0.141667 0.0192708 0.0388889 0.00240886
2 0.565104 0.111111 0.263542 0.0722222 0.0024442
9 0.363021 0.0694444 0.009375 0.0222222 0.00269981
2 0.813542 0.0759259 0.0166667 0.0166667 0.00285878
13 0.970573 0.521759 0.0567708 0.175 0.00312834
0 0.714844 0.372222 0.0244792 0.0259259 0.00323074
9 0.274219 0.0421296 0.0348958 0.0824074 0.00329458
9 0.99401 0.492593 0.0109375 0.124074 0.00330625
2 0.266927 0.0986111 0.0109375 0.0546296 0.00345254
2 0.473177 0.111111 0.0703125 0.062963 0.00354852
0 0.75651 0.0736111 0.0109375 0.0416667 0.00361701
0 0.578125 0.581481 0.03125 0.0333333 0.00365665
9 0.458594 0.0662037 0.0078125 0.0268519 0.00367022
7 0.788021 0.0597222 0.0260417 0.0768519 0.00472245
2 0.442708 0.0865741 0.0135417 0.025 0.00485187
58 0.96849 0.493056 0.0307292 0.0898148 0.00490766
9 0.291927 0.0717593 0.0119792 0.0157407 0.00518789
9 0.292708 0.0560185 0.009375 0.0435185 0.00551668
2 0.0046875 0.407407 0.009375 0.087037 0.00644902
2 0.364062 0.0680556 0.0114583 0.0194444 0.00657364
2 0.270573 0.108796 0.0130208 0.0398148 0.00670893
2 0.286979 0.113426 0.0166667 0.0731481 0.00698251
2 0.0140625 0.399074 0.028125 0.109259 0.00699224
11 0.2375 0.0689815 0.015625 0.0435185 0.00738415
9 0.269531 0.049537 0.0203125 0.0416667 0.00754899
0 0.655469 0.581944 0.0338542 0.0287037 0.00820202
11 0.60625 0.0601852 0.009375 0.0240741 0.00958544
0 0.995573 0.321296 0.0078125 0.0703704 0.0117861
5 0.219792 0.0643518 0.0489583 0.062037 0.0155837
2 0.788281 0.087037 0.0182292 0.0240741 0.0165961
9 0.566927 0.0481481 0.0078125 0.0222222 0.0171874
7 0.219531 0.0652778 0.0505208 0.0657407 0.0179121
9 0.26901 0.0240741 0.0213542 0.0444444 0.0186437
2 0.634635 0.141667 0.0109375 0.0462963 0.0208871
9 0.442187 0.0865741 0.0125 0.025 0.0304394
0 0.59401 0.579167 0.0432292 0.0342593 0.0436965
7 0.298438 0.106019 0.0395833 0.0824074 0.0476662
1 0.0135417 0.396759 0.0270833 0.108333 0.0494043
2 0.484115 0.10787 0.0192708 0.0490741 0.0503145
2 0.461979 0.112037 0.0135417 0.0388889 0.0527493
2 0.299219 0.106481 0.0380208 0.0796296 0.0535371
2 0.321875 0.087963 0.0375 0.0351852 0.268046
7 0.505208 0.104167 0.04375 0.0638889 0.342
2 0.472135 0.109259 0.0317708 0.0444444 0.374692
2 0.505469 0.104167 0.0432292 0.0638889 0.457391
2 0.627083 0.122222 0.025 0.0537037 0.537263
2 0.318229 0.121296 0.0510417 0.0722222 0.686832
11 0.728646 0.0430556 0.0270833 0.0583333 0.769734
10 0.203906 0.316204 0.0161458 0.0712963 0.805091
2 0.729427 0.419907 0.123438 0.171296 0.898964
7 0.619792 0.696759 0.210417 0.328704 0.915114
