9 0.429688 0.0430556 0.00833333 0.0194444 0.00102852
2 0.771615 0.113889 0.0140625 0.0296296 0.00103747
2 0.546354 0.109722 0.369792 0.0768519 0.00108176
9 0.577344 0.0328704 0.0151042 0.062037 0.0011339
2 0.576302 0.424537 0.655729 0.180556 0.00113811
9 0.109896 0.0259259 0.0125 0.0388889 0.00116987
9 0.260156 0.0527778 0.0119792 0.037037 0.00119246
11 0.240365 0.037037 0.0223958 0.0703704 0.00123202
9 0.275 0.0407407 0.0364583 0.0796296 0.00125643
9 0.254427 0.0861111 0.0182292 0.037037 0.0012759
9 0.582031 0.0393519 0.0130208 0.0490741 0.00129252
2 0.423958 0.109259 0.221875 0.0685185 0.00133392
0 0.528646 0.283796 0.548958 0.452778 0.00135617
9 0.817448 0.234722 0.00885417 0.0453704 0.00144177
7 0.970312 0.522685 0.0583333 0.19537 0.00147526
2 0.596354 0.116667 0.0125 0.0407407 0.00149318
1 0.810417 0.331481 0.01875 0.0907407 0.00152727
0 0.717708 0.371296 0.025 0.0296296 0.00154593
12 0.694271 0.162963 0.00729167 0.037037 0.00157953
9 0.415365 0.00787037 0.0151042 0.0157407 0.00163631
12 0.702083 0.164815 0.0197917 0.037037 0.00175809
11 0.236979 0.0680556 0.0177083 0.0435185 0.00177477
1 0.238542 0.3125 0.0364583 0.0990741 0.00183078
9 0.5 0.603241 0.0145833 0.0416667 0.00190564
12 0.988542 0.498148 0.021875 0.140741 0.00202569
2 0.0046875 0.557407 0.009375 0.0425926 0.00222199
7 0.990625 0.51713 0.0177083 0.184259 0.00222221
9 0.502604 0.760185 0.0135417 0.0555556 0.00227851
2 0.778385 0.103241 0.0276042 0.0453704 0.00236579
2 0.817448 0.234259 0.00885417 0.0444444 0.00239549
2 0.442448 0.087037 0.0130208 0.0277778 0.00258404
9 0.269531 0.0527778 0.0203125 0.0333333 0.0026245
0 0.995833 0.326852 0.00729167 0.0555556 0.00265501
0 0.265625 0.0986111 0.0104167 0.0564815 0.00268386
0 0.75651 0.0907407 0.0119792 0.0759259 0.00288619
9 0.36224 0.0694444 0.00885417 0.0222222 0.00288946
9 0.567969 0.0319444 0.0130208 0.0583333 0.00304784
9 0.757031 0.0722222 0.00989583 0.0407407 0.00354386
2 0.238281 0.14213 0.0192708 0.037963 0.00355949
10 0.222396 0.310648 0.0208333 0.0898148 0.00452968
2 0.269792 0.109259 0.0114583 0.0407407 0.00586214
2 0.814323 0.075 0.0182292 0.0185185 0.00626581
9 0.26276 0.087963 0.0078125 0.0388889 0.00629929
0 0.247656 0.256481 0.0234375 0.0611111 0.00639181
9 0.440625 0.215741 0.0135417 0.0462963 0.00742469
9 0.2125 0.0652778 0.0333333 0.0509259 0.00781485
9 0.269531 0.0231481 0.0203125 0.0425926 0.0099661
9 0.442708 0.0875 0.0125 0.0268519 0.0114122
7 0.314844 0.111574 0.0578125 0.0842593 0.0147531
12 0.994271 0.511574 0.0104167 0.162037 0.0150451
11 0.60651 0.0601852 0.00989583 0.0259259 0.0175154
5 0.220573 0.0657407 0.0505208 0.0574074 0.0205906
2 0.635417 0.146296 0.0114583 0.0537037 0.0239848
2 0.592708 0.126852 0.0177083 0.0222222 0.0264945
2 0.785677 0.0898148 0.0140625 0.0222222 0.0275341
7 0.220313 0.0648148 0.0510417 0.0611111 0.0306155
0 0.635677 0.147222 0.00989583 0.05 0.035041
9 0.567187 0.0486111 0.00833333 0.0231481 0.0376604
7 0.297917 0.106019 0.0364583 0.0824074 0.15969
2 0.464063 0.112037 0.015625 0.0407407 0.192046
2 0.322135 0.0861111 0.0369792 0.0333333 0.223833
2 0.627865 0.120833 0.0255208 0.0490741 0.26112
2 0.479948 0.109722 0.0213542 0.0453704 0.352773
7 0.50625 0.105093 0.0427083 0.0638889 0.356373
1 0.249219 0.32037 0.0182292 0.0907407 0.440531
2 0.50599 0.10463 0.0421875 0.062963 0.456935
2 0.31875 0.12037 0.05 0.0722222 0.623601
10 0.203906 0.316204 0.0171875 0.0712963 0.665756
0 0.249219 0.281944 0.0265625 0.125 0.734747
11 0.729167 0.0435185 0.0270833 0.0555556 0.792717
2 0.729688 0.418519 0.122917 0.172222 0.915739
