2 0.0330729 0.0662037 0.0192708 0.0194444 0.00106744
12 0.817708 0.234259 0.00833333 0.0388889 0.00111064
0 0.00494792 0.372685 0.00989583 0.0953704 0.00112187
2 0.65 0.149537 0.0385417 0.0583333 0.00113734
9 0.261979 0.0518519 0.015625 0.0444444 0.00122235
12 0.361198 0.0662037 0.0109375 0.0231481 0.0012352
9 0.500521 0.603241 0.015625 0.037963 0.00130149
0 0.757292 0.373148 0.0197917 0.0296296 0.0013032
12 0.98776 0.516667 0.0234375 0.17037 0.00136893
9 0.445833 0.0550926 0.0114583 0.025 0.00137687
9 0.253906 0.0865741 0.0130208 0.037963 0.00141072
7 0.2375 0.0842593 0.0177083 0.0759259 0.00143294
9 0.817187 0.234259 0.00833333 0.0388889 0.00148556
2 0.58776 0.124074 0.00989583 0.0240741 0.00151549
12 0.702604 0.164352 0.0197917 0.037963 0.00154234
9 0.991146 0.503241 0.0166667 0.143519 0.00169053
2 0.28776 0.0787037 0.0203125 0.0351852 0.00170223
12 0.755729 0.0939815 0.0145833 0.0768519 0.00173116
2 0.451823 0.112963 0.347396 0.0962963 0.00177444
9 0.416406 0.00972222 0.0161458 0.0194444 0.00178334
9 0.258333 0.075 0.0125 0.0481481 0.00180832
0 0.715885 0.371759 0.0244792 0.0268519 0.00191448
9 0.289844 0.0231481 0.0109375 0.0333333 0.00192764
11 0.221094 0.0657407 0.0505208 0.0648148 0.00197672
2 0.363542 0.0675926 0.0114583 0.0222222 0.00201501
0 0.26276 0.106481 0.00885417 0.0462963 0.00203847
9 0.263281 0.0861111 0.0078125 0.0351852 0.00222824
12 0.995052 0.523611 0.00885417 0.075 0.0022977
12 0.692187 0.164815 0.00833333 0.0388889 0.00230645
2 0.442448 0.0787037 0.0296875 0.0388889 0.0024503
2 0.222396 0.136574 0.0510417 0.0527778 0.00246105
2 0.266667 0.0972222 0.0104167 0.0537037 0.00258068
2 0.593229 0.124537 0.0166667 0.025 0.00276351
2 0.0260417 0.355556 0.0510417 0.0314815 0.00387151
2 0.284115 0.107407 0.0119792 0.0703704 0.00392869
2 0.0127604 0.370833 0.0255208 0.0490741 0.00422199
9 0.567708 0.0319444 0.0114583 0.0564815 0.00447879
2 0.785156 0.0907407 0.0130208 0.0203704 0.00506615
9 0.3625 0.0680556 0.009375 0.025 0.0051496
2 0.490625 0.103241 0.0260417 0.0583333 0.00579312
9 0.26901 0.0592593 0.0171875 0.0296296 0.00596318
9 0.272656 0.0393519 0.0286458 0.0768519 0.00603824
2 0.792448 0.087963 0.0255208 0.0222222 0.00650298
7 0.450781 0.0986111 0.0453125 0.0694444 0.00684892
2 0.238542 0.106019 0.0166667 0.0398148 0.00716018
0 0.635156 0.146296 0.00989583 0.0537037 0.00738785
0 0.286719 0.111574 0.0171875 0.075 0.00757938
12 0.99375 0.497222 0.0114583 0.131481 0.00789018
9 0.114844 0.0236111 0.0182292 0.0416667 0.00844413
2 0.270833 0.109722 0.0135417 0.037963 0.0092501
2 0.291406 0.0717593 0.0109375 0.0157407 0.00953564
11 0.2375 0.0689815 0.0166667 0.0435185 0.010511
7 0.221094 0.0805556 0.0494792 0.0851852 0.0106896
2 0.634635 0.138426 0.0119792 0.0490741 0.0117077
0 0.445052 0.062037 0.0203125 0.0277778 0.0138975
1 0.00520833 0.378241 0.0104167 0.0712963 0.0157642
9 0.502604 0.760185 0.0114583 0.0555556 0.0164443
11 0.60625 0.0597222 0.009375 0.025 0.0173346
1 0.025 0.394907 0.05 0.112037 0.0182175
1 0.0101562 0.398148 0.0203125 0.109259 0.0345516
7 0.213281 0.062963 0.0348958 0.062963 0.0346794
1 0.00442708 0.406481 0.00885417 0.0925926 0.0363883
2 0.238281 0.141204 0.0182292 0.0435185 0.0368964
9 0.269792 0.0208333 0.0197917 0.0361111 0.0422972
9 0.567448 0.0481481 0.00885417 0.0240741 0.0439428
2 0.31224 0.0986111 0.0453125 0.0638889 0.0451035
2 0.299479 0.10463 0.0364583 0.0777778 0.073683
2 0.50651 0.104167 0.0421875 0.062037 0.216462
2 0.322135 0.087037 0.0380208 0.037037 0.299827
2 0.627604 0.122222 0.025 0.0518519 0.370843
2 0.480729 0.108333 0.021875 0.0481481 0.381056
7 0.50625 0.10463 0.0427083 0.062963 0.473291
2 0.450781 0.099537 0.0453125 0.0657407 0.617924
2 0.31849 0.120833 0.0505208 0.0712963 0.669031
10 0.203906 0.315741 0.0171875 0.0703704 0.670664
11 0.729427 0.0430556 0.0265625 0.0564815 0.808869
2 0.729948 0.418981 0.122396 0.171296 0.900316
