0 0.99349 0.912963 0.0119792 0.155556 0.00102535
2 0.640885 0.125 0.0526042 0.0592593 0.00105912
2 0.684115 0.410648 0.0296875 0.134259 0.00106256
9 0.558073 0.0277778 0.0244792 0.05 0.00106507
7 0.973177 0.643519 0.0536458 0.455556 0.00106736
0 0.461979 0.115278 0.0135417 0.037963 0.0010707
0 0.714583 0.365741 0.0333333 0.0388889 0.00113875
2 0.773698 0.120833 0.0182292 0.037963 0.00117221
2 0.0119792 0.366667 0.0239583 0.0444444 0.00117468
2 0.592188 0.130093 0.0177083 0.0212963 0.00120253
11 0.234115 0.0699074 0.0234375 0.0490741 0.00121782
2 0.00494792 0.0884259 0.00989583 0.0361111 0.00122528
32 0.454427 0.315278 0.0078125 0.012037 0.00127771
2 0.363281 0.0675926 0.0119792 0.0222222 0.00128033
7 0.985417 0.525 0.028125 0.17963 0.00130705
0 0.707292 0.677315 0.0458333 0.0546296 0.00130892
2 0.292188 0.1 0.10625 0.0944444 0.0013184
5 0.234635 0.0722222 0.0234375 0.0555556 0.00136708
10 0.773958 0.123611 0.01875 0.0435185 0.00137582
2 0.03125 0.15463 0.0625 0.0944444 0.00153506
9 0.260677 0.0412037 0.0130208 0.0527778 0.00157146
1 0.0138021 0.398611 0.0276042 0.115741 0.00160204
2 0.266667 0.0981481 0.0125 0.0574074 0.00166022
0 0.284375 0.10787 0.0114583 0.0564815 0.00168394
2 0.789844 0.0819444 0.0192708 0.0231481 0.00175758
0 0.99375 0.869907 0.0114583 0.0601852 0.00176365
0 0.26276 0.105556 0.00885417 0.05 0.001802
2 0.0119792 0.132407 0.0239583 0.037037 0.00192428
2 0.290885 0.114815 0.0244792 0.0740741 0.00196187
7 0.992969 0.521296 0.0130208 0.164815 0.00201298
2 0.371875 0.10787 0.171875 0.0953704 0.0020154
9 0.220833 0.087037 0.0114583 0.0166667 0.00213118
9 0.566667 0.0314815 0.0177083 0.0592593 0.00214396
1 0.0117188 0.366204 0.0234375 0.0527778 0.00214407
1 0.00494792 0.399074 0.00989583 0.107407 0.00220526
9 0.4375 0.198611 0.009375 0.0342593 0.00230587
9 0.253385 0.0851852 0.0119792 0.037037 0.0024508
2 0.661198 0.153704 0.0661458 0.0666667 0.00249026
1 0.0317708 0.161574 0.0625 0.0842593 0.00254227
9 0.257552 0.0740741 0.00989583 0.0444444 0.0026507
0 0.282292 0.0944444 0.00729167 0.0333333 0.00271084
2 0.8125 0.074537 0.0197917 0.0194444 0.0027422
9 0.36224 0.0675926 0.00989583 0.0277778 0.00292751
9 0.565625 0.0439815 0.0104167 0.0361111 0.00308716
9 0.995052 0.540741 0.00885417 0.062963 0.00312391
11 0.241146 0.037963 0.0229167 0.0722222 0.00317359
9 0.263021 0.0875 0.00833333 0.0398148 0.00336809
0 0.71224 0.666204 0.0296875 0.025 0.00343688
5 0.215104 0.0550926 0.0291667 0.0490741 0.00346064
2 0.448958 0.105556 0.0354167 0.0518519 0.00404974
9 0.964844 0.505556 0.0213542 0.0666667 0.00416256
12 0.702865 0.139352 0.0234375 0.0861111 0.00432136
2 0.238802 0.139815 0.0192708 0.0444444 0.00470845
0 0.732292 0.37037 0.028125 0.0296296 0.00501063
9 0.265885 0.0606481 0.0119792 0.0268519 0.00503509
1 0.808854 0.337037 0.0239583 0.0962963 0.00523448
7 0.43099 0.0523148 0.0536458 0.0601852 0.00526666
9 0.3625 0.0444444 0.0104167 0.0314815 0.00534168
0 0.75651 0.375463 0.0192708 0.0287037 0.00562928
9 0.594792 0.0412037 0.00833333 0.0305556 0.0056604
7 0.970573 0.531018 0.0578125 0.199074 0.00614696
2 0.270312 0.110185 0.0125 0.0388889 0.0061652
9 0.977604 0.500926 0.040625 0.12963 0.00725271
9 0.500521 0.603704 0.015625 0.0407407 0.00763368
2 0.785937 0.0898148 0.015625 0.0203704 0.00800834
9 0.995052 0.498148 0.00885417 0.12963 0.00898611
0 0.757292 0.0898148 0.0135417 0.0703704 0.0100557
2 0.4625 0.112963 0.0145833 0.037037 0.011627
0 0.635417 0.148611 0.009375 0.0472222 0.0120444
9 0.295312 0.0638889 0.0125 0.0314815 0.0120564
0 0.653385 0.677315 0.0359375 0.0472222 0.0129545
9 0.207552 0.0675926 0.0223958 0.0425926 0.0138167
0 0.71276 0.371296 0.0203125 0.0259259 0.0153751
9 0.269531 0.0333333 0.0203125 0.062963 0.0173513
9 0.567708 0.0490741 0.00833333 0.0240741 0.0199522
2 0.298698 0.103704 0.0286458 0.0685185 0.0207893
0 0.442969 0.101852 0.0182292 0.0518519 0.0252372
7 0.220573 0.0634259 0.0515625 0.062037 0.0331995
5 0.220833 0.0638889 0.0510417 0.0592593 0.0338375
11 0.60651 0.0615741 0.00989583 0.025 0.0412532
9 0.502344 0.760185 0.0119792 0.0518519 0.0820517
2 0.627865 0.122222 0.0244792 0.0518519 0.175456
7 0.43724 0.0643518 0.0390625 0.0361111 0.180815
2 0.478906 0.109722 0.0255208 0.0453704 0.224945
2 0.415625 0.0685185 0.0229167 0.0259259 0.23485
2 0.438281 0.0643518 0.0380208 0.0342593 0.252608
7 0.50651 0.10463 0.0421875 0.062963 0.396098
2 0.322917 0.0856481 0.0375 0.0361111 0.42279
2 0.50651 0.10463 0.0411458 0.062963 0.457201
11 0.729948 0.0435185 0.0265625 0.0574074 0.671399
2 0.319271 0.122222 0.0489583 0.0685185 0.80007
10 0.203906 0.316204 0.0171875 0.0712963 0.822189
2 0.730469 0.418056 0.123438 0.171296 0.908846
2 0.676302 0.746759 0.172396 0.252778 0.93004
