2 0.529427 0.100926 0.0161458 0.0518519 0.00102091
10 0.200781 0.295833 0.0244792 0.113889 0.00106335
0 0.817187 0.236574 0.00833333 0.0361111 0.00109157
2 0.672396 0.162963 0.046875 0.0592593 0.00113558
11 0.239844 0.0328704 0.0203125 0.0583333 0.00116354
9 0.757552 0.0726852 0.00989583 0.0398148 0.00123947
2 0.45 0.115278 0.0333333 0.0398148 0.00126814
2 0.684896 0.396296 0.03125 0.112963 0.00150237
2 0.640365 0.130093 0.0515625 0.0657407 0.00157972
32 0.454427 0.315741 0.0078125 0.0148148 0.00168466
9 0.261198 0.0523148 0.0140625 0.0398148 0.00170733
9 0.23776 0.0685185 0.0161458 0.0425926 0.00172841
1 0.0388021 0.15787 0.0453125 0.062037 0.00184943
0 0.635417 0.152315 0.0125 0.062037 0.00188264
32 0.460677 0.356944 0.0109375 0.0138889 0.00195992
2 0.814323 0.0763889 0.0171875 0.0175926 0.00198189
2 0.777344 0.121759 0.0244792 0.0490741 0.00201316
0 0.757292 0.0921296 0.0114583 0.0768519 0.00213209
2 0.433594 0.111111 0.0671875 0.0444444 0.00226759
9 0.415365 0.00833333 0.0140625 0.0166667 0.00229705
2 0.515625 0.109722 0.110417 0.0601852 0.00230482
1 0.00677083 0.168981 0.0135417 0.0527778 0.00231672
2 0.617188 0.114352 0.046875 0.0509259 0.00234049
0 0.0966146 0.138426 0.0119792 0.0361111 0.00236772
2 0.21875 0.133796 0.0604167 0.0601852 0.00249591
2 0.59375 0.126389 0.0166667 0.025 0.00251132
9 0.253125 0.0856481 0.0135417 0.0305556 0.00279454
9 0.26276 0.0828704 0.0078125 0.0268519 0.00283275
2 0.267188 0.0990741 0.0114583 0.0481481 0.00311623
2 0.276563 0.115741 0.0260417 0.0518519 0.00315054
12 0.994792 0.496759 0.009375 0.126852 0.00323224
2 0.779948 0.105093 0.0296875 0.0472222 0.00324635
9 0.990365 0.502315 0.0182292 0.132407 0.00324742
9 0.566927 0.0328704 0.0130208 0.0546296 0.00339679
1 0.00651042 0.373148 0.0130208 0.157407 0.00344259
2 0.366406 0.109259 0.159896 0.0722222 0.00356644
9 0.995052 0.493519 0.00885417 0.124074 0.00359333
2 0.511198 0.0708333 0.0265625 0.0194444 0.00374519
2 0.460677 0.108796 0.0484375 0.0490741 0.00387041
2 0.00364583 0.411111 0.00729167 0.0833333 0.00391358
1 0.0994792 0.159259 0.0708333 0.0703704 0.00394723
0 0.707812 0.370833 0.0208333 0.0324074 0.00397697
1 0.0174479 0.171296 0.0348958 0.0592593 0.00439223
2 0.659635 0.151389 0.0588542 0.0657407 0.0050178
1 0.00364583 0.410185 0.00729167 0.0814815 0.00556196
2 0.775781 0.110185 0.0203125 0.0222222 0.00571365
1 0.0713542 0.160648 0.127083 0.087963 0.00654263
9 0.209375 0.0675926 0.0270833 0.0462963 0.00751628
9 0.257292 0.0703704 0.0104167 0.037037 0.00766595
0 0.717188 0.372222 0.021875 0.0314815 0.00772365
9 0.442708 0.0888889 0.0125 0.0277778 0.00795691
2 0.444271 0.105093 0.01875 0.0416667 0.00832717
2 0.269792 0.108333 0.0114583 0.0388889 0.00858172
9 0.26901 0.0555556 0.0182292 0.0314815 0.00880439
7 0.220573 0.0671296 0.0505208 0.0583333 0.00886749
11 0.60625 0.0611111 0.0104167 0.0240741 0.010125
9 0.500781 0.602315 0.0161458 0.0453704 0.0107162
2 0.635417 0.147222 0.0114583 0.0518519 0.0125983
5 0.213021 0.0657407 0.0354167 0.0555556 0.0149066
2 0.785677 0.0916667 0.0130208 0.0203704 0.0179098
9 0.114844 0.0263889 0.0130208 0.0342593 0.0179735
9 0.269531 0.0375 0.0203125 0.0601852 0.0208577
2 0.238802 0.139352 0.0192708 0.0435185 0.0261494
9 0.567187 0.0486111 0.009375 0.0231481 0.0459561
2 0.442708 0.087037 0.0145833 0.0259259 0.0546187
2 0.291406 0.118519 0.0223958 0.0592593 0.0730791
2 0.468229 0.1125 0.0229167 0.0416667 0.140235
2 0.46224 0.114815 0.0130208 0.0351852 0.15486
2 0.304167 0.0699074 0.025 0.0342593 0.237495
2 0.322656 0.0865741 0.0359375 0.0324074 0.238016
7 0.50625 0.10463 0.0427083 0.062963 0.310765
2 0.480469 0.110185 0.0244792 0.0444444 0.345815
2 0.628125 0.122685 0.025 0.0509259 0.37785
2 0.526302 0.075463 0.0223958 0.0342593 0.428659
2 0.50625 0.105093 0.0416667 0.062037 0.45515
2 0.26875 0.965741 0.188542 0.0648148 0.57648
2 0.31875 0.122222 0.05 0.0703704 0.723895
11 0.729427 0.0421296 0.0265625 0.0546296 0.724229
10 0.203906 0.315741 0.0171875 0.0703704 0.812395
2 0.729688 0.419907 0.122917 0.171296 0.836274
2 0.415104 0.1125 0.03125 0.0398148 0.849895
7 0.644531 0.61713 0.195312 0.334259 0.879221
