12 0.976302 0.499537 0.0453125 0.136111 0.00100375
9 0.27474 0.0421296 0.0369792 0.0824074 0.00103
0 0.73125 0.371759 0.03125 0.0305556 0.00115034
9 0.568229 0.0310185 0.0166667 0.0583333 0.00115429
7 0.236719 0.0671296 0.0161458 0.0416667 0.00117786
0 0.658073 0.621759 0.667188 0.558333 0.0012727
11 0.236198 0.0643518 0.0161458 0.0361111 0.00128379
2 0.25599 0.0875 0.0192708 0.0398148 0.001285
7 0.992708 0.516667 0.0135417 0.172222 0.00130114
9 0.415104 0.0101852 0.015625 0.0203704 0.00132452
2 0.77526 0.107407 0.0223958 0.0314815 0.00144426
13 0.986719 0.51713 0.0255208 0.176852 0.00144959
13 0.969792 0.568056 0.05625 0.075 0.00145876
13 0.0132813 0.373611 0.0265625 0.0675926 0.00148298
2 0.238281 0.136574 0.0192708 0.0472222 0.00151945
2 0.263281 0.103704 0.0078125 0.0481481 0.00153179
2 0.813542 0.075 0.01875 0.0185185 0.00159006
2 0.816667 0.231944 0.009375 0.0416667 0.00161753
9 0.501823 0.758796 0.0130208 0.0546296 0.00168014
13 0.961719 0.552778 0.0390625 0.0407407 0.00178522
2 0.535156 0.109259 0.370313 0.0740741 0.00181366
2 0.285677 0.0787037 0.0286458 0.0351852 0.00202165
0 0.263802 0.0949074 0.00885417 0.0509259 0.00211706
2 0.270312 0.0652778 0.0177083 0.0416667 0.00232076
9 0.548177 0.0527778 0.0109375 0.0222222 0.00243345
2 0.530469 0.105093 0.0151042 0.0416667 0.00252282
9 0.50026 0.601389 0.0151042 0.0416667 0.00269124
9 0.291146 0.0476852 0.009375 0.0398148 0.00273672
2 0.29401 0.106481 0.0859375 0.0925926 0.00274435
7 0.970573 0.521296 0.0578125 0.192593 0.0027575
0 0.757292 0.374074 0.0177083 0.0296296 0.00283027
12 0.994271 0.508796 0.0104167 0.162037 0.00338032
9 0.994792 0.497685 0.009375 0.143519 0.00339982
0 0.715625 0.370833 0.0239583 0.0268519 0.00374216
9 0.220052 0.0884259 0.00989583 0.012037 0.00379419
2 0.466927 0.106944 0.0911458 0.0601852 0.00387461
1 0.0078125 0.392593 0.015625 0.114815 0.00401267
2 0.37474 0.109259 0.177604 0.0759259 0.0043708
2 0.363542 0.0703704 0.0125 0.0240741 0.00442783
0 0.171354 0.106944 0.00833333 0.0361111 0.00461782
9 0.288281 0.0402778 0.00989583 0.0398148 0.00466047
0 0.646354 0.658333 0.0625 0.0592593 0.00497147
9 0.269792 0.0486111 0.0177083 0.0324074 0.00501278
2 0.605469 0.0587963 0.00989583 0.0268519 0.00505073
2 0.00885417 0.405556 0.0177083 0.0925926 0.00570676
0 0.584115 0.658796 0.0421875 0.0564815 0.00624976
0 0.284635 0.0944444 0.0109375 0.0388889 0.00642709
7 0.220052 0.0597222 0.0494792 0.0564815 0.00643411
1 0.00416667 0.405556 0.00833333 0.0925926 0.00658798
0 0.267969 0.0986111 0.0109375 0.0546296 0.00757562
2 0.785677 0.0875 0.0151042 0.0175926 0.00927139
9 0.566146 0.0472222 0.009375 0.0240741 0.0100145
5 0.220573 0.062963 0.0484375 0.0574074 0.0109376
9 0.26875 0.0199074 0.0197917 0.0342593 0.0119822
0 0.622135 0.65463 0.0557292 0.0481481 0.0138053
2 0.295312 0.0712963 0.0177083 0.0166667 0.0154871
0 0.36224 0.0699074 0.00989583 0.0231481 0.0162884
0 0.634896 0.146296 0.009375 0.0537037 0.0170194
2 0.269792 0.10787 0.0125 0.037963 0.017322
0 0.755729 0.0907407 0.015625 0.0796296 0.0192081
2 0.00364583 0.410648 0.00729167 0.0805556 0.02868
2 0.497917 0.105093 0.0322917 0.0546296 0.0390155
2 0.289583 0.11713 0.021875 0.0657407 0.0396174
2 0.461458 0.111574 0.0135417 0.037963 0.0593595
2 0.29401 0.101389 0.0203125 0.0435185 0.18191
2 0.627344 0.119444 0.0244792 0.0518519 0.270305
7 0.396354 0.0972222 0.0416667 0.0685185 0.37402
2 0.322396 0.0847222 0.0354167 0.0342593 0.37919
2 0.396354 0.0976852 0.0416667 0.0675926 0.395905
2 0.473698 0.10787 0.0338542 0.0453704 0.423357
7 0.505469 0.102778 0.0421875 0.062963 0.533704
2 0.432031 0.106019 0.0421875 0.0527778 0.591558
10 0.204167 0.313889 0.015625 0.0703704 0.754822
11 0.728906 0.0407407 0.0265625 0.0518519 0.777695
2 0.317969 0.119907 0.0515625 0.0694444 0.796416
2 0.615104 0.730556 0.191667 0.3 0.871598
2 0.729427 0.418056 0.123438 0.171296 0.91646
