9 0.547917 0.0597222 0.0104167 0.025 0.00100295
9 0.289323 0.0222222 0.0119792 0.0388889 0.00100666
2 0.596354 0.116204 0.0135417 0.0416667 0.0010176
2 0.771875 0.1125 0.0145833 0.0268519 0.00101811
2 0.58099 0.425926 0.646354 0.183333 0.00104451
9 0.558333 0.025 0.0208333 0.0444444 0.00106585
2 0.795313 0.0865741 0.0416667 0.0324074 0.00108284
0 0.728646 0.371759 0.0260417 0.0287037 0.00109415
1 0.009375 0.394444 0.01875 0.122222 0.00109775
9 0.429688 0.0435185 0.00833333 0.0240741 0.00111799
2 0.817448 0.23287 0.00885417 0.0453704 0.00112276
9 0.440885 0.223611 0.0130208 0.0342593 0.00115321
0 0.521354 0.190278 0.501042 0.250926 0.00116261
2 0.533073 0.109722 0.364062 0.0805556 0.00117334
9 0.3625 0.0476852 0.0104167 0.0361111 0.00120751
13 0.96224 0.554167 0.0401042 0.0398148 0.00121323
13 0.98776 0.519907 0.0234375 0.175 0.00122071
9 0.236719 0.0708333 0.0182292 0.0472222 0.00122191
7 0.279427 0.075463 0.0348958 0.143519 0.0012418
2 0.363542 0.0675926 0.0114583 0.0203704 0.00127937
2 0.976042 0.497222 0.04375 0.124074 0.00135269
2 0.418229 0.109259 0.238542 0.0740741 0.00136743
12 0.98776 0.516204 0.0234375 0.169444 0.00139173
7 0.146354 0.0875 0.0666667 0.0731481 0.00149325
0 0.454688 0.409259 0.634375 0.622222 0.00153764
9 0.439844 0.197222 0.0140625 0.0333333 0.00156697
9 0.261979 0.0449074 0.015625 0.0546296 0.00170697
7 0.970573 0.522222 0.0578125 0.196296 0.00173226
1 0.0130208 0.368519 0.0260417 0.0666667 0.00174131
9 0.817187 0.233333 0.00833333 0.0462963 0.00177524
12 0.975781 0.499074 0.0432292 0.127778 0.00193389
1 0.00494792 0.367593 0.00989583 0.0722222 0.0019535
2 0.617448 0.112963 0.0463542 0.0518519 0.00203288
9 0.415625 0.00925926 0.015625 0.0185185 0.00204971
13 0.970573 0.556481 0.0578125 0.109259 0.00210709
7 0.99349 0.518981 0.0119792 0.171296 0.00222944
1 0.222917 0.31713 0.021875 0.0787037 0.00250447
0 0.718229 0.370833 0.0239583 0.0287037 0.00255089
9 0.36224 0.0685185 0.00885417 0.0259259 0.00263116
9 0.5 0.602778 0.0145833 0.0425926 0.00267829
9 0.274219 0.0444444 0.0338542 0.087037 0.00294717
2 0.778906 0.101389 0.0286458 0.0472222 0.00295524
9 0.263021 0.0902778 0.00833333 0.0416667 0.00312599
1 0.23724 0.316667 0.0442708 0.112963 0.00327521
1 0.00442708 0.399537 0.00885417 0.10463 0.00336823
1 0.220833 0.338426 0.015625 0.0601852 0.00353648
1 0.148438 0.347222 0.0333333 0.087037 0.00372258
9 0.502604 0.760648 0.0125 0.0546296 0.00396504
2 0.592708 0.125 0.0166667 0.0259259 0.00407179
0 0.995833 0.326852 0.00729167 0.0555556 0.00420202
2 0.814583 0.075 0.01875 0.0185185 0.0042752
9 0.56901 0.0310185 0.0140625 0.0583333 0.00429998
58 0.968229 0.496296 0.0291667 0.087037 0.00451684
0 0.443229 0.0967593 0.0177083 0.0490741 0.00526104
2 0.238542 0.141667 0.01875 0.0388889 0.00565179
1 0.809635 0.331019 0.0203125 0.087963 0.006351
0 0.75651 0.087037 0.0130208 0.0740741 0.00637751
2 0.26901 0.106481 0.0109375 0.0444444 0.00829236
12 0.99401 0.499537 0.0109375 0.139815 0.00841991
0 0.265625 0.0990741 0.0104167 0.0555556 0.00861466
2 0.470052 0.10787 0.0328125 0.0472222 0.00985464
10 0.442969 0.0888889 0.0130208 0.0314815 0.0109342
5 0.220052 0.0657407 0.0515625 0.0592593 0.0169558
11 0.60599 0.0606481 0.00989583 0.0268519 0.0178836
2 0.785937 0.0884259 0.0135417 0.0231481 0.0194886
2 0.635156 0.144444 0.0109375 0.0518519 0.0216614
9 0.269271 0.024537 0.0208333 0.0453704 0.0223323
0 0.635677 0.147222 0.00989583 0.05 0.0240477
1 0.239323 0.317593 0.0276042 0.0740741 0.0286007
2 0.488021 0.10787 0.0135417 0.0490741 0.033167
7 0.219531 0.0652778 0.0515625 0.062037 0.0357383
9 0.567187 0.0486111 0.00833333 0.0231481 0.0685819
2 0.298177 0.106944 0.0359375 0.0824074 0.108683
2 0.464583 0.112963 0.0145833 0.037037 0.146803
7 0.296615 0.106481 0.0348958 0.0833333 0.178997
2 0.321875 0.0875 0.0385417 0.0324074 0.202781
2 0.479688 0.110185 0.01875 0.0444444 0.305704
2 0.627604 0.121759 0.0260417 0.0509259 0.366551
2 0.505729 0.103704 0.0427083 0.062963 0.556974
1 0.246615 0.333333 0.0223958 0.0925926 0.60699
2 0.31849 0.12037 0.0505208 0.0740741 0.676379
0 0.247135 0.290278 0.0286458 0.126852 0.734183
10 0.204427 0.316204 0.0161458 0.0694444 0.775879
11 0.729167 0.0430556 0.0270833 0.0546296 0.797108
2 0.729688 0.418981 0.122917 0.173148 0.903072
