2 0.595052 0.12037 0.0151042 0.0333333 0.00100432
2 0.759115 0.434259 0.475521 0.196296 0.00101354
0 0.568229 0.177315 0.419792 0.213889 0.00104318
2 0.817448 0.235185 0.00885417 0.0407407 0.00108416
2 0.454167 0.106944 0.046875 0.0472222 0.00109884
9 0.988281 0.519444 0.0223958 0.172222 0.00111504
2 0.363802 0.0703704 0.0109375 0.0222222 0.00112386
12 0.702083 0.156944 0.021875 0.0490741 0.00114431
58 0.917969 0.186574 0.164062 0.371296 0.00115135
7 0.99375 0.518056 0.0114583 0.171296 0.00115437
13 0.985417 0.523611 0.028125 0.186111 0.00115462
9 0.429427 0.050463 0.0078125 0.0287037 0.00116288
7 0.984896 0.525 0.0291667 0.212963 0.00123932
9 0.552344 0.0574074 0.0130208 0.0296296 0.00129649
9 0.56901 0.0856481 0.0078125 0.0361111 0.00132514
2 0.651302 0.139815 0.0671875 0.0814815 0.00133945
9 0.415625 0.00972222 0.015625 0.0194444 0.00135558
13 0.970573 0.535648 0.0578125 0.186111 0.0013674
0 0.425 0.452315 0.686458 0.726852 0.00139921
9 0.235938 0.0680556 0.01875 0.0453704 0.00140179
2 0.241667 0.105556 0.0135417 0.0333333 0.00141845
9 0.260938 0.050463 0.0135417 0.0453704 0.00156058
9 0.767969 0.0171296 0.0130208 0.0324074 0.00156579
9 0.564323 0.0638889 0.00885417 0.0407407 0.00167879
0 0.263281 0.108333 0.00885417 0.0425926 0.00169792
0 0.759115 0.114815 0.0119792 0.0518519 0.00180102
7 0.790104 0.0634259 0.028125 0.0546296 0.00189934
0 0.730729 0.372222 0.0291667 0.0314815 0.00190261
9 0.547656 0.0597222 0.00989583 0.0268519 0.00192648
2 0.442969 0.0884259 0.0140625 0.0287037 0.00200158
2 0.21849 0.130556 0.0609375 0.0648148 0.00203637
0 0.533333 0.278241 0.553125 0.450926 0.00208015
9 0.557552 0.0268519 0.0203125 0.0481481 0.00209884
0 0.75625 0.374537 0.0197917 0.0305556 0.00232942
2 0.551042 0.109259 0.189583 0.0648148 0.00247157
11 0.239844 0.0384259 0.0223958 0.075 0.0026935
0 0.589844 0.601852 0.0526042 0.0537037 0.00271798
11 0.2375 0.0703704 0.0166667 0.0444444 0.00295769
2 0.30026 0.107407 0.0796875 0.0907407 0.00315389
2 0.4 0.108796 0.263542 0.075 0.00319525
2 0.773177 0.1125 0.0161458 0.0287037 0.00322828
9 0.563021 0.0509259 0.01875 0.0259259 0.00370135
7 0.220313 0.0666667 0.05 0.0611111 0.00392353
9 0.577083 0.0337963 0.0135417 0.062037 0.00402604
9 0.582552 0.0416667 0.0109375 0.0462963 0.00427805
2 0.811979 0.0810185 0.021875 0.0287037 0.00455436
0 0.995833 0.325926 0.00729167 0.0555556 0.00474
10 0.443229 0.0893519 0.0135417 0.0305556 0.00485462
9 0.26224 0.0851852 0.0078125 0.0333333 0.0048892
2 0.283073 0.106019 0.0109375 0.0712963 0.00492018
11 0.606771 0.0611111 0.0104167 0.0240741 0.00528342
5 0.213281 0.062037 0.0338542 0.0592593 0.00545447
0 0.442969 0.0986111 0.0182292 0.0509259 0.00581569
9 0.361719 0.0703704 0.00885417 0.0222222 0.00589113
0 0.551042 0.601852 0.0364583 0.0518519 0.00605493
9 0.258594 0.074537 0.0109375 0.0453704 0.00627275
9 0.254687 0.0856481 0.0145833 0.037963 0.00657744
1 0.0125 0.374074 0.025 0.0592593 0.00674345
2 0.780729 0.103704 0.0302083 0.037037 0.00734209
9 0.209115 0.0680556 0.0244792 0.0435185 0.00823102
0 0.716146 0.373148 0.025 0.0277778 0.00834469
9 0.26849 0.0583333 0.0161458 0.0314815 0.00841741
9 0.56875 0.0314815 0.0135417 0.0592593 0.00867623
9 0.994271 0.507407 0.0104167 0.15 0.00968777
2 0.648958 0.149074 0.0385417 0.0574074 0.00969123
2 0.238542 0.140278 0.0197917 0.0435185 0.00996603
2 0.339323 0.0884259 0.0130208 0.0305556 0.0143523
0 0.757031 0.0907407 0.0130208 0.0796296 0.014777
1 0.00885417 0.40463 0.0177083 0.1 0.0196377
2 0.816146 0.075463 0.015625 0.0231481 0.021982
2 0.270312 0.112037 0.0125 0.0351852 0.0224258
9 0.26901 0.0356481 0.0223958 0.0675926 0.0243338
0 0.616667 0.60463 0.0489583 0.0537037 0.0273176
2 0.789323 0.0898148 0.0192708 0.0203704 0.0298768
1 0.00442708 0.409722 0.00885417 0.0861111 0.0335535
2 0.635156 0.147222 0.0109375 0.0537037 0.0364051
2 0.463542 0.111574 0.0166667 0.0416667 0.0466343
0 0.635156 0.148148 0.00989583 0.05 0.0576047
7 0.296615 0.106944 0.0328125 0.0805556 0.0986908
2 0.295573 0.106944 0.0317708 0.0824074 0.114973
9 0.567448 0.0486111 0.00885417 0.025 0.13084
2 0.321875 0.087037 0.0375 0.0351852 0.285765
2 0.627865 0.122685 0.0255208 0.0509259 0.33921
7 0.50651 0.105093 0.0421875 0.0638889 0.410393
2 0.50625 0.10463 0.0427083 0.062963 0.463888
2 0.473437 0.110185 0.034375 0.0444444 0.470653
10 0.204167 0.315741 0.0166667 0.0703704 0.705876
2 0.31849 0.122222 0.0505208 0.0703704 0.732033
11 0.729167 0.0425926 0.0270833 0.0555556 0.775488
2 0.390365 0.218519 0.0765625 0.101852 0.882584
2 0.730208 0.419907 0.122917 0.171296 0.922346
2 0.583073 0.660185 0.183854 0.283333 0.931328
