9 0.469792 0.428241 0.015625 0.0731481 0.00100631
9 0.23776 0.0736111 0.0140625 0.037963 0.00102076
9 0.220573 0.104167 0.0130208 0.0435185 0.0010568
2 0.814062 0.0712963 0.0177083 0.0185185 0.00111522
0 0.00520833 0.357407 0.0104167 0.0981481 0.00114835
2 0.77474 0.119444 0.0192708 0.0388889 0.00129861
2 0.46901 0.0236111 0.0244792 0.0194444 0.00136784
9 0.547917 0.050463 0.0104167 0.0268519 0.00137925
0 0.263281 0.10463 0.00885417 0.0481481 0.00139113
9 0.28151 0.0898148 0.0078125 0.0240741 0.00140963
2 0.747396 0.156019 0.01875 0.0157407 0.00142146
58 0.969531 0.490741 0.0328125 0.101852 0.00143169
2 0.799219 0.0824074 0.0473958 0.0407407 0.00146584
2 0.403646 0.125 0.0333333 0.0259259 0.00149327
7 0.211198 0.0648148 0.0307292 0.0518519 0.00150506
11 0.2375 0.0694444 0.0166667 0.0444444 0.00152033
9 0.253125 0.0856481 0.0135417 0.0342593 0.00152618
2 0.79401 0.103704 0.0588542 0.0851852 0.00155915
9 0.260938 0.0398148 0.0135417 0.062963 0.00159653
9 0.989062 0.506481 0.0208333 0.15 0.00160573
9 0.258854 0.0726852 0.0114583 0.0490741 0.0016304
2 0.55 0.113889 0.352083 0.0833333 0.00164901
2 0.0309896 0.0268519 0.0265625 0.0407407 0.00169066
9 0.5625 0.0490741 0.0197917 0.0277778 0.00173736
2 0.807031 0.0759259 0.0307292 0.0277778 0.0018126
9 0.361458 0.0638889 0.0114583 0.0259259 0.00186816
2 0.426302 0.110185 0.306771 0.0888889 0.00201944
7 0.22526 0.0537037 0.0598958 0.087037 0.00206279
0 0.3625 0.0657407 0.0104167 0.0314815 0.0021114
2 0.647656 0.148611 0.0348958 0.0546296 0.00224376
2 0.791146 0.0847222 0.0177083 0.0268519 0.00230545
12 0.702344 0.140278 0.0234375 0.0824074 0.00232401
9 0.293229 0.0518519 0.00833333 0.0462963 0.00240278
2 0.785156 0.0912037 0.0140625 0.0194444 0.002445
9 0.558073 0.0296296 0.0265625 0.0574074 0.00254739
2 0.41875 0.125463 0.0166667 0.0305556 0.00257027
2 0.467187 0.111574 0.1125 0.0731481 0.00273722
2 0.0520833 0.0291667 0.028125 0.0416667 0.00277958
1 0.009375 0.390278 0.01875 0.126852 0.00280809
7 0.291927 0.107407 0.0213542 0.0796296 0.00296664
13 0.0122396 0.365278 0.0244792 0.0472222 0.0030842
0 0.73125 0.372222 0.0302083 0.0296296 0.00351538
0 0.757552 0.375926 0.0182292 0.0277778 0.00369526
9 0.454427 0.313889 0.0078125 0.0148148 0.00373727
9 0.470313 0.412037 0.0104167 0.0314815 0.00398533
2 0.26849 0.110648 0.00885417 0.0342593 0.00410512
2 0.238281 0.141667 0.0182292 0.0407407 0.00414859
0 0.00416667 0.393519 0.00833333 0.114815 0.00441742
0 0.75651 0.0916667 0.0130208 0.0796296 0.00444172
9 0.994792 0.494907 0.009375 0.128704 0.00478016
9 0.265625 0.0958333 0.0104167 0.0472222 0.00494062
13 0.00390625 0.406019 0.0078125 0.0898148 0.00519902
0 0.709635 0.373611 0.0192708 0.025 0.00611494
2 0.442969 0.0898148 0.0151042 0.0296296 0.00637252
13 0.0135417 0.390278 0.0270833 0.123148 0.0068129
12 0.994792 0.49213 0.009375 0.126852 0.00725615
12 0.973437 0.493981 0.0385417 0.113889 0.00738709
1 0.00416667 0.407407 0.00833333 0.087037 0.00758434
9 0.222656 0.0578704 0.0151042 0.0416667 0.00763077
2 0.292188 0.0712963 0.009375 0.0166667 0.00780925
0 0.716667 0.372222 0.021875 0.0259259 0.00811739
9 0.208073 0.0652778 0.0203125 0.0472222 0.00861824
9 0.567187 0.0314815 0.015625 0.0592593 0.00971196
2 0.592969 0.127778 0.0182292 0.0240741 0.0115622
11 0.240625 0.0333333 0.021875 0.0648148 0.0118696
2 0.291406 0.115741 0.0244792 0.062963 0.0144938
11 0.60599 0.0601852 0.00989583 0.0240741 0.0154788
2 0.634896 0.14537 0.0114583 0.0481481 0.016248
9 0.500521 0.602778 0.0145833 0.0388889 0.0169625
0 0.635156 0.148148 0.00989583 0.0481481 0.0178594
9 0.269792 0.0351852 0.021875 0.0648148 0.0184121
9 0.221094 0.0865741 0.0109375 0.0157407 0.0203888
9 0.44349 0.0884259 0.0130208 0.0268519 0.0219626
2 0.448177 0.115741 0.0307292 0.0277778 0.0299164
0 0.183333 0.730556 0.166667 0.485185 0.0381572
9 0.566927 0.0481481 0.00885417 0.0240741 0.042472
9 0.503125 0.760648 0.0125 0.0564815 0.0514848
2 0.463802 0.110648 0.0161458 0.0435185 0.0891326
2 0.627604 0.121296 0.025 0.05 0.279308
2 0.322917 0.0861111 0.0375 0.0351852 0.374773
2 0.477344 0.108796 0.0296875 0.0453704 0.391491
7 0.50651 0.103704 0.0432292 0.062963 0.418469
2 0.50625 0.104167 0.0427083 0.062037 0.461274
2 0.31875 0.121759 0.05 0.0694444 0.669548
11 0.729948 0.0435185 0.0265625 0.0574074 0.767006
10 0.204427 0.315741 0.0161458 0.0703704 0.795121
2 0.391927 0.15463 0.0567708 0.0814815 0.864526
2 0.730208 0.418519 0.121875 0.174074 0.912112
