2 0.240365 0.105556 0.0161458 0.037037 0.00106436
2 0.44401 0.106019 0.0338542 0.0490741 0.00106908
9 0.547656 0.0597222 0.00989583 0.0231481 0.00110325
9 0.767969 0.0166667 0.0130208 0.0314815 0.00118541
1 0.0046875 0.462963 0.009375 0.214815 0.0012247
2 0.0578125 0.0273148 0.0177083 0.0435185 0.00127754
2 0.771875 0.114352 0.0135417 0.0268519 0.00130218
9 0.260417 0.0476852 0.0125 0.0490741 0.00136877
11 0.240365 0.0356481 0.0213542 0.0675926 0.00137529
2 0.363542 0.0694444 0.0114583 0.0222222 0.00143824
58 0.96849 0.494907 0.0296875 0.0861111 0.00153657
0 0.26224 0.105093 0.00989583 0.0546296 0.00154693
9 0.263021 0.0861111 0.00833333 0.0314815 0.00162048
9 0.582031 0.0347222 0.0130208 0.0564815 0.00169178
2 0.56849 0.109722 0.233854 0.0675926 0.00169339
14 0.482552 0.491204 0.0140625 0.0287037 0.00171306
9 0.257812 0.0703704 0.0104167 0.0425926 0.0017178
2 0.99401 0.519444 0.0109375 0.168519 0.00172521
2 0.648177 0.148148 0.0369792 0.0574074 0.00173775
9 0.252604 0.0851852 0.0135417 0.0333333 0.00177456
2 0.78099 0.103704 0.0317708 0.0518519 0.00200929
9 0.107031 0.0296296 0.00989583 0.0444444 0.00219888
11 0.23776 0.0680556 0.0161458 0.0435185 0.00222516
13 0.96276 0.555093 0.0390625 0.0416667 0.00230934
0 0.715625 0.372685 0.025 0.0268519 0.00256717
2 0.361719 0.111574 0.145313 0.0694444 0.00260171
2 0.799219 0.0819444 0.0432292 0.0324074 0.00265411
9 0.178125 0.509722 0.0354167 0.0398148 0.00273848
2 0.0518229 0.0657407 0.0505208 0.0314815 0.00300379
13 0.971354 0.523148 0.05625 0.183333 0.00311771
0 0.995833 0.331944 0.00729167 0.0527778 0.0032033
2 0.238802 0.140278 0.0203125 0.0453704 0.00371326
9 0.267708 0.100463 0.0104167 0.0546296 0.00373886
1 0.0117188 0.365741 0.0234375 0.0462963 0.00383609
2 0.48151 0.109722 0.0546875 0.0546296 0.00461383
9 0.570833 0.0314815 0.0125 0.0592593 0.00468628
9 0.993229 0.510185 0.0125 0.157407 0.00470058
12 0.99401 0.503241 0.0109375 0.14537 0.0051263
2 0.813802 0.075 0.0192708 0.0203704 0.00533151
10 0.197135 0.3125 0.0307292 0.0824074 0.00581515
2 0.442708 0.0888889 0.0135417 0.0296296 0.00692968
2 0.271354 0.107407 0.0135417 0.0425926 0.00736978
5 0.220833 0.0680556 0.0510417 0.0601852 0.00795395
2 0.0354167 0.0643518 0.0197917 0.0212963 0.00846442
0 0.757812 0.0717593 0.0104167 0.0453704 0.00898804
9 0.210417 0.0666667 0.0260417 0.0462963 0.00924721
9 0.502604 0.760185 0.0114583 0.0537037 0.0113609
9 0.113542 0.025 0.0145833 0.0388889 0.011507
7 0.220313 0.062037 0.0510417 0.0722222 0.0121264
0 0.442708 0.0967593 0.0166667 0.0472222 0.0123561
2 0.785937 0.0907407 0.0135417 0.0222222 0.0156099
1 0.0130208 0.396759 0.0260417 0.113889 0.0175204
9 0.36276 0.0699074 0.00885417 0.0212963 0.0196186
2 0.592969 0.127315 0.0161458 0.0212963 0.0214347
9 0.269531 0.0375 0.0213542 0.0657407 0.0215313
11 0.60599 0.0606481 0.00989583 0.025 0.0216965
0 0.635677 0.148148 0.00989583 0.05 0.0221602
2 0.635417 0.147222 0.0114583 0.0537037 0.0243101
9 0.443229 0.087963 0.0125 0.0277778 0.0347342
1 0.00442708 0.406481 0.00885417 0.0925926 0.0371323
9 0.567708 0.0486111 0.00833333 0.0231481 0.0513872
2 0.299479 0.106481 0.0333333 0.0814815 0.0901148
7 0.298698 0.104167 0.0338542 0.0787037 0.117289
2 0.4625 0.112037 0.0135417 0.0407407 0.140594
2 0.627865 0.121759 0.0255208 0.0509259 0.210038
2 0.322396 0.0865741 0.0375 0.0324074 0.260364
2 0.479688 0.109722 0.025 0.0453704 0.304606
2 0.507031 0.104167 0.0411458 0.062037 0.424215
7 0.506771 0.10463 0.0416667 0.062963 0.448892
2 0.31875 0.121296 0.05 0.0722222 0.686537
2 0.393229 0.107407 0.0302083 0.0425926 0.753294
10 0.204167 0.316204 0.015625 0.0712963 0.788155
11 0.729427 0.0435185 0.0265625 0.0555556 0.794758
2 0.729948 0.419444 0.122396 0.17037 0.902298
