0 0.757292 0.375463 0.01875 0.0305556 0.00108076
2 0.615104 0.424074 0.645833 0.183333 0.00108475
2 0.640104 0.151852 0.01875 0.062963 0.00110959
9 0.271875 0.0384259 0.0291667 0.0731481 0.00114335
9 0.5625 0.05 0.01875 0.0259259 0.0011615
12 0.690625 0.165741 0.0114583 0.0388889 0.00116554
2 0.0114583 0.402778 0.0229167 0.125926 0.00120107
12 0.702604 0.164815 0.0208333 0.0388889 0.00120256
9 0.589583 0.0439815 0.0135417 0.0361111 0.00120295
13 0.00520833 0.471296 0.0104167 0.22037 0.00120417
9 0.547396 0.0606481 0.009375 0.0231481 0.00121075
9 0.261198 0.0527778 0.0140625 0.0388889 0.00125313
2 0.588542 0.124537 0.0135417 0.0287037 0.00126352
9 0.569271 0.0328704 0.0135417 0.0583333 0.00128408
58 0.969271 0.496759 0.03125 0.087963 0.00129762
9 0.579687 0.0342593 0.0145833 0.0537037 0.00134924
12 0.988281 0.516667 0.0223958 0.174074 0.00136993
11 0.240365 0.0328704 0.0223958 0.062037 0.00140059
2 0.239323 0.110648 0.0171875 0.0416667 0.00149607
58 0.919792 0.182407 0.160417 0.362963 0.00158638
2 0.815104 0.0833333 0.015625 0.0277778 0.00167801
12 0.69375 0.163889 0.00729167 0.0388889 0.00168987
9 0.115104 0.0240741 0.0145833 0.0425926 0.00171843
0 0.730469 0.372685 0.0296875 0.0305556 0.0017365
9 0.584115 0.0416667 0.0130208 0.0444444 0.00185713
0 0.26276 0.105093 0.00989583 0.0490741 0.00190877
1 0.0046875 0.468519 0.009375 0.22037 0.00212253
9 0.109115 0.0291667 0.0119792 0.037963 0.00220276
9 0.2375 0.0671296 0.0166667 0.0398148 0.00264398
2 0.302083 0.100926 0.078125 0.101852 0.00299253
2 0.561458 0.109259 0.260417 0.0666667 0.00308
9 0.26276 0.087963 0.0078125 0.037037 0.00339775
2 0.397656 0.10787 0.245312 0.0805556 0.00348633
2 0.339844 0.0884259 0.0119792 0.0268519 0.00366105
7 0.31224 0.0537037 0.0359375 0.0425926 0.00371786
2 0.796615 0.0851852 0.0348958 0.0277778 0.00372347
9 0.257031 0.0763889 0.0119792 0.0490741 0.00434024
9 0.500781 0.60463 0.0151042 0.0425926 0.00444651
2 0.773698 0.1125 0.0171875 0.0268519 0.00463106
7 0.970052 0.519907 0.0588542 0.187963 0.0049045
9 0.363021 0.0699074 0.009375 0.0231481 0.00490548
2 0.363802 0.0685185 0.0109375 0.0203704 0.00536129
0 0.995833 0.324074 0.00729167 0.0537037 0.00556528
9 0.253125 0.087037 0.0135417 0.037037 0.00575486
2 0.442187 0.0921296 0.015625 0.0361111 0.00585554
0 0.442448 0.0990741 0.0171875 0.05 0.00593244
7 0.992969 0.518519 0.0130208 0.166667 0.00604866
9 0.269271 0.024537 0.0208333 0.0435185 0.0060906
9 0.441927 0.087963 0.0140625 0.0277778 0.00618338
2 0.59375 0.125 0.015625 0.0259259 0.00639831
9 0.267708 0.0564815 0.015625 0.0314815 0.00704839
2 0.269271 0.0513889 0.0197917 0.0361111 0.00733308
0 0.715104 0.372685 0.0239583 0.0287037 0.00739499
2 0.779948 0.102315 0.0296875 0.0416667 0.00761716
2 0.472135 0.108333 0.0630208 0.0592593 0.0083395
9 0.993229 0.512963 0.0125 0.162963 0.0110859
11 0.60625 0.0606481 0.009375 0.025 0.0121344
2 0.238802 0.140741 0.0192708 0.0425926 0.0131829
9 0.210417 0.0662037 0.0291667 0.0490741 0.0132122
1 0.0234375 0.180556 0.046875 0.0722222 0.0134437
2 0.814062 0.0759259 0.01875 0.0166667 0.0141984
1 0.00390625 0.411111 0.0078125 0.0907407 0.0145107
5 0.21901 0.0648148 0.0463542 0.0555556 0.0146724
9 0.502604 0.761111 0.0125 0.0518519 0.0151001
2 0.295052 0.0634259 0.00989583 0.0287037 0.0152602
7 0.220052 0.0657407 0.0505208 0.0666667 0.0169996
2 0.271615 0.108796 0.0140625 0.0416667 0.0194584
1 0.00859375 0.394444 0.0171875 0.124074 0.0205406
9 0.567187 0.0490741 0.00833333 0.0240741 0.0215698
2 0.00442708 0.410648 0.00885417 0.0990741 0.0225037
0 0.757552 0.0875 0.0130208 0.0657407 0.0287509
2 0.635417 0.147685 0.0114583 0.0546296 0.0289909
0 0.635677 0.148148 0.00989583 0.05 0.0331429
2 0.785937 0.0907407 0.015625 0.0222222 0.0526596
7 0.299219 0.106481 0.0380208 0.0814815 0.0613241
7 0.310677 0.0712963 0.0421875 0.0685185 0.0774139
2 0.29375 0.109259 0.028125 0.0759259 0.0888084
2 0.46276 0.112963 0.0151042 0.0388889 0.111631
2 0.31276 0.0564815 0.0359375 0.037037 0.294162
7 0.50651 0.10463 0.0421875 0.062963 0.344467
2 0.473698 0.109722 0.0348958 0.0453704 0.356677
2 0.50651 0.104167 0.0421875 0.0638889 0.490986
2 0.627604 0.122222 0.0260417 0.0518519 0.51658
2 0.31875 0.12037 0.0510417 0.0722222 0.721707
10 0.203906 0.315741 0.0161458 0.0703704 0.736349
11 0.729167 0.0425926 0.0260417 0.0555556 0.805056
2 0.400521 0.1125 0.0479167 0.0638889 0.824833
2 0.729948 0.418981 0.122396 0.173148 0.917481
