12 0.98724 0.515278 0.0244792 0.167593 0.00101951
9 0.56224 0.05 0.0182292 0.0277778 0.00105751
0 0.263021 0.1 0.009375 0.0592593 0.0010698
9 0.990625 0.511574 0.0177083 0.171296 0.0010769
13 0.985937 0.520833 0.0270833 0.180556 0.00108502
2 0.299219 0.134722 0.0213542 0.0490741 0.00109222
1 0.0117188 0.369907 0.0234375 0.0601852 0.00120024
12 0.701563 0.164815 0.01875 0.0388889 0.00121464
7 0.220833 0.062963 0.0510417 0.0833333 0.0012462
2 0.21875 0.137037 0.059375 0.05 0.00126655
12 0.692187 0.162037 0.00833333 0.0444444 0.00131667
13 0.970573 0.531944 0.0578125 0.189815 0.00135023
2 0.782812 0.114352 0.0364583 0.0638889 0.00145553
2 0.294271 0.10787 0.0864583 0.0898148 0.00147015
2 0.560417 0.423611 0.576042 0.175 0.00151279
13 0.0132813 0.394444 0.0265625 0.112963 0.00153718
0 0.744792 0.140278 0.0114583 0.0416667 0.00156169
12 0.701563 0.141667 0.0229167 0.0833333 0.00156237
32 0.454167 0.314352 0.00729167 0.0138889 0.00156544
0 0.716927 0.372222 0.0244792 0.0259259 0.00156696
0 0.707812 0.372685 0.0197917 0.0268519 0.00157475
9 0.429688 0.0425926 0.00833333 0.0259259 0.00158511
9 0.236458 0.0680556 0.0177083 0.0472222 0.00163038
9 0.190625 0.0865741 0.009375 0.0194444 0.00165646
9 0.502865 0.758796 0.0151042 0.0583333 0.00166528
13 0.00390625 0.400926 0.0078125 0.101852 0.00175565
9 0.259896 0.075463 0.0135417 0.0509259 0.00178296
7 0.971875 0.523611 0.0552083 0.20463 0.00178457
1 0.0046875 0.37037 0.009375 0.0648148 0.00185266
9 0.415365 0.0087963 0.0151042 0.0175926 0.00192536
9 0.253906 0.0851852 0.0161458 0.037037 0.00195928
2 0.543229 0.111574 0.288542 0.0731481 0.00197687
9 0.272396 0.0407407 0.0291667 0.0777778 0.0019884
9 0.758073 0.0717593 0.00989583 0.0416667 0.00207184
2 0.44349 0.103241 0.0192708 0.0472222 0.00211347
9 0.579427 0.0337963 0.0151042 0.0638889 0.00221214
2 0.306771 0.0828704 0.0291667 0.0361111 0.00225777
2 0.77526 0.122685 0.0192708 0.0435185 0.00251366
0 0.846094 0.211574 0.0078125 0.0805556 0.00261813
9 0.266406 0.0949074 0.00989583 0.0509259 0.00269152
2 0.40599 0.113426 0.258854 0.075 0.00282343
9 0.218229 0.103704 0.009375 0.0388889 0.00291825
2 0.65026 0.149537 0.0390625 0.0564815 0.00292311
0 0.816927 0.237037 0.00885417 0.037037 0.00302772
12 0.976042 0.496759 0.0427083 0.125 0.00318684
9 0.18776 0.0851852 0.00677083 0.0259259 0.00332018
9 0.293229 0.0564815 0.009375 0.0407407 0.00356377
2 0.271094 0.109722 0.0130208 0.037963 0.00407028
9 0.291406 0.0703704 0.0119792 0.0166667 0.00509237
9 0.26276 0.0851852 0.0078125 0.0351852 0.00616391
9 0.269792 0.0509259 0.01875 0.0351852 0.00627682
7 0.321094 0.0847222 0.0401042 0.037963 0.00660559
9 0.458333 0.0648148 0.00729167 0.0296296 0.00669034
9 0.573698 0.0314815 0.0151042 0.0611111 0.00691681
2 0.592448 0.125926 0.0171875 0.0222222 0.00732084
2 0.363542 0.0675926 0.0125 0.0240741 0.00747965
2 0.442708 0.087037 0.0135417 0.0259259 0.00810418
12 0.994792 0.491667 0.009375 0.133333 0.00823307
2 0.60599 0.0597222 0.00989583 0.025 0.00877272
2 0.53151 0.1125 0.0140625 0.0416667 0.00907908
2 0.786458 0.0888889 0.015625 0.0240741 0.0114236
2 0.238542 0.141667 0.01875 0.0407407 0.012242
9 0.215885 0.0546296 0.0265625 0.0481481 0.0129493
9 0.207552 0.0662037 0.0192708 0.0453704 0.0159474
9 0.269531 0.025463 0.0203125 0.0435185 0.0169604
11 0.23724 0.0671296 0.0161458 0.0398148 0.0205836
9 0.443229 0.087037 0.0125 0.0259259 0.0206458
0 0.635417 0.149537 0.009375 0.0490741 0.0225704
9 0.21901 0.0898148 0.0078125 0.012963 0.0260075
2 0.635417 0.146296 0.0104167 0.05 0.0314728
2 0.291146 0.112963 0.025 0.0703704 0.0342629
9 0.566927 0.0481481 0.0078125 0.0240741 0.0406481
2 0.491927 0.106481 0.0192708 0.0518519 0.0428939
2 0.461458 0.114352 0.0125 0.0342593 0.0480349
7 0.297656 0.106019 0.0348958 0.0768519 0.0826367
2 0.321354 0.0865741 0.0375 0.0342593 0.192072
2 0.467969 0.1125 0.0234375 0.037963 0.221122
2 0.479688 0.109722 0.0229167 0.0435185 0.237047
2 0.627344 0.122222 0.0255208 0.0518519 0.243643
2 0.505469 0.103241 0.0432292 0.062037 0.53758
2 0.317969 0.122685 0.0505208 0.0694444 0.606454
11 0.729427 0.0430556 0.0265625 0.0583333 0.724287
2 0.358333 0.109722 0.0333333 0.0453704 0.785295
10 0.203906 0.315741 0.0161458 0.0722222 0.790506
2 0.492448 0.177315 0.0651042 0.0898148 0.810221
2 0.729948 0.419907 0.122396 0.171296 0.88221
