2 0.204427 0.104167 0.0307292 0.0435185 0.00105696
0 0.816927 0.233333 0.00885417 0.0388889 0.00106898
2 0.573698 0.125463 0.0546875 0.0324074 0.00109028
9 0.547917 0.0523148 0.0104167 0.0231481 0.00109111
12 0.692448 0.165278 0.0078125 0.0398148 0.00114614
11 0.702083 0.120833 0.0197917 0.0416667 0.00117008
2 0.263542 0.099537 0.009375 0.0583333 0.00117054
9 0.567969 0.0324074 0.0130208 0.0537037 0.00124057
0 0.75651 0.373148 0.0234375 0.0351852 0.00125237
2 0.255208 0.087037 0.0208333 0.0388889 0.00126319
0 0.351562 0.949074 0.0645833 0.0981481 0.00129538
13 0.99375 0.518056 0.0114583 0.171296 0.00129591
2 0.276823 0.111574 0.0276042 0.062037 0.00131284
32 0.460417 0.355556 0.0104167 0.0148148 0.00134563
2 0.286198 0.0787037 0.0234375 0.037037 0.00141279
0 0.263021 0.0939815 0.00833333 0.0509259 0.00148084
9 0.584375 0.0467593 0.0125 0.0324074 0.00160741
2 0.779688 0.0990741 0.0302083 0.0444444 0.00162643
2 0.00598958 0.0921296 0.0119792 0.0435185 0.00166817
0 0.73151 0.372222 0.0255208 0.0296296 0.00168693
5 0.234115 0.0685185 0.0223958 0.0481481 0.00179738
7 0.270312 0.0393519 0.0260417 0.0768519 0.00182907
7 0.992969 0.517593 0.0130208 0.17037 0.00184188
7 0.275781 0.0717593 0.0390625 0.139815 0.00190702
2 0.21875 0.0851852 0.0541667 0.0814815 0.00191528
11 0.240104 0.0342593 0.021875 0.0648148 0.00193446
0 0.757292 0.0722222 0.0114583 0.0388889 0.00197792
2 0.363542 0.0662037 0.0114583 0.0194444 0.00198873
0 0.523438 0.358333 0.0291667 0.0203704 0.00209153
11 0.236979 0.0694444 0.0166667 0.0462963 0.00214257
2 0.402083 0.110185 0.270833 0.0777778 0.00214981
2 0.238542 0.141204 0.01875 0.0416667 0.00215034
9 0.292448 0.0523148 0.00885417 0.0435185 0.00246354
2 0.570833 0.10787 0.24375 0.0694444 0.00252976
58 0.968229 0.496296 0.0302083 0.087037 0.0026605
13 0.970573 0.524537 0.0578125 0.186111 0.00283259
9 0.99401 0.517593 0.0109375 0.172222 0.00318038
2 0.635417 0.43287 0.334375 0.215741 0.00328788
2 0.60651 0.0592593 0.00989583 0.0259259 0.00364887
32 0.454427 0.314352 0.0078125 0.0138889 0.00372562
9 0.502344 0.760185 0.0130208 0.0555556 0.00378022
7 0.790365 0.0643518 0.0286458 0.062037 0.00391339
9 0.26875 0.0319444 0.0229167 0.0601852 0.00409601
0 0.532552 0.355556 0.0317708 0.0222222 0.004242
0 0.714844 0.371296 0.0244792 0.0277778 0.00426332
12 0.993229 0.505556 0.0125 0.15 0.004338
2 0.269792 0.050463 0.0197917 0.0342593 0.00469029
1 0.00416667 0.405556 0.00833333 0.0907407 0.00498828
1 0.0122396 0.363889 0.0244792 0.0555556 0.00520942
2 0.476042 0.108333 0.065625 0.0592593 0.00524232
2 0.291406 0.0712963 0.0119792 0.0148148 0.00554788
7 0.970573 0.527315 0.0578125 0.199074 0.00561125
9 0.213021 0.0597222 0.0333333 0.0583333 0.00631647
1 0.0104167 0.394444 0.0208333 0.111111 0.00644988
2 0.592448 0.125926 0.0161458 0.0222222 0.007236
2 0.270312 0.107407 0.0135417 0.0425926 0.00872601
9 0.442187 0.0861111 0.0135417 0.0259259 0.00874204
9 0.5 0.600926 0.015625 0.0425926 0.00957156
2 0.442187 0.0851852 0.0135417 0.0259259 0.00983739
5 0.220573 0.0634259 0.0494792 0.062037 0.00988189
9 0.220052 0.0888889 0.00885417 0.0166667 0.0100688
0 0.285677 0.115741 0.0140625 0.0666667 0.0103416
7 0.21901 0.0643518 0.0494792 0.0712963 0.0135176
0 0.634896 0.148611 0.009375 0.0509259 0.018109
2 0.634635 0.144907 0.0109375 0.0527778 0.0218091
7 0.297396 0.106481 0.0375 0.0814815 0.0253585
2 0.786458 0.0884259 0.0166667 0.025 0.0258227
2 0.290885 0.11713 0.0223958 0.0657407 0.0308133
9 0.567187 0.0476852 0.009375 0.0212963 0.0469778
2 0.48724 0.107407 0.0140625 0.05 0.0508535
2 0.4625 0.111111 0.0135417 0.0407407 0.161772
2 0.321875 0.0856481 0.0375 0.0342593 0.313203
2 0.470573 0.108796 0.0286458 0.0435185 0.319113
2 0.505729 0.103704 0.0427083 0.062963 0.511629
2 0.627344 0.121759 0.0255208 0.0490741 0.548873
10 0.204167 0.315741 0.0166667 0.0722222 0.626312
2 0.318229 0.121759 0.0510417 0.0694444 0.750024
11 0.728906 0.0425926 0.0276042 0.0555556 0.777286
2 0.729427 0.419444 0.122396 0.17037 0.900917
7 0.549479 0.434259 0.154167 0.233333 0.902924
