0 0.422135 0.671296 0.0161458 0.0537037 0.00103566
2 0.639583 0.150926 0.0166667 0.062963 0.00103667
58 0.967708 0.509259 0.0510417 0.131481 0.00105943
3 0.461458 0.116667 0.0125 0.0351852 0.00106508
9 0.580469 0.0337963 0.0140625 0.0564815 0.00112482
24 0.144792 0.350926 0.0145833 0.0277778 0.00115221
12 0.976302 0.497685 0.0453125 0.132407 0.00120444
0 0.1875 0.108333 0.00833333 0.05 0.00121193
12 0.701823 0.164815 0.0192708 0.0388889 0.00122161
0 0.317708 0.6875 0.0364583 0.062037 0.00125685
7 0.450521 0.0625 0.0427083 0.0416667 0.00125898
13 0.96224 0.553704 0.0401042 0.0388889 0.00133714
7 0.295312 0.105093 0.0885417 0.100926 0.00134724
0 0.310937 0.648611 0.588542 0.665741 0.00135373
0 0.730469 0.372685 0.0276042 0.0305556 0.001381
1 0.0239583 0.397222 0.0479167 0.109259 0.00144651
2 0.217708 0.132407 0.0604167 0.0611111 0.00146233
11 0.240104 0.0393519 0.0208333 0.0768519 0.0015063
0 0.816927 0.234259 0.00885417 0.0388889 0.00185847
0 0.36224 0.0694444 0.00885417 0.0240741 0.00187496
9 0.502083 0.759722 0.0125 0.0564815 0.00188536
2 0.266406 0.104167 0.0130208 0.0509259 0.00190775
1 0.188542 0.34213 0.0145833 0.0212963 0.00192457
2 0.363802 0.0671296 0.0109375 0.0194444 0.00194075
58 0.920313 0.182407 0.159375 0.361111 0.00208422
7 0.275781 0.0601852 0.0390625 0.116667 0.00209849
9 0.263802 0.0884259 0.00885417 0.0398148 0.00220996
7 0.788021 0.062963 0.0239583 0.0611111 0.00229503
1 0.0997396 0.4 0.175521 0.109259 0.00241888
32 0.453906 0.314352 0.00885417 0.0157407 0.00258211
0 0.330729 0.431481 0.51875 0.225926 0.00258345
0 0.417448 0.2375 0.466146 0.352778 0.00260089
0 0.346615 0.685648 0.0411458 0.0638889 0.00276045
2 0.675521 0.41713 0.263542 0.197222 0.0027906
9 0.289844 0.0703704 0.0130208 0.0166667 0.00285215
0 0.888802 0.253704 0.0151042 0.0388889 0.0029053
9 0.291667 0.0546296 0.0104167 0.0444444 0.00302041
2 0.538281 0.110185 0.229687 0.0703704 0.00330322
2 0.37526 0.108333 0.181771 0.0796296 0.00343536
13 0.99401 0.519444 0.0109375 0.174074 0.00347813
11 0.23724 0.0689815 0.0171875 0.0453704 0.00367912
58 0.96849 0.494444 0.0296875 0.0888889 0.00392866
7 0.970573 0.526852 0.0578125 0.2 0.00400504
1 0.0195312 0.371296 0.0390625 0.0592593 0.0040185
13 0.970312 0.525463 0.0583333 0.197222 0.00413106
0 0.568229 0.273148 0.028125 0.0888889 0.0042366
0 0.716927 0.372685 0.0234375 0.0268519 0.00430993
9 0.21224 0.062963 0.0338542 0.0592593 0.00437182
0 0.709375 0.375 0.0177083 0.0259259 0.00453776
13 0.970312 0.571296 0.0583333 0.0888889 0.00456778
9 0.573698 0.0310185 0.0161458 0.0601852 0.00463339
1 0.1875 0.349537 0.0208333 0.0287037 0.00492347
9 0.992969 0.491667 0.0130208 0.122222 0.00510333
0 0.269531 0.1 0.0140625 0.0555556 0.00571129
12 0.994271 0.494444 0.0104167 0.133333 0.00645352
2 0.46849 0.108333 0.0640625 0.0555556 0.00678398
13 0.986198 0.521759 0.0265625 0.186111 0.00689641
2 0.591927 0.125 0.0182292 0.0259259 0.00719524
7 0.219792 0.0685185 0.0520833 0.0648148 0.00767826
2 0.788802 0.0875 0.0192708 0.0268519 0.00779681
2 0.238281 0.141204 0.0182292 0.0416667 0.00876224
5 0.220573 0.0666667 0.0505208 0.0574074 0.00885605
0 0.286458 0.11713 0.015625 0.0657407 0.0105657
1 0.0109375 0.359722 0.021875 0.0731481 0.013158
0 0.279167 0.692593 0.0322917 0.0666667 0.0144571
2 0.288281 0.110185 0.0182292 0.0740741 0.0146963
2 0.60625 0.0597222 0.0104167 0.0268519 0.021749
0 0.377083 0.691204 0.0479167 0.0657407 0.0221184
3 0.00572917 0.40787 0.0114583 0.0861111 0.0274324
0 0.75651 0.0893519 0.0130208 0.0805556 0.0287555
7 0.298958 0.105556 0.040625 0.0796296 0.0303273
9 0.26849 0.0351852 0.0223958 0.0666667 0.0322147
2 0.271875 0.110648 0.0166667 0.037963 0.0324959
3 0.0122396 0.4 0.0244792 0.103704 0.033279
9 0.566927 0.0476852 0.0078125 0.0231481 0.034328
2 0.488542 0.106019 0.0166667 0.0527778 0.0395941
0 0.471615 0.0902778 0.0130208 0.037963 0.0432377
0 0.635417 0.149537 0.009375 0.0546296 0.0610467
2 0.3 0.10463 0.0375 0.0740741 0.062791
0 0.442969 0.0875 0.0109375 0.0342593 0.0980271
2 0.46224 0.114352 0.0130208 0.0324074 0.130806
1 0.0109375 0.397685 0.021875 0.10463 0.1905
2 0.480729 0.109259 0.0208333 0.0444444 0.192931
2 0.461979 0.0712963 0.0302083 0.0277778 0.200469
2 0.321354 0.0856481 0.0375 0.0342593 0.23337
2 0.440104 0.0666667 0.0239583 0.0333333 0.258357
1 0.561979 0.356019 0.0291667 0.0824074 0.404662
2 0.50599 0.103241 0.0421875 0.0638889 0.423752
7 0.50625 0.103704 0.0427083 0.0648148 0.445903
2 0.627344 0.123148 0.0255208 0.0537037 0.447621
1 0.161458 0.408796 0.0364583 0.0972222 0.502268
2 0.422656 0.105556 0.0369792 0.0518519 0.675945
2 0.318229 0.120833 0.0510417 0.0712963 0.688581
0 0.164323 0.372222 0.0369792 0.122222 0.697404
10 0.204167 0.315278 0.015625 0.0694444 0.700364
2 0.334635 0.785648 0.233854 0.376852 0.73951
11 0.728646 0.0421296 0.0270833 0.0546296 0.753979
0 0.56224 0.301852 0.0359375 0.148148 0.779806
2 0.729688 0.419907 0.122917 0.169444 0.911458
