1 0.06875 0.394907 0.0197917 0.0583333 0.00106961
0 0.420833 0.183333 0.328125 0.27037 0.001075
0 0.216406 0.929167 0.0203125 0.134259 0.00108355
2 0.276563 0.1125 0.0270833 0.0601852 0.00110193
2 0.289062 0.0953704 0.119792 0.107407 0.00116866
2 0.0286458 0.0685185 0.01875 0.0203704 0.00119607
2 0.410677 0.0865741 0.00989583 0.0175926 0.00119934
1 0.0450521 0.158796 0.0786458 0.0805556 0.00122451
1 0.0721354 0.152778 0.0317708 0.0462963 0.00122503
1 0.0518229 0.446296 0.103646 0.125926 0.00123318
0 0.273958 0.336111 0.484375 0.32963 0.00128839
0 0.690365 0.513426 0.610937 0.362037 0.00130638
2 0.459115 0.553704 0.806771 0.438889 0.00131722
12 0.989062 0.497222 0.0197917 0.127778 0.00133124
2 0.264062 0.101389 0.00833333 0.0527778 0.00142754
2 0.274219 0.586574 0.465104 0.347222 0.00151976
0 0.263542 0.0912037 0.00833333 0.0490741 0.00152239
9 0.440365 0.20787 0.0140625 0.0527778 0.00152387
2 0.526563 0.114815 0.244792 0.0777778 0.00154661
1 0.117188 0.448611 0.10625 0.110185 0.00159183
9 0.995052 0.526389 0.00885417 0.0435185 0.00160616
1 0.0244792 0.151389 0.0489583 0.102778 0.00164296
0 0.757031 0.373148 0.0203125 0.0351852 0.00164576
9 0.570833 0.0310185 0.0135417 0.0583333 0.00165157
0 0.58776 0.268519 0.397396 0.407407 0.00168363
0 0.186719 0.109722 0.0078125 0.0490741 0.00174968
2 0.656771 0.125926 0.084375 0.0592593 0.00175691
58 0.967969 0.511111 0.0484375 0.131481 0.00182215
7 0.236458 0.0666667 0.0166667 0.0407407 0.0018566
58 0.922917 0.184259 0.154167 0.361111 0.00199476
9 0.415365 0.0111111 0.0161458 0.0222222 0.00200455
1 0.0320312 0.176389 0.0244792 0.0509259 0.00204596
24 0.473437 0.308796 0.0270833 0.0416667 0.00205769
2 0.25599 0.0865741 0.0223958 0.0398148 0.00207955
2 0.771354 0.109259 0.0166667 0.0277778 0.00217184
0 0.481771 0.298148 0.0385417 0.0814815 0.00222754
1 0.00520833 0.440741 0.0104167 0.166667 0.00228353
0 0.729948 0.372222 0.0307292 0.0296296 0.00233866
26 0.0848958 0.388426 0.0270833 0.0546296 0.00251928
1 0.0268229 0.35787 0.0526042 0.0398148 0.00265494
1 0.0992187 0.433796 0.0286458 0.0787037 0.0027355
2 0.2375 0.140278 0.01875 0.0398148 0.00276931
1 0.00520833 0.182407 0.0104167 0.0703704 0.00279602
1 0.10651 0.418981 0.0182292 0.0472222 0.00311372
13 0.99401 0.519444 0.0109375 0.17037 0.00343134
0 0.413542 0.521296 0.0354167 0.0537037 0.00344779
58 0.967969 0.493981 0.0307292 0.0824074 0.00346284
2 0.286458 0.0768519 0.01875 0.0277778 0.00380447
2 0.294531 0.0513889 0.0109375 0.0287037 0.00393989
0 0.372396 0.520833 0.05625 0.0583333 0.00409088
2 0.39349 0.105093 0.228646 0.0787037 0.00416051
2 0.32526 0.0763889 0.0432292 0.0490741 0.00417725
2 0.784115 0.087963 0.0119792 0.0203704 0.00433421
2 0.789323 0.0861111 0.0171875 0.0222222 0.00453436
1 0.0111979 0.354167 0.0223958 0.0546296 0.00526603
13 0.985677 0.518056 0.0276042 0.175 0.00527115
2 0.26901 0.0509259 0.0192708 0.0351852 0.00536876
1 0.0247396 0.396296 0.0494792 0.112963 0.00558282
0 0.308594 0.382407 0.509896 0.740741 0.00606501
13 0.970573 0.526389 0.0578125 0.19537 0.00608992
2 0.60599 0.0597222 0.00989583 0.0287037 0.00617112
9 0.994271 0.494907 0.0104167 0.128704 0.00618385
0 0.75651 0.0685185 0.0109375 0.0444444 0.00618436
0 0.709896 0.373611 0.0239583 0.0268519 0.00661279
13 0.961979 0.553241 0.0395833 0.0435185 0.00665959
5 0.21224 0.062037 0.0338542 0.0574074 0.00669083
9 0.217969 0.110185 0.0078125 0.05 0.00829611
2 0.293229 0.075463 0.0208333 0.025 0.00836286
7 0.275521 0.050463 0.0395833 0.0972222 0.00845791
1 0.0221354 0.180556 0.0442708 0.0666667 0.00868831
7 0.223958 0.0527778 0.059375 0.1 0.00896324
2 0.620313 0.421296 0.348958 0.17037 0.00908139
9 0.269271 0.0166667 0.021875 0.0314815 0.00940376
0 0.75625 0.087037 0.0135417 0.0796296 0.0120396
9 0.566667 0.0472222 0.00833333 0.0240741 0.0123044
2 0.270573 0.108333 0.0140625 0.0388889 0.0131797
0 0.634375 0.14213 0.0114583 0.0472222 0.0148623
9 0.21224 0.0634259 0.0359375 0.0583333 0.0164023
0 0.356771 0.526852 0.0354167 0.0574074 0.0187135
7 0.211979 0.0615741 0.034375 0.0601852 0.0194785
24 0.484896 0.3125 0.0229167 0.0490741 0.0195019
9 0.219792 0.0888889 0.00833333 0.00925926 0.0326049
0 0.434115 0.526852 0.0442708 0.0462963 0.0425301
2 0.490104 0.106481 0.0208333 0.0518519 0.0431819
2 0.291406 0.114815 0.0244792 0.0685185 0.0584473
2 0.4625 0.111574 0.0145833 0.0398148 0.0790334
2 0.320833 0.0925926 0.040625 0.0296296 0.155571
2 0.309375 0.0546296 0.021875 0.0314815 0.160014
2 0.344792 0.0643518 0.0125 0.0231481 0.1632
1 0.0109375 0.398611 0.021875 0.106481 0.217449
2 0.325521 0.0578704 0.0416667 0.0398148 0.266189
1 0.0815104 0.453241 0.0338542 0.112037 0.282184
1 0.0768229 0.466204 0.0171875 0.075 0.326801
2 0.505469 0.102778 0.0432292 0.062963 0.41228
1 0.479167 0.402778 0.0291667 0.0925926 0.459439
2 0.626823 0.121759 0.0265625 0.0527778 0.462492
7 0.505469 0.103241 0.0432292 0.0638889 0.474937
2 0.472396 0.108796 0.0322917 0.0435185 0.50917
2 0.429688 0.101852 0.040625 0.0592593 0.683394
10 0.204167 0.313889 0.015625 0.0703704 0.744985
2 0.317969 0.12037 0.0515625 0.0703704 0.752068
11 0.728646 0.0416667 0.0270833 0.0518519 0.760278
0 0.0830729 0.409259 0.0390625 0.142593 0.826852
0 0.482031 0.347685 0.0390625 0.180556 0.832403
2 0.401302 0.603704 0.196354 0.311111 0.872893
2 0.729427 0.418981 0.123438 0.171296 0.908233
