9 0.268229 0.0231481 0.021875 0.0462963 0.00101933
7 0.146615 0.0907407 0.0671875 0.0814815 0.00105527
7 0.236458 0.0643518 0.0177083 0.037963 0.00108169
0 0.365104 0.302315 0.0229167 0.0305556 0.00108551
0 0.553125 0.265278 0.521875 0.391667 0.00114742
2 0.675781 0.114815 0.121354 0.0777778 0.00117907
0 0.755729 0.123611 0.0177083 0.0268519 0.00121194
2 0.530729 0.1125 0.0135417 0.0435185 0.00121689
9 0.485156 0.0263889 0.0109375 0.0324074 0.00121874
58 0.967188 0.508333 0.0510417 0.131481 0.00123608
11 0.236979 0.0675926 0.0177083 0.0425926 0.00124751
2 0.0140625 0.395833 0.028125 0.123148 0.00127679
9 0.583594 0.0425926 0.0140625 0.0425926 0.00134783
0 0.470052 0.507407 0.698438 0.82037 0.00157695
0 0.367188 0.125 0.0145833 0.0240741 0.00162896
2 0.586719 0.41713 0.580729 0.191667 0.00162922
2 0.444792 0.107407 0.0229167 0.037037 0.0017261
2 0.779948 0.102315 0.0317708 0.0435185 0.0017268
2 0.792708 0.099537 0.0552083 0.0583333 0.00177073
0 0.757031 0.375926 0.0213542 0.0314815 0.00177672
0 0.730208 0.373148 0.0260417 0.0277778 0.00185607
9 0.502083 0.759722 0.0125 0.0546296 0.0018786
2 0.656771 0.135648 0.084375 0.0805556 0.00201581
2 0.238021 0.140278 0.01875 0.0416667 0.00208567
13 0.96224 0.553704 0.0401042 0.0407407 0.00225375
2 0.415885 0.110648 0.295312 0.0805556 0.00225828
2 0.649219 0.149074 0.0380208 0.0592593 0.00230998
2 0.298177 0.105093 0.0880208 0.0990741 0.00234975
9 0.263542 0.0902778 0.00833333 0.0416667 0.00236818
7 0.970573 0.526389 0.0578125 0.199074 0.00254144
0 0.361719 0.0703704 0.00885417 0.0314815 0.00254472
9 0.483854 0.0458333 0.00833333 0.025 0.00260224
9 0.50026 0.602778 0.0151042 0.0407407 0.00261999
9 0.0796875 0.161111 0.0114583 0.0277778 0.00281807
2 0.00390625 0.414815 0.0078125 0.0703704 0.0028421
7 0.275781 0.0611111 0.0390625 0.116667 0.00284287
0 0.442187 0.087037 0.0135417 0.0259259 0.00301137
9 0.276563 0.0402778 0.0375 0.075 0.00321696
2 0.595312 0.1125 0.322917 0.0694444 0.00324305
13 0.99375 0.519907 0.0114583 0.173148 0.00326686
0 0.267448 0.0990741 0.0109375 0.0555556 0.00329749
0 0.715104 0.371759 0.0229167 0.0268519 0.00353726
9 0.572917 0.0305556 0.0145833 0.0592593 0.00389373
12 0.700781 0.1625 0.0192708 0.0435185 0.00389774
2 0.482292 0.111574 0.0958333 0.0638889 0.00395864
13 0.970312 0.528241 0.0583333 0.186111 0.00424291
12 0.994792 0.490741 0.009375 0.125926 0.00429581
0 0.357812 0.293981 0.021875 0.0324074 0.00433855
0 0.755208 0.0837963 0.0135417 0.0638889 0.00440614
0 0.995833 0.329167 0.00729167 0.0527778 0.00450158
2 0.790625 0.087963 0.0229167 0.0259259 0.00456376
2 0.361979 0.122685 0.025 0.0268519 0.00462637
9 0.99375 0.490278 0.0114583 0.121296 0.00462894
12 0.695052 0.162037 0.0119792 0.0407407 0.00469771
2 0.77526 0.114352 0.0213542 0.0342593 0.00477865
9 0.292969 0.0546296 0.00885417 0.0425926 0.00518197
58 0.968229 0.494444 0.03125 0.0888889 0.00546654
13 0.985937 0.521296 0.0270833 0.177778 0.00613195
1 0.00520833 0.396296 0.0104167 0.107407 0.00620567
0 0.393229 0.293981 0.0229167 0.0361111 0.00621792
2 0.784115 0.0902778 0.0140625 0.0231481 0.00627464
0 0.36901 0.293056 0.0265625 0.037963 0.0067707
5 0.21901 0.0657407 0.0453125 0.0537037 0.00694693
1 0.0114583 0.387963 0.0229167 0.1 0.00699397
0 0.285156 0.106481 0.0130208 0.0722222 0.0098543
7 0.220052 0.0685185 0.0505208 0.0592593 0.0102622
2 0.270833 0.109722 0.0145833 0.037963 0.0122279
9 0.207813 0.0680556 0.0229167 0.0435185 0.0131302
2 0.60599 0.0592593 0.00989583 0.0259259 0.0158656
2 0.290365 0.10787 0.0234375 0.0805556 0.0164526
0 0.634896 0.148611 0.009375 0.0509259 0.0175153
9 0.269271 0.0412037 0.0208333 0.0546296 0.0191757
9 0.442187 0.0865741 0.0135417 0.025 0.0195398
2 0.490885 0.106944 0.0192708 0.0509259 0.0202064
7 0.297396 0.106944 0.0375 0.0805556 0.0321897
9 0.566927 0.0476852 0.0078125 0.0231481 0.033411
9 0.220313 0.0893519 0.009375 0.0138889 0.0340998
2 0.634896 0.143519 0.0104167 0.0481481 0.0360578
2 0.302604 0.106019 0.0427083 0.0787037 0.0476238
2 0.4625 0.111111 0.0135417 0.0407407 0.0898193
2 0.321094 0.0856481 0.0390625 0.0361111 0.226136
2 0.471875 0.109259 0.0302083 0.0444444 0.294642
7 0.505208 0.103704 0.04375 0.062963 0.372441
2 0.505469 0.103241 0.0432292 0.0638889 0.440183
2 0.627083 0.120833 0.0260417 0.0509259 0.474087
10 0.203906 0.315278 0.0151042 0.0712963 0.550914
2 0.317969 0.121296 0.0526042 0.0722222 0.722515
11 0.728646 0.0421296 0.0270833 0.0546296 0.816979
2 0.379948 0.181019 0.0640625 0.0898148 0.872579
2 0.378125 0.334259 0.103125 0.146296 0.902646
2 0.729688 0.419444 0.122917 0.172222 0.905526
2 0.745833 0.190278 0.128125 0.110185 0.922455
