7 0.970312 0.531944 0.0583333 0.213889 0.00101021
0 0.757031 0.373611 0.0203125 0.0324074 0.00103173
1 0.810417 0.331019 0.0208333 0.0916667 0.00103289
2 0.57474 0.126852 0.0536458 0.0333333 0.00104559
58 0.91875 0.181944 0.1625 0.363889 0.00106253
13 0.970573 0.519907 0.0578125 0.171296 0.00113425
2 0.79401 0.0875 0.0328125 0.0342593 0.00121713
7 0.296094 0.103704 0.0786458 0.0944444 0.00125462
0 0.995833 0.320833 0.00729167 0.0638889 0.00130198
0 0.758333 0.0861111 0.0125 0.0574074 0.00130685
11 0.239844 0.037037 0.0213542 0.0703704 0.00141184
1 0.0520833 0.148148 0.0572917 0.0574074 0.00142779
7 0.989062 0.517593 0.0208333 0.181481 0.00147482
2 0.00989583 0.20463 0.0197917 0.0314815 0.00153916
13 0.986198 0.518981 0.0265625 0.175 0.0015569
12 0.688281 0.168519 0.0161458 0.0351852 0.00158877
2 0.783333 0.101389 0.0364583 0.0527778 0.00159377
2 0.777344 0.110648 0.0234375 0.0324074 0.00164666
2 0.771615 0.112963 0.0130208 0.0277778 0.00165017
9 0.588802 0.0388889 0.0151042 0.0444444 0.00168221
12 0.702344 0.153704 0.0234375 0.0555556 0.00214574
9 0.363802 0.0675926 0.0109375 0.0185185 0.00220219
0 0.26276 0.10463 0.00885417 0.05 0.00227419
12 0.693229 0.165741 0.00729167 0.037037 0.00231079
9 0.114063 0.024537 0.0145833 0.0398148 0.00258242
2 0.415625 0.112037 0.278125 0.0851852 0.00259889
12 0.99375 0.517593 0.0114583 0.17037 0.00260623
9 0.252344 0.0861111 0.0130208 0.0333333 0.00314578
58 0.96849 0.49537 0.0307292 0.087037 0.00320406
9 0.257031 0.075 0.0109375 0.0481481 0.00332364
1 0.0140625 0.368056 0.028125 0.0453704 0.00353368
2 0.0143229 0.398611 0.0286458 0.121296 0.00357623
2 0.442969 0.111574 0.151562 0.0694444 0.00366954
9 0.213802 0.0569444 0.0328125 0.0527778 0.00367096
2 0.525 0.109259 0.117708 0.062963 0.00385017
9 0.583594 0.0337963 0.0151042 0.0564815 0.004239
11 0.60625 0.0597222 0.009375 0.0231481 0.00432444
9 0.756771 0.0912037 0.0125 0.0768519 0.0043258
2 0.266667 0.0986111 0.0114583 0.0527778 0.00452631
2 0.649219 0.148148 0.0369792 0.0592593 0.00460359
9 0.109635 0.0268519 0.0109375 0.0351852 0.00474034
2 0.442969 0.0884259 0.0140625 0.0305556 0.00482608
13 0.00364583 0.40787 0.00729167 0.0935185 0.00524017
9 0.263021 0.0865741 0.00833333 0.0324074 0.00530976
9 0.99401 0.506944 0.0109375 0.150926 0.00532731
0 0.715365 0.372685 0.0234375 0.0268519 0.00534812
1 0.00416667 0.398611 0.00833333 0.112037 0.00550316
9 0.573958 0.0310185 0.0145833 0.0601852 0.00595131
2 0.00390625 0.408333 0.0078125 0.0925926 0.00638749
32 0.454167 0.315278 0.00833333 0.0157407 0.00689201
9 0.758333 0.0731481 0.0104167 0.0407407 0.00722587
11 0.236719 0.0703704 0.0182292 0.0462963 0.00804911
9 0.207292 0.0666667 0.0208333 0.0444444 0.00809977
5 0.220833 0.0648148 0.05 0.0592593 0.00827499
9 0.502865 0.759259 0.0130208 0.0574074 0.00833946
9 0.220052 0.0888889 0.0109375 0.0148148 0.011546
0 0.442448 0.0962963 0.0161458 0.05 0.0115881
10 0.442969 0.087037 0.0130208 0.0314815 0.0130691
2 0.270833 0.10787 0.0135417 0.0416667 0.015049
2 0.785677 0.0893519 0.0140625 0.0231481 0.0150712
2 0.238542 0.141204 0.01875 0.0398148 0.0154213
7 0.220052 0.0662037 0.0515625 0.0657407 0.0162879
1 0.0117188 0.398611 0.0234375 0.113889 0.0176919
2 0.53125 0.1125 0.0145833 0.0435185 0.0199765
13 0.0143229 0.398611 0.0286458 0.112037 0.022519
2 0.635417 0.146296 0.0114583 0.0555556 0.024245
9 0.567448 0.0486111 0.0078125 0.025 0.0532218
2 0.592969 0.126852 0.0171875 0.0222222 0.0613204
9 0.26901 0.0347222 0.0213542 0.0657407 0.0804009
9 0.353125 0.050463 0.00833333 0.0305556 0.133254
2 0.298698 0.106481 0.0359375 0.0814815 0.136378
2 0.461979 0.116204 0.0135417 0.0398148 0.146559
7 0.297656 0.106481 0.0380208 0.0814815 0.152479
2 0.321875 0.087037 0.0385417 0.0351852 0.239575
2 0.480729 0.0958333 0.025 0.0194444 0.247127
2 0.627865 0.120833 0.0255208 0.0490741 0.352228
2 0.473698 0.111574 0.0369792 0.0509259 0.390945
2 0.509635 0.103704 0.0359375 0.0611111 0.635281
2 0.31875 0.12037 0.05 0.0722222 0.67052
11 0.729427 0.0435185 0.0265625 0.0574074 0.76462
10 0.203906 0.315278 0.0161458 0.0712963 0.802878
2 0.490625 0.151389 0.0635417 0.0953704 0.868849
2 0.729948 0.419444 0.122396 0.17037 0.915801
