0 0.254427 0.129167 0.0130208 0.0509259 0.00101492
2 0.653646 0.151852 0.046875 0.0648148 0.0010472
2 0.575521 0.124537 0.0510417 0.037963 0.00115084
32 0.460417 0.355093 0.0104167 0.0157407 0.00120046
9 0.561458 0.049537 0.0208333 0.0268519 0.00121128
2 0.514323 0.108796 0.383854 0.0768519 0.00122834
9 0.550781 0.0328704 0.0171875 0.0490741 0.00123658
9 0.264323 0.0833333 0.0130208 0.0388889 0.00126722
9 0.255469 0.087963 0.0119792 0.0333333 0.00130139
0 0.263021 0.109722 0.00833333 0.0398148 0.00140872
9 0.241146 0.0800926 0.0104167 0.037963 0.00141555
9 0.415104 0.0101852 0.015625 0.0203704 0.00149501
0 0.757552 0.375 0.0182292 0.0296296 0.00163561
9 0.259896 0.0680556 0.0125 0.0398148 0.0016495
11 0.23724 0.0662037 0.0161458 0.037963 0.00167688
1 0.009375 0.359722 0.01875 0.108333 0.0017341
12 0.692448 0.163889 0.0078125 0.0407407 0.00178736
0 0.279948 0.113889 0.0161458 0.0574074 0.00196093
9 0.500521 0.600926 0.015625 0.0407407 0.00200341
9 0.557292 0.025 0.025 0.0481481 0.00209395
13 0.970573 0.521759 0.0578125 0.180556 0.00226152
9 0.292969 0.0532407 0.0078125 0.0398148 0.00234984
2 0.535937 0.112037 0.0104167 0.0425926 0.00247875
0 0.727344 0.372222 0.0348958 0.0296296 0.0025102
2 0.786979 0.0828704 0.015625 0.0212963 0.00261694
2 0.00364583 0.421296 0.00729167 0.0574074 0.00276316
0 0.28099 0.0847222 0.00677083 0.0268519 0.00284616
0 0.755208 0.0902778 0.0145833 0.0805556 0.00289314
7 0.219531 0.0662037 0.0515625 0.0527778 0.00293666
1 0.0122396 0.369444 0.0244792 0.0518519 0.00304085
2 0.288021 0.0787037 0.0114583 0.0240741 0.00311291
9 0.21875 0.0685185 0.0489583 0.05 0.00315029
9 0.767969 0.0157407 0.0151042 0.0314815 0.00326828
12 0.965885 0.500926 0.0255208 0.0777778 0.00348196
32 0.454688 0.315278 0.00729167 0.0157407 0.00355206
2 0.409635 0.10787 0.132812 0.0546296 0.0037882
9 0.502604 0.758333 0.0114583 0.0574074 0.0039122
0 0.5625 0.282407 0.0364583 0.0425926 0.00413908
9 0.994531 0.497222 0.00989583 0.131481 0.00417848
9 0.547917 0.0518519 0.0104167 0.0240741 0.00430717
9 0.113542 0.0236111 0.015625 0.0361111 0.00432633
2 0.352604 0.109259 0.107292 0.062963 0.00474208
2 0.459375 0.10787 0.114583 0.0546296 0.00478043
2 0.45625 0.107407 0.0395833 0.0481481 0.00479534
5 0.219531 0.074537 0.0526042 0.0638889 0.00480738
1 0.00364583 0.420833 0.00729167 0.0564815 0.00498484
7 0.971094 0.525926 0.0567708 0.192593 0.00502908
2 0.295312 0.108796 0.03125 0.0787037 0.0053455
0 0.603906 0.317593 0.00989583 0.0222222 0.00538183
2 0.290885 0.0699074 0.0119792 0.0157407 0.00546581
9 0.972917 0.497685 0.0385417 0.123148 0.00589161
12 0.994792 0.490278 0.009375 0.121296 0.00616706
2 0.53125 0.112037 0.0135417 0.0425926 0.00641964
2 0.238281 0.139815 0.0182292 0.0425926 0.0067504
2 0.290885 0.118056 0.0171875 0.0601852 0.00698431
2 0.785156 0.0902778 0.0161458 0.0212963 0.00757923
12 0.973437 0.497685 0.040625 0.123148 0.00813955
2 0.34375 0.110648 0.00833333 0.0398148 0.00833745
0 0.715365 0.370833 0.0223958 0.0268519 0.00841755
9 0.207031 0.0666667 0.0192708 0.037037 0.00858794
2 0.271615 0.110648 0.0151042 0.0361111 0.00866699
2 0.363281 0.0662037 0.0119792 0.0231481 0.00870176
2 0.442187 0.0861111 0.0135417 0.0259259 0.00870341
1 0.0135417 0.394907 0.0270833 0.110185 0.00873815
0 0.634635 0.144444 0.0109375 0.0481481 0.00894949
1 0.00494792 0.396296 0.00989583 0.109259 0.00989293
2 0.60625 0.0587963 0.0104167 0.0268519 0.0100974
2 0.591927 0.125463 0.0182292 0.0268519 0.010321
9 0.570833 0.0314815 0.015625 0.0592593 0.0104369
9 0.442448 0.0851852 0.0109375 0.0259259 0.0121306
9 0.220573 0.0898148 0.00885417 0.012963 0.0158974
2 0.486198 0.106944 0.0161458 0.0509259 0.0461262
9 0.566667 0.0476852 0.00833333 0.025 0.0594015
2 0.46276 0.114352 0.0119792 0.0342593 0.0681424
9 0.26875 0.0342593 0.021875 0.0666667 0.0758797
9 0.222396 0.0583333 0.0104167 0.0333333 0.124463
2 0.321094 0.0847222 0.0369792 0.0361111 0.293582
2 0.627344 0.121296 0.0255208 0.05 0.382202
2 0.478385 0.108333 0.0255208 0.0444444 0.436653
7 0.505729 0.103241 0.0427083 0.0638889 0.457015
2 0.505729 0.102778 0.0427083 0.0648148 0.463091
2 0.441406 0.118056 0.0348958 0.0268519 0.60391
2 0.317969 0.121759 0.0505208 0.0694444 0.691926
10 0.204167 0.314815 0.0166667 0.0703704 0.773514
2 0.389844 0.0986111 0.0276042 0.0435185 0.782406
11 0.728906 0.0421296 0.0276042 0.0527778 0.788039
7 0.561979 0.316204 0.119792 0.208333 0.872692
2 0.729688 0.418981 0.122917 0.173148 0.917728
