12 0.976302 0.5 0.0453125 0.131481 0.00101088
2 0.28776 0.0782407 0.0203125 0.0342593 0.00107484
2 0.254427 0.0888889 0.0171875 0.0351852 0.00108055
2 0.221354 0.135648 0.053125 0.0527778 0.00109247
2 0.775521 0.110185 0.0208333 0.0314815 0.00113356
9 0.755208 0.0902778 0.0135417 0.0712963 0.00115524
0 0.709375 0.372685 0.0197917 0.0287037 0.0012111
2 0.783333 0.100926 0.0375 0.05 0.00121696
2 0.00651042 0.0912037 0.0130208 0.0453704 0.00126391
0 0.0971354 0.633796 0.194271 0.391667 0.0012644
9 0.439844 0.196296 0.0119792 0.0333333 0.00128006
0 0.716927 0.371759 0.0234375 0.0287037 0.00134259
2 0.244531 0.10463 0.00989583 0.0314815 0.00134945
13 0.971094 0.518981 0.0567708 0.173148 0.00141286
9 0.36224 0.0467593 0.00989583 0.0361111 0.00142052
9 0.560156 0.0287037 0.0213542 0.0518519 0.0014259
9 0.576302 0.0324074 0.0140625 0.0611111 0.00144501
7 0.789062 0.0648148 0.0270833 0.062963 0.00144846
58 0.96875 0.495833 0.03125 0.0953704 0.00152575
1 0.166927 0.658333 0.0401042 0.0907407 0.00171493
2 0.444271 0.107407 0.0208333 0.0351852 0.00178159
12 0.701563 0.164815 0.01875 0.0388889 0.00182277
2 0.656771 0.1375 0.0729167 0.0861111 0.0018453
2 0.409375 0.110648 0.273958 0.0805556 0.00193074
2 0.258073 0.0986111 0.0265625 0.0601852 0.00196193
7 0.99349 0.517593 0.0119792 0.17037 0.00206756
7 0.295833 0.105556 0.071875 0.0944444 0.00208944
1 0.144271 0.596296 0.0208333 0.0907407 0.00221003
0 0.817187 0.23287 0.009375 0.0398148 0.00223742
2 0.564062 0.109722 0.24375 0.0712963 0.00238569
9 0.35651 0.0203704 0.00677083 0.0166667 0.00242122
11 0.221615 0.0666667 0.0494792 0.0555556 0.00242862
7 0.97474 0.518056 0.0494792 0.184259 0.00253791
7 0.277604 0.0708333 0.0395833 0.136111 0.00271161
0 0.263021 0.100926 0.0104167 0.0537037 0.0033603
1 0.00364583 0.419907 0.00729167 0.0601852 0.00338512
12 0.693229 0.163889 0.00729167 0.0388889 0.00349046
2 0.473958 0.109722 0.0708333 0.0638889 0.00350837
9 0.264323 0.0953704 0.0109375 0.0481481 0.00354174
0 0.147656 0.919444 0.119271 0.159259 0.00381683
9 0.501823 0.760648 0.0130208 0.0527778 0.00399915
1 0.176823 0.656018 0.0234375 0.075 0.00415939
9 0.3625 0.0694444 0.009375 0.0240741 0.0043491
2 0.442448 0.0865741 0.0130208 0.0268519 0.00445288
2 0.592448 0.124537 0.0171875 0.0268519 0.0044747
2 0.363542 0.0671296 0.0114583 0.0194444 0.00471092
1 0.00494792 0.398611 0.00989583 0.102778 0.00498487
9 0.29349 0.0564815 0.00989583 0.0388889 0.00533236
1 0.0122396 0.367593 0.0244792 0.0537037 0.00595177
1 0.0106771 0.399537 0.0213542 0.106481 0.00616977
12 0.994271 0.5 0.0104167 0.138889 0.0063014
2 0.60625 0.0601852 0.0114583 0.0240741 0.00640401
1 0.155729 0.551389 0.040625 0.075 0.00754837
9 0.56875 0.0310185 0.0145833 0.0583333 0.00757293
24 0.149219 0.580093 0.0307292 0.0638889 0.00796637
2 0.00494792 0.55787 0.00989583 0.037963 0.00798339
2 0.786198 0.0898148 0.0171875 0.0222222 0.0086945
11 0.236979 0.0680556 0.0166667 0.0416667 0.00886595
9 0.220052 0.0888889 0.00885417 0.0148148 0.0089844
2 0.650521 0.150463 0.040625 0.0583333 0.00912226
5 0.220573 0.0666667 0.0505208 0.0574074 0.00944751
9 0.207813 0.0689815 0.0208333 0.0435185 0.00998493
7 0.219792 0.0671296 0.0510417 0.0657407 0.0104159
9 0.442448 0.0865741 0.0130208 0.0268519 0.0127451
2 0.238542 0.141667 0.0177083 0.0407407 0.0130011
2 0.271094 0.105556 0.0140625 0.0462963 0.0165518
9 0.221094 0.0532407 0.0171875 0.0398148 0.0194161
2 0.490104 0.106944 0.0166667 0.0509259 0.037965
9 0.566927 0.0476852 0.0078125 0.0231481 0.0425891
2 0.634896 0.145833 0.0104167 0.0527778 0.0462446
24 0.158073 0.574074 0.0317708 0.0851852 0.0649182
9 0.26901 0.0342593 0.0213542 0.0666667 0.0664639
2 0.295312 0.107407 0.0322917 0.0833333 0.107099
7 0.296354 0.107407 0.0364583 0.0814815 0.117968
2 0.4625 0.111574 0.0135417 0.0398148 0.144426
2 0.322396 0.0851852 0.0364583 0.0333333 0.282115
2 0.470833 0.109259 0.0291667 0.0444444 0.290697
2 0.627083 0.121759 0.0260417 0.0509259 0.444075
1 0.158594 0.694444 0.0432292 0.159259 0.471209
2 0.505469 0.104167 0.0432292 0.062037 0.587078
2 0.318229 0.120833 0.0510417 0.0712963 0.636561
10 0.204167 0.315741 0.015625 0.0722222 0.771204
11 0.729167 0.0425926 0.0270833 0.0555556 0.781421
0 0.155729 0.630556 0.0447917 0.224074 0.793325
2 0.729948 0.419444 0.122396 0.172222 0.901627
