0 0.115885 0.110185 0.00989583 0.0351852 0.00102464
2 0.99401 0.518981 0.0109375 0.167593 0.0010557
9 0.567448 0.0305556 0.0171875 0.0574074 0.00105853
0 0.00416667 0.361111 0.00833333 0.087037 0.00110751
0 0.258073 0.104167 0.0171875 0.0824074 0.00115966
0 0.609375 0.412963 0.0114583 0.0407407 0.0011918
0 0.523698 0.262963 0.588021 0.505556 0.00120013
0 0.255208 0.133333 0.0135417 0.0518519 0.0012197
0 0.615885 0.415278 0.0171875 0.0472222 0.00127068
0 0.580208 0.391667 0.0229167 0.0296296 0.00130302
2 0.641927 0.124074 0.0546875 0.0592593 0.00130893
0 0.689844 0.427315 0.0151042 0.0583333 0.00135732
2 0.784375 0.0898148 0.0114583 0.0185185 0.00138175
2 0.516146 0.0986111 0.123958 0.0768519 0.00141306
13 0.971094 0.525 0.0567708 0.185185 0.00147301
1 0.0119792 0.367593 0.0239583 0.0518519 0.00147566
7 0.971094 0.527778 0.0567708 0.198148 0.00149615
2 0.79375 0.0888889 0.0208333 0.0185185 0.00160075
9 0.260677 0.037963 0.0130208 0.0592593 0.00160281
13 0.0138021 0.393981 0.0276042 0.113889 0.00164305
9 0.268229 0.0606481 0.0177083 0.0324074 0.00167684
9 0.995573 0.531018 0.0078125 0.037963 0.00170833
9 0.469792 0.412963 0.0104167 0.0277778 0.00176171
2 0.363542 0.0680556 0.0114583 0.0212963 0.00178699
2 0.660937 0.155093 0.0614583 0.062037 0.00192455
9 0.438542 0.195833 0.0125 0.0342593 0.00213787
12 0.98776 0.498148 0.0223958 0.125926 0.00235902
9 0.989844 0.502778 0.0192708 0.135185 0.00238521
2 0.30026 0.106019 0.0796875 0.0916667 0.0023909
1 0.00911458 0.39537 0.0182292 0.116667 0.00241317
0 0.757552 0.375 0.0192708 0.0296296 0.00244912
0 0.26224 0.10787 0.00989583 0.0472222 0.00262521
0 0.73151 0.370833 0.0380208 0.0324074 0.00276502
2 0.773958 0.119907 0.0177083 0.0361111 0.00278079
9 0.256771 0.0796296 0.0104167 0.0462963 0.0027842
9 0.253385 0.087037 0.0119792 0.0388889 0.0031486
2 0.410156 0.106481 0.261979 0.0925926 0.00326973
2 0.631771 0.140741 0.0177083 0.0537037 0.00334203
9 0.2625 0.0888889 0.00833333 0.0407407 0.00370071
32 0.454427 0.313889 0.0078125 0.012963 0.00379212
2 0.00416667 0.368056 0.00833333 0.0694444 0.00387864
0 0.635417 0.148148 0.0114583 0.05 0.00387982
11 0.235417 0.0675926 0.0208333 0.0425926 0.00401239
5 0.217708 0.0657407 0.05625 0.0555556 0.00437566
11 0.240104 0.0333333 0.021875 0.062963 0.00443566
2 0.26849 0.0976852 0.0130208 0.0546296 0.00453184
12 0.995052 0.493519 0.00885417 0.124074 0.00461194
7 0.217708 0.0680556 0.05625 0.0601852 0.00473862
0 0.556771 0.374537 0.0260417 0.0305556 0.00483266
9 0.221094 0.0893519 0.0109375 0.012037 0.00495033
9 0.995313 0.493056 0.00833333 0.128704 0.00508937
9 0.500521 0.603241 0.015625 0.0416667 0.00537923
9 0.36224 0.0685185 0.00885417 0.0240741 0.00597039
2 0.239063 0.141204 0.01875 0.0398148 0.00667043
2 0.647135 0.420833 0.311979 0.176852 0.00770861
1 0.00416667 0.403704 0.00833333 0.0944444 0.00775948
0 0.59349 0.375926 0.0213542 0.0222222 0.00820961
0 0.572917 0.374074 0.0260417 0.0277778 0.00834763
9 0.207031 0.0680556 0.0171875 0.0398148 0.00888886
9 0.269531 0.0328704 0.0223958 0.0601852 0.00928484
9 0.567969 0.0476852 0.00885417 0.0231481 0.0096349
0 0.714063 0.371759 0.0208333 0.025 0.0106974
0 0.579427 0.380556 0.0234375 0.0203704 0.0153152
2 0.592448 0.129167 0.0171875 0.0194444 0.0160034
2 0.28724 0.110185 0.0182292 0.0722222 0.0181005
1 0.809896 0.3375 0.0229167 0.0935185 0.0188414
0 0.443229 0.0861111 0.0125 0.0296296 0.0200739
11 0.60625 0.0597222 0.009375 0.0231481 0.0212408
0 0.44401 0.0981481 0.0151042 0.0518519 0.0250403
2 0.482812 0.106019 0.0239583 0.0527778 0.0254681
2 0.272917 0.110185 0.0166667 0.0388889 0.0261618
2 0.470833 0.0921296 0.0427083 0.0787037 0.0397889
9 0.502865 0.760185 0.0119792 0.0537037 0.0482895
2 0.448177 0.0699074 0.0161458 0.0268519 0.0513894
9 0.223177 0.0601852 0.0109375 0.037037 0.0915363
7 0.298177 0.10787 0.0390625 0.0842593 0.11195
2 0.298438 0.108333 0.0375 0.0833333 0.115395
2 0.628125 0.121759 0.025 0.0509259 0.152133
7 0.471094 0.0671296 0.0432292 0.0398148 0.199134
2 0.472917 0.110648 0.0333333 0.0435185 0.221031
2 0.472917 0.0675926 0.0385417 0.037037 0.286877
2 0.322917 0.0865741 0.0385417 0.0361111 0.370692
2 0.505729 0.10463 0.04375 0.062963 0.615759
2 0.31901 0.121296 0.0494792 0.0703704 0.705668
11 0.729948 0.0430556 0.0265625 0.0583333 0.739015
10 0.203906 0.316667 0.0161458 0.0703704 0.815605
2 0.572135 0.418056 0.117188 0.165741 0.911601
2 0.730208 0.418981 0.121875 0.173148 0.915769
