0 0.756771 0.123148 0.0125 0.0407407 0.00103059
9 0.579687 0.0347222 0.0125 0.0583333 0.00108667
2 0.531771 0.111574 0.0135417 0.0435185 0.00116677
9 0.457812 0.0652778 0.00729167 0.0287037 0.00120618
2 0.809635 0.0712963 0.0182292 0.0185185 0.00126501
2 0.294531 0.105093 0.0776042 0.0990741 0.00128339
12 0.702344 0.124537 0.0223958 0.0583333 0.00130998
7 0.989583 0.518519 0.0197917 0.17963 0.00136485
9 0.559375 0.0268519 0.021875 0.05 0.00137508
1 0.811198 0.334722 0.0171875 0.0898148 0.00138122
9 0.253385 0.087963 0.0140625 0.0351852 0.00147814
9 0.278385 0.0634259 0.0411458 0.123148 0.00152387
9 0.415104 0.00972222 0.0145833 0.0194444 0.00159597
2 0.65 0.149537 0.0395833 0.0601852 0.00163571
9 0.257812 0.075 0.0114583 0.0481481 0.00174304
2 0.405469 0.110185 0.266146 0.0796296 0.00179484
2 0.777604 0.104167 0.0302083 0.0509259 0.00183687
2 0.771875 0.111111 0.0135417 0.0259259 0.00184585
12 0.702083 0.1625 0.021875 0.0398148 0.00188558
2 0.99349 0.517593 0.0119792 0.168519 0.00193631
2 0.815365 0.0699074 0.0151042 0.0138889 0.00196998
0 0.150781 0.905093 0.119271 0.186111 0.00232754
0 0.715365 0.371759 0.0223958 0.0287037 0.00238534
2 0.363802 0.0671296 0.0109375 0.0194444 0.00248376
0 0.995573 0.331019 0.0078125 0.0546296 0.00254394
2 0.570833 0.109722 0.229167 0.0675926 0.00257916
2 0.755729 0.118981 0.0135417 0.0342593 0.00259893
2 0.445573 0.114815 0.0234375 0.0240741 0.00261323
2 0.0046875 0.55787 0.009375 0.037963 0.00264547
2 0.305729 0.0837963 0.028125 0.037963 0.00266382
9 0.116927 0.025463 0.0161458 0.0361111 0.00267923
13 0.972656 0.518981 0.0536458 0.175 0.00278528
9 0.355729 0.0222222 0.00625 0.0166667 0.00280094
7 0.971354 0.52037 0.05625 0.188889 0.0028884
13 0.9625 0.562963 0.0416667 0.0574074 0.0029365
2 0.814062 0.075 0.0177083 0.0185185 0.00294561
2 0.240365 0.106019 0.0171875 0.0324074 0.0029554
2 0.442708 0.087037 0.0135417 0.0259259 0.00306592
26 0.160156 0.6 0.0161458 0.0537037 0.00312416
9 0.36224 0.0694444 0.00885417 0.0222222 0.00339965
12 0.69401 0.163889 0.00677083 0.0388889 0.00353556
11 0.60625 0.0606481 0.0104167 0.0231481 0.00358734
9 0.21901 0.0657407 0.0401042 0.0574074 0.00381783
0 0.282813 0.0986111 0.00833333 0.0472222 0.00420723
11 0.236979 0.0694444 0.0166667 0.0462963 0.00439585
0 0.756771 0.0717593 0.0114583 0.0472222 0.00466206
1 0.18724 0.630093 0.0171875 0.125 0.00491768
12 0.994531 0.501389 0.00989583 0.143519 0.00631628
7 0.220313 0.0666667 0.05 0.0722222 0.00688575
0 0.263542 0.103704 0.009375 0.05 0.00736498
9 0.571615 0.0310185 0.0140625 0.0583333 0.00759195
5 0.220573 0.075463 0.0505208 0.0731481 0.00768799
9 0.264062 0.0888889 0.009375 0.037037 0.00774481
1 0.163542 0.617593 0.021875 0.0944444 0.00872914
9 0.502083 0.760185 0.0125 0.0518519 0.0103689
2 0.270052 0.108796 0.0130208 0.0398148 0.0105062
9 0.208594 0.0685185 0.0213542 0.0444444 0.0108155
9 0.442708 0.087037 0.0125 0.0259259 0.0121039
1 0.0114583 0.366667 0.0229167 0.0481481 0.0132848
9 0.220833 0.0532407 0.0177083 0.0435185 0.0143069
1 0.00416667 0.416204 0.00833333 0.0675926 0.014766
24 0.160938 0.543056 0.0177083 0.0675926 0.0169017
2 0.238281 0.141667 0.0182292 0.0388889 0.0184027
0 0.635156 0.148148 0.00885417 0.0518519 0.0188963
2 0.634896 0.14537 0.0104167 0.0537037 0.0195394
9 0.292708 0.0680556 0.0114583 0.0231481 0.02306
2 0.785677 0.0888889 0.0140625 0.0222222 0.0236734
2 0.592448 0.126389 0.0171875 0.0212963 0.0297366
2 0.48776 0.10787 0.0140625 0.0490741 0.0457729
24 0.176563 0.506481 0.0322917 0.0555556 0.0489647
2 0.29349 0.109259 0.0286458 0.0740741 0.0498679
1 0.0111979 0.396296 0.0223958 0.109259 0.0543728
7 0.298438 0.106481 0.0354167 0.0777778 0.0638218
9 0.567187 0.0476852 0.00729167 0.0231481 0.065434
2 0.4625 0.112037 0.0135417 0.0388889 0.151
9 0.269271 0.0351852 0.021875 0.0648148 0.161711
24 0.175521 0.53287 0.03125 0.0842593 0.195389
2 0.472396 0.109722 0.0322917 0.0435185 0.298563
2 0.322396 0.0861111 0.0364583 0.0351852 0.314696
2 0.627083 0.121296 0.025 0.05 0.41431
1 0.172917 0.645833 0.0322917 0.141667 0.513624
2 0.505729 0.104167 0.0427083 0.062037 0.530537
2 0.31875 0.121759 0.0510417 0.0694444 0.695477
10 0.204167 0.315741 0.015625 0.0722222 0.732256
11 0.729167 0.0430556 0.0270833 0.0564815 0.80247
0 0.173958 0.585648 0.04375 0.215741 0.827081
2 0.729948 0.419444 0.122396 0.17037 0.896125
