2 0.576042 0.422685 0.544792 0.182407 0.00101367
0 0.75625 0.126852 0.0135417 0.0444444 0.00102242
0 0.758073 0.111111 0.0140625 0.0592593 0.0010262
9 0.557813 0.0282407 0.0197917 0.0509259 0.0010379
9 0.583073 0.0351852 0.0182292 0.0574074 0.00107651
7 0.147135 0.0907407 0.0661458 0.0777778 0.00109288
2 0.269792 0.0555556 0.0197917 0.0462963 0.00110363
9 0.2625 0.0407407 0.0166667 0.0555556 0.00110994
2 0.25651 0.101389 0.0234375 0.0638889 0.00111867
9 0.415365 0.00925926 0.0151042 0.0185185 0.00113185
1 0.0130208 0.368056 0.0260417 0.0472222 0.00118102
2 0.363802 0.0675926 0.0109375 0.0222222 0.00123462
2 0.00546875 0.0916667 0.0109375 0.05 0.00125284
2 0.288021 0.0810185 0.0197917 0.037963 0.00128547
11 0.240104 0.0347222 0.021875 0.0657407 0.00133898
9 0.548177 0.0527778 0.0109375 0.0259259 0.00139836
2 0.814062 0.0763889 0.0166667 0.0194444 0.00142786
10 0.197396 0.296296 0.0291667 0.112963 0.00147009
0 0.994792 0.440741 0.009375 0.27963 0.00147432
9 0.10625 0.0300926 0.0145833 0.0342593 0.00150678
2 0.239323 0.127778 0.0203125 0.0592593 0.00163137
2 0.994792 0.376852 0.009375 0.153704 0.00166325
7 0.291667 0.104167 0.0770833 0.0916667 0.00170348
9 0.275521 0.037963 0.0364583 0.0722222 0.00172048
9 0.293229 0.0555556 0.00833333 0.0333333 0.00177634
2 0.33776 0.0796296 0.0171875 0.0314815 0.00180083
2 0.244792 0.106019 0.0104167 0.0324074 0.00183288
7 0.788021 0.0648148 0.025 0.0648148 0.00187899
7 0.277604 0.0726852 0.0354167 0.136111 0.0018916
2 0.410937 0.113426 0.289583 0.0824074 0.00193435
2 0.0143229 0.397222 0.0286458 0.112963 0.00206767
2 0.553906 0.112037 0.263021 0.0722222 0.00211322
12 0.702083 0.128241 0.0229167 0.0638889 0.00226243
2 0.442708 0.0865741 0.0135417 0.0268519 0.0023225
2 0.439583 0.1125 0.147917 0.0675926 0.00234684
11 0.605729 0.0606481 0.0104167 0.0231481 0.00241859
2 0.291667 0.0708333 0.0135417 0.0138889 0.00248703
9 0.816927 0.236111 0.00885417 0.0407407 0.0026837
0 0.263542 0.105556 0.00833333 0.0462963 0.00277478
0 0.727083 0.372685 0.0333333 0.0287037 0.00287015
0 0.75651 0.374074 0.0203125 0.0314815 0.00289583
7 0.991927 0.518056 0.0151042 0.173148 0.00292486
11 0.220313 0.0666667 0.0520833 0.0592593 0.00354659
1 0.0140625 0.395833 0.028125 0.112037 0.00358909
9 0.26901 0.0472222 0.0203125 0.0388889 0.00361321
7 0.977604 0.521759 0.04375 0.193519 0.00377638
2 0.00390625 0.410185 0.0078125 0.0833333 0.00410355
9 0.99375 0.494907 0.0114583 0.126852 0.00415868
9 0.573698 0.0314815 0.0151042 0.0592593 0.00446133
2 0.448438 0.115741 0.0291667 0.0240741 0.00448246
12 0.702083 0.165278 0.0197917 0.037963 0.00476107
12 0.690885 0.165278 0.0109375 0.037963 0.00482139
9 0.757031 0.0736111 0.0109375 0.0435185 0.00496612
1 0.810677 0.331019 0.0182292 0.0898148 0.00509835
1 0.0046875 0.3875 0.009375 0.123148 0.00542538
2 0.592708 0.125926 0.0177083 0.0240741 0.00542943
9 0.502083 0.760185 0.0125 0.0537037 0.00551948
12 0.994271 0.496759 0.0104167 0.130556 0.00597101
9 0.36224 0.0680556 0.00885417 0.025 0.00720939
9 0.208594 0.0689815 0.0255208 0.0472222 0.00778813
0 0.755469 0.0902778 0.0151042 0.075 0.0085194
11 0.236979 0.0689815 0.0177083 0.0453704 0.00914694
0 0.714583 0.374537 0.0239583 0.0231481 0.0107535
9 0.26875 0.0240741 0.0208333 0.0425926 0.0132848
0 0.995573 0.329167 0.0078125 0.0546296 0.0134126
9 0.442187 0.0865741 0.0135417 0.0268519 0.0145413
2 0.785156 0.0898148 0.0140625 0.0240741 0.0175904
2 0.271094 0.108796 0.0140625 0.0416667 0.0197881
0 0.635417 0.148148 0.009375 0.05 0.0226724
5 0.220313 0.0694444 0.0510417 0.0648148 0.0239591
7 0.220052 0.0689815 0.0515625 0.0657407 0.0312942
2 0.488542 0.107407 0.0135417 0.05 0.0378246
9 0.566927 0.0481481 0.0078125 0.0240741 0.0414576
2 0.634896 0.143056 0.0104167 0.0490741 0.0422615
2 0.461198 0.113889 0.0119792 0.0351852 0.0926451
2 0.292969 0.108333 0.0276042 0.0796296 0.106187
2 0.466406 0.110185 0.0203125 0.0425926 0.210825
2 0.479948 0.109259 0.0213542 0.0444444 0.257742
2 0.321875 0.0865741 0.0375 0.0361111 0.346738
7 0.50599 0.103704 0.0432292 0.062963 0.380508
2 0.626823 0.121296 0.0255208 0.05 0.410255
2 0.505729 0.103704 0.0427083 0.062963 0.457069
2 0.318229 0.120833 0.0510417 0.0712963 0.732015
11 0.728906 0.0430556 0.0276042 0.0564815 0.766682
10 0.203906 0.315741 0.0161458 0.0722222 0.778387
2 0.729427 0.418519 0.122396 0.172222 0.907941
