13 0.972656 0.52037 0.0546875 0.175926 0.00104507
0 0.469792 0.508333 0.609375 0.77037 0.00106754
58 0.96849 0.49537 0.0296875 0.0888889 0.00112126
0 0.755469 0.0912037 0.0151042 0.0731481 0.00114468
0 0.541927 0.2625 0.511979 0.376852 0.00115917
2 0.814323 0.0703704 0.0171875 0.0148148 0.00117071
2 0.592969 0.125926 0.0182292 0.0259259 0.00117739
9 0.50026 0.606019 0.0151042 0.0453704 0.00124111
13 0.961198 0.55463 0.0380208 0.0407407 0.00128925
9 0.261979 0.0435185 0.015625 0.0592593 0.00129074
2 0.816146 0.23287 0.0114583 0.0472222 0.00135802
7 0.3 0.106481 0.08125 0.0944444 0.00135869
2 0.780208 0.118981 0.03125 0.0527778 0.00137682
0 0.389844 0.295833 0.0182292 0.0324074 0.00138705
7 0.227344 0.0685185 0.0348958 0.0518519 0.00147685
32 0.454427 0.315741 0.00885417 0.0148148 0.00148761
0 0.75651 0.0731481 0.0119792 0.0388889 0.00152204
9 0.572656 0.0324074 0.0151042 0.0574074 0.00152572
2 0.642187 0.123148 0.0552083 0.0555556 0.00154514
9 0.29401 0.0541667 0.00989583 0.0435185 0.0015735
1 0.810417 0.330093 0.0197917 0.087963 0.00162121
2 0.793229 0.0893519 0.0375 0.0324074 0.00162154
58 0.91875 0.183333 0.1625 0.361111 0.00182477
2 0.442969 0.0884259 0.0140625 0.0287037 0.00185568
2 0.772917 0.1125 0.015625 0.025 0.00199534
0 0.742969 0.371296 0.0203125 0.0314815 0.00204654
0 0.151562 0.518519 0.0208333 0.0407407 0.00208125
2 0.00494792 0.55787 0.00989583 0.0416667 0.0021302
9 0.99401 0.496759 0.0109375 0.128704 0.00214166
7 0.213542 0.0597222 0.0364583 0.062037 0.00214925
2 0.573698 0.105556 0.270312 0.0685185 0.00215568
2 0.423698 0.108333 0.316146 0.0814815 0.0021743
0 0.385938 0.280093 0.05 0.0527778 0.00218831
12 0.701823 0.150463 0.0223958 0.0638889 0.00241242
2 0.241146 0.108796 0.01875 0.0361111 0.00242747
9 0.235677 0.0643518 0.0182292 0.0361111 0.00261676
9 0.26901 0.0560185 0.0203125 0.0398148 0.00273847
0 0.729427 0.372222 0.0244792 0.0277778 0.00274262
11 0.2375 0.0680556 0.015625 0.0416667 0.00277516
9 0.257031 0.0763889 0.0119792 0.0472222 0.00289877
9 0.253385 0.0865741 0.0140625 0.0361111 0.00302586
1 0.00390625 0.410648 0.0078125 0.0861111 0.00309282
9 0.219531 0.0657407 0.0484375 0.0574074 0.00320106
0 0.75599 0.375 0.0213542 0.0314815 0.00340411
32 0.460677 0.356481 0.00989583 0.0148148 0.00348886
9 0.270052 0.0361111 0.0255208 0.0703704 0.00355641
2 0.238542 0.140278 0.0197917 0.0435185 0.00369629
12 0.994531 0.497222 0.00989583 0.133333 0.00398316
0 0.442187 0.0972222 0.0166667 0.0462963 0.00440959
2 0.479948 0.106944 0.0765625 0.0601852 0.00460037
0 0.266146 0.099537 0.0104167 0.0546296 0.00463172
2 0.783594 0.100926 0.0369792 0.0481481 0.00469544
9 0.263281 0.0884259 0.0078125 0.037963 0.00493931
12 0.69349 0.165278 0.00677083 0.0361111 0.0050255
0 0.995833 0.328704 0.00729167 0.05 0.00514227
2 0.813802 0.0768519 0.0182292 0.0148148 0.00610588
0 0.395052 0.276389 0.0244792 0.0435185 0.00621388
0 0.627865 0.130556 0.0255208 0.062963 0.00774409
0 0.714844 0.372685 0.0244792 0.025 0.00804057
9 0.361979 0.0703704 0.00833333 0.0222222 0.00833529
7 0.788542 0.0648148 0.0270833 0.062963 0.00854955
9 0.269531 0.0212963 0.0203125 0.037037 0.00887204
2 0.60625 0.0606481 0.0104167 0.025 0.0117967
0 0.291146 0.816204 0.04375 0.062037 0.0120862
9 0.502604 0.760185 0.0135417 0.0518519 0.014385
2 0.488802 0.10787 0.0140625 0.0509259 0.0174856
2 0.271875 0.109259 0.0145833 0.0407407 0.0183213
9 0.208333 0.0666667 0.0239583 0.0462963 0.0223347
9 0.442708 0.0888889 0.0135417 0.0277778 0.0231278
2 0.786979 0.0888889 0.0177083 0.0240741 0.025822
9 0.566927 0.0486111 0.0078125 0.0231481 0.0321829
2 0.46224 0.112037 0.0130208 0.0388889 0.0603782
2 0.298958 0.108333 0.0395833 0.0851852 0.131914
0 0.309375 0.817593 0.0427083 0.0611111 0.135803
7 0.298177 0.106944 0.0401042 0.0842593 0.169439
2 0.472396 0.109259 0.0322917 0.0444444 0.220627
2 0.322396 0.0875 0.0385417 0.0342593 0.23123
2 0.627604 0.122222 0.025 0.0518519 0.373496
2 0.50599 0.10463 0.0432292 0.062963 0.570764
0 0.248958 0.821296 0.0427083 0.0611111 0.622769
2 0.31875 0.120833 0.05 0.0731481 0.677682
10 0.203906 0.316667 0.0161458 0.0703704 0.727039
11 0.729167 0.0435185 0.0270833 0.0555556 0.822985
2 0.38776 0.31713 0.104687 0.136111 0.880512
2 0.276042 0.863889 0.197917 0.266667 0.903082
2 0.729688 0.418519 0.122917 0.17037 0.90884
2 0.59349 0.21713 0.123438 0.10463 0.915707
