13 0.964323 0.548148 0.0453125 0.0555556 0.00125865
9 0.579427 0.0324074 0.0161458 0.0592593 0.00132706
9 0.269271 0.0259259 0.021875 0.0462963 0.00140965
2 0.238542 0.137963 0.0197917 0.0462963 0.00141432
10 0.00416667 0.471759 0.00833333 0.19537 0.00148465
7 0.213542 0.0611111 0.0375 0.0666667 0.00148963
7 0.221354 0.0597222 0.05625 0.10463 0.00149907
12 0.702344 0.131019 0.0213542 0.0694444 0.0015181
2 0.0273438 0.156019 0.0546875 0.0805556 0.00163608
7 0.277083 0.0425926 0.0354167 0.0611111 0.00167242
0 0.928385 0.28287 0.0130208 0.0472222 0.00169207
2 0.547135 0.117593 0.202604 0.0833333 0.00170028
9 0.584635 0.037963 0.0140625 0.05 0.00171104
11 0.240625 0.0351852 0.0239583 0.0666667 0.00174031
0 0.75651 0.373148 0.0223958 0.0351852 0.00175144
7 0.145052 0.0898148 0.0651042 0.0740741 0.00179627
9 0.547917 0.0527778 0.0104167 0.0240741 0.00180709
2 0.592448 0.122222 0.0182292 0.0296296 0.00193896
1 0.0289063 0.169907 0.0578125 0.0675926 0.00199652
2 0.269792 0.0476852 0.01875 0.037963 0.00217477
2 0.771615 0.110185 0.0151042 0.0277778 0.00245195
9 0.21875 0.102778 0.009375 0.037037 0.00247985
0 0.263021 0.0907407 0.00833333 0.0444444 0.00254707
13 0.986719 0.519444 0.0255208 0.177778 0.00254843
0 0.709115 0.374074 0.0182292 0.0240741 0.00262229
2 0.394792 0.102315 0.0291667 0.0305556 0.00265172
2 0.465625 0.119444 0.0302083 0.0277778 0.00274294
0 0.717188 0.371759 0.025 0.0268519 0.00278514
2 0.779427 0.103241 0.0296875 0.0453704 0.0028602
2 0.455729 0.116204 0.015625 0.0324074 0.00289105
12 0.692187 0.1625 0.00833333 0.0416667 0.00292867
12 0.701823 0.164352 0.0182292 0.037963 0.00293733
7 0.786979 0.0634259 0.0239583 0.062037 0.00303472
2 0.265885 0.0972222 0.0109375 0.0555556 0.00322144
58 0.968229 0.49537 0.0302083 0.0851852 0.00330982
7 0.276563 0.0740741 0.0375 0.140741 0.0033108
2 0.255469 0.0865741 0.0213542 0.0361111 0.00340753
2 0.53151 0.112037 0.0140625 0.0425926 0.00374753
2 0.00729167 0.353241 0.0145833 0.0694444 0.00378367
9 0.217708 0.0638889 0.0427083 0.0537037 0.00382601
9 0.572396 0.0310185 0.0135417 0.0583333 0.00414268
9 0.5 0.601389 0.0145833 0.0416667 0.00462958
32 0.454167 0.313889 0.00833333 0.0148148 0.00503766
13 0.970312 0.528704 0.0583333 0.196296 0.00506512
9 0.991667 0.511111 0.015625 0.161111 0.00529814
11 0.23724 0.0671296 0.0161458 0.0398148 0.00534571
7 0.970312 0.52963 0.0583333 0.209259 0.00554282
2 0.269271 0.109259 0.0114583 0.0388889 0.00558425
2 0.498698 0.113889 0.0369792 0.0388889 0.00604391
2 0.286979 0.112037 0.0166667 0.0759259 0.0073479
9 0.207292 0.0694444 0.01875 0.0388889 0.00737541
2 0.442708 0.087037 0.0145833 0.0259259 0.00754926
2 0.60599 0.0592593 0.00989583 0.0277778 0.00757715
9 0.221875 0.0518519 0.0145833 0.0333333 0.0108662
0 0.634635 0.147685 0.00989583 0.0509259 0.0125726
2 0.785417 0.0893519 0.0145833 0.0231481 0.0132393
9 0.220052 0.0884259 0.00989583 0.0138889 0.0180159
0 0.75599 0.0842593 0.0130208 0.0722222 0.0254944
9 0.442708 0.0865741 0.0135417 0.025 0.026819
9 0.566927 0.0476852 0.0078125 0.0231481 0.0382745
2 0.295052 0.104167 0.0286458 0.075 0.0416197
9 0.502083 0.759722 0.0135417 0.0546296 0.0449041
2 0.00390625 0.412963 0.0078125 0.0740741 0.0456054
7 0.294531 0.105556 0.0286458 0.0814815 0.0474233
2 0.634375 0.142593 0.0114583 0.0481481 0.0487682
2 0.48099 0.0921296 0.0234375 0.0157407 0.0681033
2 0.445833 0.118519 0.0239583 0.0222222 0.130295
2 0.321875 0.0847222 0.0375 0.0342593 0.248333
2 0.627083 0.12037 0.0260417 0.0518519 0.370718
2 0.482292 0.149537 0.0645833 0.108333 0.37808
7 0.0210938 0.321296 0.0421875 0.133333 0.406909
2 0.0210938 0.322685 0.0421875 0.132407 0.435077
2 0.509115 0.103241 0.0359375 0.062037 0.564821
7 0.482031 0.149537 0.0651042 0.108333 0.700026
2 0.318229 0.121296 0.0510417 0.0703704 0.744169
10 0.204167 0.314815 0.015625 0.0703704 0.766787
11 0.728906 0.0421296 0.0276042 0.0546296 0.767766
2 0.729427 0.419907 0.123438 0.169444 0.89898
