14 0.888021 0.97963 0.040625 0.0259259 0.00101622
0 0.756771 0.374074 0.0208333 0.0333333 0.00105099
2 0.641927 0.151852 0.0213542 0.062963 0.00115231
9 0.441406 0.225 0.00885417 0.0148148 0.00116413
7 0.971094 0.519907 0.0567708 0.184259 0.00117786
32 0.454167 0.315741 0.00833333 0.0148148 0.00120256
12 0.702344 0.136574 0.0234375 0.0824074 0.00130567
2 0.46224 0.115278 0.0140625 0.037963 0.00133104
0 0.00598958 0.359722 0.0119792 0.0824074 0.00134252
2 0.452865 0.0944444 0.0661458 0.0814815 0.00135552
2 0.0244792 0.354167 0.0479167 0.0287037 0.00140581
12 0.694271 0.162963 0.00729167 0.0388889 0.00143604
2 0.53099 0.111574 0.0130208 0.0435185 0.00147559
2 0.96224 0.553704 0.0390625 0.0407407 0.00153773
7 0.988021 0.523611 0.0229167 0.19537 0.00154067
2 0.585417 0.422685 0.586458 0.180556 0.00155526
9 0.559635 0.0282407 0.0203125 0.0490741 0.0016094
9 0.50026 0.603704 0.0151042 0.0407407 0.00167709
9 0.258594 0.0731481 0.0130208 0.05 0.00171959
9 0.207292 0.0675926 0.021875 0.0425926 0.00176083
9 0.561719 0.050463 0.0192708 0.025 0.0018347
7 0.296615 0.100926 0.0786458 0.0962963 0.00191459
2 0.5375 0.111111 0.009375 0.0444444 0.00192589
9 0.995313 0.530556 0.00833333 0.0425926 0.00192904
2 0.783594 0.101852 0.0380208 0.0537037 0.00203439
9 0.252604 0.0875 0.0135417 0.0342593 0.00204341
2 0.00546875 0.0930556 0.0109375 0.0435185 0.00208905
9 0.270052 0.0333333 0.0244792 0.062963 0.00215484
7 0.280469 0.0759259 0.0328125 0.140741 0.00221307
2 0.794271 0.0847222 0.0302083 0.0287037 0.00227266
9 0.43776 0.201389 0.00885417 0.0361111 0.0023842
9 0.990625 0.502315 0.0177083 0.139815 0.00257801
0 0.26276 0.105093 0.00885417 0.0509259 0.00262377
2 0.389323 0.101389 0.191146 0.0768519 0.00263116
12 0.702344 0.164352 0.0213542 0.037963 0.0026983
0 0.714583 0.371296 0.025 0.0296296 0.00277516
9 0.588542 0.0407407 0.0145833 0.0462963 0.00277931
9 0.176563 0.510648 0.0375 0.0416667 0.002793
12 0.989062 0.499537 0.0197917 0.132407 0.00315756
2 0.270312 0.0518519 0.0197917 0.0333333 0.00322918
2 0.553906 0.10463 0.202604 0.0703704 0.0033036
2 0.0348958 0.0680556 0.021875 0.0231481 0.0033396
11 0.236979 0.0694444 0.0177083 0.0444444 0.00347563
2 0.238542 0.10787 0.0177083 0.0416667 0.00361985
9 0.36276 0.0689815 0.00989583 0.0231481 0.00372157
2 0.053125 0.0675926 0.0520833 0.0314815 0.00438203
7 0.789583 0.0662037 0.028125 0.0638889 0.00469482
2 0.0046875 0.375926 0.009375 0.0537037 0.0055142
9 0.416406 0.0162037 0.0171875 0.0324074 0.00577509
2 0.238802 0.141667 0.0192708 0.0407407 0.00623141
9 0.582552 0.0361111 0.0130208 0.0555556 0.00726124
9 0.502344 0.758796 0.0130208 0.0546296 0.00806114
12 0.994531 0.49537 0.00989583 0.12963 0.00869876
9 0.270052 0.0199074 0.0203125 0.0342593 0.00977952
0 0.635417 0.148611 0.009375 0.0509259 0.0105964
0 0.75599 0.0898148 0.0140625 0.0722222 0.0107408
2 0.0145833 0.369444 0.0291667 0.0574074 0.0112418
2 0.635417 0.14537 0.0104167 0.0481481 0.0120557
2 0.363802 0.0685185 0.0119792 0.0222222 0.0121488
1 0.0117188 0.394444 0.0234375 0.116667 0.012464
9 0.574219 0.0310185 0.0151042 0.0601852 0.0130963
11 0.60625 0.0601852 0.0104167 0.0240741 0.0137033
13 0.00494792 0.398148 0.00989583 0.105556 0.014953
2 0.271875 0.106019 0.0145833 0.0472222 0.0178218
13 0.0145833 0.394907 0.0291667 0.113889 0.0189297
5 0.220573 0.0773148 0.0505208 0.0842593 0.019378
2 0.592448 0.128241 0.0171875 0.0212963 0.0260714
2 0.786458 0.0884259 0.015625 0.0231481 0.0293336
2 0.44349 0.0861111 0.0140625 0.0314815 0.0372993
7 0.220573 0.0680556 0.0505208 0.075 0.0383979
9 0.567448 0.0481481 0.0078125 0.0240741 0.0844019
2 0.451562 0.0736111 0.0375 0.0398148 0.263439
2 0.322135 0.087963 0.0390625 0.037037 0.267517
2 0.299479 0.106481 0.0395833 0.0814815 0.318781
2 0.627344 0.121759 0.0255208 0.0509259 0.425134
2 0.473437 0.108796 0.034375 0.0453704 0.432826
2 0.43776 0.0699074 0.0244792 0.0361111 0.478822
2 0.505729 0.104167 0.0427083 0.062037 0.621195
2 0.31849 0.120833 0.0505208 0.0712963 0.710138
10 0.204167 0.316667 0.0166667 0.0722222 0.741756
11 0.729688 0.0425926 0.0270833 0.0555556 0.789664
2 0.729688 0.419444 0.122917 0.172222 0.918645
