2 0.910417 0.490278 0.0208333 0.0268519 0.00101949
12 0.701302 0.165278 0.0213542 0.037963 0.00102556
9 0.245052 0.0935185 0.0078125 0.0259259 0.00103712
2 0.65625 0.139352 0.0802083 0.0824074 0.00108849
0 0.201562 0.977778 0.046875 0.0425926 0.00110531
0 0.361979 0.0703704 0.00833333 0.0240741 0.00112191
2 0.0184896 0.143519 0.0369792 0.0611111 0.00112468
1 0.0236979 0.395833 0.0473958 0.113889 0.00124179
13 0.9875 0.518981 0.0239583 0.175 0.00126202
9 0.260417 0.0657407 0.0135417 0.0481481 0.00130194
7 0.970573 0.519907 0.0578125 0.187963 0.00133733
2 0.58151 0.420833 0.521354 0.178704 0.00135224
2 0.304167 0.127315 0.0333333 0.0638889 0.00136302
12 0.98776 0.518056 0.0234375 0.175 0.00136795
9 0.253125 0.0884259 0.0145833 0.0342593 0.0015451
7 0.472917 0.100463 0.0447917 0.0638889 0.00156149
2 0.00989583 0.138426 0.0197917 0.0509259 0.0015663
58 0.969271 0.499074 0.03125 0.0925926 0.00159194
0 0.755469 0.12037 0.0151042 0.05 0.00164105
9 0.817448 0.236111 0.00885417 0.0407407 0.0016515
2 0.779427 0.106481 0.0286458 0.0444444 0.00167866
12 0.689583 0.16713 0.0125 0.0361111 0.00171669
9 0.415885 0.0106481 0.0161458 0.0212963 0.00185807
2 0.400781 0.109722 0.256771 0.0787037 0.00213152
7 0.993229 0.518519 0.0125 0.172222 0.00217385
7 0.788542 0.0652778 0.025 0.062037 0.00222182
12 0.693229 0.164815 0.00729167 0.0388889 0.00230526
9 0.50026 0.603241 0.0151042 0.0398148 0.0023839
12 0.702083 0.137963 0.0229167 0.0888889 0.0024823
11 0.236198 0.0666667 0.0182292 0.0407407 0.00249878
0 0.75651 0.373148 0.0203125 0.0314815 0.00251773
2 0.564062 0.108333 0.201042 0.0648148 0.00253308
2 0.59349 0.125 0.0161458 0.0240741 0.00259505
9 0.263281 0.0898148 0.00885417 0.037037 0.00261228
9 0.429688 0.0393519 0.00833333 0.0212963 0.00265933
13 0.961458 0.555093 0.0385417 0.0398148 0.00267056
2 0.296615 0.108796 0.0692708 0.0898148 0.00299712
9 0.207813 0.0680556 0.0197917 0.0416667 0.00303563
2 0.364062 0.0680556 0.0114583 0.0194444 0.00305781
0 0.268229 0.100463 0.0135417 0.0564815 0.00306235
0 0.727604 0.372685 0.0291667 0.0287037 0.00342463
2 0.442448 0.0875 0.0140625 0.0268519 0.00369067
11 0.60625 0.0611111 0.009375 0.0240741 0.00390388
9 0.21849 0.0550926 0.0223958 0.0490741 0.00402847
1 0.810417 0.334722 0.01875 0.0805556 0.00436866
2 0.444271 0.115741 0.021875 0.0222222 0.00445917
9 0.293229 0.0546296 0.009375 0.0351852 0.00448619
0 0.263281 0.106481 0.00885417 0.0462963 0.0045922
5 0.220573 0.0689815 0.0505208 0.062037 0.00534149
2 0.238802 0.139815 0.0192708 0.0444444 0.00542513
9 0.547917 0.0592593 0.0104167 0.0222222 0.00543909
12 0.99375 0.506019 0.0114583 0.150926 0.00566333
9 0.220313 0.0898148 0.009375 0.0166667 0.00600455
1 0.0127604 0.369444 0.0255208 0.0481481 0.00647764
9 0.572135 0.0314815 0.0130208 0.0592593 0.00705396
7 0.219531 0.0680556 0.0526042 0.0712963 0.00716168
9 0.584635 0.0402778 0.0119792 0.0453704 0.00986277
0 0.634896 0.147685 0.009375 0.0509259 0.0100229
2 0.813802 0.074537 0.0182292 0.0175926 0.0102198
2 0.271354 0.111111 0.0145833 0.037037 0.0116898
9 0.502083 0.759722 0.0135417 0.0546296 0.0134491
0 0.757292 0.0773148 0.0114583 0.0490741 0.0135697
9 0.442448 0.0875 0.0130208 0.0268519 0.0147972
1 0.0046875 0.406481 0.009375 0.0888889 0.0175283
0 0.714844 0.372222 0.0244792 0.0259259 0.0194586
9 0.26901 0.0356481 0.0223958 0.0694444 0.0205195
1 0.00963542 0.397222 0.0192708 0.109259 0.0236675
2 0.488021 0.110185 0.0135417 0.0444444 0.0275721
2 0.634635 0.143056 0.0109375 0.0472222 0.0299835
2 0.785937 0.0893519 0.015625 0.0231481 0.0347813
2 0.482292 0.105556 0.0260417 0.0481481 0.049321
2 0.46276 0.113889 0.0140625 0.0351852 0.0962246
9 0.567187 0.0486111 0.00833333 0.0231481 0.0983267
2 0.29375 0.10787 0.0302083 0.0805556 0.099722
7 0.296875 0.107407 0.0375 0.0814815 0.107176
2 0.488021 0.075 0.0229167 0.0259259 0.199733
2 0.470833 0.111111 0.0302083 0.0407407 0.213639
2 0.321875 0.0884259 0.0375 0.037963 0.325413
2 0.627344 0.122685 0.0244792 0.0509259 0.42946
7 0.50651 0.103241 0.0421875 0.0638889 0.463196
10 0.203906 0.316204 0.0161458 0.0712963 0.604222
2 0.31849 0.121759 0.0505208 0.0694444 0.74116
11 0.728646 0.0430556 0.0270833 0.0564815 0.812078
2 0.182292 0.945833 0.209375 0.10463 0.852835
2 0.729948 0.419444 0.122396 0.17037 0.900778
