10 0.197656 0.296759 0.0296875 0.112037 0.00102144
58 0.968229 0.509259 0.0520833 0.131481 0.00103065
2 0.973437 0.516204 0.0520833 0.167593 0.00106105
7 0.220313 0.0930556 0.053125 0.115741 0.00108429
58 0.96276 0.261111 0.0734375 0.201852 0.00114446
9 0.263021 0.0412037 0.0177083 0.0601852 0.00118106
9 0.817187 0.236574 0.00833333 0.0398148 0.0012073
2 0.299219 0.0962963 0.115104 0.101852 0.00126865
9 0.588542 0.0388889 0.0145833 0.0518519 0.00131274
2 0.239323 0.105556 0.0171875 0.0351852 0.00133014
2 0.655208 0.136574 0.084375 0.0824074 0.00134122
13 0.986458 0.522685 0.0260417 0.163889 0.00139405
7 0.275 0.049537 0.0291667 0.0583333 0.00141363
7 0.152604 0.0884259 0.075 0.0824074 0.00141724
9 0.76875 0.0486111 0.021875 0.0953704 0.00142962
2 0.530729 0.106019 0.015625 0.0509259 0.00147283
0 0.263281 0.10463 0.00885417 0.0518519 0.00149815
2 0.0611979 0.0699074 0.0369792 0.0268519 0.00150858
9 0.263021 0.0861111 0.00833333 0.0333333 0.00156381
13 0.994531 0.519907 0.00989583 0.169444 0.00175518
2 0.817448 0.235648 0.00885417 0.0398148 0.00207665
9 0.559635 0.0300926 0.0234375 0.0583333 0.0020771
1 0.00625 0.383796 0.0125 0.0972222 0.00211815
2 0.641667 0.152315 0.0208333 0.062037 0.0022176
12 0.994531 0.493981 0.00989583 0.132407 0.00231823
2 0.297917 0.0717593 0.0177083 0.0157407 0.00249507
11 0.60625 0.0601852 0.0104167 0.0240741 0.00253623
32 0.454167 0.314815 0.00833333 0.012963 0.00266554
0 0.756771 0.0768519 0.0125 0.0462963 0.00272629
0 0.995573 0.328241 0.0078125 0.0564815 0.00292608
9 0.275 0.0384259 0.0364583 0.0731481 0.00293961
13 0.0135417 0.397685 0.0270833 0.112037 0.00297602
2 0.372656 0.103704 0.120312 0.0833333 0.00300108
12 0.70026 0.162963 0.0213542 0.0407407 0.00301392
13 0.970833 0.517593 0.0572917 0.17037 0.0030477
9 0.485156 0.0199074 0.0109375 0.0305556 0.00306287
0 0.267448 0.0986111 0.0109375 0.0546296 0.00307017
9 0.5 0.603704 0.015625 0.0407407 0.00311674
11 0.236979 0.0675926 0.0166667 0.0425926 0.0031301
2 0.448958 0.109722 0.165625 0.075 0.00325402
9 0.99375 0.494907 0.0114583 0.126852 0.00336136
0 0.44349 0.0981481 0.0192708 0.05 0.00340343
9 0.416146 0.012037 0.0166667 0.0240741 0.0034116
2 0.552865 0.111574 0.332812 0.0768519 0.00356334
13 0.00442708 0.40463 0.00885417 0.0944444 0.00374152
9 0.551823 0.049537 0.0130208 0.0287037 0.00399315
58 0.968229 0.495833 0.0302083 0.087963 0.00412583
2 0.775 0.115278 0.01875 0.0305556 0.00421392
9 0.757292 0.0731481 0.0104167 0.0407407 0.00427887
7 0.275521 0.0537037 0.0364583 0.103704 0.00432914
0 0.283854 0.0967593 0.0104167 0.0416667 0.00496625
13 0.961458 0.555556 0.0385417 0.0444444 0.00539586
2 0.786458 0.0888889 0.0166667 0.0240741 0.0061744
2 0.442969 0.087037 0.0151042 0.0277778 0.00758156
9 0.270052 0.0472222 0.0192708 0.0407407 0.00940535
12 0.692448 0.163889 0.0109375 0.0388889 0.00987435
9 0.582292 0.0342593 0.0145833 0.062963 0.0100834
2 0.592188 0.126852 0.0177083 0.0222222 0.0112565
2 0.271094 0.110185 0.0140625 0.037037 0.0114379
0 0.635677 0.148148 0.00989583 0.0537037 0.0121701
9 0.209115 0.0666667 0.0255208 0.0481481 0.0121943
2 0.238281 0.140741 0.0182292 0.0425926 0.0122809
9 0.109635 0.025 0.0119792 0.037037 0.0129239
9 0.26875 0.0240741 0.0208333 0.0407407 0.0130719
9 0.567448 0.0314815 0.0130208 0.0592593 0.013136
7 0.297396 0.108333 0.0322917 0.0814815 0.0139843
0 0.757812 0.122222 0.0135417 0.0314815 0.0143532
9 0.443229 0.087963 0.0145833 0.0277778 0.0157353
2 0.635156 0.147222 0.0119792 0.0537037 0.0162982
2 0.363021 0.0611111 0.0166667 0.0277778 0.0166733
2 0.402865 0.1125 0.0161458 0.0453704 0.0169147
2 0.491146 0.106944 0.01875 0.0509259 0.0185292
9 0.502344 0.760185 0.0130208 0.0537037 0.0191376
5 0.220313 0.0666667 0.05 0.0574074 0.0250216
2 0.39375 0.075 0.0291667 0.0314815 0.0253621
2 0.329688 0.0703704 0.0385417 0.0407407 0.031222
7 0.217969 0.0648148 0.0453125 0.0574074 0.037564
2 0.292708 0.110648 0.0270833 0.0768519 0.0404804
2 0.309896 0.0592593 0.0208333 0.0240741 0.0890042
9 0.567187 0.0481481 0.00833333 0.0240741 0.0957949
2 0.46276 0.111111 0.0140625 0.0425926 0.106456
2 0.321615 0.0893519 0.0401042 0.0361111 0.20047
2 0.528385 0.0731481 0.0192708 0.0351852 0.204721
2 0.372656 0.062963 0.0296875 0.0296296 0.244324
2 0.472656 0.109259 0.0328125 0.0444444 0.286257
2 0.384115 0.0634259 0.0348958 0.0324074 0.294763
2 0.334635 0.0592593 0.0317708 0.0277778 0.397527
2 0.627604 0.121296 0.0260417 0.05 0.411473
2 0.505208 0.104167 0.0427083 0.062037 0.561335
2 0.389062 0.101389 0.0427083 0.0638889 0.631418
2 0.31849 0.121759 0.0505208 0.0731481 0.696137
11 0.729167 0.0430556 0.0270833 0.0564815 0.798887
10 0.204167 0.315741 0.015625 0.0722222 0.801509
2 0.384115 0.15787 0.0588542 0.0824074 0.842916
2 0.729688 0.419444 0.122917 0.17037 0.905996
2 0.746094 0.190741 0.127604 0.111111 0.913736
