2 0.561979 0.423148 0.530208 0.177778 0.00107818
2 0.817187 0.234722 0.009375 0.0416667 0.00108618
1 0.00494792 0.371759 0.00989583 0.0601852 0.00110563
9 0.36276 0.0453704 0.00989583 0.0296296 0.00116701
7 0.236979 0.074537 0.0177083 0.0564815 0.00117993
13 0.961458 0.556481 0.0385417 0.0444444 0.00119726
2 0.2625 0.102778 0.0114583 0.0537037 0.00122455
9 0.56224 0.050463 0.0192708 0.0268519 0.00127975
1 0.00416667 0.407407 0.00833333 0.0907407 0.00131364
2 0.300521 0.130093 0.025 0.0583333 0.00131592
7 0.274219 0.0421296 0.0328125 0.0657407 0.00137336
7 0.788802 0.0643518 0.0255208 0.0601852 0.00137801
9 0.995052 0.525463 0.00885417 0.0583333 0.00140631
9 0.559115 0.0291667 0.0223958 0.0527778 0.00144712
0 0.816927 0.235185 0.00885417 0.0407407 0.00153148
2 0.00416667 0.38287 0.00833333 0.0416667 0.00156004
9 0.548177 0.0523148 0.0109375 0.025 0.00156694
0 0.714583 0.370833 0.0239583 0.0287037 0.00165077
58 0.96901 0.499074 0.0317708 0.0907407 0.00169282
5 0.219792 0.0935185 0.05625 0.125926 0.00180108
0 0.442448 0.0875 0.0151042 0.0287037 0.00182153
2 0.290104 0.10463 0.0833333 0.087037 0.00185045
2 0.239583 0.106481 0.0166667 0.037037 0.00186112
9 0.415625 0.0087963 0.015625 0.0175926 0.00190534
11 0.255729 0.087037 0.0197917 0.0351852 0.00206551
7 0.316667 0.0703704 0.0520833 0.0703704 0.00208527
2 0.529948 0.113889 0.311979 0.0703704 0.002248
2 0.586458 0.126852 0.03125 0.0314815 0.0023342
11 0.23724 0.0680556 0.0171875 0.0435185 0.00249572
13 0.00390625 0.406481 0.0078125 0.0907407 0.00265092
2 0.658594 0.147222 0.0578125 0.0685185 0.0027378
2 0.78151 0.101852 0.0338542 0.05 0.00284648
9 0.263021 0.087037 0.00833333 0.0333333 0.00287917
0 0.266667 0.0962963 0.0104167 0.0481481 0.00288254
7 0.978125 0.519444 0.0427083 0.187037 0.00299761
9 0.5 0.60463 0.0145833 0.0407407 0.0032694
2 0.218229 0.137037 0.059375 0.0518519 0.003297
2 0.46276 0.112963 0.105729 0.0555556 0.00332531
9 0.992969 0.49537 0.0130208 0.127778 0.00332971
7 0.292448 0.0828704 0.0536458 0.10463 0.00371427
9 0.363281 0.0689815 0.0119792 0.0212963 0.00386444
9 0.583854 0.0384259 0.0125 0.0490741 0.00397895
12 0.99375 0.497222 0.0114583 0.131481 0.00444726
12 0.701823 0.15463 0.0234375 0.0555556 0.00459089
2 0.352083 0.115278 0.104167 0.0601852 0.00543943
2 0.468229 0.113889 0.0239583 0.0407407 0.00575654
12 0.693229 0.163426 0.00729167 0.0398148 0.00633777
0 0.282813 0.0884259 0.00833333 0.0268519 0.0068149
9 0.442448 0.087963 0.0130208 0.0277778 0.0070507
0 0.995573 0.32963 0.0078125 0.0537037 0.00945176
2 0.641406 0.147222 0.0223958 0.0592593 0.0095998
9 0.26901 0.0402778 0.0213542 0.0564815 0.0101669
2 0.324219 0.100926 0.0453125 0.0574074 0.01227
11 0.60625 0.0601852 0.0104167 0.0240741 0.0143405
0 0.757031 0.0759259 0.0130208 0.0462963 0.015031
2 0.789323 0.0875 0.0203125 0.025 0.0164264
9 0.26901 0.0194444 0.0203125 0.0333333 0.0177216
9 0.570833 0.0319444 0.0135417 0.0601852 0.0183969
7 0.220052 0.0643518 0.0505208 0.0694444 0.0187001
2 0.592708 0.126852 0.0177083 0.0222222 0.0272532
2 0.271354 0.111111 0.0145833 0.0351852 0.0289694
7 0.316406 0.0810185 0.0411458 0.0305556 0.0300413
2 0.238542 0.141667 0.0177083 0.0388889 0.0312353
2 0.44375 0.112963 0.0197917 0.0259259 0.0325501
2 0.489062 0.107407 0.0145833 0.05 0.0353329
2 0.292969 0.10787 0.0276042 0.0768519 0.0370341
9 0.502083 0.760648 0.0125 0.0546296 0.0403999
2 0.634896 0.145833 0.0104167 0.0546296 0.0483905
5 0.215104 0.0657407 0.0395833 0.0611111 0.0528025
7 0.296094 0.106481 0.0348958 0.0814815 0.0704381
7 0.304688 0.0555556 0.0270833 0.0388889 0.144404
2 0.322396 0.0865741 0.0375 0.0361111 0.149276
9 0.567187 0.0486111 0.00833333 0.025 0.151427
2 0.4625 0.115278 0.0125 0.0324074 0.203164
2 0.478646 0.109722 0.0197917 0.0453704 0.270207
2 0.626823 0.122222 0.0255208 0.0518519 0.336743
2 0.351302 0.11713 0.0161458 0.0305556 0.391591
2 0.50599 0.104167 0.0432292 0.062037 0.415615
7 0.50599 0.104167 0.0432292 0.062037 0.422873
2 0.318229 0.121759 0.05 0.0694444 0.647404
2 0.420573 0.113889 0.0307292 0.0314815 0.748246
2 0.372656 0.111111 0.0317708 0.0407407 0.765022
10 0.203906 0.315741 0.0151042 0.0722222 0.773604
11 0.728906 0.0430556 0.0265625 0.0583333 0.801606
2 0.729688 0.419444 0.122917 0.17037 0.900529
