2 0.363802 0.0685185 0.0109375 0.0203704 0.0010764
7 0.147135 0.0912037 0.0671875 0.0805556 0.00107789
1 0.0132813 0.367593 0.0265625 0.0574074 0.00108411
9 0.114844 0.024537 0.0161458 0.0435185 0.00108832
2 0.995052 0.377778 0.00885417 0.164815 0.00111621
9 0.292448 0.0537037 0.00885417 0.0407407 0.00114463
13 0.961458 0.553704 0.0385417 0.0388889 0.00122876
13 0.972135 0.521759 0.0546875 0.173148 0.00124005
2 0.536719 0.109259 0.375521 0.0777778 0.0012405
2 0.445573 0.102778 0.0223958 0.0462963 0.00129698
2 0.771875 0.1125 0.0145833 0.0268519 0.00130321
7 0.990365 0.518981 0.0182292 0.184259 0.00131132
12 0.991146 0.518519 0.0166667 0.174074 0.00131586
1 0.228385 0.303241 0.0265625 0.0916667 0.00131832
7 0.970312 0.522222 0.0583333 0.188889 0.00133338
2 0.817448 0.231944 0.00885417 0.0472222 0.00133784
9 0.547917 0.0597222 0.0104167 0.025 0.0013506
9 0.817187 0.231944 0.00833333 0.0472222 0.00135792
2 0.778906 0.105093 0.0276042 0.0453704 0.00136259
0 0.521615 0.285648 0.552604 0.45463 0.00136273
1 0.810677 0.33287 0.0182292 0.0916667 0.00137913
7 0.789844 0.0634259 0.0286458 0.0657407 0.00140322
9 0.260677 0.049537 0.0130208 0.0435185 0.0014382
9 0.36276 0.0476852 0.00989583 0.0361111 0.00144426
58 0.96901 0.493519 0.0307292 0.0944444 0.00149826
1 0.00572917 0.365741 0.0114583 0.0648148 0.00153627
13 0.96901 0.565278 0.0546875 0.0657407 0.00154124
9 0.559375 0.024537 0.0197917 0.0453704 0.00157184
9 0.429688 0.0430556 0.00833333 0.0212963 0.00164009
2 0.413542 0.108333 0.29375 0.0814815 0.00165747
0 0.71901 0.370833 0.0255208 0.0287037 0.00166452
2 0.0046875 0.55787 0.009375 0.0416667 0.00174654
11 0.23724 0.0694444 0.0171875 0.0462963 0.00176354
12 0.995573 0.528704 0.0078125 0.0388889 0.00184762
9 0.577083 0.0328704 0.0145833 0.062037 0.00193994
9 0.27526 0.0435185 0.0338542 0.0851852 0.00200981
9 0.581771 0.037037 0.0114583 0.0518519 0.00224862
12 0.977083 0.497685 0.040625 0.126852 0.00241605
1 0.00416667 0.398148 0.00833333 0.107407 0.00272607
2 0.442448 0.087037 0.0130208 0.0277778 0.00277315
0 0.755729 0.0925926 0.0145833 0.0796296 0.0028864
10 0.223177 0.309259 0.0213542 0.087037 0.00303057
1 0.2375 0.3125 0.0322917 0.0898148 0.00303874
2 0.814323 0.075463 0.0182292 0.0175926 0.0030531
2 0.99401 0.521759 0.0109375 0.165741 0.00305636
9 0.5 0.603241 0.0145833 0.0416667 0.00308561
9 0.361979 0.0694444 0.00833333 0.0240741 0.00342346
0 0.265885 0.0981481 0.00989583 0.0537037 0.00422169
9 0.440625 0.227778 0.0125 0.0203704 0.00448595
9 0.263021 0.0884259 0.00833333 0.0361111 0.00484234
9 0.502344 0.759722 0.0130208 0.0546296 0.00495245
2 0.238542 0.142593 0.01875 0.037037 0.00536174
9 0.21224 0.0657407 0.0328125 0.0518519 0.00593689
9 0.570052 0.0310185 0.0130208 0.0583333 0.00692107
9 0.442187 0.0875 0.0125 0.0287037 0.00697671
0 0.995833 0.323611 0.00729167 0.0638889 0.00699096
0 0.756771 0.0726852 0.0114583 0.0416667 0.0071254
0 0.245052 0.258333 0.0182292 0.0574074 0.0085928
9 0.439583 0.198148 0.0135417 0.0333333 0.00963593
11 0.60625 0.0601852 0.009375 0.0240741 0.00975188
2 0.270052 0.110648 0.0119792 0.0361111 0.00997101
2 0.592448 0.126389 0.0171875 0.0231481 0.0140953
12 0.995052 0.493981 0.00885417 0.130556 0.0157595
9 0.269531 0.024537 0.0192708 0.0416667 0.0158148
2 0.786458 0.0884259 0.015625 0.0231481 0.0165415
5 0.220052 0.0662037 0.0494792 0.0583333 0.0174374
2 0.635156 0.145833 0.0109375 0.0527778 0.0204782
7 0.220313 0.0666667 0.0510417 0.0611111 0.0205958
0 0.635417 0.147222 0.009375 0.05 0.0238317
2 0.486719 0.10787 0.0140625 0.0509259 0.0309062
2 0.294271 0.106481 0.0302083 0.0814815 0.0499091
9 0.567187 0.0486111 0.00833333 0.0231481 0.0739633
7 0.297135 0.106481 0.0348958 0.0833333 0.142878
2 0.464583 0.111111 0.015625 0.0407407 0.191951
2 0.322396 0.0865741 0.0375 0.0342593 0.284713
2 0.627604 0.121296 0.0260417 0.05 0.320115
2 0.479688 0.109722 0.0208333 0.0453704 0.327498
1 0.25 0.319444 0.01875 0.0851852 0.483611
2 0.505729 0.104167 0.0427083 0.062037 0.487562
0 0.250781 0.277778 0.0265625 0.116667 0.664909
2 0.31875 0.12037 0.05 0.0722222 0.667963
10 0.204167 0.316204 0.0166667 0.0712963 0.746228
11 0.729167 0.0430556 0.0270833 0.0564815 0.812737
2 0.729948 0.418981 0.122396 0.173148 0.904934
