2 0.657812 0.149074 0.05625 0.0648148 0.00101107
2 0.597135 0.111574 0.0140625 0.0509259 0.00106751
0 0.817187 0.233333 0.00833333 0.0444444 0.00106991
2 0.540104 0.109722 0.354167 0.0805556 0.0010906
7 0.990365 0.516667 0.0182292 0.183333 0.00114307
1 0.267188 0.331019 0.0802083 0.108333 0.00123492
0 0.52474 0.192593 0.503646 0.253704 0.00124874
9 0.289844 0.0226852 0.0119792 0.037963 0.00126782
13 0.973437 0.520833 0.0520833 0.175 0.00129005
13 0.970573 0.569444 0.0567708 0.0759259 0.00137637
9 0.547917 0.0606481 0.0104167 0.025 0.00137877
2 0.426302 0.109722 0.203646 0.0712963 0.00143099
1 0.00494792 0.368519 0.00989583 0.0703704 0.00143967
0 0.4625 0.412963 0.636458 0.603704 0.0014712
9 0.236979 0.0703704 0.0177083 0.0462963 0.00165331
7 0.146094 0.087037 0.0651042 0.0703704 0.00165667
12 0.978906 0.497222 0.0380208 0.125926 0.0016742
12 0.995573 0.531944 0.0078125 0.0416667 0.00172779
1 0.809896 0.331019 0.0197917 0.087963 0.00174171
1 0.0145833 0.396759 0.0291667 0.115741 0.0018555
9 0.439844 0.197685 0.0140625 0.0324074 0.00190451
9 0.26224 0.0453704 0.0151042 0.0537037 0.00193095
11 0.603125 0.0921296 0.025 0.087963 0.00206997
9 0.3625 0.0476852 0.0104167 0.0361111 0.00210812
2 0.615885 0.108796 0.0473958 0.0564815 0.00213749
2 0.442969 0.087963 0.0140625 0.0296296 0.00216196
9 0.441146 0.224537 0.0125 0.0361111 0.00217223
9 0.415885 0.00972222 0.0161458 0.0194444 0.00218759
0 0.717448 0.371759 0.0244792 0.0287037 0.00222622
2 0.238542 0.142593 0.0197917 0.0388889 0.0024982
0 0.44349 0.0981481 0.0182292 0.05 0.0025999
9 0.273177 0.0416667 0.0317708 0.0814815 0.00291702
9 0.56901 0.0314815 0.0151042 0.0574074 0.00301756
2 0.779167 0.102315 0.0291667 0.0490741 0.00305797
9 0.263021 0.0884259 0.00833333 0.0361111 0.00312107
2 0.363542 0.0685185 0.0114583 0.0203704 0.00312598
1 0.222656 0.318981 0.0223958 0.0805556 0.00317487
9 0.5 0.60463 0.0145833 0.0425926 0.00335434
2 0.99401 0.521759 0.0109375 0.165741 0.00355957
58 0.968229 0.496296 0.0291667 0.0851852 0.0036247
2 0.814323 0.075 0.0182292 0.0185185 0.00367246
1 0.239323 0.313426 0.0265625 0.0731481 0.0037141
1 0.220052 0.337037 0.0151042 0.0592593 0.00377933
1 0.234115 0.331019 0.0432292 0.10463 0.00402988
1 0.00442708 0.402778 0.00885417 0.1 0.00439049
2 0.592708 0.125 0.0166667 0.0259259 0.00468521
9 0.361979 0.0685185 0.009375 0.0240741 0.0048439
0 0.266146 0.0990741 0.0104167 0.0555556 0.0062694
0 0.995833 0.327315 0.00729167 0.0546296 0.00629264
0 0.75651 0.0902778 0.0130208 0.0787037 0.00681035
9 0.502604 0.760648 0.0125 0.0546296 0.00690762
2 0.269531 0.108796 0.0109375 0.0398148 0.00729562
9 0.443229 0.0888889 0.0135417 0.0314815 0.00826659
7 0.314844 0.112963 0.0567708 0.0833333 0.00861016
9 0.211719 0.0652778 0.0307292 0.0490741 0.00873629
12 0.994271 0.5 0.0104167 0.138889 0.0108699
5 0.220313 0.0657407 0.0510417 0.0574074 0.0114421
7 0.220052 0.0652778 0.0505208 0.0601852 0.0149124
9 0.26901 0.024537 0.0203125 0.0453704 0.0211034
2 0.635417 0.14537 0.0114583 0.0537037 0.0215339
2 0.785937 0.0893519 0.0135417 0.0231481 0.0220545
0 0.635677 0.146296 0.00989583 0.05 0.0287105
11 0.60599 0.0611111 0.00989583 0.0259259 0.0306568
2 0.486979 0.108796 0.0135417 0.0490741 0.030846
2 0.294792 0.106481 0.03125 0.0833333 0.0520371
9 0.567448 0.0486111 0.00885417 0.0231481 0.0530797
7 0.296615 0.106481 0.0338542 0.0833333 0.1477
2 0.464063 0.113426 0.0145833 0.037963 0.174195
2 0.321875 0.0865741 0.0385417 0.0324074 0.181348
2 0.627604 0.121759 0.0260417 0.0509259 0.287828
2 0.479948 0.110185 0.0192708 0.0444444 0.32671
1 0.247135 0.334259 0.0223958 0.0962963 0.522539
2 0.505729 0.10463 0.0427083 0.062963 0.580782
2 0.31875 0.12037 0.05 0.0740741 0.631837
10 0.204427 0.316204 0.0161458 0.0694444 0.727654
0 0.246615 0.294444 0.0296875 0.137037 0.751075
11 0.729167 0.0425926 0.0270833 0.0555556 0.812577
2 0.729688 0.419444 0.122917 0.172222 0.912386
