0 0.565365 0.727778 0.182812 0.512963 0.00100682
2 0.00572917 0.0930556 0.0114583 0.0546296 0.00102064
2 0.750781 0.172685 0.0213542 0.0324074 0.00103675
1 0.0114583 0.365741 0.0229167 0.0425926 0.00104004
2 0.653125 0.405093 0.365625 0.210185 0.00107491
9 0.565625 0.0435185 0.0104167 0.037037 0.0010935
2 0.77474 0.115741 0.0182292 0.0277778 0.00109551
7 0.973958 0.531944 0.0510417 0.20463 0.00121314
9 0.591927 0.0421296 0.0140625 0.0398148 0.00123423
2 0.531771 0.1125 0.0135417 0.0416667 0.00124419
13 0.0138021 0.393056 0.0276042 0.123148 0.0013531
2 0.300521 0.106944 0.0854167 0.0898148 0.00159315
2 0.463542 0.113426 0.0166667 0.0416667 0.00162181
0 0.757031 0.0916667 0.0130208 0.0796296 0.00162405
9 0.260156 0.0365741 0.0119792 0.0601852 0.00168292
2 0.560417 0.107407 0.336458 0.0722222 0.00195286
9 0.972656 0.522222 0.0536458 0.174074 0.00197282
7 0.21901 0.0523148 0.0578125 0.087963 0.00216127
9 0.267448 0.0601852 0.0140625 0.037037 0.00218087
9 0.266927 0.0962963 0.0109375 0.0518519 0.00246064
0 0.2625 0.10463 0.009375 0.05 0.00255434
1 0.810417 0.338889 0.0208333 0.0925926 0.00265191
1 0.00416667 0.375 0.00833333 0.0962963 0.00283527
2 0.363542 0.0680556 0.0114583 0.0231481 0.00301243
0 0.00390625 0.39213 0.0078125 0.117593 0.00310676
9 0.415365 0.0101852 0.0151042 0.0203704 0.00330185
2 0.28151 0.0888889 0.0078125 0.0259259 0.00347432
9 0.206771 0.0680556 0.0197917 0.0416667 0.00358661
2 0.661458 0.14537 0.0677083 0.0851852 0.00359675
12 0.98776 0.497222 0.0223958 0.124074 0.00367907
2 0.432292 0.108333 0.186458 0.0666667 0.00370011
0 0.728906 0.371296 0.0369792 0.0314815 0.00372059
32 0.454427 0.314815 0.0078125 0.012963 0.00415776
0 0.757292 0.375 0.0177083 0.0277778 0.00420907
13 0.00364583 0.395833 0.00729167 0.115741 0.00432888
9 0.261979 0.0888889 0.00833333 0.0407407 0.00492724
9 0.270312 0.0328704 0.0208333 0.0564815 0.0054623
9 0.252865 0.0856481 0.0119792 0.0416667 0.00561914
2 0.239063 0.139352 0.0197917 0.0453704 0.00563832
9 0.995052 0.493981 0.00885417 0.123148 0.00624369
9 0.220573 0.0888889 0.0109375 0.0111111 0.00634389
9 0.25625 0.0810185 0.009375 0.0490741 0.00670845
11 0.234635 0.0685185 0.0223958 0.0444444 0.00779962
9 0.50026 0.603241 0.0151042 0.037963 0.00798621
9 0.469792 0.413426 0.009375 0.0268519 0.00817393
5 0.218229 0.0657407 0.05625 0.0555556 0.00843756
2 0.291146 0.114352 0.0239583 0.0768519 0.00883741
9 0.989583 0.499537 0.0197917 0.126852 0.00943205
10 0.442969 0.0875 0.0130208 0.025 0.00947766
9 0.567448 0.0486111 0.00885417 0.025 0.00991089
11 0.60599 0.0606481 0.00989583 0.0231481 0.0104917
2 0.270833 0.111574 0.0125 0.0361111 0.0109535
2 0.442708 0.0875 0.0135417 0.0268519 0.0115241
11 0.240625 0.0324074 0.021875 0.062963 0.012681
9 0.36224 0.0680556 0.00989583 0.025 0.0142934
0 0.442708 0.0986111 0.015625 0.0472222 0.0149363
0 0.635156 0.148148 0.00989583 0.0481481 0.0211266
0 0.71276 0.371759 0.0203125 0.025 0.0214919
7 0.298177 0.109722 0.0369792 0.0842593 0.0269288
9 0.222656 0.0611111 0.0109375 0.0388889 0.0329471
9 0.29401 0.0652778 0.00989583 0.0268519 0.0437045
2 0.302604 0.109259 0.0427083 0.0814815 0.058147
2 0.592448 0.130556 0.0192708 0.0222222 0.0611227
9 0.502604 0.759722 0.0125 0.0564815 0.0686402
2 0.627865 0.122222 0.0244792 0.0518519 0.278261
7 0.50625 0.104167 0.0427083 0.062037 0.35338
2 0.322917 0.0861111 0.0385417 0.0351852 0.369465
2 0.474479 0.109722 0.0364583 0.0453704 0.384611
2 0.50625 0.104167 0.0427083 0.062037 0.50556
11 0.729948 0.0439815 0.0265625 0.0583333 0.670543
2 0.319271 0.121759 0.05 0.0694444 0.743564
10 0.204167 0.316204 0.0166667 0.0712963 0.759029
2 0.555208 0.321296 0.0979167 0.138889 0.865007
2 0.730208 0.419444 0.121875 0.172222 0.914762
