9 0.985156 0.499074 0.0223958 0.127778 0.00100873
2 0.592708 0.125 0.0177083 0.0259259 0.00108779
0 0.708594 0.368981 0.0244792 0.0361111 0.00111391
12 0.700521 0.164352 0.021875 0.037963 0.00113357
9 0.55 0.0342593 0.015625 0.0444444 0.00114884
9 0.29349 0.0509259 0.00885417 0.0333333 0.00128904
2 0.294792 0.131019 0.0177083 0.0546296 0.00144144
13 0.970833 0.527778 0.0572917 0.190741 0.00151033
9 0.55625 0.0273148 0.0229167 0.0453704 0.00152195
2 0.236458 0.0680556 0.0177083 0.0435185 0.00152997
9 0.27526 0.0384259 0.0369792 0.0731481 0.00153129
2 0.654427 0.139352 0.0796875 0.0842593 0.00164145
7 0.971094 0.534259 0.0567708 0.214815 0.00180687
0 0.2375 0.131019 0.0166667 0.0509259 0.00181418
9 0.994271 0.506944 0.0104167 0.150926 0.00191412
33 0.61276 0.480556 0.0536458 0.0592593 0.00208535
9 0.564323 0.0319444 0.0182292 0.0564815 0.00224337
1 0.00520833 0.352315 0.0104167 0.087963 0.00226422
62 0.613021 0.480556 0.053125 0.0592593 0.00236963
2 0.539062 0.110648 0.284375 0.0712963 0.00243208
2 0.00572917 0.0925926 0.0114583 0.0462963 0.0025143
2 0.279427 0.118519 0.0317708 0.0518519 0.0026494
12 0.985937 0.497222 0.0229167 0.125926 0.00270859
2 0.00390625 0.420833 0.0078125 0.0583333 0.00313658
2 0.53125 0.111574 0.0135417 0.0435185 0.00379376
9 0.548177 0.0509259 0.0109375 0.0259259 0.00382017
2 0.153385 0.049537 0.0223958 0.0212963 0.00384088
5 0.209375 0.0694444 0.028125 0.0462963 0.00406668
2 0.784375 0.102778 0.0395833 0.0555556 0.0042251
0 0.634635 0.146296 0.0109375 0.0537037 0.00424854
2 0.810938 0.0763889 0.0239583 0.0194444 0.00425121
2 0.382812 0.109722 0.189583 0.0694444 0.00445001
2 0.238542 0.140741 0.0166667 0.0407407 0.00450883
12 0.995052 0.494907 0.00885417 0.132407 0.00472309
1 0.00416667 0.395833 0.00833333 0.10463 0.00494645
2 0.26849 0.0518519 0.0192708 0.037037 0.00505267
2 0.448698 0.112037 0.0265625 0.0314815 0.0051137
2 0.267448 0.0986111 0.0109375 0.0527778 0.00517205
12 0.973437 0.499074 0.0385417 0.127778 0.00532091
12 0.692708 0.163426 0.00833333 0.0416667 0.0057467
9 0.502344 0.758796 0.0119792 0.0564815 0.00595054
2 0.634375 0.140278 0.0114583 0.0490741 0.00608246
9 0.114844 0.0212963 0.0140625 0.0388889 0.00632413
9 0.269271 0.0300926 0.0208333 0.0546296 0.00690565
1 0.0135417 0.367593 0.0270833 0.0481481 0.0072998
0 0.284375 0.0875 0.00833333 0.0268519 0.00741502
2 0.470313 0.109259 0.0645833 0.0537037 0.00851202
0 0.188542 0.736111 0.147917 0.498148 0.00852417
2 0.417969 0.109722 0.0682292 0.0527778 0.00855209
2 0.60625 0.0583333 0.009375 0.0259259 0.0090047
9 0.269531 0.05 0.0192708 0.0351852 0.00924623
1 0.0104167 0.394907 0.0208333 0.110185 0.00970791
2 0.26875 0.112037 0.0104167 0.0333333 0.0116014
2 0.791406 0.087963 0.0223958 0.0259259 0.0137885
9 0.221354 0.0550926 0.0177083 0.0435185 0.0220572
9 0.566927 0.0481481 0.00885417 0.0222222 0.0274783
7 0.220052 0.0666667 0.0515625 0.0611111 0.0359722
2 0.293229 0.0828704 0.0197917 0.0342593 0.0468516
5 0.220052 0.0675926 0.0515625 0.0611111 0.0538755
0 0.442448 0.0805556 0.0130208 0.0296296 0.0880064
2 0.291406 0.117593 0.0182292 0.037037 0.142697
2 0.308854 0.0791667 0.0208333 0.0342593 0.179369
2 0.322656 0.0856481 0.0369792 0.0342593 0.246698
2 0.627083 0.122222 0.0260417 0.0537037 0.428837
7 0.50599 0.103241 0.0432292 0.0638889 0.470518
2 0.505729 0.103704 0.0427083 0.062963 0.474038
2 0.45 0.0643518 0.040625 0.0324074 0.496291
2 0.473437 0.108796 0.034375 0.0453704 0.520618
2 0.317969 0.121759 0.0515625 0.0694444 0.741892
11 0.728646 0.0416667 0.0270833 0.0537037 0.755636
10 0.204167 0.315278 0.0166667 0.0712963 0.823003
2 0.410156 0.1125 0.0307292 0.0342593 0.832226
2 0.733333 0.42037 0.115625 0.172222 0.880271
7 0.605208 0.518519 0.171875 0.3 0.888817
