2 0.842188 0.239352 0.0604167 0.0564815 0.00100701
0 0.519271 0.288426 0.015625 0.0342593 0.00109389
12 0.691667 0.162963 0.009375 0.0388889 0.00111357
1 0.00989583 0.460185 0.0197917 0.240741 0.00111467
2 0.811719 0.0703704 0.0213542 0.0222222 0.00111639
9 0.361198 0.0671296 0.0109375 0.0212963 0.00116957
0 0.263021 0.101389 0.009375 0.0527778 0.00118961
13 0.969531 0.566204 0.0567708 0.075 0.0012611
2 0.744271 0.159722 0.021875 0.0175926 0.00126475
2 0.664062 0.127315 0.0885417 0.0564815 0.0013203
13 0.0148437 0.448611 0.0296875 0.252778 0.00133436
2 0.660937 0.147685 0.065625 0.0601852 0.00135669
13 0.00520833 0.451852 0.0104167 0.214815 0.00139192
2 0.638021 0.141667 0.01875 0.0518519 0.00144803
0 0.0796875 0.165278 0.00833333 0.0324074 0.00145095
2 0.520833 0.105556 0.040625 0.0555556 0.00149461
9 0.990365 0.51713 0.0182292 0.175 0.00150728
32 0.460677 0.35463 0.0109375 0.0166667 0.00158735
0 0.715625 0.37037 0.025 0.0296296 0.00159987
9 0.263021 0.0925926 0.009375 0.0481481 0.00160933
0 0.536719 0.29213 0.0432292 0.0342593 0.00163887
11 0.236979 0.0680556 0.0166667 0.0435185 0.00169902
58 0.967448 0.492593 0.0307292 0.0907407 0.00179165
2 0.363802 0.0680556 0.0109375 0.0212963 0.00183512
2 0.649219 0.394444 0.334896 0.22037 0.00195055
9 0.548437 0.0527778 0.0114583 0.0222222 0.00197487
7 0.992708 0.516667 0.0135417 0.174074 0.00215708
2 0.39349 0.108796 0.218229 0.0861111 0.00227278
2 0.0205729 0.134722 0.0411458 0.0453704 0.00227378
2 0.454167 0.107407 0.1875 0.0648148 0.00235185
2 0.776823 0.100463 0.0276042 0.0398148 0.00238181
7 0.219531 0.0601852 0.0473958 0.0611111 0.00266041
2 0.604948 0.0583333 0.00989583 0.0259259 0.00271165
2 0.5125 0.10787 0.402083 0.0712963 0.00277936
13 0.970312 0.515278 0.0583333 0.176852 0.00288841
2 0.40599 0.0907407 0.0338542 0.0425926 0.00296391
5 0.220573 0.062037 0.0473958 0.0555556 0.0032842
0 0.282031 0.0842593 0.00677083 0.0277778 0.00375576
9 0.564844 0.0444444 0.00989583 0.0314815 0.00413558
2 0.286719 0.0768519 0.0171875 0.0277778 0.00442414
9 0.291406 0.049537 0.00885417 0.0435185 0.00461813
0 0.816667 0.233796 0.009375 0.037963 0.00474143
9 0.469531 0.40787 0.00989583 0.0212963 0.00553907
1 0.00416667 0.403704 0.00833333 0.0944444 0.00570537
7 0.970573 0.523148 0.0578125 0.196296 0.00595473
12 0.99401 0.506944 0.0109375 0.158333 0.00609536
9 0.27474 0.0412037 0.0359375 0.0805556 0.006125
2 0.530729 0.109259 0.0145833 0.0444444 0.00620342
0 0.36276 0.0699074 0.00885417 0.025 0.00692731
2 0.00416667 0.406481 0.00833333 0.0907407 0.00697137
9 0.207813 0.0657407 0.0208333 0.0407407 0.00705152
32 0.453646 0.313889 0.009375 0.0166667 0.00729649
9 0.49974 0.600926 0.0151042 0.0388889 0.00741789
2 0.334635 0.0861111 0.0234375 0.0314815 0.00754938
2 0.269271 0.108796 0.0104167 0.0342593 0.00769771
0 0.75625 0.0916667 0.0145833 0.0777778 0.00845786
2 0.0135417 0.398148 0.0270833 0.107407 0.0101315
2 0.783333 0.0875 0.0145833 0.0194444 0.0108453
0 0.554948 0.29537 0.0244792 0.0351852 0.0123953
7 0.292969 0.106481 0.0286458 0.0851852 0.0142551
2 0.291406 0.0712963 0.0119792 0.0166667 0.0176531
0 0.442187 0.0833333 0.0135417 0.0222222 0.0198601
2 0.291667 0.106481 0.0239583 0.0740741 0.0219524
0 0.634375 0.143056 0.0114583 0.0509259 0.0242045
2 0.439583 0.106019 0.0197917 0.0416667 0.024284
1 0.0101562 0.397222 0.0203125 0.107407 0.0249328
9 0.267969 0.0236111 0.0213542 0.0435185 0.0324329
2 0.461458 0.112037 0.0125 0.0351852 0.0734107
2 0.429167 0.102778 0.0166667 0.0481481 0.128315
9 0.502083 0.758333 0.0135417 0.0555556 0.147992
2 0.446875 0.115278 0.025 0.025 0.226509
2 0.321875 0.0847222 0.0375 0.0342593 0.242494
2 0.470573 0.108333 0.0286458 0.0425926 0.30194
7 0.505469 0.101852 0.0432292 0.062963 0.385342
2 0.627083 0.118981 0.025 0.0509259 0.436195
2 0.505208 0.101389 0.0427083 0.0638889 0.50012
2 0.401823 0.10787 0.0505208 0.0787037 0.588709
7 0.544531 0.338889 0.116146 0.175926 0.701603
10 0.203906 0.314352 0.0151042 0.0694444 0.732346
11 0.728906 0.0398148 0.0276042 0.0537037 0.777413
2 0.317969 0.119444 0.0515625 0.0685185 0.783966
2 0.729688 0.417593 0.122917 0.172222 0.912232
