0 0.49401 0.281944 0.492188 0.449074 0.00100474
12 0.976562 0.499537 0.0447917 0.132407 0.00107207
7 0.278906 0.0726852 0.0390625 0.139815 0.00110736
2 0.294531 0.106481 0.0890625 0.0962963 0.0011966
9 0.258073 0.075463 0.0130208 0.0509259 0.00119952
1 0.00416667 0.465278 0.00833333 0.175 0.00120049
11 0.239583 0.0384259 0.021875 0.075 0.00124987
2 0.657031 0.139352 0.0776042 0.0824074 0.00125315
7 0.789323 0.0638889 0.0265625 0.062963 0.0012668
0 0.263281 0.100926 0.00885417 0.0555556 0.00127662
2 0.592969 0.423148 0.613021 0.181481 0.0012798
1 0.810417 0.330093 0.01875 0.0824074 0.00128114
58 0.96849 0.495833 0.0296875 0.0861111 0.00132687
9 0.580469 0.0333333 0.0151042 0.0611111 0.00140706
2 0.817187 0.234259 0.009375 0.0407407 0.00145806
12 0.701302 0.164815 0.0192708 0.0388889 0.00151993
0 0.215625 0.943519 0.0197917 0.109259 0.00154839
2 0.648698 0.149074 0.0369792 0.0592593 0.00156771
0 0.211198 0.512037 0.0213542 0.125926 0.00160718
0 0.756771 0.117593 0.0135417 0.037037 0.00162932
7 0.146615 0.087037 0.0630208 0.0777778 0.00184456
9 0.995573 0.530556 0.0078125 0.037037 0.00197275
11 0.60625 0.0601852 0.0104167 0.0240741 0.00198919
2 0.794271 0.0842593 0.03125 0.0296296 0.00203295
2 0.411198 0.112963 0.272396 0.0833333 0.00205768
2 0.554167 0.112037 0.286458 0.0740741 0.00206055
1 0.0046875 0.361574 0.009375 0.0805556 0.00217166
2 0.442969 0.105556 0.0192708 0.037037 0.00218335
9 0.415625 0.0087963 0.015625 0.0175926 0.00221144
2 0.45026 0.112037 0.125521 0.0685185 0.00223381
2 0.813021 0.0759259 0.01875 0.0185185 0.00225365
0 0.715885 0.372222 0.0234375 0.0277778 0.00247413
1 0.18151 0.577315 0.0328125 0.123148 0.00258
12 0.702083 0.138889 0.0229167 0.087037 0.00259629
0 0.267188 0.0990741 0.0114583 0.0555556 0.00268839
2 0.782552 0.0990741 0.0380208 0.05 0.00274313
2 0.442969 0.0884259 0.0140625 0.0287037 0.00282608
2 0.363542 0.0675926 0.0114583 0.0203704 0.00282957
9 0.263281 0.0875 0.00885417 0.0342593 0.00289394
1 0.0114583 0.36713 0.0229167 0.0509259 0.00293644
7 0.992708 0.518981 0.0135417 0.171296 0.00316178
9 0.36224 0.0694444 0.00885417 0.0222222 0.0032209
9 0.994531 0.495833 0.00989583 0.126852 0.00469652
12 0.994531 0.496296 0.00989583 0.131481 0.00502958
9 0.292969 0.0708333 0.0119792 0.0157407 0.00514803
11 0.236719 0.0685185 0.0171875 0.0444444 0.00561059
9 0.29401 0.0574074 0.00989583 0.0388889 0.0060681
2 0.531771 0.1125 0.0145833 0.0435185 0.00627836
12 0.693229 0.163889 0.00729167 0.0407407 0.00632063
7 0.970833 0.527778 0.0572917 0.2 0.00679989
9 0.458073 0.0643518 0.00677083 0.0324074 0.00692328
9 0.502344 0.759722 0.0130208 0.0546296 0.00721733
5 0.220573 0.0675926 0.0505208 0.0611111 0.00735651
2 0.238542 0.139815 0.01875 0.0425926 0.00747033
9 0.572396 0.0310185 0.0145833 0.0583333 0.00758725
0 0.756771 0.0865741 0.0135417 0.0768519 0.00804511
2 0.28724 0.113889 0.0171875 0.0722222 0.00946324
2 0.271354 0.109259 0.0145833 0.0388889 0.00970257
7 0.220052 0.0694444 0.0515625 0.0666667 0.0099808
24 0.202865 0.473611 0.0307292 0.0694444 0.0110488
2 0.592708 0.126852 0.0166667 0.0222222 0.0136899
9 0.216667 0.0560185 0.025 0.0453704 0.0141716
1 0.213021 0.534722 0.0177083 0.121296 0.0179067
0 0.635417 0.148148 0.009375 0.0518519 0.0179149
1 0.00390625 0.421759 0.0078125 0.0657407 0.0194659
1 0.00989583 0.397222 0.0197917 0.114815 0.0201307
9 0.442969 0.087963 0.0130208 0.0277778 0.0203892
2 0.635156 0.144907 0.0109375 0.0527778 0.0222464
2 0.489323 0.106944 0.0161458 0.0509259 0.0307101
2 0.786719 0.0875 0.0161458 0.025 0.0331666
9 0.567187 0.0472222 0.00833333 0.0240741 0.03427
9 0.269271 0.0356481 0.021875 0.0675926 0.0483448
2 0.299219 0.106944 0.0359375 0.0805556 0.0703963
24 0.190625 0.473148 0.025 0.0648148 0.0930012
2 0.466146 0.110648 0.0197917 0.0416667 0.221005
2 0.479427 0.109259 0.0213542 0.0444444 0.311284
2 0.627344 0.121759 0.0255208 0.0509259 0.349933
2 0.322396 0.0861111 0.0364583 0.0351852 0.389011
1 0.19349 0.574074 0.0348958 0.131481 0.539505
2 0.505729 0.104167 0.0427083 0.062037 0.590972
2 0.31875 0.121296 0.0510417 0.0703704 0.720519
0 0.197917 0.512037 0.0427083 0.187037 0.763232
10 0.204167 0.314815 0.015625 0.0722222 0.791461
11 0.729167 0.0430556 0.0270833 0.0564815 0.792267
2 0.729688 0.419907 0.122917 0.171296 0.907897
