0 0.756771 0.375 0.0197917 0.0314815 0.00108226
7 0.970052 0.526852 0.0588542 0.194444 0.00109097
13 0.988021 0.522222 0.0229167 0.17963 0.00110939
2 0.23776 0.105093 0.0171875 0.0398148 0.0011938
32 0.460677 0.35787 0.0109375 0.0157407 0.00122344
2 0.218229 0.128704 0.0583333 0.0703704 0.00123008
2 0.332812 0.111111 0.025 0.0518519 0.00124247
9 0.29401 0.0564815 0.00989583 0.0388889 0.00125829
7 0.989844 0.526389 0.0192708 0.200926 0.00127345
2 0.817448 0.236111 0.00885417 0.0388889 0.00135896
11 0.233854 0.0449074 0.040625 0.087963 0.00137697
11 0.236979 0.0694444 0.0177083 0.0444444 0.00144073
2 0.538281 0.113889 0.00989583 0.0407407 0.00144728
9 0.234115 0.062963 0.0203125 0.0351852 0.0014519
2 0.759635 0.128241 0.0119792 0.0361111 0.00150255
2 0.653906 0.15 0.0484375 0.0611111 0.00157707
9 0.264062 0.0388889 0.0114583 0.0425926 0.00161266
0 0.75625 0.131481 0.0135417 0.0425926 0.00161707
2 0.74401 0.174537 0.0213542 0.0305556 0.00165559
2 0.442708 0.087963 0.0145833 0.0277778 0.00170191
2 0.263281 0.106019 0.00885417 0.0490741 0.00171928
9 0.563021 0.0509259 0.01875 0.0240741 0.00180643
2 0.0106771 0.402778 0.0213542 0.105556 0.00185736
0 0.728906 0.372222 0.0286458 0.0296296 0.00186295
2 0.415625 0.114352 0.29375 0.0824074 0.00187017
9 0.415885 0.0106481 0.0161458 0.0212963 0.00190186
2 0.792188 0.1125 0.0572917 0.0675926 0.00190998
32 0.454427 0.316204 0.0078125 0.0157407 0.00192311
9 0.570573 0.0319444 0.0140625 0.0583333 0.00213968
9 0.258073 0.0736111 0.00989583 0.0472222 0.00216516
12 0.694531 0.164352 0.00677083 0.037963 0.00220732
9 0.26276 0.087963 0.0078125 0.0333333 0.00221354
9 0.502344 0.760185 0.0130208 0.0555556 0.00224714
9 0.269792 0.0587963 0.0166667 0.0287037 0.00228934
2 0.560417 0.113889 0.280208 0.0740741 0.00231122
58 0.919271 0.185185 0.161458 0.364815 0.00232218
12 0.702865 0.165278 0.0213542 0.037963 0.00248695
1 0.0114583 0.368981 0.0229167 0.0509259 0.00259013
9 0.270052 0.0240741 0.0192708 0.0296296 0.00261337
2 0.40651 0.127315 0.0390625 0.0324074 0.00262837
5 0.219792 0.0800926 0.0520833 0.0787037 0.00263609
0 0.995833 0.326389 0.00729167 0.0509259 0.0027706
2 0.363281 0.0694444 0.0119792 0.0222222 0.00301459
9 0.214844 0.0652778 0.0359375 0.0509259 0.00327552
2 0.804167 0.0828704 0.0375 0.0324074 0.00330505
2 0.473437 0.114352 0.0802083 0.0675926 0.00334618
12 0.993229 0.519444 0.0125 0.172222 0.00352566
9 0.253125 0.087037 0.0125 0.0333333 0.00369704
5 0.213542 0.0634259 0.034375 0.0546296 0.00431938
2 0.266667 0.099537 0.0114583 0.0546296 0.00457753
2 0.00494792 0.558333 0.00989583 0.0425926 0.00459244
7 0.220052 0.0657407 0.0515625 0.0759259 0.00502174
2 0.771875 0.113889 0.0145833 0.0259259 0.00557293
9 0.36276 0.0694444 0.00989583 0.0222222 0.00645783
9 0.220313 0.0898148 0.0104167 0.012963 0.0066304
11 0.240104 0.0333333 0.021875 0.062963 0.00674871
2 0.338802 0.0888889 0.0130208 0.0296296 0.006873
0 0.714844 0.372222 0.0234375 0.0277778 0.00711887
0 0.757552 0.0796296 0.0119792 0.0518519 0.0080327
13 0.0114583 0.397222 0.0229167 0.112963 0.0080404
2 0.579687 0.126389 0.0447917 0.0324074 0.00838074
2 0.282552 0.0930556 0.00885417 0.0305556 0.00842114
2 0.813802 0.075 0.0203125 0.0222222 0.00916966
13 0.00416667 0.409722 0.00833333 0.087963 0.00980789
1 0.00963542 0.403241 0.0192708 0.100926 0.0102646
2 0.00442708 0.410648 0.00885417 0.0898148 0.0109048
2 0.445312 0.116204 0.021875 0.025 0.0109251
2 0.780208 0.103704 0.03125 0.0462963 0.0112541
9 0.207031 0.0685185 0.0192708 0.0407407 0.0123695
2 0.238542 0.143056 0.0177083 0.0398148 0.0136771
9 0.442708 0.0875 0.0135417 0.0268519 0.0142947
11 0.60651 0.0606481 0.00989583 0.0231481 0.0165902
9 0.992188 0.508333 0.0145833 0.15 0.0184926
2 0.786458 0.0907407 0.0166667 0.0222222 0.0378493
2 0.271354 0.1125 0.0135417 0.0342593 0.0420586
2 0.635156 0.146759 0.0109375 0.0527778 0.0511262
0 0.635677 0.148148 0.00989583 0.05 0.0617218
2 0.593229 0.127315 0.0166667 0.0231481 0.0635602
7 0.298958 0.102315 0.0375 0.0731481 0.0724269
9 0.567448 0.0490741 0.00885417 0.0240741 0.0895943
2 0.29974 0.104167 0.0359375 0.075 0.117297
2 0.4625 0.113426 0.0125 0.037963 0.151632
2 0.46849 0.111111 0.0234375 0.0425926 0.232352
2 0.321615 0.0884259 0.0369792 0.0342593 0.238469
2 0.479948 0.110185 0.0223958 0.0444444 0.319771
2 0.627344 0.122222 0.0255208 0.05 0.346725
7 0.50625 0.105556 0.0427083 0.062963 0.370193
2 0.50625 0.104167 0.0427083 0.0638889 0.450677
2 0.31901 0.122222 0.0505208 0.0722222 0.755784
11 0.729427 0.0425926 0.0265625 0.0537037 0.771954
10 0.203906 0.315741 0.0161458 0.0722222 0.805258
2 0.401302 0.147685 0.0536458 0.0768519 0.866809
2 0.730208 0.419444 0.122917 0.172222 0.915446
