2 0.0611979 0.0703704 0.0328125 0.0222222 0.00103831
9 0.816927 0.236574 0.00885417 0.0361111 0.00104351
2 0.74401 0.156019 0.0192708 0.0175926 0.0010623
2 0.0252604 0.37963 0.0505208 0.087037 0.00108236
0 0.995833 0.32963 0.00729167 0.0537037 0.00110055
2 0.578906 0.422685 0.591146 0.178704 0.00110701
0 0.728385 0.372222 0.0286458 0.0296296 0.00113266
13 0.961979 0.554167 0.0385417 0.0416667 0.00113934
7 0.990104 0.519444 0.01875 0.183333 0.0011401
13 0.971615 0.521296 0.0557292 0.175926 0.00114522
9 0.547917 0.0518519 0.0114583 0.0259259 0.00114989
11 0.225 0.0675926 0.0427083 0.0574074 0.0011659
0 0.738281 0.369907 0.0296875 0.0324074 0.00119571
9 0.578646 0.0328704 0.0145833 0.0564815 0.0012821
7 0.970312 0.533333 0.0583333 0.211111 0.00129714
9 0.582812 0.0430556 0.0114583 0.037963 0.00130402
7 0.304688 0.10463 0.0895833 0.0962963 0.00138542
0 0.217708 0.650463 0.053125 0.239815 0.00138574
2 0.813281 0.0768519 0.0171875 0.0185185 0.0013882
1 0.0234375 0.386111 0.046875 0.122222 0.00142407
2 0.791927 0.0898148 0.0369792 0.0333333 0.00148169
9 0.292969 0.0518519 0.00885417 0.0407407 0.00150087
0 0.757292 0.087963 0.0125 0.0703704 0.00154886
2 0.647396 0.147222 0.0364583 0.0592593 0.00157378
0 0.758073 0.0717593 0.00989583 0.037963 0.00158512
2 0.334896 0.112963 0.0208333 0.0592593 0.00163605
58 0.969271 0.497222 0.0322917 0.0907407 0.00169422
12 0.995313 0.532407 0.00833333 0.0518519 0.00170595
1 0.811458 0.33287 0.01875 0.0935185 0.00176438
2 0.99375 0.518056 0.0114583 0.169444 0.00180536
0 0.2625 0.108333 0.009375 0.0444444 0.00183744
9 0.500521 0.601852 0.015625 0.0444444 0.00184125
32 0.453906 0.316204 0.0078125 0.0138889 0.00185666
7 0.334635 0.0601852 0.0473958 0.0351852 0.0019471
2 0.0510417 0.0657407 0.0489583 0.0240741 0.00196025
12 0.701823 0.164352 0.0203125 0.037963 0.00205743
9 0.416406 0.00925926 0.0161458 0.0185185 0.00207076
2 0.0335938 0.0657407 0.0192708 0.0185185 0.00218114
12 0.694531 0.1625 0.0078125 0.037963 0.00231754
9 0.263281 0.0856481 0.00885417 0.0305556 0.0025065
2 0.592969 0.125463 0.0171875 0.025 0.00264299
2 0.530729 0.111574 0.263542 0.075 0.0027495
9 0.252604 0.0865741 0.0125 0.0324074 0.00291459
5 0.220833 0.0703704 0.0510417 0.0648148 0.0029439
0 0.75651 0.372685 0.0203125 0.0305556 0.00294634
9 0.266667 0.0986111 0.0114583 0.0527778 0.00294879
2 0.239323 0.108796 0.0171875 0.0361111 0.00323698
2 0.772656 0.112037 0.0151042 0.0240741 0.00348454
2 0.0260417 0.351389 0.05 0.0212963 0.00356046
2 0.219271 0.1375 0.0583333 0.0490741 0.00426454
9 0.56875 0.0324074 0.0104167 0.0574074 0.00434163
13 0.0140625 0.396759 0.028125 0.112037 0.00434268
9 0.992448 0.496759 0.0140625 0.126852 0.00438318
7 0.220573 0.0648148 0.0515625 0.062963 0.00453289
9 0.256771 0.0731481 0.009375 0.0444444 0.00495323
0 0.715625 0.372685 0.025 0.0268519 0.00516464
12 0.702604 0.1375 0.0229167 0.087963 0.00563673
11 0.236719 0.0685185 0.0182292 0.0425926 0.00596082
9 0.209896 0.0671296 0.025 0.0435185 0.00614309
2 0.460677 0.0916667 0.0286458 0.0333333 0.0062018
1 0.009375 0.398611 0.01875 0.112037 0.00626922
2 0.00442708 0.373148 0.00885417 0.062963 0.00649464
2 0.779167 0.104167 0.0270833 0.0398148 0.00650176
12 0.992969 0.500463 0.0130208 0.134259 0.00695165
2 0.0135417 0.372222 0.0270833 0.0574074 0.00703319
7 0.33099 0.075 0.0546875 0.0518519 0.00817919
13 0.00390625 0.402315 0.0078125 0.0990741 0.00827174
1 0.00442708 0.406019 0.00885417 0.0935185 0.00855007
2 0.271094 0.108333 0.0140625 0.0407407 0.00914333
11 0.60599 0.0606481 0.00989583 0.025 0.00962858
2 0.440365 0.125 0.0151042 0.0555556 0.0100003
9 0.502865 0.761111 0.0119792 0.0518519 0.0170825
2 0.364062 0.0675926 0.0125 0.0185185 0.0186769
2 0.238542 0.140741 0.01875 0.0425926 0.0226863
9 0.391406 0.0527778 0.0109375 0.0240741 0.0279336
2 0.442969 0.0884259 0.0151042 0.0287037 0.0286043
2 0.635156 0.146296 0.0119792 0.0537037 0.0360245
2 0.441927 0.109722 0.0151042 0.0361111 0.037527
2 0.785677 0.0902778 0.0151042 0.0231481 0.0381275
0 0.635417 0.146759 0.0104167 0.0509259 0.0468961
9 0.26901 0.0347222 0.0213542 0.0675926 0.0587937
9 0.567187 0.0481481 0.00833333 0.0240741 0.0602177
2 0.296354 0.10787 0.034375 0.0824074 0.0606981
7 0.297917 0.10787 0.0395833 0.0842593 0.135752
2 0.334375 0.0634259 0.046875 0.0287037 0.3046
2 0.627344 0.122222 0.0255208 0.0518519 0.353029
2 0.31849 0.119907 0.0505208 0.075 0.631995
10 0.203906 0.316667 0.0161458 0.0703704 0.678972
2 0.470573 0.117593 0.0546875 0.0814815 0.745576
2 0.509635 0.10463 0.0359375 0.0611111 0.761873
11 0.729167 0.0430556 0.0270833 0.0546296 0.81008
2 0.730208 0.419444 0.121875 0.172222 0.911407
