12 0.698958 0.164815 0.0239583 0.0425926 0.00100358
2 0.274479 0.111574 0.0229167 0.0583333 0.00104201
2 0.782031 0.166667 0.0557292 0.0611111 0.00108519
12 0.976823 0.501852 0.0453125 0.138889 0.00108526
58 0.918229 0.192593 0.1625 0.35 0.00109987
2 0.972917 0.515278 0.053125 0.165741 0.00112352
2 0.356771 0.100926 0.0302083 0.0648148 0.00116741
9 0.554688 0.049537 0.01875 0.0268519 0.00118848
32 0.454167 0.313889 0.00833333 0.012963 0.00124646
0 0.1875 0.110185 0.00729167 0.0462963 0.00126376
9 0.275 0.0393519 0.0375 0.0731481 0.0013092
2 0.407292 0.115741 0.015625 0.037037 0.00131204
32 0.460156 0.356481 0.0109375 0.0166667 0.00134127
0 0.263281 0.0907407 0.00885417 0.0425926 0.00136317
2 0.285937 0.0763889 0.0197917 0.0324074 0.0013823
9 0.261979 0.025463 0.0145833 0.0435185 0.00138396
12 0.685156 0.171759 0.0203125 0.0398148 0.00139041
2 0.817448 0.234259 0.00885417 0.0388889 0.00142237
7 0.276823 0.0708333 0.0338542 0.130556 0.00143294
2 0.65599 0.138426 0.0838542 0.0824074 0.00143481
9 0.588281 0.0388889 0.0151042 0.0555556 0.00149462
2 0.0625 0.0699074 0.034375 0.0268519 0.00152833
2 0.254167 0.087037 0.0177083 0.0351852 0.00156268
58 0.96849 0.494907 0.0307292 0.0898148 0.0015837
2 0.791667 0.10463 0.0541667 0.0648148 0.00160286
2 0.53099 0.112037 0.0130208 0.0425926 0.0016255
9 0.27526 0.0481481 0.0286458 0.0425926 0.00166522
2 0.301302 0.1 0.111979 0.0962963 0.0016765
2 0.65026 0.152778 0.0411458 0.062963 0.00170423
2 0.338021 0.103704 0.015625 0.0518519 0.00180041
2 0.371615 0.118519 0.0317708 0.0388889 0.00191293
2 0.446354 0.105556 0.025 0.0388889 0.00200442
13 0.992708 0.518519 0.0135417 0.17037 0.00222481
9 0.485156 0.0375 0.0109375 0.0435185 0.0023296
9 0.99375 0.493519 0.0114583 0.124074 0.0023709
0 0.751823 0.127778 0.0244792 0.0222222 0.00245341
9 0.109115 0.0259259 0.0130208 0.037037 0.00248394
2 0.434115 0.112963 0.190104 0.0759259 0.00250432
2 0.00442708 0.410185 0.00885417 0.0833333 0.00250494
9 0.548437 0.0518519 0.0114583 0.0259259 0.00251244
11 0.60599 0.0601852 0.0109375 0.0240741 0.00253859
2 0.35599 0.0800926 0.0390625 0.062037 0.00277944
2 0.544271 0.115278 0.379167 0.0824074 0.00306748
2 0.365885 0.0592593 0.0286458 0.0333333 0.00309224
2 0.37526 0.0625 0.0140625 0.0231481 0.00321895
13 0.0132813 0.392593 0.0265625 0.12037 0.00324067
11 0.236719 0.0657407 0.0171875 0.0388889 0.00350401
12 0.994271 0.494444 0.0104167 0.127778 0.00352192
2 0.814323 0.0699074 0.0171875 0.0138889 0.00355914
2 0.342708 0.0592593 0.034375 0.0333333 0.00359455
2 0.798177 0.0833333 0.0484375 0.0351852 0.00379465
9 0.416146 0.0125 0.0166667 0.025 0.003802
2 0.292188 0.0717593 0.0135417 0.0157407 0.0043857
13 0.00442708 0.396759 0.00885417 0.108333 0.00448008
2 0.442448 0.0851852 0.0140625 0.0259259 0.00448047
2 0.266927 0.0990741 0.0119792 0.0555556 0.00455408
2 0.775 0.116667 0.0197917 0.0333333 0.00485204
13 0.971615 0.519444 0.0557292 0.174074 0.00584282
2 0.364583 0.105093 0.0614583 0.0731481 0.00658168
2 0.270312 0.109259 0.0125 0.0388889 0.00708264
9 0.207292 0.0675926 0.0229167 0.0462963 0.00718017
9 0.26875 0.0226852 0.0197917 0.0342593 0.00742766
0 0.757031 0.075463 0.0119792 0.0453704 0.00755075
2 0.238021 0.140278 0.0177083 0.0435185 0.00816319
9 0.216406 0.0583333 0.0265625 0.0555556 0.00822472
2 0.270312 0.0490741 0.01875 0.0351852 0.00850907
9 0.502344 0.759259 0.0130208 0.0555556 0.0089487
9 0.485417 0.0212963 0.0114583 0.0314815 0.00927533
2 0.592188 0.126389 0.0177083 0.0231481 0.00942288
0 0.995573 0.327778 0.0078125 0.0537037 0.00980512
0 0.284115 0.0907407 0.0109375 0.0351852 0.0113402
2 0.786719 0.0884259 0.0161458 0.025 0.011769
9 0.572135 0.0310185 0.0130208 0.0601852 0.0118278
9 0.582292 0.0347222 0.0145833 0.0638889 0.0119848
2 0.340365 0.0791667 0.0130208 0.0435185 0.012021
12 0.690625 0.16713 0.0125 0.037963 0.0127687
13 0.961719 0.555093 0.0390625 0.0435185 0.013446
0 0.635156 0.149074 0.00989583 0.0537037 0.0219821
2 0.634896 0.147685 0.0125 0.0564815 0.0232401
5 0.220313 0.0657407 0.05 0.0611111 0.0246085
9 0.442708 0.0865741 0.0135417 0.025 0.0256171
7 0.214583 0.0638889 0.0395833 0.0592593 0.0293618
7 0.297656 0.10787 0.0380208 0.0842593 0.0312737
2 0.494271 0.106944 0.025 0.0509259 0.0328482
2 0.291406 0.111574 0.0255208 0.0768519 0.03504
0 0.757552 0.121759 0.0151042 0.0342593 0.0462807
2 0.33151 0.0777778 0.0244792 0.0333333 0.0532998
9 0.567187 0.0481481 0.00833333 0.0240741 0.0894146
2 0.46224 0.111574 0.0130208 0.0416667 0.107266
2 0.334115 0.0638889 0.0182292 0.0259259 0.12202
2 0.353906 0.062037 0.0307292 0.0277778 0.251409
2 0.472396 0.109259 0.03125 0.0444444 0.256753
2 0.321615 0.0875 0.0369792 0.037963 0.342926
7 0.505208 0.104167 0.04375 0.062037 0.345122
2 0.627083 0.121759 0.0260417 0.0509259 0.405282
2 0.505208 0.104167 0.04375 0.062037 0.503236
2 0.388021 0.102315 0.040625 0.0527778 0.641995
2 0.318229 0.121296 0.0510417 0.0722222 0.64818
10 0.203906 0.315741 0.0161458 0.0722222 0.7973
11 0.729167 0.0435185 0.0270833 0.0574074 0.811399
2 0.384896 0.152315 0.0572917 0.0824074 0.832402
2 0.729688 0.418519 0.122917 0.17037 0.903787
2 0.746094 0.190741 0.127604 0.111111 0.913336
