11 0.221615 0.0643518 0.0484375 0.0472222 0.00103539
2 0.503385 0.103704 0.0442708 0.0592593 0.00105247
2 0.200781 0.243981 0.0182292 0.012037 0.00105877
9 0.56224 0.050463 0.0192708 0.0268519 0.00111792
9 0.549219 0.0199074 0.0140625 0.0324074 0.00112101
0 0.26276 0.103241 0.00989583 0.0509259 0.00119384
7 0.970312 0.532407 0.0583333 0.22037 0.0011976
13 0.972396 0.518519 0.0541667 0.174074 0.00122856
2 0.57474 0.124537 0.0536458 0.0342593 0.00124531
2 0.442187 0.0865741 0.0145833 0.0268519 0.00128039
0 0.816667 0.233333 0.009375 0.0425926 0.0012902
9 0.274479 0.0398148 0.0354167 0.0759259 0.00133581
9 0.49974 0.602778 0.0151042 0.0388889 0.00137044
9 0.115104 0.025 0.0125 0.0388889 0.00140096
9 0.109115 0.0296296 0.0130208 0.037037 0.00140959
9 0.263542 0.0425926 0.01875 0.0555556 0.00144889
0 0.715365 0.37037 0.0244792 0.0277778 0.00148339
13 0.9875 0.51713 0.0239583 0.175 0.00154389
2 0.289323 0.103241 0.0973958 0.0861111 0.00154737
2 0.55026 0.113426 0.249479 0.0712963 0.00192878
12 0.701302 0.164352 0.0192708 0.037963 0.00197061
7 0.992448 0.517593 0.0140625 0.17037 0.00198055
9 0.558073 0.0231481 0.0234375 0.0444444 0.00200007
9 0.364323 0.0675926 0.00989583 0.0240741 0.00209527
2 0.00442708 0.402778 0.00885417 0.1 0.0021487
9 0.992969 0.508796 0.0130208 0.156481 0.00219263
9 0.2625 0.087963 0.00833333 0.0333333 0.00225357
58 0.96849 0.497685 0.0307292 0.087963 0.0022559
2 0.779948 0.100463 0.0317708 0.0490741 0.00231524
2 0.267708 0.0962963 0.0104167 0.0481481 0.00235773
11 0.255208 0.087037 0.0197917 0.0351852 0.0024797
2 0.40599 0.112963 0.135937 0.0574074 0.00252097
2 0.474479 0.112037 0.078125 0.0555556 0.00257047
1 0.0140625 0.393519 0.028125 0.116667 0.00261009
2 0.292448 0.1 0.0276042 0.0722222 0.00262212
7 0.984115 0.516667 0.0307292 0.185185 0.00282762
9 0.415365 0.0087963 0.0151042 0.0175926 0.00289995
7 0.220313 0.0611111 0.0510417 0.0722222 0.00297756
13 0.961458 0.556019 0.0385417 0.0435185 0.00307008
7 0.788281 0.0643518 0.0244792 0.0638889 0.00318209
2 0.65651 0.147685 0.0557292 0.0657407 0.00324445
12 0.693229 0.162963 0.00729167 0.0388889 0.00331216
0 0.283073 0.0981481 0.00885417 0.0592593 0.0034976
9 0.584896 0.0425926 0.0125 0.0425926 0.00369184
11 0.236979 0.0666667 0.0166667 0.0388889 0.00399322
12 0.99375 0.503241 0.0114583 0.147222 0.00459375
1 0.00546875 0.387963 0.0109375 0.116667 0.00467729
7 0.311979 0.0962963 0.0583333 0.062963 0.00479578
2 0.427865 0.118056 0.0546875 0.0231481 0.00500264
2 0.29349 0.075 0.0244792 0.0203704 0.00519293
9 0.219271 0.0773148 0.015625 0.037963 0.00547172
2 0.336979 0.1 0.0208333 0.0388889 0.00552298
7 0.321875 0.0828704 0.0385417 0.0361111 0.00565838
2 0.592969 0.125 0.0171875 0.0240741 0.00567684
11 0.60599 0.0601852 0.00989583 0.0240741 0.00601928
0 0.995573 0.330556 0.0078125 0.0537037 0.00630999
9 0.26901 0.024537 0.0203125 0.0398148 0.00814539
2 0.640104 0.148148 0.0208333 0.0574074 0.0081592
9 0.269531 0.0481481 0.0192708 0.0388889 0.0082137
2 0.370052 0.114352 0.0588542 0.0583333 0.00863157
9 0.570833 0.0314815 0.0135417 0.0592593 0.00968239
2 0.270312 0.110648 0.0125 0.0342593 0.00991957
5 0.220833 0.0731481 0.05 0.0611111 0.0101883
9 0.442187 0.0865741 0.0135417 0.0268519 0.0103612
2 0.238542 0.140741 0.0177083 0.0407407 0.0118694
9 0.207813 0.0675926 0.021875 0.0462963 0.014842
2 0.785937 0.0893519 0.0166667 0.025 0.0179167
0 0.75625 0.0842593 0.0145833 0.062963 0.0195091
2 0.489062 0.107407 0.0145833 0.05 0.0246895
9 0.221354 0.0560185 0.0145833 0.0398148 0.0392672
2 0.634635 0.14537 0.0109375 0.0537037 0.0445871
9 0.567187 0.0486111 0.00833333 0.025 0.0560578
9 0.502083 0.760648 0.0125 0.0546296 0.0673909
7 0.295573 0.106481 0.0348958 0.0833333 0.0777056
2 0.464844 0.1125 0.0161458 0.037963 0.130109
2 0.322396 0.0847222 0.0364583 0.0324074 0.150237
2 0.445312 0.117593 0.0229167 0.0203704 0.187813
2 0.478906 0.108796 0.0203125 0.0453704 0.290687
2 0.627083 0.121296 0.025 0.0518519 0.329939
2 0.411458 0.116667 0.0270833 0.0240741 0.438224
7 0.505729 0.104167 0.04375 0.0638889 0.480477
2 0.353125 0.116204 0.0197917 0.0324074 0.565702
2 0.31849 0.121296 0.0505208 0.0703704 0.571505
10 0.203906 0.315278 0.0151042 0.0712963 0.770412
11 0.728646 0.0430556 0.0270833 0.0583333 0.807758
2 0.378385 0.109722 0.0338542 0.0453704 0.812595
2 0.729948 0.418981 0.122396 0.171296 0.90377
