0 0.530729 0.109722 0.0135417 0.0472222 0.00100191
0 0.754948 0.0902778 0.0130208 0.0787037 0.00103551
9 0.415625 0.0236111 0.0166667 0.0287037 0.00103943
7 0.454688 0.10463 0.0427083 0.0592593 0.00107521
13 0.961719 0.551852 0.0390625 0.037037 0.00109385
2 0.0703125 0.0555556 0.0239583 0.0388889 0.00109504
2 0.601302 0.423611 0.725521 0.186111 0.00112583
58 0.951823 0.195833 0.0953125 0.326852 0.00118129
13 0.96901 0.565741 0.0557292 0.0685185 0.00120048
58 0.96849 0.493981 0.0307292 0.100926 0.00121366
0 0.730469 0.371759 0.0276042 0.0287037 0.00123929
9 0.43099 0.0509259 0.00885417 0.0277778 0.00125802
2 0.25599 0.0861111 0.0213542 0.037037 0.00126126
9 0.263021 0.0490741 0.0177083 0.0444444 0.00126563
7 0.970833 0.527778 0.0572917 0.218519 0.00128226
2 0.275781 0.112037 0.0255208 0.0611111 0.00128672
2 0.353906 0.099537 0.0286458 0.062037 0.00136904
2 0.780208 0.103241 0.03125 0.0472222 0.00138591
7 0.385156 0.0958333 0.0442708 0.0675926 0.00145544
2 0.0046875 0.556944 0.009375 0.0435185 0.00150485
0 0.263542 0.0986111 0.009375 0.0583333 0.00158703
9 0.572135 0.0305556 0.0151042 0.0592593 0.00161531
0 0.0533854 0.108333 0.0109375 0.0555556 0.00166114
2 0.238281 0.138426 0.0192708 0.0435185 0.00168619
2 0.634896 0.151389 0.0125 0.062037 0.00172175
12 0.690625 0.162037 0.0104167 0.0407407 0.00176824
5 0.236979 0.0671296 0.0166667 0.0416667 0.00185295
2 0.972656 0.498611 0.0380208 0.117593 0.00188663
2 0.285677 0.0814815 0.0223958 0.0351852 0.0019191
9 0.548177 0.0532407 0.0109375 0.0231481 0.00199026
2 0.592448 0.125 0.0171875 0.0259259 0.00214357
9 0.270052 0.0532407 0.0192708 0.0435185 0.00217819
2 0.786979 0.0837963 0.0145833 0.0212963 0.00221354
2 0.417188 0.109259 0.259375 0.0759259 0.0022744
9 0.263542 0.0902778 0.00833333 0.0435185 0.00232522
2 0.292448 0.106019 0.0796875 0.0916667 0.00273877
13 0.986198 0.519444 0.0265625 0.174074 0.00278307
2 0.00442708 0.406944 0.00885417 0.087963 0.00297977
13 0.99349 0.517593 0.0119792 0.172222 0.00327072
13 0.952604 0.419907 0.0947917 0.143519 0.00345664
2 0.4375 0.0884259 0.015625 0.0287037 0.00355201
9 0.5 0.601389 0.0145833 0.0398148 0.00355458
9 0.992969 0.490278 0.0130208 0.117593 0.00409462
1 0.0111979 0.368519 0.0223958 0.0555556 0.00421194
12 0.976042 0.497222 0.0447917 0.125926 0.00426507
2 0.0622396 0.0662037 0.0380208 0.0268519 0.00458347
7 0.234896 0.0675926 0.0197917 0.0518519 0.00463562
1 0.0130208 0.396759 0.0260417 0.108333 0.00487304
2 0.354948 0.109259 0.105729 0.0722222 0.00490379
0 0.715365 0.370833 0.0234375 0.0268519 0.00501389
13 0.970573 0.533796 0.0578125 0.15463 0.00503598
0 0.267708 0.0972222 0.0114583 0.0555556 0.00514835
1 0.00416667 0.406019 0.00833333 0.087963 0.00533337
2 0.784375 0.0888889 0.0125 0.0185185 0.00537819
12 0.702083 0.138889 0.0208333 0.087037 0.00608644
12 0.99375 0.489815 0.0114583 0.118519 0.00729327
9 0.502604 0.758333 0.0135417 0.0555556 0.00788022
2 0.60599 0.0597222 0.0109375 0.0287037 0.00791189
9 0.292708 0.0490741 0.00833333 0.0425926 0.0103875
9 0.566927 0.0467593 0.00885417 0.0231481 0.0114826
2 0.270312 0.109259 0.0135417 0.037037 0.0120008
7 0.21276 0.0625 0.0359375 0.0601852 0.0159317
0 0.634896 0.148611 0.009375 0.0490741 0.0169049
9 0.26875 0.0347222 0.021875 0.0657407 0.0184821
5 0.2125 0.062037 0.034375 0.0592593 0.0205913
2 0.479688 0.108796 0.0145833 0.0453704 0.0549951
2 0.363802 0.074537 0.0130208 0.0398148 0.0872853
2 0.526823 0.0763889 0.0182292 0.0287037 0.0962911
2 0.294792 0.103704 0.028125 0.0740741 0.116174
2 0.322135 0.0861111 0.0380208 0.037037 0.335467
2 0.627344 0.121296 0.0255208 0.0518519 0.427986
2 0.503906 0.103241 0.0442708 0.0638889 0.548226
2 0.386458 0.100926 0.040625 0.0611111 0.604426
2 0.454688 0.103241 0.0416667 0.0564815 0.60664
10 0.203906 0.314815 0.0161458 0.0703704 0.760302
2 0.318229 0.12037 0.0510417 0.0703704 0.784281
11 0.729167 0.0412037 0.0270833 0.0527778 0.793961
2 0.729427 0.418981 0.122396 0.173148 0.914889
