2 0.0117188 0.398148 0.0234375 0.109259 0.00107998
2 0.411979 0.110185 0.291667 0.087037 0.00115618
2 0.00572917 0.0884259 0.0114583 0.037963 0.00116379
2 0.661719 0.149074 0.0661458 0.0611111 0.00117945
2 0.278385 0.111111 0.0307292 0.0611111 0.00119409
9 0.361719 0.0699074 0.0078125 0.025 0.00123407
0 0.564062 0.763889 0.0291667 0.0444444 0.00124792
9 0.55651 0.025463 0.0255208 0.0509259 0.00131949
2 0.782031 0.1 0.0348958 0.0425926 0.00138181
0 0.756771 0.373148 0.0208333 0.0351852 0.00144995
2 0.0078125 0.376852 0.015625 0.0462963 0.0014692
12 0.701563 0.139352 0.021875 0.0861111 0.00152209
58 0.951823 0.200926 0.0963542 0.316667 0.00163585
2 0.264323 0.101852 0.0109375 0.0537037 0.00177429
0 0.753906 0.0884259 0.0161458 0.0768519 0.00181831
9 0.415104 0.0101852 0.015625 0.0203704 0.00182138
2 0.271094 0.0726852 0.0223958 0.0824074 0.0019135
9 0.50026 0.601389 0.0151042 0.0398148 0.00191949
2 0.476302 0.110648 0.0755208 0.0675926 0.00198154
2 0.570312 0.110648 0.259375 0.075 0.00198306
0 0.816927 0.235648 0.00885417 0.0361111 0.00198681
2 0.784115 0.0842593 0.0171875 0.0222222 0.00203433
0 0.73125 0.371296 0.028125 0.0314815 0.00208633
0 0.707812 0.372222 0.0197917 0.0296296 0.00219469
2 0.00546875 0.402315 0.0109375 0.0972222 0.00227092
9 0.548177 0.0523148 0.0109375 0.0231481 0.00227965
58 0.967708 0.492593 0.0302083 0.0833333 0.00231811
9 0.21849 0.104167 0.00885417 0.0416667 0.00236529
7 0.236198 0.0652778 0.0161458 0.037963 0.00248095
9 0.459375 0.0652778 0.00833333 0.0287037 0.00257506
9 0.269792 0.0486111 0.01875 0.037963 0.00274143
0 0.717448 0.370833 0.0265625 0.0287037 0.00280051
9 0.214062 0.0634259 0.0385417 0.062037 0.0028386
1 0.00703125 0.400463 0.0140625 0.100926 0.00290554
9 0.291927 0.0537037 0.00885417 0.0462963 0.00308891
2 0.254948 0.0875 0.0223958 0.037963 0.00316268
2 0.448177 0.115278 0.0296875 0.0231481 0.00357241
0 0.283073 0.0833333 0.00885417 0.0277778 0.00371935
9 0.583854 0.037037 0.0125 0.0555556 0.00389769
2 0.288281 0.0851852 0.0140625 0.037037 0.00395687
0 0.28776 0.108796 0.0182292 0.0768519 0.0041311
7 0.275 0.0634259 0.0385417 0.125 0.0043818
7 0.221354 0.0578704 0.053125 0.102778 0.00462949
12 0.692448 0.1625 0.0078125 0.0398148 0.00465492
2 0.776302 0.105093 0.0223958 0.0287037 0.00491654
9 0.26901 0.0236111 0.0223958 0.0435185 0.00501128
7 0.146875 0.0902778 0.06875 0.0805556 0.00508745
7 0.99375 0.517593 0.0114583 0.175926 0.00542172
9 0.569271 0.0310185 0.0114583 0.0583333 0.00605781
9 0.994531 0.500926 0.00989583 0.146296 0.00664365
7 0.970573 0.52037 0.0578125 0.192593 0.00679934
2 0.23724 0.138889 0.0192708 0.0444444 0.00703278
2 0.441927 0.0851852 0.0119792 0.0259259 0.00743205
5 0.21276 0.0606481 0.0338542 0.0601852 0.00751733
2 0.783333 0.0907407 0.0145833 0.0185185 0.0102462
0 0.584375 0.763889 0.0364583 0.0425926 0.0104053
2 0.291927 0.108333 0.0234375 0.0685185 0.0110011
2 0.291146 0.0717593 0.0114583 0.0157407 0.0129947
7 0.2125 0.0606481 0.0333333 0.0601852 0.0134814
2 0.270833 0.108796 0.0145833 0.0398148 0.0139181
2 0.634115 0.141204 0.0109375 0.0472222 0.0150176
9 0.566667 0.0467593 0.00833333 0.025 0.0157871
2 0.605729 0.0597222 0.0104167 0.0268519 0.0227025
2 0.592188 0.127315 0.0177083 0.0231481 0.0232801
9 0.219271 0.0902778 0.00833333 0.0138889 0.0242554
0 0.664583 0.765741 0.0479167 0.0351852 0.0247431
9 0.441927 0.0851852 0.0119792 0.0259259 0.0295022
2 0.489323 0.107407 0.0182292 0.05 0.0457072
2 0.46276 0.110648 0.0130208 0.0398148 0.109739
2 0.626823 0.121296 0.0255208 0.0537037 0.338809
2 0.505729 0.103241 0.0427083 0.0638889 0.341329
2 0.321354 0.0847222 0.0364583 0.0342593 0.374653
2 0.479167 0.109259 0.0229167 0.0444444 0.377165
7 0.505729 0.103241 0.0427083 0.0638889 0.468241
7 0.626562 0.850463 0.252083 0.291667 0.490047
2 0.317448 0.12037 0.0515625 0.0703704 0.709255
2 0.627083 0.849074 0.252083 0.290741 0.741381
10 0.203646 0.314815 0.015625 0.0722222 0.746308
11 0.728646 0.0407407 0.0270833 0.0518519 0.773175
2 0.729427 0.418981 0.123438 0.171296 0.909785
