12 0.702083 0.155093 0.0229167 0.0546296 0.00100274
1 0.00494792 0.365741 0.00989583 0.0685185 0.00101775
2 0.991667 0.52963 0.015625 0.17037 0.00103265
9 0.275521 0.0421296 0.0364583 0.0824074 0.00104337
2 0.596354 0.116204 0.0125 0.0416667 0.00108679
2 0.575521 0.425 0.659375 0.17963 0.00110748
12 0.69375 0.161574 0.00729167 0.0398148 0.00111391
11 0.240365 0.037037 0.0223958 0.0703704 0.00114636
7 0.789583 0.0625 0.028125 0.0657407 0.00120407
9 0.49974 0.602778 0.0151042 0.0425926 0.00128108
9 0.577344 0.0328704 0.0151042 0.062037 0.00130851
2 0.817448 0.23287 0.00885417 0.0453704 0.00131807
2 0.425781 0.109259 0.315104 0.0833333 0.00134006
7 0.970833 0.521759 0.0572917 0.191667 0.00139185
1 0.145313 0.32963 0.0270833 0.0518519 0.00145593
2 0.238281 0.142593 0.0192708 0.037037 0.00148691
9 0.36224 0.0694444 0.00885417 0.0240741 0.00151101
9 0.816927 0.233333 0.00885417 0.0462963 0.00154706
2 0.777344 0.108796 0.0255208 0.0472222 0.0015514
9 0.582292 0.0375 0.0125 0.0509259 0.00155508
0 0.529427 0.288889 0.554688 0.461111 0.00157671
1 0.810417 0.331019 0.01875 0.0898148 0.00159153
2 0.0046875 0.557407 0.009375 0.0425926 0.00162313
9 0.415625 0.00787037 0.015625 0.0157407 0.00163326
7 0.278646 0.075 0.034375 0.142593 0.00187583
9 0.269531 0.0527778 0.0203125 0.0333333 0.00191002
11 0.23724 0.0685185 0.0171875 0.0444444 0.00195299
0 0.71849 0.371296 0.0255208 0.0296296 0.00207095
7 0.990625 0.517593 0.0177083 0.183333 0.00221881
1 0.228906 0.299537 0.0286458 0.087963 0.00232819
12 0.988281 0.501852 0.0203125 0.135185 0.00251112
9 0.109635 0.0259259 0.0119792 0.037037 0.00254182
0 0.995833 0.327778 0.00729167 0.0555556 0.00273169
12 0.995052 0.537963 0.00885417 0.0648148 0.00286125
2 0.442448 0.087963 0.0130208 0.0296296 0.00306644
0 0.442448 0.0962963 0.0161458 0.0481481 0.00311734
0 0.265885 0.0986111 0.00989583 0.0564815 0.00319605
2 0.286719 0.111574 0.0171875 0.0768519 0.00319628
9 0.26276 0.0898148 0.0078125 0.0425926 0.00343923
9 0.567448 0.0314815 0.0130208 0.0574074 0.00410562
2 0.813802 0.075 0.0182292 0.0185185 0.00430401
1 0.234896 0.309722 0.053125 0.0972222 0.00459776
9 0.502344 0.759722 0.0130208 0.0564815 0.0048588
10 0.222917 0.306944 0.021875 0.0898148 0.00500009
2 0.269531 0.108796 0.0109375 0.0398148 0.00699513
9 0.269531 0.0226852 0.0203125 0.0416667 0.00787491
7 0.316146 0.111574 0.0552083 0.0824074 0.00787623
19 0.442708 0.087963 0.0125 0.0296296 0.00788784
9 0.440885 0.223148 0.0119792 0.0296296 0.00794605
9 0.439844 0.201389 0.0130208 0.0398148 0.00806324
0 0.756771 0.0888889 0.0125 0.0740741 0.00808358
9 0.2125 0.0648148 0.0333333 0.0518519 0.00836535
11 0.60625 0.0601852 0.009375 0.0259259 0.0151845
12 0.994792 0.499074 0.009375 0.142593 0.0177621
5 0.219792 0.0657407 0.0489583 0.0592593 0.0189318
2 0.592448 0.126852 0.0182292 0.0222222 0.0211303
2 0.785937 0.0888889 0.0145833 0.0222222 0.0214196
7 0.220313 0.0648148 0.0510417 0.0648148 0.0280334
2 0.294792 0.106019 0.03125 0.0805556 0.0296094
2 0.486458 0.108333 0.0145833 0.05 0.0336255
9 0.567187 0.0481481 0.00833333 0.0222222 0.0361985
2 0.635156 0.146759 0.0119792 0.0527778 0.0374831
0 0.635417 0.146759 0.0104167 0.0509259 0.0451911
7 0.298698 0.105093 0.0369792 0.0805556 0.119833
2 0.463802 0.113426 0.0151042 0.037963 0.195684
2 0.321875 0.087037 0.0375 0.0333333 0.248019
2 0.627865 0.12037 0.0255208 0.05 0.263263
2 0.479688 0.109722 0.0197917 0.0453704 0.353628
2 0.50625 0.10463 0.0416667 0.062963 0.500385
1 0.248698 0.32037 0.0182292 0.0907407 0.532199
2 0.31875 0.12037 0.05 0.0722222 0.652836
10 0.204167 0.316667 0.0177083 0.0703704 0.692134
0 0.25026 0.281019 0.0265625 0.123148 0.778328
11 0.729167 0.0435185 0.0270833 0.0574074 0.787625
2 0.729688 0.419444 0.122917 0.172222 0.914271
