9 0.263281 0.0300926 0.0171875 0.0564815 0.00102268
2 0.25651 0.087963 0.0203125 0.0425926 0.00102342
2 0.814323 0.074537 0.0161458 0.0212963 0.00103687
9 0.570312 0.0310185 0.0145833 0.0583333 0.00104573
0 0.540625 0.357407 0.0416667 0.037037 0.00108722
13 0.985677 0.520833 0.0276042 0.176852 0.00115598
9 0.261198 0.0462963 0.0140625 0.0444444 0.00123745
13 0.970573 0.532407 0.0578125 0.164815 0.00132711
1 0.00416667 0.466667 0.00833333 0.22037 0.00144023
0 0.732292 0.371759 0.0260417 0.0287037 0.00145845
2 0.283073 0.0773148 0.0182292 0.0305556 0.00147134
2 0.295312 0.106019 0.090625 0.0916667 0.00148364
58 0.968229 0.49213 0.03125 0.0935185 0.00148946
9 0.548177 0.0532407 0.0109375 0.0212963 0.00155579
2 0.500781 0.108796 0.493229 0.0768519 0.00161334
9 0.275 0.0476852 0.0375 0.0935185 0.00175716
58 0.919271 0.184722 0.161458 0.362037 0.00180448
2 0.0257812 0.356944 0.0515625 0.0472222 0.00200406
11 0.236719 0.0675926 0.0171875 0.0425926 0.00200479
2 0.407813 0.108333 0.0322917 0.0574074 0.00206635
7 0.275521 0.0731481 0.0395833 0.142593 0.0020959
0 0.75599 0.373611 0.0203125 0.0324074 0.00213435
32 0.453906 0.314352 0.00885417 0.0157407 0.00225385
9 0.291406 0.0527778 0.0078125 0.0444444 0.00246285
2 0.78776 0.0824074 0.0213542 0.0296296 0.00267359
7 0.970312 0.528704 0.0583333 0.203704 0.00268766
2 0.291667 0.0703704 0.0104167 0.0148148 0.00271293
2 0.397656 0.109259 0.166146 0.0685185 0.00278737
1 0.0236979 0.390278 0.0473958 0.125 0.00350945
2 0.40625 0.0893519 0.028125 0.0490741 0.00388363
9 0.988021 0.497685 0.0208333 0.125 0.00389257
2 0.363281 0.0685185 0.0119792 0.0222222 0.00401912
9 0.26875 0.0490741 0.0197917 0.037037 0.00405203
0 0.265885 0.0981481 0.00989583 0.0555556 0.00413423
12 0.988281 0.498611 0.0203125 0.126852 0.00490603
2 0.646094 0.414352 0.320312 0.19537 0.00514028
2 0.784635 0.0893519 0.0140625 0.0175926 0.00588091
7 0.788281 0.062963 0.0255208 0.062963 0.00597257
0 0.714323 0.371296 0.0234375 0.0259259 0.00690867
9 0.99375 0.514352 0.0114583 0.163889 0.00831545
2 0.605729 0.0583333 0.0104167 0.0259259 0.00856112
2 0.26875 0.106944 0.0104167 0.0398148 0.00876125
12 0.994531 0.498148 0.00989583 0.135185 0.00904273
9 0.500521 0.601389 0.0145833 0.0398148 0.00962849
5 0.2125 0.0634259 0.0354167 0.0546296 0.0124699
1 0.0119792 0.364352 0.0239583 0.0583333 0.0132303
2 0.00390625 0.408333 0.0078125 0.0888889 0.0143413
9 0.26901 0.0180556 0.0203125 0.0324074 0.0148492
7 0.21901 0.0643518 0.0494792 0.0583333 0.016165
9 0.567187 0.0472222 0.00833333 0.0240741 0.0198504
2 0.442708 0.087037 0.0125 0.0259259 0.0227228
1 0.00963542 0.395833 0.0192708 0.115741 0.0278939
0 0.75599 0.0902778 0.0140625 0.0787037 0.0299055
0 0.634375 0.144907 0.0125 0.0564815 0.0315795
9 0.502344 0.758796 0.0130208 0.0546296 0.0317062
7 0.29375 0.108333 0.0291667 0.0814815 0.0414293
2 0.292188 0.110648 0.0260417 0.075 0.0813269
2 0.461719 0.110648 0.0130208 0.037963 0.104594
2 0.322396 0.0847222 0.0385417 0.0342593 0.317656
7 0.504948 0.102778 0.0442708 0.062963 0.34619
2 0.627344 0.12037 0.0255208 0.05 0.400939
2 0.471875 0.108796 0.03125 0.0435185 0.43696
2 0.505208 0.102315 0.04375 0.0638889 0.510813
7 0.553646 0.408796 0.13125 0.199074 0.534319
2 0.430729 0.10787 0.0197917 0.0453704 0.543702
2 0.553906 0.408796 0.131771 0.197222 0.55652
7 0.401302 0.101852 0.0473958 0.0777778 0.560224
11 0.729167 0.0412037 0.028125 0.0546296 0.732302
10 0.204167 0.314352 0.015625 0.0694444 0.739003
2 0.318229 0.12037 0.0510417 0.0685185 0.802147
2 0.729688 0.418056 0.122917 0.171296 0.917107
