0 0.457292 0.5875 0.779167 0.356481 0.00100097
2 0.0257812 0.351852 0.0505208 0.0296296 0.00109942
3 0.0236979 0.393981 0.0473958 0.115741 0.00120796
0 0.378385 0.224537 0.719271 0.336111 0.00125804
58 0.919271 0.186111 0.161458 0.366667 0.00128707
9 0.276042 0.0421296 0.0375 0.0824074 0.00132625
2 0.804948 0.0833333 0.0255208 0.0259259 0.001329
32 0.460156 0.356019 0.00989583 0.0157407 0.00134701
2 0.551042 0.431481 0.561458 0.188889 0.00145523
9 0.502083 0.760185 0.0125 0.0555556 0.00151965
9 0.757292 0.0736111 0.009375 0.0398148 0.00155501
9 0.416146 0.0106481 0.0166667 0.0212963 0.00157881
2 0.423698 0.108333 0.298438 0.0777778 0.00164288
2 0.638021 0.122222 0.0479167 0.062963 0.00165878
2 0.686458 0.128241 0.139583 0.0601852 0.00167029
2 0.28776 0.0777778 0.0182292 0.0351852 0.00167518
32 0.454427 0.314352 0.0078125 0.0138889 0.00178805
0 0.702344 0.166204 0.0192708 0.0453704 0.00182278
0 0.20625 0.706019 0.0270833 0.0861111 0.00182971
7 0.99401 0.518519 0.0109375 0.172222 0.00193092
2 0.817448 0.0847222 0.0119792 0.025 0.002004
2 0.503125 0.103241 0.0427083 0.0601852 0.00205463
11 0.236719 0.0685185 0.0171875 0.0444444 0.00208058
13 0.971875 0.52037 0.0552083 0.175926 0.00221754
7 0.666406 0.131944 0.0973958 0.0842593 0.00230289
2 0.363542 0.0666667 0.0114583 0.0222222 0.00236148
9 0.3625 0.0513889 0.0114583 0.0435185 0.0024249
0 0.465885 0.388889 0.875521 0.718518 0.00250083
2 0.665104 0.143519 0.0760417 0.0685185 0.00254141
0 0.263802 0.100463 0.00885417 0.0546296 0.00261297
0 0.729948 0.372222 0.0276042 0.0296296 0.00268423
0 0.00494792 0.387037 0.00989583 0.127778 0.00270756
2 0.59349 0.109259 0.309896 0.0648148 0.0027537
2 0.592448 0.126389 0.0171875 0.025 0.00276748
0 0.757031 0.375463 0.0203125 0.0287037 0.00277412
2 0.238542 0.14213 0.01875 0.0416667 0.00278285
2 0.815885 0.0699074 0.0151042 0.0138889 0.00290941
2 0.479688 0.108333 0.071875 0.0574074 0.00322401
7 0.276302 0.0708333 0.0390625 0.136111 0.00325775
9 0.292969 0.0578704 0.00885417 0.0398148 0.0034767
5 0.220573 0.0712963 0.0505208 0.0537037 0.00360093
13 0.961719 0.555556 0.0401042 0.0444444 0.0038236
2 0.442187 0.087037 0.0135417 0.0259259 0.00383202
58 0.96875 0.497685 0.0302083 0.0916667 0.00447841
2 0.60651 0.0601852 0.00989583 0.0240741 0.00450694
9 0.220573 0.0662037 0.0380208 0.0509259 0.00459071
9 0.994531 0.492593 0.00989583 0.131481 0.00473549
7 0.970573 0.523611 0.0578125 0.193519 0.00479537
0 0.817708 0.233333 0.00833333 0.0388889 0.00535936
0 0.713281 0.371296 0.0203125 0.0259259 0.00570382
0 0.36224 0.0638889 0.00989583 0.0333333 0.00605622
9 0.291406 0.0712963 0.0109375 0.0185185 0.00619495
2 0.44349 0.114815 0.0203125 0.0240741 0.00624813
2 0.270312 0.110648 0.0125 0.037963 0.00674411
2 0.307031 0.0819444 0.0255208 0.0342593 0.00680847
9 0.574219 0.0305556 0.0151042 0.0592593 0.00729655
9 0.26875 0.0425926 0.0208333 0.0481481 0.00782021
2 0.814844 0.0759259 0.0171875 0.0166667 0.00802881
7 0.220052 0.0675926 0.0494792 0.0574074 0.00828182
2 0.651042 0.15 0.0416667 0.0592593 0.00845145
0 0.286198 0.111574 0.0161458 0.075 0.00889
0 0.282552 0.0856481 0.0078125 0.0287037 0.00956913
9 0.220313 0.0523148 0.01875 0.0398148 0.0103072
9 0.584635 0.037037 0.0140625 0.0555556 0.0103228
2 0.785937 0.0898148 0.0145833 0.0240741 0.0103887
2 0.0132813 0.39537 0.0265625 0.112963 0.0117244
9 0.207292 0.0699074 0.0197917 0.0416667 0.0142756
9 0.26875 0.024537 0.0208333 0.0435185 0.0166306
0 0.383333 0.50463 0.0395833 0.0462963 0.0171053
2 0.634896 0.148148 0.0114583 0.0537037 0.018475
1 0.0132813 0.395833 0.0265625 0.112037 0.0193408
9 0.220313 0.087963 0.00833333 0.0166667 0.0230192
3 0.00885417 0.396296 0.0177083 0.109259 0.0301737
7 0.297396 0.105556 0.0395833 0.0814815 0.0318547
3 0.00442708 0.404167 0.00885417 0.0935185 0.0333422
0 0.338802 0.50787 0.0369792 0.0453704 0.033431
1 0.0046875 0.396759 0.009375 0.108333 0.0358709
2 0.48776 0.10787 0.0140625 0.0490741 0.0381498
9 0.567448 0.0476852 0.0078125 0.0231481 0.0399578
2 0.298698 0.105556 0.0390625 0.0777778 0.0510167
2 0.00416667 0.409259 0.00833333 0.0851852 0.0521882
9 0.442448 0.0875 0.0130208 0.025 0.0566653
2 0.46224 0.113889 0.0119792 0.0351852 0.0738072
2 0.470573 0.109722 0.0223958 0.0435185 0.151557
2 0.479427 0.109259 0.0213542 0.0444444 0.24704
2 0.322656 0.087037 0.0380208 0.037037 0.311334
7 0.505729 0.103704 0.0427083 0.062963 0.432005
2 0.627083 0.121296 0.025 0.0537037 0.536854
2 0.31849 0.121296 0.0515625 0.0703704 0.688952
11 0.728906 0.0430556 0.0265625 0.0564815 0.785283
10 0.203906 0.315278 0.0161458 0.0731481 0.832439
2 0.383594 0.250926 0.0828125 0.112963 0.887842
2 0.729688 0.419444 0.122917 0.17037 0.916895
2 0.714583 0.197685 0.132292 0.106481 0.926337
2 0.360417 0.556019 0.142708 0.210185 0.929089
