0 0.440104 0.287963 0.765625 0.57037 0.00109817
9 0.00520833 0.0175926 0.0104167 0.0351852 0.00110047
12 0.994271 0.518981 0.0104167 0.162037 0.00111236
2 0.277083 0.115278 0.0291667 0.062037 0.00111693
2 0.817187 0.233333 0.009375 0.0425926 0.0012026
2 0.656771 0.138889 0.0802083 0.0833333 0.00127157
2 0.263802 0.103241 0.00885417 0.0509259 0.00132796
11 0.745833 0.0638889 0.0614583 0.124074 0.00133156
11 0.739323 0.0652778 0.0161458 0.0268519 0.00133608
9 0.275781 0.0662037 0.0244792 0.0472222 0.00134348
9 0.547656 0.0513889 0.00989583 0.0231481 0.00143395
2 0.561979 0.109259 0.365625 0.0796296 0.00145475
2 0.297917 0.105093 0.0885417 0.0990741 0.00148885
12 0.692448 0.162963 0.00885417 0.0388889 0.00152838
9 0.447396 0.263889 0.0135417 0.0555556 0.00158191
9 0.277865 0.0587963 0.0328125 0.112037 0.00164496
2 0.238542 0.141204 0.01875 0.0398148 0.0016888
9 0.216667 0.0615741 0.0385417 0.0527778 0.00178017
9 0.253125 0.087037 0.0135417 0.037037 0.0018381
9 0.557292 0.025463 0.028125 0.0509259 0.00192567
9 0.36224 0.0680556 0.00885417 0.0268519 0.00198364
9 0.438021 0.191667 0.015625 0.037037 0.00217447
9 0.258854 0.0712963 0.0104167 0.0462963 0.00230483
2 0.00416667 0.451852 0.00833333 0.192593 0.00234148
12 0.702083 0.162963 0.01875 0.0407407 0.00234196
7 0.220052 0.0671296 0.0505208 0.0564815 0.00244228
9 0.292448 0.0537037 0.00885417 0.0407407 0.00249006
2 0.422656 0.109722 0.317187 0.087963 0.00252114
2 0.363542 0.0671296 0.0114583 0.0231481 0.002604
9 0.36224 0.0425926 0.00885417 0.0277778 0.00274963
11 0.236458 0.0685185 0.0177083 0.0444444 0.00285567
5 0.221875 0.0726852 0.0489583 0.0583333 0.00301637
2 0.442187 0.108796 0.154167 0.0712963 0.00308037
2 0.602344 0.430093 0.739062 0.197222 0.00330129
9 0.28125 0.0865741 0.00729167 0.0268519 0.00338409
2 0.291406 0.0699074 0.00989583 0.0157407 0.00349284
9 0.264323 0.0898148 0.0119792 0.0407407 0.00356434
0 0.442708 0.0981481 0.0177083 0.05 0.00386819
11 0.240365 0.037963 0.0223958 0.0740741 0.00391017
9 0.565365 0.0310185 0.0213542 0.0601852 0.00393128
9 0.267969 0.0949074 0.0119792 0.0490741 0.00417334
2 0.790885 0.0884259 0.0203125 0.0212963 0.00440198
0 0.732292 0.372222 0.034375 0.0277778 0.00452541
9 0.221354 0.104167 0.0135417 0.0361111 0.00459237
0 0.757031 0.0930556 0.0140625 0.087963 0.00467697
11 0.60625 0.0592593 0.009375 0.0259259 0.00494456
9 0.454427 0.313889 0.0078125 0.0148148 0.00513624
1 0.0132813 0.396296 0.0265625 0.109259 0.00528542
0 0.323958 0.398148 0.0270833 0.0333333 0.0057838
9 0.503385 0.758333 0.0119792 0.0592593 0.0058876
9 0.994792 0.493519 0.009375 0.122222 0.00626035
9 0.565625 0.0421296 0.0104167 0.037963 0.00649473
0 0.757552 0.373611 0.0182292 0.0287037 0.0066128
12 0.702083 0.139352 0.0229167 0.0861111 0.00670316
7 0.971094 0.526852 0.0567708 0.198148 0.00732824
2 0.00859375 0.398148 0.0171875 0.103704 0.00837726
0 0.710156 0.372685 0.0203125 0.0268519 0.00876229
9 0.207031 0.0685185 0.0171875 0.0351852 0.00930213
2 0.289062 0.113889 0.0208333 0.0759259 0.0103861
2 0.270312 0.110648 0.0135417 0.0361111 0.0107183
9 0.966927 0.500463 0.0255208 0.0787037 0.0108794
2 0.442448 0.0875 0.0140625 0.0268519 0.0117125
9 0.220833 0.0902778 0.0104167 0.0157407 0.0160416
1 0.00442708 0.393056 0.00885417 0.112037 0.019668
2 0.591406 0.128241 0.0182292 0.0212963 0.0206471
2 0.298438 0.107407 0.0364583 0.0796296 0.0207149
9 0.442969 0.0875 0.0130208 0.0268519 0.0221621
0 0.635156 0.148611 0.00989583 0.0490741 0.0222558
9 0.500521 0.602778 0.015625 0.0425926 0.0222588
0 0.35599 0.393519 0.0244792 0.037037 0.0291852
9 0.567187 0.0476852 0.00833333 0.0231481 0.0341753
0 0.370313 0.392593 0.0302083 0.037037 0.0395698
9 0.973437 0.5 0.0385417 0.122222 0.0419483
2 0.00390625 0.40787 0.0078125 0.0861111 0.0490291
0 0.342448 0.393981 0.0276042 0.037963 0.0494487
9 0.222135 0.0583333 0.0109375 0.0333333 0.0625595
9 0.26901 0.0342593 0.0213542 0.0666667 0.171243
2 0.321615 0.0861111 0.0390625 0.037037 0.316801
2 0.627344 0.121759 0.0255208 0.0527778 0.410296
2 0.473698 0.108333 0.0338542 0.0462963 0.520257
2 0.505729 0.103241 0.04375 0.0638889 0.639234
11 0.729167 0.0425926 0.0270833 0.0555556 0.6562
2 0.317969 0.120833 0.0515625 0.0694444 0.677019
10 0.204167 0.315741 0.0166667 0.0703704 0.835033
2 0.729948 0.419444 0.122396 0.172222 0.906055
2 0.348437 0.442593 0.127083 0.177778 0.928649
