0 0.613281 0.243981 0.00885417 0.0490741 0.00100441
9 0.415885 0.0115741 0.0161458 0.0231481 0.00102371
0 0.26276 0.111111 0.00989583 0.0425926 0.00103792
9 0.283333 0.0768519 0.0395833 0.142593 0.00103971
9 0.254167 0.0856481 0.0135417 0.0324074 0.00116019
11 0.735156 0.0523148 0.0223958 0.0416667 0.00117818
1 0.813542 0.362037 0.0145833 0.0481481 0.00120212
2 0.654948 0.141667 0.0838542 0.0851852 0.00120612
7 0.970573 0.527778 0.0578125 0.198148 0.00121206
2 0.5375 0.110185 0.00833333 0.0462963 0.00124266
9 0.55651 0.0259259 0.0265625 0.0481481 0.00125436
9 0.429688 0.0407407 0.00833333 0.0185185 0.00134246
0 0.270833 0.835185 0.0947917 0.253704 0.00138734
2 0.50599 0.109259 0.308854 0.0685185 0.00145516
12 0.973958 0.497222 0.040625 0.122222 0.00146889
2 0.689844 0.169444 0.0130208 0.037037 0.00149507
13 0.970573 0.521759 0.0578125 0.173148 0.00153623
9 0.5625 0.0509259 0.0197917 0.0259259 0.00163814
9 0.277865 0.0564815 0.0203125 0.0648148 0.00166418
11 0.236719 0.0671296 0.0171875 0.0416667 0.00168269
9 0.236458 0.0611111 0.0177083 0.0314815 0.00173421
2 0.796354 0.087037 0.034375 0.0222222 0.00176067
2 0.783854 0.105556 0.0395833 0.0555556 0.00183328
0 0.616406 0.240278 0.00885417 0.0527778 0.00183998
2 0.814583 0.0856481 0.015625 0.0194444 0.00187367
2 0.354948 0.101852 0.0265625 0.0388889 0.00188374
9 0.995313 0.518981 0.00833333 0.0805556 0.00188812
9 0.548177 0.050463 0.0109375 0.0268519 0.00195642
2 0.46224 0.114815 0.0140625 0.0388889 0.00199699
2 0.44375 0.0990741 0.0197917 0.0481481 0.00202285
9 0.441406 0.227315 0.00885417 0.0175926 0.00207243
9 0.46875 0.410185 0.0114583 0.0240741 0.00209701
2 0.291146 0.0726852 0.0135417 0.0175926 0.002143
2 0.77474 0.116204 0.0192708 0.0324074 0.00219034
0 0.757552 0.375 0.0182292 0.0296296 0.00219329
9 0.258594 0.0708333 0.0109375 0.0453704 0.00249276
0 0.729948 0.372685 0.0348958 0.0305556 0.00258025
9 0.26849 0.0981481 0.0130208 0.0518519 0.00284139
12 0.690625 0.166667 0.0125 0.0388889 0.00289102
0 0.563021 0.259722 0.03125 0.0435185 0.003001
2 0.53151 0.111574 0.0130208 0.0416667 0.00324361
9 0.214323 0.0625 0.0359375 0.0546296 0.00340238
2 0.296615 0.106944 0.0848958 0.0861111 0.00370876
2 0.648438 0.149074 0.0364583 0.0592593 0.00371033
9 0.989583 0.498148 0.0197917 0.124074 0.00428868
1 0.809375 0.331944 0.021875 0.0916667 0.00453272
0 0.709115 0.373148 0.0192708 0.0277778 0.00478157
0 0.182031 0.737037 0.174479 0.47037 0.00496597
9 0.266406 0.0694444 0.0161458 0.0555556 0.00555015
1 0.0135417 0.365278 0.0270833 0.0509259 0.00583808
2 0.592188 0.127778 0.0177083 0.0222222 0.00608401
0 0.717188 0.372222 0.0229167 0.0277778 0.00656292
2 0.346354 0.109259 0.1 0.062963 0.00668446
2 0.271875 0.110648 0.0135417 0.0361111 0.00713942
5 0.220573 0.0708333 0.0505208 0.0527778 0.0072477
11 0.60651 0.0597222 0.00989583 0.0231481 0.00763119
2 0.435937 0.108333 0.161458 0.0555556 0.0078266
12 0.984375 0.496759 0.0166667 0.119444 0.00813768
1 0.00390625 0.408796 0.0078125 0.0824074 0.00852477
2 0.813802 0.0768519 0.0151042 0.012963 0.00916841
9 0.454427 0.312037 0.0078125 0.0222222 0.00960176
12 0.995313 0.487963 0.00833333 0.116667 0.0111159
2 0.635417 0.15 0.0114583 0.0537037 0.0115602
9 0.571875 0.0314815 0.0145833 0.0592593 0.0115754
9 0.502604 0.758796 0.0114583 0.0564815 0.0137061
2 0.3625 0.0703704 0.0104167 0.0277778 0.0143743
2 0.325521 0.102315 0.0479167 0.0601852 0.0155945
0 0.635417 0.15 0.009375 0.05 0.0160302
1 0.0117188 0.389815 0.0234375 0.12037 0.0193341
0 0.756771 0.087963 0.0145833 0.0666667 0.0216176
9 0.221875 0.0532407 0.015625 0.0361111 0.0244932
9 0.442708 0.087037 0.0125 0.0259259 0.0246646
9 0.207031 0.0680556 0.0192708 0.0416667 0.0284248
2 0.785937 0.0884259 0.015625 0.0231481 0.0383431
7 0.297135 0.109259 0.0369792 0.0814815 0.0400192
2 0.238281 0.141204 0.0192708 0.0416667 0.0484483
2 0.442708 0.0865741 0.0135417 0.025 0.048831
2 0.293229 0.1125 0.028125 0.075 0.0856733
9 0.567448 0.0481481 0.00885417 0.0240741 0.0930233
2 0.347396 0.116204 0.0166667 0.0342593 0.183382
2 0.322135 0.0851852 0.0369792 0.0333333 0.267665
7 0.50651 0.10463 0.0421875 0.062963 0.332266
9 0.269271 0.0342593 0.021875 0.0648148 0.339347
2 0.627865 0.121759 0.0255208 0.0509259 0.50308
2 0.473698 0.109259 0.0348958 0.0462963 0.513498
2 0.50625 0.10463 0.0427083 0.062963 0.522088
2 0.31875 0.122685 0.05 0.0694444 0.726195
11 0.728906 0.0425926 0.0276042 0.0555556 0.733102
10 0.203906 0.316204 0.0161458 0.0712963 0.748336
2 0.386719 0.0921296 0.0265625 0.0398148 0.805957
7 0.560677 0.292593 0.111979 0.196296 0.831972
2 0.729948 0.418981 0.122396 0.173148 0.920277
