2 0.615365 0.423148 0.695312 0.187037 0.00104601
9 0.26276 0.049537 0.0171875 0.0416667 0.00104791
12 0.967448 0.496296 0.0276042 0.0851852 0.00104982
2 0.238542 0.136111 0.0197917 0.0444444 0.00105628
7 0.478906 0.0527778 0.0588542 0.0907407 0.00105967
58 0.952083 0.19537 0.0947917 0.324074 0.00107196
2 0.353125 0.099537 0.028125 0.062037 0.00108128
2 0.255469 0.0861111 0.0203125 0.037037 0.00108666
58 0.96849 0.493981 0.0307292 0.0972222 0.00113051
5 0.217187 0.0842593 0.05625 0.114815 0.00115322
0 0.0947917 0.138426 0.009375 0.0324074 0.00115631
2 0.284375 0.0777778 0.0239583 0.0333333 0.00118855
2 0.634896 0.151389 0.0125 0.062037 0.00123457
2 0.276042 0.111574 0.025 0.062037 0.00129816
12 0.691406 0.162037 0.00885417 0.0407407 0.00141888
2 0.545833 0.106481 0.278125 0.0796296 0.00144195
7 0.382552 0.0949074 0.0442708 0.0694444 0.00145935
2 0.5375 0.112037 0.009375 0.0425926 0.001473
9 0.548177 0.0532407 0.0109375 0.0231481 0.0014849
0 0.263542 0.0990741 0.009375 0.0574074 0.00172071
0 0.502865 0.0518519 0.0119792 0.037037 0.00181158
0 0.442708 0.0740741 0.015625 0.037037 0.00188169
7 0.78776 0.062963 0.0244792 0.0611111 0.0019208
0 0.0536458 0.109259 0.0104167 0.0555556 0.00193435
32 0.453646 0.313426 0.00833333 0.0138889 0.00197969
2 0.326823 0.103704 0.0380208 0.0518519 0.00250691
9 0.991146 0.497685 0.0166667 0.134259 0.00254024
7 0.236979 0.0685185 0.0166667 0.0444444 0.0025514
13 0.99349 0.518056 0.0119792 0.171296 0.00265413
5 0.236979 0.0675926 0.0166667 0.0425926 0.00268877
9 0.572656 0.0305556 0.0151042 0.0592593 0.00272091
2 0.292708 0.10463 0.078125 0.0962963 0.00272337
0 0.754948 0.0902778 0.0130208 0.0805556 0.00278941
9 0.263542 0.0907407 0.00833333 0.0425926 0.00288262
7 0.276563 0.0703704 0.040625 0.137037 0.00290915
0 0.715625 0.371296 0.0239583 0.0259259 0.00305097
13 0.970573 0.544444 0.0578125 0.133333 0.00311112
13 0.952604 0.419907 0.0947917 0.143519 0.0032193
9 0.220573 0.0847222 0.0161458 0.0194444 0.00324312
12 0.976042 0.497222 0.04375 0.125926 0.00356059
9 0.5 0.600926 0.0145833 0.0407407 0.00389258
2 0.378125 0.107407 0.173958 0.0759259 0.00400121
2 0.00390625 0.408333 0.0078125 0.0833333 0.00418269
2 0.0643229 0.0662037 0.0328125 0.025 0.00448103
1 0.00911458 0.400926 0.0182292 0.101852 0.00478423
2 0.290365 0.0712963 0.0130208 0.0148148 0.00478891
2 0.592708 0.126389 0.0177083 0.0231481 0.00492265
12 0.702083 0.138889 0.0208333 0.087037 0.00510358
0 0.267188 0.0976852 0.0114583 0.0546296 0.00594521
1 0.0132813 0.371759 0.0265625 0.0546296 0.00606513
9 0.292969 0.0513889 0.00885417 0.0435185 0.00702537
2 0.784635 0.0888889 0.0130208 0.0203704 0.00785919
12 0.994792 0.486111 0.009375 0.125926 0.00817653
1 0.00390625 0.406019 0.0078125 0.0861111 0.0101334
2 0.60599 0.0601852 0.0109375 0.0277778 0.0104428
7 0.213281 0.0615741 0.0359375 0.062037 0.0128567
2 0.271354 0.108333 0.0145833 0.0388889 0.0137574
9 0.502865 0.758333 0.0140625 0.0574074 0.0142772
0 0.634896 0.148148 0.009375 0.05 0.0144962
9 0.269271 0.0356481 0.021875 0.0675926 0.0162955
9 0.567187 0.0472222 0.00833333 0.0240741 0.0176598
5 0.21276 0.0611111 0.0338542 0.0611111 0.0191755
7 0.479427 0.0805556 0.0328125 0.0537037 0.0199531
2 0.48125 0.105093 0.0197917 0.0527778 0.0564928
2 0.291927 0.110648 0.0255208 0.0787037 0.0593886
2 0.363802 0.0736111 0.0130208 0.0398148 0.0654389
7 0.472396 0.0652778 0.0458333 0.0490741 0.294808
2 0.627344 0.121759 0.0255208 0.0527778 0.313492
2 0.322135 0.0861111 0.0380208 0.037037 0.348638
7 0.504687 0.103241 0.0447917 0.0638889 0.364849
2 0.504948 0.103241 0.0442708 0.0638889 0.435746
2 0.45599 0.103241 0.0401042 0.0564815 0.558296
2 0.384896 0.101389 0.0395833 0.0601852 0.633496
2 0.318229 0.12037 0.0510417 0.0703704 0.781559
11 0.729167 0.0412037 0.0270833 0.0527778 0.792966
10 0.203906 0.314352 0.0161458 0.0694444 0.819016
2 0.729167 0.418519 0.122917 0.172222 0.914254
