2 0.592188 0.424074 0.579167 0.17963 0.00104198
9 0.561979 0.05 0.01875 0.0240741 0.00104235
9 0.236979 0.075 0.0197917 0.0555556 0.00104984
7 0.29375 0.102778 0.0916667 0.0907407 0.00112743
9 0.569271 0.0319444 0.0125 0.0564815 0.00113076
9 0.415625 0.0106481 0.015625 0.0212963 0.00123231
2 0.443229 0.10787 0.075 0.0509259 0.00133386
9 0.583594 0.0439815 0.0130208 0.0361111 0.0014352
2 0.961719 0.555556 0.0390625 0.0407407 0.00144378
0 0.757292 0.375463 0.01875 0.0305556 0.00147202
12 0.702344 0.124537 0.0234375 0.0527778 0.00147356
0 0.730469 0.372685 0.0317708 0.0305556 0.00150239
9 0.547135 0.0611111 0.00989583 0.0240741 0.00152682
9 0.995052 0.534259 0.00885417 0.0425926 0.00161975
1 0.00807292 0.160648 0.0161458 0.0416667 0.00162122
11 0.220833 0.0666667 0.0520833 0.0537037 0.00176539
1 0.0341146 0.179167 0.0286458 0.0564815 0.00179867
9 0.363021 0.050463 0.0114583 0.0416667 0.00184144
0 0.2625 0.10463 0.009375 0.05 0.00188094
7 0.970312 0.52037 0.0583333 0.188889 0.00192648
2 0.815625 0.0703704 0.0135417 0.0148148 0.00207715
2 0.245312 0.106481 0.0104167 0.0314815 0.00221491
11 0.236979 0.0666667 0.0177083 0.0388889 0.00225691
12 0.69375 0.164352 0.00729167 0.037963 0.0022996
9 0.259635 0.0717593 0.0130208 0.0490741 0.00234095
11 0.240104 0.0324074 0.021875 0.0611111 0.00238772
12 0.702604 0.158333 0.0239583 0.0481481 0.00242973
1 0.0046875 0.466667 0.009375 0.216667 0.00249267
0 0.36276 0.0638889 0.0109375 0.0351852 0.00270969
9 0.115365 0.0240741 0.0140625 0.0407407 0.00275577
9 0.29401 0.0560185 0.0109375 0.0416667 0.00278088
2 0.363281 0.0675926 0.0119792 0.0240741 0.00308518
2 0.400521 0.10787 0.233333 0.0694444 0.00316554
2 0.815365 0.0847222 0.0140625 0.0268519 0.00320091
7 0.993229 0.518519 0.0125 0.166667 0.00324739
9 0.269271 0.0212963 0.0208333 0.0351852 0.00327331
9 0.2625 0.0851852 0.00833333 0.0351852 0.00363324
2 0.553385 0.108796 0.185937 0.0638889 0.00387659
9 0.253385 0.0875 0.0140625 0.0361111 0.0042664
2 0.773438 0.1125 0.0166667 0.0342593 0.00447403
9 0.108333 0.0305556 0.0114583 0.037037 0.0047471
9 0.267969 0.0560185 0.0161458 0.0324074 0.00475034
2 0.238802 0.139815 0.0192708 0.0462963 0.00483925
9 0.265625 0.0449074 0.0145833 0.0453704 0.00485268
7 0.486719 0.0694444 0.0442708 0.0351852 0.00492158
9 0.500521 0.605093 0.015625 0.0435185 0.00545971
2 0.797917 0.0851852 0.034375 0.0259259 0.00548242
0 0.715104 0.373148 0.025 0.0277778 0.00552742
2 0.269531 0.0527778 0.0192708 0.0351852 0.0061242
2 0.442708 0.0888889 0.0145833 0.0277778 0.00627667
2 0.26901 0.1 0.0130208 0.0555556 0.00642618
2 0.594271 0.125 0.015625 0.0259259 0.00692682
9 0.993229 0.506481 0.0125 0.15 0.00796844
11 0.60625 0.0601852 0.009375 0.0259259 0.00830518
2 0.292448 0.0712963 0.0140625 0.0166667 0.00850044
10 0.442708 0.087963 0.0135417 0.0277778 0.00878374
2 0.476302 0.0810185 0.0380208 0.0361111 0.00892444
1 0.0234375 0.181481 0.046875 0.0722222 0.00905461
1 0.0114583 0.369907 0.0229167 0.0546296 0.009135
5 0.221094 0.0657407 0.0494792 0.0518519 0.00946139
2 0.779948 0.102778 0.0296875 0.0444444 0.0100758
2 0.33724 0.0875 0.0171875 0.0305556 0.0102655
0 0.44401 0.0990741 0.0182292 0.05 0.0112369
2 0.813281 0.0763889 0.0192708 0.0157407 0.0163452
7 0.220573 0.0666667 0.0505208 0.0592593 0.0164957
2 0.272135 0.110185 0.0130208 0.0388889 0.0179346
0 0.995833 0.325926 0.00729167 0.0518519 0.0196047
9 0.502604 0.761574 0.0125 0.0527778 0.0201368
9 0.208333 0.0671296 0.0239583 0.0435185 0.023937
9 0.177344 0.511111 0.0390625 0.0425926 0.0247043
9 0.567187 0.0486111 0.00833333 0.0231481 0.0287992
2 0.635417 0.146759 0.0114583 0.0546296 0.0303418
1 0.00416667 0.411111 0.00833333 0.0888889 0.0306883
0 0.757812 0.0907407 0.0125 0.0722222 0.0321077
2 0.31276 0.0990741 0.0411458 0.062963 0.0339586
0 0.635417 0.148148 0.0104167 0.05 0.0388346
2 0.00442708 0.410185 0.00885417 0.0925926 0.0391546
1 0.0119792 0.394907 0.0239583 0.121296 0.0474779
2 0.786458 0.0902778 0.015625 0.0231481 0.0639745
2 0.297656 0.108796 0.0369792 0.0842593 0.122746
7 0.297396 0.106944 0.0385417 0.0824074 0.136972
2 0.321875 0.0875 0.0375 0.0324074 0.302916
2 0.479948 0.0708333 0.0307292 0.0287037 0.38474
2 0.627865 0.123148 0.0265625 0.0518519 0.482652
2 0.472135 0.109722 0.0317708 0.0453704 0.494461
2 0.50625 0.105093 0.0416667 0.062037 0.577186
2 0.31875 0.120833 0.05 0.0712963 0.719704
10 0.203906 0.315741 0.0161458 0.0703704 0.72836
2 0.402083 0.105556 0.0416667 0.0555556 0.763139
11 0.729167 0.0425926 0.0260417 0.0555556 0.797636
2 0.729948 0.419907 0.122396 0.173148 0.919247
