0 0.817187 0.23287 0.00833333 0.0398148 0.00103616
7 0.489583 0.0611111 0.0385417 0.0407407 0.00107891
2 0.0132813 0.387037 0.0265625 0.133333 0.00108627
9 0.502604 0.759722 0.0104167 0.0527778 0.00109778
2 0.80599 0.0819444 0.0276042 0.0268519 0.00111716
62 0.635417 0.53287 0.05625 0.0638889 0.0011253
0 0.186719 0.113889 0.0078125 0.0444444 0.00112592
2 0.671094 0.168981 0.0244792 0.0435185 0.00113866
1 0.00677083 0.169907 0.0135417 0.0546296 0.00115418
7 0.971094 0.525926 0.0567708 0.192593 0.00116283
2 0.640625 0.147685 0.01875 0.0546296 0.00118146
32 0.453906 0.314352 0.0078125 0.0138889 0.0012611
9 0.263021 0.087037 0.009375 0.037037 0.00127053
2 0.778125 0.110185 0.0260417 0.0425926 0.00127359
2 0.817448 0.233333 0.00885417 0.0407407 0.00130352
1 0.0179687 0.173611 0.0348958 0.0583333 0.00131949
0 0.26276 0.106944 0.00885417 0.0435185 0.0013288
2 0.771875 0.112963 0.0145833 0.0240741 0.00134403
9 0.548698 0.0509259 0.0119792 0.0259259 0.00150819
9 0.190885 0.0851852 0.00989583 0.0222222 0.00159666
1 0.105469 0.158333 0.0463542 0.0648148 0.00160997
9 0.257552 0.0708333 0.0119792 0.0361111 0.00186505
32 0.460677 0.356944 0.00989583 0.0157407 0.00187
1 0.0125 0.365278 0.025 0.0546296 0.00187755
0 0.757031 0.0893519 0.0130208 0.0731481 0.00192376
2 0.529427 0.107407 0.134896 0.0592593 0.00197575
9 0.500781 0.601852 0.0161458 0.0425926 0.00198559
2 0.640625 0.127315 0.0510417 0.0601852 0.00212568
7 0.474479 0.0935185 0.034375 0.0518519 0.00230182
9 0.757292 0.0722222 0.0114583 0.0388889 0.0023107
9 0.540885 0.466667 0.0130208 0.0333333 0.0024266
9 0.56849 0.0319444 0.0151042 0.0583333 0.00251987
0 0.707031 0.371296 0.0223958 0.0351852 0.00254619
9 0.107552 0.0291667 0.0119792 0.0342593 0.00292715
2 0.373698 0.108796 0.169271 0.0712963 0.00294827
2 0.410417 0.107407 0.0697917 0.05 0.00302514
0 0.282292 0.0893519 0.009375 0.025 0.00307401
1 0.00364583 0.412037 0.00729167 0.0777778 0.00312785
2 0.813542 0.0763889 0.0177083 0.0175926 0.00394872
0 0.717188 0.372222 0.0239583 0.0333333 0.00419446
1 0.0666667 0.163426 0.130208 0.0935185 0.00431043
9 0.976302 0.498611 0.0411458 0.126852 0.00451742
11 0.605208 0.0601852 0.0104167 0.0240741 0.00496412
5 0.207031 0.0689815 0.0234375 0.0435185 0.00519663
9 0.995052 0.494444 0.00885417 0.127778 0.00527484
2 0.00390625 0.412963 0.0078125 0.0759259 0.00597684
2 0.298698 0.0902778 0.0317708 0.0472222 0.00598282
0 0.689844 0.166667 0.0119792 0.0425926 0.0062061
2 0.635156 0.146759 0.0109375 0.0509259 0.00657068
12 0.690365 0.165741 0.0119792 0.0425926 0.00669711
2 0.654688 0.153241 0.046875 0.0657407 0.00763498
2 0.786198 0.0893519 0.0151042 0.0231481 0.00791878
2 0.269792 0.110648 0.0114583 0.0361111 0.00805117
1 0.0122396 0.380093 0.0244792 0.141667 0.00821156
9 0.114583 0.0231481 0.0125 0.037037 0.00857864
2 0.238021 0.140741 0.01875 0.0425926 0.00869378
7 0.219792 0.0666667 0.0520833 0.0574074 0.00954793
9 0.442187 0.0875 0.0125 0.025 0.00966572
2 0.531771 0.112037 0.0145833 0.0425926 0.0100982
9 0.220833 0.0888889 0.0104167 0.0166667 0.0104907
2 0.282813 0.112037 0.0291667 0.0462963 0.0119587
2 0.442969 0.0856481 0.0151042 0.025 0.0199349
9 0.566927 0.0486111 0.00885417 0.0231481 0.0246421
2 0.467448 0.0708333 0.00989583 0.0212963 0.0249963
2 0.446875 0.114815 0.0239583 0.0277778 0.0340034
5 0.219792 0.0675926 0.0489583 0.0555556 0.0421464
9 0.26875 0.0342593 0.0208333 0.0666667 0.0467632
2 0.297656 0.0814815 0.0151042 0.0259259 0.0549112
2 0.292969 0.117593 0.0182292 0.0351852 0.115942
2 0.484375 0.0675926 0.0260417 0.0259259 0.162733
2 0.30599 0.074537 0.0255208 0.0342593 0.194988
2 0.323958 0.0861111 0.0364583 0.0351852 0.254878
2 0.472656 0.111574 0.0328125 0.0416667 0.371382
2 0.627604 0.121296 0.025 0.0537037 0.418228
7 0.50599 0.102778 0.0421875 0.0648148 0.537247
2 0.31849 0.121759 0.0505208 0.0694444 0.722242
11 0.729427 0.0425926 0.0265625 0.0555556 0.768862
10 0.203646 0.316204 0.0166667 0.0712963 0.82544
2 0.41276 0.112037 0.0307292 0.0388889 0.842956
2 0.729948 0.419907 0.121354 0.171296 0.879281
7 0.626302 0.573611 0.185937 0.317593 0.930165
