0 0.717448 0.702778 0.0255208 0.0685185 0.00106849
10 0.774479 0.123611 0.01875 0.0453704 0.00108728
2 0.43151 0.0962963 0.107813 0.0740741 0.00110771
12 0.701823 0.164352 0.0192708 0.037963 0.0011229
9 0.56224 0.050463 0.0203125 0.025 0.00113704
12 0.690885 0.164815 0.0109375 0.037037 0.00116669
12 0.971875 0.521296 0.0552083 0.181481 0.00117149
9 0.253646 0.087963 0.0145833 0.0351852 0.00117221
2 0.614062 0.0847222 0.0385417 0.0824074 0.00122501
0 0.263021 0.10463 0.0104167 0.05 0.00125533
9 0.23776 0.074537 0.0171875 0.0546296 0.00130925
1 0.0114583 0.366204 0.0229167 0.0453704 0.0013273
2 0.81276 0.0773148 0.0171875 0.0175926 0.00134006
9 0.260938 0.0652778 0.0145833 0.062037 0.00134949
2 0.777865 0.106481 0.0265625 0.0518519 0.00134985
9 0.219531 0.10463 0.0109375 0.0388889 0.00140654
2 0.467969 0.0171296 0.0223958 0.0231481 0.00141444
2 0.521615 0.111111 0.443229 0.087037 0.00153829
7 0.278385 0.0768519 0.0380208 0.144444 0.00155654
2 0.639583 0.128241 0.0510417 0.0638889 0.00157181
2 0.236458 0.105556 0.0229167 0.037037 0.00159288
2 0.226823 0.140278 0.0421875 0.0435185 0.00159988
9 0.592188 0.0462963 0.0114583 0.0351852 0.00178429
2 0.639583 0.146296 0.01875 0.05 0.00181767
0 0.731771 0.371759 0.0291667 0.0287037 0.00184104
2 0.774479 0.119444 0.01875 0.037037 0.00185675
7 0.971094 0.524537 0.0567708 0.189815 0.00185897
9 0.584375 0.0393519 0.0145833 0.0546296 0.00187589
0 0.101302 0.127315 0.0203125 0.0453704 0.0021628
9 0.547917 0.0513889 0.0104167 0.025 0.00224545
2 0.341406 0.102315 0.0161458 0.0490741 0.00237183
9 0.576823 0.0342593 0.0140625 0.0666667 0.00237741
32 0.454688 0.314815 0.00729167 0.012963 0.00241417
9 0.110156 0.025463 0.0109375 0.0361111 0.00271035
7 0.293229 0.103241 0.0729167 0.0953704 0.00275338
9 0.261979 0.0407407 0.0145833 0.0611111 0.00282717
9 0.416146 0.0175926 0.0166667 0.0351852 0.00283081
2 0.227083 0.105556 0.0291667 0.0388889 0.00285969
2 0.788021 0.0824074 0.0145833 0.0203704 0.00352255
2 0.267448 0.0976852 0.0109375 0.0527778 0.00381392
2 0.00625 0.0916667 0.0125 0.0425926 0.00387424
2 0.605469 0.0592593 0.0109375 0.0259259 0.00402687
1 0.00364583 0.396296 0.00729167 0.105556 0.00409173
2 0.307552 0.0814815 0.0234375 0.0333333 0.00410038
9 0.263021 0.0884259 0.009375 0.0361111 0.00414176
0 0.709115 0.373611 0.0182292 0.025 0.00418489
9 0.215885 0.0634259 0.0286458 0.0546296 0.0043836
9 0.292448 0.0680556 0.0109375 0.0194444 0.0043979
2 0.360677 0.111111 0.136979 0.0759259 0.004447
5 0.214062 0.0606481 0.0364583 0.0601852 0.0045053
9 0.207292 0.0689815 0.0197917 0.0398148 0.00489352
2 0.651302 0.150463 0.0411458 0.0564815 0.00513659
0 0.717969 0.370833 0.0213542 0.0268519 0.00555214
7 0.219792 0.0657407 0.0520833 0.0740741 0.00563148
0 0.444531 0.099537 0.0234375 0.0509259 0.00669018
2 0.592448 0.124537 0.0171875 0.0268519 0.00686157
9 0.294531 0.0564815 0.00885417 0.0388889 0.00836681
12 0.995313 0.488889 0.00833333 0.122222 0.00843098
2 0.784896 0.0898148 0.0125 0.0203704 0.00877695
9 0.220313 0.0888889 0.0104167 0.012963 0.00917787
9 0.221615 0.0513889 0.0171875 0.0398148 0.00930587
0 0.75651 0.0925926 0.0140625 0.0796296 0.0093361
11 0.23724 0.0675926 0.0161458 0.0407407 0.0105092
12 0.972917 0.494907 0.0385417 0.115741 0.0109478
0 0.634896 0.14537 0.0104167 0.0481481 0.0118821
2 0.238281 0.140741 0.0182292 0.0407407 0.0123119
2 0.33724 0.0865741 0.0161458 0.0324074 0.0171301
9 0.566927 0.0314815 0.0130208 0.0592593 0.025668
2 0.272396 0.111574 0.0145833 0.0361111 0.0262055
9 0.502604 0.759722 0.0114583 0.0564815 0.0265991
2 0.363281 0.0685185 0.0119792 0.0240741 0.0272314
9 0.269531 0.0398148 0.0203125 0.0574074 0.0303087
2 0.463021 0.110648 0.015625 0.0398148 0.0311687
0 0.44375 0.087963 0.0166667 0.037037 0.0388644
9 0.500521 0.602315 0.015625 0.0398148 0.0666094
7 0.295052 0.109259 0.0338542 0.0796296 0.0947649
9 0.567187 0.0481481 0.009375 0.0240741 0.107567
2 0.29375 0.109722 0.0302083 0.0805556 0.147419
2 0.322396 0.0856481 0.0375 0.0342593 0.281577
2 0.627083 0.122222 0.025 0.0518519 0.290463
2 0.432292 0.0652778 0.0427083 0.0324074 0.377443
2 0.473698 0.108333 0.0348958 0.0444444 0.399732
2 0.505729 0.103704 0.04375 0.062963 0.570681
2 0.31849 0.121296 0.0505208 0.0703704 0.60458
10 0.204167 0.315278 0.0166667 0.0694444 0.738375
11 0.729427 0.0421296 0.0276042 0.0564815 0.773492
2 0.376823 0.10787 0.0390625 0.0509259 0.798858
2 0.729948 0.418981 0.121354 0.175 0.905463
