0 0.757552 0.0796296 0.0119792 0.0555556 0.00100041
0 0.26276 0.10787 0.00885417 0.0453704 0.0010244
0 0.397135 0.223611 0.719271 0.341667 0.00105219
2 0.60625 0.412963 0.676042 0.224074 0.00111054
2 0.00494792 0.0875 0.00989583 0.0324074 0.00111834
2 0.45599 0.533796 0.876562 0.289815 0.00115845
9 0.767187 0.0175926 0.0135417 0.0333333 0.00116695
2 0.661458 0.147222 0.06875 0.0814815 0.00118724
0 0.785156 0.75787 0.165104 0.45463 0.00120098
9 0.758594 0.0726852 0.0109375 0.0416667 0.00122139
0 0.44349 0.0990741 0.0192708 0.05 0.00122647
9 0.547917 0.0592593 0.0104167 0.0259259 0.00129988
9 0.263021 0.0847222 0.00833333 0.0324074 0.00130972
2 0.639583 0.13287 0.0510417 0.0712963 0.0013448
13 0.994271 0.518519 0.0104167 0.166667 0.00143298
2 0.813021 0.075463 0.015625 0.0194444 0.00143871
2 0.235938 0.106019 0.0177083 0.0398148 0.00148126
0 0.727865 0.371296 0.0286458 0.0314815 0.00159824
0 0.558333 0.2625 0.0302083 0.0324074 0.00160932
9 0.817187 0.235648 0.00833333 0.0398148 0.00164487
0 0.425781 0.387963 0.816146 0.685185 0.00166779
58 0.920052 0.181019 0.159896 0.362037 0.00167222
2 0.776823 0.110648 0.0223958 0.0287037 0.00170272
46 0.482031 0.490278 0.0140625 0.0268519 0.00172129
2 0.53724 0.109722 0.371354 0.075 0.00183359
7 0.300781 0.105093 0.0838542 0.0953704 0.00195726
0 0.323438 0.504167 0.0291667 0.0416667 0.00196628
2 0.817448 0.235185 0.00885417 0.0407407 0.0020169
13 0.974219 0.522685 0.0505208 0.182407 0.00202327
9 0.995052 0.530556 0.00885417 0.0444444 0.00204189
0 0.995833 0.326389 0.00729167 0.0564815 0.00207407
2 0.241667 0.108796 0.0145833 0.0361111 0.00224226
2 0.328385 0.102315 0.0338542 0.0472222 0.0023999
9 0.458333 0.0648148 0.00729167 0.0314815 0.00282992
0 0.567969 0.262037 0.0192708 0.0240741 0.00283251
2 0.442969 0.0888889 0.0140625 0.0296296 0.00285049
0 0.756771 0.374074 0.0197917 0.0314815 0.00305129
11 0.2375 0.0703704 0.0166667 0.0462963 0.00319006
9 0.253906 0.0856481 0.0119792 0.0361111 0.00320349
2 0.592448 0.126389 0.0182292 0.025 0.00320711
9 0.258333 0.0731481 0.0104167 0.0462963 0.00321474
11 0.239583 0.0328704 0.0229167 0.062037 0.00325094
9 0.415625 0.0106481 0.0166667 0.0212963 0.00329252
0 0.542708 0.2625 0.0197917 0.0305556 0.0034988
32 0.454427 0.316667 0.0078125 0.0148148 0.00356221
2 0.268229 0.100463 0.0125 0.0564815 0.00360668
9 0.109115 0.0305556 0.0130208 0.0388889 0.00370191
2 0.414062 0.109722 0.217708 0.0675926 0.00373648
2 0.648958 0.149537 0.0375 0.0564815 0.00386724
0 0.347656 0.5 0.0536458 0.0444444 0.00389207
9 0.292969 0.0583333 0.0109375 0.0407407 0.00481984
9 0.114583 0.0259259 0.0125 0.0425926 0.00491467
32 0.460677 0.358333 0.00989583 0.0166667 0.0051238
11 0.60651 0.0611111 0.00989583 0.0240741 0.00546686
12 0.992969 0.496759 0.0130208 0.128704 0.00695281
2 0.238802 0.14213 0.0192708 0.0398148 0.00709561
9 0.992708 0.49537 0.0135417 0.124074 0.00715844
0 0.714323 0.372222 0.0223958 0.0277778 0.00814107
9 0.569792 0.0324074 0.0114583 0.0574074 0.00832266
2 0.340625 0.0893519 0.0104167 0.0287037 0.00834704
5 0.220313 0.0712963 0.0510417 0.0611111 0.00863435
19 0.443229 0.0884259 0.0135417 0.0287037 0.00938933
1 0.0111979 0.37037 0.0223958 0.05 0.0095848
9 0.293229 0.0703704 0.0104167 0.0185185 0.0106383
2 0.785937 0.0893519 0.0145833 0.025 0.0106417
7 0.220052 0.0685185 0.0515625 0.0592593 0.0110415
0 0.381771 0.50463 0.0322917 0.037037 0.011628
9 0.269531 0.037963 0.0213542 0.062963 0.0121747
0 0.528646 0.259722 0.0239583 0.0287037 0.0134863
7 0.148438 0.0907407 0.065625 0.0814815 0.0141058
2 0.271094 0.111574 0.0140625 0.0361111 0.0197492
9 0.207552 0.0675926 0.0213542 0.0425926 0.026947
2 0.635417 0.147222 0.0114583 0.0537037 0.0302387
0 0.635677 0.149074 0.00989583 0.0481481 0.0319116
9 0.584115 0.0388889 0.0130208 0.0574074 0.0337147
1 0.009375 0.4 0.01875 0.112963 0.0337809
1 0.00390625 0.410648 0.0078125 0.087963 0.0422936
2 0.295052 0.107407 0.0317708 0.0814815 0.0656669
2 0.46224 0.1125 0.0140625 0.0398148 0.0945228
9 0.567448 0.0486111 0.00885417 0.025 0.112786
7 0.299479 0.106944 0.0416667 0.0824074 0.118439
2 0.321875 0.0884259 0.0375 0.0361111 0.266156
2 0.479948 0.110185 0.0234375 0.0444444 0.315295
2 0.627865 0.122685 0.0255208 0.0509259 0.401043
2 0.50651 0.10463 0.0421875 0.0611111 0.487473
11 0.729167 0.0425926 0.0270833 0.0555556 0.66561
2 0.31849 0.121759 0.0505208 0.0712963 0.715581
10 0.203906 0.316204 0.0171875 0.0712963 0.836297
2 0.545833 0.3 0.108333 0.159259 0.890699
2 0.729948 0.419444 0.122396 0.172222 0.912388
2 0.353125 0.548611 0.145833 0.208333 0.940039
