12 0.701042 0.161111 0.021875 0.0444444 0.00105322
2 0.445833 0.112037 0.025 0.0277778 0.00106301
2 0.00755208 0.0898148 0.0151042 0.0407407 0.00109167
9 0.220052 0.103704 0.0119792 0.0388889 0.00110902
9 0.547656 0.0532407 0.0109375 0.025 0.00111599
2 0.655208 0.133796 0.0833333 0.0898148 0.00111635
2 0.255729 0.0861111 0.0197917 0.0351852 0.0011563
0 0.73099 0.372222 0.0255208 0.0277778 0.00120814
5 0.223438 0.0703704 0.04375 0.05 0.0013468
9 0.3625 0.0444444 0.009375 0.0314815 0.00136949
9 0.236458 0.0685185 0.0166667 0.0444444 0.00143164
0 0.717708 0.372222 0.0270833 0.0277778 0.00150293
2 0.778906 0.101852 0.0317708 0.0518519 0.00163036
0 0.264062 0.102315 0.00833333 0.0527778 0.00163652
32 0.460417 0.355556 0.0114583 0.0148148 0.0016413
7 0.0578125 0.134259 0.10625 0.118519 0.00169004
2 0.238542 0.140278 0.01875 0.0416667 0.0017281
0 0.709115 0.373148 0.0192708 0.0277778 0.00182182
2 0.291146 0.0703704 0.0114583 0.0148148 0.0018828
0 0.75651 0.374074 0.0213542 0.0333333 0.0019195
9 0.361979 0.0675926 0.00833333 0.0277778 0.00211331
2 0.0341146 0.108333 0.0505208 0.0574074 0.00214308
2 0.814062 0.0773148 0.0166667 0.0212963 0.00219983
7 0.276302 0.0615741 0.0380208 0.123148 0.00242055
7 0.216406 0.062037 0.0442708 0.062963 0.00250549
9 0.263281 0.0912037 0.0078125 0.0453704 0.00253662
2 0.266667 0.0986111 0.0104167 0.0564815 0.00257276
9 0.275781 0.0402778 0.0380208 0.0787037 0.00262478
2 0.567187 0.106019 0.219792 0.0657407 0.00265829
12 0.691667 0.163426 0.009375 0.0398148 0.00283338
9 0.56875 0.0314815 0.0125 0.0574074 0.0028752
2 0.0132813 0.387963 0.0265625 0.131481 0.00291963
2 0.531771 0.178241 0.0104167 0.0175926 0.00304039
1 0.0119792 0.357407 0.0239583 0.0759259 0.00338095
7 0.316667 0.107407 0.05625 0.0907407 0.00347394
13 0.961979 0.554167 0.0395833 0.0398148 0.0035059
58 0.968229 0.495833 0.03125 0.0898148 0.00398007
12 0.993229 0.505093 0.0125 0.152778 0.00434317
7 0.78776 0.0652778 0.0223958 0.0601852 0.00442004
11 0.236979 0.0689815 0.0166667 0.0435185 0.00467249
0 0.284896 0.104167 0.0125 0.0694444 0.0048167
7 0.473958 0.0972222 0.0364583 0.062963 0.00536854
9 0.215885 0.0671296 0.0421875 0.0527778 0.00541356
9 0.292188 0.0541667 0.00729167 0.037963 0.00553751
2 0.442187 0.0856481 0.0135417 0.0231481 0.0055606
9 0.5 0.602315 0.015625 0.0416667 0.00556076
13 0.970312 0.555556 0.0572917 0.1 0.00575917
9 0.269271 0.0513889 0.0197917 0.0361111 0.00640494
0 0.755208 0.0893519 0.0145833 0.075 0.00664335
13 0.9875 0.518056 0.0239583 0.175 0.0070063
2 0.269531 0.110185 0.0119792 0.037037 0.00719053
13 0.0140625 0.367593 0.028125 0.0555556 0.00788228
9 0.206771 0.0680556 0.01875 0.0416667 0.0082671
9 0.502344 0.760648 0.0130208 0.0601852 0.0102244
1 0.00989583 0.390278 0.0197917 0.123148 0.0105385
2 0.785937 0.0875 0.015625 0.0231481 0.0105552
2 0.292188 0.116204 0.025 0.0657407 0.0112299
2 0.00390625 0.419444 0.0078125 0.062963 0.0121611
9 0.442187 0.0856481 0.0125 0.0231481 0.012663
9 0.269271 0.0175926 0.0208333 0.0314815 0.0146877
2 0.483594 0.10463 0.0505208 0.0518519 0.0165812
7 0.291406 0.106481 0.0296875 0.0814815 0.0175994
2 0.60599 0.0597222 0.00989583 0.0268519 0.0196375
9 0.220313 0.0898148 0.00833333 0.0148148 0.0322015
9 0.566667 0.0476852 0.00833333 0.0231481 0.0452054
0 0.635156 0.148611 0.00885417 0.0527778 0.0482195
2 0.461979 0.113426 0.0135417 0.0342593 0.049487
9 0.222396 0.0592593 0.0114583 0.0351852 0.0643478
2 0.485156 0.0731481 0.0307292 0.0333333 0.132335
2 0.475 0.0726852 0.0197917 0.0287037 0.175628
2 0.321875 0.0847222 0.0375 0.0342593 0.257087
2 0.471094 0.112963 0.0296875 0.037037 0.357958
2 0.626562 0.119907 0.0260417 0.0509259 0.440136
2 0.505208 0.103704 0.0427083 0.062963 0.540033
10 0.203906 0.315741 0.0161458 0.0703704 0.58871
2 0.317969 0.121296 0.0515625 0.0703704 0.658121
11 0.728906 0.0421296 0.0276042 0.0527778 0.794543
7 0.486979 0.210185 0.0916667 0.138889 0.84388
2 0.729167 0.419444 0.122917 0.17037 0.911103
