2 0.78125 0.10463 0.0333333 0.0537037 0.00100658
0 0.732552 0.370833 0.0265625 0.0305556 0.00104827
9 0.263021 0.0893519 0.00833333 0.0398148 0.00109252
9 0.176823 0.511111 0.0369792 0.0388889 0.00115669
12 0.984115 0.498611 0.0276042 0.130556 0.0012541
9 0.757031 0.0731481 0.00989583 0.0425926 0.00126591
2 0.242448 0.106481 0.0140625 0.0351852 0.00130884
14 0.201042 0.243056 0.0177083 0.0175926 0.00133867
2 0.0114583 0.366204 0.0229167 0.0453704 0.0013458
1 0.985417 0.333333 0.028125 0.0537037 0.00135136
12 0.995573 0.535185 0.0078125 0.0407407 0.00135233
9 0.273958 0.0402778 0.0333333 0.0787037 0.00136562
0 0.263021 0.100463 0.009375 0.0564815 0.00142301
2 0.290104 0.1 0.09375 0.0888889 0.00146827
2 0.536719 0.112963 0.0119792 0.0425926 0.00147269
2 0.813281 0.075463 0.0182292 0.0194444 0.00148806
13 0.971354 0.523148 0.05625 0.166667 0.00150645
9 0.582031 0.0342593 0.0140625 0.0574074 0.00156049
2 0.238281 0.141667 0.0192708 0.0407407 0.0016322
9 0.576823 0.0324074 0.0140625 0.0611111 0.001684
13 0.9625 0.55463 0.0385417 0.0425926 0.00169887
2 0.53151 0.112963 0.0140625 0.0425926 0.00176998
0 0.458333 0.0643518 0.00729167 0.0305556 0.00199585
10 0.194792 0.293519 0.0333333 0.116667 0.00217072
1 0.995313 0.331944 0.00833333 0.0583333 0.00219998
2 0.0403646 0.0638889 0.0192708 0.0203704 0.00239025
2 0.559115 0.108796 0.235938 0.0657407 0.00247197
9 0.50026 0.604167 0.0151042 0.0416667 0.00259935
14 0.482552 0.491667 0.0151042 0.0296296 0.00270563
58 0.96875 0.495833 0.0302083 0.087963 0.00279035
2 0.649479 0.148611 0.0375 0.0583333 0.0028778
0 0.715104 0.371759 0.0239583 0.0268519 0.0030392
2 0.267188 0.099537 0.0114583 0.0564815 0.00321799
2 0.0333333 0.0615741 0.0177083 0.0212963 0.00346633
9 0.269792 0.0532407 0.0197917 0.0324074 0.00346693
11 0.23724 0.0689815 0.0171875 0.0453704 0.00351215
2 0.429688 0.102778 0.1625 0.0574074 0.00367393
1 0.00911458 0.395833 0.0182292 0.112037 0.00376029
13 0.00416667 0.401389 0.00833333 0.0972222 0.00498197
9 0.571094 0.0310185 0.0130208 0.0583333 0.00572903
13 0.0132813 0.39537 0.0265625 0.112963 0.0060425
1 0.00416667 0.406481 0.00833333 0.0888889 0.00642015
0 0.995833 0.331481 0.00729167 0.05 0.00648046
9 0.210938 0.0652778 0.0291667 0.0509259 0.00715264
12 0.994531 0.5 0.00989583 0.140741 0.00779321
2 0.270312 0.108333 0.0125 0.0425926 0.0078478
9 0.26901 0.0240741 0.0203125 0.0407407 0.00807127
11 0.60625 0.0592593 0.009375 0.0259259 0.00840883
2 0.786719 0.0888889 0.0151042 0.0222222 0.00915286
0 0.441927 0.0953704 0.0161458 0.0462963 0.0123869
2 0.336979 0.0930556 0.01875 0.0305556 0.0172097
2 0.592708 0.126389 0.0166667 0.0231481 0.0194119
2 0.377083 0.102778 0.034375 0.0481481 0.020437
2 0.635677 0.146759 0.0109375 0.0546296 0.0209078
0 0.635677 0.148148 0.00989583 0.05 0.0216642
5 0.220833 0.0666667 0.05 0.0574074 0.0216857
9 0.111458 0.025463 0.0145833 0.0398148 0.0235435
7 0.220313 0.0657407 0.05 0.0611111 0.02569
9 0.502604 0.760185 0.0125 0.0555556 0.0278542
2 0.442969 0.0902778 0.0140625 0.0324074 0.0369164
9 0.567448 0.0481481 0.00885417 0.0240741 0.0561385
2 0.36224 0.0717593 0.0119792 0.025 0.0881819
2 0.298958 0.106019 0.0364583 0.0787037 0.106147
7 0.298177 0.105556 0.0380208 0.0796296 0.121534
2 0.463281 0.109722 0.0161458 0.0453704 0.142445
2 0.627865 0.121296 0.0255208 0.0518519 0.331713
2 0.321875 0.087037 0.0375 0.0351852 0.33872
7 0.50651 0.103704 0.0421875 0.062963 0.350136
2 0.473698 0.108333 0.0338542 0.0462963 0.404536
2 0.50651 0.103704 0.0421875 0.062963 0.490307
2 0.31875 0.121759 0.05 0.0712963 0.743138
11 0.729427 0.0439815 0.0265625 0.0564815 0.776055
10 0.203906 0.316204 0.0161458 0.0712963 0.784886
2 0.382552 0.0898148 0.0296875 0.0425926 0.786394
2 0.729688 0.418981 0.122917 0.171296 0.90575
