0 0.990365 0.914815 0.0182292 0.155556 0.0010219
0 0.477083 0.418056 0.5375 0.55463 0.00107512
7 0.970833 0.524537 0.0572917 0.197222 0.00110415
9 0.484635 0.0208333 0.00989583 0.025 0.00110708
2 0.294792 0.105556 0.084375 0.0944444 0.0011211
7 0.236719 0.0666667 0.0171875 0.0407407 0.00112704
9 0.548177 0.0490741 0.0109375 0.0222222 0.00115056
9 0.109115 0.0263889 0.0119792 0.037963 0.00119126
0 0.171354 0.108796 0.009375 0.0361111 0.00120553
7 0.989583 0.519444 0.0197917 0.190741 0.00124347
2 0.560156 0.420833 0.611979 0.182407 0.00124745
1 0.0140625 0.392593 0.028125 0.12037 0.0012487
9 0.429948 0.0402778 0.0078125 0.0231481 0.00126152
12 0.995313 0.526389 0.00833333 0.0416667 0.00126613
9 0.55026 0.025 0.0161458 0.0444444 0.00128153
12 0.991406 0.511574 0.0161458 0.162037 0.00128335
9 0.5625 0.05 0.01875 0.0259259 0.00130463
0 0.486458 0.236574 0.517708 0.313889 0.00136434
0 0.990365 0.870833 0.0182292 0.062037 0.00138137
7 0.0929687 0.105556 0.176563 0.109259 0.00140573
7 0.790365 0.0648148 0.0286458 0.0666667 0.0014668
2 0.657292 0.127778 0.078125 0.0574074 0.00146906
12 0.976042 0.5 0.04375 0.131481 0.00151083
12 0.701823 0.164815 0.0192708 0.037037 0.00154725
13 0.9875 0.521759 0.0239583 0.176852 0.00157167
0 0.717708 0.371296 0.025 0.0277778 0.00161245
0 0.153906 0.112037 0.0109375 0.0296296 0.0016581
1 0.00494792 0.396759 0.00989583 0.110185 0.0016675
58 0.96875 0.493981 0.03125 0.0916667 0.00167677
9 0.457812 0.0657407 0.00729167 0.0277778 0.00168112
1 0.145833 0.330556 0.0291667 0.0611111 0.00169303
9 0.261719 0.0449074 0.0151042 0.0509259 0.00175174
2 0.817187 0.232407 0.009375 0.0444444 0.00177156
0 0.75599 0.0907407 0.0151042 0.0814815 0.0018357
0 0.263281 0.0925926 0.0078125 0.0462963 0.00188439
2 0.532552 0.110185 0.347396 0.0740741 0.00189966
2 0.417188 0.109722 0.294792 0.0805556 0.00205227
0 0.0536458 0.110185 0.0125 0.05 0.00211504
0 0.995833 0.327778 0.00729167 0.0574074 0.00211538
13 0.994531 0.52037 0.00989583 0.17037 0.00215476
11 0.236979 0.0689815 0.0177083 0.0453704 0.00217425
2 0.363542 0.0675926 0.0114583 0.0203704 0.00232881
9 0.36224 0.0694444 0.00885417 0.0240741 0.00235751
1 0.00885417 0.363889 0.0177083 0.0740741 0.00239177
9 0.44401 0.238426 0.00885417 0.0268519 0.00262092
2 0.657031 0.149537 0.0557292 0.0638889 0.00262536
13 0.970573 0.52963 0.0578125 0.183333 0.00264013
2 0.238021 0.14213 0.01875 0.037963 0.00265865
9 0.292188 0.0537037 0.009375 0.0388889 0.00274771
12 0.69349 0.163426 0.00677083 0.0398148 0.00285207
9 0.577865 0.0328704 0.0151042 0.062037 0.00291405
9 0.275 0.0398148 0.034375 0.0777778 0.0033257
2 0.442448 0.0865741 0.0130208 0.0268519 0.00347505
9 0.582812 0.0365741 0.0114583 0.0527778 0.00385702
2 0.532031 0.112037 0.0140625 0.0425926 0.00500502
9 0.559635 0.024537 0.0203125 0.0490741 0.00508745
11 0.60599 0.0597222 0.00989583 0.025 0.00529169
9 0.502344 0.759722 0.0130208 0.0564815 0.00535305
2 0.445312 0.114815 0.021875 0.0240741 0.00566838
1 0.270573 0.296759 0.0317708 0.0898148 0.0062743
0 0.266667 0.1 0.0104167 0.0574074 0.00669897
7 0.146094 0.0921296 0.0671875 0.0824074 0.00708122
5 0.215365 0.0638889 0.0390625 0.0611111 0.00850514
2 0.269531 0.109259 0.0119792 0.0407407 0.00893321
0 0.757812 0.0712963 0.0104167 0.0425926 0.00934846
9 0.216667 0.0583333 0.025 0.0555556 0.00937464
2 0.286719 0.1125 0.0161458 0.075 0.0095982
9 0.209635 0.0675926 0.0244792 0.0481481 0.0100637
12 0.995052 0.493981 0.00885417 0.136111 0.0116587
2 0.789323 0.0875 0.0192708 0.0268519 0.0117173
0 0.634896 0.146759 0.009375 0.0527778 0.0149894
9 0.565885 0.0310185 0.0130208 0.0583333 0.0158599
9 0.441406 0.215741 0.0130208 0.0592593 0.0167714
9 0.442187 0.087037 0.0125 0.0259259 0.0180823
7 0.220313 0.0666667 0.0510417 0.062963 0.0225685
2 0.634635 0.143981 0.0109375 0.0509259 0.024001
9 0.269531 0.024537 0.0192708 0.0435185 0.0262396
2 0.592188 0.126389 0.0177083 0.0212963 0.0269566
2 0.469531 0.108333 0.0307292 0.0462963 0.0269987
2 0.490104 0.106944 0.0166667 0.0509259 0.0314768
9 0.566927 0.0481481 0.00885417 0.0240741 0.0678971
7 0.297396 0.10463 0.0364583 0.0796296 0.0756587
2 0.298698 0.104167 0.0348958 0.075 0.0925942
2 0.464063 0.1125 0.015625 0.037963 0.144634
2 0.322396 0.0861111 0.0375 0.0351852 0.316084
2 0.480208 0.109259 0.01875 0.0444444 0.323404
2 0.627604 0.122222 0.025 0.0537037 0.408451
1 0.260156 0.306019 0.0203125 0.0861111 0.514379
2 0.505729 0.103704 0.0427083 0.062963 0.605628
2 0.31849 0.121296 0.0505208 0.0703704 0.701073
10 0.203906 0.316204 0.0161458 0.0712963 0.711731
0 0.259115 0.268519 0.0244792 0.12037 0.761865
11 0.728906 0.0430556 0.0276042 0.0564815 0.810063
2 0.729688 0.419444 0.122917 0.172222 0.905029
