1 0.00416667 0.478704 0.00833333 0.187037 0.00101638
2 0.60625 0.0606481 0.0114583 0.0231481 0.00102776
12 0.977083 0.498148 0.0447917 0.131481 0.0010334
0 0.757552 0.123611 0.0140625 0.0416667 0.00104074
58 0.968229 0.496296 0.0291667 0.0833333 0.0011597
9 0.36224 0.0694444 0.00885417 0.0240741 0.00116904
1 0.00755208 0.366204 0.0151042 0.0935185 0.00124
2 0.275521 0.110648 0.0239583 0.062037 0.00124684
2 0.584635 0.421759 0.604688 0.182407 0.00126632
12 0.701563 0.164815 0.01875 0.0388889 0.00139888
1 0.0109375 0.364815 0.021875 0.0462963 0.0014457
9 0.995313 0.52963 0.00833333 0.0333333 0.00149332
12 0.693229 0.163426 0.00729167 0.0398148 0.00156759
32 0.454427 0.313426 0.0078125 0.0157407 0.00166529
2 0.411198 0.111574 0.275521 0.0842593 0.00180625
11 0.702083 0.120833 0.0208333 0.0453704 0.00180669
2 0.811458 0.0773148 0.0208333 0.0175926 0.00184545
12 0.702083 0.138426 0.0229167 0.087963 0.00203845
7 0.145833 0.0865741 0.0635417 0.0787037 0.00203997
13 0.970312 0.526852 0.0583333 0.185185 0.00208357
2 0.757292 0.119444 0.0145833 0.0351852 0.00212499
13 0.994271 0.52037 0.0104167 0.17037 0.00218197
2 0.363542 0.0662037 0.0114583 0.0194444 0.00222061
9 0.415365 0.0087963 0.0151042 0.0175926 0.00223717
2 0.648698 0.148611 0.0369792 0.0583333 0.00231147
2 0.56276 0.111574 0.250521 0.0731481 0.00241704
2 0.468229 0.111111 0.0854167 0.0666667 0.00254178
0 0.716146 0.371759 0.0229167 0.0268519 0.00266675
2 0.777344 0.101852 0.0359375 0.0537037 0.00283409
2 0.442708 0.087963 0.0135417 0.0277778 0.00284257
24 0.188021 0.50787 0.0291667 0.0768519 0.00285198
7 0.992448 0.518981 0.0140625 0.173148 0.00288442
13 0.986979 0.52037 0.025 0.17963 0.0030862
2 0.531771 0.112037 0.0135417 0.0425926 0.0031286
0 0.267448 0.0990741 0.0119792 0.0555556 0.00330648
7 0.276823 0.0578704 0.0411458 0.112037 0.00345402
9 0.263021 0.0884259 0.009375 0.037963 0.00347791
11 0.236979 0.0699074 0.0177083 0.0472222 0.00355078
0 0.75599 0.0893519 0.0151042 0.0824074 0.00372735
2 0.44349 0.114352 0.0203125 0.025 0.00378273
2 0.592708 0.125 0.0166667 0.0240741 0.00396141
9 0.572917 0.0310185 0.0145833 0.0583333 0.00404919
7 0.978385 0.523148 0.0421875 0.194444 0.00422437
9 0.994531 0.494444 0.00989583 0.125926 0.00426828
9 0.502083 0.759259 0.0125 0.0555556 0.00430286
0 0.757552 0.0689815 0.0109375 0.0416667 0.00450613
2 0.238281 0.141667 0.0192708 0.0407407 0.00460221
12 0.994531 0.494444 0.00989583 0.127778 0.00473066
9 0.292708 0.0703704 0.0125 0.0166667 0.00562845
24 0.197917 0.482407 0.0208333 0.0685185 0.00612154
9 0.458594 0.0643518 0.00677083 0.0305556 0.00661831
2 0.28724 0.114352 0.0171875 0.0712963 0.00803949
2 0.270833 0.10787 0.0145833 0.0416667 0.00806018
9 0.29375 0.0574074 0.0104167 0.0388889 0.00831912
9 0.210677 0.0671296 0.0286458 0.0509259 0.00864474
1 0.00963542 0.399074 0.0192708 0.114815 0.00899225
1 0.00364583 0.421296 0.00729167 0.0666667 0.0123955
7 0.220313 0.0666667 0.0510417 0.062963 0.0132397
5 0.220313 0.0703704 0.0510417 0.062963 0.0158615
1 0.198698 0.579167 0.0192708 0.123148 0.0179723
9 0.220052 0.0550926 0.0192708 0.0435185 0.018112
9 0.566927 0.0476852 0.0078125 0.0231481 0.0199784
0 0.635156 0.148611 0.00885417 0.0527778 0.0237494
2 0.634896 0.146296 0.0104167 0.0537037 0.024476
9 0.442448 0.0875 0.0130208 0.0268519 0.0256489
2 0.788802 0.0875 0.0192708 0.0268519 0.0277878
24 0.188542 0.474537 0.0354167 0.0842593 0.0331511
2 0.489583 0.106944 0.015625 0.0509259 0.0357754
7 0.297396 0.106481 0.0375 0.0833333 0.0409771
9 0.26875 0.0356481 0.021875 0.0675926 0.0488376
2 0.298438 0.106481 0.0354167 0.0796296 0.0626522
24 0.189323 0.484259 0.0213542 0.0555556 0.141132
2 0.466406 0.110648 0.0203125 0.0416667 0.207152
2 0.479948 0.109259 0.0213542 0.0444444 0.28501
1 0.189583 0.587037 0.034375 0.138889 0.374318
2 0.322396 0.0851852 0.0364583 0.0333333 0.392862
2 0.627083 0.121759 0.0260417 0.0527778 0.405643
2 0.505729 0.104167 0.0427083 0.062037 0.556561
2 0.31849 0.121296 0.0515625 0.0703704 0.734614
11 0.729167 0.0430556 0.0270833 0.0564815 0.80101
0 0.188802 0.533333 0.0390625 0.201852 0.803634
10 0.204167 0.315278 0.015625 0.0712963 0.836192
2 0.729688 0.419907 0.122917 0.171296 0.907703
