13 0.970573 0.526389 0.0578125 0.182407 0.0010002
0 0.717448 0.365278 0.0286458 0.0342593 0.00104032
2 0.451042 0.105093 0.0447917 0.0490741 0.00110717
9 0.560677 0.0444444 0.0223958 0.0351852 0.00110856
9 0.548177 0.0481481 0.0119792 0.0240741 0.0011366
2 0.8125 0.075463 0.015625 0.0194444 0.00117404
2 0.242969 0.103241 0.0119792 0.0342593 0.00118808
9 0.361198 0.0652778 0.0109375 0.0212963 0.00121155
0 0.448698 0.319907 0.839063 0.428704 0.00136644
2 0.573698 0.108333 0.334896 0.0777778 0.0013678
1 0.0117188 0.368056 0.0234375 0.0527778 0.00136826
2 0.655208 0.139352 0.0770833 0.0805556 0.00137191
7 0.146875 0.0916667 0.0677083 0.0851852 0.00141528
2 0.6375 0.147222 0.0197917 0.0537037 0.00162128
12 0.970052 0.493056 0.0328125 0.106481 0.00165224
9 0.236719 0.0699074 0.0182292 0.0472222 0.00167666
11 0.738802 0.0638889 0.0161458 0.0240741 0.00168038
1 0.0135417 0.396296 0.0270833 0.114815 0.00175959
7 0.296615 0.099537 0.0838542 0.0935185 0.00176234
9 0.260417 0.0467593 0.0125 0.0453704 0.00176925
2 0.00859375 0.402315 0.0171875 0.102778 0.001901
9 0.291927 0.0537037 0.00885417 0.0388889 0.00201413
2 0.414062 0.109722 0.310417 0.0861111 0.00232934
9 0.260156 0.075 0.0130208 0.0555556 0.00240095
2 0.594531 0.426852 0.760938 0.192593 0.00241897
9 0.438802 0.190741 0.0140625 0.0333333 0.00265085
2 0.455729 0.109259 0.121875 0.0685185 0.00293294
0 0.263542 0.099537 0.00833333 0.0564815 0.00297467
2 0.648698 0.148148 0.0411458 0.0574074 0.00305565
9 0.254948 0.0861111 0.0161458 0.0388889 0.00312175
9 0.50026 0.601389 0.0151042 0.0416667 0.00318363
9 0.220573 0.102778 0.0119792 0.0351852 0.003223
7 0.971094 0.527315 0.0567708 0.200926 0.00342809
9 0.560156 0.0314815 0.0317708 0.0611111 0.0036025
11 0.240625 0.0398148 0.021875 0.0777778 0.00361464
0 0.758073 0.373611 0.0171875 0.0305556 0.00390304
0 0.732552 0.372222 0.0307292 0.0277778 0.00422763
11 0.60625 0.0601852 0.009375 0.0259259 0.00437085
12 0.995052 0.49213 0.00885417 0.126852 0.00443674
32 0.459896 0.355093 0.009375 0.0157407 0.00450607
9 0.994792 0.51713 0.009375 0.167593 0.0046663
0 0.202865 0.742593 0.188021 0.485185 0.00469716
9 0.965365 0.502778 0.0223958 0.0666667 0.00477503
2 0.444531 0.106481 0.0223958 0.0388889 0.00503463
0 0.348177 0.369907 0.0651042 0.0472222 0.00513908
9 0.221354 0.0888889 0.0114583 0.0166667 0.00530877
9 0.565625 0.0398148 0.0104167 0.0425926 0.00547768
0 0.756771 0.0925926 0.0145833 0.0851852 0.0056164
2 0.323177 0.101389 0.0432292 0.0435185 0.00563526
2 0.790625 0.087037 0.01875 0.0203704 0.00566432
9 0.266667 0.0972222 0.0104167 0.0555556 0.00578678
9 0.271094 0.0393519 0.0265625 0.075 0.00605527
9 0.207292 0.0680556 0.0197917 0.0416667 0.00667544
2 0.591667 0.128704 0.01875 0.0203704 0.00690002
9 0.263281 0.0893519 0.00885417 0.0435185 0.0080582
0 0.324219 0.377778 0.0244792 0.0314815 0.00945639
9 0.269792 0.0481481 0.0197917 0.0407407 0.0102877
9 0.222917 0.0541667 0.0135417 0.037963 0.0106007
9 0.972917 0.499074 0.0375 0.124074 0.010695
1 0.00390625 0.398148 0.0078125 0.109259 0.0107898
7 0.221094 0.0675926 0.0515625 0.0685185 0.0114746
2 0.269271 0.110648 0.0114583 0.0361111 0.0120919
9 0.502344 0.759722 0.0109375 0.0601852 0.0125558
12 0.702344 0.139815 0.0223958 0.087037 0.0153151
2 0.00364583 0.409259 0.00729167 0.0851852 0.0154779
2 0.442448 0.0865741 0.0140625 0.025 0.0156615
0 0.710417 0.371296 0.0197917 0.0277778 0.0165219
9 0.454167 0.312963 0.00833333 0.0185185 0.0195513
9 0.442969 0.0865741 0.0140625 0.025 0.0215583
9 0.269792 0.0199074 0.0208333 0.0361111 0.0234708
0 0.376042 0.372685 0.0291667 0.0398148 0.0252083
5 0.220573 0.0740741 0.0505208 0.0648148 0.0253368
2 0.461458 0.112037 0.0125 0.0351852 0.0280957
9 0.567187 0.0476852 0.00833333 0.025 0.0343695
0 0.340104 0.373148 0.021875 0.037037 0.051352
0 0.634115 0.148148 0.0130208 0.0537037 0.0607956
0 0.359375 0.373611 0.021875 0.0361111 0.0714867
7 0.298177 0.107407 0.0390625 0.0851852 0.0792408
2 0.298438 0.106944 0.0364583 0.0805556 0.096886
2 0.321615 0.087037 0.0401042 0.0388889 0.296414
2 0.627344 0.121759 0.0255208 0.0527778 0.353554
2 0.473698 0.108333 0.0338542 0.0444444 0.488176
2 0.505729 0.103704 0.04375 0.062963 0.581423
11 0.729688 0.0435185 0.0270833 0.0574074 0.705771
2 0.317708 0.121296 0.0520833 0.0703704 0.720611
10 0.203906 0.315741 0.0161458 0.0703704 0.832918
2 0.729948 0.419444 0.122396 0.174074 0.904264
2 0.350781 0.419444 0.122396 0.172222 0.913505
