9 0.566927 0.0319444 0.0171875 0.0583333 0.00100435
2 0.805729 0.0712963 0.0104167 0.0185185 0.00103068
0 0.757292 0.0967593 0.015625 0.0842593 0.00103337
9 0.758333 0.0763889 0.0114583 0.0472222 0.00109723
9 0.489583 0.980556 0.0166667 0.037037 0.00109901
0 0.464583 0.335185 0.728125 0.277778 0.00111733
2 0.00494792 0.0648148 0.00989583 0.0444444 0.00116898
1 0.0140625 0.365278 0.028125 0.0453704 0.0012695
0 0.26276 0.110185 0.00989583 0.0444444 0.00136502
12 0.701042 0.164352 0.0239583 0.037963 0.00146574
2 0.652083 0.140278 0.0729167 0.0787037 0.00148869
9 0.263802 0.0388889 0.0182292 0.062963 0.00148977
2 0.00572917 0.0847222 0.0114583 0.0472222 0.00151694
2 0.974219 0.503704 0.0484375 0.144444 0.00154688
2 0.294531 0.103241 0.106771 0.0935185 0.00158061
0 0.716667 0.371296 0.0229167 0.0277778 0.00165926
2 0.47526 0.111111 0.0265625 0.0481481 0.00174379
2 0.647656 0.144907 0.0348958 0.0601852 0.00196384
2 0.779427 0.102778 0.0286458 0.0518519 0.00198642
12 0.757292 0.0916667 0.0135417 0.0759259 0.00208246
2 0.296094 0.0740741 0.0213542 0.0203704 0.00213313
9 0.217708 0.0546296 0.025 0.0425926 0.00218874
2 0.592188 0.420833 0.619792 0.191667 0.00223106
12 0.976562 0.504167 0.0447917 0.143519 0.00237447
7 0.791146 0.0648148 0.03125 0.0611111 0.00241263
2 0.267448 0.0986111 0.0119792 0.0564815 0.00245499
0 0.41276 0.286111 0.0223958 0.0277778 0.00260151
2 0.488802 0.10787 0.451562 0.0805556 0.00261069
11 0.23724 0.0680556 0.0171875 0.0435185 0.00264881
13 0.970833 0.523611 0.0572917 0.189815 0.0027653
2 0.794792 0.0847222 0.03125 0.0268519 0.00284591
2 0.640104 0.125926 0.05 0.0574074 0.00296786
7 0.992969 0.51713 0.0130208 0.175 0.00334904
9 0.992188 0.515741 0.0145833 0.177778 0.00398221
1 0.810417 0.331019 0.0208333 0.0935185 0.00464217
2 0.814583 0.0768519 0.0166667 0.0166667 0.00474422
9 0.220833 0.0888889 0.0114583 0.012963 0.00504397
12 0.994531 0.512963 0.00989583 0.17037 0.00537308
1 0.00911458 0.398148 0.0182292 0.112963 0.00556484
7 0.970573 0.527315 0.0578125 0.210185 0.00619321
12 0.691667 0.164815 0.009375 0.0407407 0.00686206
9 0.207031 0.0685185 0.0223958 0.0425926 0.00692619
1 0.00390625 0.406481 0.0078125 0.0925926 0.00806315
2 0.370313 0.106019 0.138542 0.0657407 0.0085031
5 0.220573 0.0671296 0.0505208 0.0527778 0.00897103
11 0.60599 0.0597222 0.00989583 0.0231481 0.00906096
0 0.635417 0.148148 0.0104167 0.05 0.00975013
9 0.5 0.603241 0.015625 0.037963 0.0100632
2 0.238542 0.140278 0.01875 0.0416667 0.0101251
2 0.270833 0.111574 0.0135417 0.0361111 0.0109577
0 0.388542 0.280556 0.0625 0.0333333 0.0111661
2 0.635156 0.147222 0.0109375 0.0537037 0.0123153
7 0.220313 0.0680556 0.0510417 0.0601852 0.0151072
0 0.405469 0.281019 0.0265625 0.0305556 0.0178047
9 0.269792 0.0287037 0.0197917 0.0481481 0.0214025
2 0.297396 0.103704 0.0322917 0.0740741 0.0289119
2 0.785417 0.0884259 0.0145833 0.0231481 0.0299836
2 0.592969 0.128241 0.0171875 0.0194444 0.0302748
2 0.291927 0.125926 0.0192708 0.0481481 0.0308162
7 0.297656 0.101852 0.0328125 0.0703704 0.0321561
9 0.567448 0.0481481 0.00885417 0.0240741 0.0322232
9 0.113542 0.024537 0.015625 0.0398148 0.0332185
2 0.477604 0.0967593 0.0125 0.0342593 0.0408184
9 0.502604 0.760185 0.0125 0.0555556 0.052218
2 0.363281 0.0703704 0.0130208 0.0277778 0.0713802
2 0.322135 0.087037 0.0390625 0.0351852 0.273974
2 0.628125 0.121296 0.025 0.05 0.317104
2 0.505729 0.10463 0.04375 0.0611111 0.590002
2 0.459375 0.100463 0.04375 0.0638889 0.659469
2 0.318229 0.121759 0.0510417 0.0694444 0.773079
10 0.204167 0.315741 0.015625 0.0722222 0.776248
2 0.383333 0.0884259 0.03125 0.0490741 0.779857
11 0.729688 0.0435185 0.0270833 0.0574074 0.782836
2 0.386458 0.319444 0.115625 0.181481 0.902086
2 0.729688 0.419444 0.121875 0.17037 0.908429
