3,1,396.38,114.53,200.84,163.05,1,-1,-1,-1
3,2,1141.33,310.02,535.45,447.86,1,-1,-1,-1
3,3,1641.47,177.73,264.08,273.77,1,-1,-1,-1
4,1,390.94,115.76,200.96,163.14,1,-1,-1,-1
4,2,1160.45,320.72,542.30,453.58,1,-1,-1,-1
4,3,1627.81,166.69,272.92,281.32,1,-1,-1,-1
5,1,384.51,116.13,201.82,163.88,1,-1,-1,-1
5,2,1179.55,327.68,551.24,461.04,1,-1,-1,-1
5,3,1617.55,158.12,277.59,283.68,1,-1,-1,-1
6,1,382.55,116.21,202.05,164.10,1,-1,-1,-1
6,2,1185.52,329.77,554.04,463.36,1,-1,-1,-1
6,3,1613.51,155.45,280.80,284.27,1,-1,-1,-1
7,1,378.09,116.91,203.08,164.86,1,-1,-1,-1
7,2,1200.46,339.21,554.75,463.22,1,-1,-1,-1
7,3,1607.99,156.89,278.23,277.36,1,-1,-1,-1
8,1,373.43,117.14,205.10,166.48,1,-1,-1,-1
8,2,1217.12,348.53,568.08,473.89,1,-1,-1,-1
8,3,1591.84,151.50,279.86,275.38,1,-1,-1,-1
9,1,367.31,116.53,208.21,169.09,1,-1,-1,-1
9,2,1234.65,355.74,581.84,485.02,1,-1,-1,-1
9,3,1575.65,153.16,276.47,267.79,1,-1,-1,-1
10,1,362.63,118.29,208.46,169.35,1,-1,-1,-1
10,2,1250.66,363.49,597.38,498.29,1,-1,-1,-1
10,3,1561.76,160.86,267.90,254.70,1,-1,-1,-1
11,1,357.61,119.60,209.41,170.08,1,-1,-1,-1
11,2,1271.21,371.45,610.50,509.02,1,-1,-1,-1
11,3,1542.27,156.25,270.46,253.43,1,-1,-1,-1
12,1,353.51,121.41,209.19,169.65,1,-1,-1,-1
12,2,1289.24,379.47,623.30,519.42,1,-1,-1,-1
12,3,1530.59,162.16,263.99,242.18,1,-1,-1,-1
13,1,347.94,122.06,210.85,170.78,1,-1,-1,-1
13,2,1298.70,389.48,635.42,531.63,1,-1,-1,-1
13,3,1514.03,163.09,262.65,236.79,1,-1,-1,-1
14,1,342.25,124.26,211.67,171.18,1,-1,-1,-1
14,2,1308.77,397.63,640.77,540.60,1,-1,-1,-1
14,3,1493.96,155.94,270.29,241.18,1,-1,-1,-1
15,1,336.40,125.73,214.43,173.28,1,-1,-1,-1
15,2,1316.75,408.31,646.88,552.87,1,-1,-1,-1
15,3,1476.72,149.39,275.11,242.85,1,-1,-1,-1
16,1,331.94,127.56,215.00,173.39,1,-1,-1,-1
16,2,1323.49,418.00,654.25,568.99,1,-1,-1,-1
16,3,1459.89,148.36,276.08,240.91,1,-1,-1,-1
17,1,325.83,129.54,216.48,174.06,1,-1,-1,-1
17,2,1329.96,427.31,659.20,585.27,1,-1,-1,-1
17,3,1447.89,147.40,273.62,236.92,1,-1,-1,-1
18,1,319.67,128.93,220.45,176.92,1,-1,-1,-1
18,2,1345.76,439.68,650.16,590.64,1,-1,-1,-1
18,3,1434.10,144.46,275.11,236.88,1,-1,-1,-1
19,1,313.76,129.32,222.84,178.63,1,-1,-1,-1
19,2,1358.28,451.33,646.89,603.36,1,-1,-1,-1
19,3,1420.16,140.77,276.33,236.95,1,-1,-1,-1
20,1,307.56,128.12,226.06,181.21,1,-1,-1,-1
20,2,1374.27,466.53,639.11,613.77,1,-1,-1,-1
20,3,1405.91,136.15,278.65,238.38,1,-1,-1,-1
21,1,302.33,128.28,228.12,182.81,1,-1,-1,-1
21,2,1393.93,477.95,619.75,612.93,1,-1,-1,-1
21,3,1395.38,135.18,277.00,236.32,1,-1,-1,-1
22,1,300.50,128.32,228.89,183.38,1,-1,-1,-1
22,2,1406.00,482.00,602.16,612.20,1,-1,-1,-1
22,3,1391.76,134.93,276.85,235.61,1,-1,-1,-1
22,4,1839.42,242.72,73.76,238.43,1,-1,-1,-1
23,1,299.98,128.31,229.15,183.54,1,-1,-1,-1
23,2,1414.68,483.21,586.22,611.59,1,-1,-1,-1
23,3,1390.69,134.92,277.23,235.40,1,-1,-1,-1
23,4,1838.74,242.22,74.43,239.19,1,-1,-1,-1
24,1,299.95,128.28,229.22,183.56,1,-1,-1,-1
24,2,1421.68,483.33,571.77,611.06,1,-1,-1,-1
24,3,1390.55,135.00,277.76,235.37,1,-1,-1,-1
24,4,1838.50,242.23,74.92,239.18,1,-1,-1,-1
25,1,299.74,127.60,229.93,184.19,1,-1,-1,-1
25,2,1427.69,483.07,558.68,610.59,1,-1,-1,-1
25,3,1392.74,138.42,274.30,231.43,1,-1,-1,-1
25,4,1839.02,243.75,74.75,236.89,1,-1,-1,-1
26,1,299.82,127.32,230.12,184.39,1,-1,-1,-1
26,2,1433.01,482.69,546.81,610.17,1,-1,-1,-1
26,3,1393.98,140.44,272.99,229.33,1,-1,-1,-1
26,4,1839.08,244.37,75.04,235.97,1,-1,-1,-1
27,1,300.00,127.20,230.11,184.43,1,-1,-1,-1
27,2,1437.79,482.30,536.06,609.80,1,-1,-1,-1
27,3,1394.41,141.23,273.20,228.60,1,-1,-1,-1
27,4,1838.37,243.25,75.97,236.95,1,-1,-1,-1
27,5,1182.00,242.00,96.00,31.00,1,-1,-1,-1
28,1,300.20,127.15,230.03,184.41,1,-1,-1,-1
28,2,1442.11,481.93,526.32,609.48,1,-1,-1,-1
28,3,1394.52,141.56,273.92,228.39,1,-1,-1,-1
28,4,1837.94,242.87,76.70,237.28,1,-1,-1,-1
28,5,1182.00,242.00,96.00,31.00,1,-1,-1,-1
29,1,300.39,127.12,229.94,184.38,1,-1,-1,-1
29,2,1446.02,481.59,517.50,609.19,1,-1,-1,-1
29,3,1394.52,141.70,274.77,228.36,1,-1,-1,-1
29,4,1837.62,242.75,77.34,237.36,1,-1,-1,-1
29,5,1182.00,242.00,96.00,31.00,1,-1,-1,-1
30,1,300.57,127.10,229.85,184.34,1,-1,-1,-1
30,2,1449.57,481.28,509.53,608.93,1,-1,-1,-1
30,3,1394.46,141.77,275.62,228.40,1,-1,-1,-1
30,4,1837.34,242.74,77.94,237.35,1,-1,-1,-1
30,5,1182.00,242.00,96.00,31.00,1,-1,-1,-1
31,1,300.73,127.09,229.76,184.30,1,-1,-1,-1
31,2,1452.78,481.02,502.31,608.70,1,-1,-1,-1
31,3,1394.05,141.14,277.10,229.12,1,-1,-1,-1
31,4,1837.08,242.76,78.50,237.32,1,-1,-1,-1
31,5,1182.32,242.00,96.06,31.00,1,-1,-1,-1
32,1,277.47,133.01,247.46,198.78,1,-1,-1,-1
32,2,1456.33,484.21,504.53,611.40,1,-1,-1,-1
32,3,1324.37,133.64,260.78,215.53,1,-1,-1,-1
32,4,1836.72,242.34,78.68,237.85,1,-1,-1,-1
32,5,1182.39,242.00,96.06,31.00,1,-1,-1,-1
33,1,268.18,135.84,256.70,206.69,1,-1,-1,-1
33,3,1291.23,129.43,255.74,211.05,1,-1,-1,-1
34,1,263.87,141.43,259.27,209.10,1,-1,-1,-1
34,3,1276.07,134.04,245.85,202.11,1,-1,-1,-1
34,6,1618.04,180.74,289.41,276.13,1,-1,-1,-1
34,7,1830.03,790.18,116.64,297.41,1,-1,-1,-1
34,8,807.18,209.65,141.54,47.33,1,-1,-1,-1
35,1,261.04,142.95,263.45,213.19,1,-1,-1,-1
35,3,1262.99,135.81,240.29,196.21,1,-1,-1,-1
35,6,1609.82,176.44,290.52,275.63,1,-1,-1,-1
35,7,1841.82,798.32,113.71,289.94,1,-1,-1,-1
35,8,780.29,206.57,149.82,49.64,1,-1,-1,-1
36,1,258.93,143.49,266.63,216.62,1,-1,-1,-1
36,3,1251.82,135.79,239.54,194.91,1,-1,-1,-1
36,6,1604.62,175.22,287.62,270.22,1,-1,-1,-1
36,8,750.54,203.46,156.29,51.08,1,-1,-1,-1
37,1,257.68,144.29,268.93,219.15,1,-1,-1,-1
37,3,1244.92,133.78,238.70,193.89,1,-1,-1,-1
37,6,1592.35,172.11,288.11,267.64,1,-1,-1,-1
37,8,719.27,199.67,166.54,53.58,1,-1,-1,-1
38,1,259.72,147.15,268.20,218.73,1,-1,-1,-1
38,3,1237.26,135.07,235.02,190.28,1,-1,-1,-1
38,6,1574.64,169.07,286.26,262.57,1,-1,-1,-1
38,8,696.32,197.03,181.81,57.13,1,-1,-1,-1
39,1,260.38,149.51,270.97,221.07,1,-1,-1,-1
39,3,1227.62,134.23,236.39,191.11,1,-1,-1,-1
39,6,1558.60,167.45,285.69,258.76,1,-1,-1,-1
39,8,647.70,194.15,185.09,58.41,1,-1,-1,-1
40,1,261.11,151.02,271.20,221.23,1,-1,-1,-1
40,3,1224.40,133.93,237.20,191.51,1,-1,-1,-1
40,6,1552.15,167.00,287.90,257.50,1,-1,-1,-1
40,8,629.76,193.14,185.55,58.82,1,-1,-1,-1
41,1,261.87,151.54,271.09,221.20,1,-1,-1,-1
41,3,1222.92,133.17,238.40,192.43,1,-1,-1,-1
41,6,1548.72,166.95,291.13,257.15,1,-1,-1,-1
41,8,624.17,192.87,184.96,58.89,1,-1,-1,-1
42,1,263.83,152.33,278.95,228.31,1,-1,-1,-1
42,3,1208.11,133.57,234.27,188.86,1,-1,-1,-1
42,6,1518.60,161.61,289.18,252.37,1,-1,-1,-1
42,8,583.92,187.61,197.79,63.43,1,-1,-1,-1
43,1,266.28,155.19,282.44,231.59,1,-1,-1,-1
43,3,1196.24,127.71,236.93,190.96,1,-1,-1,-1
43,6,1498.34,157.69,288.56,249.34,1,-1,-1,-1
43,8,552.21,183.12,208.91,68.31,1,-1,-1,-1
44,1,269.40,159.50,283.41,232.76,1,-1,-1,-1
44,3,1190.07,129.56,229.59,184.48,1,-1,-1,-1
44,6,1481.57,154.34,288.48,246.97,1,-1,-1,-1
44,8,526.28,176.99,220.35,73.97,1,-1,-1,-1
45,1,270.85,159.14,289.13,238.34,1,-1,-1,-1
45,3,1179.43,127.61,229.76,184.81,1,-1,-1,-1
45,6,1465.09,153.22,287.93,244.18,1,-1,-1,-1
45,8,502.94,172.72,225.11,77.44,1,-1,-1,-1
46,1,275.51,164.14,288.93,238.44,1,-1,-1,-1
46,3,1168.78,126.26,230.06,184.99,1,-1,-1,-1
46,6,1451.22,151.57,286.95,241.24,1,-1,-1,-1
46,8,485.32,169.21,227.25,80.66,1,-1,-1,-1
47,1,277.34,166.02,292.01,241.64,1,-1,-1,-1
47,3,1157.66,119.14,235.98,190.45,1,-1,-1,-1
47,6,1437.00,150.40,286.44,238.91,1,-1,-1,-1
47,8,472.77,166.01,232.89,85.64,1,-1,-1,-1
48,1,280.76,169.93,292.86,242.77,1,-1,-1,-1
48,3,1149.06,111.92,239.19,194.48,1,-1,-1,-1
48,6,1423.40,148.72,285.96,236.81,1,-1,-1,-1
48,8,461.37,163.56,234.55,89.44,1,-1,-1,-1
49,1,285.08,173.98,294.91,244.42,1,-1,-1,-1
49,3,1143.86,109.24,238.47,194.74,1,-1,-1,-1
49,6,1409.64,147.52,285.62,234.79,1,-1,-1,-1
49,8,455.45,161.41,230.39,90.88,1,-1,-1,-1
50,1,287.95,175.45,300.33,248.88,1,-1,-1,-1
50,3,1139.39,109.62,233.45,191.55,1,-1,-1,-1
50,6,1398.44,145.82,284.10,232.13,1,-1,-1,-1
50,8,450.00,156.22,234.47,94.53,1,-1,-1,-1
51,1,292.41,179.84,302.03,249.85,1,-1,-1,-1
51,3,1132.90,107.87,230.69,190.35,1,-1,-1,-1
51,6,1385.11,143.93,283.60,230.57,1,-1,-1,-1
51,8,437.47,152.37,233.75,97.15,1,-1,-1,-1
52,1,293.97,181.44,302.84,250.13,1,-1,-1,-1
52,3,1131.14,107.29,229.01,189.92,1,-1,-1,-1
52,6,1380.28,143.31,284.28,230.09,1,-1,-1,-1
52,8,435.38,150.93,229.46,98.10,1,-1,-1,-1
53,1,294.05,181.97,303.97,250.80,1,-1,-1,-1
53,3,1131.12,107.15,227.78,189.78,1,-1,-1,-1
53,6,1378.61,143.16,285.33,230.00,1,-1,-1,-1
53,8,437.04,150.49,224.07,98.37,1,-1,-1,-1
54,1,293.95,182.08,304.47,250.97,1,-1,-1,-1
54,3,1131.69,107.16,226.79,189.75,1,-1,-1,-1
54,6,1378.10,143.17,286.45,230.05,1,-1,-1,-1
54,8,440.23,150.43,218.69,98.38,1,-1,-1,-1
55,1,294.42,182.04,304.13,250.31,1,-1,-1,-1
55,3,1132.43,107.23,225.94,189.76,1,-1,-1,-1
55,6,1378.01,143.24,287.53,230.13,1,-1,-1,-1
55,8,443.24,150.51,213.50,98.29,1,-1,-1,-1
56,1,294.43,181.95,304.16,249.99,1,-1,-1,-1
56,3,1133.17,107.31,225.18,189.78,1,-1,-1,-1
56,6,1378.05,143.32,288.52,230.23,1,-1,-1,-1
56,8,446.37,150.64,208.52,98.17,1,-1,-1,-1
57,1,294.28,181.86,304.33,249.81,1,-1,-1,-1
57,3,1133.87,107.38,224.50,189.80,1,-1,-1,-1
57,6,1378.13,143.40,289.43,230.31,1,-1,-1,-1
57,8,449.06,150.78,203.88,98.05,1,-1,-1,-1
58,1,294.09,181.76,304.53,249.69,1,-1,-1,-1
58,3,1134.51,107.45,223.89,189.82,1,-1,-1,-1
58,6,1378.20,143.47,290.26,230.40,1,-1,-1,-1
58,8,451.98,150.91,199.77,97.94,1,-1,-1,-1
59,1,293.90,181.67,304.74,249.60,1,-1,-1,-1
59,3,1135.09,107.52,223.33,189.84,1,-1,-1,-1
59,6,1377.97,143.53,290.91,230.47,1,-1,-1,-1
59,8,454.55,151.03,196.04,97.83,1,-1,-1,-1
60,1,293.71,181.59,304.93,249.52,1,-1,-1,-1
60,3,1135.60,107.57,222.83,189.86,1,-1,-1,-1
60,6,1378.22,143.59,291.60,230.53,1,-1,-1,-1
60,8,456.82,151.14,192.67,97.74,1,-1,-1,-1
61,1,293.54,181.52,305.11,249.46,1,-1,-1,-1
61,3,1136.07,107.62,222.37,189.88,1,-1,-1,-1
61,6,1378.40,144.30,291.41,229.92,1,-1,-1,-1
61,8,458.77,151.24,191.11,98.31,1,-1,-1,-1
62,1,313.45,209.18,338.40,277.12,1,-1,-1,-1
62,3,1090.35,107.01,212.39,181.30,1,-1,-1,-1
62,6,1302.39,135.31,278.84,220.45,1,-1,-1,-1
62,8,451.76,150.05,193.24,99.40,1,-1,-1,-1
63,1,323.53,221.84,352.63,289.15,1,-1,-1,-1
63,3,1075.32,107.48,208.15,176.02,1,-1,-1,-1
63,6,1266.34,131.93,272.13,214.87,1,-1,-1,-1
64,1,330.78,229.37,359.95,295.15,1,-1,-1,-1
64,3,1062.46,108.35,204.47,172.11,1,-1,-1,-1
64,6,1247.69,131.43,265.53,209.54,1,-1,-1,-1
64,10,342.93,114.84,183.50,133.35,1,-1,-1,-1
65,1,335.42,234.10,364.64,298.64,1,-1,-1,-1
65,3,1053.35,106.66,203.90,171.42,1,-1,-1,-1
65,6,1238.15,131.99,259.70,204.98,1,-1,-1,-1
65,10,335.79,112.25,187.36,136.39,1,-1,-1,-1
65,11,1850.50,259.04,57.58,276.26,1,-1,-1,-1
66,1,338.74,237.71,368.79,301.77,1,-1,-1,-1
66,3,1045.93,107.40,201.86,169.23,1,-1,-1,-1
66,6,1227.94,131.58,256.84,202.74,1,-1,-1,-1
66,10,329.77,110.77,188.41,137.32,1,-1,-1,-1
66,11,1837.92,246.00,62.07,289.77,1,-1,-1,-1
67,1,340.27,242.82,372.69,304.77,1,-1,-1,-1
67,3,1042.49,111.72,195.92,163.12,1,-1,-1,-1
67,6,1219.10,129.46,256.47,202.70,1,-1,-1,-1
67,10,321.40,107.54,194.02,141.80,1,-1,-1,-1
67,11,1824.35,239.37,66.10,294.51,1,-1,-1,-1
68,1,341.94,245.92,378.09,309.01,1,-1,-1,-1
68,3,1036.30,109.95,197.01,163.65,1,-1,-1,-1
68,6,1211.44,128.73,254.92,201.44,1,-1,-1,-1
68,10,314.20,105.79,197.30,144.68,1,-1,-1,-1
68,11,1813.21,232.96,70.19,294.06,1,-1,-1,-1
69,1,342.62,248.26,385.50,315.04,1,-1,-1,-1
69,3,1032.64,109.98,196.14,161.90,1,-1,-1,-1
69,6,1203.32,129.18,252.02,199.06,1,-1,-1,-1
69,10,307.22,104.56,199.47,147.00,1,-1,-1,-1
69,11,1801.94,229.21,75.15,291.88,1,-1,-1,-1
70,1,342.74,251.59,394.09,322.41,1,-1,-1,-1
70,3,1027.08,110.66,195.55,159.99,1,-1,-1,-1
70,6,1194.37,128.72,250.58,197.60,1,-1,-1,-1
70,10,302.80,103.53,200.33,148.44,1,-1,-1,-1
70,11,1787.94,223.65,82.48,293.27,1,-1,-1,-1
71,1,344.79,252.74,403.34,330.27,1,-1,-1,-1
71,3,1022.04,113.60,193.25,156.68,1,-1,-1,-1
71,6,1188.64,127.25,249.91,197.15,1,-1,-1,-1
71,10,298.14,103.22,201.74,150.22,1,-1,-1,-1
71,11,1774.50,220.66,89.63,288.12,1,-1,-1,-1
72,1,344.87,252.40,415.10,340.91,1,-1,-1,-1
72,3,1013.78,116.03,191.05,154.19,1,-1,-1,-1
72,6,1180.91,127.42,247.15,195.06,1,-1,-1,-1
72,10,293.89,103.84,202.34,151.46,1,-1,-1,-1
72,11,1760.73,218.00,97.08,279.10,1,-1,-1,-1
73,1,344.55,255.36,423.86,349.38,1,-1,-1,-1
73,3,1009.20,118.92,187.23,149.99,1,-1,-1,-1
73,6,1174.19,127.52,245.44,193.70,1,-1,-1,-1
73,10,289.45,104.80,202.00,151.85,1,-1,-1,-1
73,11,1747.56,213.39,105.93,272.07,1,-1,-1,-1
74,1,347.69,258.32,428.70,354.43,1,-1,-1,-1
74,3,1001.90,117.92,188.30,149.90,1,-1,-1,-1
74,6,1166.47,126.25,244.82,193.27,1,-1,-1,-1
74,10,286.47,105.22,202.20,152.57,1,-1,-1,-1
74,11,1734.65,210.02,115.93,266.62,1,-1,-1,-1
75,1,349.18,259.35,429.67,356.19,1,-1,-1,-1
75,3,999.43,117.53,189.52,149.94,1,-1,-1,-1
75,6,1164.01,125.81,244.63,193.18,1,-1,-1,-1
75,10,285.78,105.42,201.76,152.78,1,-1,-1,-1
75,11,1726.97,209.09,126.21,263.86,1,-1,-1,-1
76,1,349.65,259.62,429.84,357.31,1,-1,-1,-1
76,3,998.44,117.36,190.69,150.04,1,-1,-1,-1
76,6,1163.86,125.68,244.51,193.21,1,-1,-1,-1
76,10,285.93,105.53,201.10,152.79,1,-1,-1,-1
76,11,1720.87,209.02,136.55,262.79,1,-1,-1,-1
76,12,1392.52,186.00,75.95,61.00,1,-1,-1,-1
77,1,350.06,259.60,429.07,357.55,1,-1,-1,-1
77,3,998.01,117.28,191.78,150.14,1,-1,-1,-1
77,6,1164.18,125.66,244.46,193.28,1,-1,-1,-1
77,10,286.37,105.61,200.40,152.73,1,-1,-1,-1
77,11,1715.88,209.24,146.45,262.38,1,-1,-1,-1
77,12,1392.52,186.00,75.92,61.00,1,-1,-1,-1
78,1,350.42,259.49,428.00,357.45,1,-1,-1,-1
78,3,997.78,117.23,192.77,150.24,1,-1,-1,-1
78,6,1164.63,125.67,244.43,193.36,1,-1,-1,-1
78,10,286.88,105.66,199.73,152.66,1,-1,-1,-1
78,11,1711.70,209.54,155.99,262.88,1,-1,-1,-1
78,12,1392.54,186.00,75.88,61.00,1,-1,-1,-1
79,1,350.75,259.35,426.89,357.25,1,-1,-1,-1
79,3,997.64,117.20,193.67,150.33,1,-1,-1,-1
79,6,1165.10,125.71,244.40,193.43,1,-1,-1,-1
79,10,287.39,105.70,199.10,152.59,1,-1,-1,-1
79,11,1707.82,209.82,164.66,263.05,1,-1,-1,-1
79,12,1392.57,186.00,75.83,61.00,1,-1,-1,-1
80,1,351.05,259.20,425.83,357.03,1,-1,-1,-1
80,3,997.52,117.17,194.48,150.41,1,-1,-1,-1
80,6,1165.54,125.74,244.38,193.50,1,-1,-1,-1
80,10,287.85,105.74,198.52,152.52,1,-1,-1,-1
80,11,1704.23,210.09,172.59,263.11,1,-1,-1,-1
80,12,1392.59,186.00,75.78,61.00,1,-1,-1,-1
81,1,351.60,259.07,424.95,356.80,1,-1,-1,-1
81,3,997.12,117.81,194.48,149.82,1,-1,-1,-1
81,6,1165.55,125.77,244.45,193.56,1,-1,-1,-1
81,10,287.91,105.11,198.74,153.12,1,-1,-1,-1
81,11,1700.36,210.32,180.30,263.78,1,-1,-1,-1
81,12,1391.37,186.00,75.47,61.00,1,-1,-1,-1
82,1,351.92,258.95,424.15,356.60,1,-1,-1,-1
82,3,996.80,117.38,195.77,150.30,1,-1,-1,-1
82,6,1166.09,126.46,243.80,192.95,1,-1,-1,-1
82,10,288.18,104.89,198.47,153.31,1,-1,-1,-1
82,11,1697.08,211.19,187.13,264.03,1,-1,-1,-1
82,12,1391.03,186.00,75.16,61.00,1,-1,-1,-1
83,1,352.15,258.84,423.43,356.42,1,-1,-1,-1
83,3,996.60,117.21,196.64,150.51,1,-1,-1,-1
83,6,1166.43,126.73,243.66,192.75,1,-1,-1,-1
83,10,288.52,104.82,198.06,153.36,1,-1,-1,-1
83,11,1694.19,211.62,193.29,264.11,1,-1,-1,-1
83,12,1391.01,186.00,74.86,61.00,1,-1,-1,-1
84,1,352.33,258.74,422.78,356.25,1,-1,-1,-1
84,3,996.45,117.13,197.33,150.62,1,-1,-1,-1
84,6,1166.66,126.84,243.69,192.70,1,-1,-1,-1
84,10,288.86,104.81,197.61,153.35,1,-1,-1,-1
84,11,1691.59,211.87,198.86,264.13,1,-1,-1,-1
84,12,1391.78,186.00,74.56,61.00,1,-1,-1,-1
85,1,352.45,258.65,421.62,355.45,1,-1,-1,-1
85,3,996.33,117.10,197.90,150.68,1,-1,-1,-1
85,6,1166.87,126.23,244.41,193.36,1,-1,-1,-1
85,10,288.79,104.82,197.28,153.32,1,-1,-1,-1
85,11,1689.82,212.03,203.41,263.46,1,-1,-1,-1
85,12,1390.37,186.00,74.52,61.00,1,-1,-1,-1
86,1,352.51,258.57,420.99,355.06,1,-1,-1,-1
86,3,996.23,117.08,198.41,150.73,1,-1,-1,-1
86,6,1167.08,126.00,244.64,193.63,1,-1,-1,-1
86,10,288.91,104.84,196.97,153.28,1,-1,-1,-1
86,11,1687.91,212.16,207.80,263.20,1,-1,-1,-1
86,12,1389.86,186.00,74.47,61.00,1,-1,-1,-1
87,1,352.56,258.51,420.58,354.86,1,-1,-1,-1
87,3,996.13,117.07,198.86,150.76,1,-1,-1,-1
87,6,1167.28,125.93,244.68,193.75,1,-1,-1,-1
87,10,289.09,104.86,196.68,153.25,1,-1,-1,-1
87,11,1686.05,212.27,211.89,263.10,1,-1,-1,-1
87,12,1389.52,186.00,74.47,61.00,1,-1,-1,-1
88,1,352.60,258.45,420.27,354.73,1,-1,-1,-1
88,3,996.04,117.06,199.26,150.79,1,-1,-1,-1
88,6,1167.47,125.91,244.66,193.81,1,-1,-1,-1
88,10,289.27,104.87,196.42,153.22,1,-1,-1,-1
88,11,1684.31,212.36,215.64,263.06,1,-1,-1,-1
89,1,352.63,258.39,420.02,354.63,1,-1,-1,-1
89,3,995.95,117.05,199.62,150.82,1,-1,-1,-1
89,6,1167.64,125.91,244.62,193.84,1,-1,-1,-1
89,10,289.44,104.89,196.18,153.20,1,-1,-1,-1
89,11,1682.71,212.44,219.06,263.04,1,-1,-1,-1
90,1,352.66,258.35,419.80,354.55,1,-1,-1,-1
90,3,995.88,117.04,199.95,150.84,1,-1,-1,-1
90,6,1167.79,125.91,244.57,193.87,1,-1,-1,-1
90,10,289.60,104.90,195.97,153.17,1,-1,-1,-1
90,11,1681.25,212.50,222.17,263.03,1,-1,-1,-1
91,1,352.69,258.31,419.61,354.48,1,-1,-1,-1
91,3,995.81,117.04,200.25,150.86,1,-1,-1,-1
91,6,1167.93,125.92,244.52,193.88,1,-1,-1,-1
91,10,289.75,104.91,195.78,153.15,1,-1,-1,-1
91,11,1679.92,212.56,224.99,263.02,1,-1,-1,-1
92,1,353.02,258.79,420.52,355.25,1,-1,-1,-1
92,3,1032.78,118.36,215.70,163.44,1,-1,-1,-1
92,6,1166.74,125.80,244.29,193.70,1,-1,-1,-1
92,10,257.30,115.49,220.46,172.95,1,-1,-1,-1
92,11,1678.96,211.86,225.02,263.06,1,-1,-1,-1
93,3,1043.45,118.20,220.83,168.06,1,-1,-1,-1
93,10,244.91,119.34,231.22,182.05,1,-1,-1,-1
94,3,1046.14,118.13,219.84,167.92,1,-1,-1,-1
94,10,240.16,121.51,235.23,185.67,1,-1,-1,-1
94,15,1858.26,274.60,50.03,247.43,1,-1,-1,-1
94,16,595.14,211.17,166.53,39.05,1,-1,-1,-1
94,17,466.64,427.23,600.70,518.05,1,-1,-1,-1
94,18,1398.25,159.63,293.84,220.60,1,-1,-1,-1
94,19,919.17,138.67,175.37,125.60,1,-1,-1,-1
95,3,1043.59,118.09,218.37,167.79,1,-1,-1,-1
95,10,237.30,122.32,239.01,188.92,1,-1,-1,-1
95,15,1846.92,254.72,55.64,268.31,1,-1,-1,-1
95,16,560.15,209.28,172.90,40.65,1,-1,-1,-1
95,17,467.36,433.67,626.73,541.37,1,-1,-1,-1
95,18,1386.30,156.57,295.46,222.10,1,-1,-1,-1
95,19,923.77,151.87,158.03,112.95,1,-1,-1,-1
96,3,1038.69,118.08,216.81,167.04,1,-1,-1,-1
96,10,237.28,122.59,241.07,190.72,1,-1,-1,-1
96,15,1836.98,250.06,57.87,266.49,1,-1,-1,-1
96,16,521.90,205.85,188.77,44.73,1,-1,-1,-1
96,17,474.65,443.43,653.43,565.31,1,-1,-1,-1
96,18,1373.24,154.93,293.07,220.43,1,-1,-1,-1
96,19,920.85,152.47,156.19,111.73,1,-1,-1,-1
97,3,1036.11,117.41,215.38,166.71,1,-1,-1,-1
97,10,236.57,122.65,244.78,193.90,1,-1,-1,-1
97,15,1826.25,247.55,60.96,262.93,1,-1,-1,-1
97,16,495.62,201.31,210.17,50.18,1,-1,-1,-1
97,17,491.18,459.06,653.44,565.65,1,-1,-1,-1
97,18,1361.54,153.04,291.24,219.18,1,-1,-1,-1
97,19,923.39,157.67,149.03,106.36,1,-1,-1,-1
98,3,1032.23,117.15,214.52,167.21,1,-1,-1,-1
98,10,235.73,123.28,247.51,196.32,1,-1,-1,-1
98,15,1814.91,243.29,65.23,258.84,1,-1,-1,-1
98,16,466.60,198.33,219.50,52.86,1,-1,-1,-1
98,17,501.41,472.72,671.23,582.05,1,-1,-1,-1
98,18,1349.88,153.18,287.79,216.67,1,-1,-1,-1
98,19,922.25,158.39,148.02,105.59,1,-1,-1,-1
99,3,1029.51,115.74,213.90,168.02,1,-1,-1,-1
99,10,236.41,124.78,249.95,198.45,1,-1,-1,-1
99,15,1804.97,239.59,70.84,256.81,1,-1,-1,-1
99,16,434.03,195.95,238.62,58.34,1,-1,-1,-1
99,17,511.17,487.46,682.11,592.30,1,-1,-1,-1
99,18,1344.38,153.32,282.69,212.36,1,-1,-1,-1
99,19,918.78,156.33,151.22,108.34,1,-1,-1,-1
100,3,1028.28,115.86,210.01,166.33,1,-1,-1,-1
100,10,237.36,125.97,251.61,199.82,1,-1,-1,-1
100,15,1793.80,236.67,77.08,252.35,1,-1,-1,-1
100,16,417.87,192.55,243.67,61.08,1,-1,-1,-1
100,17,536.02,505.25,675.25,583.64,1,-1,-1,-1
100,18,1335.42,153.44,278.65,208.80,1,-1,-1,-1
100,19,919.18,155.51,152.02,109.40,1,-1,-1,-1
101,3,1028.62,115.25,207.45,166.31,1,-1,-1,-1
101,10,239.80,128.33,252.76,200.24,1,-1,-1,-1
101,15,1782.32,234.70,83.96,246.32,1,-1,-1,-1
101,16,399.06,189.37,257.46,66.50,1,-1,-1,-1
101,17,564.45,521.57,662.03,567.62,1,-1,-1,-1
101,18,1324.01,153.53,274.64,205.54,1,-1,-1,-1
101,19,919.73,157.15,148.28,107.17,1,-1,-1,-1
102,3,1027.46,115.69,203.09,164.30,1,-1,-1,-1
102,10,238.81,129.86,255.21,202.26,1,-1,-1,-1
102,15,1771.67,232.36,91.87,241.81,1,-1,-1,-1
102,16,377.46,185.04,259.07,69.85,1,-1,-1,-1
102,17,592.02,536.57,651.38,552.38,1,-1,-1,-1
102,18,1313.08,152.24,274.74,205.83,1,-1,-1,-1
102,19,917.98,154.22,151.66,110.55,1,-1,-1,-1
103,3,1026.90,114.53,198.99,162.86,1,-1,-1,-1
103,10,238.39,130.40,257.59,204.25,1,-1,-1,-1
103,15,1759.50,227.79,101.80,241.35,1,-1,-1,-1
103,16,360.16,179.60,260.51,73.61,1,-1,-1,-1
103,17,621.63,555.07,640.21,534.33,1,-1,-1,-1
103,18,1302.70,151.13,273.61,205.34,1,-1,-1,-1
103,19,919.14,156.48,146.03,107.13,1,-1,-1,-1
104,3,1026.41,114.10,195.33,161.64,1,-1,-1,-1
104,10,238.96,131.21,261.00,206.88,1,-1,-1,-1
104,15,1746.74,224.37,112.54,241.09,1,-1,-1,-1
104,16,334.79,176.61,271.73,76.78,1,-1,-1,-1
104,17,650.24,569.45,635.01,520.06,1,-1,-1,-1
104,18,1292.10,150.08,272.15,204.56,1,-1,-1,-1
104,19,915.52,148.44,154.22,114.72,1,-1,-1,-1
105,3,1024.98,113.95,191.84,160.52,1,-1,-1,-1
105,10,240.84,132.13,264.22,209.11,1,-1,-1,-1
105,15,1734.71,220.69,122.99,238.91,1,-1,-1,-1
105,17,676.66,582.95,630.11,504.66,1,-1,-1,-1
105,18,1284.48,149.73,268.52,202.33,1,-1,-1,-1
105,19,916.19,144.28,157.13,118.72,1,-1,-1,-1
106,3,1021.25,115.23,186.98,157.45,1,-1,-1,-1
106,10,241.15,132.44,268.28,212.49,1,-1,-1,-1
106,15,1722.98,217.58,133.98,237.36,1,-1,-1,-1
106,17,706.67,599.51,625.29,486.18,1,-1,-1,-1
106,18,1274.21,148.96,265.52,200.22,1,-1,-1,-1
106,19,916.17,141.36,157.63,120.94,1,-1,-1,-1
107,3,1015.37,114.39,186.18,156.97,1,-1,-1,-1
107,10,240.54,132.53,273.23,216.95,1,-1,-1,-1
107,15,1708.79,215.32,145.62,235.39,1,-1,-1,-1
107,17,735.05,617.88,619.57,465.26,1,-1,-1,-1
107,18,1267.03,147.37,263.34,198.84,1,-1,-1,-1
107,19,913.66,141.55,153.72,120.48,1,-1,-1,-1
108,3,1012.99,113.41,186.38,158.15,1,-1,-1,-1
108,10,240.78,135.76,276.76,220.53,1,-1,-1,-1
108,15,1696.61,212.04,157.62,233.96,1,-1,-1,-1
108,17,763.62,634.84,617.31,446.28,1,-1,-1,-1
108,18,1257.02,145.48,262.03,197.73,1,-1,-1,-1
108,19,915.34,140.99,151.60,120.94,1,-1,-1,-1
109,3,1011.31,114.38,184.87,157.94,1,-1,-1,-1
109,10,242.22,138.28,278.65,222.46,1,-1,-1,-1
109,15,1684.29,209.69,168.91,232.07,1,-1,-1,-1
109,17,791.68,655.39,613.94,424.69,1,-1,-1,-1
109,18,1247.52,143.48,261.26,197.38,1,-1,-1,-1
109,19,914.24,140.43,152.05,121.30,1,-1,-1,-1
110,3,1009.61,114.75,181.28,155.88,1,-1,-1,-1
110,10,243.34,140.51,280.15,223.76,1,-1,-1,-1
110,15,1666.25,207.01,179.26,230.02,1,-1,-1,-1
110,17,816.18,674.46,615.51,406.36,1,-1,-1,-1
110,18,1241.75,142.77,256.26,193.98,1,-1,-1,-1
111,3,987.81,114.90,185.12,155.79,1,-1,-1,-1
111,10,244.19,142.62,283.10,226.11,1,-1,-1,-1
111,15,1648.30,203.53,187.44,227.26,1,-1,-1,-1
111,17,852.95,699.18,607.60,379.59,1,-1,-1,-1
111,18,1234.97,143.90,252.49,191.43,1,-1,-1,-1
112,3,978.35,114.96,188.77,155.77,1,-1,-1,-1
112,10,244.53,143.38,284.12,226.93,1,-1,-1,-1
112,15,1639.17,202.41,196.00,226.24,1,-1,-1,-1
112,17,855.75,707.03,622.64,370.79,1,-1,-1,-1
112,18,1232.94,144.36,250.97,190.55,1,-1,-1,-1
113,3,973.98,114.98,192.11,155.78,1,-1,-1,-1
113,10,244.69,143.62,284.40,227.14,1,-1,-1,-1
113,15,1633.56,202.16,204.26,225.88,1,-1,-1,-1
113,17,847.38,709.13,644.77,368.25,1,-1,-1,-1
113,18,1232.61,144.56,250.31,190.30,1,-1,-1,-1
113,20,1885.07,315.78,33.87,193.22,1,-1,-1,-1
114,3,971.63,114.99,195.14,155.80,1,-1,-1,-1
114,10,244.76,143.66,284.39,227.14,1,-1,-1,-1
114,15,1629.46,202.21,211.95,225.77,1,-1,-1,-1
114,17,835.87,709.29,668.07,367.84,1,-1,-1,-1
114,18,1232.88,144.66,249.96,190.26,1,-1,-1,-1
114,20,1885.08,316.02,33.83,192.98,1,-1,-1,-1
115,3,970.10,114.99,197.89,155.82,1,-1,-1,-1
115,10,244.81,143.63,284.29,227.06,1,-1,-1,-1
115,15,1626.11,202.36,219.03,225.75,1,-1,-1,-1
115,17,823.97,708.82,690.48,368.14,1,-1,-1,-1
115,18,1233.34,144.72,249.75,190.31,1,-1,-1,-1
115,20,1885.02,315.34,33.95,193.66,1,-1,-1,-1
116,3,968.95,114.99,200.38,155.84,1,-1,-1,-1
116,10,245.19,143.57,283.46,226.30,1,-1,-1,-1
116,15,1623.20,202.54,225.49,225.76,1,-1,-1,-1
116,17,812.65,708.19,711.31,368.63,1,-1,-1,-1
116,18,1233.44,144.76,249.68,190.37,1,-1,-1,-1
116,20,1885.12,316.54,33.76,192.47,1,-1,-1,-1
117,3,967.99,114.99,202.63,155.86,1,-1,-1,-1
117,10,245.31,143.51,283.13,225.94,1,-1,-1,-1
117,15,1620.59,202.71,231.37,225.78,1,-1,-1,-1
117,17,802.24,707.57,730.40,369.14,1,-1,-1,-1
117,18,1233.72,144.79,249.63,190.44,1,-1,-1,-1
117,20,1885.09,316.25,33.82,192.75,1,-1,-1,-1
118,3,967.15,115.00,204.67,155.88,1,-1,-1,-1
118,10,245.34,143.45,282.99,225.75,1,-1,-1,-1
118,15,1618.24,202.86,236.71,225.81,1,-1,-1,-1
118,17,792.76,707.01,747.77,369.61,1,-1,-1,-1
118,18,1234.05,144.82,249.59,190.51,1,-1,-1,-1
118,20,1885.08,316.13,33.85,192.87,1,-1,-1,-1
119,3,966.40,115.00,206.52,155.89,1,-1,-1,-1
119,10,245.33,143.40,282.93,225.63,1,-1,-1,-1
119,15,1616.10,202.99,241.56,225.83,1,-1,-1,-1
119,17,784.17,706.52,763.55,370.03,1,-1,-1,-1
119,18,1234.37,144.84,249.55,190.57,1,-1,-1,-1
119,20,1885.01,315.40,33.97,193.60,1,-1,-1,-1
120,3,965.72,115.00,208.18,155.91,1,-1,-1,-1
120,10,245.31,143.35,282.91,225.55,1,-1,-1,-1
120,15,1614.15,203.11,245.96,225.85,1,-1,-1,-1
120,17,776.41,706.09,777.86,370.39,1,-1,-1,-1
120,18,1234.67,144.86,249.51,190.62,1,-1,-1,-1
120,20,1884.99,315.13,34.02,193.87,1,-1,-1,-1
121,3,965.86,115.00,209.50,155.92,1,-1,-1,-1
121,10,245.28,143.31,282.90,225.48,1,-1,-1,-1
121,15,1612.10,203.22,249.85,225.87,1,-1,-1,-1
121,17,770.00,706.38,789.63,370.04,1,-1,-1,-1
121,18,1234.18,144.21,250.31,191.33,1,-1,-1,-1
121,20,1885.46,318.39,33.75,192.63,1,-1,-1,-1
122,3,950.74,122.27,197.53,146.01,1,-1,-1,-1
122,10,255.15,163.73,313.91,251.15,1,-1,-1,-1
122,15,1642.89,198.68,276.38,255.65,1,-1,-1,-1
122,17,780.27,710.87,781.51,366.23,1,-1,-1,-1
122,18,1182.85,140.68,238.79,182.36,1,-1,-1,-1
122,20,1885.52,318.79,33.72,192.50,1,-1,-1,-1
123,3,939.97,125.06,192.88,140.86,1,-1,-1,-1
123,10,260.39,172.47,327.71,263.09,1,-1,-1,-1
123,15,1652.61,195.77,281.38,264.58,1,-1,-1,-1
123,18,1160.94,137.99,233.95,178.96,1,-1,-1,-1
124,3,933.59,126.71,191.78,138.38,1,-1,-1,-1
124,10,263.55,177.18,337.35,271.61,1,-1,-1,-1
124,15,1653.94,192.73,280.81,266.81,1,-1,-1,-1
124,18,1149.52,137.04,229.69,175.76,1,-1,-1,-1
124,21,577.64,209.41,223.04,49.91,1,-1,-1,-1
124,23,1460.22,178.39,256.00,199.20,1,-1,-1,-1
124,24,203.08,115.60,205.86,137.14,1,-1,-1,-1
125,3,933.25,129.29,190.52,136.20,1,-1,-1,-1
125,10,267.05,183.41,341.52,275.47,1,-1,-1,-1
125,15,1650.56,190.95,274.54,260.43,1,-1,-1,-1
125,18,1142.06,137.40,226.76,173.31,1,-1,-1,-1
125,21,555.49,207.47,229.00,51.48,1,-1,-1,-1
125,23,1449.93,177.05,252.96,196.63,1,-1,-1,-1
125,24,201.05,113.93,211.45,141.24,1,-1,-1,-1
126,3,932.14,129.52,191.09,135.47,1,-1,-1,-1
126,10,269.65,189.60,345.53,279.39,1,-1,-1,-1
126,15,1640.74,189.04,276.32,260.40,1,-1,-1,-1
126,18,1133.80,135.55,228.19,174.49,1,-1,-1,-1
126,21,526.73,203.31,242.51,55.04,1,-1,-1,-1
126,23,1439.12,175.95,249.16,193.62,1,-1,-1,-1
126,24,202.25,111.32,211.72,141.79,1,-1,-1,-1
127,3,931.04,129.55,192.35,135.27,1,-1,-1,-1
127,10,270.84,191.88,346.45,280.76,1,-1,-1,-1
127,15,1636.54,188.37,277.87,260.31,1,-1,-1,-1
127,18,1131.12,134.89,228.73,174.99,1,-1,-1,-1
127,21,517.62,201.79,245.13,56.24,1,-1,-1,-1
127,23,1435.92,175.65,248.06,192.69,1,-1,-1,-1
127,24,202.97,110.50,211.18,141.83,1,-1,-1,-1
128,3,930.63,129.52,193.82,135.26,1,-1,-1,-1
128,10,272.05,192.63,345.62,280.47,1,-1,-1,-1
128,15,1634.51,188.18,279.22,260.19,1,-1,-1,-1
128,18,1130.51,134.68,228.95,175.23,1,-1,-1,-1
128,21,514.85,201.30,246.11,57.16,1,-1,-1,-1
128,23,1435.16,175.61,247.84,192.46,1,-1,-1,-1
128,24,203.01,110.31,211.36,142.44,1,-1,-1,-1
129,3,929.89,129.47,195.14,135.32,1,-1,-1,-1
129,10,271.97,192.77,345.44,280.86,1,-1,-1,-1
129,15,1633.36,188.18,280.43,260.06,1,-1,-1,-1
129,18,1130.64,134.64,229.04,175.37,1,-1,-1,-1
129,21,516.97,201.20,241.31,56.72,1,-1,-1,-1
129,23,1435.16,175.64,247.92,192.44,1,-1,-1,-1
129,24,203.30,110.32,210.82,142.59,1,-1,-1,-1
130,3,931.17,129.42,196.09,135.39,1,-1,-1,-1
130,10,272.05,192.71,344.86,280.87,1,-1,-1,-1
130,15,1632.22,188.23,281.62,259.94,1,-1,-1,-1
130,18,1131.00,134.65,229.08,175.47,1,-1,-1,-1
130,21,519.58,201.24,237.05,56.40,1,-1,-1,-1
130,23,1435.38,175.68,248.08,192.49,1,-1,-1,-1
130,24,204.12,110.39,209.15,141.91,1,-1,-1,-1
131,3,933.05,130.03,195.84,134.79,1,-1,-1,-1
131,10,272.81,192.57,343.58,280.09,1,-1,-1,-1
131,15,1631.83,188.31,282.59,259.84,1,-1,-1,-1
131,18,1131.42,134.68,229.10,175.54,1,-1,-1,-1
131,21,516.69,201.32,248.00,60.13,1,-1,-1,-1
131,23,1435.63,175.72,248.25,192.56,1,-1,-1,-1
131,24,205.10,111.14,207.16,140.92,1,-1,-1,-1
132,3,931.41,134.90,189.97,129.95,1,-1,-1,-1
132,10,285.27,209.45,364.40,297.37,1,-1,-1,-1
132,15,1597.70,177.19,277.83,252.50,1,-1,-1,-1
132,18,1111.00,132.72,220.37,168.97,1,-1,-1,-1
132,21,456.32,191.76,262.71,65.99,1,-1,-1,-1
132,23,1398.35,171.04,245.18,190.59,1,-1,-1,-1
132,24,203.81,104.07,219.09,149.93,1,-1,-1,-1
133,3,931.10,136.02,190.02,128.85,1,-1,-1,-1
133,10,292.13,218.93,374.11,305.72,1,-1,-1,-1
133,15,1574.72,171.67,275.89,247.63,1,-1,-1,-1
133,18,1100.11,130.66,217.22,166.52,1,-1,-1,-1
133,21,421.98,185.50,269.82,70.13,1,-1,-1,-1
133,23,1379.15,167.30,243.01,189.22,1,-1,-1,-1
133,24,203.21,100.85,224.36,154.50,1,-1,-1,-1
134,3,928.24,138.40,185.62,125.82,1,-1,-1,-1
134,10,298.93,224.46,380.35,310.78,1,-1,-1,-1
134,15,1556.97,170.37,273.23,241.81,1,-1,-1,-1
134,18,1091.96,129.94,214.93,165.00,1,-1,-1,-1
134,21,392.00,180.50,286.00,77.38,1,-1,-1,-1
134,23,1366.14,166.64,239.33,186.74,1,-1,-1,-1
134,24,203.55,100.32,226.48,156.87,1,-1,-1,-1
135,3,928.12,139.90,183.64,124.08,1,-1,-1,-1
135,10,303.01,229.68,389.23,317.76,1,-1,-1,-1
135,15,1542.47,169.32,273.10,238.98,1,-1,-1,-1
135,18,1086.64,129.70,213.35,163.83,1,-1,-1,-1
135,21,381.16,177.31,270.88,76.52,1,-1,-1,-1
135,23,1356.65,167.13,236.07,184.52,1,-1,-1,-1
135,24,203.67,100.83,227.25,158.35,1,-1,-1,-1
136,3,925.23,140.40,184.07,124.18,1,-1,-1,-1
136,10,306.23,231.55,397.36,324.18,1,-1,-1,-1
136,15,1532.37,166.35,274.42,237.97,1,-1,-1,-1
136,18,1082.20,128.98,212.33,163.45,1,-1,-1,-1
136,21,385.93,174.20,248.89,72.77,1,-1,-1,-1
136,23,1348.87,165.35,233.55,182.40,1,-1,-1,-1
136,24,203.09,100.45,229.38,160.80,1,-1,-1,-1
137,3,923.27,141.21,186.16,125.61,1,-1,-1,-1
137,10,309.37,234.70,403.45,329.09,1,-1,-1,-1
137,15,1522.11,164.00,275.24,236.97,1,-1,-1,-1
137,18,1076.76,128.74,210.16,162.04,1,-1,-1,-1
137,21,391.41,171.80,231.32,69.80,1,-1,-1,-1
137,23,1341.73,165.40,231.30,180.33,1,-1,-1,-1
137,24,203.15,101.00,230.21,162.32,1,-1,-1,-1
138,3,921.72,143.46,182.77,123.52,1,-1,-1,-1
138,10,311.00,238.36,412.29,336.63,1,-1,-1,-1
138,15,1508.92,162.55,275.60,235.31,1,-1,-1,-1
138,18,1072.32,128.68,208.13,160.90,1,-1,-1,-1
138,21,385.66,169.68,237.49,74.51,1,-1,-1,-1
138,23,1332.05,164.80,229.30,178.95,1,-1,-1,-1
138,24,203.43,101.91,230.59,163.48,1,-1,-1,-1
139,3,921.51,144.25,180.93,122.12,1,-1,-1,-1
139,10,312.84,242.86,421.92,345.20,1,-1,-1,-1
139,15,1496.81,161.44,274.80,232.73,1,-1,-1,-1
139,18,1067.93,128.02,206.79,159.86,1,-1,-1,-1
139,21,381.41,167.64,240.96,78.78,1,-1,-1,-1
139,23,1320.66,163.28,228.24,178.50,1,-1,-1,-1
139,24,202.20,101.65,234.01,167.11,1,-1,-1,-1
140,3,920.18,145.16,180.25,121.64,1,-1,-1,-1
140,10,315.76,248.98,429.21,351.57,1,-1,-1,-1
140,15,1485.28,159.11,275.91,231.81,1,-1,-1,-1
140,18,1069.50,127.80,205.12,159.52,1,-1,-1,-1
140,21,373.34,165.01,257.13,88.02,1,-1,-1,-1
140,23,1311.86,162.75,226.45,177.05,1,-1,-1,-1
140,24,203.03,102.88,235.25,169.09,1,-1,-1,-1
141,3,919.62,146.12,178.29,120.18,1,-1,-1,-1
141,10,318.98,254.44,435.19,356.44,1,-1,-1,-1
141,15,1475.60,157.66,276.50,231.52,1,-1,-1,-1
141,18,1063.72,127.07,205.12,160.11,1,-1,-1,-1
141,21,375.74,161.53,256.34,91.62,1,-1,-1,-1
141,23,1304.18,162.60,225.42,175.90,1,-1,-1,-1
141,24,205.29,105.99,234.40,169.12,1,-1,-1,-1
142,3,917.92,147.10,178.02,120.35,1,-1,-1,-1
142,10,319.36,260.29,445.27,365.25,1,-1,-1,-1
142,15,1463.26,155.87,276.30,230.13,1,-1,-1,-1
142,18,1062.67,128.81,200.70,157.72,1,-1,-1,-1
142,21,379.99,159.57,251.11,93.62,1,-1,-1,-1
142,23,1294.57,162.58,222.69,172.85,1,-1,-1,-1
142,24,206.58,107.22,235.13,170.36,1,-1,-1,-1
143,3,918.31,148.08,174.04,117.79,1,-1,-1,-1
143,10,318.79,268.21,457.31,376.21,1,-1,-1,-1
143,15,1451.18,154.61,274.62,227.65,1,-1,-1,-1
143,18,1054.81,126.83,201.16,158.86,1,-1,-1,-1
143,21,382.62,155.71,249.17,96.85,1,-1,-1,-1
143,23,1287.97,161.94,219.85,170.43,1,-1,-1,-1
143,24,207.78,107.69,236.52,172.07,1,-1,-1,-1
144,3,916.30,149.74,170.99,116.20,1,-1,-1,-1
144,10,322.57,277.56,463.24,381.57,1,-1,-1,-1
144,15,1442.97,153.56,272.85,224.78,1,-1,-1,-1
144,18,1047.67,126.10,200.25,158.00,1,-1,-1,-1
144,21,388.39,153.63,242.56,98.04,1,-1,-1,-1
144,23,1280.84,161.73,218.29,168.93,1,-1,-1,-1
144,24,209.85,110.49,234.43,170.70,1,-1,-1,-1
145,3,916.03,150.31,170.42,116.33,1,-1,-1,-1
145,10,323.84,281.04,464.87,383.43,1,-1,-1,-1
145,15,1439.85,153.25,273.15,223.76,1,-1,-1,-1
145,18,1045.54,125.85,199.95,157.71,1,-1,-1,-1
145,21,392.95,152.26,236.00,99.04,1,-1,-1,-1
145,23,1278.45,161.68,217.99,168.44,1,-1,-1,-1
145,24,210.32,110.91,234.17,170.75,1,-1,-1,-1
146,3,916.22,150.47,169.11,115.76,1,-1,-1,-1
146,10,324.41,282.19,464.89,383.91,1,-1,-1,-1
146,15,1438.63,153.20,274.14,223.44,1,-1,-1,-1
146,18,1044.93,125.78,199.92,157.63,1,-1,-1,-1
146,21,397.46,151.81,228.46,99.33,1,-1,-1,-1
146,23,1277.80,161.69,218.14,168.32,1,-1,-1,-1
146,24,210.58,111.06,233.83,170.72,1,-1,-1,-1
147,3,916.42,150.49,169.18,116.25,1,-1,-1,-1
147,10,324.69,282.44,464.33,383.88,1,-1,-1,-1
147,15,1438.12,153.24,275.31,223.37,1,-1,-1,-1
147,18,1044.89,125.77,199.98,157.63,1,-1,-1,-1
147,21,401.69,151.73,221.02,99.35,1,-1,-1,-1
147,23,1278.06,161.72,218.53,168.33,1,-1,-1,-1
147,24,210.75,111.11,233.48,170.66,1,-1,-1,-1
148,3,916.71,150.46,168.90,116.47,1,-1,-1,-1
148,10,324.85,282.36,463.62,383.68,1,-1,-1,-1
148,15,1437.88,153.31,276.48,223.40,1,-1,-1,-1
148,18,1045.03,125.78,200.06,157.66,1,-1,-1,-1
148,21,405.58,151.79,214.05,99.27,1,-1,-1,-1
148,23,1278.32,161.75,218.94,168.38,1,-1,-1,-1
148,24,210.50,110.46,233.91,171.25,1,-1,-1,-1
149,3,916.63,150.42,168.63,116.58,1,-1,-1,-1
149,10,324.97,282.17,462.89,383.42,1,-1,-1,-1
149,15,1437.74,153.39,277.57,223.45,1,-1,-1,-1
149,18,1045.23,125.80,200.15,157.69,1,-1,-1,-1
149,21,409.72,152.54,206.43,98.50,1,-1,-1,-1
149,23,1278.56,161.78,219.33,168.45,1,-1,-1,-1
149,24,210.50,110.20,233.82,171.43,1,-1,-1,-1
150,3,916.75,150.37,168.33,116.65,1,-1,-1,-1
150,10,325.06,281.95,462.19,383.16,1,-1,-1,-1
150,15,1437.63,153.46,278.57,223.51,1,-1,-1,-1
150,18,1045.43,125.83,200.24,157.73,1,-1,-1,-1
150,21,412.52,152.25,201.45,98.78,1,-1,-1,-1
150,23,1278.77,161.80,219.69,168.51,1,-1,-1,-1
150,24,210.58,110.10,233.56,171.46,1,-1,-1,-1
151,3,917.71,150.33,167.12,116.04,1,-1,-1,-1
151,10,325.42,281.74,461.65,382.92,1,-1,-1,-1
151,15,1437.18,153.52,280.19,224.23,1,-1,-1,-1
151,18,1045.23,125.85,200.41,157.76,1,-1,-1,-1
151,21,414.87,152.20,196.59,98.83,1,-1,-1,-1
151,23,1279.32,161.83,219.27,167.90,1,-1,-1,-1
151,24,211.46,110.72,232.39,170.78,1,-1,-1,-1
152,3,915.08,155.60,153.49,107.86,1,-1,-1,-1
152,10,350.55,326.23,518.97,431.33,1,-1,-1,-1
152,15,1388.59,149.61,270.82,216.59,1,-1,-1,-1
152,18,1023.40,123.88,195.92,154.48,1,-1,-1,-1
152,21,422.23,142.43,210.21,108.60,1,-1,-1,-1
152,23,1240.07,155.87,212.09,162.40,1,-1,-1,-1
152,24,217.22,114.25,243.48,179.07,1,-1,-1,-1
153,3,914.50,158.26,144.83,103.41,1,-1,-1,-1
153,10,364.46,350.11,545.11,453.51,1,-1,-1,-1
153,15,1368.35,147.49,267.25,213.04,1,-1,-1,-1
153,18,1014.84,123.15,191.77,151.92,1,-1,-1,-1
153,21,427.83,138.80,214.01,113.49,1,-1,-1,-1
153,23,1217.12,153.64,211.97,163.05,1,-1,-1,-1
153,24,219.58,115.56,249.08,183.44,1,-1,-1,-1
154,3,913.65,159.85,139.76,101.89,1,-1,-1,-1
154,10,376.22,363.40,562.66,468.61,1,-1,-1,-1
154,15,1350.00,146.75,265.73,211.13,1,-1,-1,-1
154,18,1010.18,122.89,189.60,151.00,1,-1,-1,-1
154,21,432.42,136.78,213.58,116.02,1,-1,-1,-1
154,23,1205.59,152.86,206.81,159.33,1,-1,-1,-1
154,24,221.28,117.35,254.12,187.68,1,-1,-1,-1
155,3,914.96,160.37,134.89,100.72,1,-1,-1,-1
155,10,384.30,376.67,581.92,485.78,1,-1,-1,-1
155,15,1335.17,145.86,265.44,210.48,1,-1,-1,-1
155,18,1007.31,121.48,189.49,151.36,1,-1,-1,-1
155,21,438.05,136.07,211.62,117.57,1,-1,-1,-1
155,23,1195.44,151.27,203.36,157.31,1,-1,-1,-1
155,24,223.30,118.02,256.44,189.90,1,-1,-1,-1
156,3,916.95,161.18,129.60,99.02,1,-1,-1,-1
156,10,396.50,389.26,592.42,495.42,1,-1,-1,-1
156,15,1326.98,144.90,264.30,209.64,1,-1,-1,-1
156,18,1006.16,120.97,187.39,150.20,1,-1,-1,-1
156,21,443.34,135.88,208.55,118.08,1,-1,-1,-1
156,23,1188.56,150.06,201.82,155.95,1,-1,-1,-1
156,24,225.24,118.25,258.76,191.99,1,-1,-1,-1
157,3,919.78,161.43,126.35,98.47,1,-1,-1,-1
157,10,404.30,399.66,608.38,510.39,1,-1,-1,-1
157,15,1319.10,144.59,261.18,207.39,1,-1,-1,-1
157,18,1004.29,120.81,185.92,149.79,1,-1,-1,-1
157,21,448.11,135.24,207.10,119.48,1,-1,-1,-1
157,23,1182.20,149.65,199.67,154.17,1,-1,-1,-1
157,24,226.91,118.97,260.23,193.37,1,-1,-1,-1
158,3,921.50,162.83,122.59,96.98,1,-1,-1,-1
158,10,418.27,414.93,614.39,515.29,1,-1,-1,-1
158,15,1310.35,143.86,258.60,205.27,1,-1,-1,-1
158,18,1003.76,122.09,182.78,147.68,1,-1,-1,-1
158,21,452.54,133.76,207.14,121.89,1,-1,-1,-1
158,23,1177.32,148.87,200.07,154.23,1,-1,-1,-1
158,24,229.29,119.87,263.02,195.78,1,-1,-1,-1
159,3,923.95,164.64,117.72,94.47,1,-1,-1,-1
159,10,423.81,426.38,635.07,533.55,1,-1,-1,-1
159,15,1300.54,142.29,257.66,204.55,1,-1,-1,-1
159,18,1001.07,121.93,182.98,148.25,1,-1,-1,-1
159,21,460.37,135.19,203.24,121.46,1,-1,-1,-1
159,23,1168.81,149.29,199.69,154.31,1,-1,-1,-1
159,24,229.63,120.85,265.71,198.59,1,-1,-1,-1
160,3,925.89,165.94,114.65,93.62,1,-1,-1,-1
160,10,426.36,436.93,662.04,558.23,1,-1,-1,-1
160,15,1290.72,139.74,257.19,204.34,1,-1,-1,-1
160,18,999.75,122.54,182.01,147.83,1,-1,-1,-1
160,21,464.81,135.18,202.75,123.15,1,-1,-1,-1
160,23,1159.54,148.15,199.81,155.05,1,-1,-1,-1
160,24,230.91,119.90,271.41,203.50,1,-1,-1,-1
161,3,928.01,168.39,110.11,91.35,1,-1,-1,-1
161,10,433.78,450.31,676.20,571.42,1,-1,-1,-1
161,15,1283.13,138.84,255.79,203.65,1,-1,-1,-1
161,18,996.93,123.45,179.99,147.04,1,-1,-1,-1
161,21,468.51,134.57,204.28,126.33,1,-1,-1,-1
161,23,1154.13,147.76,197.80,154.04,1,-1,-1,-1
161,24,235.68,121.45,272.67,204.67,1,-1,-1,-1
162,3,929.55,169.24,107.70,90.59,1,-1,-1,-1
162,10,436.88,455.25,680.54,576.20,1,-1,-1,-1
162,15,1280.84,138.54,255.04,203.45,1,-1,-1,-1
162,18,996.29,123.80,178.72,146.77,1,-1,-1,-1
162,21,470.92,134.38,202.79,127.50,1,-1,-1,-1
162,23,1152.64,147.65,196.72,153.70,1,-1,-1,-1
162,24,237.56,122.04,272.88,205.02,1,-1,-1,-1
163,3,929.69,170.52,105.88,89.06,1,-1,-1,-1
163,10,438.21,456.78,681.00,577.63,1,-1,-1,-1
163,15,1280.49,138.48,254.56,203.42,1,-1,-1,-1
163,18,996.81,123.93,177.68,146.70,1,-1,-1,-1
163,21,472.72,134.36,200.31,127.87,1,-1,-1,-1
163,23,1153.87,147.63,194.76,152.28,1,-1,-1,-1
163,24,238.30,122.23,272.71,205.08,1,-1,-1,-1
164,10,438.82,457.01,680.06,577.75,1,-1,-1,-1
164,15,1280.82,138.50,254.20,203.46,1,-1,-1,-1
164,18,997.66,123.98,176.91,146.70,1,-1,-1,-1
164,21,474.19,134.39,197.64,127.94,1,-1,-1,-1
164,23,1153.37,147.66,195.26,153.12,1,-1,-1,-1
164,24,238.59,122.29,272.42,205.02,1,-1,-1,-1
165,10,439.14,456.75,678.67,577.42,1,-1,-1,-1
165,15,1281.36,138.54,253.90,203.51,1,-1,-1,-1
165,18,998.01,124.00,176.15,146.72,1,-1,-1,-1
165,21,475.45,134.45,195.06,127.90,1,-1,-1,-1
165,23,1153.56,147.69,195.19,153.46,1,-1,-1,-1
165,24,238.71,122.29,272.10,204.93,1,-1,-1,-1
166,10,439.34,456.34,677.20,576.93,1,-1,-1,-1
166,15,1281.94,138.59,253.63,203.56,1,-1,-1,-1
166,18,998.00,124.00,176.34,147.41,1,-1,-1,-1
166,21,476.57,134.51,192.67,127.82,1,-1,-1,-1
166,23,1153.99,147.72,194.92,153.61,1,-1,-1,-1
166,24,238.76,122.26,271.79,204.83,1,-1,-1,-1
167,10,439.48,455.90,675.80,576.43,1,-1,-1,-1
167,15,1282.48,138.64,253.40,203.61,1,-1,-1,-1
167,18,998.63,124.00,176.00,147.68,1,-1,-1,-1
167,21,477.57,134.56,190.49,127.74,1,-1,-1,-1
167,23,1154.47,147.76,194.60,153.69,1,-1,-1,-1
167,24,238.79,122.24,271.51,204.74,1,-1,-1,-1
168,10,439.60,455.48,674.50,575.94,1,-1,-1,-1
168,15,1282.97,138.68,253.18,203.66,1,-1,-1,-1
168,18,998.74,124.00,175.63,147.80,1,-1,-1,-1
168,21,478.47,134.61,188.51,127.65,1,-1,-1,-1
168,23,1154.94,147.78,194.29,153.74,1,-1,-1,-1
168,24,238.80,122.21,271.25,204.66,1,-1,-1,-1
168,25,937.00,169.00,94.00,91.00,1,-1,-1,-1
169,10,439.70,455.09,673.31,575.50,1,-1,-1,-1
169,15,1283.41,138.72,252.99,203.70,1,-1,-1,-1
169,18,999.08,124.00,175.04,147.85,1,-1,-1,-1
169,21,479.53,134.00,187.55,128.24,1,-1,-1,-1
169,23,1156.65,147.81,192.75,152.46,1,-1,-1,-1
169,24,239.09,122.19,271.11,204.58,1,-1,-1,-1
169,25,937.00,169.00,94.00,91.00,1,-1,-1,-1
170,10,439.79,454.73,672.24,575.10,1,-1,-1,-1
170,15,1283.81,138.75,252.81,203.73,1,-1,-1,-1
170,18,999.44,124.00,174.48,147.88,1,-1,-1,-1
170,21,480.02,133.79,186.27,128.42,1,-1,-1,-1
170,23,1157.42,147.83,192.23,151.99,1,-1,-1,-1
170,24,239.18,122.17,270.99,204.51,1,-1,-1,-1
171,10,439.88,454.42,671.28,574.74,1,-1,-1,-1
171,15,1284.16,138.78,252.65,203.77,1,-1,-1,-1
171,18,999.78,124.00,173.97,147.90,1,-1,-1,-1
171,21,480.60,133.73,184.91,128.45,1,-1,-1,-1
171,23,1157.80,147.85,192.11,151.83,1,-1,-1,-1
171,24,239.20,122.15,270.88,204.45,1,-1,-1,-1
172,10,646.59,587.02,599.24,475.74,1,-1,-1,-1
172,15,1234.15,137.48,240.04,193.21,1,-1,-1,-1
172,18,983.04,130.61,162.01,137.34,1,-1,-1,-1
172,21,511.81,144.92,190.10,132.38,1,-1,-1,-1
172,23,1118.32,141.24,186.04,147.15,1,-1,-1,-1
172,24,250.74,133.34,297.80,225.50,1,-1,-1,-1
173,10,752.69,658.24,569.76,418.50,1,-1,-1,-1
173,15,1210.77,136.33,235.39,189.20,1,-1,-1,-1
173,18,956.44,133.84,160.42,131.93,1,-1,-1,-1
173,21,524.83,147.83,195.95,137.09,1,-1,-1,-1
173,23,1100.84,137.41,184.38,145.40,1,-1,-1,-1
173,24,256.28,139.36,308.91,234.51,1,-1,-1,-1
174,10,806.91,702.32,561.52,379.96,1,-1,-1,-1
174,15,1197.13,135.93,233.29,187.81,1,-1,-1,-1
174,18,955.08,135.64,158.85,129.36,1,-1,-1,-1
174,21,532.48,147.64,199.75,140.80,1,-1,-1,-1
174,23,1090.97,136.71,182.51,144.13,1,-1,-1,-1
174,24,261.03,143.01,316.36,240.58,1,-1,-1,-1
175,10,843.67,732.86,566.04,351.43,1,-1,-1,-1
175,15,1188.29,135.14,232.31,187.36,1,-1,-1,-1
175,18,945.53,136.92,159.95,127.16,1,-1,-1,-1
175,21,538.88,147.53,201.72,143.48,1,-1,-1,-1
175,23,1085.57,137.17,177.92,140.35,1,-1,-1,-1
175,24,264.29,145.66,320.71,244.77,1,-1,-1,-1
176,10,878.07,753.79,577.15,328.48,1,-1,-1,-1
176,15,1180.70,134.86,230.09,185.92,1,-1,-1,-1
176,18,940.55,136.67,161.81,126.43,1,-1,-1,-1
176,21,545.28,147.46,202.02,145.11,1,-1,-1,-1
176,23,1082.84,136.05,177.10,139.67,1,-1,-1,-1
176,24,266.18,147.92,324.71,248.85,1,-1,-1,-1
177,10,931.75,787.38,569.69,294.51,1,-1,-1,-1
177,15,1176.40,132.77,228.45,185.45,1,-1,-1,-1
177,18,939.69,137.88,162.38,125.56,1,-1,-1,-1
177,21,551.61,148.05,201.77,146.32,1,-1,-1,-1
177,23,1080.88,136.34,177.97,140.80,1,-1,-1,-1
177,24,268.69,151.30,327.53,252.24,1,-1,-1,-1
178,10,986.36,822.47,555.72,258.07,1,-1,-1,-1
178,15,1172.55,132.02,225.84,184.01,1,-1,-1,-1
178,18,942.10,138.96,163.66,125.98,1,-1,-1,-1
178,21,555.19,148.90,202.20,148.03,1,-1,-1,-1
178,23,1074.05,136.49,175.73,139.93,1,-1,-1,-1
178,24,275.20,153.84,332.10,256.01,1,-1,-1,-1
178,26,1406.66,189.80,68.62,57.18,1,-1,-1,-1
179,10,986.73,857.21,525.97,222.53,1,-1,-1,-1
179,15,1168.72,131.10,223.80,182.86,1,-1,-1,-1
179,18,944.26,139.32,162.63,125.53,1,-1,-1,-1
179,21,559.88,150.51,200.51,147.97,1,-1,-1,-1
179,23,1070.16,136.58,173.50,139.65,1,-1,-1,-1
179,24,279.45,156.68,338.49,261.23,1,-1,-1,-1
179,26,1407.91,190.32,67.79,56.48,1,-1,-1,-1
180,10,1058.61,893.27,497.48,192.82,1,-1,-1,-1
180,15,1166.34,130.79,221.70,181.82,1,-1,-1,-1
180,18,943.98,140.08,162.08,125.42,1,-1,-1,-1
180,21,562.00,152.41,200.07,148.53,1,-1,-1,-1
180,23,1067.67,135.31,172.61,140.25,1,-1,-1,-1
180,24,281.59,160.29,342.23,264.41,1,-1,-1,-1
181,10,1134.18,929.62,453.91,157.31,1,-1,-1,-1
181,15,1160.75,130.70,221.02,181.48,1,-1,-1,-1
181,18,942.65,139.66,161.92,125.43,1,-1,-1,-1
181,21,567.63,153.10,200.33,149.35,1,-1,-1,-1
181,23,1062.74,134.86,172.17,139.84,1,-1,-1,-1
181,24,282.58,164.85,346.87,268.74,1,-1,-1,-1
181,27,786.90,185.63,152.36,72.33,1,-1,-1,-1
182,10,1221.83,968.49,390.38,116.73,1,-1,-1,-1
182,15,1157.44,131.36,219.20,180.08,1,-1,-1,-1
182,18,939.53,140.14,161.37,124.80,1,-1,-1,-1
182,21,571.42,156.61,198.71,148.30,1,-1,-1,-1
182,23,1057.05,134.72,172.21,140.38,1,-1,-1,-1
182,24,283.27,168.47,350.93,272.87,1,-1,-1,-1
182,27,775.44,179.63,163.34,76.76,1,-1,-1,-1
183,10,1318.17,1006.37,320.57,78.96,1,-1,-1,-1
183,15,1153.01,130.30,218.90,179.61,1,-1,-1,-1
183,18,934.47,140.95,159.20,123.28,1,-1,-1,-1
183,21,579.14,156.60,198.92,149.81,1,-1,-1,-1
183,23,1054.56,134.69,169.45,138.62,1,-1,-1,-1
183,24,288.63,172.37,356.22,276.93,1,-1,-1,-1
183,27,762.55,176.97,167.36,78.65,1,-1,-1,-1
184,10,1435.38,1041.63,183.55,45.21,1,-1,-1,-1
184,15,1148.37,130.58,218.01,178.81,1,-1,-1,-1
184,18,932.34,141.23,158.44,122.75,1,-1,-1,-1
184,21,583.62,157.87,199.48,151.65,1,-1,-1,-1
184,23,1050.54,134.71,167.78,138.64,1,-1,-1,-1
184,24,292.33,175.72,361.16,280.95,1,-1,-1,-1
185,15,1144.12,129.38,217.30,178.56,1,-1,-1,-1
185,18,929.86,142.64,157.14,121.93,1,-1,-1,-1
185,21,582.03,157.67,202.63,154.93,1,-1,-1,-1
185,23,1048.62,134.07,165.78,138.01,1,-1,-1,-1
185,24,293.65,178.87,368.13,286.91,1,-1,-1,-1
186,15,1139.05,127.62,215.90,177.84,1,-1,-1,-1
186,18,928.79,143.80,155.20,120.32,1,-1,-1,-1
186,21,583.09,158.20,205.37,157.44,1,-1,-1,-1
186,23,1046.07,133.19,164.50,137.80,1,-1,-1,-1
186,24,293.14,183.87,373.17,292.31,1,-1,-1,-1
187,15,1135.09,126.98,214.04,176.29,1,-1,-1,-1
187,18,927.88,144.87,153.76,119.10,1,-1,-1,-1
187,21,572.40,162.28,208.74,158.36,1,-1,-1,-1
187,23,1041.61,132.88,162.15,136.41,1,-1,-1,-1
187,24,294.63,188.29,377.84,297.50,1,-1,-1,-1
188,15,1132.41,126.10,213.60,175.74,1,-1,-1,-1
188,18,925.88,145.24,152.79,118.68,1,-1,-1,-1
188,21,571.52,164.47,211.71,159.95,1,-1,-1,-1
188,23,1040.16,134.78,158.59,133.26,1,-1,-1,-1
188,24,300.04,193.78,381.31,301.30,1,-1,-1,-1
189,15,1131.57,125.80,213.61,175.58,1,-1,-1,-1
189,18,925.43,145.34,152.05,118.57,1,-1,-1,-1
189,21,571.63,165.27,213.03,160.51,1,-1,-1,-1
189,23,1039.78,135.51,157.40,132.10,1,-1,-1,-1
189,24,302.42,195.79,381.74,302.62,1,-1,-1,-1
190,15,1131.41,125.72,213.76,175.56,1,-1,-1,-1
190,18,924.83,146.01,150.88,117.90,1,-1,-1,-1
190,21,571.44,165.53,213.77,160.67,1,-1,-1,-1
190,23,1039.75,135.79,157.10,131.71,1,-1,-1,-1
190,24,303.58,196.44,381.06,302.97,1,-1,-1,-1
191,15,1131.77,125.71,214.05,175.58,1,-1,-1,-1
191,18,925.06,146.24,150.41,117.68,1,-1,-1,-1
191,21,567.51,165.58,215.03,160.67,1,-1,-1,-1
191,23,1039.81,134.57,155.87,130.94,1,-1,-1,-1
191,24,304.14,196.56,380.21,302.95,1,-1,-1,-1
192,15,1121.60,125.73,207.94,170.32,1,-1,-1,-1
192,18,920.18,147.63,147.03,115.64,1,-1,-1,-1
192,21,546.13,155.71,241.29,178.35,1,-1,-1,-1
192,23,1033.74,133.45,155.89,132.02,1,-1,-1,-1
192,24,314.18,207.62,394.60,315.89,1,-1,-1,-1
193,15,1115.21,125.76,206.44,169.03,1,-1,-1,-1
193,18,919.07,148.79,143.86,113.57,1,-1,-1,-1
193,21,539.71,157.74,249.96,182.35,1,-1,-1,-1
193,23,1028.97,132.38,154.58,131.79,1,-1,-1,-1
193,24,320.28,214.31,402.31,323.28,1,-1,-1,-1
194,15,1110.81,125.79,205.69,168.60,1,-1,-1,-1
194,18,918.20,150.53,141.81,112.17,1,-1,-1,-1
194,21,512.21,138.04,283.25,204.38,1,-1,-1,-1
194,23,1025.55,133.32,153.00,131.06,1,-1,-1,-1
194,24,326.20,220.02,407.55,328.60,1,-1,-1,-1
195,15,1107.45,125.15,205.95,169.15,1,-1,-1,-1
195,18,919.83,151.81,140.71,111.02,1,-1,-1,-1
195,21,556.72,160.35,256.16,186.06,1,-1,-1,-1
195,23,1024.65,133.02,151.29,130.15,1,-1,-1,-1
195,24,330.62,223.39,415.29,335.68,1,-1,-1,-1
196,15,1104.07,124.26,205.37,168.74,1,-1,-1,-1
196,18,918.96,151.58,139.44,109.97,1,-1,-1,-1
196,21,577.50,172.15,244.14,178.35,1,-1,-1,-1
196,23,1023.16,131.59,150.63,130.50,1,-1,-1,-1
196,24,335.14,227.15,424.54,344.08,1,-1,-1,-1
196,32,1817.10,332.45,72.13,367.06,1,-1,-1,-1
197,15,1099.62,125.27,203.30,167.29,1,-1,-1,-1
197,18,918.08,152.13,138.23,108.96,1,-1,-1,-1
197,21,586.47,178.47,241.55,178.08,1,-1,-1,-1
197,23,1019.41,133.05,148.42,129.32,1,-1,-1,-1
197,24,340.58,232.99,431.96,351.04,1,-1,-1,-1
197,32,1795.09,321.25,76.22,367.36,1,-1,-1,-1
198,15,1095.74,125.00,202.69,166.78,1,-1,-1,-1
198,18,916.34,152.97,136.77,107.96,1,-1,-1,-1
198,21,593.78,182.73,240.96,179.91,1,-1,-1,-1
198,23,1015.24,131.63,148.77,130.23,1,-1,-1,-1
198,24,349.31,238.35,441.82,359.38,1,-1,-1,-1
198,32,1774.17,311.41,81.01,359.71,1,-1,-1,-1
198,33,422.46,121.62,245.14,133.23,1,-1,-1,-1
199,15,1091.57,124.24,201.62,165.96,1,-1,-1,-1
199,18,914.65,153.25,135.80,107.63,1,-1,-1,-1
199,21,593.69,184.94,244.89,184.48,1,-1,-1,-1
199,23,1012.36,127.13,151.80,133.90,1,-1,-1,-1
199,24,360.51,246.09,450.20,365.02,1,-1,-1,-1
199,32,1751.78,301.39,88.81,354.65,1,-1,-1,-1
199,33,412.20,118.19,247.09,135.45,1,-1,-1,-1
200,15,1088.34,123.97,201.64,166.36,1,-1,-1,-1
200,18,914.99,153.99,135.67,107.55,1,-1,-1,-1
200,21,598.07,188.96,250.98,190.72,1,-1,-1,-1
200,23,1014.09,130.05,147.53,131.35,1,-1,-1,-1
200,24,369.90,256.71,457.74,369.60,1,-1,-1,-1
200,32,1729.70,295.56,98.39,346.51,1,-1,-1,-1
200,33,397.66,113.64,254.54,141.54,1,-1,-1,-1
201,15,1090.31,123.88,199.61,165.87,1,-1,-1,-1
201,18,915.71,154.90,133.93,106.22,1,-1,-1,-1
201,21,600.09,191.74,258.22,196.93,1,-1,-1,-1
201,23,1011.82,128.56,148.13,133.03,1,-1,-1,-1
201,24,373.88,262.61,473.67,381.53,1,-1,-1,-1
201,32,1707.61,289.78,110.27,338.74,1,-1,-1,-1
201,33,388.74,106.03,264.88,149.63,1,-1,-1,-1
202,15,1091.98,123.86,198.02,165.72,1,-1,-1,-1
202,18,916.05,155.21,133.29,105.76,1,-1,-1,-1
202,21,601.04,192.74,260.42,199.27,1,-1,-1,-1
202,23,1011.42,128.01,147.67,133.65,1,-1,-1,-1
202,24,374.95,264.73,480.23,385.96,1,-1,-1,-1
202,32,1696.01,288.13,123.47,336.05,1,-1,-1,-1
202,33,387.27,103.28,265.37,152.50,1,-1,-1,-1
203,15,1092.74,123.86,196.81,165.69,1,-1,-1,-1
203,18,916.23,155.30,133.06,105.63,1,-1,-1,-1
203,21,601.54,193.04,260.69,200.07,1,-1,-1,-1
203,23,1011.71,128.49,146.16,133.23,1,-1,-1,-1
203,24,374.90,265.36,483.04,387.46,1,-1,-1,-1
203,32,1688.09,287.87,137.02,335.20,1,-1,-1,-1
203,33,388.71,102.41,262.07,153.33,1,-1,-1,-1
204,15,1093.45,123.87,195.77,165.70,1,-1,-1,-1
204,18,916.34,155.31,132.99,105.61,1,-1,-1,-1
204,21,601.85,193.07,260.25,200.27,1,-1,-1,-1
204,23,1012.21,128.69,145.04,133.07,1,-1,-1,-1
204,24,374.45,265.42,484.35,387.82,1,-1,-1,-1
204,32,1681.67,288.75,150.17,334.32,1,-1,-1,-1
204,33,391.17,102.26,257.42,153.40,1,-1,-1,-1
205,15,1093.77,123.89,194.16,165.06,1,-1,-1,-1
205,18,915.40,155.29,133.69,106.30,1,-1,-1,-1
205,21,602.54,193.01,259.30,200.25,1,-1,-1,-1
205,23,1012.40,127.46,145.45,134.33,1,-1,-1,-1
205,24,373.33,265.27,484.85,387.75,1,-1,-1,-1
205,32,1675.79,288.64,163.03,334.09,1,-1,-1,-1
205,33,394.88,103.67,250.43,151.91,1,-1,-1,-1
206,15,1094.49,123.90,193.23,164.84,1,-1,-1,-1
206,18,915.47,155.26,133.18,105.92,1,-1,-1,-1
206,21,602.98,192.92,258.34,200.16,1,-1,-1,-1
206,23,1012.53,127.01,145.00,134.81,1,-1,-1,-1
206,24,372.61,265.07,485.11,387.53,1,-1,-1,-1
206,32,1670.39,289.47,175.06,333.42,1,-1,-1,-1
206,33,397.91,104.35,244.84,151.16,1,-1,-1,-1
207,15,1094.74,123.91,192.45,164.78,1,-1,-1,-1
207,18,915.54,155.23,133.00,105.80,1,-1,-1,-1
207,21,603.31,192.82,257.43,200.05,1,-1,-1,-1
207,23,1012.91,126.85,144.31,134.98,1,-1,-1,-1
207,24,372.06,264.85,485.28,387.28,1,-1,-1,-1
207,32,1665.06,289.29,186.89,333.92,1,-1,-1,-1
207,33,400.54,104.70,240.00,150.73,1,-1,-1,-1
208,15,1095.75,123.92,191.81,164.78,1,-1,-1,-1
208,18,914.95,155.20,133.56,106.43,1,-1,-1,-1
208,21,603.57,192.73,256.60,199.94,1,-1,-1,-1
208,23,1013.35,126.81,143.58,135.05,1,-1,-1,-1
208,24,371.97,264.65,484.71,386.38,1,-1,-1,-1
208,32,1660.07,289.36,197.86,334.16,1,-1,-1,-1
208,33,402.92,104.93,235.62,150.45,1,-1,-1,-1
209,15,1096.36,123.93,191.25,164.79,1,-1,-1,-1
209,18,914.81,155.18,133.67,106.69,1,-1,-1,-1
209,21,603.80,192.65,255.84,199.83,1,-1,-1,-1
209,23,1013.79,126.81,142.88,135.06,1,-1,-1,-1
209,24,371.33,264.46,485.31,386.56,1,-1,-1,-1
209,32,1655.60,290.17,207.69,333.65,1,-1,-1,-1
209,33,405.09,105.08,231.60,150.25,1,-1,-1,-1
210,15,1096.80,123.94,190.75,164.81,1,-1,-1,-1
210,18,914.84,155.16,133.61,106.80,1,-1,-1,-1
210,21,604.00,192.57,255.16,199.73,1,-1,-1,-1
210,23,1014.48,126.82,142.33,135.06,1,-1,-1,-1
210,24,370.90,264.29,485.60,386.51,1,-1,-1,-1
210,32,1651.35,290.59,216.97,333.50,1,-1,-1,-1
210,33,407.08,105.21,227.89,150.08,1,-1,-1,-1
211,15,1096.77,123.95,190.40,164.83,1,-1,-1,-1
211,18,914.92,155.14,133.50,106.85,1,-1,-1,-1
211,21,604.18,192.50,254.54,199.65,1,-1,-1,-1
211,23,1015.32,126.84,141.72,135.06,1,-1,-1,-1
211,24,370.92,264.14,485.05,385.72,1,-1,-1,-1
211,32,1647.37,290.84,225.59,333.49,1,-1,-1,-1
211,33,408.91,105.31,224.47,149.94,1,-1,-1,-1
212,15,1079.12,122.63,186.60,162.21,1,-1,-1,-1
212,18,911.31,157.77,128.88,103.57,1,-1,-1,-1
212,21,615.66,225.38,209.64,153.46,1,-1,-1,-1
212,23,996.39,134.78,136.49,132.41,1,-1,-1,-1
212,24,372.62,265.95,487.78,387.90,1,-1,-1,-1
212,32,1643.91,289.05,224.98,332.59,1,-1,-1,-1
212,33,397.18,82.31,248.81,170.94,1,-1,-1,-1
213,15,1069.84,122.14,185.17,161.22,1,-1,-1,-1
213,18,910.84,159.43,126.06,101.67,1,-1,-1,-1
213,21,617.15,243.85,200.17,138.83,1,-1,-1,-1
213,23,990.38,137.80,132.26,130.07,1,-1,-1,-1
213,33,395.64,73.27,254.07,179.25,1,-1,-1,-1
214,15,1064.16,121.30,185.34,161.54,1,-1,-1,-1
214,18,910.71,160.02,124.34,100.99,1,-1,-1,-1
214,21,610.36,252.90,214.68,143.85,1,-1,-1,-1
214,23,987.77,139.57,130.33,129.88,1,-1,-1,-1
214,33,398.45,69.69,253.26,183.14,1,-1,-1,-1
214,35,1293.60,215.90,347.11,267.33,1,-1,-1,-1
214,36,471.13,388.68,666.32,526.13,1,-1,-1,-1
215,15,1063.88,120.33,184.67,161.02,1,-1,-1,-1
215,18,907.47,160.88,122.18,100.10,1,-1,-1,-1
215,21,592.37,257.82,255.73,170.04,1,-1,-1,-1
215,23,984.30,140.57,129.92,129.47,1,-1,-1,-1
215,33,400.20,64.59,254.33,188.38,1,-1,-1,-1
215,35,1275.84,212.13,338.40,260.52,1,-1,-1,-1
215,36,482.78,400.86,686.59,542.32,1,-1,-1,-1
215,37,1814.90,386.59,72.49,328.80,1,-1,-1,-1
216,15,1060.71,119.32,184.89,160.84,1,-1,-1,-1
216,18,906.70,162.51,119.26,98.46,1,-1,-1,-1
216,21,572.62,264.72,302.08,202.68,1,-1,-1,-1
216,33,402.45,60.16,254.23,192.86,1,-1,-1,-1
216,35,1254.14,206.66,334.93,257.74,1,-1,-1,-1
216,36,495.04,419.02,705.81,558.10,1,-1,-1,-1
216,37,1794.56,376.10,75.17,322.21,1,-1,-1,-1
217,15,1061.53,120.28,182.57,159.47,1,-1,-1,-1
217,18,905.81,163.76,116.84,97.21,1,-1,-1,-1
217,21,564.44,272.30,329.16,223.14,1,-1,-1,-1
217,33,404.90,56.63,253.63,197.04,1,-1,-1,-1
217,35,1233.31,200.72,331.80,255.57,1,-1,-1,-1
217,36,503.93,430.59,735.50,582.63,1,-1,-1,-1
217,37,1774.25,363.50,80.10,316.08,1,-1,-1,-1
218,15,1058.47,119.99,181.42,158.97,1,-1,-1,-1
218,18,905.22,163.52,115.91,97.45,1,-1,-1,-1
218,21,557.99,280.20,349.68,239.68,1,-1,-1,-1
218,33,409.67,56.67,249.00,197.25,1,-1,-1,-1
218,35,1215.17,196.77,326.28,251.44,1,-1,-1,-1
218,36,513.21,447.89,758.59,601.86,1,-1,-1,-1
218,37,1753.89,353.28,87.27,309.74,1,-1,-1,-1
219,15,1055.73,119.23,180.45,158.14,1,-1,-1,-1
219,18,907.24,163.41,114.56,96.90,1,-1,-1,-1
219,21,561.74,287.58,351.46,242.57,1,-1,-1,-1
219,33,414.86,56.86,244.42,197.17,1,-1,-1,-1
219,35,1197.57,193.51,320.74,247.35,1,-1,-1,-1
219,36,526.96,469.94,769.26,610.49,1,-1,-1,-1
219,37,1732.64,344.60,96.34,301.28,1,-1,-1,-1
220,15,1052.82,119.62,178.79,156.52,1,-1,-1,-1
220,18,908.94,164.00,112.95,96.06,1,-1,-1,-1
220,21,563.26,294.12,357.84,249.13,1,-1,-1,-1
220,33,419.31,57.06,240.34,196.99,1,-1,-1,-1
220,35,1181.71,192.57,312.83,241.20,1,-1,-1,-1
220,36,558.47,487.12,760.28,601.13,1,-1,-1,-1
220,37,1712.20,337.15,106.72,290.05,1,-1,-1,-1
221,15,1052.51,119.79,176.88,155.28,1,-1,-1,-1
221,18,909.58,164.87,111.77,95.78,1,-1,-1,-1
221,21,565.86,298.41,361.33,253.43,1,-1,-1,-1
221,33,422.24,54.66,240.21,200.05,1,-1,-1,-1
221,35,1165.96,189.67,305.80,235.72,1,-1,-1,-1
221,36,591.70,503.70,750.06,588.78,1,-1,-1,-1
221,37,1690.96,330.12,120.43,283.51,1,-1,-1,-1
222,15,1052.12,120.52,173.64,152.17,1,-1,-1,-1
222,18,909.83,165.17,110.05,95.03,1,-1,-1,-1
222,21,567.50,302.43,370.29,261.91,1,-1,-1,-1
222,33,425.65,51.89,240.09,203.07,1,-1,-1,-1
222,35,1150.60,184.67,303.20,233.94,1,-1,-1,-1
222,36,633.98,522.69,734.41,568.89,1,-1,-1,-1
222,37,1669.19,323.20,135.80,277.30,1,-1,-1,-1
222,40,979.55,145.89,114.03,119.62,1,-1,-1,-1
223,15,1049.15,120.81,172.33,151.05,1,-1,-1,-1
223,18,909.78,166.59,107.10,93.45,1,-1,-1,-1
223,21,568.67,307.01,379.63,270.78,1,-1,-1,-1
223,33,429.94,52.87,237.91,204.13,1,-1,-1,-1
223,35,1135.50,178.25,301.20,232.78,1,-1,-1,-1
223,36,675.67,543.26,718.64,546.20,1,-1,-1,-1
223,37,1642.40,317.00,151.73,271.89,1,-1,-1,-1
223,40,987.89,146.68,116.54,121.40,1,-1,-1,-1
224,15,1023.65,120.91,177.48,150.67,1,-1,-1,-1
224,18,910.03,167.09,106.20,93.55,1,-1,-1,-1
224,21,572.34,314.34,384.38,276.61,1,-1,-1,-1
224,33,436.10,55.32,233.18,202.46,1,-1,-1,-1
224,35,1121.48,174.04,298.09,231.16,1,-1,-1,-1
224,36,719.31,563.72,709.83,526.07,1,-1,-1,-1
224,37,1607.39,311.72,165.66,266.09,1,-1,-1,-1
224,40,988.98,146.76,117.03,121.91,1,-1,-1,-1
225,15,1012.80,120.96,182.40,150.57,1,-1,-1,-1
225,18,910.42,167.25,105.36,93.62,1,-1,-1,-1
225,21,574.41,317.03,384.22,278.69,1,-1,-1,-1
225,33,438.56,55.71,231.09,203.01,1,-1,-1,-1
225,35,1117.32,172.67,296.57,230.70,1,-1,-1,-1
225,36,729.32,570.47,716.27,518.68,1,-1,-1,-1
225,37,1590.50,310.19,180.70,264.26,1,-1,-1,-1
226,15,1031.35,120.31,183.35,152.56,1,-1,-1,-1
226,18,911.11,167.29,104.67,93.67,1,-1,-1,-1
226,21,576.08,317.86,382.24,279.25,1,-1,-1,-1
226,33,440.53,55.93,228.11,202.48,1,-1,-1,-1
226,35,1116.69,172.33,295.63,230.66,1,-1,-1,-1
226,36,726.93,572.31,728.02,516.07,1,-1,-1,-1
226,37,1580.54,309.93,195.22,263.13,1,-1,-1,-1
226,41,1882.96,461.00,36.09,305.78,1,-1,-1,-1
227,15,1038.44,120.07,183.04,153.33,1,-1,-1,-1
227,18,911.58,167.28,104.05,93.71,1,-1,-1,-1
227,21,577.50,317.96,379.72,279.24,1,-1,-1,-1
227,33,442.20,56.74,225.01,201.53,1,-1,-1,-1
227,35,1117.65,172.35,294.18,230.08,1,-1,-1,-1
227,36,720.76,572.41,741.05,515.21,1,-1,-1,-1
227,37,1573.14,310.10,209.35,262.93,1,-1,-1,-1
227,41,1882.94,461.00,36.11,306.02,1,-1,-1,-1
228,15,1041.17,119.98,182.38,153.64,1,-1,-1,-1
228,18,911.94,167.25,103.48,93.75,1,-1,-1,-1
228,21,578.74,317.80,377.17,279.02,1,-1,-1,-1
228,33,443.67,57.77,222.04,200.44,1,-1,-1,-1
228,35,1118.71,172.49,293.38,229.96,1,-1,-1,-1
228,36,713.62,571.92,753.90,514.99,1,-1,-1,-1
228,37,1566.88,310.39,222.71,263.03,1,-1,-1,-1
228,41,1882.94,461.00,36.12,306.08,1,-1,-1,-1
228,42,980.83,149.98,107.69,118.79,1,-1,-1,-1
229,15,1018.95,119.96,186.46,153.11,1,-1,-1,-1
229,18,912.28,167.89,102.24,93.12,1,-1,-1,-1
229,21,579.75,317.56,374.94,278.74,1,-1,-1,-1
229,33,443.45,56.23,221.73,201.93,1,-1,-1,-1
229,35,1119.71,172.65,292.83,230.00,1,-1,-1,-1
229,36,706.55,571.29,766.05,515.00,1,-1,-1,-1
229,37,1561.06,310.69,235.64,263.89,1,-1,-1,-1
229,41,1882.98,461.00,36.03,305.37,1,-1,-1,-1
229,42,981.17,149.80,108.15,119.30,1,-1,-1,-1
230,15,1009.38,119.95,190.49,152.93,1,-1,-1,-1
230,18,912.56,168.11,101.51,92.89,1,-1,-1,-1
230,21,580.66,317.30,372.89,278.45,1,-1,-1,-1
230,33,444.18,56.35,219.89,201.80,1,-1,-1,-1
230,35,1120.61,172.80,292.38,230.09,1,-1,-1,-1
230,36,699.91,570.66,777.31,515.08,1,-1,-1,-1
230,37,1555.86,310.97,247.30,264.33,1,-1,-1,-1
230,41,1882.96,461.00,36.08,305.82,1,-1,-1,-1
231,15,1007.41,120.61,192.99,152.21,1,-1,-1,-1
231,18,913.09,168.18,101.09,92.83,1,-1,-1,-1
231,21,581.85,317.05,370.92,278.18,1,-1,-1,-1
231,33,443.94,54.46,220.81,204.32,1,-1,-1,-1
231,35,1121.43,172.95,292.00,230.19,1,-1,-1,-1
231,36,694.24,570.09,786.81,514.51,1,-1,-1,-1
231,37,1551.16,310.55,257.91,264.61,1,-1,-1,-1
231,41,1882.88,458.93,36.24,307.35,1,-1,-1,-1
232,15,1004.13,120.60,192.54,151.85,1,-1,-1,-1
232,18,918.13,170.18,97.23,90.17,1,-1,-1,-1
232,21,593.38,365.95,416.03,313.31,1,-1,-1,-1
232,33,453.20,51.81,231.90,216.38,1,-1,-1,-1
232,35,1064.81,159.79,272.85,215.01,1,-1,-1,-1
232,36,984.51,715.13,629.97,367.49,1,-1,-1,-1
232,37,1587.99,336.47,285.77,291.42,1,-1,-1,-1
232,41,1882.86,458.58,36.28,307.70,1,-1,-1,-1
233,18,926.04,170.91,97.22,89.18,1,-1,-1,-1
233,21,599.34,392.14,439.28,332.55,1,-1,-1,-1
233,33,459.16,52.13,234.94,220.89,1,-1,-1,-1
233,35,1035.48,152.83,264.21,208.62,1,-1,-1,-1
233,36,1160.40,805.02,523.05,275.11,1,-1,-1,-1
233,37,1595.58,342.06,289.62,289.02,1,-1,-1,-1
234,18,930.20,171.83,97.36,88.17,1,-1,-1,-1
234,21,603.66,411.40,454.14,345.21,1,-1,-1,-1
234,33,463.18,51.66,237.15,224.51,1,-1,-1,-1
234,35,1018.15,147.75,260.34,205.77,1,-1,-1,-1
234,36,1261.19,859.44,465.86,223.65,1,-1,-1,-1
234,37,1585.57,339.71,298.38,290.60,1,-1,-1,-1
234,43,1299.22,248.16,309.27,223.82,1,-1,-1,-1
235,18,924.03,171.48,97.38,89.16,1,-1,-1,-1
235,21,609.06,427.68,463.78,353.83,1,-1,-1,-1
235,33,465.88,49.57,240.06,229.06,1,-1,-1,-1
235,35,1004.39,143.34,258.94,205.54,1,-1,-1,-1
235,36,1335.71,909.83,403.32,174.63,1,-1,-1,-1
235,37,1572.65,334.86,303.52,285.93,1,-1,-1,-1
235,43,1282.50,242.59,303.68,219.68,1,-1,-1,-1
236,18,924.77,171.99,96.82,88.65,1,-1,-1,-1
236,21,614.93,442.08,473.08,362.07,1,-1,-1,-1
236,33,468.61,47.50,242.78,233.31,1,-1,-1,-1
236,35,990.64,134.48,263.00,210.27,1,-1,-1,-1
236,36,1404.25,959.31,330.64,126.06,1,-1,-1,-1
236,37,1548.33,329.01,306.58,280.80,1,-1,-1,-1
236,43,1264.31,238.07,297.86,215.51,1,-1,-1,-1
237,21,619.37,454.41,483.53,370.79,1,-1,-1,-1
237,33,471.64,48.68,242.90,234.85,1,-1,-1,-1
237,35,981.03,129.36,262.01,210.77,1,-1,-1,-1
237,36,1505.46,1003.85,248.14,81.45,1,-1,-1,-1
237,37,1521.49,322.17,308.70,275.54,1,-1,-1,-1
237,43,1250.65,232.47,293.38,212.11,1,-1,-1,-1
238,21,624.05,471.04,496.64,381.61,1,-1,-1,-1
238,33,476.51,51.79,240.52,233.38,1,-1,-1,-1
238,35,973.74,131.60,253.69,204.39,1,-1,-1,-1
238,36,1620.11,1047.65,119.06,39.08,1,-1,-1,-1
238,37,1491.67,316.30,310.04,270.92,1,-1,-1,-1
238,43,1230.96,227.23,291.58,211.12,1,-1,-1,-1
239,21,631.07,484.24,506.91,390.07,1,-1,-1,-1
239,33,479.45,52.37,240.48,234.00,1,-1,-1,-1
239,35,962.92,132.00,249.40,200.72,1,-1,-1,-1
239,37,1467.27,310.17,310.26,265.89,1,-1,-1,-1
239,43,1214.23,223.53,286.42,207.42,1,-1,-1,-1
240,21,636.31,499.27,522.77,403.36,1,-1,-1,-1
240,33,481.48,50.65,243.66,238.08,1,-1,-1,-1
240,35,955.67,132.28,245.44,197.44,1,-1,-1,-1
240,37,1439.59,304.61,310.78,262.07,1,-1,-1,-1
240,43,1198.63,219.68,280.59,203.47,1,-1,-1,-1
241,21,643.59,515.01,535.89,414.68,1,-1,-1,-1
241,33,483.90,48.06,247.87,243.46,1,-1,-1,-1
241,35,943.24,133.19,243.15,194.32,1,-1,-1,-1
241,37,1415.09,298.64,310.20,257.37,1,-1,-1,-1
241,43,1184.06,214.38,277.47,201.50,1,-1,-1,-1
242,21,646.78,520.81,539.86,418.84,1,-1,-1,-1
242,33,485.12,47.09,248.70,245.44,1,-1,-1,-1
242,35,938.75,133.63,243.28,193.27,1,-1,-1,-1
242,37,1404.83,295.86,313.38,256.39,1,-1,-1,-1
242,43,1179.61,212.67,276.28,200.93,1,-1,-1,-1
243,21,648.28,522.62,540.23,420.13,1,-1,-1,-1
243,33,485.82,46.74,248.29,246.10,1,-1,-1,-1
243,35,937.17,133.88,244.21,192.98,1,-1,-1,-1
243,37,1400.33,294.95,316.99,256.10,1,-1,-1,-1
243,43,1178.73,212.23,275.77,200.83,1,-1,-1,-1
244,21,649.08,522.88,539.30,420.31,1,-1,-1,-1
244,33,486.30,46.64,247.47,246.25,1,-1,-1,-1
244,35,936.66,134.05,245.37,192.96,1,-1,-1,-1
244,37,1398.04,294.73,320.54,256.08,1,-1,-1,-1
244,43,1179.08,212.24,275.51,200.90,1,-1,-1,-1
245,21,649.59,522.58,537.95,420.09,1,-1,-1,-1
245,33,486.68,46.63,246.55,246.22,1,-1,-1,-1
245,35,936.53,134.18,246.53,193.03,1,-1,-1,-1
245,37,1396.64,294.75,323.86,256.14,1,-1,-1,-1
245,43,1179.78,212.38,275.32,201.01,1,-1,-1,-1
246,21,649.96,522.09,536.54,419.73,1,-1,-1,-1
246,33,486.99,46.65,245.65,246.12,1,-1,-1,-1
246,35,936.17,132.95,248.98,194.46,1,-1,-1,-1
246,37,1395.99,294.85,326.81,256.22,1,-1,-1,-1
246,43,1180.54,212.56,275.16,201.13,1,-1,-1,-1
247,21,650.26,521.58,535.20,419.35,1,-1,-1,-1
247,33,487.27,46.69,244.82,246.01,1,-1,-1,-1
247,35,936.41,133.20,249.77,194.38,1,-1,-1,-1
247,37,1395.31,294.97,329.50,256.31,1,-1,-1,-1
247,43,1181.27,212.73,275.02,201.23,1,-1,-1,-1
248,21,650.52,521.08,533.95,418.99,1,-1,-1,-1
248,33,487.52,46.72,244.05,245.90,1,-1,-1,-1
248,35,936.26,132.69,251.14,195.07,1,-1,-1,-1
248,37,1394.64,295.09,331.94,256.39,1,-1,-1,-1
248,43,1181.92,212.89,274.87,201.33,1,-1,-1,-1
249,21,650.75,520.62,532.82,418.65,1,-1,-1,-1
249,33,487.75,46.75,243.36,245.79,1,-1,-1,-1
249,35,936.29,132.53,251.97,195.37,1,-1,-1,-1
249,37,1394.01,295.19,334.15,256.46,1,-1,-1,-1
249,43,1182.49,213.02,274.73,201.41,1,-1,-1,-1
250,21,650.96,520.20,531.79,418.34,1,-1,-1,-1
250,33,487.95,46.78,242.74,245.70,1,-1,-1,-1
250,35,936.38,132.52,252.55,195.52,1,-1,-1,-1
250,37,1393.42,295.29,336.15,256.53,1,-1,-1,-1
250,43,1183.00,213.14,274.60,201.48,1,-1,-1,-1
251,21,651.15,519.83,530.87,418.07,1,-1,-1,-1
251,33,488.14,46.80,242.17,245.62,1,-1,-1,-1
251,35,936.84,133.87,251.66,194.28,1,-1,-1,-1
251,37,1392.88,295.37,337.95,256.58,1,-1,-1,-1
251,43,1183.45,213.24,274.48,201.55,1,-1,-1,-1
252,21,652.37,524.30,535.00,421.35,1,-1,-1,-1
252,33,521.90,52.10,252.93,256.09,1,-1,-1,-1
252,35,895.54,131.76,231.11,177.25,1,-1,-1,-1
252,37,1389.07,294.36,337.07,255.91,1,-1,-1,-1
252,43,1206.27,231.23,289.19,212.21,1,-1,-1,-1
253,33,534.61,48.25,265.12,269.06,1,-1,-1,-1
253,35,873.82,130.31,223.21,170.78,1,-1,-1,-1
253,43,1205.93,235.96,292.86,214.86,1,-1,-1,-1
254,33,542.88,47.40,271.15,275.94,1,-1,-1,-1
254,35,863.21,128.46,220.27,167.92,1,-1,-1,-1
254,43,1198.66,235.15,291.63,213.91,1,-1,-1,-1
254,48,1038.47,176.95,233.02,171.84,1,-1,-1,-1
254,49,1857.09,300.25,41.56,245.86,1,-1,-1,-1
254,50,894.29,823.62,600.42,261.11,1,-1,-1,-1
255,33,551.40,47.72,273.44,279.17,1,-1,-1,-1
255,35,850.52,126.47,218.85,167.00,1,-1,-1,-1
255,43,1188.46,232.15,290.87,213.52,1,-1,-1,-1
255,48,1025.93,174.55,232.48,171.58,1,-1,-1,-1
255,49,1841.43,285.31,45.96,255.65,1,-1,-1,-1
255,50,958.25,854.61,542.64,231.30,1,-1,-1,-1
255,51,1024.16,125.00,135.27,106.10,1,-1,-1,-1
256,33,555.43,44.60,278.85,285.48,1,-1,-1,-1
256,35,842.94,125.79,215.70,164.76,1,-1,-1,-1
256,43,1177.22,228.34,288.33,212.03,1,-1,-1,-1
256,48,1013.70,171.60,232.49,171.59,1,-1,-1,-1
256,49,1824.50,276.67,50.28,253.82,1,-1,-1,-1
256,50,1045.75,890.31,472.50,195.04,1,-1,-1,-1
256,51,1022.56,125.00,131.52,103.19,1,-1,-1,-1
257,33,564.63,47.29,280.04,285.86,1,-1,-1,-1
257,35,834.44,126.26,212.78,162.70,1,-1,-1,-1
257,43,1164.13,223.57,286.69,211.45,1,-1,-1,-1
257,48,1009.13,171.41,225.72,166.62,1,-1,-1,-1
257,49,1808.70,269.66,56.03,250.70,1,-1,-1,-1
257,50,1087.38,928.71,393.91,155.61,1,-1,-1,-1
257,51,1019.97,126.49,129.33,101.43,1,-1,-1,-1
258,33,569.17,43.15,287.12,293.66,1,-1,-1,-1
258,35,821.58,125.13,213.24,162.06,1,-1,-1,-1
258,43,1154.50,220.44,281.88,207.91,1,-1,-1,-1
258,48,998.42,167.17,224.91,166.37,1,-1,-1,-1
258,49,1796.97,256.66,58.01,259.56,1,-1,-1,-1
258,50,1153.51,966.73,316.35,116.48,1,-1,-1,-1
258,51,1020.26,126.98,124.36,97.25,1,-1,-1,-1
259,33,573.61,40.93,291.74,299.77,1,-1,-1,-1
259,35,818.58,124.75,209.50,159.23,1,-1,-1,-1
259,43,1142.79,215.29,281.29,207.90,1,-1,-1,-1
259,48,990.55,165.07,221.89,164.27,1,-1,-1,-1
259,50,1231.11,1006.13,237.70,77.72,1,-1,-1,-1
259,51,1018.97,127.84,121.41,94.45,1,-1,-1,-1
260,33,579.97,46.55,289.55,298.13,1,-1,-1,-1
260,35,817.69,125.32,205.29,156.94,1,-1,-1,-1
260,43,1134.35,213.39,275.03,203.27,1,-1,-1,-1
260,48,982.71,163.72,220.03,162.90,1,-1,-1,-1
260,50,1314.66,1041.66,128.94,42.16,1,-1,-1,-1
260,51,1016.61,128.11,126.60,97.83,1,-1,-1,-1
260,52,1703.56,253.61,194.21,234.48,1,-1,-1,-1
261,33,579.50,42.90,294.60,306.45,1,-1,-1,-1
261,35,821.11,124.89,201.82,155.52,1,-1,-1,-1
261,43,1124.94,210.73,271.61,200.86,1,-1,-1,-1
261,48,975.63,161.27,219.81,162.48,1,-1,-1,-1
261,51,1016.14,128.19,123.72,94.94,1,-1,-1,-1
261,52,1693.05,246.91,193.93,230.95,1,-1,-1,-1
262,33,583.82,40.87,296.85,311.46,1,-1,-1,-1
262,35,825.73,126.10,193.87,151.06,1,-1,-1,-1
262,43,1115.06,206.45,270.31,199.99,1,-1,-1,-1
262,48,963.35,158.42,218.88,162.39,1,-1,-1,-1
262,51,1013.31,128.87,121.99,92.53,1,-1,-1,-1
262,52,1679.86,241.29,197.11,229.85,1,-1,-1,-1
263,33,590.82,42.69,296.95,313.90,1,-1,-1,-1
263,35,827.13,127.93,186.92,148.17,1,-1,-1,-1
263,43,1107.69,202.92,267.09,197.71,1,-1,-1,-1
263,48,951.36,152.74,221.45,165.78,1,-1,-1,-1
263,51,1012.05,129.33,120.14,91.13,1,-1,-1,-1
263,52,1667.64,238.24,200.28,226.68,1,-1,-1,-1
264,33,599.14,44.72,296.97,315.34,1,-1,-1,-1
264,35,829.22,128.61,179.73,145.19,1,-1,-1,-1
264,43,1099.83,201.00,264.05,195.55,1,-1,-1,-1
264,48,947.59,154.71,215.74,161.74,1,-1,-1,-1
264,52,1650.75,234.62,202.86,221.42,1,-1,-1,-1
265,33,607.18,49.42,295.94,315.76,1,-1,-1,-1
265,35,830.92,126.83,175.80,144.89,1,-1,-1,-1
265,43,1090.36,199.03,261.26,193.46,1,-1,-1,-1
265,48,944.21,158.30,206.39,154.18,1,-1,-1,-1
265,52,1627.27,228.67,207.58,218.97,1,-1,-1,-1
266,33,612.35,49.27,298.70,321.00,1,-1,-1,-1
266,35,838.61,126.19,168.00,143.52,1,-1,-1,-1
266,43,1083.50,197.03,258.17,190.72,1,-1,-1,-1
266,48,937.52,158.36,204.55,152.79,1,-1,-1,-1
266,52,1600.08,223.31,212.76,216.84,1,-1,-1,-1
266,53,1006.12,131.03,145.44,85.11,1,-1,-1,-1
267,33,619.32,47.90,302.97,327.45,1,-1,-1,-1
267,35,840.12,125.29,161.48,144.46,1,-1,-1,-1
267,43,1072.20,194.36,257.80,189.76,1,-1,-1,-1
267,48,930.92,158.43,200.75,150.33,1,-1,-1,-1
267,52,1577.09,218.17,215.44,212.75,1,-1,-1,-1
267,53,1008.23,131.09,140.35,82.37,1,-1,-1,-1
268,33,631.66,53.86,303.67,327.86,1,-1,-1,-1
268,35,837.36,124.92,159.43,142.62,1,-1,-1,-1
268,43,1059.49,192.78,256.00,187.45,1,-1,-1,-1
268,48,924.56,158.50,197.18,147.48,1,-1,-1,-1
268,52,1556.96,214.48,218.79,209.33,1,-1,-1,-1
268,53,1010.22,131.08,134.99,79.35,1,-1,-1,-1
269,33,641.63,50.28,311.91,336.35,1,-1,-1,-1
269,43,1043.91,189.60,256.98,187.32,1,-1,-1,-1
269,48,918.67,158.57,192.91,145.16,1,-1,-1,-1
269,52,1533.25,210.62,222.86,207.53,1,-1,-1,-1
269,53,1010.31,131.07,132.00,77.77,1,-1,-1,-1
270,33,649.31,53.44,313.97,338.83,1,-1,-1,-1
270,43,1028.46,188.49,256.07,185.33,1,-1,-1,-1
270,48,918.57,157.95,187.31,142.37,1,-1,-1,-1
270,52,1511.03,208.06,223.72,202.93,1,-1,-1,-1
270,53,1007.11,131.05,130.21,76.64,1,-1,-1,-1
271,33,651.50,53.35,317.64,344.19,1,-1,-1,-1
271,43,1008.07,185.50,258.41,185.31,1,-1,-1,-1
271,48,920.49,157.75,181.39,139.40,1,-1,-1,-1
271,52,1488.51,203.93,225.79,200.00,1,-1,-1,-1
271,53,1008.05,131.15,127.03,74.76,1,-1,-1,-1
272,33,660.92,58.50,318.23,346.12,1,-1,-1,-1
272,43,985.45,182.46,258.91,183.35,1,-1,-1,-1
272,48,914.86,157.11,178.48,137.17,1,-1,-1,-1
272,52,1469.78,199.89,228.07,197.70,1,-1,-1,-1
273,33,670.12,60.47,323.04,351.93,1,-1,-1,-1
273,43,969.70,178.75,259.95,183.34,1,-1,-1,-1
273,52,1449.40,196.57,230.41,195.63,1,-1,-1,-1
274,33,678.19,63.14,326.29,355.98,1,-1,-1,-1
274,43,959.72,175.45,258.22,183.38,1,-1,-1,-1
274,52,1429.94,194.85,229.75,190.94,1,-1,-1,-1
275,33,686.23,67.38,327.49,358.04,1,-1,-1,-1
275,43,940.89,155.71,274.84,200.05,1,-1,-1,-1
275,52,1416.80,193.72,228.21,186.63,1,-1,-1,-1
276,33,702.11,72.23,330.44,359.34,1,-1,-1,-1
276,43,952.28,169.67,243.23,182.43,1,-1,-1,-1
276,52,1402.00,192.12,228.87,184.51,1,-1,-1,-1
277,33,705.37,73.38,335.28,365.58,1,-1,-1,-1
277,43,954.74,176.54,221.39,173.01,1,-1,-1,-1
277,52,1385.61,189.64,230.22,183.18,1,-1,-1,-1
277,55,1840.98,384.65,53.25,317.24,1,-1,-1,-1
277,56,1188.93,234.34,43.79,39.66,1,-1,-1,-1
278,33,715.60,80.27,336.78,367.19,1,-1,-1,-1
278,43,954.97,179.77,202.18,166.96,1,-1,-1,-1
278,52,1372.17,185.49,235.50,184.16,1,-1,-1,-1
278,55,1822.64,376.59,56.86,318.91,1,-1,-1,-1
278,56,1193.55,236.85,41.02,37.15,1,-1,-1,-1
278,57,995.91,135.26,147.96,134.69,1,-1,-1,-1
279,33,726.27,86.12,340.84,368.97,1,-1,-1,-1
279,43,945.26,178.82,199.29,164.58,1,-1,-1,-1
279,52,1352.92,184.08,235.20,181.94,1,-1,-1,-1
279,55,1803.94,364.11,62.25,319.72,1,-1,-1,-1
279,57,1001.33,137.30,143.68,131.51,1,-1,-1,-1
280,33,729.43,88.28,343.55,369.52,1,-1,-1,-1
280,52,1345.72,183.70,236.56,181.22,1,-1,-1,-1
280,55,1796.06,360.16,68.04,319.73,1,-1,-1,-1
280,57,1003.05,137.23,142.29,131.11,1,-1,-1,-1
281,33,728.73,87.03,347.69,372.22,1,-1,-1,-1
281,52,1342.64,183.00,239.16,181.70,1,-1,-1,-1
281,55,1791.82,359.17,74.14,319.54,1,-1,-1,-1
281,57,1003.20,137.18,141.10,130.98,1,-1,-1,-1
282,33,728.02,87.12,349.50,372.49,1,-1,-1,-1
282,52,1341.47,182.84,241.28,181.96,1,-1,-1,-1
282,55,1788.73,359.14,80.42,319.32,1,-1,-1,-1
282,57,1003.21,137.15,140.63,131.65,1,-1,-1,-1
283,33,727.46,87.07,350.81,372.47,1,-1,-1,-1
283,52,1341.03,182.87,243.13,182.13,1,-1,-1,-1
283,55,1785.97,359.41,86.75,319.12,1,-1,-1,-1
283,57,1003.57,137.12,139.67,131.89,1,-1,-1,-1
284,33,726.93,87.64,351.38,371.70,1,-1,-1,-1
284,52,1340.86,182.97,244.76,182.25,1,-1,-1,-1
284,55,1783.31,359.73,92.99,318.95,1,-1,-1,-1
284,57,1004.06,137.10,138.54,131.98,1,-1,-1,-1
285,33,726.18,87.78,352.17,371.32,1,-1,-1,-1
285,52,1340.76,183.08,246.23,182.34,1,-1,-1,-1
285,55,1780.70,360.03,99.07,318.82,1,-1,-1,-1
285,57,1004.59,137.09,137.35,132.01,1,-1,-1,-1
286,33,725.03,87.78,353.11,371.09,1,-1,-1,-1
286,52,1341.08,183.85,246.79,181.76,1,-1,-1,-1
286,55,1778.16,360.29,104.90,318.70,1,-1,-1,-1
286,57,1005.75,137.07,135.64,131.34,1,-1,-1,-1
287,33,724.78,88.38,353.37,370.27,1,-1,-1,-1
287,52,1340.75,183.53,248.54,182.25,1,-1,-1,-1
287,55,1775.70,360.52,110.43,318.61,1,-1,-1,-1
287,57,1006.15,137.06,135.01,131.77,1,-1,-1,-1
288,33,723.99,87.89,354.49,370.56,1,-1,-1,-1
288,52,1340.57,183.45,249.82,182.46,1,-1,-1,-1
288,55,1773.37,360.71,115.65,318.53,1,-1,-1,-1
288,57,1006.59,137.05,134.16,131.93,1,-1,-1,-1
289,33,722.54,86.35,356.92,372.60,1,-1,-1,-1
289,52,1340.85,183.47,250.09,181.91,1,-1,-1,-1
289,55,1771.16,360.88,120.52,318.46,1,-1,-1,-1
289,57,1006.07,136.38,133.87,132.65,1,-1,-1,-1
290,33,721.75,85.73,358.06,373.32,1,-1,-1,-1
290,52,1340.88,183.51,250.78,181.73,1,-1,-1,-1
290,55,1769.10,361.02,125.05,318.40,1,-1,-1,-1
290,57,1006.15,136.13,133.17,132.92,1,-1,-1,-1
291,33,721.24,85.46,358.68,373.55,1,-1,-1,-1
291,52,1340.81,183.56,251.56,181.69,1,-1,-1,-1
291,55,1767.17,361.14,129.24,318.35,1,-1,-1,-1
291,57,1006.45,136.03,132.36,133.02,1,-1,-1,-1
292,33,723.19,85.99,359.79,374.71,1,-1,-1,-1
292,52,1337.34,182.85,250.76,181.12,1,-1,-1,-1
292,55,1765.14,359.77,129.47,318.92,1,-1,-1,-1
292,57,1006.50,135.99,132.49,133.15,1,-1,-1,-1
294,58,889.94,112.81,478.72,492.47,1,-1,-1,-1
294,60,671.94,141.06,153.19,113.13,1,-1,-1,-1
294,61,805.09,139.54,111.96,121.66,1,-1,-1,-1
294,62,1413.02,271.84,346.86,246.06,1,-1,-1,-1
294,63,199.48,177.82,406.04,158.75,1,-1,-1,-1
295,58,904.41,112.37,488.98,503.37,1,-1,-1,-1
295,60,670.66,142.73,150.60,111.20,1,-1,-1,-1
295,61,808.63,140.77,113.48,121.70,1,-1,-1,-1
295,62,1394.88,266.43,339.38,240.78,1,-1,-1,-1
295,63,176.24,178.12,406.73,158.93,1,-1,-1,-1
296,58,918.31,113.63,501.31,516.07,1,-1,-1,-1
296,60,672.06,145.45,147.84,109.18,1,-1,-1,-1
296,61,806.57,139.65,117.09,123.24,1,-1,-1,-1
296,62,1378.66,260.48,334.51,237.56,1,-1,-1,-1
296,63,153.01,178.18,409.03,159.73,1,-1,-1,-1
297,58,932.67,118.96,507.64,522.92,1,-1,-1,-1
297,60,672.67,147.00,146.06,107.87,1,-1,-1,-1
297,61,803.59,139.25,118.35,122.36,1,-1,-1,-1
297,62,1367.80,252.98,330.34,235.86,1,-1,-1,-1
297,63,133.43,178.88,410.03,159.99,1,-1,-1,-1
298,58,950.18,120.86,518.18,534.58,1,-1,-1,-1
298,60,673.93,148.87,142.73,105.38,1,-1,-1,-1
298,61,798.78,139.80,118.37,119.94,1,-1,-1,-1
298,62,1368.43,247.13,321.03,231.85,1,-1,-1,-1
298,63,119.52,178.41,408.77,159.38,1,-1,-1,-1
