3,1,305.40,564.41,238.70,189.15,1,-1,-1,-1
3,2,957.76,215.61,117.86,103.18,1,-1,-1,-1
3,3,0.76,883.02,500.45,193.98,1,-1,-1,-1
3,4,377.72,199.98,98.02,46.02,1,-1,-1,-1
3,5,1594.66,399.00,247.77,96.98,1,-1,-1,-1
4,1,297.60,570.59,241.14,190.99,1,-1,-1,-1
4,2,957.39,211.75,118.63,103.65,1,-1,-1,-1
4,3,0.19,882.28,502.34,194.72,1,-1,-1,-1
4,4,377.16,200.71,96.40,45.29,1,-1,-1,-1
4,5,1593.91,399.00,247.88,96.95,1,-1,-1,-1
5,1,290.37,576.17,243.58,192.95,1,-1,-1,-1
5,2,959.03,209.13,118.22,103.10,1,-1,-1,-1
5,3,-0.00,882.04,502.97,194.96,1,-1,-1,-1
5,4,377.39,200.96,95.84,45.04,1,-1,-1,-1
5,5,1593.01,398.26,249.93,97.69,1,-1,-1,-1
6,1,283.38,581.45,246.09,194.95,1,-1,-1,-1
6,2,959.85,205.50,118.94,103.65,1,-1,-1,-1
6,3,-0.06,881.96,503.16,195.04,1,-1,-1,-1
6,4,377.16,201.03,95.59,44.97,1,-1,-1,-1
6,5,1592.64,398.02,250.75,97.94,1,-1,-1,-1
7,1,277.93,586.60,248.52,196.95,1,-1,-1,-1
7,2,960.81,202.26,118.48,103.15,1,-1,-1,-1
7,3,-0.07,881.94,503.20,195.06,1,-1,-1,-1
7,4,377.13,201.05,95.45,44.95,1,-1,-1,-1
7,5,1593.27,398.64,249.50,97.33,1,-1,-1,-1
8,1,271.32,591.68,250.92,198.96,1,-1,-1,-1
8,2,961.76,199.15,118.39,102.98,1,-1,-1,-1
8,3,0.73,882.63,501.59,194.37,1,-1,-1,-1
8,4,376.85,201.05,95.28,44.95,1,-1,-1,-1
8,5,1593.39,398.87,249.26,97.10,1,-1,-1,-1
9,1,265.46,596.74,250.99,198.94,1,-1,-1,-1
9,2,962.38,196.79,117.74,102.24,1,-1,-1,-1
9,3,0.98,882.89,501.09,194.11,1,-1,-1,-1
9,4,376.82,201.05,95.13,44.95,1,-1,-1,-1
9,5,1592.14,400.32,245.62,95.65,1,-1,-1,-1
10,1,257.52,600.44,254.88,202.20,1,-1,-1,-1
10,2,963.23,194.69,116.85,101.31,1,-1,-1,-1
10,3,1.02,882.98,501.01,194.02,1,-1,-1,-1
10,4,376.87,201.04,94.98,44.96,1,-1,-1,-1
10,5,1591.17,400.18,245.98,95.81,1,-1,-1,-1
11,1,250.57,606.96,257.39,204.02,1,-1,-1,-1
11,2,963.49,193.37,115.89,100.30,1,-1,-1,-1
11,3,1.27,883.01,501.16,193.99,1,-1,-1,-1
11,4,377.69,201.04,94.68,44.96,1,-1,-1,-1
11,5,1590.54,400.11,246.03,95.87,1,-1,-1,-1
12,1,242.61,610.58,260.82,206.62,1,-1,-1,-1
12,2,965.52,191.64,114.31,98.59,1,-1,-1,-1
12,3,1.30,883.02,501.36,193.98,1,-1,-1,-1
12,4,377.77,200.36,95.71,45.64,1,-1,-1,-1
12,5,1590.35,400.08,246.01,95.90,1,-1,-1,-1
13,1,234.02,615.06,265.75,210.83,1,-1,-1,-1
13,2,966.81,190.44,112.59,96.63,1,-1,-1,-1
13,3,0.94,883.02,501.49,193.98,1,-1,-1,-1
13,4,378.13,200.11,96.12,45.89,1,-1,-1,-1
13,5,1590.45,400.07,247.70,96.59,1,-1,-1,-1
14,1,225.55,619.88,270.54,214.98,1,-1,-1,-1
14,2,968.60,188.75,111.97,95.94,1,-1,-1,-1
14,3,0.77,883.02,501.62,193.98,1,-1,-1,-1
14,4,378.59,200.01,96.29,45.99,1,-1,-1,-1
14,5,1589.77,399.39,249.80,97.52,1,-1,-1,-1
15,1,217.68,623.52,273.54,217.80,1,-1,-1,-1
15,2,970.08,185.52,112.74,96.39,1,-1,-1,-1
15,3,0.66,883.02,501.74,193.98,1,-1,-1,-1
15,4,379.06,199.98,96.42,46.02,1,-1,-1,-1
15,5,1589.89,399.13,250.51,97.87,1,-1,-1,-1
16,1,210.62,628.66,275.33,219.44,1,-1,-1,-1
16,2,972.57,182.41,112.42,95.92,1,-1,-1,-1
16,3,0.30,883.02,501.76,193.98,1,-1,-1,-1
16,4,379.22,199.97,96.49,46.03,1,-1,-1,-1
16,5,1590.45,399.70,249.12,97.33,1,-1,-1,-1
17,1,205.22,635.70,273.99,218.02,1,-1,-1,-1
17,2,974.43,180.01,112.38,95.77,1,-1,-1,-1
17,3,0.45,883.02,501.87,193.98,1,-1,-1,-1
17,4,378.98,199.97,96.45,46.03,1,-1,-1,-1
17,5,1591.25,399.91,248.75,97.13,1,-1,-1,-1
18,1,198.20,642.16,275.29,218.69,1,-1,-1,-1
18,2,976.79,177.87,111.60,95.07,1,-1,-1,-1
18,3,0.47,883.01,501.98,193.99,1,-1,-1,-1
18,4,378.61,199.97,96.33,46.03,1,-1,-1,-1
18,5,1591.80,399.99,248.78,97.05,1,-1,-1,-1
19,1,191.84,647.71,277.02,219.53,1,-1,-1,-1
19,2,980.65,176.51,109.92,93.50,1,-1,-1,-1
19,3,0.45,883.01,502.07,193.99,1,-1,-1,-1
19,4,377.90,199.98,97.40,46.69,1,-1,-1,-1
19,5,1591.66,400.02,248.82,97.02,1,-1,-1,-1
20,1,181.66,650.30,283.12,224.37,1,-1,-1,-1
20,2,984.00,175.43,108.06,91.59,1,-1,-1,-1
20,3,1.16,883.67,500.68,193.33,1,-1,-1,-1
20,4,378.03,199.98,96.36,46.27,1,-1,-1,-1
20,5,1592.30,400.69,247.45,96.34,1,-1,-1,-1
21,1,174.21,655.03,285.81,226.15,1,-1,-1,-1
21,2,987.08,173.11,107.60,90.92,1,-1,-1,-1
21,3,1.34,883.92,500.33,193.08,1,-1,-1,-1
21,4,377.59,199.98,94.30,45.45,1,-1,-1,-1
21,5,1588.05,400.94,243.98,95.43,1,-1,-1,-1
22,1,167.55,659.29,286.37,226.11,1,-1,-1,-1
22,2,990.00,170.32,108.42,91.37,1,-1,-1,-1
22,3,1.60,884.01,500.46,192.99,1,-1,-1,-1
22,4,377.80,199.98,93.43,45.14,1,-1,-1,-1
22,5,1586.01,400.36,243.56,95.75,1,-1,-1,-1
23,1,158.56,663.35,290.74,229.29,1,-1,-1,-1
23,2,993.59,168.70,107.56,90.24,1,-1,-1,-1
23,3,1.60,884.04,500.71,192.96,1,-1,-1,-1
23,4,377.66,199.99,92.89,45.02,1,-1,-1,-1
23,5,1585.61,400.14,242.74,95.88,1,-1,-1,-1
23,9,-0.02,192.53,71.81,68.78,1,-1,-1,-1
24,1,149.66,667.35,295.29,232.39,1,-1,-1,-1
24,2,997.73,166.86,106.85,89.17,1,-1,-1,-1
24,3,1.51,884.05,500.99,192.95,1,-1,-1,-1
24,4,377.69,199.99,92.55,44.98,1,-1,-1,-1
24,5,1586.79,400.72,240.49,95.27,1,-1,-1,-1
24,9,-0.40,192.95,72.82,69.78,1,-1,-1,-1
25,1,141.34,671.33,298.79,234.82,1,-1,-1,-1
25,2,1002.36,164.92,106.91,88.80,1,-1,-1,-1
25,3,1.10,884.05,501.17,192.95,1,-1,-1,-1
25,4,376.44,199.99,93.64,45.63,1,-1,-1,-1
25,5,1594.01,402.26,238.11,93.71,1,-1,-1,-1
25,9,-3.39,193.08,79.59,76.67,1,-1,-1,-1
26,1,135.56,675.95,294.68,230.45,1,-1,-1,-1
26,2,1006.51,162.94,107.24,88.70,1,-1,-1,-1
26,3,0.90,884.04,501.34,192.96,1,-1,-1,-1
26,4,376.32,199.99,94.01,45.88,1,-1,-1,-1
26,5,1596.35,402.84,238.03,93.14,1,-1,-1,-1
26,9,-4.55,193.11,82.18,79.66,1,-1,-1,-1
27,1,126.09,678.85,300.86,234.61,1,-1,-1,-1
27,2,1011.20,161.62,106.85,88.02,1,-1,-1,-1
27,3,-0.25,883.38,502.88,193.62,1,-1,-1,-1
27,4,376.04,199.99,93.99,45.97,1,-1,-1,-1
27,5,1597.40,403.04,238.95,92.93,1,-1,-1,-1
27,9,-5.61,193.34,84.69,82.10,1,-1,-1,-1
28,1,118.20,683.73,303.06,235.47,1,-1,-1,-1
28,2,1016.74,160.55,105.58,86.46,1,-1,-1,-1
28,3,-0.63,883.12,503.36,193.88,1,-1,-1,-1
28,4,376.00,199.99,93.86,46.00,1,-1,-1,-1
28,5,1596.81,403.11,239.91,92.87,1,-1,-1,-1
29,1,111.15,688.71,304.59,235.73,1,-1,-1,-1
29,2,1021.75,158.89,105.66,85.90,1,-1,-1,-1
29,3,0.29,883.69,502.07,193.31,1,-1,-1,-1
29,4,376.33,199.99,93.81,46.02,1,-1,-1,-1
29,5,1597.12,403.12,241.18,92.86,1,-1,-1,-1
30,1,103.73,692.41,305.28,235.11,1,-1,-1,-1
30,2,1025.90,156.34,107.53,87.06,1,-1,-1,-1
30,3,0.60,883.90,501.68,193.10,1,-1,-1,-1
30,4,376.48,199.99,93.74,46.02,1,-1,-1,-1
30,5,1596.12,402.46,243.85,93.53,1,-1,-1,-1
31,1,95.92,694.96,307.45,235.47,1,-1,-1,-1
31,2,1033.16,155.46,106.49,85.52,1,-1,-1,-1
31,3,0.95,883.98,501.72,193.02,1,-1,-1,-1
31,4,377.69,199.99,94.73,46.68,1,-1,-1,-1
31,5,1589.43,402.20,243.57,93.79,1,-1,-1,-1
32,1,89.74,697.74,307.29,233.59,1,-1,-1,-1
32,2,1039.65,154.55,104.96,83.63,1,-1,-1,-1
32,3,0.73,884.01,501.77,192.99,1,-1,-1,-1
32,4,378.24,199.99,94.91,46.92,1,-1,-1,-1
32,5,1586.86,402.10,242.88,93.89,1,-1,-1,-1
33,1,84.53,701.27,306.88,231.51,1,-1,-1,-1
33,2,1045.25,151.61,106.39,84.30,1,-1,-1,-1
33,3,1.35,884.68,500.39,192.32,1,-1,-1,-1
33,4,378.54,200.00,94.80,47.01,1,-1,-1,-1
33,5,1586.60,402.71,240.56,93.27,1,-1,-1,-1
34,1,78.25,705.09,307.90,230.69,1,-1,-1,-1
34,2,1050.91,148.59,108.08,85.23,1,-1,-1,-1
34,3,0.29,883.61,503.11,193.39,1,-1,-1,-1
34,4,379.02,200.00,93.37,46.39,1,-1,-1,-1
34,5,1586.81,402.95,239.13,93.04,1,-1,-1,-1
35,1,71.71,708.36,308.53,229.04,1,-1,-1,-1
35,2,1058.06,146.86,107.58,84.27,1,-1,-1,-1
35,3,-0.09,883.20,504.10,193.80,1,-1,-1,-1
35,4,379.24,200.00,94.06,46.80,1,-1,-1,-1
35,5,1586.40,402.37,239.62,93.63,1,-1,-1,-1
36,1,59.15,711.42,322.83,239.01,1,-1,-1,-1
36,2,1064.44,144.97,106.96,83.26,1,-1,-1,-1
36,3,0.52,883.71,502.97,193.29,1,-1,-1,-1
36,4,379.64,200.00,94.33,46.96,1,-1,-1,-1
36,5,1586.82,402.14,239.38,93.85,1,-1,-1,-1
37,1,53.47,715.08,322.62,237.49,1,-1,-1,-1
37,2,1071.48,143.67,107.02,82.91,1,-1,-1,-1
37,3,0.42,883.90,502.54,193.10,1,-1,-1,-1
37,4,379.80,200.00,94.40,47.02,1,-1,-1,-1
37,5,1586.77,402.06,240.40,94.60,1,-1,-1,-1
38,1,44.53,716.98,326.73,239.47,1,-1,-1,-1
38,2,1078.42,142.60,107.33,82.79,1,-1,-1,-1
38,3,0.36,883.98,502.42,193.02,1,-1,-1,-1
38,4,379.87,200.00,94.40,47.03,1,-1,-1,-1
38,5,1587.01,402.02,240.32,94.88,1,-1,-1,-1
39,1,35.09,718.88,328.99,240.18,1,-1,-1,-1
39,2,1087.01,140.94,106.34,81.44,1,-1,-1,-1
39,3,-0.42,883.34,503.88,193.66,1,-1,-1,-1
39,4,380.46,200.00,94.57,47.04,1,-1,-1,-1
39,5,1587.76,402.01,238.34,94.32,1,-1,-1,-1
40,1,29.11,721.44,327.89,237.79,1,-1,-1,-1
40,2,1094.84,139.72,105.65,80.29,1,-1,-1,-1
40,3,-2.59,881.12,508.85,195.88,1,-1,-1,-1
40,4,380.64,200.00,94.71,47.04,1,-1,-1,-1
40,5,1587.60,402.01,238.52,94.77,1,-1,-1,-1
41,1,27.73,725.58,317.61,226.92,1,-1,-1,-1
41,2,1101.59,137.34,107.26,81.22,1,-1,-1,-1
41,3,-0.43,882.26,506.08,194.74,1,-1,-1,-1
41,4,380.20,200.66,93.12,46.37,1,-1,-1,-1
41,5,1587.99,401.34,238.36,94.94,1,-1,-1,-1
42,1,23.24,729.67,316.25,222.75,1,-1,-1,-1
42,2,1109.82,135.85,106.60,80.26,1,-1,-1,-1
42,3,2.95,884.03,502.55,192.97,1,-1,-1,-1
42,4,379.80,200.24,93.62,46.78,1,-1,-1,-1
42,5,1587.03,400.43,239.22,95.66,1,-1,-1,-1
43,1,17.38,733.05,317.96,221.25,1,-1,-1,-1
43,2,1119.24,135.37,104.52,77.91,1,-1,-1,-1
43,3,3.39,884.70,501.56,192.30,1,-1,-1,-1
43,4,379.74,200.75,92.32,46.28,1,-1,-1,-1
43,5,1586.65,400.09,238.94,95.93,1,-1,-1,-1
43,11,-2.69,193.00,78.38,85.11,1,-1,-1,-1
44,1,15.18,735.50,317.12,218.06,1,-1,-1,-1
44,2,1127.17,132.58,105.75,78.41,1,-1,-1,-1
44,3,3.79,885.61,500.03,191.39,1,-1,-1,-1
44,4,379.69,200.94,91.86,46.08,1,-1,-1,-1
44,5,1587.76,400.63,237.00,95.37,1,-1,-1,-1
44,11,-2.38,193.00,77.01,83.80,1,-1,-1,-1
45,1,11.18,737.61,318.99,217.59,1,-1,-1,-1
45,2,1134.74,131.61,105.77,77.94,1,-1,-1,-1
45,3,2.28,885.95,499.43,191.05,1,-1,-1,-1
45,4,379.13,200.34,92.78,46.67,1,-1,-1,-1
45,5,1588.34,400.84,235.97,95.15,1,-1,-1,-1
45,11,-3.10,193.00,78.94,86.24,1,-1,-1,-1
46,1,6.53,738.94,325.11,220.79,1,-1,-1,-1
46,2,1144.16,130.65,104.70,76.46,1,-1,-1,-1
46,3,2.65,886.06,498.00,190.27,1,-1,-1,-1
46,4,378.99,200.12,92.99,46.90,1,-1,-1,-1
46,5,1588.99,400.92,235.42,95.07,1,-1,-1,-1
46,11,-2.01,193.00,76.93,84.22,1,-1,-1,-1
47,1,6.47,741.31,321.09,216.73,1,-1,-1,-1
47,2,1151.71,129.03,105.70,76.60,1,-1,-1,-1
47,3,2.34,886.10,497.70,189.99,1,-1,-1,-1
47,4,379.00,200.03,92.95,46.98,1,-1,-1,-1
47,5,1589.75,401.62,233.53,94.37,1,-1,-1,-1
47,11,-0.69,193.00,73.64,80.63,1,-1,-1,-1
48,1,2.64,744.22,319.50,215.66,1,-1,-1,-1
48,2,1160.22,129.15,104.09,74.67,1,-1,-1,-1
48,3,-75.77,819.19,652.25,257.47,1,-1,-1,-1
48,4,378.97,200.00,93.01,47.01,1,-1,-1,-1
48,5,1589.99,401.88,232.92,94.11,1,-1,-1,-1
48,11,-2.25,193.00,76.54,84.26,1,-1,-1,-1
49,2,1167.08,127.25,105.57,75.32,1,-1,-1,-1
49,3,-86.45,803.10,674.21,273.75,1,-1,-1,-1
49,4,378.96,199.33,94.34,47.68,1,-1,-1,-1
49,5,1589.79,402.64,232.61,94.01,1,-1,-1,-1
49,11,-2.07,193.00,76.78,84.84,1,-1,-1,-1
49,13,1791.85,908.57,128.22,171.45,1,-1,-1,-1
50,2,1174.34,125.94,105.46,74.92,1,-1,-1,-1
50,3,-27.23,852.54,555.44,223.78,1,-1,-1,-1
50,4,379.52,199.74,93.73,47.27,1,-1,-1,-1
50,5,1590.02,402.92,232.57,93.98,1,-1,-1,-1
50,11,-1.90,193.00,76.68,85.04,1,-1,-1,-1
50,13,1780.30,894.33,138.91,185.73,1,-1,-1,-1
51,2,1182.23,124.17,105.80,74.79,1,-1,-1,-1
51,3,-1.03,875.60,502.26,201.18,1,-1,-1,-1
51,4,378.55,199.90,91.89,46.45,1,-1,-1,-1
51,5,1590.52,403.03,231.08,93.31,1,-1,-1,-1
51,11,-3.12,193.00,78.53,87.79,1,-1,-1,-1
51,13,1768.64,879.25,149.77,200.13,1,-1,-1,-1
51,14,1674.92,416.76,249.94,294.29,1,-1,-1,-1
52,2,1189.80,122.90,105.42,74.09,1,-1,-1,-1
52,3,9.47,885.67,481.00,191.26,1,-1,-1,-1
52,4,378.52,199.96,89.85,45.47,1,-1,-1,-1
52,5,1590.37,403.06,230.53,93.06,1,-1,-1,-1
52,11,-3.37,193.00,78.82,88.79,1,-1,-1,-1
52,13,1758.97,867.31,157.42,209.82,1,-1,-1,-1
52,14,1674.30,418.47,250.73,295.73,1,-1,-1,-1
52,15,10.27,750.23,291.16,170.96,1,-1,-1,-1
53,2,1195.99,121.15,105.29,73.19,1,-1,-1,-1
53,3,10.54,887.86,478.12,189.12,1,-1,-1,-1
53,4,378.83,199.98,90.47,45.78,1,-1,-1,-1
53,5,1590.30,403.06,230.37,92.97,1,-1,-1,-1
53,11,-3.06,193.00,77.45,87.84,1,-1,-1,-1
53,13,1747.82,854.65,167.69,222.90,1,-1,-1,-1
53,14,1674.74,416.85,250.39,295.97,1,-1,-1,-1
53,15,9.61,750.87,288.37,168.95,1,-1,-1,-1
54,2,1203.24,120.56,104.77,72.21,1,-1,-1,-1
54,3,10.70,889.33,476.86,187.67,1,-1,-1,-1
54,4,378.94,199.99,89.39,45.23,1,-1,-1,-1
54,5,1590.54,403.06,230.45,92.94,1,-1,-1,-1
54,11,-2.27,193.66,75.59,86.11,1,-1,-1,-1
54,13,1737.67,843.66,177.17,234.72,1,-1,-1,-1
54,14,1675.99,416.97,248.06,293.77,1,-1,-1,-1
54,15,-0.46,754.06,305.09,178.96,1,-1,-1,-1
55,2,1212.27,119.73,104.71,71.86,1,-1,-1,-1
55,3,9.68,889.20,479.24,187.81,1,-1,-1,-1
55,4,378.70,200.00,88.91,45.03,1,-1,-1,-1
55,5,1589.19,402.39,233.38,94.26,1,-1,-1,-1
55,11,-2.34,193.91,76.31,87.44,1,-1,-1,-1
55,13,1727.53,832.68,186.50,246.03,1,-1,-1,-1
55,14,1675.01,416.31,250.06,297.09,1,-1,-1,-1
55,15,-6.33,755.78,315.81,185.75,1,-1,-1,-1
56,2,1218.83,118.14,104.38,71.76,1,-1,-1,-1
56,3,9.20,889.81,479.67,187.20,1,-1,-1,-1
56,4,378.92,200.00,88.78,44.96,1,-1,-1,-1
56,5,1589.75,402.80,233.01,94.10,1,-1,-1,-1
56,11,-1.27,194.00,73.73,84.63,1,-1,-1,-1
56,13,1717.25,821.08,196.66,258.41,1,-1,-1,-1
56,14,1674.69,416.08,250.71,298.91,1,-1,-1,-1
56,15,3.38,757.71,292.06,171.03,1,-1,-1,-1
56,16,1274.51,110.00,126.34,41.96,1,-1,-1,-1
57,2,1224.10,117.60,102.69,71.08,1,-1,-1,-1
57,3,7.32,888.69,483.93,188.32,1,-1,-1,-1
57,4,379.28,200.00,88.85,44.94,1,-1,-1,-1
57,5,1589.68,402.95,232.78,94.04,1,-1,-1,-1
57,11,-0.35,193.36,71.05,81.52,1,-1,-1,-1
57,13,1707.41,811.12,205.57,268.69,1,-1,-1,-1
57,14,1675.53,415.99,248.35,296.79,1,-1,-1,-1
57,15,4.73,759.04,286.52,167.30,1,-1,-1,-1
57,16,1277.95,110.00,124.70,41.41,1,-1,-1,-1
58,2,1229.72,115.45,102.84,71.51,1,-1,-1,-1
58,3,6.07,887.60,487.94,189.41,1,-1,-1,-1
58,4,379.11,200.00,88.85,44.94,1,-1,-1,-1
58,5,1590.34,403.01,232.66,94.01,1,-1,-1,-1
58,11,-1.25,193.12,73.22,84.42,1,-1,-1,-1
58,13,1697.01,799.92,215.41,280.02,1,-1,-1,-1
58,14,1676.05,415.97,247.05,295.93,1,-1,-1,-1
58,15,17.63,761.53,254.98,146.63,1,-1,-1,-1
59,2,1238.60,115.36,99.45,69.70,1,-1,-1,-1
59,3,-10.98,873.28,520.65,203.73,1,-1,-1,-1
59,4,379.33,200.00,88.95,44.94,1,-1,-1,-1
59,5,1590.64,403.03,231.18,93.34,1,-1,-1,-1
59,11,-1.47,193.04,73.80,85.47,1,-1,-1,-1
59,13,1687.55,790.74,223.96,289.24,1,-1,-1,-1
59,14,1677.43,418.65,244.20,292.88,1,-1,-1,-1
59,15,21.71,762.31,245.72,139.18,1,-1,-1,-1
60,2,1253.75,112.04,102.08,70.38,1,-1,-1,-1
60,3,-24.27,860.26,547.34,216.74,1,-1,-1,-1
60,4,378.44,200.00,90.27,45.61,1,-1,-1,-1
60,5,1591.37,403.03,230.71,93.09,1,-1,-1,-1
60,11,-1.92,193.00,75.41,87.84,1,-1,-1,-1
60,13,1678.31,781.76,231.03,295.72,1,-1,-1,-1
60,14,1679.16,421.67,241.37,289.69,1,-1,-1,-1
60,15,21.49,763.22,245.20,136.93,1,-1,-1,-1
61,2,1263.98,110.20,105.18,71.30,1,-1,-1,-1
61,3,-88.98,799.64,676.19,277.37,1,-1,-1,-1
61,4,379.34,200.00,92.26,46.52,1,-1,-1,-1
61,5,1590.33,402.37,231.84,93.66,1,-1,-1,-1
61,11,-2.10,192.97,75.75,88.23,1,-1,-1,-1
61,13,1669.35,770.93,237.78,301.08,1,-1,-1,-1
61,14,1675.67,413.38,248.57,299.91,1,-1,-1,-1
61,15,20.80,763.48,246.35,135.64,1,-1,-1,-1
62,2,1269.60,108.24,106.83,71.67,1,-1,-1,-1
62,3,-105.43,776.20,709.46,300.80,1,-1,-1,-1
62,4,379.35,200.00,93.02,46.87,1,-1,-1,-1
62,5,1590.01,402.12,232.12,93.88,1,-1,-1,-1
62,13,1663.26,762.55,237.58,295.18,1,-1,-1,-1
62,14,1675.31,410.98,250.04,302.99,1,-1,-1,-1
62,15,18.57,764.20,250.16,136.06,1,-1,-1,-1
63,2,1277.33,106.23,108.16,71.82,1,-1,-1,-1
63,3,-100.96,771.13,700.70,305.87,1,-1,-1,-1
63,4,379.05,200.00,93.25,46.99,1,-1,-1,-1
63,5,1589.68,402.02,232.00,93.96,1,-1,-1,-1
63,13,1655.11,751.95,241.00,292.98,1,-1,-1,-1
63,14,1674.74,409.43,250.81,305.45,1,-1,-1,-1
63,15,20.55,765.30,244.22,132.83,1,-1,-1,-1
64,2,1281.52,104.21,108.79,71.88,1,-1,-1,-1
64,3,-99.26,763.82,696.75,313.19,1,-1,-1,-1
64,4,379.51,200.00,93.50,47.04,1,-1,-1,-1
64,5,1590.62,401.99,230.48,93.33,1,-1,-1,-1
64,13,1648.24,740.44,243.66,288.57,1,-1,-1,-1
64,14,1675.22,408.21,249.04,304.35,1,-1,-1,-1
65,2,1287.51,103.51,108.17,71.25,1,-1,-1,-1
65,3,-95.89,758.65,689.79,318.99,1,-1,-1,-1
65,4,379.36,200.00,93.58,47.05,1,-1,-1,-1
65,5,1590.97,401.98,229.93,93.09,1,-1,-1,-1
65,13,1640.24,727.92,247.31,284.59,1,-1,-1,-1
65,14,1677.25,410.42,245.98,301.23,1,-1,-1,-1
66,2,1292.53,101.99,108.42,71.68,1,-1,-1,-1
66,3,-84.34,761.95,666.62,315.93,1,-1,-1,-1
66,4,379.28,200.00,93.63,47.05,1,-1,-1,-1
66,5,1590.39,401.98,231.14,93.67,1,-1,-1,-1
66,13,1631.97,718.30,249.71,277.55,1,-1,-1,-1
66,14,1677.34,409.30,245.53,301.32,1,-1,-1,-1
67,2,1299.22,102.79,103.64,68.55,1,-1,-1,-1
67,3,-66.48,772.63,630.87,304.71,1,-1,-1,-1
67,4,379.24,200.00,92.36,46.39,1,-1,-1,-1
67,5,1589.25,401.32,232.79,94.55,1,-1,-1,-1
67,13,1625.49,712.46,249.14,266.01,1,-1,-1,-1
67,14,1678.25,409.56,242.27,297.37,1,-1,-1,-1
68,2,1306.04,101.84,102.59,68.03,1,-1,-1,-1
68,3,-39.38,796.12,576.67,281.00,1,-1,-1,-1
68,4,379.49,200.00,91.98,46.13,1,-1,-1,-1
68,5,1590.63,401.73,230.46,93.56,1,-1,-1,-1
68,13,1611.40,703.41,251.31,259.43,1,-1,-1,-1
68,14,1676.75,411.02,244.74,301.16,1,-1,-1,-1
69,2,1311.84,100.87,101.13,67.19,1,-1,-1,-1
69,3,-57.19,772.68,612.29,305.03,1,-1,-1,-1
69,4,379.27,200.00,93.14,46.70,1,-1,-1,-1
69,5,1590.05,401.89,231.11,93.84,1,-1,-1,-1
69,13,1593.50,694.44,253.18,253.56,1,-1,-1,-1
69,14,1675.53,409.59,246.31,303.88,1,-1,-1,-1
70,2,1318.34,99.88,100.70,66.89,1,-1,-1,-1
70,3,-58.77,765.05,615.46,312.87,1,-1,-1,-1
70,4,379.17,200.00,93.59,46.91,1,-1,-1,-1
70,5,1590.55,401.95,229.93,93.29,1,-1,-1,-1
70,13,1577.59,686.16,253.52,246.63,1,-1,-1,-1
70,14,1675.71,408.41,245.64,303.57,1,-1,-1,-1
71,2,1323.73,98.23,100.77,66.80,1,-1,-1,-1
71,3,-49.87,769.33,597.68,308.66,1,-1,-1,-1
71,4,378.85,200.66,92.36,46.33,1,-1,-1,-1
71,5,1590.69,402.64,229.59,93.08,1,-1,-1,-1
71,13,1561.12,676.13,255.95,243.37,1,-1,-1,-1
71,14,1678.42,410.61,240.09,296.16,1,-1,-1,-1
72,2,1327.40,95.67,102.94,68.12,1,-1,-1,-1
72,3,-48.05,766.09,594.05,311.93,1,-1,-1,-1
72,4,377.89,200.25,92.89,46.77,1,-1,-1,-1
72,5,1589.96,401.57,232.35,94.33,1,-1,-1,-1
72,13,1544.53,667.45,255.77,238.16,1,-1,-1,-1
72,14,1677.73,409.47,241.44,297.99,1,-1,-1,-1
73,2,1331.15,94.75,102.54,67.30,1,-1,-1,-1
73,3,-33.40,778.03,564.74,299.35,1,-1,-1,-1
73,4,378.85,200.75,91.77,46.28,1,-1,-1,-1
73,5,1588.83,401.83,233.12,94.80,1,-1,-1,-1
73,13,1529.10,657.93,256.29,234.24,1,-1,-1,-1
73,14,1678.06,411.70,240.12,296.02,1,-1,-1,-1
73,18,2.86,191.55,63.51,66.04,1,-1,-1,-1
74,2,1347.38,95.13,98.80,65.67,1,-1,-1,-1
74,3,-26.67,782.96,551.30,294.83,1,-1,-1,-1
74,4,379.54,200.94,91.38,46.09,1,-1,-1,-1
74,5,1590.59,403.91,229.05,93.00,1,-1,-1,-1
74,13,1514.38,648.77,253.88,228.14,1,-1,-1,-1
74,14,1678.01,411.69,239.96,295.81,1,-1,-1,-1
74,18,1.82,192.04,65.38,67.87,1,-1,-1,-1
75,2,1356.77,94.67,94.95,63.73,1,-1,-1,-1
75,3,-28.13,778.26,554.22,299.68,1,-1,-1,-1
75,4,380.09,201.01,91.31,46.02,1,-1,-1,-1
75,5,1591.55,404.70,227.58,92.30,1,-1,-1,-1
75,13,1498.06,639.74,253.47,223.94,1,-1,-1,-1
75,18,1.80,192.16,65.37,67.70,1,-1,-1,-1
76,2,1362.05,93.20,94.69,63.71,1,-1,-1,-1
76,3,-9.32,798.22,516.61,279.13,1,-1,-1,-1
76,4,380.27,200.37,92.65,46.65,1,-1,-1,-1
76,5,1590.07,403.66,230.06,93.38,1,-1,-1,-1
76,13,1482.24,631.42,253.05,220.47,1,-1,-1,-1
76,18,-0.55,192.89,70.77,73.47,1,-1,-1,-1
77,2,1366.51,92.03,93.75,63.05,1,-1,-1,-1
77,3,-15.94,788.58,529.84,288.53,1,-1,-1,-1
77,4,380.04,200.78,91.78,46.24,1,-1,-1,-1
77,5,1590.22,403.27,230.90,93.78,1,-1,-1,-1
77,13,1468.56,623.37,252.13,217.28,1,-1,-1,-1
77,18,-1.58,193.13,73.07,76.11,1,-1,-1,-1
78,2,1370.68,91.64,92.50,62.16,1,-1,-1,-1
78,3,-23.84,776.63,545.65,300.39,1,-1,-1,-1
78,4,379.95,200.94,91.43,46.07,1,-1,-1,-1
78,5,1590.31,403.11,231.15,93.94,1,-1,-1,-1
78,13,1457.42,616.76,245.56,208.80,1,-1,-1,-1
78,18,0.16,192.53,69.68,72.39,1,-1,-1,-1
79,2,1375.66,90.87,92.02,61.85,1,-1,-1,-1
79,3,-27.97,769.53,553.26,308.11,1,-1,-1,-1
79,4,379.92,201.00,91.29,46.02,1,-1,-1,-1
79,5,1590.29,403.05,231.35,93.99,1,-1,-1,-1
79,13,1444.28,609.33,244.10,205.80,1,-1,-1,-1
79,18,0.52,192.26,68.99,71.55,1,-1,-1,-1
80,2,1380.17,90.62,90.73,61.10,1,-1,-1,-1
80,3,-27.77,766.86,552.62,311.02,1,-1,-1,-1
80,4,380.30,201.02,92.44,46.66,1,-1,-1,-1
80,5,1589.99,403.03,231.37,94.01,1,-1,-1,-1
80,13,1432.76,602.24,241.89,202.14,1,-1,-1,-1
80,18,-0.55,192.15,71.14,73.95,1,-1,-1,-1
80,21,1676.70,406.98,242.59,305.03,1,-1,-1,-1
81,2,1384.25,89.90,88.96,60.17,1,-1,-1,-1
81,3,-6.49,790.76,510.62,286.56,1,-1,-1,-1
81,4,379.71,201.03,91.70,46.24,1,-1,-1,-1
81,5,1590.16,402.36,231.44,94.02,1,-1,-1,-1
81,13,1419.32,594.60,241.02,200.27,1,-1,-1,-1
81,18,1.65,192.11,67.39,69.51,1,-1,-1,-1
81,21,1681.10,412.29,234.51,294.42,1,-1,-1,-1
82,2,1390.19,91.69,84.34,57.16,1,-1,-1,-1
82,3,-12.28,782.08,522.42,295.02,1,-1,-1,-1
82,4,379.46,201.03,91.45,46.08,1,-1,-1,-1
82,5,1590.22,402.10,231.50,94.02,1,-1,-1,-1
82,13,1408.33,586.75,237.74,196.35,1,-1,-1,-1
82,18,2.68,192.08,65.59,67.07,1,-1,-1,-1
82,21,1682.66,414.75,231.64,290.25,1,-1,-1,-1
83,2,1392.14,88.99,85.97,58.81,1,-1,-1,-1
83,3,-13.87,778.37,525.68,298.65,1,-1,-1,-1
83,4,379.35,201.02,91.40,46.02,1,-1,-1,-1
83,5,1589.94,402.01,231.45,94.02,1,-1,-1,-1
83,13,1397.30,579.50,234.08,192.34,1,-1,-1,-1
83,18,1.72,192.74,68.28,69.60,1,-1,-1,-1
83,21,1681.46,414.73,233.40,291.97,1,-1,-1,-1
83,23,1736.67,932.82,128.89,145.71,1,-1,-1,-1
84,2,1395.92,89.38,83.51,57.41,1,-1,-1,-1
84,3,-3.23,790.79,504.43,286.20,1,-1,-1,-1
84,4,379.57,201.68,90.20,45.33,1,-1,-1,-1
84,5,1589.53,401.32,232.71,94.68,1,-1,-1,-1
84,13,1387.24,572.46,231.04,188.99,1,-1,-1,-1
84,18,0.74,192.98,69.85,71.17,1,-1,-1,-1
84,21,1680.46,415.36,235.87,294.81,1,-1,-1,-1
84,23,1719.80,917.12,146.11,160.92,1,-1,-1,-1
85,2,1402.75,94.96,75.32,51.52,1,-1,-1,-1
85,3,-7.84,784.27,513.67,292.71,1,-1,-1,-1
85,4,379.62,200.60,91.15,45.74,1,-1,-1,-1
85,5,1590.04,401.06,233.17,94.92,1,-1,-1,-1
85,13,1375.84,564.14,230.89,188.58,1,-1,-1,-1
85,18,1.75,193.72,67.66,68.47,1,-1,-1,-1
85,21,1688.11,413.44,222.81,276.60,1,-1,-1,-1
85,23,1703.62,898.77,166.25,178.43,1,-1,-1,-1
86,2,1404.76,94.31,74.06,50.76,1,-1,-1,-1
86,3,-12.85,776.64,523.70,300.34,1,-1,-1,-1
86,4,379.03,199.53,92.71,46.56,1,-1,-1,-1
86,5,1589.61,400.97,233.26,95.01,1,-1,-1,-1
86,13,1367.23,557.37,225.25,183.17,1,-1,-1,-1
86,18,2.31,193.99,66.47,66.75,1,-1,-1,-1
86,21,1697.15,413.35,204.84,250.29,1,-1,-1,-1
86,23,1684.48,880.34,189.00,197.85,1,-1,-1,-1
87,2,1404.48,93.41,72.65,50.53,1,-1,-1,-1
87,3,-8.94,780.31,515.88,296.67,1,-1,-1,-1
87,4,379.01,199.79,92.25,46.21,1,-1,-1,-1
87,5,1588.38,400.28,236.09,96.36,1,-1,-1,-1
87,13,1358.51,551.18,221.21,179.28,1,-1,-1,-1
87,18,1.79,194.08,67.48,67.47,1,-1,-1,-1
87,21,1695.60,413.98,207.95,251.42,1,-1,-1,-1
87,23,1667.30,861.96,210.90,216.01,1,-1,-1,-1
88,2,1408.75,98.51,63.78,44.39,1,-1,-1,-1
88,3,11.56,806.93,474.89,270.05,1,-1,-1,-1
88,4,379.89,199.90,92.28,46.07,1,-1,-1,-1
88,5,1587.78,400.02,236.78,96.87,1,-1,-1,-1
88,13,1349.45,545.19,216.97,175.29,1,-1,-1,-1
88,18,2.09,194.11,66.88,66.41,1,-1,-1,-1
88,21,1687.08,414.18,225.67,272.64,1,-1,-1,-1
88,23,1651.92,844.88,232.28,233.64,1,-1,-1,-1
89,2,1407.65,97.59,63.14,44.31,1,-1,-1,-1
89,3,1.21,794.62,495.58,282.37,1,-1,-1,-1
89,4,379.29,199.94,92.16,46.02,1,-1,-1,-1
89,5,1589.44,400.59,233.90,95.73,1,-1,-1,-1
89,13,1341.84,537.23,212.88,171.27,1,-1,-1,-1
89,18,2.94,194.78,65.17,64.02,1,-1,-1,-1
89,21,1689.77,414.24,220.54,264.30,1,-1,-1,-1
89,23,1640.68,832.71,249.07,246.66,1,-1,-1,-1
90,2,1401.96,90.41,71.49,51.19,1,-1,-1,-1
90,3,1.41,795.01,495.18,281.98,1,-1,-1,-1
90,4,379.07,199.96,92.11,46.00,1,-1,-1,-1
90,5,1589.05,400.16,234.19,95.95,1,-1,-1,-1
90,13,1332.40,529.90,212.20,170.63,1,-1,-1,-1
90,18,0.08,195.02,70.87,69.90,1,-1,-1,-1
90,21,1685.06,412.87,230.02,275.40,1,-1,-1,-1
90,23,1629.53,819.49,265.98,260.25,1,-1,-1,-1
91,2,1399.82,84.75,76.70,55.44,1,-1,-1,-1
91,3,-0.60,793.15,499.20,284.50,1,-1,-1,-1
91,4,378.71,200.63,89.35,44.67,1,-1,-1,-1
91,5,1590.01,400.66,234.06,96.03,1,-1,-1,-1
91,13,1323.78,523.48,208.39,167.16,1,-1,-1,-1
91,18,-0.83,194.45,72.69,71.98,1,-1,-1,-1
91,21,1692.12,410.39,215.92,255.00,1,-1,-1,-1
91,23,1617.88,807.05,281.38,272.22,1,-1,-1,-1
92,2,1396.11,79.31,81.82,59.72,1,-1,-1,-1
92,3,15.00,814.24,467.99,263.67,1,-1,-1,-1
92,4,378.69,200.88,89.39,44.84,1,-1,-1,-1
92,5,1589.49,400.19,235.12,96.71,1,-1,-1,-1
92,13,1316.41,516.71,205.59,164.66,1,-1,-1,-1
92,18,0.29,194.22,69.80,68.89,1,-1,-1,-1
92,21,1693.69,410.28,213.08,251.63,1,-1,-1,-1
92,23,1606.55,792.44,298.22,286.63,1,-1,-1,-1
93,2,1392.71,75.93,85.06,62.68,1,-1,-1,-1
93,3,13.58,814.19,470.85,263.80,1,-1,-1,-1
93,4,378.76,200.98,89.26,44.90,1,-1,-1,-1
93,5,1590.45,400.68,232.54,95.65,1,-1,-1,-1
93,13,1310.32,511.16,200.81,160.50,1,-1,-1,-1
93,18,0.11,194.12,69.90,68.98,1,-1,-1,-1
93,23,1594.07,780.06,313.17,298.94,1,-1,-1,-1
94,2,1389.73,72.73,86.34,64.47,1,-1,-1,-1
94,3,20.97,825.50,456.07,252.52,1,-1,-1,-1
94,4,378.86,201.01,89.09,44.93,1,-1,-1,-1
94,5,1590.98,400.87,233.20,95.90,1,-1,-1,-1
94,13,1303.31,504.71,198.07,157.76,1,-1,-1,-1
94,18,-2.85,194.08,75.73,75.62,1,-1,-1,-1
94,23,1582.91,768.60,326.88,310.37,1,-1,-1,-1
94,25,-0.11,768.78,274.98,126.00,1,-1,-1,-1
95,2,1386.27,70.25,86.20,65.15,1,-1,-1,-1
95,3,44.06,857.48,409.88,219.87,1,-1,-1,-1
95,4,378.96,201.02,88.91,44.95,1,-1,-1,-1
95,5,1591.57,401.60,232.01,95.33,1,-1,-1,-1
95,13,1295.50,495.87,196.95,156.90,1,-1,-1,-1
95,18,-2.85,194.06,75.68,76.15,1,-1,-1,-1
95,23,1573.46,758.75,337.11,318.33,1,-1,-1,-1
95,25,0.79,769.02,273.40,125.24,1,-1,-1,-1
96,2,1384.64,69.36,85.35,65.38,1,-1,-1,-1
96,3,38.28,854.87,421.45,222.23,1,-1,-1,-1
96,4,379.34,201.02,88.83,44.96,1,-1,-1,-1
96,5,1591.62,401.22,233.22,95.78,1,-1,-1,-1
96,13,1288.47,487.54,196.29,156.70,1,-1,-1,-1
96,18,-1.84,194.05,73.67,74.37,1,-1,-1,-1
96,23,1563.24,748.31,348.85,328.00,1,-1,-1,-1
96,25,-0.83,768.34,275.95,126.47,1,-1,-1,-1
97,2,1379.87,67.79,85.50,66.09,1,-1,-1,-1
97,3,20.93,838.32,456.14,239.37,1,-1,-1,-1
97,4,378.85,201.02,88.75,44.96,1,-1,-1,-1
97,5,1591.16,401.08,231.98,95.28,1,-1,-1,-1
97,13,1281.43,480.73,192.99,154.05,1,-1,-1,-1
97,18,-3.06,194.04,76.10,77.59,1,-1,-1,-1
97,23,1550.84,736.98,362.37,339.67,1,-1,-1,-1
97,25,-2.76,768.10,279.59,128.32,1,-1,-1,-1
98,2,1370.02,70.48,84.10,63.74,1,-1,-1,-1
98,3,-1.57,813.32,501.13,264.59,1,-1,-1,-1
98,4,378.69,201.02,88.68,44.97,1,-1,-1,-1
98,5,1590.70,401.02,231.40,95.09,1,-1,-1,-1
98,13,1275.75,473.14,189.35,151.16,1,-1,-1,-1
98,18,-4.65,194.04,79.28,82.01,1,-1,-1,-1
98,23,1537.36,724.01,377.02,352.78,1,-1,-1,-1
98,25,-2.97,768.72,280.62,128.96,1,-1,-1,-1
99,2,1362.70,70.98,83.91,62.78,1,-1,-1,-1
99,3,-7.70,805.70,513.39,272.29,1,-1,-1,-1
99,4,378.38,200.36,89.83,45.63,1,-1,-1,-1
99,5,1591.54,401.66,229.83,94.36,1,-1,-1,-1
99,13,1270.77,465.94,186.50,148.86,1,-1,-1,-1
99,18,-5.74,194.67,81.45,85.61,1,-1,-1,-1
99,23,1526.74,716.71,388.05,362.04,1,-1,-1,-1
99,25,-3.56,768.80,281.84,129.52,1,-1,-1,-1
100,2,1354.65,71.87,83.34,61.74,1,-1,-1,-1
100,3,-15.26,795.56,528.53,282.46,1,-1,-1,-1
100,4,378.58,200.76,88.98,45.23,1,-1,-1,-1
100,5,1591.79,401.90,229.36,94.09,1,-1,-1,-1
100,13,1264.39,458.88,183.87,146.77,1,-1,-1,-1
100,18,-4.75,194.92,79.48,84.44,1,-1,-1,-1
100,23,1513.57,707.89,399.95,371.65,1,-1,-1,-1
101,2,1341.08,72.26,85.14,62.00,1,-1,-1,-1
101,3,-30.00,776.22,558.01,302.46,1,-1,-1,-1
101,4,378.68,200.92,88.62,45.07,1,-1,-1,-1
101,5,1591.83,402.66,229.29,93.99,1,-1,-1,-1
101,13,1258.44,451.19,180.76,144.09,1,-1,-1,-1
101,18,-3.02,194.36,77.33,82.60,1,-1,-1,-1
101,23,1502.22,700.98,409.72,378.87,1,-1,-1,-1
102,2,1326.28,73.10,88.97,63.40,1,-1,-1,-1
102,3,-33.11,768.82,564.85,310.10,1,-1,-1,-1
102,4,378.46,200.32,89.67,45.67,1,-1,-1,-1
102,5,1591.80,402.93,229.37,93.95,1,-1,-1,-1
102,13,1252.89,443.95,178.33,141.86,1,-1,-1,-1
102,18,-1.45,194.15,74.68,79.87,1,-1,-1,-1
102,23,1489.88,692.92,420.78,387.05,1,-1,-1,-1
103,2,1310.02,72.79,96.99,68.50,1,-1,-1,-1
103,3,-32.56,766.04,563.37,312.98,1,-1,-1,-1
103,4,378.41,200.09,89.99,45.90,1,-1,-1,-1
103,5,1591.05,402.37,230.88,94.61,1,-1,-1,-1
103,13,1245.84,435.53,177.38,141.14,1,-1,-1,-1
103,18,-2.43,194.06,76.16,82.12,1,-1,-1,-1
103,23,1478.52,684.38,432.14,395.64,1,-1,-1,-1
104,2,1298.13,72.68,97.64,67.87,1,-1,-1,-1
104,3,-30.17,765.11,559.08,313.94,1,-1,-1,-1
104,4,378.43,200.01,90.04,45.99,1,-1,-1,-1
104,5,1591.19,402.81,229.94,94.20,1,-1,-1,-1
104,13,1239.41,428.02,173.94,138.29,1,-1,-1,-1
104,18,-2.59,194.03,76.96,83.59,1,-1,-1,-1
104,23,1466.35,673.73,442.85,403.12,1,-1,-1,-1
105,2,1287.40,72.02,95.34,64.29,1,-1,-1,-1
105,3,-27.54,764.91,554.01,314.15,1,-1,-1,-1
105,4,377.99,200.64,88.99,45.36,1,-1,-1,-1
105,5,1591.23,402.98,229.61,94.04,1,-1,-1,-1
105,13,1231.29,420.86,171.42,135.98,1,-1,-1,-1
105,18,-2.75,194.67,77.47,84.78,1,-1,-1,-1
105,23,1460.13,666.07,441.40,397.35,1,-1,-1,-1
106,2,1274.68,72.47,91.53,60.19,1,-1,-1,-1
106,3,-24.98,764.98,548.97,314.08,1,-1,-1,-1
106,4,377.49,200.88,88.59,45.12,1,-1,-1,-1
106,5,1590.54,402.37,230.91,94.65,1,-1,-1,-1
106,13,1222.60,413.81,169.80,134.56,1,-1,-1,-1
106,18,-2.16,194.26,75.69,83.25,1,-1,-1,-1
106,23,1452.55,656.40,438.62,390.01,1,-1,-1,-1
107,2,1267.29,71.96,91.30,60.03,1,-1,-1,-1
107,3,-22.88,765.14,544.13,313.91,1,-1,-1,-1
107,4,377.40,200.31,89.59,45.69,1,-1,-1,-1
107,5,1590.61,402.14,231.40,94.88,1,-1,-1,-1
107,13,1212.78,406.81,168.33,132.78,1,-1,-1,-1
107,18,-1.79,194.10,75.39,83.28,1,-1,-1,-1
107,23,1438.91,647.87,434.00,381.57,1,-1,-1,-1
108,3,-20.78,765.32,539.70,313.73,1,-1,-1,-1
108,4,377.03,200.09,89.99,45.90,1,-1,-1,-1
108,5,1590.66,402.05,231.54,94.97,1,-1,-1,-1
108,13,1202.02,399.16,167.31,131.55,1,-1,-1,-1
108,18,-1.56,194.04,75.08,83.27,1,-1,-1,-1
108,23,1427.04,639.77,425.67,370.13,1,-1,-1,-1
109,3,-15.63,768.78,529.96,309.61,1,-1,-1,-1
109,4,376.53,200.01,91.52,46.64,1,-1,-1,-1
109,5,1590.54,402.02,229.90,94.34,1,-1,-1,-1
109,13,1189.40,390.58,167.51,131.18,1,-1,-1,-1
109,18,-0.63,194.67,73.27,81.28,1,-1,-1,-1
109,23,1410.44,631.18,417.47,359.54,1,-1,-1,-1
110,3,-6.89,778.78,512.04,299.35,1,-1,-1,-1
110,4,376.33,199.98,92.14,46.92,1,-1,-1,-1
110,5,1590.11,401.34,230.69,94.76,1,-1,-1,-1
110,13,1178.76,383.69,164.20,127.77,1,-1,-1,-1
110,18,-0.75,194.25,74.19,82.49,1,-1,-1,-1
110,23,1396.25,623.05,409.03,349.38,1,-1,-1,-1
110,29,1681.03,410.23,234.93,301.12,1,-1,-1,-1
110,30,1215.67,70.39,116.52,60.96,1,-1,-1,-1
111,3,-9.98,773.34,518.71,304.70,1,-1,-1,-1
111,4,377.91,200.63,89.72,45.71,1,-1,-1,-1
111,5,1592.36,403.07,226.84,92.94,1,-1,-1,-1
111,13,1166.99,376.75,161.93,125.24,1,-1,-1,-1
111,18,1.71,194.09,68.21,75.04,1,-1,-1,-1
111,23,1380.40,614.42,403.07,342.14,1,-1,-1,-1
111,29,1682.03,413.86,233.66,299.16,1,-1,-1,-1
111,30,1214.38,71.40,111.89,58.54,1,-1,-1,-1
112,3,-13.09,768.73,524.46,309.93,1,-1,-1,-1
112,4,378.54,200.88,88.76,45.24,1,-1,-1,-1
112,5,1593.07,403.73,225.67,92.25,1,-1,-1,-1
112,13,1156.28,370.47,159.20,122.37,1,-1,-1,-1
112,18,1.72,194.03,67.76,74.16,1,-1,-1,-1
112,23,1366.36,604.25,395.29,333.38,1,-1,-1,-1
112,29,1681.01,412.78,235.21,300.85,1,-1,-1,-1
113,3,-11.69,768.34,522.12,309.90,1,-1,-1,-1
113,4,378.78,200.98,88.39,45.06,1,-1,-1,-1
113,5,1592.50,403.97,226.92,92.67,1,-1,-1,-1
113,13,1142.63,363.07,159.59,122.09,1,-1,-1,-1
113,18,1.09,194.01,68.87,75.21,1,-1,-1,-1
113,23,1352.40,595.51,386.72,324.74,1,-1,-1,-1
113,29,1681.25,413.33,234.68,300.18,1,-1,-1,-1
114,3,-12.20,766.94,522.67,311.80,1,-1,-1,-1
114,4,378.87,201.01,88.24,45.00,1,-1,-1,-1
114,5,1592.31,404.06,227.35,92.83,1,-1,-1,-1
114,13,1131.42,357.28,156.19,118.70,1,-1,-1,-1
114,18,1.10,194.66,69.46,75.61,1,-1,-1,-1
114,23,1342.40,588.67,381.55,319.57,1,-1,-1,-1
115,3,-11.64,766.46,521.38,312.46,1,-1,-1,-1
115,4,378.63,201.02,88.08,44.98,1,-1,-1,-1
115,5,1592.91,404.74,226.15,92.23,1,-1,-1,-1
115,13,1120.48,350.74,155.30,117.54,1,-1,-1,-1
115,18,0.52,194.25,70.87,77.10,1,-1,-1,-1
115,23,1334.78,581.83,373.80,312.37,1,-1,-1,-1
116,3,-10.75,766.34,519.53,312.65,1,-1,-1,-1
116,4,378.85,201.02,88.06,44.97,1,-1,-1,-1
116,5,1591.71,404.33,227.24,92.68,1,-1,-1,-1
116,13,1108.71,343.91,154.57,116.52,1,-1,-1,-1
116,18,0.80,194.09,70.38,76.35,1,-1,-1,-1
116,23,1328.09,573.64,361.64,301.03,1,-1,-1,-1
116,31,1095.11,74.22,107.37,50.78,1,-1,-1,-1
117,3,-9.33,767.00,516.65,312.01,1,-1,-1,-1
117,4,379.04,201.02,89.16,45.63,1,-1,-1,-1
117,5,1592.32,404.83,226.18,92.19,1,-1,-1,-1
117,13,1097.40,337.65,153.67,115.55,1,-1,-1,-1
117,18,0.05,194.03,71.26,77.39,1,-1,-1,-1
117,23,1321.34,567.65,354.75,293.61,1,-1,-1,-1
117,31,1090.69,73.22,112.16,52.54,1,-1,-1,-1
118,3,-8.46,766.64,515.57,312.38,1,-1,-1,-1
118,4,378.88,201.02,89.37,45.88,1,-1,-1,-1
118,5,1593.21,405.67,224.47,91.35,1,-1,-1,-1
118,13,1088.35,332.93,151.26,113.26,1,-1,-1,-1
118,18,-0.74,194.00,72.58,79.11,1,-1,-1,-1
118,23,1311.35,558.37,348.71,288.37,1,-1,-1,-1
118,31,1074.43,73.63,112.63,52.38,1,-1,-1,-1
119,3,-7.93,766.55,514.10,312.48,1,-1,-1,-1
119,4,379.82,201.02,88.11,45.32,1,-1,-1,-1
119,5,1594.43,405.98,222.73,90.37,1,-1,-1,-1
119,13,1077.28,326.77,151.30,113.16,1,-1,-1,-1
119,18,-1.99,194.00,75.01,82.37,1,-1,-1,-1
119,23,1302.51,549.93,342.38,282.59,1,-1,-1,-1
119,31,1054.72,74.52,111.90,51.56,1,-1,-1,-1
120,3,-7.27,766.55,512.62,312.48,1,-1,-1,-1
120,4,379.57,201.01,88.85,45.76,1,-1,-1,-1
120,5,1593.72,405.42,223.75,90.68,1,-1,-1,-1
120,13,1067.33,321.40,149.86,111.85,1,-1,-1,-1
120,18,-2.06,193.99,75.11,82.96,1,-1,-1,-1
120,23,1296.27,543.15,332.27,273.89,1,-1,-1,-1
120,31,1033.38,75.55,112.05,51.24,1,-1,-1,-1
121,3,30.93,820.01,436.82,258.35,1,-1,-1,-1
121,4,381.14,201.67,85.77,43.96,1,-1,-1,-1
121,5,1590.99,403.88,228.41,92.80,1,-1,-1,-1
121,13,1058.33,315.66,146.11,108.74,1,-1,-1,-1
121,18,1.57,193.99,68.49,74.67,1,-1,-1,-1
121,23,1290.20,534.94,327.79,270.26,1,-1,-1,-1
121,31,1016.69,75.22,115.57,52.50,1,-1,-1,-1
122,3,8.10,792.24,482.72,285.86,1,-1,-1,-1
122,4,381.63,201.92,84.81,43.26,1,-1,-1,-1
122,5,1589.87,403.30,228.38,92.94,1,-1,-1,-1
122,13,1048.69,311.13,144.85,107.67,1,-1,-1,-1
122,18,2.85,193.99,66.20,71.36,1,-1,-1,-1
122,23,1284.55,529.59,322.50,266.43,1,-1,-1,-1
122,31,996.49,75.10,119.21,53.62,1,-1,-1,-1
123,3,39.77,838.03,419.45,239.98,1,-1,-1,-1
123,4,381.80,202.01,84.48,43.01,1,-1,-1,-1
123,5,1590.23,403.73,226.79,92.33,1,-1,-1,-1
123,13,1040.31,305.67,143.51,106.67,1,-1,-1,-1
123,18,1.73,193.32,68.51,73.61,1,-1,-1,-1
123,23,1279.78,523.92,314.79,260.51,1,-1,-1,-1
123,31,980.62,76.38,119.68,53.36,1,-1,-1,-1
124,3,51.52,857.69,395.98,219.58,1,-1,-1,-1
124,4,381.42,202.04,84.56,42.93,1,-1,-1,-1
124,5,1590.69,403.90,226.22,92.10,1,-1,-1,-1
124,13,1031.28,300.55,142.33,105.69,1,-1,-1,-1
124,18,-1.36,193.08,75.40,81.69,1,-1,-1,-1
124,23,1274.37,516.09,307.42,254.48,1,-1,-1,-1
124,31,967.62,77.54,117.85,52.57,1,-1,-1,-1
125,3,24.53,829.01,450.68,248.73,1,-1,-1,-1
125,4,381.21,202.05,84.73,42.90,1,-1,-1,-1
125,5,1590.17,403.31,227.40,92.68,1,-1,-1,-1
125,13,1022.73,293.53,142.45,106.07,1,-1,-1,-1
125,18,-1.56,192.99,76.05,82.77,1,-1,-1,-1
125,23,1269.71,509.49,301.56,249.79,1,-1,-1,-1
125,31,952.67,77.88,118.31,52.77,1,-1,-1,-1
125,34,2.97,772.78,265.07,120.18,1,-1,-1,-1
126,3,-7.58,792.02,513.83,286.52,1,-1,-1,-1
126,4,381.06,202.04,84.93,42.90,1,-1,-1,-1
126,5,1590.04,403.08,227.73,92.89,1,-1,-1,-1
126,13,1015.18,289.16,140.05,104.26,1,-1,-1,-1
126,18,-0.29,192.96,72.96,79.27,1,-1,-1,-1
126,23,1266.78,503.35,296.02,245.59,1,-1,-1,-1
126,34,3.73,773.11,263.54,119.49,1,-1,-1,-1
127,3,-9.87,787.82,518.61,290.40,1,-1,-1,-1
127,4,380.76,202.04,86.15,43.57,1,-1,-1,-1
127,5,1590.75,403.66,226.36,92.32,1,-1,-1,-1
127,13,1008.75,285.11,137.22,102.30,1,-1,-1,-1
127,18,-1.65,192.95,75.45,82.51,1,-1,-1,-1
127,23,1263.04,498.03,288.00,238.85,1,-1,-1,-1
128,3,-11.60,784.30,522.16,293.78,1,-1,-1,-1
128,4,380.58,202.04,86.75,43.83,1,-1,-1,-1
128,5,1589.94,403.22,227.34,92.76,1,-1,-1,-1
128,13,1002.20,280.50,135.29,100.96,1,-1,-1,-1
128,18,-1.24,192.95,74.54,81.74,1,-1,-1,-1
128,23,1257.85,489.62,282.71,234.57,1,-1,-1,-1
129,3,-16.75,777.19,531.84,301.48,1,-1,-1,-1
129,4,380.48,202.03,87.04,43.93,1,-1,-1,-1
129,5,1590.32,403.06,227.66,92.92,1,-1,-1,-1
129,13,996.25,276.34,133.71,99.85,1,-1,-1,-1
129,18,-0.50,192.96,73.04,80.09,1,-1,-1,-1
129,23,1253.02,482.79,280.00,232.55,1,-1,-1,-1
130,3,-17.06,775.21,532.24,303.69,1,-1,-1,-1
130,4,380.14,202.03,87.10,43.97,1,-1,-1,-1
130,5,1589.80,403.00,229.12,93.65,1,-1,-1,-1
130,13,990.87,271.66,132.87,99.50,1,-1,-1,-1
130,18,-0.99,192.96,74.00,81.44,1,-1,-1,-1
130,23,1250.30,477.89,274.23,227.96,1,-1,-1,-1
131,3,-15.39,775.22,529.46,303.77,1,-1,-1,-1
131,4,380.29,201.37,87.21,43.98,1,-1,-1,-1
131,5,1589.00,401.66,230.87,94.58,1,-1,-1,-1
131,13,987.87,268.14,130.61,98.08,1,-1,-1,-1
131,18,-1.58,192.97,75.84,83.90,1,-1,-1,-1
131,23,1248.48,471.67,268.45,223.09,1,-1,-1,-1
132,3,-13.67,775.36,525.58,303.01,1,-1,-1,-1
132,4,380.61,201.11,87.39,43.99,1,-1,-1,-1
132,5,1589.25,401.81,229.79,94.27,1,-1,-1,-1
132,13,985.56,263.69,129.55,97.61,1,-1,-1,-1
132,18,-2.48,192.97,77.22,86.12,1,-1,-1,-1
132,23,1246.11,466.31,262.35,218.13,1,-1,-1,-1
133,3,-12.25,776.17,522.56,302.61,1,-1,-1,-1
133,4,380.12,200.36,88.67,44.65,1,-1,-1,-1
133,5,1589.44,401.88,229.18,94.14,1,-1,-1,-1
133,13,984.71,260.24,125.76,94.80,1,-1,-1,-1
133,18,-2.87,192.97,78.49,88.25,1,-1,-1,-1
133,23,1243.60,459.89,257.30,213.81,1,-1,-1,-1
134,3,-10.04,777.89,518.09,301.05,1,-1,-1,-1
134,4,380.32,200.08,89.03,44.90,1,-1,-1,-1
134,5,1589.88,401.91,228.88,94.09,1,-1,-1,-1
134,13,983.87,255.82,124.10,93.81,1,-1,-1,-1
134,18,-2.07,193.62,77.72,87.76,1,-1,-1,-1
134,23,1239.76,453.09,253.82,211.08,1,-1,-1,-1
134,35,1393.91,916.22,203.67,162.03,1,-1,-1,-1
135,3,-8.67,778.63,515.32,300.37,1,-1,-1,-1
135,4,380.06,200.63,89.20,45.00,1,-1,-1,-1
135,5,1589.42,401.27,230.03,94.72,1,-1,-1,-1
135,13,983.10,252.36,122.23,92.83,1,-1,-1,-1
135,18,-1.94,193.22,77.13,87.52,1,-1,-1,-1
135,23,1234.73,444.79,252.29,210.27,1,-1,-1,-1
135,35,1360.75,910.68,210.26,167.27,1,-1,-1,-1
136,3,-7.18,779.64,512.34,299.38,1,-1,-1,-1
136,4,380.24,200.85,88.03,44.37,1,-1,-1,-1
136,5,1589.35,401.03,230.25,94.96,1,-1,-1,-1
136,13,981.84,247.92,121.97,93.19,1,-1,-1,-1
136,18,-2.17,193.20,77.71,88.18,1,-1,-1,-1
136,23,1231.42,437.98,248.47,207.44,1,-1,-1,-1
137,3,-6.71,779.42,511.40,299.60,1,-1,-1,-1
137,4,380.19,200.94,87.81,44.13,1,-1,-1,-1
137,5,1590.11,401.61,228.77,94.38,1,-1,-1,-1
137,13,982.97,245.11,119.10,91.37,1,-1,-1,-1
137,23,1228.98,431.05,243.37,203.20,1,-1,-1,-1
138,3,-5.66,780.05,509.30,298.97,1,-1,-1,-1
138,4,379.54,200.97,88.99,44.70,1,-1,-1,-1
138,5,1590.05,401.83,228.24,94.16,1,-1,-1,-1
138,13,983.44,241.59,117.08,90.06,1,-1,-1,-1
138,23,1225.56,424.74,237.64,198.43,1,-1,-1,-1
139,3,-4.95,780.33,507.88,298.69,1,-1,-1,-1
139,4,378.72,200.32,90.57,45.57,1,-1,-1,-1
139,5,1589.34,401.26,229.41,94.73,1,-1,-1,-1
139,13,983.17,237.78,116.23,89.63,1,-1,-1,-1
139,23,1221.21,417.31,235.55,196.85,1,-1,-1,-1
139,36,1164.62,854.12,202.81,224.67,1,-1,-1,-1
140,3,-3.92,781.14,505.82,297.88,1,-1,-1,-1
140,4,378.46,200.08,91.09,45.90,1,-1,-1,-1
140,5,1589.42,401.05,229.83,94.95,1,-1,-1,-1
140,13,983.54,235.19,113.96,88.18,1,-1,-1,-1
140,23,1216.61,410.14,233.88,195.75,1,-1,-1,-1
140,36,1129.66,842.98,210.73,235.36,1,-1,-1,-1
141,3,-3.60,781.48,504.53,297.54,1,-1,-1,-1
141,4,378.30,200.65,90.09,45.36,1,-1,-1,-1
141,5,1589.46,400.31,231.29,95.68,1,-1,-1,-1
141,13,983.91,231.73,112.97,87.68,1,-1,-1,-1
141,23,1214.37,403.75,228.82,191.45,1,-1,-1,-1
141,36,1099.25,832.32,218.00,246.54,1,-1,-1,-1
142,3,-2.79,782.29,502.67,296.73,1,-1,-1,-1
142,4,378.51,200.87,89.83,45.15,1,-1,-1,-1
142,5,1589.58,400.70,230.30,95.30,1,-1,-1,-1
142,13,983.94,227.93,111.73,86.87,1,-1,-1,-1
142,23,1209.56,394.94,226.70,190.02,1,-1,-1,-1
142,36,1073.14,819.22,225.55,259.82,1,-1,-1,-1
143,3,-2.06,781.96,501.76,296.40,1,-1,-1,-1
143,4,378.65,200.29,89.61,45.07,1,-1,-1,-1
143,5,1589.65,400.85,229.87,95.14,1,-1,-1,-1
143,13,984.93,224.67,109.55,85.28,1,-1,-1,-1
143,23,1206.21,387.28,223.51,187.60,1,-1,-1,-1
143,36,1054.20,806.67,229.97,271.76,1,-1,-1,-1
143,38,0.29,195.28,71.43,83.49,1,-1,-1,-1
144,3,-1.96,781.85,501.12,296.26,1,-1,-1,-1
144,4,378.62,200.74,88.38,44.38,1,-1,-1,-1
144,5,1588.73,400.91,230.94,95.74,1,-1,-1,-1
144,13,985.14,221.61,109.29,85.40,1,-1,-1,-1
144,23,1203.30,380.72,218.79,183.48,1,-1,-1,-1
144,36,1038.29,796.31,231.81,281.88,1,-1,-1,-1
144,38,1.67,196.65,67.94,79.22,1,-1,-1,-1
145,3,-1.80,782.48,500.64,296.19,1,-1,-1,-1
145,4,379.14,200.24,88.18,44.11,1,-1,-1,-1
145,5,1588.87,400.28,231.04,95.96,1,-1,-1,-1
145,13,985.07,217.95,107.64,84.15,1,-1,-1,-1
145,23,1198.84,373.88,216.24,181.43,1,-1,-1,-1
145,36,1026.01,788.11,230.87,289.98,1,-1,-1,-1
145,38,2.31,197.28,66.53,77.57,1,-1,-1,-1
146,3,-2.39,782.07,501.11,296.81,1,-1,-1,-1
146,4,378.69,200.06,89.41,44.68,1,-1,-1,-1
146,5,1589.72,400.71,229.47,95.38,1,-1,-1,-1
146,13,983.88,214.74,106.86,83.72,1,-1,-1,-1
146,23,1195.55,367.62,211.67,177.43,1,-1,-1,-1
146,36,1013.99,778.16,230.41,299.88,1,-1,-1,-1
147,3,-1.97,782.59,500.01,296.38,1,-1,-1,-1
147,4,378.21,199.33,91.15,45.55,1,-1,-1,-1
147,5,1590.10,400.87,228.78,95.16,1,-1,-1,-1
147,13,984.66,212.35,104.94,82.27,1,-1,-1,-1
147,23,1192.58,360.21,209.28,175.42,1,-1,-1,-1
147,36,1006.28,767.53,229.30,309.86,1,-1,-1,-1
148,3,-1.71,782.80,499.37,296.20,1,-1,-1,-1
148,4,378.31,199.72,90.59,45.22,1,-1,-1,-1
148,5,1589.88,400.28,229.89,95.73,1,-1,-1,-1
148,13,984.37,208.94,104.88,82.44,1,-1,-1,-1
148,23,1188.19,352.39,206.70,173.47,1,-1,-1,-1
148,36,1001.17,757.91,226.67,318.57,1,-1,-1,-1
149,3,-1.22,782.88,499.04,296.13,1,-1,-1,-1
149,4,378.05,199.21,91.64,45.76,1,-1,-1,-1
149,5,1591.23,401.37,227.45,94.62,1,-1,-1,-1
149,13,985.49,206.48,103.20,81.20,1,-1,-1,-1
149,23,1184.91,346.44,202.82,170.18,1,-1,-1,-1
149,36,999.33,751.90,220.80,323.58,1,-1,-1,-1
150,3,-0.98,782.92,498.79,296.09,1,-1,-1,-1
150,4,378.51,199.03,92.21,45.95,1,-1,-1,-1
150,5,1591.00,401.13,227.99,94.86,1,-1,-1,-1
150,13,986.93,203.70,102.67,80.77,1,-1,-1,-1
150,23,1181.34,339.15,201.19,169.09,1,-1,-1,-1
150,36,996.54,745.40,215.57,329.05,1,-1,-1,-1
151,3,-0.07,782.94,497.73,295.41,1,-1,-1,-1
151,4,378.93,199.62,91.29,45.37,1,-1,-1,-1
151,5,1590.95,401.70,226.82,94.29,1,-1,-1,-1
151,13,988.25,200.13,102.32,80.65,1,-1,-1,-1
151,23,1178.81,332.72,198.10,166.79,1,-1,-1,-1
151,36,992.58,737.39,212.63,337.95,1,-1,-1,-1
152,3,0.25,782.95,497.37,295.15,1,-1,-1,-1
152,4,379.12,199.85,90.88,45.14,1,-1,-1,-1
152,5,1590.57,401.25,227.75,94.74,1,-1,-1,-1
152,13,990.41,197.59,101.60,79.96,1,-1,-1,-1
152,23,1176.65,325.26,194.46,164.03,1,-1,-1,-1
152,36,990.19,733.27,207.03,342.43,1,-1,-1,-1
153,3,0.36,782.96,497.27,295.05,1,-1,-1,-1
153,4,378.80,199.94,90.83,45.05,1,-1,-1,-1
153,5,1590.18,401.09,227.93,94.91,1,-1,-1,-1
153,13,993.63,195.45,99.90,78.40,1,-1,-1,-1
153,23,1174.54,320.10,189.45,159.76,1,-1,-1,-1
153,36,988.92,727.49,202.05,347.72,1,-1,-1,-1
154,3,-0.10,782.30,498.23,295.68,1,-1,-1,-1
154,4,378.64,199.97,90.89,45.02,1,-1,-1,-1
154,5,1590.38,401.02,227.98,94.97,1,-1,-1,-1
154,13,995.66,192.11,101.01,79.20,1,-1,-1,-1
154,23,1171.91,315.81,185.02,155.61,1,-1,-1,-1
154,36,990.73,721.01,193.82,346.91,1,-1,-1,-1
155,3,0.23,782.72,497.58,295.25,1,-1,-1,-1
155,4,378.55,199.99,90.97,45.00,1,-1,-1,-1
155,5,1590.88,401.66,226.48,94.34,1,-1,-1,-1
155,13,999.44,190.31,99.33,77.52,1,-1,-1,-1
155,23,1167.06,309.79,184.82,155.57,1,-1,-1,-1
155,36,994.58,716.87,184.65,343.00,1,-1,-1,-1
156,3,-0.15,782.22,498.33,295.75,1,-1,-1,-1
156,4,378.76,199.99,91.16,45.00,1,-1,-1,-1
156,5,1591.06,401.90,225.93,94.10,1,-1,-1,-1
156,13,1003.17,188.45,97.41,75.58,1,-1,-1,-1
156,23,1163.47,303.12,182.04,152.97,1,-1,-1,-1
156,36,998.91,713.64,174.38,335.96,1,-1,-1,-1
157,3,0.22,782.69,497.60,295.28,1,-1,-1,-1
157,4,378.32,199.99,92.29,45.66,1,-1,-1,-1
157,5,1590.74,401.99,225.84,94.01,1,-1,-1,-1
157,13,1006.30,185.19,97.87,75.57,1,-1,-1,-1
157,23,1161.76,297.57,178.17,149.43,1,-1,-1,-1
157,36,1001.13,706.13,166.87,333.01,1,-1,-1,-1
157,40,2.22,193.00,68.34,78.58,1,-1,-1,-1
158,3,0.33,782.88,497.36,295.10,1,-1,-1,-1
158,4,378.48,200.00,92.69,45.91,1,-1,-1,-1
158,5,1591.36,402.68,224.33,93.31,1,-1,-1,-1
158,13,1009.37,182.09,98.15,75.59,1,-1,-1,-1
158,23,1158.52,291.75,177.68,148.92,1,-1,-1,-1
158,36,1004.50,700.27,158.31,326.45,1,-1,-1,-1
158,40,3.27,193.00,66.55,76.53,1,-1,-1,-1
159,3,0.36,782.95,497.31,295.03,1,-1,-1,-1
159,4,378.48,200.00,91.66,45.34,1,-1,-1,-1
159,5,1591.84,402.94,223.94,93.06,1,-1,-1,-1
159,13,1015.02,180.39,97.13,74.30,1,-1,-1,-1
159,23,1155.96,287.18,175.22,146.81,1,-1,-1,-1
159,36,1007.78,695.04,151.78,323.12,1,-1,-1,-1
160,3,0.35,782.98,497.32,295.00,1,-1,-1,-1
160,4,378.83,200.00,91.22,45.12,1,-1,-1,-1
160,5,1591.96,403.03,223.93,92.97,1,-1,-1,-1
160,13,1019.29,177.87,97.69,74.51,1,-1,-1,-1
160,23,1152.88,281.71,173.60,145.47,1,-1,-1,-1
160,36,1011.92,690.03,145.41,319.12,1,-1,-1,-1
161,3,0.33,782.99,497.36,294.99,1,-1,-1,-1
161,4,377.73,200.00,92.20,45.70,1,-1,-1,-1
161,5,1590.78,402.40,225.70,93.60,1,-1,-1,-1
161,13,1023.37,175.04,98.09,74.62,1,-1,-1,-1
161,23,1149.11,276.58,171.24,143.73,1,-1,-1,-1
161,36,1017.31,681.79,139.21,314.20,1,-1,-1,-1
162,3,0.31,782.99,497.40,294.99,1,-1,-1,-1
162,4,377.45,200.00,93.60,46.57,1,-1,-1,-1
162,5,1590.84,402.16,226.70,93.84,1,-1,-1,-1
162,13,1029.09,173.42,97.65,74.02,1,-1,-1,-1
162,23,1145.86,270.90,169.75,142.51,1,-1,-1,-1
162,36,1024.03,676.97,132.64,306.97,1,-1,-1,-1
163,3,0.29,782.99,497.44,294.99,1,-1,-1,-1
163,4,377.26,200.00,93.00,46.25,1,-1,-1,-1
163,5,1590.44,401.40,228.57,94.60,1,-1,-1,-1
163,13,1035.11,172.26,96.20,72.48,1,-1,-1,-1
163,23,1144.60,267.03,165.67,138.79,1,-1,-1,-1
163,36,1029.65,674.13,126.39,299.54,1,-1,-1,-1
163,42,1282.38,27.79,172.38,104.12,1,-1,-1,-1
164,3,0.27,783.00,497.48,294.99,1,-1,-1,-1
164,4,377.56,200.00,92.69,46.12,1,-1,-1,-1
164,5,1590.30,401.78,227.94,94.22,1,-1,-1,-1
164,13,1040.81,169.93,96.57,72.61,1,-1,-1,-1
164,23,1141.33,260.46,164.77,138.18,1,-1,-1,-1
164,36,1033.03,671.34,121.81,295.46,1,-1,-1,-1
164,42,1277.59,28.30,174.79,105.58,1,-1,-1,-1
165,3,0.25,783.00,497.51,294.99,1,-1,-1,-1
165,4,376.84,199.34,93.58,46.72,1,-1,-1,-1
165,5,1589.49,401.26,229.21,94.74,1,-1,-1,-1
165,13,1046.63,167.83,97.03,72.67,1,-1,-1,-1
165,23,1138.04,254.91,163.56,137.37,1,-1,-1,-1
165,36,1034.21,666.53,118.49,293.33,1,-1,-1,-1
166,3,0.23,783.00,497.55,294.99,1,-1,-1,-1
166,4,377.03,199.09,93.64,46.95,1,-1,-1,-1
166,5,1589.56,401.06,229.59,94.93,1,-1,-1,-1
166,13,1054.26,165.81,96.00,71.39,1,-1,-1,-1
166,23,1136.14,251.08,159.47,133.80,1,-1,-1,-1
166,36,1036.30,662.30,114.15,287.92,1,-1,-1,-1
167,3,0.22,783.00,497.57,294.99,1,-1,-1,-1
167,4,376.94,199.00,94.66,47.69,1,-1,-1,-1
167,5,1589.33,400.99,229.60,95.01,1,-1,-1,-1
167,13,1060.78,163.82,96.01,70.93,1,-1,-1,-1
167,23,1133.62,247.22,156.56,131.21,1,-1,-1,-1
167,36,1037.23,656.94,111.77,286.64,1,-1,-1,-1
168,3,0.20,783.00,497.60,294.99,1,-1,-1,-1
168,4,377.68,198.97,94.80,47.96,1,-1,-1,-1
168,5,1589.29,400.97,229.50,95.03,1,-1,-1,-1
168,13,1067.81,161.16,96.46,70.78,1,-1,-1,-1
168,23,1130.74,241.98,155.70,130.36,1,-1,-1,-1
168,36,1039.19,651.83,108.47,282.23,1,-1,-1,-1
168,44,1769.18,952.30,126.60,127.03,1,-1,-1,-1
169,3,-0.09,783.00,497.53,294.99,1,-1,-1,-1
169,4,378.54,198.96,93.71,47.40,1,-1,-1,-1
169,5,1589.22,400.96,229.57,95.03,1,-1,-1,-1
169,13,1074.45,158.94,96.92,70.75,1,-1,-1,-1
169,23,1128.52,237.57,154.00,128.78,1,-1,-1,-1
169,36,1040.68,645.46,106.55,280.67,1,-1,-1,-1
169,44,1749.50,932.17,147.29,146.29,1,-1,-1,-1
170,3,-0.18,783.00,497.46,295.00,1,-1,-1,-1
170,4,378.87,198.96,93.28,47.18,1,-1,-1,-1
170,5,1589.19,400.97,229.62,95.03,1,-1,-1,-1
170,13,1082.02,156.86,96.50,70.09,1,-1,-1,-1
170,23,1126.92,233.48,151.90,126.94,1,-1,-1,-1
170,36,1044.12,641.31,103.53,275.50,1,-1,-1,-1
170,44,1733.90,916.13,164.77,161.98,1,-1,-1,-1
171,3,-1.24,783.00,498.17,295.66,1,-1,-1,-1
171,4,378.80,199.62,91.51,46.43,1,-1,-1,-1
171,5,1589.17,400.97,229.66,95.03,1,-1,-1,-1
171,13,1090.62,154.85,95.75,69.20,1,-1,-1,-1
171,23,1125.15,227.47,152.48,127.69,1,-1,-1,-1
171,36,1047.31,637.33,100.71,270.31,1,-1,-1,-1
171,44,1719.89,901.19,181.05,176.14,1,-1,-1,-1
172,3,-2.57,782.34,498.98,296.57,1,-1,-1,-1
172,4,378.56,199.88,90.60,46.15,1,-1,-1,-1
172,5,1589.83,401.63,228.32,94.37,1,-1,-1,-1
172,13,1098.54,152.86,94.96,68.22,1,-1,-1,-1
172,23,1122.11,222.10,151.04,126.69,1,-1,-1,-1
172,36,1050.74,632.04,99.28,269.18,1,-1,-1,-1
172,44,1705.98,886.12,197.83,190.90,1,-1,-1,-1
172,46,1684.10,429.41,230.59,285.73,1,-1,-1,-1
173,3,-2.97,782.75,497.76,296.25,1,-1,-1,-1
173,4,378.56,199.97,90.07,46.04,1,-1,-1,-1
173,5,1588.93,400.56,230.79,95.44,1,-1,-1,-1
173,13,1105.27,150.87,96.69,69.21,1,-1,-1,-1
173,23,1121.47,218.98,147.80,123.71,1,-1,-1,-1
173,36,1053.35,626.94,97.43,266.85,1,-1,-1,-1
173,44,1692.75,871.03,214.08,205.25,1,-1,-1,-1
173,46,1682.33,425.30,234.37,290.26,1,-1,-1,-1
173,47,-1.86,191.75,75.26,71.12,1,-1,-1,-1
174,3,-3.01,782.91,495.78,295.46,1,-1,-1,-1
174,4,378.65,200.00,89.71,46.00,1,-1,-1,-1
174,5,1589.30,400.82,230.29,95.18,1,-1,-1,-1
174,13,1114.20,148.22,96.64,68.94,1,-1,-1,-1
174,23,1120.17,215.36,145.69,122.00,1,-1,-1,-1
174,36,1056.82,621.92,95.10,262.75,1,-1,-1,-1
174,44,1678.79,854.70,232.74,222.52,1,-1,-1,-1
174,46,1681.96,424.71,235.17,291.03,1,-1,-1,-1
174,47,-0.96,191.23,73.23,69.23,1,-1,-1,-1
175,3,-4.93,782.31,496.21,296.48,1,-1,-1,-1
175,4,378.38,200.02,89.52,45.99,1,-1,-1,-1
175,5,1588.73,400.26,231.52,95.74,1,-1,-1,-1
175,13,1121.56,145.32,97.44,69.51,1,-1,-1,-1
175,23,1118.65,211.53,145.24,121.43,1,-1,-1,-1
175,36,1060.21,615.57,94.06,262.01,1,-1,-1,-1
175,44,1665.26,839.72,250.24,239.13,1,-1,-1,-1
175,46,1686.11,433.88,227.58,280.52,1,-1,-1,-1
175,47,-0.96,191.04,73.09,69.18,1,-1,-1,-1
176,3,0.10,791.32,480.95,286.97,1,-1,-1,-1
176,4,378.70,200.02,89.27,45.98,1,-1,-1,-1
176,5,1588.83,400.05,232.01,95.95,1,-1,-1,-1
176,13,1129.47,143.66,98.22,69.74,1,-1,-1,-1
176,23,1117.19,208.97,142.42,118.61,1,-1,-1,-1
176,36,1063.67,610.75,92.58,259.83,1,-1,-1,-1
176,44,1655.03,828.39,262.29,250.53,1,-1,-1,-1
176,46,1684.56,431.47,230.21,283.20,1,-1,-1,-1
176,47,0.13,191.69,70.85,67.00,1,-1,-1,-1
176,49,1208.79,37.76,146.08,109.02,1,-1,-1,-1
177,3,-6.59,786.06,488.38,292.70,1,-1,-1,-1
177,4,378.24,199.36,90.34,46.65,1,-1,-1,-1
177,5,1589.28,400.63,230.72,95.37,1,-1,-1,-1
177,13,1139.03,142.46,96.11,67.85,1,-1,-1,-1
177,23,1116.07,206.20,140.78,116.96,1,-1,-1,-1
177,36,1066.86,607.17,90.16,254.44,1,-1,-1,-1
177,44,1644.72,816.74,274.34,262.22,1,-1,-1,-1
177,46,1683.39,427.84,233.06,286.24,1,-1,-1,-1
177,47,-0.58,192.64,73.66,69.77,1,-1,-1,-1
177,49,1206.41,39.50,147.09,109.05,1,-1,-1,-1
178,3,-11.14,782.80,490.09,295.47,1,-1,-1,-1
178,4,379.05,199.76,89.45,46.24,1,-1,-1,-1
178,5,1589.04,400.86,230.38,95.14,1,-1,-1,-1
178,13,1149.47,141.44,95.07,66.48,1,-1,-1,-1
178,23,1114.75,202.00,139.55,115.75,1,-1,-1,-1
178,36,1069.95,603.38,88.73,251.20,1,-1,-1,-1
178,44,1634.84,806.18,284.80,272.17,1,-1,-1,-1
178,46,1680.59,421.75,238.85,293.51,1,-1,-1,-1
178,47,-0.80,192.96,75.25,71.40,1,-1,-1,-1
178,49,1201.48,40.05,146.40,107.57,1,-1,-1,-1
179,3,-14.22,780.90,489.56,297.19,1,-1,-1,-1
179,4,379.39,199.92,89.05,46.08,1,-1,-1,-1
179,5,1589.56,400.95,230.36,95.05,1,-1,-1,-1
179,13,1158.81,140.48,92.55,63.98,1,-1,-1,-1
179,23,1113.76,198.60,138.32,114.70,1,-1,-1,-1
179,36,1071.80,599.50,87.39,248.11,1,-1,-1,-1
179,44,1624.61,792.94,298.17,285.78,1,-1,-1,-1
179,46,1679.78,420.19,239.85,294.83,1,-1,-1,-1
179,47,-0.49,191.72,73.70,69.98,1,-1,-1,-1
179,49,1194.53,39.48,151.94,110.67,1,-1,-1,-1
180,3,-15.67,780.85,486.07,297.17,1,-1,-1,-1
180,4,379.55,199.98,88.85,46.02,1,-1,-1,-1
180,5,1589.42,400.98,230.35,95.02,1,-1,-1,-1
180,13,1164.12,138.87,95.36,65.78,1,-1,-1,-1
180,23,1112.85,195.50,137.17,113.71,1,-1,-1,-1
180,36,1074.58,593.56,86.62,247.08,1,-1,-1,-1
180,44,1616.36,782.97,307.80,295.90,1,-1,-1,-1
180,46,1676.86,414.98,245.45,302.64,1,-1,-1,-1
180,47,0.91,191.24,70.51,66.69,1,-1,-1,-1
180,49,1180.89,39.95,157.88,114.51,1,-1,-1,-1
181,3,-19.09,780.84,482.68,297.82,1,-1,-1,-1
181,4,380.88,200.00,90.20,46.66,1,-1,-1,-1
181,5,1590.41,401.65,228.92,94.35,1,-1,-1,-1
181,13,1171.99,136.34,96.05,65.78,1,-1,-1,-1
181,23,1111.98,191.84,136.66,113.41,1,-1,-1,-1
181,36,1078.25,588.88,85.65,245.47,1,-1,-1,-1
181,44,1609.39,771.85,316.23,305.22,1,-1,-1,-1
181,46,1676.11,413.23,247.02,304.58,1,-1,-1,-1
181,47,-5.16,192.43,83.86,80.53,1,-1,-1,-1
181,49,1165.50,39.44,162.25,117.91,1,-1,-1,-1
182,3,-21.77,781.51,477.07,297.39,1,-1,-1,-1
182,4,381.51,200.01,89.78,46.24,1,-1,-1,-1
182,5,1591.42,402.57,227.11,93.43,1,-1,-1,-1
182,13,1181.49,135.46,93.94,63.80,1,-1,-1,-1
182,23,1112.77,189.30,133.80,110.68,1,-1,-1,-1
182,36,1081.65,584.67,85.11,244.98,1,-1,-1,-1
182,44,1603.14,765.26,322.49,312.32,1,-1,-1,-1
182,47,-7.60,192.83,89.16,87.09,1,-1,-1,-1
182,49,1154.78,40.56,164.84,119.80,1,-1,-1,-1
183,3,35.57,874.87,347.84,204.11,1,-1,-1,-1
183,4,381.92,200.01,89.92,46.08,1,-1,-1,-1
183,5,1591.40,402.91,226.56,93.09,1,-1,-1,-1
183,13,1191.13,134.56,93.75,63.08,1,-1,-1,-1
183,23,1112.82,186.52,132.74,109.72,1,-1,-1,-1
183,36,1086.39,581.29,83.85,241.56,1,-1,-1,-1
183,44,1594.18,755.48,332.64,323.59,1,-1,-1,-1
183,47,-8.14,193.00,89.76,89.13,1,-1,-1,-1
183,49,1146.69,41.64,162.43,117.14,1,-1,-1,-1
184,3,53.65,914.19,294.18,164.82,1,-1,-1,-1
184,4,381.13,199.35,92.51,47.34,1,-1,-1,-1
184,5,1590.33,402.37,227.80,93.63,1,-1,-1,-1
184,13,1199.11,132.95,94.28,62.83,1,-1,-1,-1
184,23,1114.64,182.95,131.59,108.76,1,-1,-1,-1
184,36,1090.67,576.21,82.90,239.71,1,-1,-1,-1
184,44,1587.35,747.52,339.10,331.51,1,-1,-1,-1
184,47,-7.90,193.06,89.07,89.86,1,-1,-1,-1
184,49,1138.39,42.70,164.56,118.04,1,-1,-1,-1
184,50,1671.58,415.88,248.05,295.67,1,-1,-1,-1
185,3,49.66,927.37,279.23,150.88,1,-1,-1,-1
185,4,381.04,199.76,91.08,46.51,1,-1,-1,-1
185,5,1589.95,402.16,228.24,93.84,1,-1,-1,-1
185,13,1206.81,131.75,93.74,62.09,1,-1,-1,-1
185,23,1115.07,179.77,131.14,108.46,1,-1,-1,-1
185,36,1094.46,572.51,81.31,235.11,1,-1,-1,-1
185,44,1580.88,739.05,345.74,339.33,1,-1,-1,-1
185,47,-7.65,193.07,88.49,90.70,1,-1,-1,-1
185,49,1130.78,43.24,165.94,119.03,1,-1,-1,-1
185,50,1672.18,415.66,247.32,294.83,1,-1,-1,-1
185,51,-0.18,783.00,256.27,235.48,1,-1,-1,-1
186,3,43.12,935.88,272.71,142.91,1,-1,-1,-1
186,4,380.39,199.25,91.72,46.84,1,-1,-1,-1
186,5,1589.81,402.08,228.39,93.92,1,-1,-1,-1
186,13,1214.83,130.04,93.97,61.84,1,-1,-1,-1
186,23,1116.80,176.06,130.62,108.40,1,-1,-1,-1
186,36,1097.19,568.65,80.57,233.50,1,-1,-1,-1
186,44,1574.64,728.45,352.24,347.13,1,-1,-1,-1
186,47,-7.14,193.07,87.42,90.96,1,-1,-1,-1
186,50,1674.00,416.40,244.61,291.50,1,-1,-1,-1
186,51,-2.05,784.50,260.52,239.57,1,-1,-1,-1
187,3,-14.18,946.73,245.82,132.97,1,-1,-1,-1
187,4,380.43,199.07,92.06,46.96,1,-1,-1,-1
187,5,1590.06,402.04,228.51,93.96,1,-1,-1,-1
187,13,1223.81,128.80,94.13,61.77,1,-1,-1,-1
187,23,1121.06,174.82,127.29,105.76,1,-1,-1,-1
187,36,1098.91,565.39,80.04,232.34,1,-1,-1,-1
187,44,1569.35,720.17,356.35,352.39,1,-1,-1,-1
187,47,-6.29,193.07,85.69,90.34,1,-1,-1,-1
187,50,1675.72,414.55,241.48,287.46,1,-1,-1,-1
187,51,-6.26,785.73,269.01,248.03,1,-1,-1,-1
188,3,-23.15,959.19,223.19,120.73,1,-1,-1,-1
188,4,380.80,199.66,92.13,47.01,1,-1,-1,-1
188,5,1590.14,402.03,228.58,93.97,1,-1,-1,-1
188,13,1229.85,126.40,94.85,62.43,1,-1,-1,-1
188,23,1125.68,171.83,126.13,104.82,1,-1,-1,-1
188,36,1102.16,563.02,78.43,228.66,1,-1,-1,-1
188,44,1569.14,714.11,351.98,347.67,1,-1,-1,-1
188,47,-5.61,193.06,84.97,90.67,1,-1,-1,-1
188,50,1672.46,412.52,246.71,293.85,1,-1,-1,-1
188,51,-10.90,786.13,278.24,257.78,1,-1,-1,-1
189,4,380.27,199.22,92.15,47.02,1,-1,-1,-1
189,5,1590.45,402.02,228.72,93.98,1,-1,-1,-1
189,13,1244.99,120.27,102.56,66.00,1,-1,-1,-1
189,23,1128.72,168.85,125.74,104.53,1,-1,-1,-1
189,36,1103.93,560.31,77.20,226.05,1,-1,-1,-1
189,44,1569.05,703.13,345.52,339.50,1,-1,-1,-1
189,47,-5.32,193.06,84.62,91.40,1,-1,-1,-1
189,50,1673.63,416.63,246.64,294.06,1,-1,-1,-1
189,51,-15.31,785.57,285.66,266.56,1,-1,-1,-1
190,4,380.08,199.06,92.15,47.03,1,-1,-1,-1
190,5,1590.53,402.02,228.85,93.98,1,-1,-1,-1
190,13,1252.59,116.73,105.70,67.33,1,-1,-1,-1
190,23,1133.27,165.87,124.06,103.13,1,-1,-1,-1
190,36,1105.15,556.79,76.79,225.19,1,-1,-1,-1
190,44,1571.40,693.44,334.71,324.81,1,-1,-1,-1
190,47,-4.63,193.05,83.98,91.63,1,-1,-1,-1
190,50,1673.89,415.48,246.95,294.80,1,-1,-1,-1
190,51,-20.97,786.00,295.09,278.28,1,-1,-1,-1
191,4,380.46,199.66,91.22,46.37,1,-1,-1,-1
191,5,1589.52,400.69,231.62,95.31,1,-1,-1,-1
191,13,1262.95,113.48,110.27,69.15,1,-1,-1,-1
191,23,1138.31,162.21,124.77,103.32,1,-1,-1,-1
191,36,1105.92,555.64,75.83,222.29,1,-1,-1,-1
191,44,1567.38,683.59,336.85,323.44,1,-1,-1,-1
191,47,-5.08,193.13,85.15,92.91,1,-1,-1,-1
191,50,1675.22,413.71,243.92,291.01,1,-1,-1,-1
191,51,-23.89,786.80,300.83,287.10,1,-1,-1,-1
191,53,1051.04,47.78,205.78,126.78,1,-1,-1,-1
192,4,380.51,199.89,91.06,46.11,1,-1,-1,-1
192,5,1589.26,400.20,232.42,95.80,1,-1,-1,-1
192,13,1270.74,112.96,109.63,67.89,1,-1,-1,-1
192,23,1143.79,160.31,123.07,101.44,1,-1,-1,-1
192,36,1106.49,552.02,75.42,221.31,1,-1,-1,-1
192,44,1562.13,676.30,333.55,315.54,1,-1,-1,-1
192,50,1677.18,411.71,239.85,285.53,1,-1,-1,-1
192,51,-25.85,786.44,303.42,293.49,1,-1,-1,-1
192,53,1042.16,50.31,206.21,127.02,1,-1,-1,-1
193,4,380.16,199.97,92.39,46.68,1,-1,-1,-1
193,5,1590.08,401.33,229.58,94.67,1,-1,-1,-1
193,13,1277.66,113.54,107.94,66.06,1,-1,-1,-1
193,23,1149.65,159.08,121.39,99.44,1,-1,-1,-1
193,36,1107.21,547.48,74.78,219.70,1,-1,-1,-1
193,44,1555.78,669.36,329.40,306.98,1,-1,-1,-1
193,50,1691.86,417.76,211.78,247.01,1,-1,-1,-1
193,51,-25.80,786.94,301.51,295.69,1,-1,-1,-1
193,53,1029.26,51.10,209.49,128.56,1,-1,-1,-1
194,4,379.69,200.01,92.91,46.90,1,-1,-1,-1
194,5,1590.01,401.10,229.90,94.90,1,-1,-1,-1
194,13,1285.06,113.86,105.60,64.03,1,-1,-1,-1
194,23,1156.35,157.41,119.63,97.40,1,-1,-1,-1
194,36,1107.91,545.94,73.55,216.51,1,-1,-1,-1
194,44,1544.90,661.18,325.19,299.62,1,-1,-1,-1
194,50,1677.91,417.27,239.41,280.23,1,-1,-1,-1
194,51,-24.42,787.77,297.38,295.59,1,-1,-1,-1
194,53,1018.50,52.03,210.61,129.06,1,-1,-1,-1
195,4,379.39,200.02,93.34,46.98,1,-1,-1,-1
195,5,1589.49,401.02,229.70,94.98,1,-1,-1,-1
195,13,1289.40,111.38,106.83,64.61,1,-1,-1,-1
195,23,1162.55,155.56,119.42,96.70,1,-1,-1,-1
195,36,1108.42,542.16,73.14,215.42,1,-1,-1,-1
195,44,1533.56,654.53,321.88,293.45,1,-1,-1,-1
195,50,1673.83,415.83,246.88,289.75,1,-1,-1,-1
195,51,-22.89,788.73,292.50,294.62,1,-1,-1,-1
195,53,1005.13,53.01,209.36,128.50,1,-1,-1,-1
196,4,379.48,199.36,93.75,47.01,1,-1,-1,-1
196,5,1590.36,401.65,228.14,94.35,1,-1,-1,-1
196,13,1294.73,111.18,103.96,62.85,1,-1,-1,-1
196,23,1169.47,153.65,119.24,95.82,1,-1,-1,-1
196,36,1109.52,540.23,72.42,213.76,1,-1,-1,-1
196,44,1524.45,646.43,316.87,285.76,1,-1,-1,-1
196,50,1671.40,417.21,251.44,296.18,1,-1,-1,-1
196,51,-21.09,791.04,286.26,292.05,1,-1,-1,-1
196,53,992.16,54.00,210.92,129.65,1,-1,-1,-1
197,4,379.81,199.77,92.67,46.36,1,-1,-1,-1
197,5,1590.30,401.23,229.00,94.77,1,-1,-1,-1
197,13,1300.15,110.53,101.28,61.51,1,-1,-1,-1
197,23,1177.17,151.70,118.71,94.88,1,-1,-1,-1
197,36,1110.49,538.32,70.93,209.22,1,-1,-1,-1
197,44,1513.41,637.10,312.74,279.55,1,-1,-1,-1
197,50,1675.91,419.72,242.94,285.52,1,-1,-1,-1
197,51,-20.14,791.91,281.39,290.85,1,-1,-1,-1
197,53,975.54,55.67,211.04,129.38,1,-1,-1,-1
198,4,379.87,199.93,92.37,46.11,1,-1,-1,-1
198,5,1590.04,401.07,229.14,94.93,1,-1,-1,-1
198,13,1306.18,109.68,99.69,61.03,1,-1,-1,-1
198,23,1184.44,149.75,118.10,93.90,1,-1,-1,-1
198,36,1111.64,537.08,69.36,204.27,1,-1,-1,-1
198,44,1503.75,627.98,309.56,274.61,1,-1,-1,-1
198,50,1676.94,418.01,240.41,281.94,1,-1,-1,-1
198,51,-19.54,792.87,276.46,289.58,1,-1,-1,-1
198,53,964.51,59.62,208.91,127.90,1,-1,-1,-1
199,4,379.84,199.98,92.36,46.02,1,-1,-1,-1
199,5,1589.62,401.01,229.16,94.99,1,-1,-1,-1
199,13,1313.86,108.75,97.66,60.20,1,-1,-1,-1
199,23,1191.98,145.77,119.26,94.26,1,-1,-1,-1
199,36,1112.36,534.06,68.79,203.22,1,-1,-1,-1
199,44,1494.61,620.29,305.43,268.82,1,-1,-1,-1
199,50,1677.68,419.37,238.77,279.28,1,-1,-1,-1
199,51,-18.23,793.87,271.81,288.29,1,-1,-1,-1
199,53,952.92,61.04,209.98,128.68,1,-1,-1,-1
200,4,378.93,200.00,93.50,46.65,1,-1,-1,-1
200,5,1589.79,400.99,229.19,95.01,1,-1,-1,-1
200,13,1319.65,107.80,97.16,59.91,1,-1,-1,-1
200,23,1200.63,143.72,118.30,93.10,1,-1,-1,-1
200,36,1111.96,531.04,68.50,202.92,1,-1,-1,-1
200,44,1484.11,611.78,302.71,264.75,1,-1,-1,-1
200,50,1676.41,422.54,240.56,280.96,1,-1,-1,-1
200,51,-17.59,794.88,267.18,287.02,1,-1,-1,-1
200,53,937.77,61.51,212.24,129.63,1,-1,-1,-1
201,4,379.00,200.01,91.12,45.57,1,-1,-1,-1
201,5,1599.82,399.66,234.35,95.68,1,-1,-1,-1
201,13,1321.88,106.83,96.92,59.15,1,-1,-1,-1
201,23,1208.16,141.73,116.96,92.04,1,-1,-1,-1
201,36,1112.49,530.04,67.64,200.90,1,-1,-1,-1
201,44,1472.95,602.29,300.20,261.34,1,-1,-1,-1
201,50,1676.46,423.13,240.43,280.80,1,-1,-1,-1
201,51,-16.66,795.89,262.78,285.78,1,-1,-1,-1
201,53,924.82,61.62,215.23,131.31,1,-1,-1,-1
202,4,378.80,200.01,90.01,45.15,1,-1,-1,-1
202,5,1590.69,399.16,235.76,96.59,1,-1,-1,-1
202,13,1324.55,105.85,97.95,58.89,1,-1,-1,-1
202,23,1215.02,138.42,115.95,91.68,1,-1,-1,-1
202,36,1112.69,529.12,66.58,198.24,1,-1,-1,-1
202,44,1463.29,593.77,297.01,257.50,1,-1,-1,-1
202,51,-15.96,796.90,258.50,284.56,1,-1,-1,-1
202,53,913.43,62.94,216.38,131.93,1,-1,-1,-1
203,4,378.52,200.01,90.69,45.67,1,-1,-1,-1
203,5,1600.46,398.98,238.68,96.27,1,-1,-1,-1
203,13,1336.63,105.54,95.71,57.47,1,-1,-1,-1
203,23,1225.94,137.28,114.45,90.25,1,-1,-1,-1
203,36,1111.33,527.55,65.65,195.33,1,-1,-1,-1
203,44,1455.52,586.97,290.25,250.15,1,-1,-1,-1
203,51,-14.86,799.24,253.29,282.04,1,-1,-1,-1
203,53,900.19,63.39,217.72,132.81,1,-1,-1,-1
204,4,378.79,200.01,90.85,45.87,1,-1,-1,-1
204,5,1590.09,398.92,238.90,96.80,1,-1,-1,-1
204,13,1340.15,104.13,96.31,56.97,1,-1,-1,-1
204,23,1232.52,138.31,107.70,85.74,1,-1,-1,-1
204,36,1109.91,523.71,65.75,195.69,1,-1,-1,-1
204,44,1446.91,580.13,284.57,244.18,1,-1,-1,-1
204,51,-14.51,801.41,248.23,279.71,1,-1,-1,-1
204,53,886.75,64.18,220.80,134.44,1,-1,-1,-1
205,4,378.68,200.01,90.71,45.94,1,-1,-1,-1
205,5,1586.62,398.91,238.68,96.99,1,-1,-1,-1
205,13,1353.83,102.99,94.07,56.13,1,-1,-1,-1
205,23,1250.77,136.78,107.70,84.11,1,-1,-1,-1
205,36,1109.57,522.39,64.74,192.56,1,-1,-1,-1
205,44,1436.56,573.26,282.18,241.48,1,-1,-1,-1
205,51,-14.21,804.18,242.73,276.80,1,-1,-1,-1
205,53,871.10,65.09,224.88,137.01,1,-1,-1,-1
206,4,378.71,200.01,90.50,45.97,1,-1,-1,-1
206,5,1585.91,399.57,236.72,96.40,1,-1,-1,-1
206,13,1362.38,102.61,92.45,55.18,1,-1,-1,-1
206,23,1261.95,132.92,110.15,84.93,1,-1,-1,-1
206,36,1110.19,521.33,64.23,190.81,1,-1,-1,-1
206,44,1428.23,568.38,277.06,235.92,1,-1,-1,-1
206,51,-13.97,807.83,236.53,273.02,1,-1,-1,-1
206,53,857.20,64.75,228.07,139.27,1,-1,-1,-1
206,56,1669.18,430.44,248.04,263.73,1,-1,-1,-1
206,57,2.75,192.00,65.51,68.91,1,-1,-1,-1
207,4,378.53,199.35,91.49,46.65,1,-1,-1,-1
207,5,1585.79,399.82,235.70,96.17,1,-1,-1,-1
207,13,1368.01,100.51,93.74,56.19,1,-1,-1,-1
207,23,1271.73,126.90,115.85,88.61,1,-1,-1,-1
207,36,1110.96,519.70,62.95,186.90,1,-1,-1,-1
207,44,1419.96,562.22,270.94,229.97,1,-1,-1,-1
207,51,-14.53,809.81,231.62,270.93,1,-1,-1,-1
207,53,842.87,65.23,230.52,141.41,1,-1,-1,-1
207,56,1668.78,429.63,247.83,263.51,1,-1,-1,-1
207,57,1.32,192.78,68.36,71.85,1,-1,-1,-1
208,4,378.93,199.10,91.59,46.90,1,-1,-1,-1
208,5,1586.26,399.92,234.97,96.08,1,-1,-1,-1
208,13,1374.42,99.77,93.05,55.92,1,-1,-1,-1
208,23,1280.86,122.12,118.96,90.65,1,-1,-1,-1
208,36,1111.89,517.17,62.52,185.54,1,-1,-1,-1
208,44,1412.34,555.56,265.25,223.90,1,-1,-1,-1
208,51,-15.66,811.82,226.41,268.83,1,-1,-1,-1
208,53,828.59,66.69,229.02,140.23,1,-1,-1,-1
208,57,0.85,193.02,70.02,73.52,1,-1,-1,-1
209,4,378.82,199.01,91.51,46.99,1,-1,-1,-1
209,5,1586.21,399.96,234.52,96.04,1,-1,-1,-1
209,13,1381.25,98.88,91.37,55.17,1,-1,-1,-1
209,23,1287.21,113.82,126.23,96.70,1,-1,-1,-1
209,36,1113.65,514.98,62.22,184.45,1,-1,-1,-1
209,44,1403.33,548.03,262.31,220.52,1,-1,-1,-1
209,51,-15.82,814.50,220.75,266.07,1,-1,-1,-1
209,53,820.57,68.53,232.54,141.70,1,-1,-1,-1
209,57,0.66,193.09,69.96,73.38,1,-1,-1,-1
210,4,378.56,198.97,91.23,47.03,1,-1,-1,-1
210,5,1586.30,399.98,234.16,96.03,1,-1,-1,-1
210,13,1387.90,97.92,89.31,54.23,1,-1,-1,-1
210,23,1298.21,110.76,124.30,95.12,1,-1,-1,-1
210,36,1116.27,514.26,61.49,181.46,1,-1,-1,-1
210,44,1394.70,540.85,258.58,216.76,1,-1,-1,-1
210,51,-17.32,816.77,215.00,263.73,1,-1,-1,-1
210,53,801.76,69.19,234.78,143.54,1,-1,-1,-1
210,57,0.57,193.09,69.95,73.28,1,-1,-1,-1
210,58,1670.57,438.49,254.96,212.37,1,-1,-1,-1
211,4,379.01,199.62,90.05,46.38,1,-1,-1,-1
211,5,1588.57,401.31,230.90,94.70,1,-1,-1,-1
211,13,1390.02,97.61,86.69,53.24,1,-1,-1,-1
211,23,1308.36,109.74,122.82,93.80,1,-1,-1,-1
211,36,1118.20,512.75,61.30,180.44,1,-1,-1,-1
211,44,1385.60,533.81,255.78,214.21,1,-1,-1,-1
211,51,-18.68,819.54,208.61,260.89,1,-1,-1,-1
211,53,790.01,70.06,234.51,144.20,1,-1,-1,-1
211,57,2.01,193.09,67.02,69.79,1,-1,-1,-1
211,58,1650.16,430.52,294.43,247.21,1,-1,-1,-1
212,4,379.46,199.87,89.72,46.13,1,-1,-1,-1
212,5,1589.03,401.15,231.13,94.86,1,-1,-1,-1
212,13,1398.77,99.56,80.64,49.53,1,-1,-1,-1
212,23,1319.17,108.17,122.83,93.96,1,-1,-1,-1
212,36,1119.31,508.25,61.73,181.48,1,-1,-1,-1
212,44,1377.06,526.14,253.23,212.10,1,-1,-1,-1
212,51,-20.95,821.17,202.61,259.21,1,-1,-1,-1
212,53,777.01,72.32,234.00,144.42,1,-1,-1,-1
212,57,2.13,193.07,66.75,69.17,1,-1,-1,-1
212,58,1653.90,427.31,285.86,241.29,1,-1,-1,-1
213,4,379.68,199.97,89.49,46.03,1,-1,-1,-1
213,5,1589.25,401.08,231.15,94.92,1,-1,-1,-1
213,13,1402.92,101.04,77.28,46.81,1,-1,-1,-1
213,23,1328.77,108.34,119.68,91.38,1,-1,-1,-1
213,36,1121.18,503.99,62.25,183.26,1,-1,-1,-1
213,44,1369.31,520.25,248.22,207.44,1,-1,-1,-1
213,51,-21.47,825.70,193.93,253.96,1,-1,-1,-1
213,53,768.85,74.46,233.91,145.12,1,-1,-1,-1
213,57,1.49,193.06,68.71,71.01,1,-1,-1,-1
213,58,1657.38,425.58,279.12,237.00,1,-1,-1,-1
214,4,379.77,200.00,89.39,46.00,1,-1,-1,-1
214,5,1589.37,401.05,231.09,94.95,1,-1,-1,-1
214,13,1409.36,100.66,75.35,45.64,1,-1,-1,-1
214,23,1341.14,109.22,115.52,87.73,1,-1,-1,-1
214,36,1122.16,501.83,61.84,182.00,1,-1,-1,-1
214,44,1361.49,513.68,243.71,203.18,1,-1,-1,-1
214,51,-22.08,829.99,185.72,249.38,1,-1,-1,-1
214,53,755.50,75.89,233.62,146.01,1,-1,-1,-1
214,57,2.35,193.06,67.90,69.67,1,-1,-1,-1
214,58,1660.92,427.17,272.13,232.30,1,-1,-1,-1
215,4,379.82,200.01,89.33,45.99,1,-1,-1,-1
215,5,1589.45,401.04,231.00,94.96,1,-1,-1,-1
215,23,1352.47,108.99,113.82,85.70,1,-1,-1,-1
215,36,1120.10,501.12,61.13,179.58,1,-1,-1,-1
215,44,1353.05,508.20,239.21,199.09,1,-1,-1,-1
215,51,-23.47,836.85,175.89,243.06,1,-1,-1,-1
215,53,744.52,76.39,233.72,146.97,1,-1,-1,-1
215,57,2.82,193.05,67.29,68.49,1,-1,-1,-1
215,58,1667.95,428.56,259.47,222.12,1,-1,-1,-1
216,4,380.13,200.01,89.38,45.98,1,-1,-1,-1
216,5,1588.82,400.37,232.29,95.63,1,-1,-1,-1
216,23,1362.91,109.00,111.35,83.64,1,-1,-1,-1
216,36,1118.30,498.28,61.52,180.73,1,-1,-1,-1
216,44,1345.29,501.76,236.30,196.40,1,-1,-1,-1
216,51,-25.18,841.30,166.83,238.12,1,-1,-1,-1
216,53,740.57,77.19,234.84,148.61,1,-1,-1,-1
216,57,2.25,193.04,67.88,68.74,1,-1,-1,-1
216,58,1667.46,427.30,260.69,223.16,1,-1,-1,-1
217,4,379.95,200.01,89.34,45.98,1,-1,-1,-1
217,5,1588.30,400.12,232.70,95.88,1,-1,-1,-1
217,23,1377.04,109.08,109.28,80.89,1,-1,-1,-1
217,36,1117.61,495.98,61.01,179.21,1,-1,-1,-1
217,44,1337.08,495.64,233.31,193.55,1,-1,-1,-1
217,51,-30.34,837.41,162.10,241.14,1,-1,-1,-1
217,53,721.90,80.07,233.77,147.90,1,-1,-1,-1
217,57,1.35,193.70,69.46,70.18,1,-1,-1,-1
218,4,379.89,200.01,89.31,45.99,1,-1,-1,-1
218,5,1588.16,400.02,232.74,95.98,1,-1,-1,-1
218,23,1384.76,106.48,108.73,79.92,1,-1,-1,-1
218,36,1117.62,494.55,60.25,176.69,1,-1,-1,-1
218,44,1329.16,488.95,230.06,190.64,1,-1,-1,-1
218,51,-33.56,836.58,154.65,240.99,1,-1,-1,-1
218,53,715.00,83.76,229.17,146.27,1,-1,-1,-1
218,57,1.82,193.95,68.44,68.73,1,-1,-1,-1
219,4,379.59,200.01,89.18,45.99,1,-1,-1,-1
219,5,1588.16,399.99,232.65,96.01,1,-1,-1,-1
219,23,1394.68,104.25,108.39,78.94,1,-1,-1,-1
219,36,1117.78,492.11,60.33,176.46,1,-1,-1,-1
219,44,1322.35,483.41,224.71,185.67,1,-1,-1,-1
219,51,-37.66,838.50,153.41,239.07,1,-1,-1,-1
219,53,708.86,85.77,228.81,147.60,1,-1,-1,-1
219,57,1.89,194.03,67.60,67.51,1,-1,-1,-1
220,4,379.79,200.01,89.17,45.99,1,-1,-1,-1
220,5,1588.21,399.98,232.52,96.02,1,-1,-1,-1
220,23,1402.66,104.18,106.90,77.28,1,-1,-1,-1
220,36,1118.83,488.62,60.37,177.09,1,-1,-1,-1
220,44,1314.06,477.61,221.68,182.65,1,-1,-1,-1
220,53,699.40,86.47,229.28,149.39,1,-1,-1,-1
220,57,0.93,194.06,69.92,69.75,1,-1,-1,-1
221,4,379.59,200.01,89.06,45.99,1,-1,-1,-1
221,5,1591.36,402.62,228.19,94.04,1,-1,-1,-1
221,23,1410.59,104.90,102.96,74.01,1,-1,-1,-1
221,36,1120.11,486.08,59.91,176.04,1,-1,-1,-1
221,44,1304.61,470.35,222.74,183.74,1,-1,-1,-1
221,53,688.41,87.34,227.99,150.05,1,-1,-1,-1
221,57,1.41,194.06,67.80,67.28,1,-1,-1,-1
222,4,380.09,200.67,87.86,45.33,1,-1,-1,-1
222,5,1593.16,404.29,224.02,91.96,1,-1,-1,-1
222,23,1415.97,103.20,101.13,72.87,1,-1,-1,-1
222,36,1120.22,483.22,59.80,175.68,1,-1,-1,-1
222,44,1298.75,463.92,217.26,178.88,1,-1,-1,-1
222,53,684.31,88.27,227.49,151.59,1,-1,-1,-1
222,57,0.62,194.06,69.59,69.01,1,-1,-1,-1
223,4,379.71,200.25,88.56,45.75,1,-1,-1,-1
223,5,1592.20,403.56,225.73,92.53,1,-1,-1,-1
223,23,1422.73,104.67,95.60,69.12,1,-1,-1,-1
223,36,1119.67,480.26,60.26,176.25,1,-1,-1,-1
223,44,1291.99,455.75,214.52,176.55,1,-1,-1,-1
223,53,674.26,89.23,227.35,153.46,1,-1,-1,-1
223,57,1.75,194.06,66.76,65.69,1,-1,-1,-1
224,4,379.60,200.10,88.76,45.90,1,-1,-1,-1
224,5,1592.43,403.95,225.18,92.08,1,-1,-1,-1
224,23,1431.98,108.72,86.00,62.32,1,-1,-1,-1
224,36,1119.29,476.59,60.77,177.82,1,-1,-1,-1
224,44,1285.62,448.32,212.64,175.15,1,-1,-1,-1
224,53,664.91,90.85,227.27,154.79,1,-1,-1,-1
224,57,2.06,194.05,66.60,65.09,1,-1,-1,-1
225,4,379.58,200.04,88.79,45.96,1,-1,-1,-1
225,5,1591.67,404.08,226.67,92.59,1,-1,-1,-1
225,23,1437.26,108.13,83.26,60.69,1,-1,-1,-1
225,36,1119.04,473.32,60.49,177.77,1,-1,-1,-1
225,44,1279.51,441.82,208.12,171.39,1,-1,-1,-1
225,53,655.38,92.73,227.47,156.58,1,-1,-1,-1
225,57,2.03,193.37,67.49,65.55,1,-1,-1,-1
226,4,379.89,200.01,88.84,45.99,1,-1,-1,-1
226,5,1591.97,404.12,227.38,92.79,1,-1,-1,-1
226,23,1444.61,108.63,79.13,58.13,1,-1,-1,-1
226,36,1118.73,470.20,60.14,177.11,1,-1,-1,-1
226,44,1271.92,435.00,207.15,170.82,1,-1,-1,-1
226,53,649.98,95.36,225.26,157.22,1,-1,-1,-1
226,57,0.44,193.12,70.32,68.39,1,-1,-1,-1
226,59,1360.54,78.03,86.95,57.26,1,-1,-1,-1
227,4,379.81,200.00,88.59,46.00,1,-1,-1,-1
227,5,1592.02,404.12,227.78,92.88,1,-1,-1,-1
227,23,1451.05,108.82,74.17,55.25,1,-1,-1,-1
227,36,1118.64,468.47,59.29,174.23,1,-1,-1,-1
227,44,1268.45,429.40,202.81,167.35,1,-1,-1,-1
227,53,642.04,96.31,225.79,159.40,1,-1,-1,-1
227,57,-0.12,193.03,71.32,69.46,1,-1,-1,-1
227,59,1342.67,78.03,88.28,57.70,1,-1,-1,-1
228,4,379.48,200.00,88.44,46.00,1,-1,-1,-1
228,5,1591.97,404.12,228.06,92.91,1,-1,-1,-1
228,23,1456.77,108.90,69.74,52.96,1,-1,-1,-1
228,36,1117.05,466.61,58.74,172.50,1,-1,-1,-1
228,44,1263.22,422.24,199.77,164.85,1,-1,-1,-1
228,53,639.85,97.28,224.32,160.84,1,-1,-1,-1
228,57,-0.03,192.99,71.08,69.21,1,-1,-1,-1
228,59,1331.43,79.63,87.71,56.99,1,-1,-1,-1
229,4,379.86,200.00,88.69,46.00,1,-1,-1,-1
229,5,1591.52,403.44,228.36,92.93,1,-1,-1,-1
229,23,1461.85,108.93,66.36,51.57,1,-1,-1,-1
229,36,1114.16,465.35,58.48,171.89,1,-1,-1,-1
229,44,1258.81,416.51,194.91,160.67,1,-1,-1,-1
229,53,636.33,100.21,220.67,160.70,1,-1,-1,-1
229,57,-0.10,192.95,71.19,69.32,1,-1,-1,-1
229,59,1314.53,81.01,95.04,61.55,1,-1,-1,-1
230,4,379.95,200.00,88.91,46.00,1,-1,-1,-1
230,5,1591.27,403.84,228.63,92.94,1,-1,-1,-1
230,23,1467.27,108.95,61.56,49.10,1,-1,-1,-1
230,36,1111.40,462.98,58.45,171.69,1,-1,-1,-1
230,44,1253.17,408.62,193.10,159.26,1,-1,-1,-1
230,53,632.41,101.93,217.90,161.25,1,-1,-1,-1
230,59,1298.22,80.83,100.15,64.46,1,-1,-1,-1
231,4,380.32,200.00,90.29,46.66,1,-1,-1,-1
231,5,1590.82,403.33,228.76,92.95,1,-1,-1,-1
231,23,1473.76,108.87,58.72,46.84,1,-1,-1,-1
231,36,1108.38,460.86,57.81,170.32,1,-1,-1,-1
231,44,1247.50,401.28,191.53,158.18,1,-1,-1,-1
231,53,626.07,106.46,215.98,162.08,1,-1,-1,-1
231,59,1289.82,80.79,94.23,59.59,1,-1,-1,-1
232,4,380.05,200.00,90.97,46.91,1,-1,-1,-1
232,5,1590.62,403.13,228.89,92.96,1,-1,-1,-1
232,36,1105.80,456.83,57.87,171.16,1,-1,-1,-1
232,44,1241.86,394.14,191.97,159.24,1,-1,-1,-1
232,53,620.66,108.78,213.97,163.02,1,-1,-1,-1
232,59,1280.68,80.13,78.13,47.19,1,-1,-1,-1
232,60,-10.99,193.05,97.08,91.24,1,-1,-1,-1
233,4,380.44,200.66,90.23,46.34,1,-1,-1,-1
233,5,1590.51,403.06,229.00,92.96,1,-1,-1,-1
233,36,1103.05,452.77,57.58,170.18,1,-1,-1,-1
233,44,1239.07,387.09,187.44,155.71,1,-1,-1,-1
233,53,611.26,108.94,214.71,165.31,1,-1,-1,-1
233,59,1262.09,79.18,86.75,51.27,1,-1,-1,-1
233,60,-11.18,192.42,98.31,93.18,1,-1,-1,-1
234,4,380.22,200.24,91.33,46.79,1,-1,-1,-1
234,5,1589.75,403.03,230.49,93.63,1,-1,-1,-1
234,36,1100.23,449.35,57.80,171.17,1,-1,-1,-1
234,44,1235.87,382.08,183.35,152.46,1,-1,-1,-1
234,53,603.25,110.90,215.23,166.80,1,-1,-1,-1
234,59,1245.83,78.89,89.17,51.75,1,-1,-1,-1
234,60,-9.36,192.85,94.25,90.08,1,-1,-1,-1
235,4,380.44,200.75,90.48,46.29,1,-1,-1,-1
235,5,1588.84,403.01,230.97,93.88,1,-1,-1,-1
235,36,1097.66,446.84,57.07,168.91,1,-1,-1,-1
235,44,1231.97,375.14,181.16,150.70,1,-1,-1,-1
235,53,599.04,112.89,216.36,168.63,1,-1,-1,-1
235,59,1224.73,79.48,93.06,53.28,1,-1,-1,-1
235,60,-8.62,193.01,91.84,88.65,1,-1,-1,-1
235,61,1678.70,411.97,240.60,298.78,1,-1,-1,-1
236,4,379.56,200.94,91.42,46.76,1,-1,-1,-1
236,5,1588.95,403.01,229.60,93.32,1,-1,-1,-1
236,36,1094.28,444.69,57.09,168.74,1,-1,-1,-1
236,44,1229.52,368.14,176.88,146.78,1,-1,-1,-1
236,53,592.91,113.59,219.20,172.56,1,-1,-1,-1
236,59,1205.63,80.38,94.08,52.52,1,-1,-1,-1
236,60,-5.36,192.37,84.28,81.81,1,-1,-1,-1
236,61,1678.03,414.19,241.94,300.55,1,-1,-1,-1
237,4,379.22,201.01,91.77,46.94,1,-1,-1,-1
237,5,1589.97,404.33,227.79,92.44,1,-1,-1,-1
237,36,1091.63,442.66,56.68,167.38,1,-1,-1,-1
237,44,1225.46,361.13,175.46,145.44,1,-1,-1,-1
237,53,588.46,115.75,218.48,174.02,1,-1,-1,-1
237,59,1186.94,80.07,97.30,53.55,1,-1,-1,-1
237,60,-4.62,192.12,82.41,80.59,1,-1,-1,-1
237,61,1677.93,414.93,242.88,301.83,1,-1,-1,-1
238,4,379.08,201.03,90.61,46.34,1,-1,-1,-1
238,5,1590.96,405.49,225.90,91.45,1,-1,-1,-1
238,36,1089.47,441.34,56.37,166.89,1,-1,-1,-1
238,44,1219.68,354.79,174.59,145.04,1,-1,-1,-1
238,53,583.81,117.17,219.41,177.14,1,-1,-1,-1
238,59,1169.65,79.96,94.40,50.63,1,-1,-1,-1
238,60,-5.45,192.03,84.63,83.61,1,-1,-1,-1
238,61,1678.60,415.15,242.51,301.51,1,-1,-1,-1
238,62,496.58,1004.90,984.06,72.89,1,-1,-1,-1
239,4,379.02,201.04,90.17,46.12,1,-1,-1,-1
239,5,1589.92,405.25,226.70,91.74,1,-1,-1,-1
239,36,1086.87,439.62,55.98,165.41,1,-1,-1,-1
239,44,1218.62,349.36,170.61,141.63,1,-1,-1,-1
239,53,581.83,118.96,219.97,179.58,1,-1,-1,-1
239,59,1154.68,80.61,90.77,46.76,1,-1,-1,-1
239,60,-6.68,192.67,87.95,88.04,1,-1,-1,-1
239,61,1678.63,414.50,242.77,302.05,1,-1,-1,-1
239,62,422.16,985.84,1215.16,92.01,1,-1,-1,-1
240,4,379.11,201.03,91.12,46.69,1,-1,-1,-1
240,5,1593.00,407.80,220.08,88.55,1,-1,-1,-1
240,36,1084.80,436.41,56.21,166.21,1,-1,-1,-1
240,44,1215.78,343.61,168.52,139.79,1,-1,-1,-1
240,53,582.53,120.88,217.74,179.81,1,-1,-1,-1
240,59,1134.05,81.55,89.75,44.67,1,-1,-1,-1
240,60,-6.77,192.25,88.45,89.68,1,-1,-1,-1
240,61,1678.70,414.24,242.73,302.22,1,-1,-1,-1
240,62,382.73,970.87,1373.96,106.94,1,-1,-1,-1
241,4,378.82,200.37,91.47,46.91,1,-1,-1,-1
241,5,1589.36,403.39,229.87,92.72,1,-1,-1,-1
241,36,1085.16,434.64,55.50,164.55,1,-1,-1,-1
241,44,1211.61,336.37,167.74,139.20,1,-1,-1,-1
241,53,580.45,122.21,218.14,183.10,1,-1,-1,-1
241,59,1112.30,81.88,89.35,43.27,1,-1,-1,-1
241,60,-6.45,192.75,87.28,89.61,1,-1,-1,-1
241,61,1682.44,422.99,233.89,289.99,1,-1,-1,-1
241,62,326.23,952.62,1551.74,125.11,1,-1,-1,-1
242,4,378.18,200.12,92.67,47.65,1,-1,-1,-1
242,5,1588.21,401.80,233.08,94.23,1,-1,-1,-1
242,36,1084.75,433.41,55.17,163.94,1,-1,-1,-1
242,44,1208.72,330.61,165.24,137.06,1,-1,-1,-1
242,53,579.30,125.27,215.45,183.65,1,-1,-1,-1
242,59,1094.01,82.68,91.14,42.81,1,-1,-1,-1
242,60,-6.27,192.94,87.37,90.86,1,-1,-1,-1
242,61,1683.30,425.53,231.66,286.11,1,-1,-1,-1
242,62,266.32,931.95,1718.98,144.55,1,-1,-1,-1
243,4,378.55,200.68,91.89,47.27,1,-1,-1,-1
243,5,1588.04,401.84,232.46,94.15,1,-1,-1,-1
243,36,1084.13,431.71,54.80,163.08,1,-1,-1,-1
243,44,1205.64,326.07,161.40,133.66,1,-1,-1,-1
243,53,575.20,128.34,214.95,186.41,1,-1,-1,-1
243,59,1073.82,82.96,93.18,42.68,1,-1,-1,-1
243,60,-5.30,193.66,86.89,91.30,1,-1,-1,-1
243,61,1683.99,428.43,229.41,282.06,1,-1,-1,-1
243,62,214.81,920.40,1864.99,156.83,1,-1,-1,-1
244,4,378.71,200.90,91.56,47.12,1,-1,-1,-1
244,5,1593.04,401.21,235.27,94.77,1,-1,-1,-1
244,36,1083.22,427.84,54.82,163.45,1,-1,-1,-1
244,44,1202.01,320.62,160.04,132.50,1,-1,-1,-1
244,53,573.44,129.45,213.52,188.71,1,-1,-1,-1
244,59,1051.11,82.38,97.61,44.01,1,-1,-1,-1
244,60,-5.60,193.81,87.79,92.23,1,-1,-1,-1
244,61,1684.50,431.45,227.41,277.95,1,-1,-1,-1
245,4,378.22,200.98,91.22,47.06,1,-1,-1,-1
245,5,1590.89,401.64,233.89,94.34,1,-1,-1,-1
245,36,1082.50,425.81,54.40,162.29,1,-1,-1,-1
245,44,1199.19,314.16,159.56,132.16,1,-1,-1,-1
245,53,571.33,133.07,210.33,188.22,1,-1,-1,-1
245,59,1030.44,83.49,99.15,43.85,1,-1,-1,-1
245,61,1682.86,428.41,231.00,281.27,1,-1,-1,-1
245,63,855.38,883.67,634.46,195.08,1,-1,-1,-1
246,4,378.38,201.01,91.07,47.03,1,-1,-1,-1
246,5,1590.14,401.81,233.17,94.17,1,-1,-1,-1
246,36,1082.19,423.15,54.42,162.54,1,-1,-1,-1
246,44,1196.49,310.01,157.08,130.10,1,-1,-1,-1
246,53,565.81,136.35,208.41,187.96,1,-1,-1,-1
246,59,1007.69,85.24,99.16,42.48,1,-1,-1,-1
246,61,1681.93,428.57,232.32,281.89,1,-1,-1,-1
246,63,852.32,869.47,672.41,208.82,1,-1,-1,-1
247,4,378.19,201.02,90.86,47.02,1,-1,-1,-1
247,5,1593.75,401.22,235.65,94.76,1,-1,-1,-1
247,36,1082.24,420.92,54.21,161.99,1,-1,-1,-1
247,44,1193.62,305.37,154.26,127.40,1,-1,-1,-1
247,53,562.05,138.84,207.39,188.46,1,-1,-1,-1
247,59,985.16,85.89,102.66,43.33,1,-1,-1,-1
247,61,1681.95,429.92,232.75,281.52,1,-1,-1,-1
247,63,848.85,857.12,704.02,221.68,1,-1,-1,-1
248,4,378.34,201.02,89.68,46.36,1,-1,-1,-1
248,5,1595.12,401.01,237.22,94.98,1,-1,-1,-1
248,36,1082.79,418.85,53.84,161.15,1,-1,-1,-1
248,44,1189.45,299.87,153.79,127.16,1,-1,-1,-1
248,53,559.13,143.64,205.08,187.29,1,-1,-1,-1
248,59,970.71,86.78,102.23,42.99,1,-1,-1,-1
248,61,1681.73,429.70,233.37,281.44,1,-1,-1,-1
248,63,844.62,842.87,737.61,236.79,1,-1,-1,-1
249,4,378.94,201.02,89.48,46.10,1,-1,-1,-1
249,5,1594.78,400.93,238.15,95.05,1,-1,-1,-1
249,36,1083.63,418.16,53.19,158.86,1,-1,-1,-1
249,44,1185.83,294.71,152.11,125.80,1,-1,-1,-1
249,53,558.53,145.38,206.85,190.75,1,-1,-1,-1
249,59,960.82,88.42,100.63,42.88,1,-1,-1,-1
249,61,1682.13,430.73,232.48,280.36,1,-1,-1,-1
249,63,850.54,830.60,754.25,248.08,1,-1,-1,-1
250,4,378.81,201.02,89.46,46.01,1,-1,-1,-1
250,5,1589.93,400.91,237.34,95.07,1,-1,-1,-1
250,36,1083.76,416.67,52.73,157.36,1,-1,-1,-1
250,44,1182.70,289.69,150.76,124.69,1,-1,-1,-1
250,53,555.21,147.27,208.09,193.32,1,-1,-1,-1
250,59,943.66,89.05,99.85,42.54,1,-1,-1,-1
250,63,853.59,817.81,773.38,261.76,1,-1,-1,-1
251,4,379.11,200.35,90.74,46.64,1,-1,-1,-1
251,5,1588.35,401.57,235.16,94.42,1,-1,-1,-1
251,36,1083.64,416.20,52.30,155.50,1,-1,-1,-1
251,44,1180.78,286.04,147.46,121.67,1,-1,-1,-1
251,53,551.92,147.91,210.29,196.87,1,-1,-1,-1
251,63,858.91,807.39,779.60,272.53,1,-1,-1,-1
252,4,379.77,200.10,91.45,46.88,1,-1,-1,-1
252,5,1587.89,401.83,234.04,94.16,1,-1,-1,-1
252,36,1084.04,415.44,51.30,152.17,1,-1,-1,-1
252,44,1177.22,280.22,147.64,121.98,1,-1,-1,-1
252,53,549.63,149.38,211.49,199.49,1,-1,-1,-1
252,63,864.19,796.65,782.56,283.40,1,-1,-1,-1
253,4,379.39,200.01,91.66,46.97,1,-1,-1,-1
253,5,1588.95,402.59,231.85,93.40,1,-1,-1,-1
253,36,1085.24,410.54,52.25,154.33,1,-1,-1,-1
253,44,1173.91,275.60,145.99,120.81,1,-1,-1,-1
253,53,549.03,153.77,209.07,197.82,1,-1,-1,-1
253,63,869.51,784.49,785.43,295.61,1,-1,-1,-1
254,4,379.24,199.98,91.75,47.00,1,-1,-1,-1
254,5,1588.44,402.21,232.18,93.78,1,-1,-1,-1
254,36,1085.44,408.14,51.78,153.16,1,-1,-1,-1
254,44,1171.22,270.76,144.64,119.77,1,-1,-1,-1
254,53,547.11,158.66,207.23,196.45,1,-1,-1,-1
254,63,880.23,773.67,775.65,303.90,1,-1,-1,-1
255,4,380.00,200.63,90.79,46.35,1,-1,-1,-1
255,5,1589.03,402.73,230.78,93.26,1,-1,-1,-1
255,36,1085.55,406.66,51.58,152.76,1,-1,-1,-1
255,44,1169.51,266.51,141.88,117.43,1,-1,-1,-1
255,53,544.32,161.09,208.93,198.51,1,-1,-1,-1
255,63,901.68,762.12,739.83,301.69,1,-1,-1,-1
256,4,380.49,200.21,90.68,46.11,1,-1,-1,-1
256,5,1588.31,402.93,231.50,93.73,1,-1,-1,-1
256,36,1085.90,406.85,50.90,150.65,1,-1,-1,-1
256,44,1165.29,261.79,141.67,117.30,1,-1,-1,-1
256,53,540.35,161.26,212.33,202.53,1,-1,-1,-1
256,63,919.82,752.21,708.72,300.93,1,-1,-1,-1
257,4,379.73,200.06,91.86,46.68,1,-1,-1,-1
257,5,1588.86,403.00,230.14,93.24,1,-1,-1,-1
257,36,1085.65,404.34,50.76,149.89,1,-1,-1,-1
257,44,1163.12,258.24,137.79,113.97,1,-1,-1,-1
257,53,536.91,161.90,215.08,205.97,1,-1,-1,-1
257,63,937.14,743.59,672.14,297.02,1,-1,-1,-1
258,4,379.70,200.66,91.12,46.24,1,-1,-1,-1
258,5,1589.50,403.02,229.45,93.06,1,-1,-1,-1
258,36,1084.77,402.81,50.31,148.31,1,-1,-1,-1
258,44,1160.75,254.46,135.80,112.11,1,-1,-1,-1
258,53,533.02,162.06,218.24,209.84,1,-1,-1,-1
258,63,956.77,733.52,631.43,289.91,1,-1,-1,-1
259,4,379.93,200.89,91.01,46.07,1,-1,-1,-1
259,5,1589.81,403.03,229.07,93.00,1,-1,-1,-1
259,36,1084.13,401.65,50.11,147.76,1,-1,-1,-1
259,44,1156.99,249.22,135.79,112.17,1,-1,-1,-1
259,53,529.74,163.35,219.98,212.57,1,-1,-1,-1
259,63,975.70,723.54,590.36,280.91,1,-1,-1,-1
260,4,379.95,200.98,91.09,46.00,1,-1,-1,-1
260,5,1589.98,403.03,228.81,92.97,1,-1,-1,-1
260,36,1082.86,399.96,50.13,148.26,1,-1,-1,-1
260,44,1154.52,245.47,134.23,110.91,1,-1,-1,-1
260,53,527.15,167.68,219.61,212.90,1,-1,-1,-1
260,63,986.86,713.58,563.57,277.87,1,-1,-1,-1
261,4,378.67,201.01,89.73,45.32,1,-1,-1,-1
261,5,1589.73,403.03,228.72,92.97,1,-1,-1,-1
261,36,1082.53,398.06,49.88,147.82,1,-1,-1,-1
261,44,1152.09,242.27,133.01,109.83,1,-1,-1,-1
261,53,526.41,172.55,217.87,211.64,1,-1,-1,-1
261,63,1000.92,706.94,530.04,269.95,1,-1,-1,-1
262,4,378.47,201.02,89.31,45.07,1,-1,-1,-1
262,5,1589.66,403.03,228.64,92.97,1,-1,-1,-1
262,36,1083.59,396.09,49.46,146.36,1,-1,-1,-1
262,44,1149.30,238.59,131.27,108.15,1,-1,-1,-1
262,53,521.46,174.98,220.84,215.03,1,-1,-1,-1
262,63,1011.36,696.91,502.64,264.10,1,-1,-1,-1
263,4,378.09,201.02,89.11,44.98,1,-1,-1,-1
263,5,1588.99,403.02,228.58,92.97,1,-1,-1,-1
263,36,1083.60,395.43,49.44,146.51,1,-1,-1,-1
263,44,1146.74,234.73,129.97,106.91,1,-1,-1,-1
263,53,515.88,175.83,224.98,219.53,1,-1,-1,-1
263,63,1020.29,688.24,476.65,257.82,1,-1,-1,-1
263,65,1389.49,67.23,81.48,56.03,1,-1,-1,-1
264,4,378.51,201.02,87.92,44.28,1,-1,-1,-1
264,5,1588.73,402.36,229.92,93.64,1,-1,-1,-1
264,36,1081.74,395.25,49.22,145.26,1,-1,-1,-1
264,44,1143.90,230.79,128.88,105.84,1,-1,-1,-1
264,53,512.38,175.42,229.49,225.09,1,-1,-1,-1
264,63,1027.89,680.09,453.46,252.06,1,-1,-1,-1
264,65,1382.59,67.74,80.25,55.34,1,-1,-1,-1
265,4,377.21,200.35,89.75,45.36,1,-1,-1,-1
265,5,1593.47,400.79,233.27,94.55,1,-1,-1,-1
265,36,1080.52,394.58,48.86,144.16,1,-1,-1,-1
265,44,1140.68,226.83,127.76,104.83,1,-1,-1,-1
265,53,508.96,175.20,232.96,229.76,1,-1,-1,-1
265,63,1031.65,670.10,434.72,247.89,1,-1,-1,-1
265,65,1374.69,73.09,73.36,50.66,1,-1,-1,-1
266,4,377.38,200.76,89.14,45.11,1,-1,-1,-1
266,5,1594.15,399.54,238.08,96.20,1,-1,-1,-1
266,36,1079.89,393.72,48.46,143.11,1,-1,-1,-1
266,44,1138.58,223.53,126.76,103.84,1,-1,-1,-1
266,53,508.57,176.98,235.22,234.07,1,-1,-1,-1
266,63,1034.49,660.77,418.04,244.35,1,-1,-1,-1
266,65,1365.17,72.64,76.09,52.83,1,-1,-1,-1
267,4,377.19,200.92,88.77,45.01,1,-1,-1,-1
267,5,1590.21,401.04,234.51,94.86,1,-1,-1,-1
267,36,1078.45,394.12,48.11,141.42,1,-1,-1,-1
267,44,1137.29,221.14,124.38,101.52,1,-1,-1,-1
267,53,504.94,182.15,234.81,234.35,1,-1,-1,-1
267,63,1037.48,651.68,401.92,240.39,1,-1,-1,-1
267,65,1359.04,72.49,75.76,52.82,1,-1,-1,-1
268,4,377.83,200.98,87.23,44.32,1,-1,-1,-1
268,5,1592.21,399.65,238.60,96.32,1,-1,-1,-1
268,36,1077.97,392.33,47.90,140.16,1,-1,-1,-1
268,44,1134.89,217.74,123.61,100.71,1,-1,-1,-1
268,53,501.06,188.00,235.22,235.00,1,-1,-1,-1
268,63,1041.05,643.35,385.66,235.61,1,-1,-1,-1
268,65,1354.56,73.08,74.75,52.14,1,-1,-1,-1
269,4,378.41,201.00,86.66,44.06,1,-1,-1,-1
269,5,1592.54,399.13,240.29,96.86,1,-1,-1,-1
269,36,1076.99,389.70,48.15,139.73,1,-1,-1,-1
269,44,1132.42,213.96,123.41,100.47,1,-1,-1,-1
269,53,499.77,194.73,233.84,234.51,1,-1,-1,-1
269,63,1043.82,635.97,369.39,229.87,1,-1,-1,-1
269,65,1344.05,73.94,75.01,52.60,1,-1,-1,-1
270,4,378.36,201.01,87.65,44.63,1,-1,-1,-1
270,5,1591.02,398.29,242.20,97.71,1,-1,-1,-1
270,36,1075.88,388.77,48.46,139.60,1,-1,-1,-1
270,44,1129.66,210.03,123.26,100.43,1,-1,-1,-1
270,53,495.54,198.53,234.44,236.19,1,-1,-1,-1
270,63,1044.06,627.59,355.61,225.14,1,-1,-1,-1
270,65,1336.43,75.58,71.78,50.07,1,-1,-1,-1
271,4,378.29,201.01,88.13,44.85,1,-1,-1,-1
271,5,1588.98,400.60,235.99,95.40,1,-1,-1,-1
271,36,1074.34,386.48,48.88,140.26,1,-1,-1,-1
271,44,1127.11,206.72,122.50,99.79,1,-1,-1,-1
271,53,491.54,199.87,235.69,238.73,1,-1,-1,-1
271,63,1043.23,618.15,345.80,222.83,1,-1,-1,-1
271,65,1328.67,76.83,71.69,49.84,1,-1,-1,-1
272,4,377.41,200.35,89.37,45.59,1,-1,-1,-1
272,5,1588.02,401.51,233.22,94.49,1,-1,-1,-1
272,36,1073.28,385.01,48.75,138.54,1,-1,-1,-1
272,44,1125.11,202.31,121.90,99.59,1,-1,-1,-1
272,53,480.33,200.28,242.01,245.50,1,-1,-1,-1
272,63,1046.00,611.69,328.84,214.68,1,-1,-1,-1
272,65,1317.98,77.92,80.59,56.56,1,-1,-1,-1
273,4,377.80,200.10,89.72,45.88,1,-1,-1,-1
273,5,1587.82,401.85,231.91,94.15,1,-1,-1,-1
273,36,1071.55,383.19,48.77,137.92,1,-1,-1,-1
273,44,1123.23,198.81,121.54,99.56,1,-1,-1,-1
273,53,473.13,201.00,246.54,250.62,1,-1,-1,-1
273,63,1045.57,603.64,318.28,210.44,1,-1,-1,-1
273,65,1308.26,78.32,86.56,61.48,1,-1,-1,-1
274,4,378.46,200.67,88.83,45.32,1,-1,-1,-1
274,5,1587.88,401.97,231.17,94.03,1,-1,-1,-1
274,36,1070.59,381.90,48.80,137.06,1,-1,-1,-1
274,44,1122.80,196.99,119.09,97.59,1,-1,-1,-1
274,53,466.87,201.84,250.93,255.75,1,-1,-1,-1
274,63,1043.70,594.29,312.04,209.03,1,-1,-1,-1
274,65,1301.87,79.71,83.04,59.00,1,-1,-1,-1
275,4,378.38,200.88,88.49,45.11,1,-1,-1,-1
275,5,1588.02,402.02,230.67,93.98,1,-1,-1,-1
275,36,1069.43,381.48,48.50,135.43,1,-1,-1,-1
275,44,1123.53,195.14,116.00,94.87,1,-1,-1,-1
275,53,462.21,204.67,253.46,258.93,1,-1,-1,-1
275,63,1043.89,587.85,302.24,204.61,1,-1,-1,-1
275,65,1295.39,79.56,82.45,58.55,1,-1,-1,-1
276,4,378.34,200.97,88.40,45.03,1,-1,-1,-1
276,5,1588.48,402.03,230.37,93.97,1,-1,-1,-1
276,36,1068.39,379.38,48.34,134.19,1,-1,-1,-1
276,44,1124.51,192.59,115.02,93.91,1,-1,-1,-1
276,53,460.71,211.53,252.14,257.45,1,-1,-1,-1
276,63,1041.60,581.14,295.55,202.44,1,-1,-1,-1
276,65,1288.13,81.45,78.57,55.74,1,-1,-1,-1
277,4,378.68,201.00,88.31,45.00,1,-1,-1,-1
277,5,1588.54,402.03,229.85,93.97,1,-1,-1,-1
277,36,1066.98,377.31,49.06,135.76,1,-1,-1,-1
277,44,1124.53,189.10,115.52,94.27,1,-1,-1,-1
277,53,459.06,219.33,249.48,254.13,1,-1,-1,-1
277,63,1041.59,575.65,284.34,196.39,1,-1,-1,-1
277,65,1279.85,82.13,78.81,55.97,1,-1,-1,-1
278,4,379.10,201.01,88.36,44.99,1,-1,-1,-1
278,5,1588.99,402.03,229.48,93.97,1,-1,-1,-1
278,36,1065.53,375.94,48.61,133.72,1,-1,-1,-1
278,44,1125.36,186.59,114.20,93.11,1,-1,-1,-1
278,53,453.50,225.49,250.70,254.73,1,-1,-1,-1
278,63,1040.22,569.27,277.23,192.95,1,-1,-1,-1
278,65,1270.21,81.69,80.64,57.37,1,-1,-1,-1
279,4,379.24,201.01,88.41,44.99,1,-1,-1,-1
279,5,1589.95,402.69,227.76,93.31,1,-1,-1,-1
279,36,1062.85,374.15,48.80,133.65,1,-1,-1,-1
279,44,1128.13,183.12,114.32,93.38,1,-1,-1,-1
279,53,447.73,229.67,253.47,256.86,1,-1,-1,-1
279,63,1037.28,561.85,272.41,191.17,1,-1,-1,-1
279,65,1260.39,82.15,81.76,58.55,1,-1,-1,-1
279,69,938.91,65.78,121.96,66.47,1,-1,-1,-1
280,4,379.27,201.01,88.46,44.99,1,-1,-1,-1
280,5,1589.66,402.27,228.45,93.73,1,-1,-1,-1
280,36,1060.01,371.54,49.31,134.97,1,-1,-1,-1
280,44,1130.92,179.96,113.59,92.85,1,-1,-1,-1
280,53,442.35,232.44,256.56,259.57,1,-1,-1,-1
280,63,1036.04,555.40,265.94,187.95,1,-1,-1,-1
280,65,1252.31,82.96,82.24,58.99,1,-1,-1,-1
280,69,951.51,66.02,120.32,66.00,1,-1,-1,-1
281,4,379.92,201.01,87.21,44.33,1,-1,-1,-1
281,5,1590.92,403.43,225.98,92.57,1,-1,-1,-1
281,36,1058.42,369.30,49.33,134.83,1,-1,-1,-1
281,44,1134.04,177.57,111.91,91.35,1,-1,-1,-1
281,53,434.86,234.68,261.03,263.81,1,-1,-1,-1
281,63,1036.02,548.63,258.36,183.54,1,-1,-1,-1
281,65,1241.76,83.24,84.18,60.45,1,-1,-1,-1
281,69,958.99,65.34,120.82,66.63,1,-1,-1,-1
282,4,379.86,201.01,86.67,44.08,1,-1,-1,-1
282,5,1591.31,403.87,225.24,92.13,1,-1,-1,-1
282,36,1057.29,367.20,49.18,134.80,1,-1,-1,-1
282,44,1137.98,176.15,109.82,89.49,1,-1,-1,-1
282,53,429.20,236.07,265.31,267.97,1,-1,-1,-1
282,63,1037.58,543.77,248.77,177.32,1,-1,-1,-1
282,65,1230.49,83.97,86.28,61.64,1,-1,-1,-1
282,69,966.85,65.82,119.42,66.13,1,-1,-1,-1
283,4,380.13,201.01,86.54,43.99,1,-1,-1,-1
283,5,1591.36,404.03,225.15,91.97,1,-1,-1,-1
283,36,1057.23,363.82,49.17,135.46,1,-1,-1,-1
283,44,1141.69,173.74,109.28,88.84,1,-1,-1,-1
283,53,422.42,237.78,268.62,271.44,1,-1,-1,-1
283,63,1035.94,536.89,243.95,174.53,1,-1,-1,-1
283,65,1220.50,85.53,85.95,61.43,1,-1,-1,-1
283,69,972.84,65.28,119.99,66.67,1,-1,-1,-1
284,4,379.66,201.01,87.64,44.62,1,-1,-1,-1
284,5,1591.30,404.08,225.29,91.92,1,-1,-1,-1
284,36,1056.56,360.64,49.25,136.39,1,-1,-1,-1
284,44,1147.10,172.29,107.67,87.29,1,-1,-1,-1
284,53,416.13,242.89,272.32,275.29,1,-1,-1,-1
284,63,1034.84,531.97,238.82,171.64,1,-1,-1,-1
284,65,1208.38,87.42,87.30,61.98,1,-1,-1,-1
284,69,980.00,65.08,121.12,67.56,1,-1,-1,-1
285,4,379.52,201.01,87.98,44.86,1,-1,-1,-1
285,5,1591.20,404.09,225.50,91.91,1,-1,-1,-1
285,36,1056.89,358.85,48.84,136.08,1,-1,-1,-1
285,44,1152.03,170.54,106.56,86.09,1,-1,-1,-1
285,53,409.85,244.74,275.89,279.29,1,-1,-1,-1
285,63,1035.16,526.41,233.14,168.02,1,-1,-1,-1
285,65,1197.08,88.76,89.36,62.83,1,-1,-1,-1
285,69,989.48,65.01,122.04,68.57,1,-1,-1,-1
286,4,380.06,201.01,88.23,44.96,1,-1,-1,-1
286,5,1591.09,404.09,225.73,91.91,1,-1,-1,-1
286,36,1055.98,354.95,49.54,138.62,1,-1,-1,-1
286,44,1157.59,167.98,105.97,85.02,1,-1,-1,-1
286,53,401.52,248.60,282.20,286.59,1,-1,-1,-1
286,63,1033.96,518.57,230.67,166.86,1,-1,-1,-1
286,65,1185.19,90.55,90.90,63.78,1,-1,-1,-1
286,69,998.08,64.99,121.61,68.93,1,-1,-1,-1
287,4,379.04,200.34,90.77,46.31,1,-1,-1,-1
287,5,1591.28,404.08,226.04,91.92,1,-1,-1,-1
287,36,1055.55,352.24,49.39,138.92,1,-1,-1,-1
287,44,1162.67,165.13,107.64,86.00,1,-1,-1,-1
287,53,394.70,251.92,286.96,292.53,1,-1,-1,-1
287,63,1034.16,511.92,226.08,163.87,1,-1,-1,-1
287,65,1173.16,91.85,92.74,64.78,1,-1,-1,-1
287,69,1005.74,65.65,121.91,69.73,1,-1,-1,-1
288,4,378.96,200.10,90.47,46.16,1,-1,-1,-1
288,5,1590.60,404.07,226.32,91.93,1,-1,-1,-1
288,36,1054.91,349.32,49.71,141.00,1,-1,-1,-1
288,44,1167.64,162.84,107.90,85.73,1,-1,-1,-1
288,53,386.68,249.86,294.66,301.85,1,-1,-1,-1
288,63,1032.61,505.05,222.56,161.56,1,-1,-1,-1
288,65,1158.48,91.67,95.32,66.45,1,-1,-1,-1
288,69,1012.55,66.56,122.13,70.68,1,-1,-1,-1
289,4,379.04,200.00,91.44,46.76,1,-1,-1,-1
289,5,1592.64,406.05,222.50,89.95,1,-1,-1,-1
289,36,1055.47,347.64,49.60,141.78,1,-1,-1,-1
289,44,1174.99,161.42,106.83,84.33,1,-1,-1,-1
289,53,383.52,257.35,291.57,298.89,1,-1,-1,-1
289,63,1032.85,502.81,215.91,156.79,1,-1,-1,-1
289,65,1147.24,94.15,95.18,65.77,1,-1,-1,-1
289,69,1017.91,66.91,123.28,72.35,1,-1,-1,-1
290,4,379.66,200.63,89.30,45.67,1,-1,-1,-1
290,5,1593.14,406.79,221.61,89.21,1,-1,-1,-1
290,36,1056.79,347.09,48.07,137.47,1,-1,-1,-1
290,44,1182.03,158.99,107.66,84.51,1,-1,-1,-1
290,53,382.03,267.36,289.27,296.22,1,-1,-1,-1
290,63,1032.95,498.91,211.72,153.83,1,-1,-1,-1
290,65,1134.92,96.39,94.19,64.16,1,-1,-1,-1
290,69,1022.11,66.37,126.05,74.93,1,-1,-1,-1
291,4,379.61,200.21,88.37,45.24,1,-1,-1,-1
291,5,1590.42,404.39,227.76,91.61,1,-1,-1,-1
291,36,1057.92,345.66,46.96,134.46,1,-1,-1,-1
291,44,1189.72,156.85,106.87,83.27,1,-1,-1,-1
291,53,379.84,275.00,289.99,296.39,1,-1,-1,-1
291,63,1028.70,487.57,214.98,156.96,1,-1,-1,-1
291,65,1120.08,98.52,95.08,64.18,1,-1,-1,-1
291,69,1031.41,69.41,120.32,72.65,1,-1,-1,-1
292,4,379.62,200.05,87.97,45.08,1,-1,-1,-1
292,5,1589.07,403.50,230.06,92.50,1,-1,-1,-1
292,36,1058.28,345.21,46.73,134.02,1,-1,-1,-1
292,44,1199.35,155.48,105.47,81.50,1,-1,-1,-1
292,53,376.07,279.72,292.49,298.32,1,-1,-1,-1
292,63,1028.59,479.65,212.16,155.50,1,-1,-1,-1
292,65,1106.60,100.60,94.83,63.52,1,-1,-1,-1
292,69,1041.23,71.27,115.52,71.04,1,-1,-1,-1
293,4,380.02,200.00,87.68,45.02,1,-1,-1,-1
293,5,1588.54,403.15,230.98,92.85,1,-1,-1,-1
293,36,1058.16,342.45,46.52,133.87,1,-1,-1,-1
293,44,1208.62,154.41,103.95,79.53,1,-1,-1,-1
293,53,372.60,283.99,295.15,300.28,1,-1,-1,-1
293,63,1030.91,473.63,206.01,151.04,1,-1,-1,-1
293,65,1091.31,101.99,96.13,63.91,1,-1,-1,-1
293,69,1050.99,73.28,110.94,69.09,1,-1,-1,-1
294,4,380.22,199.98,87.48,45.00,1,-1,-1,-1
294,5,1588.60,403.02,231.46,92.98,1,-1,-1,-1
294,36,1057.70,340.83,45.96,132.50,1,-1,-1,-1
294,44,1216.86,151.41,105.49,80.19,1,-1,-1,-1
294,53,366.91,288.09,301.89,306.83,1,-1,-1,-1
294,63,1031.27,466.31,203.65,149.50,1,-1,-1,-1
294,65,1071.97,100.49,103.48,68.67,1,-1,-1,-1
294,69,1053.54,75.34,109.44,69.69,1,-1,-1,-1
295,4,380.88,200.63,86.22,44.33,1,-1,-1,-1
295,5,1587.89,402.32,233.12,93.68,1,-1,-1,-1
295,36,1058.06,339.64,44.72,128.67,1,-1,-1,-1
295,44,1221.68,147.72,106.07,81.13,1,-1,-1,-1
295,53,361.77,290.16,306.73,311.84,1,-1,-1,-1
295,63,1033.05,461.20,201.03,147.68,1,-1,-1,-1
295,65,1051.37,94.15,116.02,78.12,1,-1,-1,-1
295,69,1060.25,76.23,109.52,69.75,1,-1,-1,-1
296,4,380.57,200.88,86.88,44.74,1,-1,-1,-1
296,5,1588.02,402.06,233.59,93.94,1,-1,-1,-1
296,36,1057.62,339.28,44.11,126.59,1,-1,-1,-1
296,44,1235.08,145.10,107.23,80.84,1,-1,-1,-1
296,53,357.59,294.06,310.63,316.28,1,-1,-1,-1
296,63,1036.38,454.21,198.95,146.44,1,-1,-1,-1
296,65,1036.74,91.69,121.96,83.01,1,-1,-1,-1
297,4,380.48,200.98,87.05,44.90,1,-1,-1,-1
297,5,1588.13,401.96,233.66,94.04,1,-1,-1,-1
297,36,1057.03,337.87,44.76,128.54,1,-1,-1,-1
297,44,1245.74,144.22,105.30,78.76,1,-1,-1,-1
297,53,353.60,297.37,313.89,319.82,1,-1,-1,-1
297,63,1040.43,448.54,195.37,144.06,1,-1,-1,-1
297,65,1027.57,105.10,107.19,72.41,1,-1,-1,-1
298,4,379.56,200.35,88.25,45.62,1,-1,-1,-1
298,5,1588.22,401.93,233.58,94.07,1,-1,-1,-1
298,36,1056.93,336.08,44.79,127.96,1,-1,-1,-1
298,44,1255.06,142.66,104.07,77.34,1,-1,-1,-1
298,53,348.42,299.80,318.75,324.98,1,-1,-1,-1
298,63,1044.15,442.69,193.11,142.61,1,-1,-1,-1
298,65,1013.52,110.81,102.68,69.05,1,-1,-1,-1
299,4,379.81,200.77,87.50,45.23,1,-1,-1,-1
299,5,1588.30,401.93,233.46,94.07,1,-1,-1,-1
299,36,1056.17,333.48,45.63,130.43,1,-1,-1,-1
299,44,1263.97,140.16,104.20,76.84,1,-1,-1,-1
299,53,342.60,308.41,319.39,324.25,1,-1,-1,-1
299,63,1049.11,434.74,191.88,142.16,1,-1,-1,-1
299,65,998.89,113.47,103.58,69.18,1,-1,-1,-1
299,70,1063.16,79.76,95.69,70.85,1,-1,-1,-1
300,4,379.91,200.93,87.20,45.08,1,-1,-1,-1
300,5,1588.36,401.93,233.33,94.07,1,-1,-1,-1
300,36,1055.42,332.56,46.24,132.02,1,-1,-1,-1
300,44,1271.90,137.31,104.45,77.36,1,-1,-1,-1
300,53,334.01,310.92,327.99,332.99,1,-1,-1,-1
300,63,1055.12,429.39,186.44,138.06,1,-1,-1,-1
300,65,983.65,115.72,103.24,68.56,1,-1,-1,-1
300,70,1065.08,79.27,97.81,72.76,1,-1,-1,-1
301,4,380.61,200.99,87.09,45.03,1,-1,-1,-1
301,5,1586.04,400.62,237.32,96.04,1,-1,-1,-1
301,36,1054.47,330.31,46.50,133.30,1,-1,-1,-1
301,44,1281.58,129.69,111.14,82.23,1,-1,-1,-1
301,53,330.55,318.25,326.65,330.37,1,-1,-1,-1
301,63,1061.15,423.65,182.93,135.27,1,-1,-1,-1
301,65,967.10,117.16,105.19,69.63,1,-1,-1,-1
301,70,1068.34,79.81,96.90,72.62,1,-1,-1,-1
302,4,380.88,201.01,87.04,45.01,1,-1,-1,-1
302,5,1585.00,399.47,239.79,97.43,1,-1,-1,-1
302,36,1053.80,328.20,46.60,134.44,1,-1,-1,-1
302,44,1291.66,125.62,112.65,83.38,1,-1,-1,-1
302,53,325.39,326.16,329.47,331.81,1,-1,-1,-1
302,63,1068.12,417.77,180.84,133.67,1,-1,-1,-1
302,65,951.33,118.96,106.84,70.67,1,-1,-1,-1
302,70,1068.56,79.99,96.91,73.19,1,-1,-1,-1
303,4,380.98,201.02,87.02,45.00,1,-1,-1,-1
303,5,1584.88,399.05,240.20,97.95,1,-1,-1,-1
303,36,1054.88,327.46,45.32,130.93,1,-1,-1,-1
303,44,1298.58,118.28,118.34,88.41,1,-1,-1,-1
303,53,319.41,330.32,333.59,334.87,1,-1,-1,-1
303,63,1074.32,412.50,178.76,131.83,1,-1,-1,-1
303,65,936.96,120.89,106.83,70.40,1,-1,-1,-1
303,70,1067.38,80.74,97.21,74.04,1,-1,-1,-1
304,4,380.35,201.02,87.02,45.00,1,-1,-1,-1
304,5,1585.49,399.55,238.38,97.48,1,-1,-1,-1
304,36,1055.42,325.93,45.28,131.57,1,-1,-1,-1
304,44,1309.78,119.42,113.90,85.17,1,-1,-1,-1
304,53,314.12,335.01,335.55,335.29,1,-1,-1,-1
304,63,1079.92,406.10,179.32,131.91,1,-1,-1,-1
304,65,922.44,122.88,106.90,70.27,1,-1,-1,-1
304,70,1065.85,81.69,96.71,74.31,1,-1,-1,-1
305,4,380.40,201.02,87.11,45.00,1,-1,-1,-1
305,5,1585.91,399.76,237.30,97.28,1,-1,-1,-1
305,36,1056.07,324.76,45.04,131.15,1,-1,-1,-1
305,44,1317.09,114.14,118.00,89.12,1,-1,-1,-1
305,53,308.32,337.94,340.18,338.62,1,-1,-1,-1
305,63,1085.94,399.30,178.79,131.35,1,-1,-1,-1
305,65,908.32,125.54,106.09,69.55,1,-1,-1,-1
305,70,1064.80,83.37,96.07,74.37,1,-1,-1,-1
306,4,380.67,201.01,87.29,45.00,1,-1,-1,-1
306,5,1586.24,399.85,236.55,97.19,1,-1,-1,-1
306,36,1056.74,324.38,44.79,131.00,1,-1,-1,-1
306,44,1324.69,110.96,118.47,89.92,1,-1,-1,-1
306,53,297.80,341.50,349.66,346.33,1,-1,-1,-1
306,63,1092.86,393.68,176.39,129.21,1,-1,-1,-1
306,65,893.67,128.47,106.97,69.93,1,-1,-1,-1
306,70,1063.60,84.65,95.42,74.35,1,-1,-1,-1
307,4,380.16,201.01,87.26,45.00,1,-1,-1,-1
307,5,1586.52,399.89,235.96,97.15,1,-1,-1,-1
307,36,1057.52,323.63,44.31,130.29,1,-1,-1,-1
307,44,1333.75,111.80,115.53,86.94,1,-1,-1,-1
307,53,289.02,344.67,356.55,351.79,1,-1,-1,-1
307,63,1101.77,387.16,174.01,127.14,1,-1,-1,-1
307,65,877.64,130.16,108.90,71.38,1,-1,-1,-1
307,70,1062.61,85.78,94.23,73.65,1,-1,-1,-1
308,4,380.54,201.01,87.42,45.00,1,-1,-1,-1
308,5,1588.11,400.57,234.09,96.47,1,-1,-1,-1
308,36,1057.21,322.09,44.69,132.01,1,-1,-1,-1
308,44,1349.18,116.28,106.92,79.79,1,-1,-1,-1
308,53,286.22,350.94,358.33,351.82,1,-1,-1,-1
308,63,1111.02,382.32,171.00,124.44,1,-1,-1,-1
308,65,860.27,130.08,112.20,73.88,1,-1,-1,-1
308,70,1059.59,86.84,95.10,74.70,1,-1,-1,-1
309,4,380.64,201.01,87.57,45.00,1,-1,-1,-1
309,5,1588.78,400.83,233.25,96.20,1,-1,-1,-1
309,36,1057.15,320.89,44.05,130.69,1,-1,-1,-1
309,44,1359.97,115.42,105.71,78.42,1,-1,-1,-1
309,53,282.26,354.49,365.08,358.90,1,-1,-1,-1
309,63,1118.76,376.08,170.36,123.52,1,-1,-1,-1
309,65,846.71,131.29,113.26,74.82,1,-1,-1,-1
309,70,1056.84,87.87,95.37,75.07,1,-1,-1,-1
