3,1,1312.33,766.21,290.42,171.79,1,-1,-1,-1
3,2,-0.41,518.00,473.05,445.02,1,-1,-1,-1
3,3,2038.05,922.24,164.12,136.34,1,-1,-1,-1
3,4,2138.75,1517.24,266.72,266.76,1,-1,-1,-1
3,5,1976.90,855.22,60.96,43.05,1,-1,-1,-1
4,1,1293.48,762.13,297.56,175.87,1,-1,-1,-1
4,2,-0.15,518.00,473.08,445.05,1,-1,-1,-1
4,3,2039.99,920.51,164.12,136.50,1,-1,-1,-1
4,4,2138.54,1517.02,266.89,266.98,1,-1,-1,-1
4,5,1974.64,855.68,60.84,43.15,1,-1,-1,-1
5,1,1275.38,758.65,305.07,180.08,1,-1,-1,-1
5,2,-0.05,518.00,473.08,445.05,1,-1,-1,-1
5,3,2044.67,919.98,162.43,135.14,1,-1,-1,-1
5,4,2138.50,1516.96,267.65,267.77,1,-1,-1,-1
5,5,1970.79,856.60,58.51,41.69,1,-1,-1,-1
6,1,1257.98,756.13,310.60,182.85,1,-1,-1,-1
6,2,-0.02,518.00,473.07,445.04,1,-1,-1,-1
6,3,2049.98,919.83,158.45,131.85,1,-1,-1,-1
6,4,2138.51,1516.95,267.86,268.03,1,-1,-1,-1
6,5,1966.40,856.92,57.64,41.17,1,-1,-1,-1
7,1,1239.55,754.64,314.64,184.42,1,-1,-1,-1
7,2,-0.01,518.00,473.06,445.03,1,-1,-1,-1
7,3,2054.21,919.10,153.42,127.94,1,-1,-1,-1
7,4,2138.54,1516.95,267.89,268.11,1,-1,-1,-1
7,5,1962.59,856.32,57.32,40.99,1,-1,-1,-1
8,1,1222.37,753.52,317.04,184.88,1,-1,-1,-1
8,2,-0.01,518.00,473.05,445.03,1,-1,-1,-1
8,3,2059.12,919.58,147.32,123.14,1,-1,-1,-1
8,4,2138.58,1516.96,267.85,268.12,1,-1,-1,-1
8,5,1959.29,855.41,57.29,40.94,1,-1,-1,-1
9,1,1203.92,749.83,327.08,190.34,1,-1,-1,-1
9,2,-0.01,518.00,473.05,445.02,1,-1,-1,-1
9,3,2065.71,919.07,142.21,118.76,1,-1,-1,-1
9,4,2138.61,1516.96,267.79,268.11,1,-1,-1,-1
9,5,1956.55,855.08,57.25,40.93,1,-1,-1,-1
10,1,1188.31,748.53,330.03,190.97,1,-1,-1,-1
10,2,-0.01,518.00,473.04,445.02,1,-1,-1,-1
10,3,2071.71,918.91,139.08,115.96,1,-1,-1,-1
10,4,2138.64,1516.97,267.73,268.10,1,-1,-1,-1
10,5,1953.62,854.29,58.00,41.61,1,-1,-1,-1
11,1,1167.22,744.82,338.76,195.07,1,-1,-1,-1
11,2,-0.32,517.33,473.67,445.69,1,-1,-1,-1
11,3,2073.53,918.18,136.93,114.41,1,-1,-1,-1
11,4,2138.38,1517.65,267.59,268.08,1,-1,-1,-1
11,5,1948.06,852.00,60.80,43.87,1,-1,-1,-1
12,1,1149.77,741.52,346.20,198.51,1,-1,-1,-1
12,2,-0.10,517.75,473.23,445.27,1,-1,-1,-1
12,3,2077.93,917.93,134.59,112.61,1,-1,-1,-1
12,4,2138.32,1517.90,267.46,268.07,1,-1,-1,-1
12,5,1943.78,851.81,61.85,44.71,1,-1,-1,-1
13,1,1130.75,736.41,355.79,203.01,1,-1,-1,-1
13,2,-0.64,516.57,474.30,446.44,1,-1,-1,-1
13,3,2082.23,917.17,132.18,110.71,1,-1,-1,-1
13,4,2138.33,1517.99,267.33,268.06,1,-1,-1,-1
13,5,1940.39,851.76,62.73,45.68,1,-1,-1,-1
14,1,1112.16,732.59,366.10,207.90,1,-1,-1,-1
14,2,-0.79,516.13,474.60,446.88,1,-1,-1,-1
14,3,2084.69,916.92,129.26,108.77,1,-1,-1,-1
14,4,2138.67,1518.02,267.30,268.06,1,-1,-1,-1
14,5,1932.60,849.15,66.51,48.65,1,-1,-1,-1
15,1,1093.52,729.26,373.22,210.98,1,-1,-1,-1
15,2,-0.80,515.98,474.62,447.03,1,-1,-1,-1
15,3,2089.03,918.21,125.15,105.44,1,-1,-1,-1
15,4,2138.51,1518.03,267.19,268.05,1,-1,-1,-1
15,5,1926.34,848.81,66.99,49.13,1,-1,-1,-1
16,1,1077.16,726.78,378.39,212.71,1,-1,-1,-1
16,2,-0.45,516.59,473.92,446.42,1,-1,-1,-1
16,3,2092.80,920.06,119.73,100.93,1,-1,-1,-1
16,4,2138.77,1518.03,267.17,268.04,1,-1,-1,-1
16,5,1922.04,848.06,67.90,49.93,1,-1,-1,-1
17,1,1059.33,725.28,386.22,215.87,1,-1,-1,-1
17,2,-0.61,516.16,474.24,446.84,1,-1,-1,-1
17,3,2096.01,920.05,117.27,98.74,1,-1,-1,-1
17,4,2138.88,1518.03,267.15,268.04,1,-1,-1,-1
17,5,1917.89,847.14,68.96,50.87,1,-1,-1,-1
18,1,1041.40,724.80,390.26,216.98,1,-1,-1,-1
18,2,-0.33,516.67,473.67,446.34,1,-1,-1,-1
18,3,2099.09,920.73,114.40,96.01,1,-1,-1,-1
18,4,2138.92,1518.03,267.14,268.03,1,-1,-1,-1
18,5,1913.07,846.16,69.59,51.21,1,-1,-1,-1
19,1,1025.89,722.76,397.01,219.26,1,-1,-1,-1
19,2,-0.21,516.87,473.43,446.14,1,-1,-1,-1
19,3,2102.96,920.97,113.79,95.16,1,-1,-1,-1
19,4,2138.94,1518.02,266.46,267.37,1,-1,-1,-1
19,5,1907.70,845.81,69.31,50.66,1,-1,-1,-1
20,1,1006.97,718.81,408.29,224.60,1,-1,-1,-1
20,2,-0.46,516.28,473.93,446.72,1,-1,-1,-1
20,3,2106.07,919.68,112.67,94.27,1,-1,-1,-1
20,4,2138.95,1518.02,266.20,267.11,1,-1,-1,-1
20,5,1902.85,843.73,71.81,52.39,1,-1,-1,-1
21,1,992.70,716.07,413.27,225.91,1,-1,-1,-1
21,2,0.39,516.72,472.24,444.96,1,-1,-1,-1
21,3,2109.30,919.21,112.63,94.04,1,-1,-1,-1
21,4,2138.58,1517.36,266.19,267.02,1,-1,-1,-1
21,5,1896.29,842.32,72.71,53.02,1,-1,-1,-1
22,1,976.41,713.81,422.19,229.55,1,-1,-1,-1
22,2,0.37,516.89,471.60,444.29,1,-1,-1,-1
22,3,2113.90,920.39,106.91,88.65,1,-1,-1,-1
22,4,2138.70,1517.11,265.67,266.33,1,-1,-1,-1
22,5,1890.85,843.10,71.33,51.95,1,-1,-1,-1
23,1,963.59,713.03,425.36,229.56,1,-1,-1,-1
23,2,0.63,516.96,471.50,444.04,1,-1,-1,-1
23,3,2117.01,920.15,105.83,87.45,1,-1,-1,-1
23,4,2138.80,1517.01,265.38,266.07,1,-1,-1,-1
23,5,1885.64,842.13,72.14,52.15,1,-1,-1,-1
24,1,951.87,712.18,432.06,231.40,1,-1,-1,-1
24,2,0.68,516.98,471.55,443.95,1,-1,-1,-1
24,3,2120.88,919.38,103.14,85.06,1,-1,-1,-1
24,4,2138.46,1516.98,265.35,265.97,1,-1,-1,-1
24,5,1879.66,841.79,72.89,52.21,1,-1,-1,-1
25,1,938.78,711.29,439.69,233.97,1,-1,-1,-1
25,2,0.08,516.99,472.16,444.59,1,-1,-1,-1
25,3,2121.56,917.05,102.02,84.30,1,-1,-1,-1
25,4,2138.23,1516.97,265.57,265.94,1,-1,-1,-1
25,5,1873.99,841.03,74.38,52.88,1,-1,-1,-1
26,1,923.52,709.72,445.09,235.52,1,-1,-1,-1
26,2,-0.14,517.00,472.37,444.84,1,-1,-1,-1
26,3,2125.56,918.26,98.69,81.40,1,-1,-1,-1
26,4,2137.70,1516.97,265.88,265.94,1,-1,-1,-1
26,5,1867.70,839.46,76.99,54.42,1,-1,-1,-1
27,1,910.35,707.89,450.98,237.33,1,-1,-1,-1
27,2,-0.21,517.00,472.42,444.93,1,-1,-1,-1
27,3,2128.65,917.35,97.41,80.44,1,-1,-1,-1
27,4,2137.41,1516.97,266.17,265.94,1,-1,-1,-1
27,5,1861.56,839.53,77.32,54.35,1,-1,-1,-1
28,1,900.72,706.61,456.09,238.59,1,-1,-1,-1
28,2,-0.22,517.00,472.41,444.97,1,-1,-1,-1
28,3,2130.31,915.67,98.41,81.53,1,-1,-1,-1
28,4,2137.23,1516.97,266.44,265.95,1,-1,-1,-1
28,5,1854.46,837.63,79.42,55.60,1,-1,-1,-1
29,1,889.99,704.88,461.92,240.29,1,-1,-1,-1
29,2,-0.21,517.00,472.38,444.98,1,-1,-1,-1
29,3,2132.27,915.07,97.27,80.64,1,-1,-1,-1
29,4,2136.44,1516.98,267.34,266.61,1,-1,-1,-1
29,5,1846.42,836.28,81.43,56.71,1,-1,-1,-1
30,1,878.12,702.99,468.76,242.82,1,-1,-1,-1
30,2,-0.83,513.70,474.95,447.63,1,-1,-1,-1
30,3,2135.21,913.53,97.59,81.06,1,-1,-1,-1
30,4,2136.46,1516.98,267.72,266.87,1,-1,-1,-1
30,5,1839.89,836.44,81.62,56.47,1,-1,-1,-1
31,1,867.76,701.68,474.01,244.36,1,-1,-1,-1
31,2,-0.96,515.75,474.39,447.31,1,-1,-1,-1
31,3,2138.53,912.98,97.77,81.26,1,-1,-1,-1
31,4,2137.29,1516.32,268.21,267.62,1,-1,-1,-1
31,5,1831.07,834.57,85.54,58.97,1,-1,-1,-1
32,1,856.44,699.94,479.13,246.18,1,-1,-1,-1
32,2,-1.00,516.54,476.14,449.16,1,-1,-1,-1
32,3,2142.08,910.80,99.01,82.05,1,-1,-1,-1
32,4,2137.77,1516.07,268.72,268.57,1,-1,-1,-1
32,5,1823.92,833.89,87.17,59.90,1,-1,-1,-1
33,1,846.29,698.03,484.34,248.11,1,-1,-1,-1
33,2,22.41,517.50,429.28,397.10,1,-1,-1,-1
33,3,2145.19,910.02,97.94,81.17,1,-1,-1,-1
33,4,2138.35,1516.65,268.11,268.26,1,-1,-1,-1
33,5,1814.92,831.71,89.61,61.53,1,-1,-1,-1
34,1,837.45,696.72,488.51,249.42,1,-1,-1,-1
34,2,31.49,517.88,410.40,372.49,1,-1,-1,-1
34,4,2138.65,1516.87,267.72,268.14,1,-1,-1,-1
34,5,1807.75,831.54,90.56,62.13,1,-1,-1,-1
34,8,171.03,845.56,882.18,767.16,1,-1,-1,-1
35,1,830.35,696.28,491.08,249.84,1,-1,-1,-1
35,2,9.11,518.00,455.61,414.05,1,-1,-1,-1
35,4,2138.83,1516.95,267.42,268.08,1,-1,-1,-1
35,5,1799.12,830.87,92.01,62.98,1,-1,-1,-1
35,8,275.27,879.28,843.73,713.45,1,-1,-1,-1
36,1,824.06,694.87,493.41,249.93,1,-1,-1,-1
36,2,-2.39,517.40,477.46,435.67,1,-1,-1,-1
36,4,2138.02,1516.98,268.40,269.38,1,-1,-1,-1
36,5,1791.32,829.99,92.82,63.28,1,-1,-1,-1
36,8,438.71,909.22,792.19,646.32,1,-1,-1,-1
37,1,819.52,695.05,492.73,247.92,1,-1,-1,-1
37,2,-6.73,515.86,485.69,444.90,1,-1,-1,-1
37,4,2137.97,1516.98,268.62,269.61,1,-1,-1,-1
37,5,1783.77,828.38,94.20,64.02,1,-1,-1,-1
37,8,651.45,940.78,727.26,572.18,1,-1,-1,-1
38,1,813.59,695.19,494.34,247.09,1,-1,-1,-1
38,2,-7.90,515.26,487.83,448.44,1,-1,-1,-1
38,5,1774.58,828.45,95.38,64.93,1,-1,-1,-1
38,8,839.64,954.21,686.10,523.71,1,-1,-1,-1
39,1,804.08,693.97,504.82,251.35,1,-1,-1,-1
39,2,-7.53,515.68,487.04,449.05,1,-1,-1,-1
39,5,1765.68,826.56,97.91,66.55,1,-1,-1,-1
39,8,1000.01,963.80,643.89,479.11,1,-1,-1,-1
40,1,795.30,693.56,509.86,252.91,1,-1,-1,-1
40,2,-6.95,515.85,485.86,449.19,1,-1,-1,-1
40,5,1755.58,823.92,101.65,69.09,1,-1,-1,-1
40,8,1134.94,972.32,610.24,445.47,1,-1,-1,-1
41,1,787.01,692.13,515.02,254.77,1,-1,-1,-1
41,2,-5.42,517.89,482.80,447.18,1,-1,-1,-1
41,5,1747.29,822.92,103.24,70.04,1,-1,-1,-1
41,8,1249.35,979.97,574.87,413.56,1,-1,-1,-1
42,1,780.34,692.29,518.01,255.42,1,-1,-1,-1
42,2,-4.87,518.01,481.69,447.00,1,-1,-1,-1
42,5,1738.03,819.99,107.36,72.96,1,-1,-1,-1
42,8,1347.83,985.94,536.93,381.36,1,-1,-1,-1
43,1,772.23,690.42,523.62,257.59,1,-1,-1,-1
43,2,-4.43,518.05,482.13,448.18,1,-1,-1,-1
43,5,1728.52,819.53,108.37,73.42,1,-1,-1,-1
43,8,1434.20,989.26,499.65,351.95,1,-1,-1,-1
43,9,2139.11,1518.00,264.01,264.98,1,-1,-1,-1
44,1,766.61,689.75,525.44,257.71,1,-1,-1,-1
44,2,-4.57,517.40,481.61,448.57,1,-1,-1,-1
44,5,1718.22,820.06,107.54,72.25,1,-1,-1,-1
44,8,1500.22,985.19,473.84,332.92,1,-1,-1,-1
44,9,2139.40,1518.00,263.94,264.95,1,-1,-1,-1
45,1,760.63,690.20,525.80,257.04,1,-1,-1,-1
45,2,-4.98,513.20,482.76,450.64,1,-1,-1,-1
45,5,1708.55,818.35,109.34,73.06,1,-1,-1,-1
45,8,1563.45,985.69,445.75,313.17,1,-1,-1,-1
45,9,2139.12,1518.00,263.94,264.95,1,-1,-1,-1
46,1,755.11,690.41,527.02,256.73,1,-1,-1,-1
46,2,-4.72,515.56,479.09,448.08,1,-1,-1,-1
46,5,1697.91,816.43,114.01,75.94,1,-1,-1,-1
46,8,1620.67,985.46,412.01,289.50,1,-1,-1,-1
46,9,2139.03,1518.00,263.95,264.96,1,-1,-1,-1
47,1,747.32,689.21,532.12,258.55,1,-1,-1,-1
47,2,-6.65,515.15,477.78,448.37,1,-1,-1,-1
47,5,1685.18,813.80,118.70,78.95,1,-1,-1,-1
47,8,1668.96,984.30,387.87,273.30,1,-1,-1,-1
47,9,2139.00,1518.00,263.95,264.97,1,-1,-1,-1
48,1,740.62,688.78,534.80,259.21,1,-1,-1,-1
48,2,-10.06,513.68,476.74,449.77,1,-1,-1,-1
48,5,1674.38,813.45,117.30,77.52,1,-1,-1,-1
48,8,1707.41,982.99,365.90,258.52,1,-1,-1,-1
48,9,2138.99,1518.00,264.65,265.66,1,-1,-1,-1
49,1,732.40,687.99,540.39,261.39,1,-1,-1,-1
49,2,-14.07,511.81,475.23,451.58,1,-1,-1,-1
49,5,1662.44,812.07,121.71,80.15,1,-1,-1,-1
49,8,1746.62,982.39,335.82,236.87,1,-1,-1,-1
49,9,2138.68,1517.32,266.19,267.28,1,-1,-1,-1
50,1,725.49,687.07,544.64,262.84,1,-1,-1,-1
50,2,-17.44,511.78,471.85,452.22,1,-1,-1,-1
50,5,1649.14,810.94,124.58,81.77,1,-1,-1,-1
50,8,1778.08,981.28,313.65,221.02,1,-1,-1,-1
50,9,2137.92,1517.07,267.38,268.54,1,-1,-1,-1
51,1,717.31,684.77,549.93,264.66,1,-1,-1,-1
51,2,-23.84,512.44,469.04,455.06,1,-1,-1,-1
51,5,1635.99,810.54,125.41,81.71,1,-1,-1,-1
51,8,1802.06,977.90,303.60,214.20,1,-1,-1,-1
51,9,2138.11,1517.65,267.54,269.00,1,-1,-1,-1
52,1,705.54,682.62,557.21,267.93,1,-1,-1,-1
52,2,-25.04,520.60,454.49,446.23,1,-1,-1,-1
52,5,1622.40,809.13,129.06,83.59,1,-1,-1,-1
52,8,1822.98,976.06,297.07,210.65,1,-1,-1,-1
52,9,2137.99,1517.87,267.99,269.82,1,-1,-1,-1
53,1,696.50,680.52,561.69,269.79,1,-1,-1,-1
53,2,-5.37,583.53,392.94,384.33,1,-1,-1,-1
53,5,1608.77,806.69,132.33,85.57,1,-1,-1,-1
53,8,1842.67,974.71,290.93,208.07,1,-1,-1,-1
53,9,2138.05,1517.96,267.94,270.11,1,-1,-1,-1
54,1,686.34,677.15,568.75,273.06,1,-1,-1,-1
54,2,-9.04,605.78,371.81,365.93,1,-1,-1,-1
54,5,1595.17,803.84,136.01,87.58,1,-1,-1,-1
54,8,1861.57,970.74,281.71,202.95,1,-1,-1,-1
54,9,2138.75,1518.65,266.55,268.86,1,-1,-1,-1
55,1,676.46,675.25,574.74,275.57,1,-1,-1,-1
55,2,-20.66,612.97,360.89,360.68,1,-1,-1,-1
55,5,1578.18,800.85,142.79,91.55,1,-1,-1,-1
55,8,1879.21,969.37,268.55,194.83,1,-1,-1,-1
55,9,2139.36,1518.92,265.35,267.71,1,-1,-1,-1
56,1,666.74,673.27,580.21,277.77,1,-1,-1,-1
56,2,-37.90,614.50,354.42,363.90,1,-1,-1,-1
56,5,1562.29,799.73,144.75,92.41,1,-1,-1,-1
56,8,1895.70,968.22,257.02,187.74,1,-1,-1,-1
56,9,2139.60,1518.34,264.85,267.27,1,-1,-1,-1
57,1,654.86,672.56,583.39,278.55,1,-1,-1,-1
57,2,-56.66,615.43,346.03,369.35,1,-1,-1,-1
57,5,1545.81,797.41,149.94,95.27,1,-1,-1,-1
57,8,1909.81,967.15,245.61,180.93,1,-1,-1,-1
57,9,2139.99,1518.79,264.06,266.44,1,-1,-1,-1
58,1,642.65,670.38,589.27,280.74,1,-1,-1,-1
58,2,-54.50,606.11,287.35,319.41,1,-1,-1,-1
58,5,1529.13,795.92,152.65,96.33,1,-1,-1,-1
58,8,1924.17,967.51,232.32,172.10,1,-1,-1,-1
58,9,2140.41,1518.96,263.22,265.46,1,-1,-1,-1
59,1,627.63,668.95,595.08,282.83,1,-1,-1,-1
59,2,-62.58,611.09,277.95,308.97,1,-1,-1,-1
59,5,1510.94,793.46,157.15,98.62,1,-1,-1,-1
59,8,1938.36,966.27,221.04,164.66,1,-1,-1,-1
59,9,2140.53,1519.02,262.97,265.10,1,-1,-1,-1
60,1,611.14,666.50,604.27,286.83,1,-1,-1,-1
60,5,1492.29,789.98,163.52,102.03,1,-1,-1,-1
60,8,1947.09,963.76,214.59,161.18,1,-1,-1,-1
60,9,2140.17,1519.03,263.04,264.97,1,-1,-1,-1
61,1,594.42,663.00,609.57,288.30,1,-1,-1,-1
61,5,1471.59,787.40,169.22,105.23,1,-1,-1,-1
61,8,1957.22,962.24,207.15,156.18,1,-1,-1,-1
61,9,2139.03,1517.71,264.40,266.25,1,-1,-1,-1
62,1,572.60,661.72,618.80,292.05,1,-1,-1,-1
62,5,1451.55,783.89,174.96,108.34,1,-1,-1,-1
62,8,1967.55,959.67,199.84,151.36,1,-1,-1,-1
62,9,2138.58,1517.22,265.62,267.40,1,-1,-1,-1
63,1,551.96,659.34,625.36,294.07,1,-1,-1,-1
63,5,1429.46,780.65,180.90,111.42,1,-1,-1,-1
63,8,1976.91,957.43,191.37,145.89,1,-1,-1,-1
63,9,2138.39,1517.03,266.12,267.83,1,-1,-1,-1
64,1,526.77,655.87,634.38,296.73,1,-1,-1,-1
64,5,1408.93,778.17,184.10,112.56,1,-1,-1,-1
64,8,1983.36,956.01,183.52,140.85,1,-1,-1,-1
64,9,2138.02,1516.97,266.91,268.65,1,-1,-1,-1
65,1,497.22,652.00,648.35,302.24,1,-1,-1,-1
65,5,1385.92,774.70,189.19,114.87,1,-1,-1,-1
65,8,1991.29,954.18,176.65,136.65,1,-1,-1,-1
65,9,2137.51,1516.95,267.28,268.96,1,-1,-1,-1
65,13,2006.64,860.02,48.73,39.98,1,-1,-1,-1
66,1,460.85,645.38,666.22,309.48,1,-1,-1,-1
66,5,1363.17,772.13,194.61,116.98,1,-1,-1,-1
66,8,1998.30,951.52,172.44,134.11,1,-1,-1,-1
66,9,2137.31,1516.94,267.45,269.06,1,-1,-1,-1
66,13,2005.30,861.58,47.78,39.19,1,-1,-1,-1
67,1,424.41,639.66,684.48,316.72,1,-1,-1,-1
67,5,1335.96,767.99,201.54,120.31,1,-1,-1,-1
67,8,2006.20,949.97,168.90,132.10,1,-1,-1,-1
67,9,2137.22,1516.95,267.54,269.10,1,-1,-1,-1
67,13,2004.14,862.25,47.29,38.79,1,-1,-1,-1
68,1,386.01,636.25,698.40,321.35,1,-1,-1,-1
68,5,1309.03,763.25,210.29,124.75,1,-1,-1,-1
68,8,2014.39,948.79,160.89,126.14,1,-1,-1,-1
68,9,2136.90,1516.95,267.50,269.10,1,-1,-1,-1
69,1,339.76,629.20,714.43,326.26,1,-1,-1,-1
69,5,1282.42,759.55,216.80,127.70,1,-1,-1,-1
69,8,2019.97,947.07,155.91,122.91,1,-1,-1,-1
69,9,2136.79,1516.96,267.46,269.09,1,-1,-1,-1
70,1,286.37,622.69,737.09,333.88,1,-1,-1,-1
70,5,1255.20,756.91,223.21,130.05,1,-1,-1,-1
70,8,2025.59,945.84,151.71,119.93,1,-1,-1,-1
70,9,2136.77,1516.96,267.42,269.08,1,-1,-1,-1
71,1,224.63,613.17,769.25,345.75,1,-1,-1,-1
71,5,1226.14,752.11,232.84,134.75,1,-1,-1,-1
71,8,2031.67,945.47,146.89,116.35,1,-1,-1,-1
71,9,2138.19,1517.63,266.53,268.41,1,-1,-1,-1
72,1,159.13,603.18,801.31,357.28,1,-1,-1,-1
72,5,1195.23,748.41,239.10,137.15,1,-1,-1,-1
72,8,2036.70,942.65,145.69,115.99,1,-1,-1,-1
72,9,2138.41,1517.88,266.17,268.16,1,-1,-1,-1
72,14,1976.92,860.44,54.61,37.56,1,-1,-1,-1
73,1,90.24,595.56,830.09,366.77,1,-1,-1,-1
73,5,1162.88,743.84,247.26,140.56,1,-1,-1,-1
73,8,2043.70,942.39,140.50,112.61,1,-1,-1,-1
73,9,2138.52,1517.31,265.97,268.06,1,-1,-1,-1
73,14,1971.35,859.16,56.26,38.84,1,-1,-1,-1
74,1,31.09,586.32,858.04,377.36,1,-1,-1,-1
74,5,1129.97,737.67,258.24,145.02,1,-1,-1,-1
74,8,2047.14,940.31,138.94,112.27,1,-1,-1,-1
74,9,2138.87,1517.76,265.29,267.36,1,-1,-1,-1
74,14,1966.09,858.06,58.75,40.66,1,-1,-1,-1
75,1,-6.09,578.38,875.91,385.80,1,-1,-1,-1
75,5,1093.13,731.52,270.14,150.52,1,-1,-1,-1
75,8,2050.50,937.58,137.10,111.61,1,-1,-1,-1
75,9,2139.00,1517.93,265.03,267.10,1,-1,-1,-1
75,14,1962.08,854.95,61.40,42.64,1,-1,-1,-1
76,1,-47.02,566.46,904.29,403.03,1,-1,-1,-1
76,5,1055.32,726.02,278.77,153.86,1,-1,-1,-1
76,8,2056.05,936.66,131.37,107.45,1,-1,-1,-1
76,9,2138.66,1517.99,265.04,267.00,1,-1,-1,-1
76,14,1956.55,852.50,64.04,44.67,1,-1,-1,-1
77,1,-80.86,551.78,924.08,419.75,1,-1,-1,-1
77,5,1016.66,720.77,289.51,158.28,1,-1,-1,-1
77,8,2061.21,937.08,124.54,101.98,1,-1,-1,-1
77,9,2138.69,1518.04,264.94,266.90,1,-1,-1,-1
77,14,1952.29,850.96,65.63,46.05,1,-1,-1,-1
78,1,-105.15,535.37,914.85,425.46,1,-1,-1,-1
78,5,974.93,715.00,302.27,163.75,1,-1,-1,-1
78,8,2066.02,937.31,117.76,96.04,1,-1,-1,-1
78,14,1947.48,851.09,63.68,45.21,1,-1,-1,-1
79,1,-125.55,531.69,897.13,429.33,1,-1,-1,-1
79,5,932.31,709.03,313.37,167.70,1,-1,-1,-1
79,8,2069.19,935.37,116.85,95.52,1,-1,-1,-1
79,14,1943.38,848.58,67.04,48.11,1,-1,-1,-1
80,1,-153.16,521.50,887.05,440.23,1,-1,-1,-1
80,5,886.43,701.70,327.02,172.99,1,-1,-1,-1
80,8,2073.02,934.73,114.25,93.39,1,-1,-1,-1
80,14,1940.29,848.95,66.38,47.89,1,-1,-1,-1
81,1,-183.23,510.07,874.82,453.86,1,-1,-1,-1
81,5,835.67,694.49,342.02,178.79,1,-1,-1,-1
81,8,2075.50,933.19,113.50,92.78,1,-1,-1,-1
81,14,1932.62,845.92,70.85,51.64,1,-1,-1,-1
81,15,2139.42,1518.78,262.61,264.42,1,-1,-1,-1
82,1,-205.23,509.06,837.97,457.64,1,-1,-1,-1
82,5,785.51,687.33,355.79,183.50,1,-1,-1,-1
82,8,2078.57,932.00,112.66,92.00,1,-1,-1,-1
82,14,1925.26,842.25,74.59,54.95,1,-1,-1,-1
82,15,2139.74,1518.26,262.23,263.90,1,-1,-1,-1
83,1,-243.72,501.65,852.74,465.71,1,-1,-1,-1
83,5,733.28,678.91,371.77,189.71,1,-1,-1,-1
83,8,2081.58,931.62,110.33,89.80,1,-1,-1,-1
83,14,1921.48,843.99,71.65,53.06,1,-1,-1,-1
83,15,2139.04,1518.07,263.02,264.53,1,-1,-1,-1
84,5,675.83,670.02,389.98,196.49,1,-1,-1,-1
84,8,2085.34,931.53,106.55,86.39,1,-1,-1,-1
84,14,1917.64,844.17,70.29,52.18,1,-1,-1,-1
84,15,2139.51,1518.01,263.34,264.77,1,-1,-1,-1
85,5,611.56,659.68,413.56,206.04,1,-1,-1,-1
85,8,2086.85,930.87,105.27,85.28,1,-1,-1,-1
85,14,1912.28,843.63,70.65,52.45,1,-1,-1,-1
85,15,2140.72,1517.99,262.07,263.47,1,-1,-1,-1
86,5,547.71,649.43,434.59,213.48,1,-1,-1,-1
86,8,2089.48,929.98,103.15,83.62,1,-1,-1,-1
86,14,1907.71,844.77,69.59,51.21,1,-1,-1,-1
86,15,2140.51,1517.99,262.20,263.70,1,-1,-1,-1
87,5,478.45,639.83,455.41,220.73,1,-1,-1,-1
87,8,2091.10,928.34,104.21,84.48,1,-1,-1,-1
87,14,1902.21,842.63,71.74,52.66,1,-1,-1,-1
87,15,2140.38,1517.99,261.66,263.13,1,-1,-1,-1
88,5,404.37,629.88,476.59,227.89,1,-1,-1,-1
88,8,2093.40,927.78,102.35,82.85,1,-1,-1,-1
88,14,1895.30,840.55,73.38,53.83,1,-1,-1,-1
88,15,2140.32,1517.99,261.50,262.93,1,-1,-1,-1
89,5,325.15,617.25,503.89,237.55,1,-1,-1,-1
89,8,2096.46,928.30,99.70,80.30,1,-1,-1,-1
89,14,1888.90,839.78,73.33,53.61,1,-1,-1,-1
89,15,2140.45,1517.97,261.17,262.60,1,-1,-1,-1
90,5,239.80,604.86,530.06,246.28,1,-1,-1,-1
90,8,2101.10,928.53,96.92,77.42,1,-1,-1,-1
90,14,1883.09,839.53,74.43,54.14,1,-1,-1,-1
91,5,151.25,591.92,559.17,255.91,1,-1,-1,-1
91,8,2102.11,928.65,96.35,76.47,1,-1,-1,-1
91,14,1876.94,838.83,75.21,54.31,1,-1,-1,-1
92,5,64.29,581.97,581.45,261.44,1,-1,-1,-1
92,8,2104.65,928.03,95.02,74.84,1,-1,-1,-1
92,14,1867.55,835.32,80.78,58.27,1,-1,-1,-1
92,18,2139.40,1518.00,262.97,263.00,1,-1,-1,-1
93,5,5.58,569.37,603.62,271.08,1,-1,-1,-1
93,8,2108.01,927.15,92.87,72.98,1,-1,-1,-1
93,14,1860.37,835.30,80.74,57.84,1,-1,-1,-1
93,18,2140.27,1518.00,262.25,262.24,1,-1,-1,-1
94,5,-48.03,551.32,629.84,287.39,1,-1,-1,-1
94,8,2112.16,928.90,89.44,69.66,1,-1,-1,-1
94,14,1850.54,830.80,86.66,62.16,1,-1,-1,-1
94,18,2140.18,1518.00,262.74,262.73,1,-1,-1,-1
94,19,189.08,717.59,325.18,727.79,1,-1,-1,-1
95,5,-53.35,536.87,567.44,261.51,1,-1,-1,-1
95,8,2113.91,927.50,90.24,69.93,1,-1,-1,-1
95,14,1843.17,831.02,86.83,61.87,1,-1,-1,-1
95,18,2140.46,1518.00,262.97,262.91,1,-1,-1,-1
95,19,269.04,710.62,366.89,771.21,1,-1,-1,-1
96,5,-45.26,522.97,473.64,220.11,1,-1,-1,-1
96,8,2116.12,926.34,89.90,69.40,1,-1,-1,-1
96,14,1836.78,831.19,86.51,61.04,1,-1,-1,-1
96,18,2140.20,1518.00,263.73,263.67,1,-1,-1,-1
96,19,341.00,690.99,388.53,742.76,1,-1,-1,-1
97,5,-138.58,515.69,582.42,285.24,1,-1,-1,-1
97,8,2117.40,923.91,92.04,71.31,1,-1,-1,-1
97,14,1827.00,830.01,89.02,62.64,1,-1,-1,-1
97,18,2138.97,1518.00,264.88,264.63,1,-1,-1,-1
97,19,426.39,703.29,392.53,662.22,1,-1,-1,-1
98,5,-184.73,510.73,585.07,305.79,1,-1,-1,-1
98,8,2119.28,923.71,91.85,71.38,1,-1,-1,-1
98,14,1819.21,828.29,91.33,63.86,1,-1,-1,-1
98,18,2138.45,1518.00,265.41,264.98,1,-1,-1,-1
98,19,601.74,733.43,378.49,569.10,1,-1,-1,-1
99,5,-239.28,501.24,602.59,314.94,1,-1,-1,-1
99,8,2120.63,921.67,92.99,72.79,1,-1,-1,-1
99,14,1810.77,827.02,94.44,65.60,1,-1,-1,-1
99,18,2138.58,1518.00,265.64,265.09,1,-1,-1,-1
99,19,772.11,754.79,365.84,499.24,1,-1,-1,-1
100,8,2122.54,920.93,93.08,73.34,1,-1,-1,-1
100,14,1802.32,826.57,94.76,65.59,1,-1,-1,-1
100,18,2138.23,1518.00,265.18,264.45,1,-1,-1,-1
100,19,915.53,773.02,354.24,445.12,1,-1,-1,-1
101,8,2124.64,921.35,92.19,72.92,1,-1,-1,-1
101,14,1793.25,826.45,95.88,66.20,1,-1,-1,-1
101,18,2139.84,1518.00,264.20,263.53,1,-1,-1,-1
101,19,1038.65,788.24,341.64,400.46,1,-1,-1,-1
102,8,2126.95,920.88,92.62,73.44,1,-1,-1,-1
102,14,1784.61,825.79,97.30,67.05,1,-1,-1,-1
102,18,2139.79,1518.00,263.80,263.18,1,-1,-1,-1
102,19,1146.07,802.19,326.58,359.87,1,-1,-1,-1
103,8,2128.35,917.42,95.54,76.30,1,-1,-1,-1
103,14,1774.39,822.32,101.68,69.94,1,-1,-1,-1
103,18,2140.07,1518.00,263.03,262.38,1,-1,-1,-1
103,19,1236.45,814.00,309.42,322.24,1,-1,-1,-1
104,8,2130.75,917.46,95.37,76.73,1,-1,-1,-1
104,14,1757.79,813.31,114.30,79.37,1,-1,-1,-1
104,18,2140.84,1518.00,261.43,260.75,1,-1,-1,-1
104,19,1308.15,818.92,303.75,303.04,1,-1,-1,-1
105,8,2133.71,917.51,94.33,76.24,1,-1,-1,-1
105,14,1747.12,809.88,117.90,82.97,1,-1,-1,-1
105,18,2141.11,1518.00,260.85,260.15,1,-1,-1,-1
105,19,1372.12,825.39,292.51,280.85,1,-1,-1,-1
106,8,2138.20,918.23,92.32,74.73,1,-1,-1,-1
106,14,1738.57,810.43,116.92,82.49,1,-1,-1,-1
106,18,2141.19,1518.00,260.67,259.94,1,-1,-1,-1
106,19,1431.63,833.84,278.05,257.81,1,-1,-1,-1
107,8,2140.70,917.60,92.04,74.50,1,-1,-1,-1
107,14,1729.00,808.83,115.94,81.55,1,-1,-1,-1
107,18,2141.21,1518.00,260.62,259.87,1,-1,-1,-1
107,19,1484.51,839.90,265.00,238.12,1,-1,-1,-1
108,14,1719.05,808.92,118.18,83.06,1,-1,-1,-1
108,18,2141.20,1518.00,260.63,259.86,1,-1,-1,-1
108,19,1529.51,843.70,256.31,224.56,1,-1,-1,-1
109,14,1708.14,808.37,120.78,84.88,1,-1,-1,-1
109,18,2140.81,1518.00,261.41,260.52,1,-1,-1,-1
109,19,1572.38,849.04,245.16,209.74,1,-1,-1,-1
110,14,1701.12,808.20,115.62,80.39,1,-1,-1,-1
110,18,2140.43,1518.00,262.83,262.11,1,-1,-1,-1
110,19,1609.62,853.38,234.41,195.98,1,-1,-1,-1
111,14,1694.03,806.91,107.88,73.20,1,-1,-1,-1
111,18,2139.38,1518.00,263.84,263.37,1,-1,-1,-1
111,19,1641.09,856.69,228.85,188.32,1,-1,-1,-1
112,14,1678.55,805.83,111.06,73.82,1,-1,-1,-1
112,18,2139.06,1518.00,264.09,263.84,1,-1,-1,-1
112,19,1673.99,864.05,217.38,175.82,1,-1,-1,-1
113,14,1665.24,806.80,119.56,78.01,1,-1,-1,-1
113,18,2138.25,1518.00,264.24,264.02,1,-1,-1,-1
113,19,1700.15,864.73,211.44,169.10,1,-1,-1,-1
114,14,1654.93,806.53,127.99,80.86,1,-1,-1,-1
114,18,2137.95,1518.00,264.27,264.08,1,-1,-1,-1
114,19,1726.89,868.34,203.75,161.12,1,-1,-1,-1
115,14,1629.82,803.88,135.92,85.83,1,-1,-1,-1
115,18,2138.23,1518.00,264.18,264.09,1,-1,-1,-1
115,19,1751.04,873.63,193.81,151.31,1,-1,-1,-1
115,22,2173.79,933.67,101.65,62.11,1,-1,-1,-1
116,14,1609.69,799.69,143.67,90.92,1,-1,-1,-1
116,18,2138.09,1518.00,264.64,264.75,1,-1,-1,-1
116,19,1769.40,872.27,191.68,148.80,1,-1,-1,-1
116,22,2176.80,933.45,102.06,62.50,1,-1,-1,-1
117,14,1590.48,796.80,147.64,93.52,1,-1,-1,-1
117,18,2138.38,1518.00,264.14,264.33,1,-1,-1,-1
117,19,1790.66,873.82,184.38,142.01,1,-1,-1,-1
117,22,2181.84,933.32,102.05,62.68,1,-1,-1,-1
118,14,1572.40,795.06,152.94,96.41,1,-1,-1,-1
118,18,2138.23,1518.00,264.46,264.82,1,-1,-1,-1
118,19,1806.75,873.46,180.73,138.87,1,-1,-1,-1
118,22,2184.81,933.96,101.40,62.78,1,-1,-1,-1
118,24,164.05,772.70,575.67,561.88,1,-1,-1,-1
119,14,1555.31,794.43,155.90,98.12,1,-1,-1,-1
119,18,2138.51,1518.00,263.92,264.34,1,-1,-1,-1
119,19,1824.03,875.33,173.87,133.29,1,-1,-1,-1
119,22,2187.76,934.51,100.85,62.44,1,-1,-1,-1
119,24,300.30,776.46,544.09,512.25,1,-1,-1,-1
120,14,1536.94,791.68,160.64,100.65,1,-1,-1,-1
120,18,2138.41,1518.00,264.04,264.46,1,-1,-1,-1
120,19,1841.98,877.26,167.37,127.61,1,-1,-1,-1
120,24,518.51,793.00,495.26,450.30,1,-1,-1,-1
121,14,1516.10,786.16,167.51,104.79,1,-1,-1,-1
121,19,1856.84,877.80,162.23,123.26,1,-1,-1,-1
121,24,724.34,808.71,446.79,392.93,1,-1,-1,-1
122,14,1495.74,783.42,173.01,107.62,1,-1,-1,-1
122,19,1871.32,879.28,156.51,118.62,1,-1,-1,-1
122,24,893.92,822.66,406.66,346.89,1,-1,-1,-1
123,14,1474.89,781.13,176.75,109.30,1,-1,-1,-1
123,19,1886.46,881.80,149.04,112.47,1,-1,-1,-1
123,24,1031.34,831.12,368.55,305.54,1,-1,-1,-1
123,25,2138.76,1518.02,264.02,262.98,1,-1,-1,-1
124,14,1453.03,777.73,180.77,111.17,1,-1,-1,-1
124,19,1899.90,882.57,145.59,109.31,1,-1,-1,-1
124,24,1142.38,837.85,344.57,278.87,1,-1,-1,-1
124,25,2138.61,1518.05,264.02,262.95,1,-1,-1,-1
125,14,1427.73,773.90,187.86,115.04,1,-1,-1,-1
125,19,1909.33,881.35,143.73,107.81,1,-1,-1,-1
125,24,1234.90,846.33,319.78,253.19,1,-1,-1,-1
125,25,2138.91,1518.05,264.02,262.95,1,-1,-1,-1
126,14,1404.92,769.92,194.36,118.40,1,-1,-1,-1
126,19,1921.21,883.63,136.26,101.98,1,-1,-1,-1
126,24,1318.64,853.04,288.78,223.19,1,-1,-1,-1
126,25,2138.63,1518.04,264.08,262.96,1,-1,-1,-1
127,14,1387.34,767.15,187.61,111.97,1,-1,-1,-1
127,19,1932.50,883.66,133.01,99.55,1,-1,-1,-1
127,24,1385.79,860.74,267.21,201.84,1,-1,-1,-1
127,25,2138.50,1518.03,264.14,262.97,1,-1,-1,-1
128,14,1359.83,763.55,197.96,116.50,1,-1,-1,-1
128,19,1939.43,882.22,132.99,99.62,1,-1,-1,-1
128,24,1443.90,867.18,252.07,186.62,1,-1,-1,-1
128,25,2138.06,1518.03,264.26,262.97,1,-1,-1,-1
129,14,1328.41,758.39,213.23,124.59,1,-1,-1,-1
129,19,1949.22,882.37,129.60,97.07,1,-1,-1,-1
129,24,1492.37,869.47,245.07,179.01,1,-1,-1,-1
129,25,2138.23,1518.02,264.31,262.98,1,-1,-1,-1
130,14,1295.77,753.28,225.92,131.47,1,-1,-1,-1
130,19,1957.94,883.75,125.64,94.31,1,-1,-1,-1
130,24,1537.81,870.65,236.47,171.00,1,-1,-1,-1
130,25,2138.28,1518.02,264.36,262.98,1,-1,-1,-1
131,14,1264.05,748.81,237.18,137.31,1,-1,-1,-1
131,19,1966.42,884.21,120.60,90.76,1,-1,-1,-1
131,24,1578.43,873.69,227.00,162.91,1,-1,-1,-1
131,25,2136.94,1518.02,264.42,262.98,1,-1,-1,-1
132,14,1231.93,744.58,246.29,141.44,1,-1,-1,-1
132,19,1973.18,884.33,117.13,88.30,1,-1,-1,-1
132,24,1614.55,875.15,215.83,153.94,1,-1,-1,-1
132,25,2136.42,1518.01,265.14,263.66,1,-1,-1,-1
133,14,1197.57,739.83,254.24,144.89,1,-1,-1,-1
133,19,1983.04,886.41,111.09,83.46,1,-1,-1,-1
133,24,1647.63,876.86,207.03,146.79,1,-1,-1,-1
133,25,2137.72,1517.35,265.10,263.91,1,-1,-1,-1
133,26,186.98,731.49,385.87,537.73,1,-1,-1,-1
134,14,1162.47,733.59,266.01,150.61,1,-1,-1,-1
134,19,1988.64,885.71,109.92,82.65,1,-1,-1,-1
134,24,1673.72,875.79,204.60,145.17,1,-1,-1,-1
134,25,2138.01,1517.09,265.51,264.66,1,-1,-1,-1
134,26,311.35,734.35,379.75,496.23,1,-1,-1,-1
135,14,1124.65,727.43,279.19,157.21,1,-1,-1,-1
135,19,1995.11,885.44,107.40,81.10,1,-1,-1,-1
135,24,1703.13,881.00,192.03,135.87,1,-1,-1,-1
135,25,2138.50,1517.00,265.54,264.94,1,-1,-1,-1
135,26,530.17,754.18,353.12,433.07,1,-1,-1,-1
136,14,1087.51,721.94,290.09,162.25,1,-1,-1,-1
136,19,2002.15,886.69,103.80,78.65,1,-1,-1,-1
136,24,1730.24,884.05,181.05,127.67,1,-1,-1,-1
136,25,2138.01,1516.97,265.59,265.04,1,-1,-1,-1
136,26,739.25,777.39,321.43,370.18,1,-1,-1,-1
137,14,1050.04,715.43,297.44,164.77,1,-1,-1,-1
137,19,2008.39,887.11,99.79,75.85,1,-1,-1,-1
137,24,1754.37,885.62,173.20,121.93,1,-1,-1,-1
137,25,2137.75,1516.96,265.75,265.07,1,-1,-1,-1
137,26,909.37,798.17,296.55,321.84,1,-1,-1,-1
138,14,1021.32,709.79,281.07,150.25,1,-1,-1,-1
138,19,2014.85,887.92,96.73,73.62,1,-1,-1,-1
138,24,1776.23,886.72,165.21,116.21,1,-1,-1,-1
138,25,2137.61,1516.96,265.87,265.08,1,-1,-1,-1
138,26,1048.52,812.73,278.98,286.89,1,-1,-1,-1
139,14,964.95,701.80,313.96,165.52,1,-1,-1,-1
139,19,2022.18,886.11,97.32,74.34,1,-1,-1,-1
139,24,1796.10,887.67,158.31,111.21,1,-1,-1,-1
139,25,2137.16,1516.97,266.07,265.07,1,-1,-1,-1
139,26,1156.77,819.77,264.57,259.24,1,-1,-1,-1
140,14,911.80,694.51,340.85,177.84,1,-1,-1,-1
140,19,2027.09,885.46,95.14,73.32,1,-1,-1,-1
140,24,1814.15,889.29,151.58,106.40,1,-1,-1,-1
140,25,2137.31,1516.97,266.15,265.07,1,-1,-1,-1
140,26,1247.62,829.87,249.35,233.74,1,-1,-1,-1
141,14,860.28,687.32,359.53,185.20,1,-1,-1,-1
141,19,2034.22,885.21,91.86,71.01,1,-1,-1,-1
141,24,1831.96,890.44,145.09,101.63,1,-1,-1,-1
141,25,2138.76,1517.63,265.38,264.40,1,-1,-1,-1
141,26,1323.59,837.04,238.15,214.96,1,-1,-1,-1
142,14,804.82,676.99,378.84,193.08,1,-1,-1,-1
142,19,2038.26,884.42,91.23,70.97,1,-1,-1,-1
142,24,1846.31,889.31,144.21,101.11,1,-1,-1,-1
142,25,2139.34,1517.89,265.03,264.14,1,-1,-1,-1
142,26,1389.60,843.32,228.41,199.49,1,-1,-1,-1
143,14,743.44,667.35,403.64,203.68,1,-1,-1,-1
143,19,2043.43,884.82,88.52,68.99,1,-1,-1,-1
143,24,1861.69,888.87,138.63,97.67,1,-1,-1,-1
143,25,2139.38,1517.98,264.57,264.04,1,-1,-1,-1
143,26,1445.81,848.60,221.11,187.89,1,-1,-1,-1
144,14,681.34,658.63,424.48,211.52,1,-1,-1,-1
144,19,2047.82,883.60,87.39,68.37,1,-1,-1,-1
144,24,1874.70,888.64,133.72,94.68,1,-1,-1,-1
144,25,2138.36,1518.01,264.49,264.01,1,-1,-1,-1
144,26,1497.87,854.33,210.86,174.31,1,-1,-1,-1
144,29,177.23,1071.64,968.19,846.04,1,-1,-1,-1
145,14,617.86,649.01,446.98,219.55,1,-1,-1,-1
145,19,2052.11,883.84,85.86,67.53,1,-1,-1,-1
145,24,1889.29,891.30,126.71,89.72,1,-1,-1,-1
145,25,2138.08,1518.02,264.24,264.00,1,-1,-1,-1
145,26,1541.17,857.99,202.89,163.79,1,-1,-1,-1
145,29,253.96,1033.29,1029.91,882.53,1,-1,-1,-1
146,14,546.38,637.78,474.49,230.17,1,-1,-1,-1
146,19,2058.13,884.61,83.38,65.95,1,-1,-1,-1
146,24,1903.98,894.28,119.80,84.77,1,-1,-1,-1
146,25,2138.02,1518.07,264.22,263.98,1,-1,-1,-1
146,26,1579.09,860.30,197.34,156.27,1,-1,-1,-1
146,29,579.87,1005.43,920.58,777.26,1,-1,-1,-1
147,14,472.86,628.46,496.98,237.37,1,-1,-1,-1
147,19,2061.40,884.89,81.20,64.77,1,-1,-1,-1
147,24,1914.76,898.06,113.25,79.81,1,-1,-1,-1
147,26,1613.38,863.69,190.83,148.83,1,-1,-1,-1
147,29,909.57,988.86,759.96,633.93,1,-1,-1,-1
148,14,389.32,611.65,535.55,252.73,1,-1,-1,-1
148,19,2063.85,885.67,79.50,63.73,1,-1,-1,-1
148,24,1927.35,898.56,108.48,76.26,1,-1,-1,-1
148,26,1645.88,868.16,182.70,140.64,1,-1,-1,-1
148,29,1159.48,978.88,626.86,517.92,1,-1,-1,-1
149,14,305.46,598.29,565.92,263.02,1,-1,-1,-1
149,19,2068.72,885.95,77.29,62.06,1,-1,-1,-1
149,24,1937.98,898.65,105.40,73.88,1,-1,-1,-1
149,26,1677.23,870.10,174.84,132.89,1,-1,-1,-1
149,29,1337.82,973.11,526.42,431.71,1,-1,-1,-1
150,14,218.16,586.22,593.90,271.35,1,-1,-1,-1
150,19,2074.13,886.12,75.35,60.50,1,-1,-1,-1
150,24,1946.72,898.61,101.94,71.17,1,-1,-1,-1
150,26,1700.53,871.23,170.02,127.38,1,-1,-1,-1
150,29,1469.42,971.89,448.28,364.95,1,-1,-1,-1
150,31,1873.25,836.95,90.74,59.58,1,-1,-1,-1
151,14,121.69,574.71,624.71,279.51,1,-1,-1,-1
151,24,1955.45,897.13,99.93,69.75,1,-1,-1,-1
151,26,1724.68,872.14,166.47,123.95,1,-1,-1,-1
151,29,1566.85,972.28,388.23,313.86,1,-1,-1,-1
151,31,1867.02,836.10,91.54,60.19,1,-1,-1,-1
152,14,42.03,560.25,659.09,292.04,1,-1,-1,-1
152,24,1963.99,895.19,101.04,70.82,1,-1,-1,-1
152,26,1747.17,873.71,164.08,121.82,1,-1,-1,-1
152,29,1643.85,975.00,338.46,271.10,1,-1,-1,-1
152,31,1857.16,834.40,93.98,61.77,1,-1,-1,-1
152,32,2140.04,1518.00,260.13,260.95,1,-1,-1,-1
153,14,-13.59,542.78,685.70,305.00,1,-1,-1,-1
153,24,1970.83,892.46,101.15,71.29,1,-1,-1,-1
153,26,1768.49,875.52,160.11,118.67,1,-1,-1,-1
153,29,1699.98,970.03,305.36,242.43,1,-1,-1,-1
153,31,1849.61,832.44,95.81,62.97,1,-1,-1,-1
153,32,2140.30,1518.00,260.15,260.86,1,-1,-1,-1
154,14,-63.48,524.10,708.00,320.66,1,-1,-1,-1
154,24,1977.96,891.46,99.74,70.91,1,-1,-1,-1
154,26,1793.19,874.61,143.17,104.66,1,-1,-1,-1
154,29,1753.44,964.41,271.60,212.89,1,-1,-1,-1
154,31,1844.34,831.09,92.48,60.62,1,-1,-1,-1
154,32,2139.63,1517.26,261.66,262.34,1,-1,-1,-1
155,14,-99.38,515.69,708.84,329.81,1,-1,-1,-1
155,24,1985.51,891.77,97.18,69.52,1,-1,-1,-1
155,26,1817.32,881.34,126.27,90.15,1,-1,-1,-1
155,29,1786.18,961.00,257.93,200.53,1,-1,-1,-1
155,31,1835.72,829.28,98.36,64.50,1,-1,-1,-1
155,32,2138.68,1517.02,263.63,264.28,1,-1,-1,-1
156,14,-140.06,499.38,714.43,345.85,1,-1,-1,-1
156,24,1994.86,891.89,92.32,66.40,1,-1,-1,-1
156,26,1833.20,882.59,119.70,83.87,1,-1,-1,-1
156,29,1818.07,955.71,246.07,189.97,1,-1,-1,-1
156,31,1831.09,828.66,94.53,61.23,1,-1,-1,-1
156,32,2138.40,1516.94,264.22,264.95,1,-1,-1,-1
157,14,-168.19,491.31,691.44,351.32,1,-1,-1,-1
157,24,2001.32,892.63,90.27,65.39,1,-1,-1,-1
157,26,1849.93,885.07,116.91,80.11,1,-1,-1,-1
157,29,1848.44,951.43,230.78,177.03,1,-1,-1,-1
157,31,1821.40,827.83,96.68,61.90,1,-1,-1,-1
157,32,2137.96,1516.92,264.41,265.16,1,-1,-1,-1
158,14,-223.02,480.61,709.39,360.44,1,-1,-1,-1
158,24,2006.35,894.26,87.49,63.74,1,-1,-1,-1
158,26,1864.48,886.47,116.46,78.56,1,-1,-1,-1
158,29,1878.26,954.20,209.59,158.81,1,-1,-1,-1
158,31,1810.99,826.90,102.95,65.47,1,-1,-1,-1
158,32,2138.12,1516.92,264.52,265.22,1,-1,-1,-1
159,24,2010.56,894.84,86.36,63.25,1,-1,-1,-1
159,26,1873.45,885.40,118.88,79.77,1,-1,-1,-1
159,29,1895.06,949.31,209.36,157.90,1,-1,-1,-1
159,31,1801.90,826.58,106.26,66.78,1,-1,-1,-1
159,32,2137.90,1516.79,264.96,265.66,1,-1,-1,-1
160,24,2019.72,895.12,83.74,61.33,1,-1,-1,-1
160,26,1885.08,884.28,119.25,79.65,1,-1,-1,-1
160,29,1910.41,942.15,205.40,155.01,1,-1,-1,-1
160,31,1786.66,825.85,107.95,67.90,1,-1,-1,-1
161,26,1897.31,886.58,116.59,77.77,1,-1,-1,-1
161,29,1930.39,941.44,194.19,146.24,1,-1,-1,-1
161,31,1773.11,821.69,114.67,72.22,1,-1,-1,-1
162,26,1908.67,887.33,114.36,75.93,1,-1,-1,-1
162,29,1946.95,939.29,187.42,141.31,1,-1,-1,-1
162,31,1759.90,820.77,115.10,72.56,1,-1,-1,-1
162,36,2139.50,1518.02,265.03,263.98,1,-1,-1,-1
163,26,1921.62,888.22,114.21,75.47,1,-1,-1,-1
163,29,1962.92,940.18,177.63,133.82,1,-1,-1,-1
163,31,1746.67,816.57,121.53,77.17,1,-1,-1,-1
163,36,2139.57,1518.05,265.72,264.72,1,-1,-1,-1
164,26,1932.41,887.80,113.50,74.75,1,-1,-1,-1
164,29,1978.26,941.37,167.58,126.24,1,-1,-1,-1
164,31,1733.40,811.18,126.73,80.81,1,-1,-1,-1
164,36,2139.59,1518.05,265.92,264.96,1,-1,-1,-1
165,26,1940.80,888.97,109.71,71.90,1,-1,-1,-1
165,29,1990.24,938.31,161.15,121.44,1,-1,-1,-1
165,31,1719.07,808.45,132.21,84.75,1,-1,-1,-1
165,36,2139.60,1518.04,266.67,265.75,1,-1,-1,-1
166,26,1947.12,889.33,105.72,69.64,1,-1,-1,-1
166,29,1998.84,935.97,157.31,118.88,1,-1,-1,-1
166,31,1707.82,808.07,131.45,84.36,1,-1,-1,-1
166,36,2139.30,1518.03,267.52,266.72,1,-1,-1,-1
167,26,1952.96,886.66,104.21,68.97,1,-1,-1,-1
167,29,2006.38,928.95,157.99,120.52,1,-1,-1,-1
167,31,1693.13,806.07,136.85,87.98,1,-1,-1,-1
167,36,2138.53,1518.03,268.43,267.74,1,-1,-1,-1
168,26,1964.71,889.79,95.69,63.38,1,-1,-1,-1
168,29,2017.49,927.33,153.27,117.86,1,-1,-1,-1
168,31,1679.47,805.34,138.15,88.69,1,-1,-1,-1
168,36,2137.99,1518.02,269.28,268.77,1,-1,-1,-1
169,26,1972.14,890.89,93.83,62.21,1,-1,-1,-1
169,29,2026.48,924.13,147.61,114.50,1,-1,-1,-1
169,31,1664.29,806.42,137.70,88.25,1,-1,-1,-1
169,36,2137.17,1518.02,269.45,269.12,1,-1,-1,-1
170,26,1979.97,890.55,91.61,61.21,1,-1,-1,-1
170,29,2038.76,927.99,137.19,106.69,1,-1,-1,-1
170,31,1648.01,804.97,141.46,90.60,1,-1,-1,-1
170,36,2137.90,1518.02,268.78,268.56,1,-1,-1,-1
171,26,1989.65,890.40,90.56,60.28,1,-1,-1,-1
171,29,2049.94,929.52,128.11,99.36,1,-1,-1,-1
171,31,1629.12,801.87,146.23,94.03,1,-1,-1,-1
171,36,2139.26,1518.01,267.70,267.66,1,-1,-1,-1
171,37,1940.96,859.34,76.51,42.68,1,-1,-1,-1
172,26,1995.72,888.94,91.66,61.42,1,-1,-1,-1
172,29,2056.04,926.59,126.30,98.61,1,-1,-1,-1
172,31,1611.92,799.44,149.86,96.60,1,-1,-1,-1
172,36,2139.75,1518.01,266.01,265.97,1,-1,-1,-1
172,37,1935.26,860.43,73.08,40.87,1,-1,-1,-1
173,26,2001.96,890.43,88.04,59.19,1,-1,-1,-1
173,29,2064.79,927.74,120.69,94.36,1,-1,-1,-1
173,31,1593.13,795.97,154.30,99.46,1,-1,-1,-1
173,36,2140.01,1518.01,265.19,265.33,1,-1,-1,-1
173,37,1924.95,859.36,75.22,42.44,1,-1,-1,-1
174,26,2008.08,890.97,85.54,57.78,1,-1,-1,-1
174,29,2071.32,925.43,116.99,91.76,1,-1,-1,-1
174,31,1571.77,792.74,160.45,103.09,1,-1,-1,-1
174,36,2140.82,1518.01,263.46,263.75,1,-1,-1,-1
174,37,1917.41,858.31,75.42,42.94,1,-1,-1,-1
175,26,2013.18,890.46,84.26,57.35,1,-1,-1,-1
175,29,2077.68,924.00,114.35,89.69,1,-1,-1,-1
175,31,1554.79,791.54,162.30,103.81,1,-1,-1,-1
175,36,2141.08,1518.01,262.24,262.50,1,-1,-1,-1
175,37,1911.26,857.95,75.39,43.11,1,-1,-1,-1
176,26,2018.76,890.26,82.49,56.58,1,-1,-1,-1
176,29,2083.21,923.56,111.60,87.78,1,-1,-1,-1
176,31,1532.00,786.63,169.76,108.52,1,-1,-1,-1
176,36,2141.54,1518.01,261.71,262.04,1,-1,-1,-1
176,37,1904.42,857.16,76.27,43.83,1,-1,-1,-1
177,26,2027.85,890.17,81.99,56.37,1,-1,-1,-1
177,29,2090.31,924.15,107.19,84.54,1,-1,-1,-1
177,31,1509.52,782.24,177.04,112.83,1,-1,-1,-1
177,36,2141.06,1518.01,262.82,263.22,1,-1,-1,-1
177,37,1895.50,855.54,78.50,45.43,1,-1,-1,-1
178,26,2033.95,888.79,80.38,55.00,1,-1,-1,-1
178,29,2097.62,925.12,100.13,78.74,1,-1,-1,-1
178,31,1485.75,779.30,182.55,115.74,1,-1,-1,-1
178,36,2140.51,1518.01,263.31,263.67,1,-1,-1,-1
178,37,1884.73,852.98,82.08,47.99,1,-1,-1,-1
179,26,2039.99,888.26,79.60,53.88,1,-1,-1,-1
179,29,2094.29,910.71,112.10,89.63,1,-1,-1,-1
179,31,1460.92,776.30,187.75,118.72,1,-1,-1,-1
179,36,2140.67,1518.00,264.09,264.51,1,-1,-1,-1
179,37,1875.76,851.37,83.20,48.94,1,-1,-1,-1
180,26,2045.75,890.11,75.67,50.82,1,-1,-1,-1
180,29,2101.20,911.25,106.89,85.86,1,-1,-1,-1
180,31,1437.14,773.29,191.94,120.45,1,-1,-1,-1
180,36,2140.46,1518.00,265.58,266.15,1,-1,-1,-1
180,37,1867.31,849.48,84.32,49.93,1,-1,-1,-1
180,39,209.02,758.22,418.01,607.38,1,-1,-1,-1
181,26,2047.49,890.10,74.86,50.46,1,-1,-1,-1
181,29,2108.22,913.05,101.37,81.81,1,-1,-1,-1
181,31,1408.84,768.34,201.73,126.18,1,-1,-1,-1
181,36,2139.76,1518.00,267.39,268.09,1,-1,-1,-1
181,37,1857.70,848.13,85.59,50.93,1,-1,-1,-1
181,39,322.28,764.08,404.01,545.36,1,-1,-1,-1
182,26,2051.36,890.09,74.49,50.38,1,-1,-1,-1
182,29,2110.87,911.07,101.30,82.51,1,-1,-1,-1
182,31,1381.51,765.21,209.13,129.61,1,-1,-1,-1
182,36,2139.53,1518.00,267.99,268.81,1,-1,-1,-1
182,37,1849.20,847.00,85.79,51.29,1,-1,-1,-1
182,39,552.02,780.37,375.92,473.16,1,-1,-1,-1
183,26,2055.94,888.73,74.30,50.40,1,-1,-1,-1
183,29,2118.37,915.80,93.93,76.75,1,-1,-1,-1
183,31,1351.45,762.79,213.96,130.88,1,-1,-1,-1
183,36,2139.76,1518.00,267.58,268.42,1,-1,-1,-1
183,37,1838.25,846.61,86.11,51.39,1,-1,-1,-1
183,39,774.58,802.97,343.67,404.64,1,-1,-1,-1
184,26,2072.36,888.22,77.94,50.45,1,-1,-1,-1
184,29,2125.15,919.77,86.64,70.59,1,-1,-1,-1
184,31,1316.84,755.50,226.63,137.70,1,-1,-1,-1
184,36,2139.85,1518.00,266.74,267.59,1,-1,-1,-1
184,37,1828.32,846.50,87.11,52.05,1,-1,-1,-1
184,39,957.82,819.60,314.85,348.52,1,-1,-1,-1
185,26,2085.24,888.04,81.24,49.17,1,-1,-1,-1
185,29,2128.78,921.22,83.82,67.86,1,-1,-1,-1
185,31,1280.24,748.31,239.41,144.72,1,-1,-1,-1
185,36,2140.18,1518.00,265.83,266.60,1,-1,-1,-1
185,37,1816.91,844.54,90.23,54.23,1,-1,-1,-1
185,39,1102.86,827.52,291.22,304.16,1,-1,-1,-1
186,26,2089.50,885.95,88.25,50.77,1,-1,-1,-1
186,29,2134.32,922.42,78.07,62.86,1,-1,-1,-1
186,31,1243.46,743.02,244.55,146.15,1,-1,-1,-1
186,36,2140.28,1518.00,264.87,265.57,1,-1,-1,-1
186,37,1807.22,845.10,89.61,53.76,1,-1,-1,-1
186,39,1216.62,842.83,270.84,268.24,1,-1,-1,-1
187,26,2093.29,885.20,95.18,52.02,1,-1,-1,-1
187,29,2138.28,922.85,75.73,60.58,1,-1,-1,-1
187,31,1211.91,737.20,244.03,142.72,1,-1,-1,-1
187,36,2140.01,1518.00,265.11,265.83,1,-1,-1,-1
187,37,1796.69,844.73,88.53,52.87,1,-1,-1,-1
187,39,1308.73,850.72,252.06,237.86,1,-1,-1,-1
188,26,2094.21,884.28,100.87,53.18,1,-1,-1,-1
188,29,2142.64,923.69,72.06,57.13,1,-1,-1,-1
188,31,1170.20,728.55,266.52,153.61,1,-1,-1,-1
188,36,2140.20,1518.00,264.62,265.28,1,-1,-1,-1
188,37,1787.00,846.59,84.32,49.87,1,-1,-1,-1
188,39,1386.35,857.97,236.33,213.65,1,-1,-1,-1
189,26,2095.27,883.94,105.00,53.63,1,-1,-1,-1
189,29,2145.56,923.27,70.38,55.40,1,-1,-1,-1
189,31,1122.77,721.56,290.20,165.23,1,-1,-1,-1
189,36,2139.97,1518.00,265.04,265.73,1,-1,-1,-1
189,37,1769.85,841.98,94.41,56.08,1,-1,-1,-1
189,39,1448.40,858.83,233.21,204.15,1,-1,-1,-1
190,26,2097.12,884.49,107.05,53.15,1,-1,-1,-1
190,29,2147.69,922.42,70.73,55.63,1,-1,-1,-1
190,31,1077.79,714.49,308.45,172.91,1,-1,-1,-1
190,36,2140.18,1518.00,264.62,265.24,1,-1,-1,-1
190,37,1755.95,839.09,98.22,58.25,1,-1,-1,-1
190,39,1506.66,862.62,221.51,188.19,1,-1,-1,-1
191,26,2097.13,883.39,113.91,55.63,1,-1,-1,-1
191,29,2149.94,919.37,73.08,57.86,1,-1,-1,-1
191,31,1023.35,705.48,328.16,181.55,1,-1,-1,-1
191,36,2140.24,1518.66,264.49,265.06,1,-1,-1,-1
191,37,1739.61,832.20,107.30,64.22,1,-1,-1,-1
191,39,1553.96,867.96,212.49,175.88,1,-1,-1,-1
192,26,2095.27,882.99,119.30,57.84,1,-1,-1,-1
192,29,2152.44,913.60,75.72,60.72,1,-1,-1,-1
192,31,971.01,698.25,346.43,188.65,1,-1,-1,-1
192,36,2140.25,1518.25,264.48,264.99,1,-1,-1,-1
192,37,1726.45,830.79,109.70,65.89,1,-1,-1,-1
192,39,1594.49,870.82,208.25,168.84,1,-1,-1,-1
193,26,2097.68,882.85,116.66,56.11,1,-1,-1,-1
193,29,2156.15,912.81,73.56,59.18,1,-1,-1,-1
193,31,914.38,687.93,367.42,197.02,1,-1,-1,-1
193,36,2139.10,1518.09,264.79,264.97,1,-1,-1,-1
193,37,1716.30,831.57,108.36,65.24,1,-1,-1,-1
193,39,1634.33,875.89,196.85,156.52,1,-1,-1,-1
194,26,2096.69,883.48,109.60,52.76,1,-1,-1,-1
194,29,2155.16,906.51,78.49,64.05,1,-1,-1,-1
194,31,851.16,677.67,389.99,205.89,1,-1,-1,-1
194,36,2138.58,1518.03,265.09,264.96,1,-1,-1,-1
194,37,1700.54,829.37,110.19,66.20,1,-1,-1,-1
194,39,1667.33,879.45,188.28,147.04,1,-1,-1,-1
195,26,2093.94,883.06,105.72,51.49,1,-1,-1,-1
195,29,2157.02,905.57,78.40,64.49,1,-1,-1,-1
195,31,786.88,667.45,412.67,213.68,1,-1,-1,-1
195,36,2138.31,1518.01,265.36,264.96,1,-1,-1,-1
195,37,1684.34,826.00,113.71,67.82,1,-1,-1,-1
195,39,1698.45,883.28,180.20,138.27,1,-1,-1,-1
196,26,2094.08,882.25,104.49,51.71,1,-1,-1,-1
196,29,2164.61,913.17,67.62,54.83,1,-1,-1,-1
196,31,712.60,654.70,440.01,224.20,1,-1,-1,-1
196,36,2138.18,1518.00,265.30,264.90,1,-1,-1,-1
196,37,1668.37,823.45,116.47,69.05,1,-1,-1,-1
196,39,1727.45,890.12,168.46,126.76,1,-1,-1,-1
197,26,2091.25,881.96,101.64,51.80,1,-1,-1,-1
197,29,2168.19,917.07,62.99,50.32,1,-1,-1,-1
197,31,634.98,643.52,465.14,232.63,1,-1,-1,-1
197,37,1650.77,823.16,116.53,68.84,1,-1,-1,-1
197,39,1750.10,889.10,166.83,123.93,1,-1,-1,-1
198,26,2093.44,881.21,101.81,53.18,1,-1,-1,-1
198,29,2171.24,919.09,59.65,46.77,1,-1,-1,-1
198,31,549.92,630.42,495.71,243.39,1,-1,-1,-1
198,37,1633.69,823.77,118.37,69.36,1,-1,-1,-1
198,39,1772.86,889.38,161.86,119.11,1,-1,-1,-1
199,26,2095.83,880.28,100.59,53.69,1,-1,-1,-1
199,29,2175.30,919.78,57.17,44.23,1,-1,-1,-1
199,31,458.24,614.07,536.20,258.21,1,-1,-1,-1
199,37,1616.26,823.41,119.52,69.52,1,-1,-1,-1
199,39,1792.79,887.86,158.75,115.94,1,-1,-1,-1
200,26,2097.83,879.82,100.59,53.69,1,-1,-1,-1
200,29,2176.23,918.60,59.10,45.57,1,-1,-1,-1
200,31,359.10,598.35,576.23,272.71,1,-1,-1,-1
200,37,1595.38,819.42,127.70,74.09,1,-1,-1,-1
200,39,1810.02,887.95,155.46,113.19,1,-1,-1,-1
200,40,1685.77,803.65,101.79,54.75,1,-1,-1,-1
201,29,2179.70,918.62,57.10,44.02,1,-1,-1,-1
201,31,253.89,583.50,615.16,285.23,1,-1,-1,-1
201,37,1571.71,816.66,135.34,78.36,1,-1,-1,-1
201,39,1828.40,887.18,149.64,108.42,1,-1,-1,-1
201,40,1686.11,803.00,101.40,54.54,1,-1,-1,-1
202,31,134.56,566.49,660.66,299.45,1,-1,-1,-1
202,37,1552.62,814.34,138.92,80.00,1,-1,-1,-1
202,39,1845.23,888.23,145.44,105.09,1,-1,-1,-1
203,31,48.78,546.76,694.26,311.19,1,-1,-1,-1
203,37,1530.06,811.56,143.75,82.51,1,-1,-1,-1
203,39,1862.35,889.22,139.90,100.76,1,-1,-1,-1
204,31,-15.42,526.56,724.57,326.34,1,-1,-1,-1
204,37,1506.94,808.61,148.25,84.73,1,-1,-1,-1
204,39,1877.46,890.90,133.92,96.10,1,-1,-1,-1
205,31,-64.74,512.51,732.96,335.90,1,-1,-1,-1
205,37,1481.68,805.60,153.89,87.46,1,-1,-1,-1
205,39,1889.51,892.11,130.60,93.41,1,-1,-1,-1
206,31,-114.82,497.78,741.69,350.81,1,-1,-1,-1
206,37,1456.39,802.56,159.69,90.39,1,-1,-1,-1
206,39,1903.23,893.86,125.26,89.24,1,-1,-1,-1
207,31,-175.49,465.14,766.55,380.42,1,-1,-1,-1
207,37,1430.43,798.88,165.67,93.40,1,-1,-1,-1
207,39,1914.10,895.10,121.05,85.98,1,-1,-1,-1
207,41,2122.27,896.44,65.38,36.56,1,-1,-1,-1
208,31,-178.44,491.64,667.05,348.41,1,-1,-1,-1
208,37,1402.99,794.94,172.86,97.07,1,-1,-1,-1
208,39,1925.92,894.06,119.96,85.11,1,-1,-1,-1
208,41,2125.43,895.95,64.80,36.31,1,-1,-1,-1
209,31,-238.00,481.13,682.57,356.51,1,-1,-1,-1
209,37,1375.43,793.46,174.60,97.18,1,-1,-1,-1
209,39,1936.37,895.04,114.58,80.83,1,-1,-1,-1
209,41,2123.16,894.36,65.28,36.91,1,-1,-1,-1
210,37,1346.00,790.40,179.52,99.07,1,-1,-1,-1
210,39,1945.25,896.73,110.23,77.47,1,-1,-1,-1
210,41,2123.01,893.85,64.80,37.09,1,-1,-1,-1
211,37,1312.33,784.79,189.82,104.24,1,-1,-1,-1
211,39,1954.90,895.87,108.20,75.81,1,-1,-1,-1
211,41,2127.47,893.71,64.55,37.14,1,-1,-1,-1
212,37,1277.31,778.86,201.16,110.00,1,-1,-1,-1
212,39,1964.83,896.92,104.30,72.63,1,-1,-1,-1
212,41,2128.24,892.33,66.12,38.51,1,-1,-1,-1
213,37,1240.99,772.79,210.58,114.75,1,-1,-1,-1
213,39,1971.89,894.45,104.23,72.41,1,-1,-1,-1
213,41,2129.12,893.18,62.75,36.99,1,-1,-1,-1
214,37,1203.15,767.30,219.95,119.09,1,-1,-1,-1
214,39,1980.94,895.64,99.13,68.32,1,-1,-1,-1
214,41,2130.23,893.57,61.11,36.38,1,-1,-1,-1
215,37,1166.18,763.32,225.12,120.73,1,-1,-1,-1
215,39,1987.22,895.35,97.50,67.05,1,-1,-1,-1
215,41,2132.44,893.73,60.22,36.15,1,-1,-1,-1
216,37,1123.69,759.30,233.26,123.83,1,-1,-1,-1
216,39,1994.46,895.92,95.03,65.35,1,-1,-1,-1
216,41,2133.35,893.39,60.27,36.18,1,-1,-1,-1
217,37,1079.83,752.72,245.71,129.43,1,-1,-1,-1
217,39,2000.24,896.80,93.02,64.19,1,-1,-1,-1
218,37,1035.08,747.07,255.04,132.82,1,-1,-1,-1
218,39,2007.87,896.40,90.67,62.52,1,-1,-1,-1
219,37,984.02,739.22,270.33,139.16,1,-1,-1,-1
219,39,2015.40,896.93,87.65,59.99,1,-1,-1,-1
220,37,932.40,733.71,282.04,143.46,1,-1,-1,-1
220,39,2022.34,897.10,86.92,59.21,1,-1,-1,-1
221,37,873.88,725.93,300.31,150.79,1,-1,-1,-1
221,39,2025.63,895.77,87.79,59.71,1,-1,-1,-1
221,44,2139.97,1518.00,264.06,265.00,1,-1,-1,-1
222,37,810.97,719.20,316.15,156.74,1,-1,-1,-1
222,39,2029.44,894.62,87.72,59.95,1,-1,-1,-1
222,44,2139.97,1518.00,264.06,265.00,1,-1,-1,-1
223,37,748.18,710.33,332.12,162.16,1,-1,-1,-1
223,39,2031.82,890.82,89.84,62.14,1,-1,-1,-1
224,37,677.62,701.88,348.70,167.99,1,-1,-1,-1
224,39,2032.02,882.16,98.21,69.60,1,-1,-1,-1
225,37,604.62,691.71,369.51,174.62,1,-1,-1,-1
225,39,2039.22,884.71,92.08,65.97,1,-1,-1,-1
226,37,526.78,681.52,393.59,182.82,1,-1,-1,-1
226,39,2042.37,885.89,89.49,64.48,1,-1,-1,-1
227,37,433.87,668.80,425.26,194.16,1,-1,-1,-1
227,39,2042.77,884.35,88.97,63.96,1,-1,-1,-1
228,37,340.46,655.74,456.32,204.81,1,-1,-1,-1
228,39,2059.30,895.80,72.94,52.47,1,-1,-1,-1
229,37,241.70,643.16,482.79,212.08,1,-1,-1,-1
229,39,2064.29,894.63,74.27,53.78,1,-1,-1,-1
230,37,132.70,630.13,511.96,219.86,1,-1,-1,-1
230,39,2068.45,891.57,77.04,56.19,1,-1,-1,-1
230,46,2025.82,858.95,69.58,49.56,1,-1,-1,-1
231,37,40.82,614.43,545.86,232.27,1,-1,-1,-1
231,39,2071.34,887.80,80.31,59.09,1,-1,-1,-1
231,46,2022.82,859.60,69.25,49.35,1,-1,-1,-1
232,37,-25.90,598.36,568.59,244.57,1,-1,-1,-1
232,39,2073.55,886.39,81.57,60.86,1,-1,-1,-1
232,46,2019.92,856.92,73.16,52.15,1,-1,-1,-1
233,37,-76.27,588.41,571.62,252.45,1,-1,-1,-1
233,39,2075.87,884.57,83.26,63.52,1,-1,-1,-1
233,46,2016.14,855.34,77.45,55.15,1,-1,-1,-1
234,37,-120.69,576.50,563.68,259.81,1,-1,-1,-1
234,39,2078.79,883.25,82.14,63.89,1,-1,-1,-1
234,46,2007.24,854.79,80.10,57.56,1,-1,-1,-1
235,37,-159.47,567.62,542.20,265.05,1,-1,-1,-1
235,39,2082.99,884.73,77.77,61.41,1,-1,-1,-1
235,46,2002.77,855.94,78.80,57.09,1,-1,-1,-1
235,47,2189.91,902.21,89.99,44.98,1,-1,-1,-1
236,37,-220.63,558.15,556.34,271.96,1,-1,-1,-1
236,39,2087.47,887.35,73.21,58.44,1,-1,-1,-1
236,46,1999.05,857.11,77.22,56.14,1,-1,-1,-1
236,47,2191.61,901.97,88.39,44.19,1,-1,-1,-1
237,39,2096.46,894.43,63.20,49.92,1,-1,-1,-1
237,46,1994.87,856.91,77.79,57.06,1,-1,-1,-1
237,47,2192.49,901.68,87.59,43.79,1,-1,-1,-1
238,39,2102.80,899.25,56.37,43.91,1,-1,-1,-1
238,46,1991.58,859.49,74.43,54.73,1,-1,-1,-1
239,39,2106.61,900.82,54.58,41.99,1,-1,-1,-1
239,46,1986.21,857.82,76.34,56.45,1,-1,-1,-1
240,39,2108.83,900.58,55.33,42.14,1,-1,-1,-1
240,46,1981.77,856.56,76.92,57.07,1,-1,-1,-1
241,39,2111.43,901.85,53.75,40.17,1,-1,-1,-1
241,46,1976.43,854.77,79.44,59.25,1,-1,-1,-1
242,39,2113.22,902.25,54.53,40.25,1,-1,-1,-1
242,46,1971.03,853.45,80.89,60.70,1,-1,-1,-1
242,51,2044.46,869.41,67.15,37.82,1,-1,-1,-1
243,39,2114.19,902.36,55.95,41.02,1,-1,-1,-1
243,46,1967.48,855.55,78.15,58.64,1,-1,-1,-1
243,51,2038.60,866.50,71.28,40.43,1,-1,-1,-1
243,52,2136.62,1517.00,269.75,268.81,1,-1,-1,-1
244,39,2116.72,901.70,55.94,40.66,1,-1,-1,-1
244,46,1962.05,853.09,81.59,61.74,1,-1,-1,-1
244,51,2035.39,865.56,71.03,40.59,1,-1,-1,-1
244,52,2136.28,1517.00,270.44,269.50,1,-1,-1,-1
245,39,2118.53,901.41,55.27,39.90,1,-1,-1,-1
245,46,1954.98,849.62,86.01,65.46,1,-1,-1,-1
245,51,2035.07,866.04,68.12,39.16,1,-1,-1,-1
246,39,2121.89,901.29,52.77,37.63,1,-1,-1,-1
246,46,1950.29,850.20,84.17,64.32,1,-1,-1,-1
246,51,2035.00,866.32,66.59,38.55,1,-1,-1,-1
247,39,2124.22,900.52,52.81,37.54,1,-1,-1,-1
247,46,1945.39,852.44,82.07,62.49,1,-1,-1,-1
247,51,2032.46,865.33,67.35,39.00,1,-1,-1,-1
247,53,2137.40,1517.00,268.97,269.00,1,-1,-1,-1
248,39,2126.66,900.25,52.13,36.86,1,-1,-1,-1
248,46,1941.57,853.33,81.54,61.74,1,-1,-1,-1
248,53,2137.54,1517.00,268.93,269.00,1,-1,-1,-1
249,39,2129.10,900.81,51.27,35.97,1,-1,-1,-1
249,46,1934.17,851.04,86.33,65.40,1,-1,-1,-1
249,53,2137.69,1517.00,268.93,269.00,1,-1,-1,-1
250,39,2130.66,900.33,52.80,37.06,1,-1,-1,-1
250,46,1926.01,846.98,91.98,69.96,1,-1,-1,-1
251,39,2132.51,900.82,52.64,36.79,1,-1,-1,-1
251,46,1918.70,844.77,95.04,72.35,1,-1,-1,-1
252,39,2133.78,900.33,52.55,36.73,1,-1,-1,-1
252,46,1911.72,843.28,97.05,73.90,1,-1,-1,-1
252,54,2138.38,1517.00,267.03,267.00,1,-1,-1,-1
253,39,2136.39,900.43,51.76,36.17,1,-1,-1,-1
253,46,1903.88,841.45,100.03,76.39,1,-1,-1,-1
253,54,2138.54,1517.00,267.03,267.00,1,-1,-1,-1
254,46,1894.97,838.20,104.21,79.87,1,-1,-1,-1
255,46,1886.76,836.33,107.29,82.47,1,-1,-1,-1
255,55,1770.60,821.93,51.64,41.88,1,-1,-1,-1
256,46,1876.77,830.53,115.32,89.18,1,-1,-1,-1
256,55,1749.85,810.52,67.89,54.37,1,-1,-1,-1
257,46,1870.26,832.06,114.46,88.63,1,-1,-1,-1
257,55,1750.90,808.52,74.01,58.68,1,-1,-1,-1
258,46,1859.69,828.92,118.89,92.14,1,-1,-1,-1
258,55,1754.43,805.29,77.76,61.53,1,-1,-1,-1
259,46,1847.65,826.48,122.77,95.35,1,-1,-1,-1
259,55,1765.43,803.48,80.52,63.11,1,-1,-1,-1
259,57,2140.40,899.00,56.51,37.02,1,-1,-1,-1
260,46,1834.97,819.20,132.86,104.20,1,-1,-1,-1
260,55,1770.60,802.25,80.73,62.26,1,-1,-1,-1
260,57,2141.52,899.00,56.54,37.05,1,-1,-1,-1
260,58,2135.85,1517.00,268.29,265.22,1,-1,-1,-1
261,46,1823.33,815.14,138.52,109.47,1,-1,-1,-1
261,55,1776.17,810.45,69.02,52.54,1,-1,-1,-1
261,57,2144.26,899.73,55.42,36.31,1,-1,-1,-1
261,58,2136.83,1517.76,268.59,265.74,1,-1,-1,-1
262,46,1809.97,810.42,143.40,114.04,1,-1,-1,-1
262,55,1777.03,809.32,70.69,53.81,1,-1,-1,-1
262,57,2145.40,899.26,55.95,36.78,1,-1,-1,-1
262,58,2137.58,1518.01,268.55,265.92,1,-1,-1,-1
263,46,1796.21,809.23,145.54,116.42,1,-1,-1,-1
263,57,2146.56,899.31,55.99,36.80,1,-1,-1,-1
263,58,2137.52,1518.08,268.43,265.99,1,-1,-1,-1
264,46,1783.41,806.94,149.38,119.80,1,-1,-1,-1
264,58,2137.54,1518.09,268.25,266.01,1,-1,-1,-1
265,46,1772.32,806.74,149.43,119.77,1,-1,-1,-1
265,58,2138.30,1518.08,267.35,265.32,1,-1,-1,-1
266,46,1760.98,806.12,153.01,121.56,1,-1,-1,-1
266,58,2138.32,1518.07,267.51,265.76,1,-1,-1,-1
267,46,1740.88,802.09,158.64,126.03,1,-1,-1,-1
267,58,2138.40,1518.06,267.40,265.92,1,-1,-1,-1
268,46,1722.50,798.03,164.54,130.88,1,-1,-1,-1
268,58,2138.50,1518.05,267.19,265.98,1,-1,-1,-1
269,46,1703.14,794.59,169.36,134.61,1,-1,-1,-1
269,58,2138.24,1518.05,267.03,266.00,1,-1,-1,-1
269,59,1877.57,840.37,84.15,52.84,1,-1,-1,-1
270,46,1685.59,791.39,173.81,137.90,1,-1,-1,-1
270,58,2138.48,1518.04,266.29,265.34,1,-1,-1,-1
270,59,1889.42,844.05,84.64,52.54,1,-1,-1,-1
271,46,1665.39,787.02,181.05,142.93,1,-1,-1,-1
271,58,2138.29,1518.03,266.54,265.76,1,-1,-1,-1
271,59,1902.55,846.90,86.85,53.07,1,-1,-1,-1
272,46,1640.95,780.92,190.81,150.54,1,-1,-1,-1
272,58,2138.64,1518.03,266.46,265.92,1,-1,-1,-1
272,59,1915.55,848.58,89.84,53.93,1,-1,-1,-1
273,46,1616.37,776.07,199.23,156.61,1,-1,-1,-1
273,58,2138.84,1518.03,266.30,265.98,1,-1,-1,-1
273,59,1927.85,851.21,90.06,52.82,1,-1,-1,-1
274,46,1595.24,772.33,205.71,160.18,1,-1,-1,-1
274,58,2138.97,1518.02,266.11,266.00,1,-1,-1,-1
274,59,1938.41,853.50,95.66,55.13,1,-1,-1,-1
275,46,1568.17,767.12,213.96,165.29,1,-1,-1,-1
275,58,2139.07,1518.02,265.93,266.01,1,-1,-1,-1
275,59,1947.91,854.89,96.88,55.83,1,-1,-1,-1
276,46,1540.01,763.90,219.92,168.45,1,-1,-1,-1
276,58,2139.16,1518.02,265.75,266.01,1,-1,-1,-1
277,46,1505.66,757.63,231.29,175.96,1,-1,-1,-1
277,58,2138.48,1518.02,265.78,266.01,1,-1,-1,-1
278,46,1470.27,752.73,243.00,183.24,1,-1,-1,-1
278,58,2138.46,1518.04,265.79,266.02,1,-1,-1,-1
279,46,1430.79,745.82,255.13,190.43,1,-1,-1,-1
280,46,1389.51,738.76,267.21,197.59,1,-1,-1,-1
281,46,1343.28,730.37,281.47,205.99,1,-1,-1,-1
281,62,2137.50,1518.00,266.77,266.78,1,-1,-1,-1
282,46,1290.93,717.68,303.82,220.57,1,-1,-1,-1
282,62,2137.41,1518.00,267.09,267.10,1,-1,-1,-1
283,46,1235.72,705.25,325.05,233.73,1,-1,-1,-1
284,46,1175.12,694.76,345.87,245.75,1,-1,-1,-1
285,46,1108.18,682.55,369.26,258.55,1,-1,-1,-1
285,63,2140.40,1517.00,261.97,267.00,1,-1,-1,-1
286,46,1027.52,669.05,397.49,274.15,1,-1,-1,-1
286,63,2140.50,1517.00,261.26,266.24,1,-1,-1,-1
287,46,937.63,652.56,428.58,290.83,1,-1,-1,-1
287,63,2140.50,1517.00,261.07,265.99,1,-1,-1,-1
288,46,840.08,642.38,455.64,302.32,1,-1,-1,-1
288,63,2140.62,1517.00,260.81,265.73,1,-1,-1,-1
289,46,720.36,617.14,506.79,329.31,1,-1,-1,-1
290,46,589.51,579.44,566.47,362.75,1,-1,-1,-1
291,46,478.86,542.84,585.95,366.90,1,-1,-1,-1
292,46,418.98,529.72,604.17,378.30,1,-1,-1,-1
292,67,1288.24,975.75,675.11,534.50,1,-1,-1,-1
292,68,136.98,550.00,917.14,755.74,1,-1,-1,-1
293,67,1473.51,966.32,547.18,433.75,1,-1,-1,-1
293,68,401.13,653.53,736.47,594.25,1,-1,-1,-1
294,67,1599.01,957.15,463.12,367.79,1,-1,-1,-1
294,68,654.86,714.78,618.68,488.49,1,-1,-1,-1
295,67,1694.89,954.85,388.66,308.79,1,-1,-1,-1
295,68,834.52,736.69,561.99,435.93,1,-1,-1,-1
295,70,-209.70,384.25,981.09,556.58,1,-1,-1,-1
296,67,1773.11,950.62,323.69,256.08,1,-1,-1,-1
296,68,982.26,759.06,508.34,387.62,1,-1,-1,-1
296,70,-274.50,355.11,1026.87,582.55,1,-1,-1,-1
296,71,2142.07,1518.78,257.85,260.62,1,-1,-1,-1
297,67,1816.44,948.38,300.95,237.95,1,-1,-1,-1
297,68,1098.52,771.99,468.44,352.38,1,-1,-1,-1
297,71,2142.37,1518.26,257.25,259.83,1,-1,-1,-1
298,67,1856.89,944.78,286.18,226.94,1,-1,-1,-1
298,68,1200.28,786.61,428.49,318.48,1,-1,-1,-1
298,71,2141.67,1517.33,258.66,261.14,1,-1,-1,-1
299,67,1891.29,937.06,267.07,212.66,1,-1,-1,-1
299,68,1291.56,807.23,382.62,280.12,1,-1,-1,-1
299,71,2141.31,1517.74,258.67,260.91,1,-1,-1,-1
300,67,1922.56,935.79,244.23,195.25,1,-1,-1,-1
300,68,1355.58,811.69,367.67,266.88,1,-1,-1,-1
300,71,2140.77,1517.90,258.80,260.85,1,-1,-1,-1
301,67,1946.05,934.94,227.68,182.78,1,-1,-1,-1
301,68,1426.04,820.68,333.95,239.53,1,-1,-1,-1
301,71,2140.33,1517.26,261.42,263.61,1,-1,-1,-1
302,67,1969.68,933.36,210.86,169.84,1,-1,-1,-1
302,68,1473.53,823.77,320.59,228.47,1,-1,-1,-1
302,71,2140.14,1517.04,262.43,264.62,1,-1,-1,-1
303,67,1990.27,933.06,195.01,157.47,1,-1,-1,-1
303,68,1521.07,831.64,302.84,214.44,1,-1,-1,-1
303,71,2139.78,1516.96,263.40,265.66,1,-1,-1,-1
304,67,2005.85,930.88,184.29,149.61,1,-1,-1,-1
304,68,1557.42,831.95,297.96,210.89,1,-1,-1,-1
304,71,2139.64,1516.81,263.82,266.09,1,-1,-1,-1
305,67,2020.76,928.11,173.35,141.40,1,-1,-1,-1
305,68,1594.01,832.44,284.48,201.17,1,-1,-1,-1
306,67,2032.76,925.89,164.14,134.54,1,-1,-1,-1
306,68,1628.04,835.73,271.17,191.89,1,-1,-1,-1
307,67,2045.99,925.30,154.40,127.25,1,-1,-1,-1
307,68,1658.48,837.89,260.69,184.73,1,-1,-1,-1
307,73,2141.17,1517.00,260.67,262.66,1,-1,-1,-1
308,67,2060.29,928.13,143.26,118.33,1,-1,-1,-1
308,68,1685.73,843.32,247.94,175.98,1,-1,-1,-1
308,73,2141.83,1517.00,258.57,260.40,1,-1,-1,-1
309,67,2070.89,927.69,134.73,111.05,1,-1,-1,-1
309,68,1712.32,849.11,233.69,165.98,1,-1,-1,-1
309,73,2142.60,1517.00,256.05,257.51,1,-1,-1,-1
310,67,2081.00,928.34,126.64,104.20,1,-1,-1,-1
310,68,1734.72,852.17,224.32,159.81,1,-1,-1,-1
310,73,2143.40,1517.72,254.85,255.91,1,-1,-1,-1
311,67,2087.15,924.95,122.75,101.11,1,-1,-1,-1
311,68,1756.62,857.21,212.02,151.22,1,-1,-1,-1
311,73,2143.51,1517.97,254.81,255.45,1,-1,-1,-1
312,67,2094.74,924.63,116.60,96.19,1,-1,-1,-1
312,68,1777.86,855.05,204.52,146.13,1,-1,-1,-1
312,73,2143.75,1518.05,255.09,255.37,1,-1,-1,-1
313,67,2099.93,925.30,111.71,92.15,1,-1,-1,-1
313,68,1795.74,859.09,195.62,139.96,1,-1,-1,-1
313,73,2143.00,1518.07,255.49,255.40,1,-1,-1,-1
313,75,2119.08,899.30,174.63,54.61,1,-1,-1,-1
314,67,2105.88,924.14,107.93,89.06,1,-1,-1,-1
314,68,1811.90,858.14,190.92,136.97,1,-1,-1,-1
314,73,2141.31,1517.39,257.80,257.51,1,-1,-1,-1
314,75,2115.37,899.55,182.73,57.14,1,-1,-1,-1
315,67,2110.76,923.08,104.43,86.22,1,-1,-1,-1
315,68,1828.16,858.37,184.68,132.83,1,-1,-1,-1
315,73,2140.53,1517.81,258.30,257.65,1,-1,-1,-1
315,76,1068.11,959.21,899.46,604.18,1,-1,-1,-1
316,67,2115.84,922.76,99.22,82.04,1,-1,-1,-1
316,68,1841.00,858.30,181.24,131.11,1,-1,-1,-1
316,73,2141.47,1517.96,257.39,256.38,1,-1,-1,-1
316,76,1292.79,950.11,740.78,499.74,1,-1,-1,-1
317,67,2119.27,921.27,94.78,78.10,1,-1,-1,-1
317,68,1854.12,857.47,176.94,128.74,1,-1,-1,-1
317,73,2142.89,1518.02,254.91,253.25,1,-1,-1,-1
317,76,1448.57,947.61,626.46,425.18,1,-1,-1,-1
318,67,2120.73,915.14,97.76,81.31,1,-1,-1,-1
318,68,1865.11,859.16,174.00,127.53,1,-1,-1,-1
318,73,2142.18,1518.03,254.47,252.11,1,-1,-1,-1
318,76,1564.96,946.47,539.19,368.90,1,-1,-1,-1
319,67,2123.57,913.13,96.64,81.05,1,-1,-1,-1
319,68,1878.59,860.36,167.37,123.23,1,-1,-1,-1
319,73,2143.13,1518.04,254.57,251.73,1,-1,-1,-1
319,76,1654.28,948.04,462.03,318.42,1,-1,-1,-1
320,67,2123.83,907.70,97.27,82.54,1,-1,-1,-1
320,68,1891.63,859.31,161.98,119.91,1,-1,-1,-1
320,73,2142.08,1518.03,256.75,253.62,1,-1,-1,-1
320,76,1725.45,951.84,403.11,279.55,1,-1,-1,-1
321,67,2127.47,904.47,94.83,81.16,1,-1,-1,-1
321,68,1906.89,860.25,150.42,111.39,1,-1,-1,-1
321,73,2139.77,1518.03,261.42,258.33,1,-1,-1,-1
321,76,1777.63,949.58,362.52,253.22,1,-1,-1,-1
322,67,2130.69,906.11,89.09,76.72,1,-1,-1,-1
322,68,1917.17,863.31,138.90,101.65,1,-1,-1,-1
322,73,2136.93,1518.03,265.78,262.75,1,-1,-1,-1
322,76,1815.68,942.69,337.76,237.93,1,-1,-1,-1
323,67,2133.91,908.91,81.78,70.43,1,-1,-1,-1
323,68,1929.60,866.41,131.82,95.79,1,-1,-1,-1
323,73,2135.40,1518.02,269.67,267.05,1,-1,-1,-1
323,76,1860.20,941.65,299.01,211.74,1,-1,-1,-1
324,67,2139.02,907.63,77.70,66.92,1,-1,-1,-1
324,68,1941.14,868.79,124.14,89.14,1,-1,-1,-1
324,73,2134.85,1518.02,273.06,271.28,1,-1,-1,-1
324,76,1880.41,934.49,292.04,209.19,1,-1,-1,-1
325,68,1949.92,870.93,118.98,84.37,1,-1,-1,-1
325,73,2135.26,1517.37,275.07,274.17,1,-1,-1,-1
325,76,1910.83,936.27,266.62,192.66,1,-1,-1,-1
326,68,1954.37,870.11,122.38,86.65,1,-1,-1,-1
326,73,2135.22,1517.11,275.58,275.23,1,-1,-1,-1
326,76,1940.17,947.53,234.39,169.84,1,-1,-1,-1
327,68,1960.72,869.82,120.93,85.42,1,-1,-1,-1
327,73,2135.84,1517.02,275.14,275.57,1,-1,-1,-1
327,76,1956.16,938.08,229.57,167.76,1,-1,-1,-1
327,78,2137.84,911.61,76.12,58.57,1,-1,-1,-1
328,68,1966.05,868.95,121.56,85.90,1,-1,-1,-1
328,73,2136.30,1517.64,273.85,275.00,1,-1,-1,-1
328,76,1976.99,937.62,211.71,155.75,1,-1,-1,-1
328,78,2137.65,909.93,77.18,59.38,1,-1,-1,-1
329,68,1972.56,869.96,119.36,84.16,1,-1,-1,-1
329,73,2137.52,1517.88,270.60,272.09,1,-1,-1,-1
329,76,1994.20,939.78,197.23,145.77,1,-1,-1,-1
330,68,1978.54,870.29,118.00,83.01,1,-1,-1,-1
330,73,2138.09,1517.31,268.47,270.29,1,-1,-1,-1
330,76,2007.68,936.09,189.00,140.61,1,-1,-1,-1
331,68,1983.57,871.05,117.19,82.73,1,-1,-1,-1
331,73,2139.90,1517.75,265.12,266.94,1,-1,-1,-1
331,76,2023.80,936.42,177.07,132.36,1,-1,-1,-1
332,68,1989.87,873.33,113.42,80.03,1,-1,-1,-1
332,73,2140.88,1517.92,262.60,264.33,1,-1,-1,-1
332,76,2034.17,929.32,173.33,130.47,1,-1,-1,-1
333,68,1996.52,874.11,110.12,77.80,1,-1,-1,-1
333,73,2141.50,1517.99,260.47,262.02,1,-1,-1,-1
333,76,2042.10,922.83,173.99,132.39,1,-1,-1,-1
334,68,2000.82,873.67,111.99,79.17,1,-1,-1,-1
334,73,2142.54,1518.01,258.08,259.18,1,-1,-1,-1
334,76,2052.17,922.11,164.72,126.40,1,-1,-1,-1
335,68,2008.62,874.16,111.17,78.37,1,-1,-1,-1
335,73,2142.80,1518.02,257.43,258.14,1,-1,-1,-1
335,76,2062.09,920.61,157.59,122.02,1,-1,-1,-1
336,68,2011.90,873.63,111.51,78.84,1,-1,-1,-1
336,73,2142.78,1518.02,258.08,258.44,1,-1,-1,-1
336,76,2072.33,920.90,148.77,116.00,1,-1,-1,-1
337,68,2013.95,872.07,110.80,79.08,1,-1,-1,-1
337,73,2140.87,1517.35,260.82,261.24,1,-1,-1,-1
337,76,2083.85,928.17,132.79,103.75,1,-1,-1,-1
338,68,2017.25,872.81,106.97,77.22,1,-1,-1,-1
338,73,2140.54,1517.76,261.07,261.65,1,-1,-1,-1
338,76,2094.77,936.60,118.34,92.12,1,-1,-1,-1
339,68,2021.65,873.74,104.71,76.59,1,-1,-1,-1
339,73,2140.35,1517.92,261.29,261.81,1,-1,-1,-1
339,76,2096.36,928.26,123.74,97.02,1,-1,-1,-1
340,68,2025.91,874.07,102.23,75.75,1,-1,-1,-1
340,73,2140.36,1517.98,261.88,262.54,1,-1,-1,-1
340,76,2100.82,923.02,124.47,98.39,1,-1,-1,-1
341,68,2030.56,873.50,100.79,75.49,1,-1,-1,-1
341,73,2140.03,1518.00,262.13,262.82,1,-1,-1,-1
341,76,2105.53,921.18,121.89,97.10,1,-1,-1,-1
342,68,2036.19,875.28,97.43,73.43,1,-1,-1,-1
342,73,2139.91,1518.01,262.21,262.93,1,-1,-1,-1
342,76,2111.47,920.59,116.56,93.46,1,-1,-1,-1
343,68,2041.26,876.60,93.14,70.70,1,-1,-1,-1
343,73,2140.15,1518.01,261.66,262.31,1,-1,-1,-1
343,76,2116.91,919.76,113.54,91.71,1,-1,-1,-1
344,68,2047.42,876.38,92.07,69.76,1,-1,-1,-1
344,73,2140.51,1518.01,260.93,261.42,1,-1,-1,-1
344,76,2122.57,918.83,107.24,87.13,1,-1,-1,-1
345,68,2051.91,874.26,93.56,70.82,1,-1,-1,-1
345,73,2140.61,1518.01,260.73,261.08,1,-1,-1,-1
345,76,2130.15,921.35,99.47,80.85,1,-1,-1,-1
346,68,2057.74,874.14,94.77,71.25,1,-1,-1,-1
346,73,2140.98,1518.01,260.65,260.97,1,-1,-1,-1
346,76,2136.54,922.30,92.89,75.37,1,-1,-1,-1
347,68,2058.95,875.42,90.78,68.78,1,-1,-1,-1
347,73,2141.11,1518.01,260.64,260.93,1,-1,-1,-1
347,76,2142.61,924.08,87.99,70.90,1,-1,-1,-1
348,68,2063.55,876.58,87.92,66.55,1,-1,-1,-1
348,73,2140.77,1518.01,260.76,260.92,1,-1,-1,-1
348,76,2145.95,923.27,87.53,70.33,1,-1,-1,-1
349,68,2066.05,876.31,86.21,65.10,1,-1,-1,-1
349,73,2140.61,1518.01,260.87,260.92,1,-1,-1,-1
349,76,2147.44,919.52,89.84,72.36,1,-1,-1,-1
350,68,2069.13,876.19,84.99,63.95,1,-1,-1,-1
350,73,2140.89,1518.01,260.88,260.93,1,-1,-1,-1
350,76,2151.59,920.28,86.52,69.76,1,-1,-1,-1
351,68,2069.49,876.82,83.06,62.91,1,-1,-1,-1
351,73,2141.28,1518.01,260.99,260.94,1,-1,-1,-1
351,76,2155.68,921.98,81.06,64.84,1,-1,-1,-1
352,68,2071.04,877.04,81.27,61.90,1,-1,-1,-1
352,73,2141.40,1518.00,261.09,260.94,1,-1,-1,-1
352,76,2161.43,921.73,76.93,61.54,1,-1,-1,-1
353,68,2073.69,877.78,79.58,60.91,1,-1,-1,-1
353,73,2141.42,1518.00,261.17,260.95,1,-1,-1,-1
354,68,2076.44,878.04,77.86,59.92,1,-1,-1,-1
354,73,2141.11,1518.00,261.82,261.62,1,-1,-1,-1
355,68,2080.13,877.44,78.40,60.28,1,-1,-1,-1
355,73,2140.43,1518.00,263.19,263.19,1,-1,-1,-1
356,68,2084.71,876.55,79.99,61.12,1,-1,-1,-1
356,73,2140.51,1518.00,263.69,263.78,1,-1,-1,-1
357,68,2091.36,876.21,81.77,60.79,1,-1,-1,-1
357,73,2140.29,1518.00,264.38,264.66,1,-1,-1,-1
358,68,2091.03,874.08,86.50,63.37,1,-1,-1,-1
358,73,2140.25,1518.00,264.54,264.99,1,-1,-1,-1
358,81,2174.58,918.98,71.02,58.22,1,-1,-1,-1
359,68,2083.83,873.95,87.17,64.33,1,-1,-1,-1
359,73,2140.28,1518.00,264.50,265.10,1,-1,-1,-1
359,81,2175.69,918.80,70.62,57.90,1,-1,-1,-1
360,68,2086.23,873.74,86.95,64.16,1,-1,-1,-1
360,73,2140.34,1518.00,264.40,265.13,1,-1,-1,-1
361,73,2139.74,1518.00,265.60,266.45,1,-1,-1,-1
362,73,2138.98,1518.00,267.10,268.25,1,-1,-1,-1
363,73,2138.78,1518.00,267.50,268.92,1,-1,-1,-1
364,73,2139.16,1518.00,267.39,269.16,1,-1,-1,-1
365,73,2139.40,1518.00,267.15,269.23,1,-1,-1,-1
366,73,2139.20,1518.00,266.97,269.23,1,-1,-1,-1
367,73,2139.46,1518.00,266.23,268.56,1,-1,-1,-1
368,73,2139.77,1518.00,264.88,266.97,1,-1,-1,-1
369,73,2140.49,1518.66,263.15,265.03,1,-1,-1,-1
370,73,2140.52,1518.25,262.98,264.97,1,-1,-1,-1
371,73,2141.12,1518.09,261.74,263.62,1,-1,-1,-1
372,73,2140.76,1518.03,262.45,264.45,1,-1,-1,-1
372,85,2032.42,862.95,59.96,38.27,1,-1,-1,-1
373,73,2139.89,1518.01,262.86,264.76,1,-1,-1,-1
373,85,2023.51,859.81,66.46,42.65,1,-1,-1,-1
373,86,2131.07,882.52,65.96,50.96,1,-1,-1,-1
374,73,2139.44,1518.00,263.26,264.89,1,-1,-1,-1
374,85,2016.08,858.12,70.11,45.44,1,-1,-1,-1
374,86,2135.40,882.96,64.82,50.08,1,-1,-1,-1
375,73,2139.58,1518.00,264.13,265.60,1,-1,-1,-1
375,85,2010.97,856.62,72.96,47.29,1,-1,-1,-1
376,73,2138.28,1518.00,265.85,267.19,1,-1,-1,-1
377,73,2137.85,1518.00,267.04,268.45,1,-1,-1,-1
378,73,2137.64,1517.99,267.34,268.76,1,-1,-1,-1
380,87,2004.27,859.23,52.65,41.98,1,-1,-1,-1
381,87,2002.06,860.55,50.83,40.42,1,-1,-1,-1
382,87,1997.67,858.72,53.34,42.20,1,-1,-1,-1
383,87,1994.59,859.55,52.66,41.36,1,-1,-1,-1
384,87,1991.57,861.28,50.91,39.65,1,-1,-1,-1
385,87,1987.28,860.47,51.41,39.76,1,-1,-1,-1
386,87,1982.37,862.94,48.31,37.06,1,-1,-1,-1
387,87,1977.53,863.13,47.35,36.09,1,-1,-1,-1
387,88,2141.36,1517.00,261.05,263.97,1,-1,-1,-1
388,87,1971.93,861.79,48.93,37.17,1,-1,-1,-1
388,88,2140.74,1517.00,262.54,265.44,1,-1,-1,-1
389,87,1966.93,861.32,49.69,37.57,1,-1,-1,-1
389,88,2140.51,1517.00,263.07,265.92,1,-1,-1,-1
390,87,1960.74,858.45,54.28,41.10,1,-1,-1,-1
390,88,2140.75,1517.00,263.31,266.07,1,-1,-1,-1
390,89,2141.91,887.02,70.45,44.98,1,-1,-1,-1
391,87,1956.53,856.76,56.08,42.38,1,-1,-1,-1
391,88,2140.42,1517.00,263.51,266.11,1,-1,-1,-1
391,89,2141.71,887.81,69.16,44.19,1,-1,-1,-1
392,87,1953.72,855.45,56.84,42.88,1,-1,-1,-1
392,88,2140.24,1517.00,263.68,266.11,1,-1,-1,-1
392,89,2142.94,888.80,67.65,43.20,1,-1,-1,-1
393,87,1949.99,854.96,57.52,43.07,1,-1,-1,-1
393,88,2140.13,1517.00,263.83,266.10,1,-1,-1,-1
393,89,2144.59,889.10,68.33,43.63,1,-1,-1,-1
394,87,1945.69,853.49,59.25,44.44,1,-1,-1,-1
394,88,2140.41,1517.00,263.91,266.09,1,-1,-1,-1
394,89,2145.30,889.60,67.81,43.30,1,-1,-1,-1
395,87,1939.28,851.65,62.53,46.89,1,-1,-1,-1
395,88,2140.11,1517.00,264.07,266.08,1,-1,-1,-1
396,87,1930.70,848.39,65.33,49.10,1,-1,-1,-1
396,88,2140.33,1517.00,264.14,266.07,1,-1,-1,-1
397,87,1925.86,847.78,66.41,49.95,1,-1,-1,-1
397,88,2140.30,1517.00,263.71,265.39,1,-1,-1,-1
398,87,1919.92,845.64,69.43,52.19,1,-1,-1,-1
398,88,2139.93,1517.00,264.26,265.80,1,-1,-1,-1
399,87,1914.79,845.48,69.44,51.76,1,-1,-1,-1
399,88,2140.42,1517.00,263.88,265.29,1,-1,-1,-1
400,87,1908.66,843.52,72.18,53.49,1,-1,-1,-1
400,88,2140.56,1517.00,263.81,265.09,1,-1,-1,-1
401,87,1903.67,844.08,71.04,52.20,1,-1,-1,-1
401,88,2140.29,1517.00,264.43,265.68,1,-1,-1,-1
402,87,1898.80,843.71,70.91,51.65,1,-1,-1,-1
402,88,2140.18,1517.00,264.67,265.91,1,-1,-1,-1
403,87,1890.75,841.63,73.09,53.38,1,-1,-1,-1
403,88,2140.14,1517.00,264.78,265.99,1,-1,-1,-1
404,87,1884.09,840.87,74.26,54.02,1,-1,-1,-1
404,88,2140.11,1517.00,265.48,266.68,1,-1,-1,-1
405,87,1878.53,838.01,78.44,56.84,1,-1,-1,-1
405,88,2139.16,1517.00,266.98,268.26,1,-1,-1,-1
406,87,1872.22,836.31,80.28,57.90,1,-1,-1,-1
406,88,2138.53,1517.00,268.07,269.51,1,-1,-1,-1
407,87,1863.34,833.10,84.48,60.87,1,-1,-1,-1
407,88,2137.59,1517.00,268.57,269.97,1,-1,-1,-1
408,87,1856.47,831.89,86.22,61.99,1,-1,-1,-1
408,88,2138.74,1517.66,268.39,270.13,1,-1,-1,-1
409,87,1850.23,830.18,87.90,63.03,1,-1,-1,-1
409,88,2138.99,1517.91,268.03,270.17,1,-1,-1,-1
410,87,1842.87,829.56,89.10,63.40,1,-1,-1,-1
410,88,2138.81,1518.00,267.76,270.18,1,-1,-1,-1
411,87,1836.55,830.02,88.42,62.21,1,-1,-1,-1
411,88,2139.20,1518.03,267.41,270.16,1,-1,-1,-1
412,87,1826.30,829.60,89.79,63.01,1,-1,-1,-1
412,88,2139.44,1517.38,267.09,270.15,1,-1,-1,-1
413,87,1818.61,828.18,91.10,63.94,1,-1,-1,-1
413,88,2139.80,1517.79,265.77,268.81,1,-1,-1,-1
414,87,1810.91,827.02,93.70,65.57,1,-1,-1,-1
414,88,2139.93,1517.95,265.27,268.30,1,-1,-1,-1
415,87,1803.71,825.96,95.79,66.82,1,-1,-1,-1
415,88,2139.98,1518.00,265.08,268.10,1,-1,-1,-1
416,87,1794.54,824.29,98.11,68.56,1,-1,-1,-1
416,88,2139.99,1518.06,265.06,268.08,1,-1,-1,-1
417,87,1784.67,820.46,103.01,72.44,1,-1,-1,-1
418,87,1775.82,819.01,105.08,73.90,1,-1,-1,-1
419,87,1767.16,817.20,106.40,75.08,1,-1,-1,-1
419,92,2139.60,1518.00,265.03,268.00,1,-1,-1,-1
420,87,1758.00,815.90,108.61,76.78,1,-1,-1,-1
420,92,2139.50,1518.00,265.75,268.76,1,-1,-1,-1
421,87,1746.81,812.23,113.57,80.62,1,-1,-1,-1
421,92,2138.76,1517.26,266.67,269.74,1,-1,-1,-1
422,87,1736.87,810.84,115.57,82.07,1,-1,-1,-1
422,92,2138.53,1517.02,266.94,270.06,1,-1,-1,-1
423,87,1727.67,810.36,115.86,81.94,1,-1,-1,-1
423,92,2138.23,1516.80,267.36,270.49,1,-1,-1,-1
424,87,1715.90,809.59,117.29,82.47,1,-1,-1,-1
425,87,1705.51,808.69,119.70,83.93,1,-1,-1,-1
426,87,1694.82,807.10,122.20,85.09,1,-1,-1,-1
427,87,1682.89,807.18,123.73,85.50,1,-1,-1,-1
428,87,1669.81,806.62,124.94,85.61,1,-1,-1,-1
428,94,2139.40,1517.78,265.97,270.00,1,-1,-1,-1
429,87,1659.27,805.79,127.88,86.91,1,-1,-1,-1
429,94,2139.54,1518.02,265.93,270.00,1,-1,-1,-1
430,87,1645.28,806.82,128.70,86.72,1,-1,-1,-1
430,94,2139.59,1518.08,265.89,270.00,1,-1,-1,-1
431,87,1628.01,802.03,135.78,91.17,1,-1,-1,-1
431,94,2139.56,1518.09,265.24,269.28,1,-1,-1,-1
432,87,1612.96,797.68,142.41,95.40,1,-1,-1,-1
432,94,2139.91,1518.08,265.00,269.04,1,-1,-1,-1
432,96,1980.49,861.19,56.55,36.81,1,-1,-1,-1
433,87,1596.75,796.01,146.41,97.65,1,-1,-1,-1
433,94,2139.58,1518.07,264.44,268.26,1,-1,-1,-1
433,96,1977.18,858.61,60.28,39.39,1,-1,-1,-1
434,87,1581.87,793.49,150.25,99.77,1,-1,-1,-1
434,94,2139.39,1518.06,264.36,267.99,1,-1,-1,-1
434,96,1972.47,858.46,61.16,40.24,1,-1,-1,-1
435,87,1567.11,792.56,153.61,101.18,1,-1,-1,-1
435,94,2139.63,1518.05,264.40,267.91,1,-1,-1,-1
435,96,1967.66,858.49,60.94,40.47,1,-1,-1,-1
436,87,1551.87,791.61,155.28,101.67,1,-1,-1,-1
436,94,2139.31,1518.04,264.57,267.89,1,-1,-1,-1
436,96,1963.98,859.24,58.78,39.12,1,-1,-1,-1
436,98,2177.52,894.00,46.73,35.98,1,-1,-1,-1
437,87,1535.57,789.36,158.66,103.09,1,-1,-1,-1
437,94,2139.13,1518.04,264.76,267.89,1,-1,-1,-1
437,96,1961.49,860.26,55.72,37.18,1,-1,-1,-1
437,98,2177.66,894.00,46.66,35.95,1,-1,-1,-1
438,87,1517.41,785.96,164.39,106.18,1,-1,-1,-1
438,94,2138.26,1518.03,265.11,267.90,1,-1,-1,-1
438,96,1957.07,858.60,56.48,37.82,1,-1,-1,-1
438,98,2178.85,894.74,45.82,35.21,1,-1,-1,-1
439,87,1499.14,782.76,168.56,107.96,1,-1,-1,-1
439,94,2137.83,1517.36,265.44,267.91,1,-1,-1,-1
439,96,1952.45,857.35,58.33,39.38,1,-1,-1,-1
439,98,2179.15,894.99,46.46,35.70,1,-1,-1,-1
440,87,1480.70,780.93,172.35,109.25,1,-1,-1,-1
440,94,2137.96,1517.11,265.67,267.92,1,-1,-1,-1
440,96,1949.15,857.56,57.12,38.64,1,-1,-1,-1
440,98,2179.54,895.06,46.75,35.88,1,-1,-1,-1
441,87,1461.73,779.00,175.63,110.33,1,-1,-1,-1
441,94,2137.96,1517.02,265.87,267.93,1,-1,-1,-1
441,96,1945.15,858.35,56.47,38.32,1,-1,-1,-1
441,98,2179.61,895.08,47.66,36.63,1,-1,-1,-1
442,87,1441.76,775.72,181.02,112.63,1,-1,-1,-1
442,94,2137.24,1516.98,266.73,268.60,1,-1,-1,-1
442,96,1940.09,857.99,56.97,38.85,1,-1,-1,-1
442,98,2179.97,895.24,47.77,36.72,1,-1,-1,-1
443,87,1417.76,771.29,190.69,118.00,1,-1,-1,-1
443,94,2136.55,1516.97,267.24,268.86,1,-1,-1,-1
443,96,1933.12,857.21,58.34,39.70,1,-1,-1,-1
444,87,1397.11,767.08,197.42,121.30,1,-1,-1,-1
444,94,2135.84,1516.97,267.67,268.96,1,-1,-1,-1
444,96,1927.82,855.62,59.83,40.67,1,-1,-1,-1
445,87,1373.94,765.50,202.26,123.17,1,-1,-1,-1
445,94,2136.15,1516.97,268.00,268.99,1,-1,-1,-1
445,96,1922.96,853.72,60.50,41.03,1,-1,-1,-1
445,99,2179.89,895.00,48.91,37.00,1,-1,-1,-1
446,87,1351.43,763.04,206.91,124.46,1,-1,-1,-1
446,94,2136.20,1516.98,268.29,269.01,1,-1,-1,-1
446,96,1917.24,853.01,61.56,41.81,1,-1,-1,-1
446,99,2179.97,894.24,48.84,37.00,1,-1,-1,-1
447,87,1325.37,757.64,215.95,128.77,1,-1,-1,-1
447,94,2135.77,1516.98,268.64,269.01,1,-1,-1,-1
447,96,1911.56,851.46,62.73,42.74,1,-1,-1,-1
447,99,2179.59,893.99,49.67,37.74,1,-1,-1,-1
448,87,1299.97,753.06,224.04,132.30,1,-1,-1,-1
448,94,2136.93,1516.98,267.45,267.69,1,-1,-1,-1
448,96,1904.05,849.58,65.05,44.38,1,-1,-1,-1
448,99,2179.33,893.73,49.94,37.94,1,-1,-1,-1
449,87,1271.14,749.43,231.38,135.53,1,-1,-1,-1
449,94,2137.06,1516.98,267.63,267.85,1,-1,-1,-1
449,96,1897.69,848.24,66.68,45.64,1,-1,-1,-1
450,87,1243.05,746.18,239.42,138.64,1,-1,-1,-1
450,94,2137.48,1516.99,267.63,267.92,1,-1,-1,-1
450,96,1890.99,846.46,68.34,46.76,1,-1,-1,-1
451,87,1215.63,743.08,246.41,141.06,1,-1,-1,-1
451,94,2137.56,1517.65,267.12,267.28,1,-1,-1,-1
451,96,1884.92,845.16,69.77,47.82,1,-1,-1,-1
452,87,1183.60,738.10,256.95,145.78,1,-1,-1,-1
452,94,2137.17,1517.90,267.09,267.05,1,-1,-1,-1
452,96,1878.99,844.68,70.71,48.20,1,-1,-1,-1
452,100,2034.82,878.66,54.01,40.16,1,-1,-1,-1
453,87,1151.90,732.42,267.97,150.74,1,-1,-1,-1
453,94,2136.88,1517.99,266.72,266.30,1,-1,-1,-1
453,96,1871.69,844.54,71.04,48.32,1,-1,-1,-1
453,100,2032.98,880.07,52.82,39.27,1,-1,-1,-1
453,102,176.85,919.91,587.94,993.35,1,-1,-1,-1
454,87,1119.11,728.37,276.52,153.88,1,-1,-1,-1
454,94,2136.66,1518.02,266.78,266.03,1,-1,-1,-1
454,96,1864.53,843.87,72.40,49.00,1,-1,-1,-1
454,102,247.82,849.32,650.46,1064.86,1,-1,-1,-1
455,87,1086.86,723.69,284.65,156.30,1,-1,-1,-1
455,94,2135.83,1517.37,268.32,267.26,1,-1,-1,-1
455,96,1857.01,842.99,73.71,49.88,1,-1,-1,-1
455,102,321.96,865.47,674.72,1050.51,1,-1,-1,-1
456,87,1051.31,720.04,291.38,157.78,1,-1,-1,-1
456,94,2135.81,1517.12,268.97,267.73,1,-1,-1,-1
456,96,1851.33,842.68,72.37,48.90,1,-1,-1,-1
456,102,368.08,855.48,719.13,1055.02,1,-1,-1,-1
