4,1,436.78,1142.12,56.91,130.86,1,-1,-1,-1
5,1,436.69,1138.31,58.39,134.75,1,-1,-1,-1
6,1,436.08,1136.20,59.08,136.75,1,-1,-1,-1
7,1,436.93,1133.48,58.64,136.27,1,-1,-1,-1
8,1,438.62,1131.60,56.76,132.14,1,-1,-1,-1
9,1,439.23,1130.18,55.94,130.38,1,-1,-1,-1
10,1,440.04,1129.05,55.34,129.24,1,-1,-1,-1
11,1,439.50,1128.20,56.96,133.78,1,-1,-1,-1
12,1,439.04,1126.74,58.26,137.91,1,-1,-1,-1
13,1,438.75,1124.35,59.24,141.71,1,-1,-1,-1
14,1,439.10,1122.32,58.40,140.90,1,-1,-1,-1
15,1,439.74,1119.91,56.94,138.19,1,-1,-1,-1
16,1,440.04,1117.58,57.26,140.07,1,-1,-1,-1
17,1,439.97,1114.38,57.29,141.32,1,-1,-1,-1
18,1,440.03,1111.47,57.55,143.37,1,-1,-1,-1
19,1,440.13,1109.44,58.30,146.66,1,-1,-1,-1
20,1,440.04,1106.35,58.66,149.64,1,-1,-1,-1
21,1,440.05,1104.03,58.32,150.24,1,-1,-1,-1
22,1,439.69,1099.93,59.33,154.35,1,-1,-1,-1
23,1,440.20,1098.57,58.60,153.69,1,-1,-1,-1
24,1,441.82,1097.30,55.86,147.01,1,-1,-1,-1
25,1,442.39,1096.54,56.02,149.10,1,-1,-1,-1
26,1,442.87,1095.44,55.71,149.84,1,-1,-1,-1
27,1,443.55,1094.74,55.10,149.35,1,-1,-1,-1
28,1,444.11,1093.72,55.02,150.04,1,-1,-1,-1
29,1,444.19,1091.83,55.45,152.50,1,-1,-1,-1
30,1,444.93,1090.49,55.17,152.96,1,-1,-1,-1
31,1,445.72,1088.48,55.26,154.99,1,-1,-1,-1
32,1,446.84,1085.89,53.86,152.13,1,-1,-1,-1
33,1,447.77,1083.45,52.92,150.17,1,-1,-1,-1
34,1,449.46,1081.06,52.16,148.71,1,-1,-1,-1
35,1,450.54,1079.00,50.78,144.96,1,-1,-1,-1
36,1,451.05,1076.20,50.26,143.50,1,-1,-1,-1
37,1,452.08,1073.69,49.35,140.79,1,-1,-1,-1
38,1,452.98,1071.48,48.80,139.15,1,-1,-1,-1
39,1,453.38,1068.89,49.21,140.46,1,-1,-1,-1
40,1,453.48,1066.65,50.04,143.60,1,-1,-1,-1
41,1,453.21,1064.73,50.80,146.58,1,-1,-1,-1
42,1,453.23,1063.76,50.94,147.20,1,-1,-1,-1
43,1,452.39,1062.77,51.53,148.67,1,-1,-1,-1
44,1,452.56,1062.30,51.60,148.97,1,-1,-1,-1
45,1,452.63,1061.54,51.83,149.97,1,-1,-1,-1
46,1,452.14,1059.85,52.38,152.02,1,-1,-1,-1
47,1,452.61,1058.34,51.50,149.77,1,-1,-1,-1
48,1,453.93,1056.36,49.47,143.66,1,-1,-1,-1
49,1,454.42,1053.95,49.02,142.22,1,-1,-1,-1
50,1,454.73,1051.58,48.94,141.90,1,-1,-1,-1
51,1,454.56,1049.37,49.14,142.34,1,-1,-1,-1
52,1,455.17,1047.27,47.94,138.38,1,-1,-1,-1
53,1,455.51,1044.52,47.61,136.97,1,-1,-1,-1
54,1,456.13,1042.02,46.44,132.78,1,-1,-1,-1
55,1,456.65,1039.60,46.07,131.10,1,-1,-1,-1
56,1,456.72,1038.02,46.24,130.99,1,-1,-1,-1
57,1,456.57,1037.30,46.47,131.26,1,-1,-1,-1
58,1,456.42,1036.49,46.79,131.97,1,-1,-1,-1
59,1,456.45,1035.14,47.16,133.27,1,-1,-1,-1
60,1,456.76,1035.12,47.10,133.20,1,-1,-1,-1
61,1,457.28,1034.62,47.20,133.71,1,-1,-1,-1
62,1,457.63,1033.49,47.38,134.37,1,-1,-1,-1
63,1,458.14,1032.20,47.42,134.76,1,-1,-1,-1
64,1,458.51,1030.42,46.92,133.44,1,-1,-1,-1
65,1,458.65,1028.72,46.90,133.51,1,-1,-1,-1
66,1,458.93,1026.06,47.44,135.42,1,-1,-1,-1
67,1,459.77,1023.36,47.47,135.81,1,-1,-1,-1
68,1,460.59,1021.01,46.57,133.19,1,-1,-1,-1
69,1,461.41,1019.24,45.44,129.38,1,-1,-1,-1
70,1,462.01,1016.92,44.79,127.03,1,-1,-1,-1
71,1,462.04,1015.63,44.28,125.05,1,-1,-1,-1
72,1,462.22,1013.64,44.38,124.86,1,-1,-1,-1
73,1,462.57,1011.96,44.80,125.33,1,-1,-1,-1
74,1,462.56,1010.58,45.23,126.05,1,-1,-1,-1
75,1,462.69,1009.72,45.62,126.68,1,-1,-1,-1
76,1,462.53,1008.98,45.96,127.44,1,-1,-1,-1
77,1,462.27,1008.47,46.18,128.10,1,-1,-1,-1
78,1,462.13,1008.04,46.33,128.66,1,-1,-1,-1
78,2,517.64,1004.90,51.83,41.19,1,-1,-1,-1
79,1,461.92,1007.17,46.43,129.19,1,-1,-1,-1
79,2,517.08,1003.05,53.58,42.66,1,-1,-1,-1
80,1,461.84,1006.19,46.41,129.49,1,-1,-1,-1
80,2,516.68,1001.34,55.09,44.01,1,-1,-1,-1
81,1,461.92,1004.80,46.17,129.15,1,-1,-1,-1
81,2,516.05,999.13,57.32,46.09,1,-1,-1,-1
82,1,461.83,1003.28,45.71,128.15,1,-1,-1,-1
82,2,515.88,998.03,58.12,47.06,1,-1,-1,-1
83,1,461.75,1001.31,45.66,128.48,1,-1,-1,-1
83,2,515.13,996.54,59.26,48.41,1,-1,-1,-1
84,1,461.82,998.74,45.37,127.94,1,-1,-1,-1
84,2,514.61,995.38,59.80,49.27,1,-1,-1,-1
85,1,462.13,996.85,44.62,125.73,1,-1,-1,-1
85,2,514.25,994.86,59.67,49.58,1,-1,-1,-1
86,1,462.30,994.27,44.15,124.29,1,-1,-1,-1
86,2,513.99,994.44,59.61,50.02,1,-1,-1,-1
87,1,462.74,992.65,43.22,121.27,1,-1,-1,-1
87,2,513.87,994.11,59.27,50.23,1,-1,-1,-1
88,1,463.07,991.22,42.63,119.16,1,-1,-1,-1
88,2,513.52,993.45,59.26,50.80,1,-1,-1,-1
89,1,463.30,989.67,42.77,119.22,1,-1,-1,-1
89,2,512.61,992.16,59.80,51.94,1,-1,-1,-1
90,1,463.26,988.23,42.94,119.30,1,-1,-1,-1
90,2,511.70,990.91,60.01,52.93,1,-1,-1,-1
91,1,463.36,987.43,43.00,119.28,1,-1,-1,-1
91,2,511.00,989.09,60.62,54.46,1,-1,-1,-1
92,1,463.10,987.30,43.17,119.81,1,-1,-1,-1
92,2,510.75,988.44,60.31,55.26,1,-1,-1,-1
93,1,463.08,986.96,43.18,119.92,1,-1,-1,-1
93,2,510.95,987.78,59.82,55.94,1,-1,-1,-1
94,1,463.14,986.27,43.39,120.62,1,-1,-1,-1
94,2,510.91,986.31,59.82,57.17,1,-1,-1,-1
95,1,463.25,985.42,43.67,121.37,1,-1,-1,-1
95,2,510.58,984.29,60.24,58.90,1,-1,-1,-1
96,1,463.64,984.73,43.76,121.63,1,-1,-1,-1
96,2,510.12,981.90,60.93,60.98,1,-1,-1,-1
97,1,464.00,983.40,44.11,122.75,1,-1,-1,-1
97,2,509.95,979.51,61.25,62.85,1,-1,-1,-1
98,1,464.33,982.26,44.30,123.49,1,-1,-1,-1
98,2,509.46,977.28,61.70,64.95,1,-1,-1,-1
99,1,464.74,980.60,44.53,124.43,1,-1,-1,-1
99,2,509.56,976.46,60.90,65.62,1,-1,-1,-1
100,1,465.00,978.92,44.67,125.19,1,-1,-1,-1
100,2,509.34,974.91,60.93,67.28,1,-1,-1,-1
101,1,466.07,977.31,43.37,121.51,1,-1,-1,-1
101,2,509.19,973.58,60.71,68.65,1,-1,-1,-1
102,1,466.54,975.48,43.12,120.92,1,-1,-1,-1
102,2,509.21,972.50,60.10,69.46,1,-1,-1,-1
103,1,467.49,973.36,42.07,117.67,1,-1,-1,-1
103,2,509.30,971.85,59.17,69.88,1,-1,-1,-1
104,1,468.19,971.59,41.41,115.31,1,-1,-1,-1
104,2,509.60,971.53,57.97,69.86,1,-1,-1,-1
105,1,468.29,970.32,41.33,114.69,1,-1,-1,-1
105,2,510.22,971.30,56.56,69.40,1,-1,-1,-1
106,1,468.22,968.76,41.40,114.73,1,-1,-1,-1
106,2,510.37,970.84,55.72,69.56,1,-1,-1,-1
107,1,468.28,967.15,41.64,115.21,1,-1,-1,-1
107,2,510.02,969.33,55.97,71.15,1,-1,-1,-1
108,1,468.10,965.57,42.28,116.91,1,-1,-1,-1
108,2,509.67,967.62,56.08,72.56,1,-1,-1,-1
109,1,468.29,964.86,42.51,117.43,1,-1,-1,-1
109,2,509.65,966.16,55.98,73.75,1,-1,-1,-1
110,1,468.43,964.45,42.55,117.42,1,-1,-1,-1
110,2,509.46,964.75,56.18,75.46,1,-1,-1,-1
111,1,468.57,964.10,42.59,117.44,1,-1,-1,-1
111,2,509.39,963.72,55.88,76.44,1,-1,-1,-1
112,1,468.70,963.88,42.62,117.44,1,-1,-1,-1
112,2,509.20,962.38,55.68,77.56,1,-1,-1,-1
113,1,468.68,963.58,42.64,117.58,1,-1,-1,-1
113,2,509.56,962.33,54.51,77.23,1,-1,-1,-1
114,1,468.41,962.90,42.86,118.38,1,-1,-1,-1
114,2,508.87,959.43,55.24,79.79,1,-1,-1,-1
115,1,468.23,961.64,42.95,119.02,1,-1,-1,-1
115,2,508.46,957.17,55.55,81.86,1,-1,-1,-1
116,1,468.27,960.24,43.11,119.93,1,-1,-1,-1
116,2,508.43,956.27,55.05,82.68,1,-1,-1,-1
117,1,468.41,958.65,43.31,121.05,1,-1,-1,-1
117,2,508.45,955.79,54.37,83.17,1,-1,-1,-1
118,1,468.46,957.07,43.04,120.70,1,-1,-1,-1
118,2,508.64,956.03,53.33,83.00,1,-1,-1,-1
119,1,468.87,955.60,41.91,117.46,1,-1,-1,-1
119,2,508.56,956.07,52.41,82.93,1,-1,-1,-1
120,1,468.85,953.85,41.06,114.84,1,-1,-1,-1
120,2,508.64,955.90,51.57,82.82,1,-1,-1,-1
121,1,468.62,952.25,40.90,114.48,1,-1,-1,-1
121,2,508.73,955.97,50.71,82.60,1,-1,-1,-1
122,1,469.30,950.98,39.69,110.68,1,-1,-1,-1
122,2,508.72,955.22,50.25,83.14,1,-1,-1,-1
123,1,469.34,949.45,39.32,109.46,1,-1,-1,-1
123,2,507.78,951.95,51.28,86.45,1,-1,-1,-1
124,1,469.09,948.42,39.22,109.00,1,-1,-1,-1
124,2,507.25,949.00,52.00,89.44,1,-1,-1,-1
125,1,468.92,947.56,39.13,108.51,1,-1,-1,-1
125,2,507.22,947.73,51.81,90.87,1,-1,-1,-1
126,1,468.79,946.97,39.05,108.01,1,-1,-1,-1
126,2,507.36,946.83,51.35,91.83,1,-1,-1,-1
127,1,468.86,946.70,39.11,108.07,1,-1,-1,-1
127,2,507.26,945.28,51.25,93.54,1,-1,-1,-1
128,1,468.51,946.46,39.59,109.53,1,-1,-1,-1
128,2,507.10,943.66,51.13,95.13,1,-1,-1,-1
129,1,468.53,946.14,39.72,110.09,1,-1,-1,-1
129,2,507.22,943.08,50.51,95.68,1,-1,-1,-1
130,1,468.72,945.86,39.54,109.72,1,-1,-1,-1
130,2,507.35,942.29,50.07,96.48,1,-1,-1,-1
131,1,469.22,945.52,38.77,107.41,1,-1,-1,-1
131,2,507.61,941.88,49.45,96.74,1,-1,-1,-1
132,1,469.91,944.61,37.82,104.24,1,-1,-1,-1
132,2,507.86,941.57,48.90,97.06,1,-1,-1,-1
133,1,470.44,943.69,37.08,101.45,1,-1,-1,-1
133,2,508.17,941.36,48.36,97.19,1,-1,-1,-1
134,1,470.66,942.21,37.32,101.55,1,-1,-1,-1
134,2,508.58,941.80,47.63,96.77,1,-1,-1,-1
135,1,470.07,940.61,38.78,105.51,1,-1,-1,-1
135,2,508.73,941.45,47.35,97.18,1,-1,-1,-1
136,1,470.14,938.89,39.19,106.60,1,-1,-1,-1
136,2,508.31,938.75,48.21,99.99,1,-1,-1,-1
137,1,470.47,937.78,38.88,105.46,1,-1,-1,-1
137,2,508.19,937.13,48.51,101.68,1,-1,-1,-1
138,1,470.43,935.94,38.96,105.38,1,-1,-1,-1
138,2,508.48,935.86,48.66,103.09,1,-1,-1,-1
139,1,470.30,934.06,39.29,106.06,1,-1,-1,-1
139,2,508.63,934.03,48.94,104.87,1,-1,-1,-1
140,1,470.03,932.61,39.63,106.96,1,-1,-1,-1
140,2,508.80,932.33,49.14,106.55,1,-1,-1,-1
141,1,469.83,931.62,39.81,107.58,1,-1,-1,-1
141,2,508.95,930.73,49.24,108.20,1,-1,-1,-1
142,1,469.85,930.74,39.91,108.08,1,-1,-1,-1
142,2,508.98,929.02,49.26,109.59,1,-1,-1,-1
143,1,469.91,930.19,39.94,108.50,1,-1,-1,-1
143,2,509.12,927.49,49.19,110.73,1,-1,-1,-1
144,1,469.81,929.70,40.10,109.40,1,-1,-1,-1
144,2,509.20,926.45,49.07,111.54,1,-1,-1,-1
145,1,469.71,929.57,39.84,109.06,1,-1,-1,-1
145,2,509.39,927.04,48.36,110.75,1,-1,-1,-1
146,1,469.45,929.35,39.86,109.29,1,-1,-1,-1
146,2,509.38,926.12,48.32,111.59,1,-1,-1,-1
147,1,469.23,928.76,39.99,109.96,1,-1,-1,-1
147,2,509.40,925.87,48.04,111.86,1,-1,-1,-1
148,1,469.03,928.28,40.14,110.88,1,-1,-1,-1
148,2,509.50,925.22,47.89,112.50,1,-1,-1,-1
149,1,468.98,927.29,40.34,111.81,1,-1,-1,-1
149,2,509.65,924.53,47.73,113.26,1,-1,-1,-1
150,1,469.02,926.65,40.35,112.47,1,-1,-1,-1
150,2,509.65,923.79,47.65,114.24,1,-1,-1,-1
151,1,468.77,925.63,40.33,113.18,1,-1,-1,-1
151,2,509.69,923.61,47.17,114.12,1,-1,-1,-1
152,1,469.50,924.32,38.72,108.81,1,-1,-1,-1
152,2,510.37,925.04,46.16,112.66,1,-1,-1,-1
153,1,469.45,922.29,38.31,107.94,1,-1,-1,-1
153,2,510.49,925.04,45.56,112.05,1,-1,-1,-1
154,1,469.60,920.39,37.70,106.24,1,-1,-1,-1
154,2,511.15,924.39,44.21,109.17,1,-1,-1,-1
155,1,469.75,918.90,37.09,104.43,1,-1,-1,-1
155,2,511.82,923.28,42.89,106.02,1,-1,-1,-1
156,1,469.99,917.83,36.60,102.77,1,-1,-1,-1
156,2,512.17,921.61,41.89,103.51,1,-1,-1,-1
157,1,469.93,916.85,36.41,102.06,1,-1,-1,-1
157,2,512.09,919.56,41.88,103.30,1,-1,-1,-1
158,1,469.88,915.99,36.38,101.81,1,-1,-1,-1
158,2,512.23,919.44,41.67,102.40,1,-1,-1,-1
159,1,469.89,915.47,36.18,101.06,1,-1,-1,-1
159,2,512.42,918.41,42.02,103.13,1,-1,-1,-1
160,1,470.15,915.07,35.66,99.25,1,-1,-1,-1
160,2,512.35,917.39,42.43,104.08,1,-1,-1,-1
161,1,470.04,914.93,35.90,99.78,1,-1,-1,-1
161,2,512.35,916.53,42.70,104.67,1,-1,-1,-1
162,1,469.90,914.78,36.09,100.25,1,-1,-1,-1
162,2,512.24,915.58,43.05,105.63,1,-1,-1,-1
163,1,470.03,914.67,35.94,99.68,1,-1,-1,-1
163,2,512.17,915.13,43.13,105.92,1,-1,-1,-1
164,1,470.30,914.58,35.76,98.98,1,-1,-1,-1
164,2,512.14,914.92,43.10,105.85,1,-1,-1,-1
165,1,469.92,913.78,36.63,101.48,1,-1,-1,-1
165,2,512.41,915.16,42.93,105.19,1,-1,-1,-1
166,1,470.02,912.79,37.10,102.88,1,-1,-1,-1
166,2,512.36,914.43,43.04,105.34,1,-1,-1,-1
167,1,471.26,911.59,35.07,96.37,1,-1,-1,-1
167,2,512.50,913.22,43.15,105.46,1,-1,-1,-1
168,1,471.79,910.51,34.62,94.59,1,-1,-1,-1
168,2,512.51,911.22,43.36,106.02,1,-1,-1,-1
169,1,471.41,909.60,35.57,97.19,1,-1,-1,-1
169,2,512.96,910.00,42.98,105.31,1,-1,-1,-1
170,1,471.32,908.09,35.92,98.07,1,-1,-1,-1
170,2,513.58,907.88,42.06,103.01,1,-1,-1,-1
171,1,471.44,906.36,35.95,98.01,1,-1,-1,-1
171,2,513.79,905.93,41.86,102.52,1,-1,-1,-1
172,1,471.77,904.91,35.93,97.82,1,-1,-1,-1
172,2,514.13,905.06,41.37,101.43,1,-1,-1,-1
173,1,471.84,903.37,36.24,98.57,1,-1,-1,-1
173,2,514.58,903.58,41.24,101.52,1,-1,-1,-1
174,1,471.83,902.24,36.36,98.84,1,-1,-1,-1
174,2,514.71,902.23,41.31,102.21,1,-1,-1,-1
175,1,471.75,901.29,36.44,99.20,1,-1,-1,-1
175,2,514.70,901.32,41.40,103.10,1,-1,-1,-1
176,1,471.90,900.78,36.53,99.48,1,-1,-1,-1
176,2,515.00,901.93,40.94,102.57,1,-1,-1,-1
177,1,471.97,900.44,36.63,99.81,1,-1,-1,-1
177,2,515.13,902.60,40.34,101.49,1,-1,-1,-1
178,1,471.96,900.13,36.80,100.47,1,-1,-1,-1
178,2,515.05,902.32,39.96,100.92,1,-1,-1,-1
179,1,471.78,899.63,36.86,100.86,1,-1,-1,-1
179,2,514.72,902.02,39.90,101.14,1,-1,-1,-1
180,1,471.63,899.21,36.98,101.49,1,-1,-1,-1
180,2,514.10,901.15,40.16,102.16,1,-1,-1,-1
181,1,471.54,898.91,36.97,101.68,1,-1,-1,-1
181,2,513.69,900.32,40.12,102.22,1,-1,-1,-1
182,1,471.18,897.72,37.22,102.91,1,-1,-1,-1
182,2,512.86,897.11,40.98,105.16,1,-1,-1,-1
183,1,471.03,896.64,37.35,103.80,1,-1,-1,-1
183,2,512.25,895.39,41.26,106.47,1,-1,-1,-1
184,1,470.96,895.78,37.03,103.38,1,-1,-1,-1
184,2,511.98,894.49,40.75,105.62,1,-1,-1,-1
185,1,471.22,894.86,36.48,102.18,1,-1,-1,-1
185,2,512.11,893.31,39.84,103.56,1,-1,-1,-1
186,1,471.33,893.51,36.13,101.58,1,-1,-1,-1
186,2,512.02,891.89,39.40,102.58,1,-1,-1,-1
187,1,471.47,892.12,35.56,100.13,1,-1,-1,-1
187,2,511.43,890.12,39.52,103.32,1,-1,-1,-1
188,1,471.50,890.37,35.52,100.26,1,-1,-1,-1
188,2,511.03,888.74,39.55,103.99,1,-1,-1,-1
189,1,471.94,888.95,34.67,97.79,1,-1,-1,-1
189,2,510.83,887.51,39.66,104.88,1,-1,-1,-1
190,1,471.41,887.16,35.43,100.47,1,-1,-1,-1
190,2,510.73,886.79,39.59,105.26,1,-1,-1,-1
191,1,471.89,886.31,34.52,97.95,1,-1,-1,-1
191,2,510.70,885.75,39.23,104.66,1,-1,-1,-1
192,1,472.69,885.95,33.23,93.85,1,-1,-1,-1
192,2,510.57,885.39,39.19,104.98,1,-1,-1,-1
193,1,472.58,885.63,33.31,94.00,1,-1,-1,-1
193,2,510.58,885.34,38.74,104.15,1,-1,-1,-1
194,1,473.24,885.46,32.29,90.51,1,-1,-1,-1
194,2,510.65,885.26,38.35,103.33,1,-1,-1,-1
195,1,473.19,885.35,32.50,90.73,1,-1,-1,-1
195,2,510.51,884.42,38.56,104.11,1,-1,-1,-1
196,1,473.25,884.94,32.65,90.79,1,-1,-1,-1
196,2,510.56,883.92,38.62,104.54,1,-1,-1,-1
197,1,473.13,884.57,33.15,91.95,1,-1,-1,-1
197,2,510.79,883.55,38.18,103.40,1,-1,-1,-1
198,1,473.23,884.00,33.35,92.27,1,-1,-1,-1
198,2,510.78,882.37,38.04,103.23,1,-1,-1,-1
199,1,473.65,883.03,32.88,90.62,1,-1,-1,-1
199,2,511.16,881.45,37.03,100.31,1,-1,-1,-1
200,1,474.14,881.87,32.50,89.05,1,-1,-1,-1
200,2,511.18,880.14,36.99,100.11,1,-1,-1,-1
201,1,474.16,880.87,32.90,89.88,1,-1,-1,-1
201,2,511.51,878.82,36.57,98.58,1,-1,-1,-1
202,1,474.22,879.53,33.51,91.40,1,-1,-1,-1
202,2,511.73,877.57,36.44,97.81,1,-1,-1,-1
203,1,474.19,878.18,33.99,92.39,1,-1,-1,-1
203,2,511.51,876.13,36.95,98.98,1,-1,-1,-1
204,1,474.44,877.33,34.11,92.34,1,-1,-1,-1
204,2,511.31,874.60,37.32,99.84,1,-1,-1,-1
205,1,474.64,876.38,34.10,91.78,1,-1,-1,-1
205,2,511.17,873.15,37.32,99.59,1,-1,-1,-1
206,1,475.02,875.55,34.05,91.13,1,-1,-1,-1
206,2,511.14,872.44,37.12,98.80,1,-1,-1,-1
207,1,475.23,875.01,34.06,90.80,1,-1,-1,-1
207,2,511.02,871.79,37.31,99.09,1,-1,-1,-1
208,1,475.27,874.20,34.15,90.87,1,-1,-1,-1
208,2,510.95,871.51,37.26,98.94,1,-1,-1,-1
209,1,475.23,873.75,34.16,90.74,1,-1,-1,-1
209,2,510.95,871.65,37.16,98.79,1,-1,-1,-1
210,1,475.31,873.51,34.24,90.89,1,-1,-1,-1
210,2,511.02,871.51,36.85,98.01,1,-1,-1,-1
211,1,475.30,873.26,34.31,91.11,1,-1,-1,-1
211,2,511.18,871.44,36.23,96.30,1,-1,-1,-1
212,1,475.23,873.40,34.17,90.83,1,-1,-1,-1
212,2,510.65,871.62,36.01,95.93,1,-1,-1,-1
213,1,475.12,873.11,34.04,90.76,1,-1,-1,-1
213,2,510.70,871.01,35.17,93.55,1,-1,-1,-1
214,1,475.06,872.13,33.84,90.57,1,-1,-1,-1
214,2,510.78,870.56,34.53,91.65,1,-1,-1,-1
215,1,474.70,870.28,33.94,91.12,1,-1,-1,-1
215,2,510.66,869.69,34.71,92.07,1,-1,-1,-1
216,1,474.49,868.85,34.07,91.81,1,-1,-1,-1
216,2,510.75,868.93,34.70,91.97,1,-1,-1,-1
217,1,474.34,867.82,33.84,91.53,1,-1,-1,-1
217,2,510.87,868.03,34.71,92.03,1,-1,-1,-1
218,1,474.29,866.78,33.52,91.00,1,-1,-1,-1
218,2,510.95,866.49,34.94,92.83,1,-1,-1,-1
219,1,474.43,865.73,33.11,90.00,1,-1,-1,-1
219,2,511.14,865.29,35.02,93.29,1,-1,-1,-1
220,1,474.71,864.98,32.71,88.91,1,-1,-1,-1
220,2,511.31,864.72,34.91,93.26,1,-1,-1,-1
221,1,474.73,863.50,32.71,88.90,1,-1,-1,-1
221,2,511.30,864.25,35.02,93.83,1,-1,-1,-1
222,1,474.81,862.34,32.87,89.40,1,-1,-1,-1
222,2,511.25,863.68,35.18,94.52,1,-1,-1,-1
223,1,474.86,861.42,32.96,89.65,1,-1,-1,-1
223,2,511.34,863.35,35.19,94.73,1,-1,-1,-1
224,1,475.01,860.92,32.89,89.38,1,-1,-1,-1
224,2,511.48,863.07,35.22,94.91,1,-1,-1,-1
225,1,475.16,860.74,32.74,88.83,1,-1,-1,-1
225,2,511.78,862.43,35.30,95.18,1,-1,-1,-1
226,1,475.19,860.56,32.76,88.72,1,-1,-1,-1
226,2,512.00,861.88,35.39,95.50,1,-1,-1,-1
227,1,475.16,860.42,32.83,88.78,1,-1,-1,-1
227,2,512.23,861.20,35.63,96.32,1,-1,-1,-1
228,1,475.30,860.36,32.91,88.92,1,-1,-1,-1
228,2,512.46,860.83,35.80,96.81,1,-1,-1,-1
229,1,475.41,860.05,33.05,89.34,1,-1,-1,-1
229,2,512.85,860.30,35.82,96.69,1,-1,-1,-1
230,1,475.62,859.54,33.22,89.89,1,-1,-1,-1
230,2,513.47,859.29,35.25,94.71,1,-1,-1,-1
231,1,475.71,858.79,33.41,90.62,1,-1,-1,-1
231,2,514.25,858.53,34.34,91.46,1,-1,-1,-1
232,1,475.61,857.89,33.46,90.99,1,-1,-1,-1
232,2,514.57,857.50,34.16,90.11,1,-1,-1,-1
233,1,475.73,857.21,33.42,91.13,1,-1,-1,-1
233,2,514.69,856.17,34.18,89.15,1,-1,-1,-1
234,1,476.39,856.30,32.84,89.76,1,-1,-1,-1
234,2,514.63,854.88,34.70,89.74,1,-1,-1,-1
235,1,476.70,855.36,32.45,88.90,1,-1,-1,-1
235,2,515.00,854.41,34.53,88.50,1,-1,-1,-1
236,1,476.90,854.24,32.40,88.86,1,-1,-1,-1
236,2,515.12,853.83,34.87,88.78,1,-1,-1,-1
237,1,477.09,853.17,32.44,89.20,1,-1,-1,-1
237,2,515.18,853.24,35.49,90.02,1,-1,-1,-1
238,1,477.16,852.18,32.54,89.75,1,-1,-1,-1
238,2,515.22,852.92,35.76,90.39,1,-1,-1,-1
239,1,477.18,851.20,32.61,90.29,1,-1,-1,-1
239,2,515.07,852.83,36.01,90.73,1,-1,-1,-1
240,1,477.10,850.38,32.76,91.12,1,-1,-1,-1
240,2,515.21,853.04,35.87,89.95,1,-1,-1,-1
241,1,477.15,849.89,32.74,91.40,1,-1,-1,-1
241,2,515.17,853.07,36.00,89.92,1,-1,-1,-1
242,1,477.57,849.42,31.75,88.55,1,-1,-1,-1
242,2,515.21,852.47,36.15,90.21,1,-1,-1,-1
243,1,477.93,849.28,30.94,86.00,1,-1,-1,-1
243,2,515.26,852.05,36.23,90.33,1,-1,-1,-1
244,1,478.11,849.29,30.46,84.36,1,-1,-1,-1
244,2,515.09,851.62,36.43,90.88,1,-1,-1,-1
245,1,478.08,849.32,30.39,83.86,1,-1,-1,-1
245,2,515.88,850.46,35.25,87.59,1,-1,-1,-1
246,1,478.05,848.91,30.08,82.58,1,-1,-1,-1
246,2,516.47,849.77,34.45,85.27,1,-1,-1,-1
247,1,477.33,847.98,31.51,86.72,1,-1,-1,-1
247,2,516.80,849.09,34.06,84.11,1,-1,-1,-1
248,1,477.27,847.35,31.72,87.42,1,-1,-1,-1
248,2,516.97,847.83,34.14,84.23,1,-1,-1,-1
249,1,476.94,846.36,31.91,88.30,1,-1,-1,-1
249,2,516.79,846.25,34.49,85.14,1,-1,-1,-1
250,1,476.85,845.70,31.67,87.97,1,-1,-1,-1
250,2,516.93,845.24,34.83,86.29,1,-1,-1,-1
251,1,477.06,844.20,30.88,85.67,1,-1,-1,-1
251,2,517.21,844.52,34.94,86.99,1,-1,-1,-1
252,1,477.13,842.86,30.57,84.55,1,-1,-1,-1
252,2,517.42,843.47,35.10,87.87,1,-1,-1,-1
253,1,476.87,841.55,30.79,85.09,1,-1,-1,-1
253,2,517.75,842.96,35.01,88.08,1,-1,-1,-1
254,1,476.79,840.65,31.09,85.90,1,-1,-1,-1
254,2,518.21,842.80,34.44,86.94,1,-1,-1,-1
255,1,477.07,839.94,30.77,84.81,1,-1,-1,-1
255,2,519.03,842.70,33.45,84.44,1,-1,-1,-1
256,1,477.24,839.60,30.44,83.68,1,-1,-1,-1
256,2,519.65,842.62,32.93,83.00,1,-1,-1,-1
257,1,477.43,839.41,30.09,82.40,1,-1,-1,-1
257,2,519.89,842.76,33.07,83.30,1,-1,-1,-1
258,1,477.71,839.35,29.70,80.90,1,-1,-1,-1
258,2,520.14,842.44,33.27,83.88,1,-1,-1,-1
259,1,477.71,839.33,29.76,80.76,1,-1,-1,-1
259,2,520.38,841.95,33.45,84.40,1,-1,-1,-1
260,1,477.83,839.30,29.80,80.60,1,-1,-1,-1
260,2,520.47,841.58,33.89,85.62,1,-1,-1,-1
261,1,477.75,839.19,30.17,81.47,1,-1,-1,-1
261,2,521.00,840.49,33.78,85.33,1,-1,-1,-1
262,1,477.92,838.88,30.23,81.46,1,-1,-1,-1
262,2,521.76,839.67,33.55,84.57,1,-1,-1,-1
263,1,478.32,838.30,30.14,81.12,1,-1,-1,-1
263,2,521.84,838.23,33.69,84.66,1,-1,-1,-1
264,1,478.69,837.78,30.12,81.09,1,-1,-1,-1
264,2,521.80,837.37,33.87,84.79,1,-1,-1,-1
265,1,478.80,837.09,30.08,81.10,1,-1,-1,-1
265,2,521.86,836.49,34.20,85.34,1,-1,-1,-1
266,1,478.96,836.17,30.07,81.16,1,-1,-1,-1
266,2,521.88,836.08,34.46,85.86,1,-1,-1,-1
267,1,479.06,835.35,30.27,81.86,1,-1,-1,-1
267,2,521.82,835.94,34.57,86.00,1,-1,-1,-1
268,1,479.44,833.97,30.43,82.36,1,-1,-1,-1
268,2,521.71,835.29,34.84,86.61,1,-1,-1,-1
269,1,480.13,832.53,30.25,81.95,1,-1,-1,-1
269,2,521.62,834.77,34.97,86.95,1,-1,-1,-1
270,1,480.71,831.47,29.73,80.46,1,-1,-1,-1
270,2,521.61,834.58,34.93,86.91,1,-1,-1,-1
271,1,481.01,830.75,29.33,79.37,1,-1,-1,-1
271,2,521.24,834.56,34.94,87.02,1,-1,-1,-1
272,1,481.26,830.15,29.17,78.85,1,-1,-1,-1
272,2,520.56,833.65,34.95,87.04,1,-1,-1,-1
273,1,481.53,829.95,28.89,77.86,1,-1,-1,-1
273,2,520.09,833.20,34.86,86.88,1,-1,-1,-1
274,1,481.56,829.87,28.99,78.07,1,-1,-1,-1
274,2,519.83,832.97,34.89,87.01,1,-1,-1,-1
275,1,481.48,829.83,29.19,78.59,1,-1,-1,-1
275,2,519.54,832.32,34.95,87.39,1,-1,-1,-1
276,1,481.54,829.78,29.11,78.23,1,-1,-1,-1
276,2,519.47,831.61,34.72,87.00,1,-1,-1,-1
277,1,481.57,829.73,29.14,78.25,1,-1,-1,-1
277,2,519.84,830.82,33.94,84.99,1,-1,-1,-1
278,1,481.59,829.51,29.16,78.31,1,-1,-1,-1
278,2,519.99,829.65,33.35,83.48,1,-1,-1,-1
279,1,481.47,829.03,29.26,78.56,1,-1,-1,-1
279,2,520.09,828.46,32.92,82.38,1,-1,-1,-1
280,1,481.13,828.13,29.61,79.56,1,-1,-1,-1
280,2,520.26,827.30,32.65,81.76,1,-1,-1,-1
281,1,481.10,826.99,30.00,80.68,1,-1,-1,-1
281,2,520.59,826.72,32.07,80.30,1,-1,-1,-1
282,1,481.25,825.58,30.07,80.90,1,-1,-1,-1
282,2,520.65,825.86,31.84,79.68,1,-1,-1,-1
283,1,481.38,824.29,29.90,80.38,1,-1,-1,-1
283,2,520.60,825.34,31.98,80.17,1,-1,-1,-1
284,1,481.40,823.32,29.68,79.70,1,-1,-1,-1
284,2,520.57,825.35,31.96,80.21,1,-1,-1,-1
285,1,481.28,822.29,29.62,79.33,1,-1,-1,-1
285,2,520.00,824.93,32.57,81.99,1,-1,-1,-1
286,1,481.33,821.58,29.79,79.69,1,-1,-1,-1
286,2,519.91,824.52,32.49,82.02,1,-1,-1,-1
287,1,481.46,821.03,29.77,79.37,1,-1,-1,-1
287,2,519.90,824.07,32.34,81.84,1,-1,-1,-1
288,1,481.67,820.05,29.81,79.20,1,-1,-1,-1
288,2,519.83,823.57,32.53,82.54,1,-1,-1,-1
289,1,482.05,819.38,29.49,78.02,1,-1,-1,-1
289,2,519.69,822.94,32.73,83.34,1,-1,-1,-1
290,1,482.28,818.96,29.37,77.45,1,-1,-1,-1
290,2,519.69,822.35,32.67,83.42,1,-1,-1,-1
291,1,482.63,818.84,29.00,76.14,1,-1,-1,-1
291,2,519.90,821.32,31.98,81.70,1,-1,-1,-1
292,1,482.63,818.86,29.16,76.41,1,-1,-1,-1
292,2,520.09,820.74,31.52,80.43,1,-1,-1,-1
293,1,482.97,818.85,28.71,74.91,1,-1,-1,-1
293,2,520.03,819.58,31.22,79.47,1,-1,-1,-1
294,1,483.00,818.77,28.89,75.30,1,-1,-1,-1
294,2,519.97,818.99,30.97,78.45,1,-1,-1,-1
295,1,483.49,818.16,28.54,74.23,1,-1,-1,-1
295,2,519.69,817.95,31.20,78.73,1,-1,-1,-1
296,1,483.82,817.28,28.98,75.69,1,-1,-1,-1
296,2,519.37,817.34,31.34,78.89,1,-1,-1,-1
297,1,484.29,816.43,28.93,75.87,1,-1,-1,-1
297,2,519.00,816.50,31.56,79.32,1,-1,-1,-1
298,1,484.83,815.33,28.66,75.29,1,-1,-1,-1
298,2,518.43,815.91,31.86,80.03,1,-1,-1,-1
299,1,485.57,814.42,27.94,73.20,1,-1,-1,-1
299,2,518.16,815.63,31.73,79.72,1,-1,-1,-1
300,1,485.68,813.47,28.12,73.69,1,-1,-1,-1
300,2,517.89,815.04,31.95,80.30,1,-1,-1,-1
301,1,486.31,812.80,28.12,73.86,1,-1,-1,-1
301,2,517.65,814.83,31.92,80.28,1,-1,-1,-1
302,1,486.76,812.10,28.17,74.17,1,-1,-1,-1
302,2,517.54,814.53,31.85,79.91,1,-1,-1,-1
303,1,487.02,811.51,28.16,74.35,1,-1,-1,-1
303,2,517.36,814.19,31.68,79.39,1,-1,-1,-1
304,1,487.42,810.48,28.15,74.25,1,-1,-1,-1
304,2,517.22,813.92,31.18,78.09,1,-1,-1,-1
305,1,487.61,809.50,28.37,74.86,1,-1,-1,-1
305,2,517.08,813.56,30.76,76.93,1,-1,-1,-1
306,1,487.89,809.17,28.38,74.74,1,-1,-1,-1
306,2,516.76,812.96,30.91,77.44,1,-1,-1,-1
307,1,487.96,809.04,28.74,75.79,1,-1,-1,-1
307,2,516.83,812.17,30.75,77.36,1,-1,-1,-1
308,1,488.29,809.06,28.52,75.30,1,-1,-1,-1
308,2,516.93,810.72,30.62,77.40,1,-1,-1,-1
309,1,488.45,808.73,28.35,74.93,1,-1,-1,-1
309,2,517.09,809.70,30.26,76.72,1,-1,-1,-1
310,1,488.60,808.40,28.23,74.85,1,-1,-1,-1
310,2,517.03,808.57,30.05,76.54,1,-1,-1,-1
311,1,488.72,808.03,27.87,74.11,1,-1,-1,-1
311,2,517.07,808.04,29.81,76.23,1,-1,-1,-1
312,1,488.60,807.06,27.91,74.65,1,-1,-1,-1
312,2,516.96,807.22,29.68,76.07,1,-1,-1,-1
313,1,488.64,806.46,27.95,75.19,1,-1,-1,-1
313,2,516.98,806.30,29.77,76.72,1,-1,-1,-1
314,1,488.73,805.52,28.02,75.72,1,-1,-1,-1
314,2,517.29,805.95,29.52,76.47,1,-1,-1,-1
315,1,488.81,804.88,27.90,75.60,1,-1,-1,-1
315,2,517.66,805.80,29.06,75.59,1,-1,-1,-1
316,1,488.80,804.39,27.73,75.31,1,-1,-1,-1
316,2,518.06,805.75,28.47,74.30,1,-1,-1,-1
316,5,359.74,760.77,31.35,54.94,1,-1,-1,-1
317,1,489.01,803.76,27.46,74.61,1,-1,-1,-1
317,2,518.37,805.75,28.22,73.82,1,-1,-1,-1
317,5,360.10,762.70,29.18,51.02,1,-1,-1,-1
318,1,489.03,802.90,27.56,75.06,1,-1,-1,-1
318,2,518.57,805.76,28.02,73.44,1,-1,-1,-1
318,5,358.39,765.17,29.21,51.03,1,-1,-1,-1
319,1,489.20,802.01,27.48,74.97,1,-1,-1,-1
319,2,518.78,805.42,28.00,73.37,1,-1,-1,-1
319,5,356.26,767.29,30.85,54.33,1,-1,-1,-1
320,1,489.26,801.04,27.62,75.64,1,-1,-1,-1
320,2,518.85,804.96,28.20,73.85,1,-1,-1,-1
320,5,354.15,769.83,30.79,54.25,1,-1,-1,-1
321,1,489.54,800.12,27.98,76.85,1,-1,-1,-1
321,2,519.01,804.31,28.22,73.77,1,-1,-1,-1
321,5,353.46,771.48,30.13,52.98,1,-1,-1,-1
322,1,489.71,799.55,27.84,76.72,1,-1,-1,-1
322,2,519.06,803.49,28.44,74.26,1,-1,-1,-1
322,5,352.31,773.38,30.02,52.79,1,-1,-1,-1
323,1,490.25,799.30,26.91,73.97,1,-1,-1,-1
323,2,519.28,802.41,28.33,73.75,1,-1,-1,-1
324,1,490.40,799.16,26.65,73.14,1,-1,-1,-1
324,2,519.25,801.44,28.33,73.45,1,-1,-1,-1
325,1,490.65,799.10,26.60,73.05,1,-1,-1,-1
325,2,519.05,800.23,28.43,73.42,1,-1,-1,-1
325,8,349.42,779.99,27.46,56.23,1,-1,-1,-1
326,1,490.96,799.24,26.35,72.34,1,-1,-1,-1
326,2,518.81,798.78,28.77,74.11,1,-1,-1,-1
326,8,348.49,782.31,26.78,54.66,1,-1,-1,-1
327,1,491.32,799.40,26.16,71.84,1,-1,-1,-1
327,2,518.63,797.75,29.03,74.56,1,-1,-1,-1
327,8,347.24,784.63,25.52,51.60,1,-1,-1,-1
328,1,491.75,798.88,26.15,71.92,1,-1,-1,-1
328,2,518.68,796.82,29.21,74.81,1,-1,-1,-1
328,8,343.38,786.52,28.61,57.68,1,-1,-1,-1
329,1,491.95,797.93,26.37,72.69,1,-1,-1,-1
329,2,518.62,796.27,29.39,75.16,1,-1,-1,-1
329,8,340.62,788.99,32.14,65.10,1,-1,-1,-1
330,1,492.22,797.01,26.44,73.09,1,-1,-1,-1
330,2,518.41,795.92,29.43,74.98,1,-1,-1,-1
330,8,337.39,790.42,33.76,68.06,1,-1,-1,-1
331,1,492.61,795.98,26.52,73.49,1,-1,-1,-1
331,2,518.26,795.58,29.50,74.87,1,-1,-1,-1
331,8,335.57,792.38,33.38,66.47,1,-1,-1,-1
332,1,493.12,795.31,26.08,72.57,1,-1,-1,-1
332,2,517.94,795.37,29.71,75.09,1,-1,-1,-1
332,8,334.24,795.08,31.21,60.68,1,-1,-1,-1
333,1,493.54,794.64,25.86,72.17,1,-1,-1,-1
333,2,517.88,795.09,29.91,75.47,1,-1,-1,-1
333,8,333.97,797.02,31.82,61.47,1,-1,-1,-1
334,1,493.88,793.98,25.48,71.22,1,-1,-1,-1
334,2,517.88,794.91,30.03,75.75,1,-1,-1,-1
334,8,332.49,798.56,32.68,63.03,1,-1,-1,-1
335,1,494.02,793.17,25.41,71.23,1,-1,-1,-1
335,2,517.80,794.59,30.03,75.73,1,-1,-1,-1
335,8,331.86,803.32,31.31,59.81,1,-1,-1,-1
336,1,494.05,792.32,25.53,71.76,1,-1,-1,-1
336,2,517.76,794.15,30.05,75.89,1,-1,-1,-1
336,8,330.54,807.44,30.69,57.98,1,-1,-1,-1
337,1,494.04,791.84,25.66,72.25,1,-1,-1,-1
337,2,517.86,793.79,30.00,76.02,1,-1,-1,-1
337,8,327.56,808.60,31.63,59.06,1,-1,-1,-1
338,1,494.08,791.30,25.72,72.52,1,-1,-1,-1
338,2,518.15,793.32,29.72,75.58,1,-1,-1,-1
338,8,325.29,810.30,32.46,59.90,1,-1,-1,-1
339,1,494.17,790.82,25.56,72.11,1,-1,-1,-1
339,2,518.67,792.43,28.92,73.56,1,-1,-1,-1
339,8,322.26,813.13,35.30,65.00,1,-1,-1,-1
340,1,494.34,790.36,25.27,71.33,1,-1,-1,-1
340,2,519.08,791.69,28.43,72.27,1,-1,-1,-1
340,8,320.27,813.51,36.82,67.79,1,-1,-1,-1
340,10,320.64,848.56,29.44,57.85,1,-1,-1,-1
341,1,494.42,790.16,25.12,70.94,1,-1,-1,-1
341,2,519.20,790.65,28.34,71.94,1,-1,-1,-1
341,8,318.46,815.35,37.67,69.50,1,-1,-1,-1
341,10,318.72,847.18,31.39,61.67,1,-1,-1,-1
342,1,494.37,789.96,25.14,71.04,1,-1,-1,-1
342,2,519.28,789.42,28.48,72.20,1,-1,-1,-1
342,8,315.68,818.55,38.38,70.64,1,-1,-1,-1
343,1,494.26,789.86,25.13,71.10,1,-1,-1,-1
343,2,519.27,788.03,28.77,72.99,1,-1,-1,-1
343,8,314.27,821.49,38.03,69.76,1,-1,-1,-1
344,1,494.09,789.46,25.17,71.32,1,-1,-1,-1
344,2,519.31,787.37,28.92,73.49,1,-1,-1,-1
344,8,312.69,824.36,38.65,71.11,1,-1,-1,-1
345,1,493.96,788.81,25.23,71.68,1,-1,-1,-1
345,2,519.44,786.96,28.92,73.58,1,-1,-1,-1
345,8,311.82,828.70,38.02,70.33,1,-1,-1,-1
345,11,316.05,861.19,24.27,66.87,1,-1,-1,-1
346,1,493.73,787.87,25.39,72.39,1,-1,-1,-1
346,2,519.77,786.57,28.78,73.34,1,-1,-1,-1
346,8,310.39,831.42,37.56,69.60,1,-1,-1,-1
346,11,315.69,862.60,23.80,65.59,1,-1,-1,-1
347,1,493.72,787.25,25.24,72.21,1,-1,-1,-1
347,2,520.14,786.28,28.39,72.38,1,-1,-1,-1
347,8,307.74,834.78,38.26,71.01,1,-1,-1,-1
348,1,493.53,786.53,25.17,72.35,1,-1,-1,-1
348,2,520.56,785.89,27.95,71.08,1,-1,-1,-1
348,8,304.30,838.40,39.12,72.78,1,-1,-1,-1
349,1,493.50,785.80,24.96,71.97,1,-1,-1,-1
349,2,520.92,785.78,27.77,70.48,1,-1,-1,-1
349,8,301.37,841.54,40.22,74.64,1,-1,-1,-1
349,12,305.26,876.89,26.74,65.79,1,-1,-1,-1
350,1,493.52,784.89,24.73,71.42,1,-1,-1,-1
350,2,521.02,785.54,27.98,70.95,1,-1,-1,-1
350,8,298.00,843.61,40.68,74.62,1,-1,-1,-1
350,12,303.61,882.03,26.14,64.12,1,-1,-1,-1
351,1,493.48,783.80,24.79,71.76,1,-1,-1,-1
351,2,521.66,785.53,27.75,70.35,1,-1,-1,-1
351,8,295.97,847.32,40.86,74.36,1,-1,-1,-1
351,12,301.08,884.66,26.74,65.47,1,-1,-1,-1
352,1,493.30,782.80,25.02,72.74,1,-1,-1,-1
352,2,522.17,785.53,27.60,69.90,1,-1,-1,-1
352,8,292.64,850.97,42.22,76.56,1,-1,-1,-1
352,12,298.19,889.31,26.89,65.74,1,-1,-1,-1
353,1,493.20,781.69,25.17,73.45,1,-1,-1,-1
353,2,522.55,785.05,27.60,69.82,1,-1,-1,-1
353,8,290.51,854.27,42.62,76.87,1,-1,-1,-1
353,12,296.29,892.38,26.97,65.92,1,-1,-1,-1
354,1,493.49,781.22,25.14,73.47,1,-1,-1,-1
354,2,522.60,784.31,27.88,70.37,1,-1,-1,-1
354,8,288.38,858.16,42.32,75.61,1,-1,-1,-1
355,1,493.72,780.90,24.87,72.78,1,-1,-1,-1
355,2,522.71,783.38,28.19,71.07,1,-1,-1,-1
355,8,285.69,862.22,43.12,76.47,1,-1,-1,-1
356,1,493.96,780.71,24.76,72.46,1,-1,-1,-1
356,2,523.08,782.66,28.36,71.29,1,-1,-1,-1
356,8,282.27,865.91,44.28,78.17,1,-1,-1,-1
357,1,493.91,780.30,24.64,72.20,1,-1,-1,-1
357,2,523.37,782.05,28.39,71.13,1,-1,-1,-1
357,8,279.39,869.48,45.14,79.47,1,-1,-1,-1
358,1,494.13,780.47,24.33,71.17,1,-1,-1,-1
358,2,523.33,781.34,28.57,71.40,1,-1,-1,-1
358,8,275.85,872.99,46.30,81.33,1,-1,-1,-1
358,14,280.95,908.73,32.23,75.35,1,-1,-1,-1
359,1,494.18,780.52,24.33,71.15,1,-1,-1,-1
359,2,523.28,780.86,28.67,71.46,1,-1,-1,-1
359,8,273.29,877.09,46.69,81.98,1,-1,-1,-1
359,14,277.37,912.19,33.75,78.80,1,-1,-1,-1
360,1,494.35,780.24,24.14,70.39,1,-1,-1,-1
360,2,523.31,780.36,28.70,71.35,1,-1,-1,-1
360,8,270.52,881.27,47.10,82.52,1,-1,-1,-1
360,14,275.00,913.31,34.92,81.53,1,-1,-1,-1
361,1,494.18,779.45,24.69,72.02,1,-1,-1,-1
361,2,523.13,779.98,28.81,71.41,1,-1,-1,-1
361,8,267.02,885.41,47.13,82.14,1,-1,-1,-1
362,1,494.22,779.05,24.54,71.71,1,-1,-1,-1
362,2,523.35,779.66,28.80,71.43,1,-1,-1,-1
362,8,262.56,889.42,48.71,84.59,1,-1,-1,-1
363,1,494.45,778.61,24.25,70.97,1,-1,-1,-1
363,2,523.35,779.34,28.86,71.63,1,-1,-1,-1
363,8,259.97,894.04,49.59,86.06,1,-1,-1,-1
364,1,495.02,778.08,23.90,69.94,1,-1,-1,-1
364,2,523.29,779.06,28.92,71.77,1,-1,-1,-1
364,8,256.97,898.50,50.29,87.15,1,-1,-1,-1
365,1,495.71,777.37,22.97,66.83,1,-1,-1,-1
365,2,523.15,778.83,28.93,71.71,1,-1,-1,-1
365,8,254.26,902.98,51.33,89.58,1,-1,-1,-1
366,1,496.14,776.97,22.62,65.30,1,-1,-1,-1
366,2,523.08,778.77,28.89,71.53,1,-1,-1,-1
366,8,249.91,907.55,51.77,89.83,1,-1,-1,-1
367,1,496.25,775.89,22.70,65.05,1,-1,-1,-1
367,2,522.68,778.68,28.91,71.45,1,-1,-1,-1
367,8,244.33,912.55,52.90,90.67,1,-1,-1,-1
368,1,496.01,775.05,23.31,66.45,1,-1,-1,-1
368,2,522.69,778.45,28.78,71.11,1,-1,-1,-1
368,8,240.09,917.50,54.66,93.35,1,-1,-1,-1
369,1,496.25,773.99,23.24,65.77,1,-1,-1,-1
369,2,522.67,777.99,28.76,71.25,1,-1,-1,-1
369,8,236.91,922.81,54.29,91.95,1,-1,-1,-1
370,1,496.11,773.29,23.71,66.85,1,-1,-1,-1
370,2,522.66,777.30,28.64,71.05,1,-1,-1,-1
370,8,232.52,928.34,56.89,96.40,1,-1,-1,-1
371,1,496.16,772.68,23.98,67.53,1,-1,-1,-1
371,2,522.99,776.54,28.54,71.00,1,-1,-1,-1
371,8,229.93,933.23,56.99,96.85,1,-1,-1,-1
372,1,496.31,772.44,23.74,66.68,1,-1,-1,-1
372,2,523.14,775.89,28.53,71.27,1,-1,-1,-1
372,8,228.55,938.98,56.29,96.34,1,-1,-1,-1
373,1,496.46,772.21,23.60,65.99,1,-1,-1,-1
373,2,523.21,775.16,28.48,71.38,1,-1,-1,-1
373,8,226.60,944.92,59.03,103.91,1,-1,-1,-1
374,1,496.25,772.10,23.91,66.72,1,-1,-1,-1
374,2,523.33,774.54,28.37,71.25,1,-1,-1,-1
374,8,222.45,950.60,60.16,108.10,1,-1,-1,-1
375,1,496.49,772.06,23.46,65.14,1,-1,-1,-1
375,2,523.46,774.11,28.10,70.75,1,-1,-1,-1
375,8,219.23,955.37,61.23,110.03,1,-1,-1,-1
376,1,496.65,771.90,23.05,63.61,1,-1,-1,-1
376,2,523.70,773.80,27.71,69.81,1,-1,-1,-1
377,1,496.62,771.61,22.97,63.04,1,-1,-1,-1
377,2,523.85,773.67,27.53,69.42,1,-1,-1,-1
378,1,496.53,771.20,23.03,62.93,1,-1,-1,-1
378,2,524.10,773.58,27.28,68.91,1,-1,-1,-1
378,18,198.08,972.65,66.13,121.93,1,-1,-1,-1
379,1,496.41,770.78,23.23,63.37,1,-1,-1,-1
379,2,524.41,773.37,26.88,67.93,1,-1,-1,-1
379,18,195.77,980.95,63.60,117.37,1,-1,-1,-1
380,1,496.27,770.04,23.53,64.10,1,-1,-1,-1
380,2,524.66,773.26,26.43,66.75,1,-1,-1,-1
380,18,193.46,988.46,63.00,116.41,1,-1,-1,-1
381,1,496.20,769.41,23.55,63.98,1,-1,-1,-1
381,2,524.99,772.90,26.16,65.98,1,-1,-1,-1
381,18,188.80,994.66,61.74,114.05,1,-1,-1,-1
382,1,495.94,768.56,23.78,64.38,1,-1,-1,-1
382,2,524.76,772.75,26.84,67.87,1,-1,-1,-1
382,18,179.24,1002.29,64.02,118.98,1,-1,-1,-1
383,1,495.89,767.66,23.92,64.57,1,-1,-1,-1
383,2,524.82,772.53,26.96,68.31,1,-1,-1,-1
383,18,173.03,1009.87,63.96,118.71,1,-1,-1,-1
384,1,496.07,766.87,23.97,64.51,1,-1,-1,-1
384,2,525.26,772.18,26.21,66.17,1,-1,-1,-1
384,18,168.31,1016.05,64.10,118.97,1,-1,-1,-1
385,1,496.28,765.96,24.15,64.89,1,-1,-1,-1
385,2,525.52,771.70,25.92,65.23,1,-1,-1,-1
386,1,496.59,765.30,24.19,64.87,1,-1,-1,-1
386,2,525.83,771.76,25.41,63.44,1,-1,-1,-1
387,1,496.69,764.60,24.28,65.08,1,-1,-1,-1
387,2,525.96,771.83,25.37,62.96,1,-1,-1,-1
387,19,150.43,1090.45,70.44,120.48,1,-1,-1,-1
387,20,150.26,1041.07,71.11,131.36,1,-1,-1,-1
388,1,496.70,764.07,24.22,64.88,1,-1,-1,-1
388,2,525.98,771.56,25.40,62.61,1,-1,-1,-1
388,19,148.31,1096.03,70.27,120.19,1,-1,-1,-1
388,20,146.07,1049.41,71.04,131.08,1,-1,-1,-1
389,1,496.94,763.96,23.97,63.98,1,-1,-1,-1
389,2,526.01,771.46,25.50,62.36,1,-1,-1,-1
389,20,138.25,1058.23,71.11,131.52,1,-1,-1,-1
390,1,497.02,764.07,23.98,63.90,1,-1,-1,-1
390,2,525.85,770.99,25.80,62.58,1,-1,-1,-1
390,20,132.61,1067.07,72.82,134.49,1,-1,-1,-1
391,1,497.20,763.97,24.24,64.78,1,-1,-1,-1
391,2,525.73,770.72,26.03,62.72,1,-1,-1,-1
391,20,125.55,1075.77,72.79,134.28,1,-1,-1,-1
392,1,497.53,764.01,24.14,64.75,1,-1,-1,-1
392,2,525.63,770.63,26.41,63.23,1,-1,-1,-1
392,20,117.85,1084.93,75.01,138.07,1,-1,-1,-1
393,1,497.69,764.02,24.10,64.88,1,-1,-1,-1
393,2,525.61,770.74,26.60,63.29,1,-1,-1,-1
393,20,113.16,1094.45,77.52,142.13,1,-1,-1,-1
394,1,497.87,764.04,24.01,64.80,1,-1,-1,-1
394,2,525.58,770.83,26.67,63.09,1,-1,-1,-1
394,20,103.82,1104.35,77.08,141.46,1,-1,-1,-1
395,1,498.20,763.84,23.94,64.86,1,-1,-1,-1
395,2,525.61,770.76,26.57,62.41,1,-1,-1,-1
395,20,98.56,1114.62,75.85,138.64,1,-1,-1,-1
396,1,498.53,763.68,23.84,64.84,1,-1,-1,-1
396,2,525.68,770.55,26.52,61.98,1,-1,-1,-1
396,20,90.06,1124.78,78.20,142.93,1,-1,-1,-1
397,1,498.97,763.22,23.81,64.96,1,-1,-1,-1
397,2,525.53,770.49,26.49,61.51,1,-1,-1,-1
397,20,82.35,1135.55,78.03,142.33,1,-1,-1,-1
398,1,499.46,762.46,23.48,64.14,1,-1,-1,-1
398,2,525.24,770.44,26.66,61.57,1,-1,-1,-1
398,20,78.62,1147.02,76.02,135.63,1,-1,-1,-1
399,1,499.98,761.80,23.11,62.98,1,-1,-1,-1
399,2,524.73,770.21,26.89,61.73,1,-1,-1,-1
399,20,71.47,1157.89,72.00,125.76,1,-1,-1,-1
400,1,500.08,761.08,23.19,63.07,1,-1,-1,-1
400,2,524.31,769.83,27.06,61.49,1,-1,-1,-1
400,20,66.17,1170.16,67.10,113.24,1,-1,-1,-1
401,1,500.28,760.01,23.31,63.44,1,-1,-1,-1
401,2,524.19,769.63,27.11,61.11,1,-1,-1,-1
401,20,60.27,1182.88,61.91,99.87,1,-1,-1,-1
402,1,500.49,759.35,23.39,63.76,1,-1,-1,-1
402,2,524.13,769.50,26.82,59.90,1,-1,-1,-1
402,20,58.64,1195.75,57.40,86.44,1,-1,-1,-1
403,1,500.66,758.51,23.44,64.10,1,-1,-1,-1
403,2,524.21,769.33,26.57,58.87,1,-1,-1,-1
403,20,57.74,1208.49,52.67,73.13,1,-1,-1,-1
404,1,500.73,757.89,23.48,64.53,1,-1,-1,-1
404,2,524.41,768.98,26.42,58.12,1,-1,-1,-1
404,20,54.44,1219.49,47.74,66.28,1,-1,-1,-1
405,1,500.85,757.54,23.44,64.63,1,-1,-1,-1
405,2,525.01,768.48,26.14,57.20,1,-1,-1,-1
406,1,501.02,757.39,23.37,64.75,1,-1,-1,-1
406,2,525.46,768.34,26.04,56.86,1,-1,-1,-1
407,1,501.14,757.41,23.32,64.91,1,-1,-1,-1
407,2,525.56,768.07,26.14,56.91,1,-1,-1,-1
408,1,501.22,757.45,23.22,64.99,1,-1,-1,-1
408,2,525.74,768.01,26.17,56.78,1,-1,-1,-1
409,1,501.25,757.49,23.08,64.95,1,-1,-1,-1
409,2,525.97,768.01,26.14,56.50,1,-1,-1,-1
410,1,501.25,757.52,22.95,64.91,1,-1,-1,-1
410,2,526.24,768.02,26.01,56.06,1,-1,-1,-1
411,1,501.30,757.37,22.86,64.93,1,-1,-1,-1
411,2,526.33,768.05,26.07,56.09,1,-1,-1,-1
412,1,501.29,756.97,22.77,65.02,1,-1,-1,-1
412,2,526.54,768.15,25.80,55.37,1,-1,-1,-1
413,1,501.40,755.99,22.78,65.40,1,-1,-1,-1
413,2,526.57,768.14,25.95,55.60,1,-1,-1,-1
414,1,501.74,754.87,22.52,64.88,1,-1,-1,-1
414,2,526.55,768.08,26.12,55.82,1,-1,-1,-1
415,1,502.10,754.50,22.21,64.00,1,-1,-1,-1
415,2,526.63,768.08,26.04,55.47,1,-1,-1,-1
416,1,502.41,753.67,22.02,63.33,1,-1,-1,-1
416,2,526.69,768.27,25.92,55.03,1,-1,-1,-1
417,1,502.74,753.13,21.60,62.03,1,-1,-1,-1
417,2,526.92,768.42,25.51,53.73,1,-1,-1,-1
418,1,503.33,752.82,21.20,60.68,1,-1,-1,-1
418,2,526.86,768.48,25.18,52.66,1,-1,-1,-1
419,1,503.69,752.36,21.26,60.54,1,-1,-1,-1
419,2,526.73,768.71,25.09,52.12,1,-1,-1,-1
420,1,503.83,751.93,21.40,60.80,1,-1,-1,-1
420,2,526.61,768.84,25.11,51.78,1,-1,-1,-1
421,1,503.93,751.67,21.47,60.92,1,-1,-1,-1
421,2,526.40,768.98,25.20,51.58,1,-1,-1,-1
422,1,503.95,751.53,21.82,61.68,1,-1,-1,-1
422,2,526.38,769.31,25.35,51.53,1,-1,-1,-1
423,1,504.03,751.66,21.87,61.54,1,-1,-1,-1
423,2,526.35,769.46,25.46,51.46,1,-1,-1,-1
424,1,504.30,751.98,21.46,59.91,1,-1,-1,-1
424,2,526.66,769.63,25.35,51.13,1,-1,-1,-1
425,1,504.51,752.45,21.41,59.36,1,-1,-1,-1
425,2,526.82,769.57,25.25,50.79,1,-1,-1,-1
426,1,504.86,752.95,21.28,58.49,1,-1,-1,-1
426,2,527.11,769.50,25.20,50.70,1,-1,-1,-1
427,1,505.18,753.21,21.29,58.02,1,-1,-1,-1
427,2,527.46,769.30,24.97,50.36,1,-1,-1,-1
428,1,505.53,753.69,21.26,57.43,1,-1,-1,-1
428,2,527.63,769.15,24.86,50.32,1,-1,-1,-1
429,1,505.74,754.12,21.37,57.23,1,-1,-1,-1
429,2,527.63,769.16,24.82,50.35,1,-1,-1,-1
430,1,505.96,754.63,21.43,57.07,1,-1,-1,-1
430,2,527.82,769.53,24.60,50.04,1,-1,-1,-1
431,1,506.24,754.68,21.48,57.05,1,-1,-1,-1
431,2,527.96,769.77,24.36,49.72,1,-1,-1,-1
432,1,506.40,754.14,21.50,56.97,1,-1,-1,-1
432,2,527.79,769.68,24.34,49.95,1,-1,-1,-1
433,1,506.66,753.89,21.31,56.34,1,-1,-1,-1
433,2,527.48,769.90,24.10,49.80,1,-1,-1,-1
434,1,507.07,753.68,21.03,55.65,1,-1,-1,-1
434,2,526.92,769.82,24.08,49.86,1,-1,-1,-1
435,1,507.23,753.22,20.87,55.40,1,-1,-1,-1
435,2,526.98,769.87,23.79,49.37,1,-1,-1,-1
