3,1,125.13,440.01,174.07,119.08,1,-1,-1,-1
3,2,32.63,366.21,67.27,48.97,1,-1,-1,-1
3,3,1706.89,518.98,857.31,468.03,1,-1,-1,-1
4,1,120.80,436.52,169.03,115.51,1,-1,-1,-1
4,2,30.92,364.43,68.22,49.68,1,-1,-1,-1
4,3,1707.06,518.95,857.12,468.09,1,-1,-1,-1
5,1,115.46,434.04,163.15,111.50,1,-1,-1,-1
5,2,28.53,363.89,68.65,49.92,1,-1,-1,-1
5,3,1707.87,518.95,855.49,467.36,1,-1,-1,-1
6,1,109.46,431.17,159.41,108.89,1,-1,-1,-1
6,2,25.27,362.32,68.83,50.00,1,-1,-1,-1
6,3,1708.25,518.96,854.71,467.10,1,-1,-1,-1
7,1,104.93,428.90,154.51,105.30,1,-1,-1,-1
7,2,23.41,361.81,66.99,48.63,1,-1,-1,-1
7,3,1708.47,518.97,854.22,467.01,1,-1,-1,-1
8,1,100.37,426.13,151.03,102.80,1,-1,-1,-1
8,2,22.64,360.98,67.43,48.83,1,-1,-1,-1
8,3,1708.08,518.97,854.98,467.67,1,-1,-1,-1
9,1,95.17,423.18,147.88,100.67,1,-1,-1,-1
9,2,20.97,360.13,67.25,48.69,1,-1,-1,-1
9,3,1708.08,518.98,854.97,467.91,1,-1,-1,-1
10,1,91.21,420.87,143.29,97.28,1,-1,-1,-1
10,3,1708.21,518.98,854.68,468.00,1,-1,-1,-1
11,1,86.97,417.40,141.06,95.52,1,-1,-1,-1
11,3,1709.31,519.66,853.13,467.35,1,-1,-1,-1
12,1,83.02,414.22,139.51,94.33,1,-1,-1,-1
12,3,1709.83,519.91,852.33,467.11,1,-1,-1,-1
13,1,78.74,412.51,136.33,91.96,1,-1,-1,-1
13,3,1710.13,520.00,851.82,467.02,1,-1,-1,-1
14,1,73.88,409.97,134.14,90.53,1,-1,-1,-1
14,3,1709.79,520.03,852.51,467.66,1,-1,-1,-1
15,1,70.42,407.80,130.46,88.07,1,-1,-1,-1
15,3,1709.80,520.04,852.50,467.90,1,-1,-1,-1
16,1,67.23,406.45,127.42,85.92,1,-1,-1,-1
16,3,1709.92,520.04,852.25,467.98,1,-1,-1,-1
16,4,34.83,622.88,104.05,320.94,1,-1,-1,-1
17,1,64.90,404.71,123.73,83.19,1,-1,-1,-1
17,3,1710.08,520.03,851.92,468.01,1,-1,-1,-1
17,4,56.90,603.26,126.71,376.20,1,-1,-1,-1
18,1,62.03,402.13,121.50,81.63,1,-1,-1,-1
18,3,1710.24,520.03,851.59,468.02,1,-1,-1,-1
18,4,91.58,602.94,147.95,409.54,1,-1,-1,-1
19,1,58.98,399.94,119.04,79.80,1,-1,-1,-1
19,3,1710.40,520.03,851.27,468.03,1,-1,-1,-1
19,4,133.78,613.86,173.67,433.76,1,-1,-1,-1
20,1,55.18,397.88,117.20,78.56,1,-1,-1,-1
20,3,1710.54,520.02,850.97,468.02,1,-1,-1,-1
20,4,156.24,606.42,186.25,465.18,1,-1,-1,-1
21,1,51.90,396.55,114.64,76.84,1,-1,-1,-1
21,3,1711.85,520.68,847.68,466.04,1,-1,-1,-1
22,1,49.80,394.81,111.92,74.94,1,-1,-1,-1
22,3,1712.26,520.93,846.62,465.29,1,-1,-1,-1
22,5,95.16,643.20,704.74,540.38,1,-1,-1,-1
23,1,46.82,392.91,111.02,74.34,1,-1,-1,-1
23,3,1712.70,521.02,846.30,465.01,1,-1,-1,-1
23,5,159.28,650.10,777.48,586.06,1,-1,-1,-1
24,1,43.40,390.27,109.66,73.52,1,-1,-1,-1
24,3,1712.30,521.05,847.32,465.58,1,-1,-1,-1
24,5,258.36,662.85,868.84,640.12,1,-1,-1,-1
25,1,41.16,388.72,106.80,71.95,1,-1,-1,-1
25,3,1712.65,521.71,846.69,465.14,1,-1,-1,-1
25,5,396.86,682.75,964.57,691.14,1,-1,-1,-1
26,1,39.46,387.56,103.86,70.09,1,-1,-1,-1
26,3,1709.58,521.96,848.23,465.64,1,-1,-1,-1
26,5,561.93,698.78,1073.68,745.36,1,-1,-1,-1
27,1,38.10,386.56,101.93,68.80,1,-1,-1,-1
27,3,1714.26,522.05,840.45,460.55,1,-1,-1,-1
27,5,762.87,721.42,1190.82,798.11,1,-1,-1,-1
28,1,36.89,385.59,98.26,66.37,1,-1,-1,-1
28,3,1729.66,521.41,817.56,446.02,1,-1,-1,-1
28,5,939.67,744.14,1308.44,852.70,1,-1,-1,-1
29,1,35.48,385.33,94.48,63.51,1,-1,-1,-1
29,3,1746.55,522.50,789.45,427.16,1,-1,-1,-1
29,5,1075.58,765.54,1376.60,887.29,1,-1,-1,-1
30,1,33.20,382.56,94.96,63.95,1,-1,-1,-1
30,3,1792.64,523.58,686.47,357.32,1,-1,-1,-1
30,5,1271.30,788.32,1305.80,839.91,1,-1,-1,-1
31,1,29.46,379.60,95.80,64.82,1,-1,-1,-1
31,3,1770.96,521.81,726.34,372.45,1,-1,-1,-1
31,5,1477.69,817.77,1219.61,798.41,1,-1,-1,-1
32,1,28.16,379.25,92.89,63.18,1,-1,-1,-1
32,3,1715.97,521.26,837.95,432.29,1,-1,-1,-1
32,5,1672.45,851.57,1170.81,800.77,1,-1,-1,-1
33,1,27.61,379.90,88.23,59.93,1,-1,-1,-1
33,3,1696.03,521.07,873.96,452.94,1,-1,-1,-1
33,5,1806.38,868.98,1206.71,825.32,1,-1,-1,-1
34,1,26.67,379.53,85.62,58.12,1,-1,-1,-1
34,3,1691.02,520.99,886.92,462.01,1,-1,-1,-1
35,1,25.86,378.77,83.85,56.85,1,-1,-1,-1
35,3,1690.41,520.97,889.33,465.43,1,-1,-1,-1
36,1,22.32,375.82,85.20,57.83,1,-1,-1,-1
36,3,1691.42,520.96,887.79,466.59,1,-1,-1,-1
37,1,19.22,373.46,85.49,58.22,1,-1,-1,-1
37,3,1692.20,520.96,885.12,466.89,1,-1,-1,-1
38,1,17.74,371.97,83.84,57.07,1,-1,-1,-1
38,3,1693.47,520.96,882.15,466.86,1,-1,-1,-1
39,1,15.46,369.47,84.92,58.04,1,-1,-1,-1
39,3,1695.22,520.97,879.16,466.72,1,-1,-1,-1
40,1,11.07,365.94,87.95,60.41,1,-1,-1,-1
40,3,1696.72,520.97,876.37,466.55,1,-1,-1,-1
41,1,10.14,365.99,85.21,58.69,1,-1,-1,-1
41,3,1697.50,520.97,874.87,467.04,1,-1,-1,-1
42,1,9.02,365.45,83.97,58.04,1,-1,-1,-1
42,3,1697.25,519.66,874.11,467.79,1,-1,-1,-1
43,1,7.92,365.31,80.41,55.82,1,-1,-1,-1
43,3,1695.62,518.51,874.91,469.31,1,-1,-1,-1
44,1,6.90,365.33,77.18,53.67,1,-1,-1,-1
44,3,1696.44,519.39,871.04,467.83,1,-1,-1,-1
45,1,5.65,364.04,76.64,53.60,1,-1,-1,-1
45,3,1697.75,515.12,867.59,466.53,1,-1,-1,-1
46,1,5.63,363.61,74.40,52.26,1,-1,-1,-1
46,3,1694.80,512.86,866.59,465.98,1,-1,-1,-1
47,1,4.83,362.83,73.36,51.80,1,-1,-1,-1
47,3,1682.37,507.40,876.34,471.00,1,-1,-1,-1
48,1,4.44,363.27,72.01,50.99,1,-1,-1,-1
48,3,1676.17,509.98,873.24,467.60,1,-1,-1,-1
49,1,4.33,362.80,71.63,50.73,1,-1,-1,-1
49,3,1667.11,513.66,872.35,464.24,1,-1,-1,-1
50,1,3.90,362.66,69.72,49.32,1,-1,-1,-1
50,3,1652.32,515.08,878.39,463.61,1,-1,-1,-1
51,1,3.62,363.32,68.09,48.16,1,-1,-1,-1
51,3,1636.81,516.95,885.57,462.69,1,-1,-1,-1
52,1,3.54,362.92,68.29,48.45,1,-1,-1,-1
52,3,1614.79,518.32,896.47,462.32,1,-1,-1,-1
53,1,3.33,362.79,67.46,47.91,1,-1,-1,-1
53,3,1584.77,518.18,913.32,463.50,1,-1,-1,-1
54,1,3.44,362.76,66.26,47.07,1,-1,-1,-1
54,3,1552.19,518.77,931.66,463.93,1,-1,-1,-1
55,1,4.04,362.78,64.13,45.44,1,-1,-1,-1
55,3,1512.65,517.67,956.67,466.07,1,-1,-1,-1
56,1,4.67,362.80,62.65,44.19,1,-1,-1,-1
56,3,1468.00,517.25,982.12,466.20,1,-1,-1,-1
57,1,4.94,362.83,62.12,43.78,1,-1,-1,-1
57,3,1415.29,517.09,1017.39,469.53,1,-1,-1,-1
58,1,4.63,362.17,62.83,44.34,1,-1,-1,-1
58,3,1363.17,516.37,1052.07,470.77,1,-1,-1,-1
59,1,4.95,362.61,62.27,43.90,1,-1,-1,-1
59,3,1286.49,516.10,1087.37,471.87,1,-1,-1,-1
60,1,5.07,362.79,62.13,43.76,1,-1,-1,-1
60,3,1191.07,516.00,1124.87,475.54,1,-1,-1,-1
61,1,6.16,365.54,58.70,41.06,1,-1,-1,-1
61,3,1088.51,515.96,1151.40,476.25,1,-1,-1,-1
62,1,10.32,367.96,56.15,39.39,1,-1,-1,-1
62,3,968.16,511.34,1189.46,483.71,1,-1,-1,-1
63,1,12.75,368.81,54.07,38.15,1,-1,-1,-1
63,3,848.10,507.64,1219.20,489.11,1,-1,-1,-1
64,1,13.47,369.30,52.70,37.18,1,-1,-1,-1
64,3,738.80,512.80,1226.36,484.55,1,-1,-1,-1
65,3,572.75,472.58,1331.81,526.26,1,-1,-1,-1
66,3,504.42,468.05,1346.41,532.03,1,-1,-1,-1
69,8,61.48,519.56,1373.00,482.03,1,-1,-1,-1
70,8,-36.96,519.29,1375.76,484.38,1,-1,-1,-1
71,8,-105.22,525.05,1365.77,484.38,1,-1,-1,-1
72,8,-149.34,526.25,1323.69,475.03,1,-1,-1,-1
73,8,-188.00,528.69,1288.11,470.32,1,-1,-1,-1
74,8,-228.43,531.55,1251.13,468.05,1,-1,-1,-1
75,8,-268.88,535.24,1211.49,468.01,1,-1,-1,-1
75,10,2322.47,593.99,165.35,380.76,1,-1,-1,-1
76,8,-304.96,537.17,1162.02,467.41,1,-1,-1,-1
76,10,2253.40,547.52,198.57,437.02,1,-1,-1,-1
77,8,-274.86,599.90,981.05,411.90,1,-1,-1,-1
77,10,2186.54,520.60,226.37,465.33,1,-1,-1,-1
78,8,-328.50,610.58,959.21,402.73,1,-1,-1,-1
78,10,2117.15,514.11,252.55,471.25,1,-1,-1,-1
79,10,2042.39,511.50,284.26,470.84,1,-1,-1,-1
80,10,1962.25,509.44,324.14,469.85,1,-1,-1,-1
81,10,1878.22,510.69,372.53,468.99,1,-1,-1,-1
82,10,1783.47,511.14,431.74,471.00,1,-1,-1,-1
83,10,1679.93,512.47,500.09,472.97,1,-1,-1,-1
84,10,1571.74,512.78,574.66,474.35,1,-1,-1,-1
85,10,1413.12,511.32,647.64,478.19,1,-1,-1,-1
86,10,1233.41,507.16,720.62,486.98,1,-1,-1,-1
86,14,207.17,721.96,623.33,818.19,1,-1,-1,-1
87,10,1058.48,507.13,769.58,478.88,1,-1,-1,-1
87,14,376.38,709.45,665.38,830.06,1,-1,-1,-1
88,10,893.62,512.08,794.39,455.37,1,-1,-1,-1
88,14,548.41,693.82,740.96,855.21,1,-1,-1,-1
89,10,800.47,506.89,805.24,461.58,1,-1,-1,-1
89,14,670.78,674.10,761.47,878.88,1,-1,-1,-1
92,15,187.39,520.75,994.95,480.81,1,-1,-1,-1
92,16,1077.59,688.65,1791.18,835.70,1,-1,-1,-1
93,15,94.43,524.74,1007.72,484.17,1,-1,-1,-1
93,16,1310.49,692.85,1730.43,826.00,1,-1,-1,-1
94,15,26.78,526.02,984.33,471.99,1,-1,-1,-1
94,16,1455.66,694.57,1714.64,818.47,1,-1,-1,-1
95,15,-46.41,529.99,972.59,469.22,1,-1,-1,-1
95,18,1995.83,527.06,611.59,311.05,1,-1,-1,-1
96,15,-114.41,535.51,955.85,468.38,1,-1,-1,-1
96,18,1931.00,523.32,630.38,319.48,1,-1,-1,-1
97,15,-121.11,596.93,819.31,408.61,1,-1,-1,-1
97,18,1868.08,521.18,642.50,321.93,1,-1,-1,-1
98,15,-162.18,624.54,755.50,388.83,1,-1,-1,-1
98,18,1808.57,521.10,652.88,320.21,1,-1,-1,-1
99,15,-189.12,635.07,663.06,356.56,1,-1,-1,-1
99,18,1722.43,521.17,665.73,318.50,1,-1,-1,-1
100,15,-242.68,649.81,631.62,339.66,1,-1,-1,-1
100,18,1608.20,521.26,680.79,317.74,1,-1,-1,-1
101,18,1495.37,520.04,694.36,316.83,1,-1,-1,-1
102,18,1385.71,520.94,704.16,313.97,1,-1,-1,-1
103,18,1277.05,520.67,713.39,311.74,1,-1,-1,-1
104,18,1167.05,519.29,723.98,311.18,1,-1,-1,-1
105,18,1068.91,520.77,724.76,306.05,1,-1,-1,-1
106,18,965.86,519.39,731.42,305.11,1,-1,-1,-1
107,18,879.51,521.54,725.68,298.61,1,-1,-1,-1
108,18,798.66,523.72,721.58,293.26,1,-1,-1,-1
109,18,713.90,523.22,723.59,291.80,1,-1,-1,-1
110,18,637.36,523.04,721.22,289.18,1,-1,-1,-1
110,23,311.20,769.92,642.02,652.40,1,-1,-1,-1
111,18,578.02,521.64,696.31,276.81,1,-1,-1,-1
111,23,535.77,765.45,689.35,659.06,1,-1,-1,-1
112,18,510.72,521.79,693.37,274.77,1,-1,-1,-1
112,23,912.44,761.07,739.76,662.69,1,-1,-1,-1
113,18,448.97,519.85,697.78,277.39,1,-1,-1,-1
113,23,1296.69,760.04,783.60,661.98,1,-1,-1,-1
114,18,389.42,515.82,697.09,279.05,1,-1,-1,-1
114,23,1575.09,761.46,797.52,655.05,1,-1,-1,-1
115,18,337.40,511.67,690.39,279.02,1,-1,-1,-1
115,23,1817.26,760.24,779.71,643.27,1,-1,-1,-1
116,18,294.03,507.49,676.99,277.01,1,-1,-1,-1
116,23,2080.90,772.37,671.39,573.72,1,-1,-1,-1
117,18,255.21,503.97,662.32,274.93,1,-1,-1,-1
117,23,2335.59,770.50,660.24,564.19,1,-1,-1,-1
118,18,224.14,501.39,640.16,270.17,1,-1,-1,-1
119,18,201.40,499.83,606.95,260.39,1,-1,-1,-1
120,18,183.08,497.31,577.85,252.06,1,-1,-1,-1
121,18,165.08,495.80,551.64,245.04,1,-1,-1,-1
122,18,145.65,491.26,531.95,241.25,1,-1,-1,-1
123,18,130.58,487.66,509.20,235.94,1,-1,-1,-1
124,18,120.20,485.08,480.49,227.38,1,-1,-1,-1
125,18,110.08,480.85,457.90,221.68,1,-1,-1,-1
126,18,102.48,476.70,434.06,215.04,1,-1,-1,-1
126,25,343.14,740.99,643.58,586.63,1,-1,-1,-1
127,18,94.13,473.27,414.42,210.11,1,-1,-1,-1
127,25,716.44,734.14,681.52,592.74,1,-1,-1,-1
128,18,87.67,468.74,394.94,205.12,1,-1,-1,-1
128,25,1157.60,727.88,719.48,594.99,1,-1,-1,-1
129,18,83.23,463.83,377.49,200.79,1,-1,-1,-1
129,25,1523.28,729.62,742.87,591.12,1,-1,-1,-1
130,18,81.40,458.10,355.37,193.30,1,-1,-1,-1
130,25,1797.13,720.10,743.28,588.74,1,-1,-1,-1
131,18,78.88,453.44,336.89,187.38,1,-1,-1,-1
131,25,2045.17,727.91,697.09,568.45,1,-1,-1,-1
132,18,75.44,448.51,324.75,184.80,1,-1,-1,-1
132,25,2325.21,724.58,695.68,567.31,1,-1,-1,-1
133,18,76.14,446.22,304.21,176.58,1,-1,-1,-1
134,18,75.34,442.15,288.98,171.09,1,-1,-1,-1
135,18,76.06,436.74,275.81,166.62,1,-1,-1,-1
136,18,76.01,431.54,263.80,162.50,1,-1,-1,-1
137,18,75.30,427.80,252.85,158.51,1,-1,-1,-1
138,18,74.14,423.90,241.87,153.88,1,-1,-1,-1
139,18,72.62,420.63,231.89,149.69,1,-1,-1,-1
140,18,73.10,418.95,219.92,143.60,1,-1,-1,-1
141,18,71.58,414.40,213.38,140.96,1,-1,-1,-1
142,18,72.35,412.93,203.84,136.10,1,-1,-1,-1
143,18,72.32,408.46,197.96,133.89,1,-1,-1,-1
144,18,71.81,405.64,191.45,131.23,1,-1,-1,-1
145,18,67.87,402.73,186.47,129.09,1,-1,-1,-1
146,18,67.58,401.82,178.34,124.40,1,-1,-1,-1
147,18,64.18,398.92,173.83,122.20,1,-1,-1,-1
148,18,62.15,395.95,169.00,119.52,1,-1,-1,-1
149,18,62.28,393.65,162.75,115.98,1,-1,-1,-1
150,18,60.28,392.28,157.68,112.81,1,-1,-1,-1
151,18,57.78,389.85,153.81,110.46,1,-1,-1,-1
152,18,58.54,389.78,148.27,107.03,1,-1,-1,-1
153,18,57.09,389.19,142.71,103.20,1,-1,-1,-1
154,18,55.84,388.40,137.87,99.93,1,-1,-1,-1
154,27,2136.61,503.01,344.83,344.70,1,-1,-1,-1
155,18,54.00,384.08,136.63,99.60,1,-1,-1,-1
155,27,2068.76,498.63,359.21,347.80,1,-1,-1,-1
156,18,50.55,379.90,136.00,99.59,1,-1,-1,-1
156,27,1996.01,496.22,382.90,353.38,1,-1,-1,-1
157,18,47.03,375.10,136.63,101.06,1,-1,-1,-1
157,27,1925.36,498.51,407.80,352.21,1,-1,-1,-1
158,18,45.88,374.10,132.22,98.32,1,-1,-1,-1
158,27,1846.87,498.95,442.28,352.15,1,-1,-1,-1
159,18,43.26,372.52,129.96,97.41,1,-1,-1,-1
159,27,1757.24,499.98,483.06,351.23,1,-1,-1,-1
160,18,42.41,372.71,125.22,94.46,1,-1,-1,-1
160,27,1638.05,499.83,525.96,352.07,1,-1,-1,-1
161,18,41.57,372.90,120.18,90.75,1,-1,-1,-1
161,27,1513.10,499.88,566.26,351.59,1,-1,-1,-1
162,18,39.85,371.02,118.13,89.50,1,-1,-1,-1
162,27,1379.98,497.99,606.69,352.62,1,-1,-1,-1
163,18,38.36,371.09,114.69,87.10,1,-1,-1,-1
163,27,1248.55,498.69,637.87,349.59,1,-1,-1,-1
164,18,38.95,371.88,109.47,82.92,1,-1,-1,-1
164,27,1128.49,500.37,664.95,345.68,1,-1,-1,-1
165,18,38.11,370.87,105.93,80.14,1,-1,-1,-1
165,27,1006.21,499.73,690.04,342.16,1,-1,-1,-1
166,18,34.32,367.81,107.15,81.33,1,-1,-1,-1
166,27,889.68,499.54,710.98,339.47,1,-1,-1,-1
167,18,33.88,369.47,101.93,77.08,1,-1,-1,-1
167,27,788.39,501.52,727.83,335.79,1,-1,-1,-1
168,18,30.99,366.05,102.40,77.69,1,-1,-1,-1
168,27,694.34,502.29,735.58,329.08,1,-1,-1,-1
169,18,29.15,364.21,102.36,77.95,1,-1,-1,-1
169,27,618.73,505.29,733.31,318.55,1,-1,-1,-1
170,18,27.51,361.57,101.85,77.45,1,-1,-1,-1
170,27,535.56,503.73,745.54,316.73,1,-1,-1,-1
171,18,24.06,359.32,102.21,78.00,1,-1,-1,-1
171,27,458.38,502.49,757.23,316.82,1,-1,-1,-1
172,18,25.27,363.89,93.60,70.91,1,-1,-1,-1
172,27,388.52,501.38,757.77,313.60,1,-1,-1,-1
173,18,22.07,361.59,94.60,71.77,1,-1,-1,-1
173,27,335.56,500.98,757.29,310.48,1,-1,-1,-1
173,28,339.89,771.88,470.86,664.04,1,-1,-1,-1
174,18,21.90,362.18,91.85,69.39,1,-1,-1,-1
174,27,301.55,501.51,696.06,281.97,1,-1,-1,-1
174,28,434.04,748.25,491.18,692.68,1,-1,-1,-1
175,18,24.81,367.91,83.15,61.77,1,-1,-1,-1
175,27,236.61,501.06,712.79,289.35,1,-1,-1,-1
176,18,24.06,368.67,80.46,59.09,1,-1,-1,-1
176,27,186.62,497.56,715.38,292.55,1,-1,-1,-1
176,29,825.35,752.76,1799.84,688.23,1,-1,-1,-1
177,18,22.18,367.52,80.89,58.98,1,-1,-1,-1
177,27,148.44,494.94,698.62,288.56,1,-1,-1,-1
177,29,1180.45,759.93,1702.46,661.25,1,-1,-1,-1
178,18,19.21,363.70,83.09,60.38,1,-1,-1,-1
178,27,116.08,491.30,679.31,284.51,1,-1,-1,-1
178,29,1482.47,757.90,1620.86,649.66,1,-1,-1,-1
179,18,15.54,359.65,87.22,63.64,1,-1,-1,-1
179,27,89.47,487.32,658.03,280.45,1,-1,-1,-1
179,29,1747.41,757.81,1595.55,639.52,1,-1,-1,-1
180,18,14.56,358.85,86.16,62.89,1,-1,-1,-1
180,27,74.60,484.56,619.17,268.33,1,-1,-1,-1
181,18,14.02,358.60,82.96,60.64,1,-1,-1,-1
181,27,59.98,480.89,592.57,261.96,1,-1,-1,-1
182,18,11.78,356.53,82.67,60.53,1,-1,-1,-1
182,27,50.42,478.97,559.35,253.05,1,-1,-1,-1
183,18,9.62,355.14,82.72,60.52,1,-1,-1,-1
183,27,41.78,475.63,535.96,248.66,1,-1,-1,-1
184,18,8.48,354.00,82.92,60.56,1,-1,-1,-1
184,27,35.28,469.75,508.98,242.52,1,-1,-1,-1
185,18,6.05,351.62,84.50,61.94,1,-1,-1,-1
185,27,32.27,463.63,479.40,234.39,1,-1,-1,-1
186,18,5.01,350.78,84.17,61.81,1,-1,-1,-1
186,27,28.15,459.48,455.51,228.95,1,-1,-1,-1
187,18,5.22,351.84,81.68,59.79,1,-1,-1,-1
187,27,27.28,456.08,430.51,222.45,1,-1,-1,-1
188,18,5.52,352.30,80.49,58.38,1,-1,-1,-1
188,27,27.25,451.58,407.09,216.24,1,-1,-1,-1
189,18,5.30,353.18,79.50,57.21,1,-1,-1,-1
189,27,26.90,447.36,385.14,210.16,1,-1,-1,-1
190,18,4.44,353.53,79.50,56.82,1,-1,-1,-1
190,27,28.73,441.89,364.38,204.12,1,-1,-1,-1
191,18,3.05,353.68,79.73,56.70,1,-1,-1,-1
191,27,31.63,435.98,346.68,199.46,1,-1,-1,-1
192,18,2.69,354.42,78.27,55.35,1,-1,-1,-1
192,27,33.17,431.97,330.48,195.30,1,-1,-1,-1
193,18,2.34,355.39,76.28,53.52,1,-1,-1,-1
193,27,38.93,427.97,311.37,188.58,1,-1,-1,-1
194,18,1.65,355.76,74.78,52.21,1,-1,-1,-1
194,27,43.02,423.97,294.18,182.30,1,-1,-1,-1
195,18,0.49,354.55,76.15,53.13,1,-1,-1,-1
195,27,44.67,419.98,281.01,178.24,1,-1,-1,-1
196,18,-1.77,353.44,77.06,54.14,1,-1,-1,-1
196,27,46.53,414.61,268.25,174.29,1,-1,-1,-1
197,18,-3.40,352.38,77.76,55.21,1,-1,-1,-1
197,27,49.46,410.81,253.57,168.32,1,-1,-1,-1
198,18,-3.36,351.99,76.80,54.97,1,-1,-1,-1
198,27,53.52,408.26,240.10,162.29,1,-1,-1,-1
199,18,-2.91,353.19,74.35,53.56,1,-1,-1,-1
199,27,57.03,406.85,228.17,156.95,1,-1,-1,-1
200,18,-3.43,354.33,72.91,53.05,1,-1,-1,-1
200,27,60.56,405.84,216.17,151.15,1,-1,-1,-1
201,18,-3.29,355.42,71.14,52.20,1,-1,-1,-1
201,27,63.32,403.56,204.96,145.20,1,-1,-1,-1
202,18,-2.82,357.17,68.41,50.57,1,-1,-1,-1
202,27,63.41,400.14,198.04,141.97,1,-1,-1,-1
203,18,-3.52,357.42,67.58,49.96,1,-1,-1,-1
203,27,64.23,398.37,189.82,137.61,1,-1,-1,-1
204,27,62.64,395.82,184.44,134.91,1,-1,-1,-1
205,27,63.77,397.78,173.52,127.30,1,-1,-1,-1
205,33,2041.62,499.22,402.57,344.46,1,-1,-1,-1
206,27,59.97,393.07,171.06,126.22,1,-1,-1,-1
206,33,1961.76,498.98,416.19,343.24,1,-1,-1,-1
207,27,57.77,389.47,166.19,123.25,1,-1,-1,-1
207,33,1914.23,498.68,415.31,342.51,1,-1,-1,-1
208,27,57.08,388.29,160.68,119.65,1,-1,-1,-1
209,27,54.87,385.24,157.65,117.87,1,-1,-1,-1
210,27,53.50,385.63,151.33,113.30,1,-1,-1,-1
211,27,48.55,381.07,151.59,113.91,1,-1,-1,-1
212,27,45.00,376.83,150.86,114.24,1,-1,-1,-1
212,36,911.34,412.72,1244.90,416.53,1,-1,-1,-1
213,27,41.92,371.33,150.52,115.15,1,-1,-1,-1
213,36,853.27,459.73,1091.40,365.12,1,-1,-1,-1
214,27,40.24,369.42,145.82,112.24,1,-1,-1,-1
214,36,769.25,483.38,1001.59,334.75,1,-1,-1,-1
215,27,40.92,370.89,138.54,107.22,1,-1,-1,-1
215,36,680.33,491.25,966.21,322.78,1,-1,-1,-1
216,27,39.92,370.89,134.05,104.14,1,-1,-1,-1
216,36,592.66,492.73,943.27,315.07,1,-1,-1,-1
216,38,-0.64,363.00,46.04,42.02,1,-1,-1,-1
217,27,38.78,371.66,128.90,100.42,1,-1,-1,-1
217,36,501.35,492.23,932.27,312.27,1,-1,-1,-1
217,38,0.94,363.76,45.36,41.29,1,-1,-1,-1
218,27,36.31,369.98,126.08,98.52,1,-1,-1,-1
218,36,420.18,489.75,922.77,310.32,1,-1,-1,-1
218,38,1.49,364.02,45.22,41.16,1,-1,-1,-1
219,27,35.47,369.45,121.90,95.23,1,-1,-1,-1
219,36,349.55,487.32,901.61,305.14,1,-1,-1,-1
220,27,34.92,370.02,117.84,92.11,1,-1,-1,-1
220,36,281.53,484.94,885.99,302.94,1,-1,-1,-1
221,27,32.80,366.86,117.84,92.50,1,-1,-1,-1
221,36,221.09,481.96,864.68,299.69,1,-1,-1,-1
222,27,31.36,365.10,116.74,92.04,1,-1,-1,-1
222,36,172.76,479.47,833.32,293.32,1,-1,-1,-1
222,39,-4.58,365.19,49.33,39.81,1,-1,-1,-1
223,27,29.65,363.17,113.60,89.95,1,-1,-1,-1
223,36,138.46,475.81,790.47,283.09,1,-1,-1,-1
223,39,-4.82,365.57,49.41,40.17,1,-1,-1,-1
224,27,29.85,362.54,109.07,86.57,1,-1,-1,-1
224,36,105.57,473.10,756.18,276.22,1,-1,-1,-1
224,39,-5.66,365.12,50.27,40.86,1,-1,-1,-1
225,27,27.81,361.70,106.49,84.76,1,-1,-1,-1
225,36,79.74,469.41,720.58,269.25,1,-1,-1,-1
226,27,27.73,362.14,102.49,81.47,1,-1,-1,-1
226,36,60.01,464.70,688.12,263.60,1,-1,-1,-1
227,27,26.68,360.99,101.33,80.40,1,-1,-1,-1
227,36,48.40,460.32,645.08,253.65,1,-1,-1,-1
228,27,24.94,359.27,101.13,80.10,1,-1,-1,-1
228,36,36.75,456.06,607.04,245.56,1,-1,-1,-1
229,27,22.74,358.69,99.69,78.72,1,-1,-1,-1
229,36,30.80,451.88,567.42,236.10,1,-1,-1,-1
230,27,22.61,359.21,96.01,75.59,1,-1,-1,-1
230,36,23.35,447.74,536.95,230.30,1,-1,-1,-1
231,27,21.17,358.77,93.63,73.17,1,-1,-1,-1
231,36,15.75,442.26,507.44,224.42,1,-1,-1,-1
232,27,18.08,357.97,93.35,72.39,1,-1,-1,-1
232,36,10.19,436.30,483.53,220.57,1,-1,-1,-1
232,43,2203.13,578.46,282.39,262.24,1,-1,-1,-1
233,27,17.85,357.71,90.35,69.47,1,-1,-1,-1
233,36,8.40,432.26,453.67,213.32,1,-1,-1,-1
233,43,2129.03,575.13,297.97,265.85,1,-1,-1,-1
234,27,15.37,358.35,88.15,67.13,1,-1,-1,-1
234,36,8.50,426.15,425.47,206.21,1,-1,-1,-1
234,43,2050.02,574.14,320.29,268.33,1,-1,-1,-1
235,27,11.78,355.17,90.26,68.45,1,-1,-1,-1
235,36,10.87,420.70,401.10,200.53,1,-1,-1,-1
235,43,1967.25,572.93,346.94,266.63,1,-1,-1,-1
236,27,9.77,352.73,91.95,69.63,1,-1,-1,-1
236,36,14.79,418.24,374.09,192.62,1,-1,-1,-1
236,43,1849.04,574.95,372.82,262.82,1,-1,-1,-1
237,27,7.63,351.20,92.90,70.12,1,-1,-1,-1
237,36,15.55,412.73,357.00,189.41,1,-1,-1,-1
237,43,1713.60,575.35,400.86,260.40,1,-1,-1,-1
238,27,6.90,352.00,89.99,67.69,1,-1,-1,-1
238,36,21.05,408.88,335.08,183.05,1,-1,-1,-1
238,43,1576.30,575.73,429.12,258.63,1,-1,-1,-1
239,27,7.70,351.69,88.35,66.15,1,-1,-1,-1
239,36,25.25,405.62,314.88,176.93,1,-1,-1,-1
239,43,1442.99,574.04,457.75,257.81,1,-1,-1,-1
240,27,6.39,351.62,87.07,64.97,1,-1,-1,-1
240,36,32.58,402.58,293.92,169.52,1,-1,-1,-1
240,43,1312.36,573.56,482.21,255.38,1,-1,-1,-1
241,27,2.89,349.60,87.42,65.26,1,-1,-1,-1
241,36,36.33,398.23,279.21,165.11,1,-1,-1,-1
241,43,1187.70,572.86,504.88,253.69,1,-1,-1,-1
242,27,1.77,348.89,87.38,65.41,1,-1,-1,-1
242,36,39.38,394.10,266.50,161.75,1,-1,-1,-1
242,43,1068.71,572.72,522.58,250.99,1,-1,-1,-1
243,27,1.09,347.99,87.40,65.50,1,-1,-1,-1
243,36,40.57,392.11,251.42,156.00,1,-1,-1,-1
243,43,959.63,572.79,536.40,247.91,1,-1,-1,-1
244,27,1.31,347.70,85.96,64.24,1,-1,-1,-1
244,36,40.81,390.89,238.11,150.77,1,-1,-1,-1
244,43,857.16,572.91,547.20,244.06,1,-1,-1,-1
245,27,1.10,349.64,85.50,63.80,1,-1,-1,-1
245,36,43.40,390.62,223.35,143.65,1,-1,-1,-1
245,43,760.92,570.36,558.15,241.94,1,-1,-1,-1
246,27,0.94,349.71,83.62,62.33,1,-1,-1,-1
246,36,45.99,388.61,211.83,138.63,1,-1,-1,-1
246,43,671.48,566.82,568.87,241.17,1,-1,-1,-1
247,27,1.29,349.76,82.24,61.15,1,-1,-1,-1
247,36,46.04,385.25,204.91,136.43,1,-1,-1,-1
247,43,595.33,568.24,563.22,234.23,1,-1,-1,-1
248,27,1.99,351.15,79.37,58.73,1,-1,-1,-1
248,36,41.37,380.74,199.53,134.49,1,-1,-1,-1
248,43,522.70,567.53,564.01,231.64,1,-1,-1,-1
249,27,-0.44,350.99,77.71,57.88,1,-1,-1,-1
249,36,44.49,379.94,190.17,129.91,1,-1,-1,-1
249,43,461.27,563.98,561.54,229.40,1,-1,-1,-1
250,27,-0.38,352.30,75.33,56.26,1,-1,-1,-1
250,36,45.14,377.74,183.12,127.11,1,-1,-1,-1
250,43,400.22,558.04,562.61,229.97,1,-1,-1,-1
251,27,-4.27,351.42,77.00,58.44,1,-1,-1,-1
251,36,44.99,377.07,173.77,122.19,1,-1,-1,-1
251,43,348.10,552.58,553.63,227.57,1,-1,-1,-1
252,27,-3.59,351.11,74.85,57.25,1,-1,-1,-1
252,36,43.55,375.58,166.99,118.58,1,-1,-1,-1
252,43,307.18,546.62,542.02,224.72,1,-1,-1,-1
253,27,-2.95,354.36,69.42,53.47,1,-1,-1,-1
253,36,39.75,371.71,164.18,118.18,1,-1,-1,-1
253,43,274.81,542.51,519.62,217.69,1,-1,-1,-1
254,27,-2.65,357.64,65.39,50.73,1,-1,-1,-1
254,36,38.75,369.74,158.87,115.46,1,-1,-1,-1
254,43,250.15,539.10,494.38,209.75,1,-1,-1,-1
255,27,-0.85,360.16,60.72,47.06,1,-1,-1,-1
255,36,38.98,370.51,150.21,109.87,1,-1,-1,-1
255,43,228.92,535.28,473.93,204.23,1,-1,-1,-1
256,27,-0.36,360.32,60.94,47.22,1,-1,-1,-1
256,36,38.40,368.84,145.57,107.35,1,-1,-1,-1
256,43,209.56,530.64,454.59,199.64,1,-1,-1,-1
257,27,-1.07,358.99,60.78,47.31,1,-1,-1,-1
257,36,36.09,366.96,142.41,105.93,1,-1,-1,-1
257,43,197.60,525.70,431.42,193.36,1,-1,-1,-1
258,27,-1.45,358.48,59.70,46.72,1,-1,-1,-1
258,36,35.34,365.00,138.84,104.20,1,-1,-1,-1
258,43,188.08,521.33,408.69,187.14,1,-1,-1,-1
259,27,-1.85,358.85,58.28,45.62,1,-1,-1,-1
259,36,33.87,363.70,134.25,101.67,1,-1,-1,-1
259,43,180.96,515.82,388.02,181.64,1,-1,-1,-1
260,36,32.51,362.63,130.57,99.54,1,-1,-1,-1
260,43,171.48,509.90,372.72,178.48,1,-1,-1,-1
261,36,31.18,362.32,126.55,96.85,1,-1,-1,-1
261,43,164.62,503.85,355.21,174.11,1,-1,-1,-1
262,36,31.40,362.97,120.68,92.60,1,-1,-1,-1
262,43,157.97,499.12,340.42,170.66,1,-1,-1,-1
263,36,29.89,361.21,117.35,90.52,1,-1,-1,-1
263,43,154.31,494.87,321.00,164.15,1,-1,-1,-1
264,36,29.86,361.33,112.73,87.17,1,-1,-1,-1
264,43,147.22,488.07,307.66,160.61,1,-1,-1,-1
265,36,29.59,362.12,107.86,83.35,1,-1,-1,-1
265,43,140.30,482.40,295.71,157.47,1,-1,-1,-1
266,36,29.13,362.46,103.74,80.06,1,-1,-1,-1
266,43,131.75,475.79,286.91,155.84,1,-1,-1,-1
266,45,-1.56,356.42,38.44,47.57,1,-1,-1,-1
267,36,29.71,366.08,96.28,73.50,1,-1,-1,-1
267,43,127.06,471.57,272.77,150.66,1,-1,-1,-1
267,45,-4.59,357.96,36.75,46.00,1,-1,-1,-1
268,36,24.01,360.33,100.93,77.04,1,-1,-1,-1
268,43,121.65,467.54,258.36,144.85,1,-1,-1,-1
268,45,-5.28,358.33,35.98,45.63,1,-1,-1,-1
269,36,21.36,357.78,100.66,76.85,1,-1,-1,-1
269,43,115.72,464.27,246.85,140.20,1,-1,-1,-1
269,45,-4.70,359.85,34.33,44.12,1,-1,-1,-1
270,36,20.35,358.23,98.23,74.87,1,-1,-1,-1
270,43,108.29,459.19,239.48,138.04,1,-1,-1,-1
270,45,-3.67,358.85,35.19,45.85,1,-1,-1,-1
271,36,17.98,355.72,98.25,74.94,1,-1,-1,-1
271,43,99.89,453.46,232.87,136.06,1,-1,-1,-1
271,45,-4.16,359.58,34.71,45.23,1,-1,-1,-1
272,36,17.19,355.53,95.65,73.01,1,-1,-1,-1
272,43,94.11,450.24,222.63,131.43,1,-1,-1,-1
273,36,14.88,352.12,96.32,73.75,1,-1,-1,-1
273,43,86.78,444.50,217.45,129.93,1,-1,-1,-1
274,36,13.02,351.60,94.10,72.06,1,-1,-1,-1
274,43,80.65,439.91,210.98,127.49,1,-1,-1,-1
275,36,13.15,352.82,89.86,68.80,1,-1,-1,-1
275,43,75.46,436.41,203.05,124.03,1,-1,-1,-1
276,36,11.13,352.65,87.27,66.31,1,-1,-1,-1
276,43,71.68,433.99,193.77,119.52,1,-1,-1,-1
277,36,8.94,351.94,86.78,65.51,1,-1,-1,-1
277,43,67.71,430.58,186.71,115.99,1,-1,-1,-1
278,36,7.18,351.04,86.73,65.28,1,-1,-1,-1
278,43,62.38,426.81,182.21,114.20,1,-1,-1,-1
279,36,5.95,350.74,85.38,63.91,1,-1,-1,-1
279,43,60.06,424.26,175.61,110.97,1,-1,-1,-1
280,36,3.51,349.99,85.04,63.48,1,-1,-1,-1
280,43,58.08,422.16,167.75,106.53,1,-1,-1,-1
281,36,1.66,349.75,85.02,63.38,1,-1,-1,-1
281,43,55.88,420.90,162.10,103.71,1,-1,-1,-1
282,36,0.82,349.02,84.18,62.72,1,-1,-1,-1
282,43,54.17,417.86,155.94,100.80,1,-1,-1,-1
283,36,0.38,348.78,83.00,61.86,1,-1,-1,-1
283,43,50.41,412.80,154.04,100.59,1,-1,-1,-1
283,46,318.69,603.42,632.52,851.96,1,-1,-1,-1
284,36,-0.68,348.04,82.52,61.59,1,-1,-1,-1
284,43,49.20,411.12,148.97,97.91,1,-1,-1,-1
284,46,599.31,589.32,683.24,863.51,1,-1,-1,-1
285,36,-0.60,350.48,78.88,58.85,1,-1,-1,-1
285,43,48.75,408.62,144.56,95.70,1,-1,-1,-1
285,46,754.02,564.74,703.33,888.90,1,-1,-1,-1
286,36,-1.27,351.43,76.44,57.20,1,-1,-1,-1
286,43,48.44,407.18,138.47,92.29,1,-1,-1,-1
287,36,-0.72,353.14,72.09,53.93,1,-1,-1,-1
287,43,46.96,405.44,134.19,89.82,1,-1,-1,-1
288,36,-1.26,351.69,72.20,54.20,1,-1,-1,-1
288,43,45.46,403.57,129.70,87.01,1,-1,-1,-1
289,36,-0.97,353.90,71.38,53.65,1,-1,-1,-1
289,43,43.21,400.97,125.88,84.75,1,-1,-1,-1
290,36,-1.87,353.35,72.56,54.85,1,-1,-1,-1
290,43,40.29,397.41,125.15,84.75,1,-1,-1,-1
291,36,-2.06,353.15,72.80,55.32,1,-1,-1,-1
291,43,38.50,395.55,122.71,83.48,1,-1,-1,-1
292,36,-2.94,351.74,73.29,56.20,1,-1,-1,-1
292,43,37.51,394.32,118.89,81.08,1,-1,-1,-1
293,36,-2.80,353.20,70.64,54.56,1,-1,-1,-1
293,43,36.25,391.95,116.35,79.63,1,-1,-1,-1
294,36,-2.86,353.76,69.30,53.97,1,-1,-1,-1
294,43,36.15,390.51,112.40,77.16,1,-1,-1,-1
294,54,1811.96,370.51,506.19,592.74,1,-1,-1,-1
295,36,-1.72,356.64,64.57,50.43,1,-1,-1,-1
295,43,34.51,388.74,109.79,75.68,1,-1,-1,-1
295,54,1635.12,367.98,543.74,599.70,1,-1,-1,-1
296,36,-1.80,357.71,62.56,49.14,1,-1,-1,-1
296,43,33.15,386.83,106.66,73.87,1,-1,-1,-1
296,54,1345.40,362.37,588.12,606.01,1,-1,-1,-1
297,36,-2.30,358.08,61.51,48.72,1,-1,-1,-1
297,43,31.96,384.88,104.54,72.62,1,-1,-1,-1
297,54,1003.33,369.88,628.23,603.62,1,-1,-1,-1
298,36,-3.20,358.19,60.62,48.60,1,-1,-1,-1
298,43,30.32,384.26,101.75,70.90,1,-1,-1,-1
298,54,642.11,375.58,669.73,601.05,1,-1,-1,-1
299,36,-3.52,358.21,59.02,47.92,1,-1,-1,-1
299,43,30.32,383.45,97.14,67.63,1,-1,-1,-1
299,54,321.15,375.66,717.33,609.55,1,-1,-1,-1
300,36,-4.15,358.61,58.01,47.10,1,-1,-1,-1
300,43,28.40,381.63,94.13,65.53,1,-1,-1,-1
300,54,113.04,370.98,730.48,604.40,1,-1,-1,-1
301,54,-54.67,371.29,731.67,609.03,1,-1,-1,-1
302,54,-198.85,368.77,720.93,623.35,1,-1,-1,-1
303,54,-408.50,367.60,726.05,627.78,1,-1,-1,-1
305,55,-1.45,362.03,37.45,42.16,1,-1,-1,-1
305,56,25.31,381.37,79.58,55.24,1,-1,-1,-1
306,55,-2.77,362.87,36.94,41.84,1,-1,-1,-1
306,56,22.09,378.07,82.12,56.98,1,-1,-1,-1
307,55,-3.00,363.10,37.29,42.54,1,-1,-1,-1
307,56,20.54,375.64,81.96,56.78,1,-1,-1,-1
308,55,-0.73,370.33,35.67,40.64,1,-1,-1,-1
308,56,19.32,374.86,79.87,55.32,1,-1,-1,-1
309,55,-0.72,372.39,35.10,39.99,1,-1,-1,-1
309,56,17.67,373.23,78.23,54.14,1,-1,-1,-1
310,56,17.74,372.72,75.85,52.36,1,-1,-1,-1
311,56,17.81,373.30,72.33,49.69,1,-1,-1,-1
312,56,12.77,368.64,77.90,53.73,1,-1,-1,-1
312,62,0.66,371.00,29.27,46.10,1,-1,-1,-1
313,56,10.47,366.41,76.99,53.10,1,-1,-1,-1
313,62,1.08,371.00,30.29,47.70,1,-1,-1,-1
314,56,6.13,363.61,79.04,54.90,1,-1,-1,-1
315,56,3.45,362.63,78.12,54.25,1,-1,-1,-1
316,56,2.11,362.34,75.95,52.67,1,-1,-1,-1
317,56,1.43,361.64,75.70,52.77,1,-1,-1,-1
318,56,-0.36,360.76,75.50,52.81,1,-1,-1,-1
319,56,-0.63,360.48,73.47,51.51,1,-1,-1,-1
320,56,-1.85,360.44,72.45,51.03,1,-1,-1,-1
321,56,-1.64,360.47,70.91,50.20,1,-1,-1,-1
322,56,-2.48,359.85,70.99,50.59,1,-1,-1,-1
323,56,-3.19,358.99,70.60,50.74,1,-1,-1,-1
324,56,-3.18,359.37,67.38,48.82,1,-1,-1,-1
325,56,-3.72,359.56,64.73,47.43,1,-1,-1,-1
326,56,-5.17,358.30,65.71,48.97,1,-1,-1,-1
327,56,-4.86,358.53,63.81,48.22,1,-1,-1,-1
328,56,-5.12,358.65,63.32,48.61,1,-1,-1,-1
329,56,-5.10,359.37,61.66,48.11,1,-1,-1,-1
330,56,-5.92,359.67,60.16,47.93,1,-1,-1,-1
331,56,-7.28,359.79,58.46,47.88,1,-1,-1,-1
332,56,-7.10,361.18,54.58,45.87,1,-1,-1,-1
333,56,-5.85,363.07,50.21,43.10,1,-1,-1,-1
334,56,-4.72,364.45,47.42,41.43,1,-1,-1,-1
335,56,-4.32,364.93,45.15,40.18,1,-1,-1,-1
336,56,-4.55,364.40,44.52,40.45,1,-1,-1,-1
337,56,-4.60,364.88,42.96,39.90,1,-1,-1,-1
338,56,-5.27,365.14,42.18,39.18,1,-1,-1,-1
441,66,72.81,655.75,402.50,778.66,1,-1,-1,-1
442,66,133.59,654.59,454.90,857.38,1,-1,-1,-1
443,66,206.49,660.17,517.56,934.75,1,-1,-1,-1
444,66,283.94,671.22,590.85,1006.30,1,-1,-1,-1
445,66,370.73,689.98,677.39,1067.68,1,-1,-1,-1
446,66,467.83,711.04,790.16,1135.77,1,-1,-1,-1
447,66,532.09,713.64,834.06,1198.87,1,-1,-1,-1
